(0)
A = 
{(11, 13, 8, 2, 9, 12, 7, 3, 6, 4, 1, 10, 5), (7, 13, 5, 9, 8, 4, 1, 12, 11, 3, 2, 10, 6), (2, 7, 10, 5, 6, 13, 11, 3, 4, 8, 12, 1, 9)}
M(A) = 
[[10, 1, 4, 6, 3, 12, 9, 2, 8, 11, 5, 13, 7]]
Distance: 65
M(A) inter A:
set()
(1)
A = 
{(12, 9, 11, 8, 7, 13, 4, 10, 6, 1, 3, 5, 2), (9, 6, 11, 2, 4, 7, 5, 1, 8, 3, 13, 10, 12), (12, 10, 9, 8, 2, 11, 6, 7, 13, 5, 3, 4, 1)}
M(A) = 
[[3, 1, 5, 10, 4, 13, 7, 2, 6, 8, 11, 9, 12]]
Distance: 54
M(A) inter A:
set()
(2)
A = 
{(12, 5, 10, 7, 11, 1, 8, 13, 2, 6, 4, 9, 3), (7, 5, 11, 12, 8, 10, 13, 6, 3, 4, 2, 9, 1), (9, 7, 5, 4, 3, 12, 8, 6, 1, 11, 2, 10, 13)}
M(A) = 
[[2, 1, 3, 9, 4, 6, 13, 10, 8, 11, 12, 5, 7]]
Distance: 51
M(A) inter A:
set()
(3)
A = 
{(8, 6, 9, 10, 4, 5, 1, 13, 11, 12, 7, 2, 3), (10, 12, 8, 7, 11, 13, 5, 2, 1, 4, 3, 6, 9), (5, 2, 13, 10, 8, 12, 1, 9, 4, 11, 3, 6, 7)}
M(A) = 
[[7, 6, 3, 11, 4, 9, 1, 2, 12, 13, 5, 8, 10], [3, 7, 6, 11, 4, 9, 1, 2, 12, 13, 5, 8, 10], [6, 3, 7, 11, 4, 9, 1, 2, 12, 13, 5, 8, 10]]
Distance: 59
M(A) inter A:
set()
(4)
A = 
{(12, 7, 6, 9, 3, 4, 5, 1, 10, 2, 8, 13, 11), (6, 9, 1, 4, 2, 11, 5, 10, 3, 8, 12, 13, 7), (9, 6, 1, 12, 5, 7, 10, 2, 8, 3, 4, 11, 13)}
M(A) = 
[[6, 9, 1, 12, 4, 5, 7, 10, 2, 3, 8, 11, 13], [6, 9, 1, 12, 5, 7, 4, 10, 2, 3, 8, 11, 13], [6, 9, 1, 12, 7, 4, 5, 10, 2, 3, 8, 11, 13]]
Distance: 43
M(A) inter A:
set()
(5)
A = 
{(8, 7, 5, 9, 12, 4, 13, 10, 6, 2, 3, 11, 1), (5, 2, 13, 10, 4, 3, 1, 7, 12, 8, 6, 9, 11), (5, 13, 12, 10, 9, 4, 2, 11, 3, 1, 7, 8, 6)}
M(A) = 
[[11, 6, 8, 7, 1, 3, 2, 4, 9, 10, 12, 13, 5]]
Distance: 50
M(A) inter A:
set()
(6)
A = 
{(1, 6, 5, 9, 3, 7, 11, 2, 12, 4, 10, 13, 8), (3, 13, 2, 5, 8, 7, 4, 6, 12, 1, 11, 10, 9), (1, 5, 8, 3, 7, 4, 10, 12, 9, 2, 13, 11, 6)}
M(A) = 
[[1, 5, 3, 2, 8, 7, 4, 6, 12, 10, 9, 13, 11], [1, 5, 3, 7, 2, 8, 4, 6, 12, 10, 9, 13, 11], [1, 5, 3, 8, 7, 2, 4, 6, 12, 10, 9, 13, 11]]
Distance: 61
M(A) inter A:
set()
(7)
A = 
{(11, 1, 2, 3, 5, 7, 4, 8, 6, 13, 9, 12, 10), (2, 1, 5, 7, 3, 4, 6, 11, 9, 10, 13, 8, 12), (1, 6, 12, 4, 13, 3, 10, 9, 5, 7, 8, 2, 11)}
M(A) = 
[[1, 2, 3, 5, 7, 4, 6, 11, 13, 9, 8, 12, 10], [1, 2, 3, 5, 7, 4, 6, 11, 13, 9, 10, 8, 12], [1, 2, 3, 5, 7, 4, 6, 11, 13, 9, 12, 10, 8]]
Distance: 55
M(A) inter A:
set()
(8)
A = 
{(3, 10, 9, 11, 1, 4, 13, 2, 6, 5, 8, 12, 7), (9, 7, 13, 10, 12, 3, 8, 2, 11, 6, 1, 5, 4), (4, 8, 7, 9, 5, 10, 12, 13, 3, 6, 2, 1, 11)}
M(A) = 
[[5, 1, 6, 11, 2, 12, 8, 3, 13, 10, 7, 4, 9], [5, 1, 6, 11, 2, 3, 12, 8, 13, 10, 7, 4, 9], [5, 1, 6, 11, 2, 8, 3, 12, 13, 10, 7, 4, 9], [5, 1, 6, 11, 2, 12, 8, 13, 4, 3, 10, 7, 9], [5, 1, 6, 11, 2, 12, 8, 3, 13, 4, 10, 7, 9], [5, 1, 6, 11, 2, 3, 12, 8, 13, 4, 10, 7, 9], [5, 1, 6, 11, 2, 8, 3, 12, 13, 4, 10, 7, 9], [5, 1, 6, 11, 2, 12, 8, 4, 3, 13, 10, 7, 9], [5, 1, 6, 11, 2, 12, 8, 3, 13, 7, 4, 10, 9], [5, 1, 6, 11, 2, 3, 12, 8, 13, 7, 4, 10, 9], [5, 1, 6, 11, 2, 8, 3, 12, 13, 7, 4, 10, 9], [5, 1, 6, 11, 2, 3, 12, 13, 7, 8, 4, 10, 9], [5, 1, 6, 11, 2, 3, 12, 7, 8, 13, 4, 10, 9]]
Distance: 67
M(A) inter A:
set()
(9)
A = 
{(4, 9, 11, 12, 13, 6, 3, 10, 1, 8, 2, 7, 5), (7, 9, 13, 10, 12, 8, 11, 4, 5, 2, 1, 6, 3), (7, 13, 11, 9, 6, 3, 10, 8, 12, 2, 1, 5, 4)}
M(A) = 
[[5, 1, 2, 8, 3, 6, 4, 12, 10, 11, 13, 9, 7], [5, 1, 2, 8, 10, 3, 6, 4, 12, 11, 13, 9, 7], [5, 1, 2, 4, 8, 10, 3, 6, 12, 11, 13, 9, 7]]
Distance: 50
M(A) inter A:
set()
(10)
A = 
{(12, 2, 6, 7, 13, 8, 4, 11, 10, 5, 1, 9, 3), (3, 6, 12, 4, 1, 5, 2, 8, 10, 7, 9, 13, 11), (5, 10, 8, 11, 4, 12, 7, 6, 1, 9, 2, 3, 13)}
M(A) = 
[[12, 6, 4, 5, 2, 8, 10, 7, 11, 1, 9, 3, 13]]
Distance: 63
M(A) inter A:
set()
(11)
A = 
{(1, 7, 3, 12, 4, 6, 11, 2, 13, 10, 5, 9, 8), (4, 5, 6, 10, 2, 3, 9, 7, 11, 8, 1, 13, 12), (3, 10, 1, 7, 8, 2, 6, 12, 13, 9, 5, 4, 11)}
M(A) = 
[[3, 1, 7, 4, 6, 10, 2, 12, 5, 9, 11, 8, 13], [3, 1, 7, 4, 6, 10, 2, 12, 13, 5, 9, 11, 8], [3, 10, 1, 7, 4, 6, 2, 12, 5, 9, 11, 8, 13], [3, 10, 1, 7, 4, 6, 2, 12, 13, 5, 9, 11, 8]]
Distance: 65
M(A) inter A:
set()
(12)
A = 
{(13, 10, 11, 12, 8, 9, 4, 6, 7, 2, 3, 5, 1), (11, 8, 10, 12, 3, 13, 5, 9, 7, 2, 6, 1, 4), (4, 10, 11, 9, 2, 6, 7, 13, 5, 8, 1, 12, 3)}
M(A) = 
[[1, 5, 3, 7, 6, 2, 4, 9, 12, 8, 13, 11, 10], [1, 5, 3, 2, 7, 6, 4, 9, 12, 8, 13, 11, 10], [1, 5, 3, 6, 2, 7, 4, 9, 12, 8, 13, 11, 10]]
Distance: 49
M(A) inter A:
set()
(13)
A = 
{(2, 4, 1, 3, 8, 6, 5, 12, 7, 9, 10, 11, 13), (8, 7, 1, 3, 2, 12, 11, 13, 6, 4, 5, 9, 10), (7, 13, 10, 1, 8, 9, 5, 11, 12, 3, 6, 2, 4)}
M(A) = 
[[1, 8, 7, 3, 2, 12, 11, 13, 6, 4, 5, 9, 10], [1, 8, 7, 3, 2, 12, 13, 6, 4, 5, 9, 10, 11], [7, 1, 8, 3, 2, 12, 11, 13, 6, 4, 5, 9, 10], [7, 1, 8, 3, 2, 12, 13, 6, 4, 5, 9, 10, 11], [8, 7, 1, 3, 2, 12, 11, 13, 6, 4, 5, 9, 10], [8, 7, 1, 3, 2, 12, 13, 6, 4, 5, 9, 10, 11]]
Distance: 66
M(A) inter A:
{(8, 7, 1, 3, 2, 12, 11, 13, 6, 4, 5, 9, 10)}
(14)
A = 
{(12, 5, 2, 8, 7, 9, 11, 6, 3, 10, 1, 13, 4), (2, 1, 6, 11, 13, 10, 4, 3, 9, 5, 7, 12, 8), (2, 13, 9, 8, 12, 4, 11, 1, 5, 3, 6, 7, 10)}
M(A) = 
[[2, 9, 12, 8, 11, 1, 6, 13, 4, 5, 3, 7, 10], [2, 13, 9, 12, 8, 11, 1, 4, 5, 6, 3, 7, 10], [2, 13, 9, 12, 8, 11, 1, 5, 6, 4, 3, 7, 10], [2, 13, 9, 12, 8, 11, 1, 6, 4, 5, 3, 7, 10]]
Distance: 69
M(A) inter A:
set()
(15)
A = 
{(13, 6, 12, 2, 9, 11, 8, 4, 1, 5, 3, 7, 10), (13, 12, 11, 1, 10, 6, 2, 9, 4, 8, 5, 3, 7), (3, 9, 5, 2, 12, 6, 11, 10, 4, 7, 13, 8, 1)}
M(A) = 
[[7, 10, 3, 5, 1, 8, 4, 11, 9, 2, 6, 12, 13]]
Distance: 54
M(A) inter A:
set()
(16)
A = 
{(8, 11, 13, 5, 4, 9, 2, 12, 1, 3, 7, 10, 6), (12, 11, 13, 5, 7, 6, 3, 4, 2, 10, 9, 8, 1), (9, 5, 6, 10, 13, 2, 1, 8, 12, 3, 4, 11, 7)}
M(A) = 
[[10, 7, 4, 3, 1, 12, 8, 2, 6, 9, 5, 13, 11], [10, 7, 1, 4, 3, 12, 8, 2, 6, 9, 5, 13, 11], [7, 1, 10, 4, 3, 12, 8, 2, 6, 9, 5, 13, 11], [1, 10, 7, 4, 3, 12, 8, 2, 6, 9, 5, 13, 11], [10, 7, 3, 1, 4, 12, 8, 2, 6, 9, 5, 13, 11]]
Distance: 70
M(A) inter A:
set()
(17)
A = 
{(4, 1, 9, 10, 12, 5, 3, 7, 2, 11, 8, 13, 6), (13, 2, 4, 8, 1, 6, 9, 7, 12, 5, 11, 3, 10), (4, 3, 6, 1, 11, 7, 5, 2, 8, 12, 13, 9, 10)}
M(A) = 
[[4, 1, 2, 6, 9, 7, 12, 5, 3, 11, 8, 13, 10], [4, 1, 3, 2, 6, 9, 7, 12, 5, 11, 8, 13, 10], [4, 1, 3, 2, 8, 6, 9, 7, 12, 5, 11, 13, 10], [4, 1, 3, 7, 2, 8, 6, 9, 12, 5, 11, 13, 10], [4, 1, 6, 9, 7, 12, 5, 3, 2, 11, 8, 13, 10]]
Distance: 70
M(A) inter A:
set()
(18)
A = 
{(13, 11, 9, 10, 3, 8, 2, 5, 1, 6, 12, 4, 7), (9, 13, 12, 10, 8, 7, 5, 11, 1, 6, 4, 3, 2), (10, 11, 6, 9, 7, 8, 5, 13, 2, 4, 12, 3, 1)}
M(A) = 
[[4, 1, 2, 3, 7, 12, 6, 5, 8, 11, 10, 13, 9]]
Distance: 50
M(A) inter A:
set()
(19)
A = 
{(4, 8, 6, 9, 11, 2, 5, 1, 12, 3, 10, 13, 7), (10, 4, 8, 1, 13, 7, 12, 2, 5, 11, 9, 6, 3), (1, 2, 7, 4, 10, 5, 6, 3, 8, 11, 13, 12, 9)}
M(A) = 
[[4, 8, 1, 2, 10, 7, 5, 6, 11, 13, 12, 9, 3]]
Distance: 60
M(A) inter A:
set()
(20)
A = 
{(1, 4, 6, 9, 3, 7, 5, 2, 8, 13, 12, 10, 11), (11, 9, 3, 12, 7, 5, 6, 1, 2, 13, 8, 4, 10), (1, 3, 10, 2, 5, 6, 4, 11, 8, 7, 12, 13, 9)}
M(A) = 
[[1, 3, 5, 6, 2, 4, 11, 9, 7, 8, 12, 13, 10], [1, 3, 5, 6, 4, 11, 9, 7, 2, 8, 12, 13, 10], [1, 9, 3, 5, 6, 2, 4, 11, 7, 8, 12, 13, 10]]
Distance: 65
M(A) inter A:
set()
(21)
A = 
{(12, 6, 1, 5, 3, 9, 7, 11, 2, 4, 8, 10, 13), (3, 1, 8, 9, 6, 5, 2, 4, 11, 10, 13, 12, 7), (1, 2, 4, 6, 5, 8, 3, 7, 11, 9, 13, 10, 12)}
M(A) = 
[[1, 6, 5, 3, 9, 2, 4, 8, 7, 11, 10, 13, 12]]
Distance: 46
M(A) inter A:
set()
(22)
A = 
{(1, 10, 8, 5, 9, 13, 2, 12, 7, 6, 11, 3, 4), (8, 1, 6, 5, 12, 2, 3, 11, 9, 7, 4, 13, 10), (13, 8, 6, 9, 4, 1, 2, 10, 7, 11, 3, 5, 12)}
M(A) = 
[[8, 1, 6, 5, 9, 13, 2, 10, 12, 7, 11, 3, 4]]
Distance: 56
M(A) inter A:
set()
(23)
A = 
{(4, 6, 9, 8, 1, 10, 12, 5, 11, 2, 13, 3, 7), (8, 11, 9, 7, 4, 13, 1, 3, 5, 10, 2, 12, 6), (3, 4, 6, 2, 1, 5, 9, 7, 8, 11, 12, 13, 10)}
M(A) = 
[[4, 6, 9, 8, 1, 3, 5, 11, 2, 7, 10, 12, 13], [4, 6, 9, 8, 1, 3, 5, 11, 2, 7, 12, 13, 10], [4, 6, 9, 8, 1, 3, 5, 11, 2, 7, 13, 10, 12], [4, 6, 9, 8, 1, 3, 5, 11, 7, 10, 2, 12, 13], [4, 6, 9, 8, 1, 3, 5, 11, 10, 2, 7, 12, 13], [4, 6, 9, 8, 1, 5, 11, 3, 2, 7, 10, 12, 13], [4, 6, 9, 8, 1, 5, 11, 3, 2, 7, 12, 13, 10], [4, 6, 9, 8, 1, 5, 11, 3, 2, 7, 13, 10, 12], [4, 6, 9, 8, 1, 5, 11, 3, 7, 10, 2, 12, 13], [4, 6, 9, 8, 1, 5, 11, 3, 10, 2, 7, 12, 13], [4, 6, 9, 8, 1, 11, 3, 5, 2, 7, 10, 12, 13], [4, 6, 9, 8, 1, 11, 3, 5, 2, 7, 12, 13, 10], [4, 6, 9, 8, 1, 11, 3, 5, 2, 7, 13, 10, 12], [4, 6, 9, 8, 1, 11, 3, 5, 7, 10, 2, 12, 13], [4, 6, 9, 8, 1, 11, 3, 5, 10, 2, 7, 12, 13]]
Distance: 64
