(0)
A = 
{(3, 10, 1, 4, 8, 5, 9, 2, 6, 7), (2, 5, 7, 10, 4, 6, 8, 1, 9, 3), (5, 3, 7, 10, 4, 9, 6, 1, 2, 8), (4, 5, 9, 1, 10, 8, 2, 3, 6, 7)}
M(A) = 
[[5, 3, 10, 4, 1, 8, 9, 2, 6, 7], [5, 3, 10, 4, 1, 8, 9, 2, 7, 6], [5, 3, 10, 4, 1, 9, 2, 8, 6, 7], [5, 3, 10, 4, 1, 9, 2, 8, 7, 6], [5, 3, 10, 4, 1, 9, 2, 6, 8, 7], [5, 3, 10, 4, 1, 9, 2, 6, 7, 8], [5, 3, 10, 4, 1, 9, 2, 7, 6, 8], [5, 3, 10, 4, 1, 9, 2, 7, 8, 6], [5, 3, 10, 4, 1, 9, 8, 2, 6, 7], [5, 3, 10, 4, 1, 9, 8, 2, 7, 6], [5, 3, 10, 4, 9, 1, 2, 8, 6, 7], [5, 3, 10, 4, 9, 1, 2, 8, 7, 6], [5, 3, 10, 4, 9, 1, 2, 6, 8, 7], [5, 3, 10, 4, 9, 1, 2, 6, 7, 8], [5, 3, 10, 4, 9, 1, 2, 7, 6, 8], [5, 3, 10, 4, 9, 1, 2, 7, 8, 6], [5, 3, 10, 4, 9, 1, 8, 2, 6, 7], [5, 3, 10, 4, 9, 1, 8, 2, 7, 6], [5, 10, 3, 4, 1, 8, 9, 2, 6, 7], [5, 10, 3, 4, 1, 8, 9, 2, 7, 6], [5, 10, 3, 4, 1, 9, 2, 8, 6, 7], [5, 10, 3, 4, 1, 9, 2, 8, 7, 6], [5, 10, 3, 4, 1, 9, 2, 6, 8, 7], [5, 10, 3, 4, 1, 9, 2, 6, 7, 8], [5, 10, 3, 4, 1, 9, 2, 7, 6, 8], [5, 10, 3, 4, 1, 9, 2, 7, 8, 6], [5, 10, 3, 4, 1, 9, 8, 2, 6, 7], [5, 10, 3, 4, 1, 9, 8, 2, 7, 6], [5, 10, 3, 4, 9, 1, 2, 8, 6, 7], [5, 10, 3, 4, 9, 1, 2, 8, 7, 6], [5, 10, 3, 4, 9, 1, 2, 6, 8, 7], [5, 10, 3, 4, 9, 1, 2, 6, 7, 8], [5, 10, 3, 4, 9, 1, 2, 7, 6, 8], [5, 10, 3, 4, 9, 1, 2, 7, 8, 6], [5, 10, 3, 4, 9, 1, 8, 2, 6, 7], [5, 10, 3, 4, 9, 1, 8, 2, 7, 6], [5, 10, 4, 1, 3, 8, 9, 2, 6, 7], [5, 10, 4, 1, 3, 8, 9, 2, 7, 6], [5, 10, 4, 1, 3, 9, 2, 8, 6, 7], [5, 10, 4, 1, 3, 9, 2, 8, 7, 6], [5, 10, 4, 1, 3, 9, 2, 6, 8, 7], [5, 10, 4, 1, 3, 9, 2, 6, 7, 8], [5, 10, 4, 1, 3, 9, 2, 7, 6, 8], [5, 10, 4, 1, 3, 9, 2, 7, 8, 6], [5, 10, 4, 1, 3, 9, 8, 2, 6, 7], [5, 10, 4, 1, 3, 9, 8, 2, 7, 6], [5, 10, 4, 1, 8, 9, 2, 3, 6, 7], [5, 10, 4, 1, 8, 9, 2, 3, 7, 6], [5, 10, 4, 1, 8, 9, 3, 2, 6, 7], [5, 10, 4, 1, 8, 9, 3, 2, 7, 6], [5, 10, 4, 1, 8, 3, 9, 2, 6, 7], [5, 10, 4, 1, 8, 3, 9, 2, 7, 6], [5, 10, 4, 1, 9, 2, 8, 3, 6, 7], [5, 10, 4, 1, 9, 2, 8, 3, 7, 6], [5, 10, 4, 1, 9, 2, 3, 6, 8, 7], [5, 10, 4, 1, 9, 2, 3, 6, 7, 8], [5, 10, 4, 1, 9, 2, 3, 7, 6, 8], [5, 10, 4, 1, 9, 2, 3, 7, 8, 6], [5, 10, 4, 1, 9, 2, 3, 8, 6, 7], [5, 10, 4, 1, 9, 2, 3, 8, 7, 6], [5, 10, 4, 1, 9, 3, 2, 8, 6, 7], [5, 10, 4, 1, 9, 3, 2, 8, 7, 6], [5, 10, 4, 1, 9, 3, 2, 6, 8, 7], [5, 10, 4, 1, 9, 3, 2, 6, 7, 8], [5, 10, 4, 1, 9, 3, 2, 7, 6, 8], [5, 10, 4, 1, 9, 3, 2, 7, 8, 6], [5, 10, 4, 1, 9, 3, 8, 2, 6, 7], [5, 10, 4, 1, 9, 3, 8, 2, 7, 6], [5, 10, 4, 1, 9, 8, 2, 3, 6, 7], [5, 10, 4, 1, 9, 8, 2, 3, 7, 6], [5, 10, 4, 1, 9, 8, 3, 2, 6, 7], [5, 10, 4, 1, 9, 8, 3, 2, 7, 6], [5, 10, 4, 3, 1, 8, 9, 2, 6, 7], [5, 10, 4, 3, 1, 8, 9, 2, 7, 6], [5, 10, 4, 3, 1, 9, 2, 8, 6, 7], [5, 10, 4, 3, 1, 9, 2, 8, 7, 6], [5, 10, 4, 3, 1, 9, 2, 6, 8, 7], [5, 10, 4, 3, 1, 9, 2, 6, 7, 8], [5, 10, 4, 3, 1, 9, 2, 7, 6, 8], [5, 10, 4, 3, 1, 9, 2, 7, 8, 6], [5, 10, 4, 3, 1, 9, 8, 2, 6, 7], [5, 10, 4, 3, 1, 9, 8, 2, 7, 6], [5, 10, 4, 3, 9, 1, 2, 8, 6, 7], [5, 10, 4, 3, 9, 1, 2, 8, 7, 6], [5, 10, 4, 3, 9, 1, 2, 6, 8, 7], [5, 10, 4, 3, 9, 1, 2, 6, 7, 8], [5, 10, 4, 3, 9, 1, 2, 7, 6, 8], [5, 10, 4, 3, 9, 1, 2, 7, 8, 6], [5, 10, 4, 3, 9, 1, 8, 2, 6, 7], [5, 10, 4, 3, 9, 1, 8, 2, 7, 6], [5, 10, 4, 9, 1, 2, 8, 3, 6, 7], [5, 10, 4, 9, 1, 2, 8, 3, 7, 6], [5, 10, 4, 9, 1, 2, 3, 6, 8, 7], [5, 10, 4, 9, 1, 2, 3, 6, 7, 8], [5, 10, 4, 9, 1, 2, 3, 7, 6, 8], [5, 10, 4, 9, 1, 2, 3, 7, 8, 6], [5, 10, 4, 9, 1, 2, 3, 8, 6, 7], [5, 10, 4, 9, 1, 2, 3, 8, 7, 6], [5, 10, 4, 9, 1, 3, 2, 8, 6, 7], [5, 10, 4, 9, 1, 3, 2, 8, 7, 6], [5, 10, 4, 9, 1, 3, 2, 6, 8, 7], [5, 10, 4, 9, 1, 3, 2, 6, 7, 8], [5, 10, 4, 9, 1, 3, 2, 7, 6, 8], [5, 10, 4, 9, 1, 3, 2, 7, 8, 6], [5, 10, 4, 9, 1, 3, 8, 2, 6, 7], [5, 10, 4, 9, 1, 3, 8, 2, 7, 6], [5, 10, 4, 9, 1, 8, 2, 3, 6, 7], [5, 10, 4, 9, 1, 8, 2, 3, 7, 6], [5, 10, 4, 9, 1, 8, 3, 2, 6, 7], [5, 10, 4, 9, 1, 8, 3, 2, 7, 6], [5, 10, 4, 9, 3, 1, 2, 8, 6, 7], [5, 10, 4, 9, 3, 1, 2, 8, 7, 6], [5, 10, 4, 9, 3, 1, 2, 6, 8, 7], [5, 10, 4, 9, 3, 1, 2, 6, 7, 8], [5, 10, 4, 9, 3, 1, 2, 7, 6, 8], [5, 10, 4, 9, 3, 1, 2, 7, 8, 6], [5, 10, 4, 9, 3, 1, 8, 2, 6, 7], [5, 10, 4, 9, 3, 1, 8, 2, 7, 6]]
Distance: 55
M(A) inter A:
set()
(1)
A = 
{(6, 3, 1, 8, 7, 4, 5, 10, 9, 2), (4, 8, 7, 2, 1, 3, 5, 6, 10, 9), (2, 1, 3, 6, 9, 5, 4, 8, 7, 10), (2, 10, 1, 4, 3, 9, 6, 8, 5, 7)}
M(A) = 
[[2, 1, 3, 4, 6, 8, 5, 7, 10, 9], [2, 1, 3, 4, 6, 8, 7, 5, 10, 9], [2, 1, 3, 6, 4, 8, 5, 7, 10, 9], [2, 1, 3, 6, 4, 8, 7, 5, 10, 9], [2, 1, 4, 3, 6, 8, 5, 7, 10, 9], [2, 1, 4, 3, 6, 8, 7, 5, 10, 9]]
Distance: 49
M(A) inter A:
set()
(2)
A = 
{(10, 3, 8, 6, 5, 4, 1, 9, 2, 7), (3, 2, 8, 10, 9, 7, 6, 5, 1, 4), (10, 6, 3, 9, 7, 5, 8, 2, 1, 4), (9, 10, 7, 5, 2, 4, 3, 1, 6, 8)}
M(A) = 
[[4, 1, 2, 5, 7, 9, 8, 6, 3, 10], [1, 4, 2, 5, 7, 9, 8, 6, 3, 10], [4, 1, 2, 8, 5, 7, 9, 6, 3, 10], [1, 4, 2, 8, 5, 7, 9, 6, 3, 10], [4, 1, 8, 2, 5, 7, 9, 6, 3, 10], [1, 4, 8, 2, 5, 7, 9, 6, 3, 10], [4, 1, 2, 5, 8, 7, 9, 6, 3, 10], [1, 4, 2, 5, 8, 7, 9, 6, 3, 10], [4, 1, 2, 5, 7, 8, 9, 6, 3, 10], [1, 4, 2, 5, 7, 8, 9, 6, 3, 10], [4, 1, 2, 5, 7, 9, 6, 8, 3, 10], [1, 4, 2, 5, 7, 9, 6, 8, 3, 10], [4, 1, 2, 5, 7, 6, 9, 8, 3, 10], [1, 4, 2, 5, 7, 6, 9, 8, 3, 10], [4, 1, 2, 5, 6, 7, 9, 8, 3, 10], [1, 4, 2, 5, 6, 7, 9, 8, 3, 10], [4, 1, 2, 8, 5, 7, 6, 9, 3, 10], [1, 4, 2, 8, 5, 7, 6, 9, 3, 10], [4, 1, 8, 2, 5, 7, 6, 9, 3, 10], [1, 4, 8, 2, 5, 7, 6, 9, 3, 10], [4, 1, 2, 5, 8, 7, 6, 9, 3, 10], [1, 4, 2, 5, 8, 7, 6, 9, 3, 10], [4, 1, 2, 5, 7, 8, 6, 9, 3, 10], [1, 4, 2, 5, 7, 8, 6, 9, 3, 10], [4, 1, 2, 8, 5, 6, 7, 9, 3, 10], [1, 4, 2, 8, 5, 6, 7, 9, 3, 10], [4, 1, 8, 2, 5, 6, 7, 9, 3, 10], [1, 4, 8, 2, 5, 6, 7, 9, 3, 10], [4, 1, 2, 5, 8, 6, 7, 9, 3, 10], [1, 4, 2, 5, 8, 6, 7, 9, 3, 10], [4, 1, 2, 5, 6, 8, 7, 9, 3, 10], [1, 4, 2, 5, 6, 8, 7, 9, 3, 10], [4, 1, 2, 5, 7, 6, 8, 9, 3, 10], [1, 4, 2, 5, 7, 6, 8, 9, 3, 10], [4, 1, 2, 5, 6, 7, 8, 9, 3, 10], [1, 4, 2, 5, 6, 7, 8, 9, 3, 10]]
Distance: 45
M(A) inter A:
set()
(3)
A = 
{(10, 3, 2, 6, 4, 5, 8, 1, 9, 7), (3, 2, 6, 5, 9, 1, 7, 4, 10, 8), (3, 2, 5, 8, 9, 4, 1, 10, 6, 7), (4, 2, 6, 3, 5, 8, 1, 7, 9, 10)}
M(A) = 
[[3, 2, 4, 6, 5, 8, 1, 9, 10, 7], [3, 2, 4, 6, 5, 8, 1, 9, 7, 10], [3, 2, 4, 6, 5, 8, 9, 1, 10, 7], [3, 2, 4, 6, 5, 8, 9, 1, 7, 10], [3, 2, 6, 4, 5, 8, 1, 9, 10, 7], [3, 2, 6, 4, 5, 8, 1, 9, 7, 10], [3, 2, 6, 4, 5, 8, 9, 1, 10, 7], [3, 2, 6, 4, 5, 8, 9, 1, 7, 10], [3, 2, 6, 5, 4, 8, 1, 9, 10, 7], [3, 2, 6, 5, 4, 8, 1, 9, 7, 10], [3, 2, 6, 5, 4, 8, 9, 1, 10, 7], [3, 2, 6, 5, 4, 8, 9, 1, 7, 10]]
Distance: 35
M(A) inter A:
set()
