(0)
A = 
{(4, 1, 2, 3), (1, 2, 3, 4), (3, 2, 4, 1), (1, 2, 4, 3), (2, 1, 3, 4), (2, 3, 4, 1), (2, 4, 1, 3), (2, 1, 4, 3), (3, 1, 2, 4), (4, 1, 3, 2)}
M(A) = 
[[2, 3, 4, 1]]
Distance: 23
B = 
{(2, 3, 1, 4), (1, 2, 3, 4), (3, 4, 2, 1), (2, 3, 4, 1), (3, 1, 2, 4), (3, 2, 4, 1), (2, 1, 3, 4), (2, 4, 3, 1), (4, 2, 3, 1), (3, 2, 1, 4)}
M(B) = 
[[2, 3, 4, 1]]
Distance: 17
M(A) inter A:
{(2, 3, 4, 1)}
M(B) inter B:
{(2, 3, 1, 4), (2, 3, 4, 1)}

AUB = 
{(4, 1, 2, 3), (1, 2, 3, 4), (1, 2, 4, 3), (2, 3, 1, 4), (4, 2, 3, 1), (3, 2, 1, 4), (3, 2, 4, 1), (2, 1, 3, 4), (2, 4, 3, 1), (2, 3, 4, 1), (3, 4, 2, 1), (4, 1, 3, 2), (2, 1, 4, 3), (3, 1, 2, 4), (2, 4, 1, 3)}
M(AUB) = 
[[2, 3, 4, 1]]
Distance:35

(1)
A = 
{(2, 4, 1, 3), (4, 1, 2, 3), (1, 4, 2, 3), (2, 3, 4, 1), (3, 4, 2, 1), (4, 2, 1, 3), (2, 4, 3, 1), (4, 3, 1, 2), (2, 1, 4, 3), (4, 1, 3, 2)}
M(A) = 
[[2, 4, 1, 3], [4, 2, 1, 3]]
Distance: 19
B = 
{(2, 1, 3, 4), (1, 4, 2, 3), (2, 4, 3, 1), (1, 2, 4, 3), (2, 3, 1, 4), (4, 1, 2, 3), (4, 2, 1, 3), (2, 3, 4, 1), (4, 3, 2, 1), (2, 4, 1, 3)}
M(B) = 
[[2, 4, 1, 3], [4, 2, 1, 3]]
Distance: 19
M(A) inter A:
{(2, 4, 1, 3)}
M(B) inter B:
{(2, 4, 1, 3)}

AUB = 
{(4, 1, 2, 3), (4, 3, 2, 1), (3, 4, 2, 1), (1, 2, 4, 3), (2, 4, 3, 1), (1, 4, 2, 3), (2, 3, 1, 4), (4, 2, 1, 3), (2, 3, 4, 1), (2, 1, 3, 4), (4, 1, 3, 2), (4, 3, 1, 2), (2, 1, 4, 3), (2, 4, 1, 3)}
M(AUB) = 
[[2, 4, 1, 3], [4, 2, 1, 3]]
Distance:31

(2)
A = 
{(2, 4, 1, 3), (4, 1, 2, 3), (1, 3, 2, 4), (1, 4, 2, 3), (4, 3, 1, 2), (1, 4, 3, 2), (1, 2, 4, 3), (4, 2, 1, 3), (2, 1, 4, 3), (1, 2, 3, 4)}
M(A) = 
[[1, 4, 2, 3], [1, 4, 3, 2]]
Distance: 18
B = 
{(4, 2, 3, 1), (3, 4, 1, 2), (1, 2, 3, 4), (1, 3, 4, 2), (3, 1, 2, 4), (1, 4, 2, 3), (1, 4, 3, 2), (2, 4, 1, 3), (3, 2, 1, 4), (4, 1, 3, 2)}
M(B) = 
[[1, 4, 2, 3], [1, 4, 3, 2]]
Distance: 24
M(A) inter A:
{(1, 4, 3, 2)}
M(B) inter B:
{(1, 3, 4, 2), (1, 4, 3, 2)}

AUB = 
{(3, 2, 1, 4), (4, 1, 2, 3), (3, 4, 1, 2), (1, 3, 2, 4), (1, 2, 4, 3), (1, 2, 3, 4), (4, 2, 3, 1), (1, 4, 3, 2), (1, 3, 4, 2), (1, 4, 2, 3), (4, 2, 1, 3), (4, 1, 3, 2), (4, 3, 1, 2), (2, 1, 4, 3), (3, 1, 2, 4), (2, 4, 1, 3)}
M(AUB) = 
[[1, 4, 2, 3], [1, 4, 3, 2]]
Distance:38

(3)
A = 
{(2, 3, 1, 4), (3, 4, 1, 2), (4, 3, 1, 2), (1, 4, 3, 2), (1, 4, 2, 3), (4, 2, 1, 3), (2, 4, 3, 1), (4, 2, 3, 1), (3, 2, 1, 4), (2, 4, 1, 3)}
M(A) = 
[[3, 1, 2, 4], [3, 1, 4, 2], [3, 4, 1, 2], [4, 3, 1, 2]]
Distance: 23
B = 
{(3, 1, 4, 2), (2, 3, 1, 4), (1, 3, 2, 4), (3, 2, 4, 1), (1, 3, 4, 2), (1, 2, 4, 3), (4, 1, 2, 3), (2, 3, 4, 1), (3, 1, 2, 4), (4, 3, 1, 2)}
M(B) = 
[[3, 1, 2, 4], [3, 1, 4, 2], [3, 4, 1, 2], [4, 3, 1, 2]]
Distance: 22
M(A) inter A:
set()
M(B) inter B:
{(3, 1, 2, 4)}

AUB = 
{(2, 4, 1, 3), (3, 1, 4, 2), (2, 3, 1, 4), (1, 3, 2, 4), (3, 4, 1, 2), (3, 2, 4, 1), (1, 2, 4, 3), (2, 3, 4, 1), (1, 4, 3, 2), (1, 3, 4, 2), (4, 1, 2, 3), (1, 4, 2, 3), (4, 2, 1, 3), (3, 1, 2, 4), (2, 4, 3, 1), (4, 2, 3, 1), (3, 2, 1, 4), (4, 3, 1, 2)}
M(AUB) = 
[[3, 1, 2, 4], [3, 1, 4, 2], [3, 4, 1, 2], [4, 3, 1, 2]]
Distance:52

(4)
A = 
{(4, 2, 3, 1), (1, 2, 3, 4), (3, 2, 4, 1), (1, 4, 3, 2), (1, 3, 4, 2), (3, 4, 2, 1), (2, 3, 1, 4), (4, 3, 1, 2), (3, 2, 1, 4), (3, 4, 1, 2)}
M(A) = 
[[3, 1, 4, 2], [3, 4, 2, 1]]
Distance: 23
B = 
{(2, 1, 3, 4), (3, 4, 1, 2), (3, 4, 2, 1), (1, 3, 4, 2), (1, 4, 3, 2), (3, 2, 4, 1), (2, 3, 1, 4), (4, 3, 2, 1), (3, 2, 1, 4), (3, 1, 4, 2)}
M(B) = 
[[3, 1, 4, 2], [3, 4, 2, 1]]
Distance: 21
M(A) inter A:
{(3, 4, 2, 1), (3, 2, 1, 4)}
M(B) inter B:
{(3, 4, 2, 1), (3, 1, 4, 2), (3, 2, 1, 4)}

AUB = 
{(3, 1, 4, 2), (2, 3, 1, 4), (3, 4, 1, 2), (1, 2, 3, 4), (4, 3, 2, 1), (3, 4, 2, 1), (1, 4, 3, 2), (1, 3, 4, 2), (3, 2, 4, 1), (2, 1, 3, 4), (4, 2, 3, 1), (3, 2, 1, 4), (4, 3, 1, 2)}
M(AUB) = 
[[3, 1, 4, 2], [3, 4, 2, 1]]
Distance:30

(5)
A = 
{(2, 1, 3, 4), (1, 3, 2, 4), (3, 2, 4, 1), (1, 4, 3, 2), (3, 2, 1, 4), (1, 2, 4, 3), (2, 3, 1, 4), (4, 3, 2, 1), (3, 1, 2, 4), (2, 4, 1, 3)}
M(A) = 
[[2, 1, 4, 3]]
Distance: 22
B = 
{(4, 2, 3, 1), (1, 2, 3, 4), (1, 2, 4, 3), (1, 4, 3, 2), (1, 4, 2, 3), (2, 4, 3, 1), (4, 3, 1, 2), (2, 1, 4, 3), (3, 1, 2, 4), (4, 1, 3, 2)}
M(B) = 
[[2, 1, 4, 3]]
Distance: 22
M(A) inter A:
{(1, 2, 4, 3)}
M(B) inter B:
{(1, 2, 4, 3), (1, 4, 2, 3)}

AUB = 
{(2, 1, 3, 4), (1, 3, 2, 4), (1, 2, 4, 3), (4, 3, 1, 2), (1, 2, 3, 4), (4, 2, 3, 1), (1, 4, 3, 2), (3, 1, 2, 4), (3, 2, 4, 1), (2, 3, 1, 4), (1, 4, 2, 3), (2, 4, 3, 1), (4, 1, 3, 2), (4, 3, 2, 1), (2, 1, 4, 3), (3, 2, 1, 4), (2, 4, 1, 3)}
M(AUB) = 
[[2, 1, 4, 3]]
Distance:44

(6)
A = 
{(2, 1, 3, 4), (1, 2, 3, 4), (4, 2, 3, 1), (1, 3, 4, 2), (1, 4, 2, 3), (4, 1, 2, 3), (2, 3, 4, 1), (2, 1, 4, 3), (3, 1, 2, 4), (2, 4, 1, 3)}
M(A) = 
[[2, 1, 3, 4]]
Distance: 23
B = 
{(2, 3, 1, 4), (4, 2, 3, 1), (1, 3, 4, 2), (1, 4, 3, 2), (3, 4, 2, 1), (2, 1, 3, 4), (4, 3, 2, 1), (2, 1, 4, 3), (3, 2, 1, 4), (2, 4, 1, 3)}
M(B) = 
[[2, 1, 3, 4]]
Distance: 26
M(A) inter A:
{(2, 1, 3, 4), (2, 1, 4, 3)}
M(B) inter B:
{(2, 1, 3, 4), (2, 3, 1, 4), (3, 2, 1, 4), (2, 1, 4, 3)}

AUB = 
{(2, 4, 1, 3), (3, 2, 1, 4), (2, 1, 3, 4), (1, 2, 3, 4), (4, 3, 2, 1), (3, 4, 2, 1), (2, 3, 1, 4), (1, 3, 4, 2), (1, 4, 3, 2), (1, 4, 2, 3), (4, 1, 2, 3), (2, 3, 4, 1), (4, 2, 3, 1), (3, 1, 2, 4), (2, 1, 4, 3)}
M(AUB) = 
[[2, 1, 3, 4]]
Distance:39

(7)
A = 
{(2, 3, 1, 4), (3, 4, 1, 2), (1, 4, 2, 3), (2, 4, 3, 1), (1, 2, 4, 3), (2, 1, 3, 4), (2, 3, 4, 1), (4, 2, 3, 1), (3, 2, 1, 4), (2, 4, 1, 3)}
M(A) = 
[[2, 4, 1, 3], [2, 4, 3, 1]]
Distance: 22
B = 
{(2, 4, 1, 3), (4, 2, 1, 3), (1, 2, 3, 4), (4, 3, 1, 2), (2, 4, 3, 1), (3, 2, 4, 1), (4, 1, 2, 3), (2, 3, 4, 1), (4, 2, 3, 1), (2, 1, 4, 3)}
M(B) = 
[[2, 4, 1, 3], [2, 4, 3, 1]]
Distance: 19
M(A) inter A:
{(2, 4, 1, 3), (2, 4, 3, 1)}
M(B) inter B:
{(2, 4, 1, 3), (2, 4, 3, 1)}

AUB = 
{(2, 3, 1, 4), (3, 4, 1, 2), (1, 2, 4, 3), (4, 3, 1, 2), (2, 3, 4, 1), (3, 2, 4, 1), (1, 2, 3, 4), (4, 1, 2, 3), (1, 4, 2, 3), (2, 1, 3, 4), (4, 2, 1, 3), (2, 4, 3, 1), (4, 2, 3, 1), (2, 1, 4, 3), (3, 2, 1, 4), (2, 4, 1, 3)}
M(AUB) = 
[[2, 4, 1, 3], [2, 4, 3, 1]]
Distance:38

(8)
A = 
{(2, 3, 1, 4), (3, 1, 4, 2), (1, 2, 4, 3), (4, 3, 1, 2), (4, 1, 2, 3), (1, 4, 2, 3), (4, 2, 1, 3), (2, 3, 4, 1), (4, 2, 3, 1), (2, 1, 4, 3)}
M(A) = 
[[2, 3, 4, 1], [2, 4, 3, 1], [4, 2, 3, 1]]
Distance: 24
B = 
{(4, 1, 2, 3), (3, 4, 1, 2), (3, 4, 2, 1), (2, 4, 3, 1), (1, 2, 3, 4), (3, 2, 4, 1), (2, 1, 3, 4), (4, 2, 1, 3), (4, 2, 3, 1), (2, 3, 1, 4)}
M(B) = 
[[2, 3, 4, 1], [2, 4, 3, 1], [4, 2, 3, 1]]
Distance: 22
M(A) inter A:
{(2, 3, 4, 1)}
M(B) inter B:
set()

AUB = 
{(2, 3, 1, 4), (3, 4, 1, 2), (3, 1, 4, 2), (1, 4, 2, 3), (2, 3, 4, 1), (1, 2, 3, 4), (1, 2, 4, 3), (4, 1, 2, 3), (3, 2, 4, 1), (2, 4, 3, 1), (4, 2, 1, 3), (3, 4, 2, 1), (2, 1, 3, 4), (4, 2, 3, 1), (2, 1, 4, 3), (4, 3, 1, 2)}
M(AUB) = 
[[2, 3, 4, 1], [2, 4, 3, 1], [4, 2, 3, 1]]
Distance:42

(9)
A = 
{(2, 1, 3, 4), (1, 4, 2, 3), (1, 4, 3, 2), (1, 3, 4, 2), (3, 1, 2, 4), (1, 2, 4, 3), (4, 1, 3, 2), (4, 3, 2, 1), (3, 2, 1, 4), (2, 1, 4, 3)}
M(A) = 
[[2, 1, 4, 3]]
Distance: 22
B = 
{(2, 4, 1, 3), (2, 3, 1, 4), (3, 2, 4, 1), (1, 4, 3, 2), (4, 1, 2, 3), (1, 2, 4, 3), (4, 3, 2, 1), (2, 4, 3, 1), (4, 2, 3, 1), (4, 3, 1, 2)}
M(B) = 
[[2, 1, 4, 3]]
Distance: 22
M(A) inter A:
set()
M(B) inter B:
{(4, 2, 3, 1), (2, 4, 3, 1)}

AUB = 
{(2, 4, 1, 3), (2, 1, 3, 4), (1, 2, 4, 3), (4, 3, 1, 2), (3, 2, 1, 4), (4, 2, 3, 1), (1, 4, 3, 2), (1, 3, 4, 2), (4, 1, 2, 3), (1, 4, 2, 3), (2, 3, 1, 4), (3, 2, 4, 1), (2, 4, 3, 1), (4, 3, 2, 1), (2, 1, 4, 3), (3, 1, 2, 4), (4, 1, 3, 2)}
M(AUB) = 
[[2, 1, 4, 3]]
Distance:46

(10)
A = 
{(4, 1, 2, 3), (1, 4, 3, 2), (3, 2, 4, 1), (4, 3, 2, 1), (2, 4, 3, 1), (2, 1, 3, 4), (4, 1, 3, 2), (4, 2, 3, 1), (3, 1, 2, 4), (2, 4, 1, 3)}
M(A) = 
[[4, 2, 3, 1]]
Distance: 25
B = 
{(4, 1, 2, 3), (3, 1, 4, 2), (1, 4, 2, 3), (2, 3, 4, 1), (4, 2, 3, 1), (3, 4, 2, 1), (2, 4, 3, 1), (4, 1, 3, 2), (3, 1, 2, 4), (2, 1, 4, 3)}
M(B) = 
[[4, 2, 3, 1]]
Distance: 25
M(A) inter A:
{(4, 2, 3, 1)}
M(B) inter B:
{(4, 2, 3, 1)}

AUB = 
{(2, 4, 1, 3), (4, 1, 2, 3), (3, 1, 4, 2), (1, 4, 2, 3), (2, 3, 4, 1), (4, 2, 3, 1), (1, 4, 3, 2), (3, 2, 4, 1), (2, 1, 3, 4), (2, 4, 3, 1), (3, 4, 2, 1), (4, 3, 2, 1), (2, 1, 4, 3), (3, 1, 2, 4), (4, 1, 3, 2)}
M(AUB) = 
[[4, 2, 3, 1]]
Distance:39

(11)
A = 
{(2, 3, 1, 4), (1, 3, 2, 4), (3, 4, 2, 1), (1, 4, 3, 2), (1, 3, 4, 2), (1, 4, 2, 3), (3, 1, 2, 4), (4, 3, 2, 1), (3, 2, 1, 4), (4, 3, 1, 2)}
M(A) = 
[[3, 1, 2, 4]]
Distance: 21
B = 
{(2, 1, 3, 4), (3, 4, 1, 2), (1, 2, 3, 4), (1, 3, 4, 2), (3, 1, 2, 4), (1, 2, 4, 3), (2, 3, 4, 1), (4, 2, 3, 1), (3, 2, 1, 4), (2, 4, 1, 3)}
M(B) = 
[[3, 1, 2, 4]]
Distance: 24
M(A) inter A:
{(2, 3, 1, 4)}
M(B) inter B:
{(2, 1, 3, 4), (1, 2, 3, 4)}

AUB = 
{(2, 4, 1, 3), (1, 2, 3, 4), (2, 3, 1, 4), (3, 4, 1, 2), (1, 3, 2, 4), (1, 4, 2, 3), (1, 2, 4, 3), (3, 2, 1, 4), (4, 2, 3, 1), (1, 4, 3, 2), (1, 3, 4, 2), (3, 4, 2, 1), (2, 1, 3, 4), (2, 3, 4, 1), (4, 3, 2, 1), (3, 1, 2, 4), (4, 3, 1, 2)}
M(AUB) = 
[[3, 1, 2, 4]]
Distance:46

(12)
A = 
{(2, 1, 3, 4), (3, 4, 1, 2), (3, 4, 2, 1), (2, 3, 4, 1), (1, 3, 4, 2), (4, 1, 2, 3), (3, 2, 4, 1), (2, 3, 1, 4), (4, 2, 1, 3), (3, 1, 4, 2)}
M(A) = 
[[3, 2, 1, 4], [3, 2, 4, 1], [3, 4, 2, 1]]
Distance: 23
B = 
{(2, 1, 3, 4), (1, 3, 2, 4), (1, 3, 4, 2), (3, 4, 2, 1), (2, 3, 1, 4), (2, 3, 4, 1), (4, 3, 2, 1), (2, 1, 4, 3), (3, 2, 1, 4), (3, 1, 4, 2)}
M(B) = 
[[3, 2, 1, 4], [3, 2, 4, 1], [3, 4, 2, 1]]
Distance: 20
M(A) inter A:
set()
M(B) inter B:
{(3, 2, 1, 4)}

AUB = 
{(2, 1, 3, 4), (1, 3, 2, 4), (3, 4, 1, 2), (3, 2, 4, 1), (2, 3, 1, 4), (1, 3, 4, 2), (3, 4, 2, 1), (4, 1, 2, 3), (4, 2, 1, 3), (2, 3, 4, 1), (4, 3, 2, 1), (2, 1, 4, 3), (3, 2, 1, 4), (3, 1, 4, 2)}
M(AUB) = 
[[3, 2, 1, 4], [3, 2, 4, 1], [3, 4, 2, 1]]
Distance:35

(13)
A = 
{(4, 2, 1, 3), (1, 2, 3, 4), (1, 2, 4, 3), (4, 3, 1, 2), (3, 2, 4, 1), (2, 4, 3, 1), (4, 1, 3, 2), (2, 4, 1, 3), (3, 2, 1, 4), (3, 4, 1, 2)}
M(A) = 
[[2, 4, 1, 3], [4, 1, 2, 3], [4, 2, 1, 3]]
Distance: 26
B = 
{(4, 2, 1, 3), (3, 4, 1, 2), (1, 4, 2, 3), (1, 2, 3, 4), (1, 4, 3, 2), (1, 2, 4, 3), (2, 1, 3, 4), (4, 2, 3, 1), (3, 2, 1, 4), (2, 4, 1, 3)}
M(B) = 
[[2, 4, 1, 3], [4, 1, 2, 3], [4, 2, 1, 3]]
Distance: 24
M(A) inter A:
{(1, 2, 4, 3)}
M(B) inter B:
{(1, 2, 4, 3), (1, 4, 2, 3)}

AUB = 
{(2, 4, 1, 3), (4, 2, 1, 3), (3, 4, 1, 2), (1, 2, 3, 4), (3, 2, 4, 1), (4, 2, 3, 1), (1, 4, 3, 2), (1, 2, 4, 3), (2, 1, 3, 4), (1, 4, 2, 3), (2, 4, 3, 1), (4, 1, 3, 2), (3, 2, 1, 4), (4, 3, 1, 2)}
M(AUB) = 
[[2, 4, 1, 3], [4, 1, 2, 3], [4, 2, 1, 3]]
Distance:37

(14)
A = 
{(2, 3, 1, 4), (3, 1, 4, 2), (4, 2, 3, 1), (3, 1, 2, 4), (1, 4, 2, 3), (2, 1, 3, 4), (2, 4, 3, 1), (4, 3, 2, 1), (3, 2, 1, 4), (3, 4, 1, 2)}
M(A) = 
[[3, 4, 2, 1]]
Distance: 24
B = 
{(4, 2, 3, 1), (3, 4, 1, 2), (3, 1, 4, 2), (3, 2, 4, 1), (1, 3, 4, 2), (3, 1, 2, 4), (3, 4, 2, 1), (4, 3, 2, 1), (3, 2, 1, 4), (4, 3, 1, 2)}
M(B) = 
[[3, 4, 2, 1]]
Distance: 17
M(A) inter A:
{(3, 4, 1, 2)}
M(B) inter B:
{(3, 4, 2, 1), (3, 4, 1, 2)}

AUB = 
{(2, 3, 1, 4), (3, 1, 4, 2), (4, 3, 2, 1), (3, 2, 4, 1), (4, 3, 1, 2), (1, 3, 4, 2), (3, 2, 1, 4), (1, 4, 2, 3), (2, 1, 3, 4), (2, 4, 3, 1), (3, 4, 2, 1), (4, 2, 3, 1), (3, 1, 2, 4), (3, 4, 1, 2)}
M(AUB) = 
[[3, 4, 2, 1]]
Distance:32

(15)
A = 
{(4, 3, 2, 1), (4, 2, 3, 1), (1, 3, 4, 2), (1, 4, 3, 2), (3, 2, 4, 1), (4, 1, 3, 2), (2, 4, 1, 3), (2, 1, 4, 3), (3, 1, 2, 4), (4, 3, 1, 2)}
M(A) = 
[[1, 4, 2, 3], [4, 1, 2, 3]]
Distance: 24
B = 
{(2, 4, 1, 3), (4, 1, 2, 3), (1, 2, 3, 4), (1, 2, 4, 3), (1, 4, 3, 2), (1, 4, 2, 3), (4, 2, 1, 3), (2, 1, 3, 4), (4, 2, 3, 1), (2, 1, 4, 3)}
M(B) = 
[[1, 4, 2, 3], [4, 1, 2, 3]]
Distance: 18
M(A) inter A:
{(2, 1, 4, 3)}
M(B) inter B:
{(1, 2, 4, 3), (1, 4, 2, 3), (2, 1, 4, 3)}

AUB = 
{(2, 4, 1, 3), (4, 2, 3, 1), (1, 2, 3, 4), (1, 2, 4, 3), (4, 3, 1, 2), (1, 3, 4, 2), (1, 4, 3, 2), (3, 2, 4, 1), (4, 1, 2, 3), (1, 4, 2, 3), (4, 2, 1, 3), (2, 1, 3, 4), (4, 3, 2, 1), (2, 1, 4, 3), (3, 1, 2, 4), (4, 1, 3, 2)}
M(AUB) = 
[[1, 4, 2, 3], [4, 1, 2, 3]]
Distance:39

(16)
A = 
{(4, 2, 1, 3), (3, 1, 4, 2), (1, 4, 2, 3), (1, 3, 4, 2), (3, 4, 2, 1), (4, 3, 2, 1), (2, 3, 4, 1), (4, 3, 1, 2), (3, 2, 1, 4), (4, 1, 3, 2)}
M(A) = 
[[3, 4, 2, 1]]
Distance: 23
B = 
{(2, 3, 1, 4), (1, 3, 2, 4), (3, 4, 1, 2), (3, 4, 2, 1), (1, 4, 3, 2), (3, 2, 4, 1), (2, 4, 3, 1), (4, 3, 2, 1), (3, 2, 1, 4), (2, 4, 1, 3)}
M(B) = 
[[3, 4, 2, 1]]
Distance: 21
M(A) inter A:
set()
M(B) inter B:
{(3, 2, 4, 1)}

AUB = 
{(2, 4, 1, 3), (3, 4, 1, 2), (4, 2, 1, 3), (1, 3, 2, 4), (3, 1, 4, 2), (3, 4, 2, 1), (2, 4, 3, 1), (1, 3, 4, 2), (1, 4, 3, 2), (1, 4, 2, 3), (2, 3, 1, 4), (3, 2, 4, 1), (2, 3, 4, 1), (4, 1, 3, 2), (4, 3, 2, 1), (3, 2, 1, 4), (4, 3, 1, 2)}
M(AUB) = 
[[3, 4, 2, 1]]
Distance:43

(17)
A = 
{(4, 1, 2, 3), (1, 3, 2, 4), (3, 1, 4, 2), (3, 2, 4, 1), (3, 4, 2, 1), (2, 3, 1, 4), (2, 3, 4, 1), (2, 1, 3, 4), (2, 1, 4, 3), (1, 2, 3, 4)}
M(A) = 
[[2, 1, 3, 4], [2, 3, 1, 4], [2, 3, 4, 1]]
Distance: 22
B = 
{(2, 1, 3, 4), (3, 1, 4, 2), (2, 3, 1, 4), (1, 4, 3, 2), (3, 4, 2, 1), (4, 1, 2, 3), (4, 2, 1, 3), (2, 4, 3, 1), (4, 3, 2, 1), (2, 1, 4, 3)}
M(B) = 
[[2, 1, 3, 4], [2, 3, 1, 4], [2, 3, 4, 1]]
Distance: 25
M(A) inter A:
set()
M(B) inter B:
{(4, 2, 1, 3)}

AUB = 
{(4, 1, 2, 3), (1, 3, 2, 4), (4, 3, 2, 1), (3, 4, 2, 1), (1, 2, 3, 4), (1, 4, 3, 2), (3, 2, 4, 1), (2, 3, 1, 4), (4, 2, 1, 3), (2, 4, 3, 1), (2, 3, 4, 1), (2, 1, 3, 4), (2, 1, 4, 3), (3, 1, 4, 2)}
M(AUB) = 
[[2, 1, 3, 4], [2, 3, 1, 4], [2, 3, 4, 1]]
Distance:37

(18)
A = 
{(4, 3, 2, 1), (3, 1, 4, 2), (3, 2, 1, 4), (3, 2, 4, 1), (2, 1, 3, 4), (2, 4, 3, 1), (4, 2, 3, 1), (2, 1, 4, 3), (3, 1, 2, 4), (4, 1, 3, 2)}
M(A) = 
[[2, 4, 3, 1]]
Distance: 24
B = 
{(2, 3, 1, 4), (4, 3, 2, 1), (1, 4, 2, 3), (4, 2, 3, 1), (1, 2, 4, 3), (4, 2, 1, 3), (2, 4, 3, 1), (4, 3, 1, 2), (3, 2, 1, 4), (2, 1, 4, 3)}
M(B) = 
[[2, 4, 3, 1]]
Distance: 22
M(A) inter A:
{(4, 2, 3, 1), (2, 4, 3, 1)}
M(B) inter B:
{(4, 2, 3, 1), (2, 4, 3, 1)}

AUB = 
{(2, 1, 3, 4), (3, 1, 4, 2), (1, 4, 2, 3), (4, 3, 1, 2), (1, 2, 4, 3), (4, 2, 3, 1), (3, 1, 2, 4), (3, 2, 4, 1), (2, 3, 1, 4), (4, 2, 1, 3), (2, 4, 3, 1), (4, 1, 3, 2), (4, 3, 2, 1), (3, 2, 1, 4), (2, 1, 4, 3)}
M(AUB) = 
[[2, 4, 3, 1]]
Distance:40

(19)
A = 
{(4, 2, 3, 1), (3, 1, 4, 2), (1, 2, 4, 3), (1, 4, 3, 2), (1, 4, 2, 3), (4, 2, 1, 3), (2, 4, 3, 1), (4, 3, 2, 1), (2, 1, 4, 3), (4, 3, 1, 2)}
M(A) = 
[[2, 1, 4, 3]]
Distance: 23
B = 
{(2, 3, 1, 4), (1, 3, 2, 4), (1, 4, 2, 3), (4, 2, 1, 3), (2, 3, 4, 1), (2, 1, 3, 4), (4, 3, 2, 1), (2, 1, 4, 3), (3, 2, 1, 4), (3, 1, 4, 2)}
M(B) = 
[[2, 1, 4, 3]]
Distance: 23
M(A) inter A:
set()
M(B) inter B:
{(2, 1, 3, 4), (2, 3, 1, 4)}

AUB = 
{(2, 3, 4, 1), (4, 2, 1, 3), (1, 3, 2, 4), (3, 1, 4, 2), (1, 4, 2, 3), (4, 3, 1, 2), (2, 3, 1, 4), (1, 4, 3, 2), (1, 2, 4, 3), (4, 3, 2, 1), (2, 4, 3, 1), (2, 1, 3, 4), (4, 2, 3, 1), (3, 2, 1, 4), (2, 1, 4, 3)}
M(AUB) = 
[[2, 1, 4, 3]]
Distance:39

(20)
A = 
{(2, 3, 1, 4), (3, 1, 4, 2), (1, 4, 2, 3), (1, 3, 4, 2), (1, 2, 4, 3), (4, 3, 2, 1), (2, 1, 3, 4), (4, 2, 3, 1), (3, 1, 2, 4), (2, 1, 4, 3)}
M(A) = 
[[1, 4, 2, 3]]
Distance: 26
B = 
{(2, 4, 1, 3), (4, 1, 2, 3), (1, 3, 2, 4), (1, 2, 4, 3), (1, 4, 3, 2), (1, 4, 2, 3), (4, 3, 2, 1), (2, 4, 3, 1), (4, 3, 1, 2), (4, 1, 3, 2)}
M(B) = 
[[1, 4, 2, 3]]
Distance: 20
M(A) inter A:
set()
M(B) inter B:
{(4, 1, 2, 3), (4, 1, 3, 2)}

AUB = 
{(2, 4, 1, 3), (2, 3, 1, 4), (1, 3, 2, 4), (3, 1, 4, 2), (1, 2, 4, 3), (4, 3, 1, 2), (4, 2, 3, 1), (1, 3, 4, 2), (1, 4, 3, 2), (4, 1, 2, 3), (1, 4, 2, 3), (2, 1, 3, 4), (2, 4, 3, 1), (4, 1, 3, 2), (4, 3, 2, 1), (3, 1, 2, 4), (2, 1, 4, 3)}
M(AUB) = 
[[1, 4, 2, 3]]
Distance:43

(21)
A = 
{(4, 1, 2, 3), (3, 1, 4, 2), (2, 3, 1, 4), (1, 4, 3, 2), (3, 2, 4, 1), (4, 3, 2, 1), (2, 1, 3, 4), (4, 2, 3, 1), (3, 1, 2, 4), (2, 1, 4, 3)}
M(A) = 
[[1, 4, 2, 3]]
Distance: 27
B = 
{(4, 1, 2, 3), (1, 3, 2, 4), (1, 2, 3, 4), (1, 4, 3, 2), (1, 3, 4, 2), (1, 4, 2, 3), (4, 2, 1, 3), (4, 1, 3, 2), (2, 1, 4, 3), (2, 4, 1, 3)}
M(B) = 
[[1, 4, 2, 3]]
Distance: 18
M(A) inter A:
set()
M(B) inter B:
{(1, 4, 2, 3)}

AUB = 
{(2, 4, 1, 3), (4, 1, 2, 3), (1, 3, 2, 4), (3, 1, 4, 2), (1, 4, 2, 3), (1, 2, 3, 4), (4, 2, 3, 1), (1, 4, 3, 2), (1, 3, 4, 2), (3, 2, 4, 1), (2, 3, 1, 4), (4, 2, 1, 3), (2, 1, 3, 4), (4, 1, 3, 2), (4, 3, 2, 1), (3, 1, 2, 4), (2, 1, 4, 3)}
M(AUB) = 
[[1, 4, 2, 3]]
Distance:45

(22)
A = 
{(2, 4, 1, 3), (2, 1, 3, 4), (3, 4, 1, 2), (1, 4, 2, 3), (3, 4, 2, 1), (4, 1, 2, 3), (2, 4, 3, 1), (4, 1, 3, 2), (3, 1, 2, 4), (1, 2, 3, 4)}
M(A) = 
[[1, 2, 3, 4], [1, 2, 4, 3], [1, 3, 2, 4], [1, 3, 4, 2], [1, 4, 2, 3], [1, 4, 3, 2]]
Distance: 26
B = 
{(2, 1, 3, 4), (1, 3, 2, 4), (3, 1, 4, 2), (1, 4, 2, 3), (1, 4, 3, 2), (1, 2, 4, 3), (2, 4, 3, 1), (4, 1, 3, 2), (3, 1, 2, 4), (1, 2, 3, 4)}
M(B) = 
[[1, 2, 3, 4], [1, 2, 4, 3], [1, 3, 2, 4], [1, 3, 4, 2], [1, 4, 2, 3], [1, 4, 3, 2]]
Distance: 21
M(A) inter A:
{(1, 2, 3, 4)}
M(B) inter B:
{(1, 2, 4, 3), (1, 2, 3, 4), (1, 3, 2, 4)}

AUB = 
{(3, 1, 4, 2), (2, 1, 3, 4), (1, 3, 2, 4), (3, 4, 1, 2), (3, 4, 2, 1), (1, 2, 4, 3), (1, 2, 3, 4), (1, 4, 3, 2), (1, 4, 2, 3), (4, 1, 2, 3), (2, 4, 3, 1), (4, 1, 3, 2), (3, 1, 2, 4), (2, 4, 1, 3)}
M(AUB) = 
[[1, 2, 3, 4], [1, 2, 4, 3], [1, 3, 2, 4], [1, 3, 4, 2], [1, 4, 2, 3], [1, 4, 3, 2]]
Distance:36

(23)
A = 
{(2, 1, 3, 4), (1, 3, 2, 4), (1, 2, 3, 4), (2, 3, 4, 1), (4, 1, 2, 3), (3, 4, 2, 1), (2, 3, 1, 4), (4, 2, 1, 3), (2, 1, 4, 3), (2, 4, 1, 3)}
M(A) = 
[[2, 1, 4, 3], [2, 4, 1, 3]]
Distance: 20
B = 
{(4, 2, 1, 3), (1, 3, 2, 4), (1, 4, 3, 2), (4, 1, 2, 3), (1, 2, 4, 3), (2, 3, 1, 4), (2, 4, 3, 1), (2, 1, 3, 4), (4, 3, 2, 1), (2, 4, 1, 3)}
M(B) = 
[[2, 1, 4, 3], [2, 4, 1, 3]]
Distance: 22
M(A) inter A:
{(2, 1, 4, 3), (2, 4, 1, 3)}
M(B) inter B:
{(2, 4, 1, 3)}

AUB = 
{(2, 4, 1, 3), (2, 1, 3, 4), (1, 3, 2, 4), (4, 3, 2, 1), (1, 2, 4, 3), (2, 3, 1, 4), (1, 4, 3, 2), (3, 4, 2, 1), (4, 1, 2, 3), (4, 2, 1, 3), (2, 4, 3, 1), (2, 3, 4, 1), (2, 1, 4, 3), (1, 2, 3, 4)}
M(AUB) = 
[[2, 1, 4, 3], [2, 4, 1, 3]]
Distance:32

(24)
A = 
{(2, 1, 3, 4), (3, 4, 1, 2), (3, 4, 2, 1), (2, 4, 3, 1), (1, 4, 2, 3), (2, 3, 1, 4), (4, 2, 1, 3), (2, 3, 4, 1), (4, 3, 2, 1), (1, 3, 2, 4)}
M(A) = 
[[4, 2, 3, 1]]
Distance: 24
B = 
{(4, 1, 2, 3), (3, 1, 4, 2), (3, 2, 4, 1), (2, 3, 4, 1), (3, 4, 2, 1), (4, 3, 2, 1), (2, 4, 3, 1), (4, 2, 3, 1), (2, 1, 4, 3), (4, 1, 3, 2)}
M(B) = 
[[4, 2, 3, 1]]
Distance: 21
M(A) inter A:
{(4, 3, 2, 1)}
M(B) inter B:
{(4, 2, 3, 1), (4, 3, 2, 1)}

AUB = 
{(3, 1, 4, 2), (2, 1, 3, 4), (3, 4, 1, 2), (1, 4, 2, 3), (2, 3, 4, 1), (4, 2, 3, 1), (3, 2, 4, 1), (4, 1, 2, 3), (3, 4, 2, 1), (2, 3, 1, 4), (4, 2, 1, 3), (2, 4, 3, 1), (4, 1, 3, 2), (4, 3, 2, 1), (2, 1, 4, 3), (1, 3, 2, 4)}
M(AUB) = 
[[4, 2, 3, 1]]
Distance:41

(25)
A = 
{(3, 1, 4, 2), (4, 2, 3, 1), (3, 4, 1, 2), (3, 2, 4, 1), (3, 4, 2, 1), (4, 2, 1, 3), (2, 4, 3, 1), (4, 1, 3, 2), (3, 2, 1, 4), (4, 3, 1, 2)}
M(A) = 
[[3, 1, 4, 2], [3, 4, 1, 2], [3, 4, 2, 1]]
Distance: 19
B = 
{(1, 2, 3, 4), (2, 3, 1, 4), (3, 1, 4, 2), (3, 2, 1, 4), (1, 4, 3, 2), (1, 3, 4, 2), (4, 2, 3, 1), (2, 1, 4, 3), (3, 1, 2, 4), (4, 3, 1, 2)}
M(B) = 
[[3, 1, 4, 2], [3, 4, 1, 2], [3, 4, 2, 1]]
Distance: 23
M(A) inter A:
{(3, 1, 4, 2)}
M(B) inter B:
{(3, 1, 2, 4), (3, 1, 4, 2)}

AUB = 
{(4, 2, 1, 3), (3, 1, 4, 2), (3, 4, 2, 1), (4, 3, 1, 2), (1, 2, 3, 4), (1, 4, 3, 2), (1, 3, 4, 2), (3, 2, 4, 1), (2, 3, 1, 4), (3, 1, 2, 4), (2, 4, 3, 1), (4, 1, 3, 2), (4, 2, 3, 1), (2, 1, 4, 3), (3, 2, 1, 4), (3, 4, 1, 2)}
M(AUB) = 
[[3, 1, 4, 2], [3, 4, 1, 2], [3, 4, 2, 1]]
Distance:42

(26)
A = 
{(4, 3, 2, 1), (3, 1, 4, 2), (3, 2, 4, 1), (2, 3, 4, 1), (3, 4, 2, 1), (4, 1, 2, 3), (2, 4, 3, 1), (4, 2, 3, 1), (2, 1, 4, 3), (4, 1, 3, 2)}
M(A) = 
[[3, 4, 2, 1], [4, 2, 3, 1], [4, 3, 2, 1]]
Distance: 21
B = 
{(2, 1, 3, 4), (1, 3, 2, 4), (3, 4, 1, 2), (3, 4, 2, 1), (4, 1, 2, 3), (3, 2, 4, 1), (4, 2, 1, 3), (2, 4, 3, 1), (4, 3, 2, 1), (4, 1, 3, 2)}
M(B) = 
[[3, 4, 2, 1], [4, 2, 3, 1], [4, 3, 2, 1]]
Distance: 24
M(A) inter A:
{(3, 4, 2, 1), (4, 3, 2, 1)}
M(B) inter B:
{(3, 4, 2, 1), (4, 3, 2, 1)}

AUB = 
{(3, 4, 1, 2), (4, 1, 2, 3), (1, 3, 2, 4), (3, 1, 4, 2), (3, 4, 2, 1), (2, 4, 3, 1), (4, 2, 3, 1), (3, 2, 4, 1), (2, 1, 3, 4), (4, 2, 1, 3), (2, 3, 4, 1), (4, 1, 3, 2), (4, 3, 2, 1), (2, 1, 4, 3)}
M(AUB) = 
[[3, 4, 2, 1], [4, 2, 3, 1], [4, 3, 2, 1]]
Distance:35

(27)
A = 
{(2, 1, 3, 4), (1, 3, 2, 4), (3, 1, 4, 2), (1, 2, 4, 3), (3, 1, 2, 4), (3, 2, 4, 1), (2, 3, 1, 4), (2, 4, 3, 1), (3, 2, 1, 4), (1, 2, 3, 4)}
M(A) = 
[[2, 1, 3, 4], [2, 3, 1, 4]]
Distance: 19
B = 
{(2, 1, 3, 4), (1, 2, 3, 4), (1, 2, 4, 3), (2, 4, 3, 1), (3, 2, 4, 1), (4, 1, 2, 3), (2, 3, 4, 1), (2, 4, 1, 3), (3, 1, 2, 4), (2, 1, 4, 3)}
M(B) = 
[[2, 1, 3, 4], [2, 3, 1, 4]]
Distance: 21
M(A) inter A:
{(2, 1, 3, 4)}
M(B) inter B:
{(2, 1, 3, 4), (2, 1, 4, 3), (2, 4, 1, 3)}

AUB = 
{(2, 3, 4, 1), (2, 1, 3, 4), (1, 3, 2, 4), (3, 2, 4, 1), (1, 2, 3, 4), (3, 2, 1, 4), (4, 1, 2, 3), (1, 2, 4, 3), (2, 3, 1, 4), (2, 4, 3, 1), (2, 4, 1, 3), (2, 1, 4, 3), (3, 1, 2, 4), (3, 1, 4, 2)}
M(AUB) = 
[[2, 1, 3, 4], [2, 3, 1, 4]]
Distance:30

(28)
A = 
{(2, 3, 1, 4), (3, 4, 1, 2), (3, 2, 4, 1), (2, 4, 3, 1), (3, 4, 2, 1), (4, 3, 2, 1), (2, 3, 4, 1), (2, 4, 1, 3), (3, 1, 2, 4), (4, 3, 1, 2)}
M(A) = 
[[3, 2, 4, 1]]
Distance: 18
B = 
{(3, 1, 4, 2), (1, 3, 2, 4), (1, 2, 3, 4), (4, 3, 1, 2), (2, 3, 4, 1), (3, 2, 4, 1), (2, 4, 3, 1), (4, 1, 3, 2), (3, 1, 2, 4), (2, 1, 4, 3)}
M(B) = 
[[3, 2, 4, 1]]
Distance: 24
M(A) inter A:
{(3, 1, 2, 4)}
M(B) inter B:
{(3, 1, 2, 4)}

AUB = 
{(3, 1, 4, 2), (2, 3, 1, 4), (1, 3, 2, 4), (3, 4, 1, 2), (3, 4, 2, 1), (4, 3, 1, 2), (2, 3, 4, 1), (1, 2, 3, 4), (3, 2, 4, 1), (2, 4, 3, 1), (4, 1, 3, 2), (4, 3, 2, 1), (2, 1, 4, 3), (3, 1, 2, 4), (2, 4, 1, 3)}
M(AUB) = 
[[3, 2, 4, 1]]
Distance:36

(29)
A = 
{(4, 1, 2, 3), (3, 1, 4, 2), (3, 2, 4, 1), (2, 3, 4, 1), (3, 4, 2, 1), (2, 4, 3, 1), (4, 1, 3, 2), (4, 3, 2, 1), (3, 1, 2, 4), (2, 1, 4, 3)}
M(A) = 
[[3, 2, 4, 1]]
Distance: 24
B = 
{(1, 3, 2, 4), (4, 3, 1, 2), (1, 2, 3, 4), (1, 3, 4, 2), (3, 2, 1, 4), (3, 4, 2, 1), (2, 3, 4, 1), (2, 4, 1, 3), (3, 1, 2, 4), (4, 1, 3, 2)}
M(B) = 
[[3, 2, 4, 1]]
Distance: 24
M(A) inter A:
{(3, 1, 2, 4)}
M(B) inter B:
{(1, 3, 2, 4), (3, 1, 2, 4)}

AUB = 
{(2, 4, 1, 3), (3, 2, 1, 4), (4, 1, 2, 3), (1, 3, 2, 4), (3, 1, 4, 2), (3, 4, 2, 1), (4, 3, 1, 2), (2, 4, 3, 1), (1, 3, 4, 2), (1, 2, 3, 4), (3, 2, 4, 1), (2, 3, 4, 1), (4, 3, 2, 1), (2, 1, 4, 3), (3, 1, 2, 4), (4, 1, 3, 2)}
M(AUB) = 
[[3, 2, 4, 1]]
Distance:42

(30)
A = 
{(2, 4, 1, 3), (2, 1, 3, 4), (1, 2, 4, 3), (1, 4, 3, 2), (1, 4, 2, 3), (4, 2, 1, 3), (2, 4, 3, 1), (4, 1, 3, 2), (4, 3, 2, 1), (2, 1, 4, 3)}
M(A) = 
[[1, 4, 2, 3], [4, 1, 2, 3]]
Distance: 20
B = 
{(2, 4, 1, 3), (4, 1, 2, 3), (3, 4, 1, 2), (1, 2, 3, 4), (1, 4, 3, 2), (1, 3, 4, 2), (1, 2, 4, 3), (4, 1, 3, 2), (4, 3, 1, 2), (1, 3, 2, 4)}
M(B) = 
[[1, 4, 2, 3], [4, 1, 2, 3]]
Distance: 20
M(A) inter A:
{(1, 4, 3, 2), (4, 1, 3, 2)}
M(B) inter B:
{(1, 4, 3, 2), (4, 1, 3, 2)}

AUB = 
{(2, 1, 3, 4), (1, 3, 2, 4), (3, 4, 1, 2), (4, 3, 2, 1), (1, 4, 2, 3), (4, 3, 1, 2), (1, 2, 3, 4), (1, 4, 3, 2), (1, 3, 4, 2), (4, 1, 2, 3), (1, 2, 4, 3), (4, 2, 1, 3), (2, 4, 3, 1), (4, 1, 3, 2), (2, 1, 4, 3), (2, 4, 1, 3)}
M(AUB) = 
[[1, 4, 2, 3], [4, 1, 2, 3]]
Distance:37

(31)
A = 
{(4, 1, 2, 3), (3, 4, 1, 2), (3, 1, 4, 2), (1, 2, 4, 3), (2, 3, 1, 4), (3, 2, 4, 1), (2, 1, 3, 4), (2, 3, 4, 1), (4, 2, 3, 1), (1, 2, 3, 4)}
M(A) = 
[[2, 3, 4, 1], [3, 4, 2, 1]]
Distance: 24
B = 
{(3, 1, 4, 2), (4, 2, 1, 3), (3, 4, 1, 2), (1, 2, 3, 4), (3, 2, 4, 1), (3, 4, 2, 1), (2, 3, 4, 1), (4, 1, 3, 2), (3, 2, 1, 4), (4, 3, 1, 2)}
M(B) = 
[[2, 3, 4, 1], [3, 4, 2, 1]]
Distance: 21
M(A) inter A:
{(3, 4, 1, 2)}
M(B) inter B:
{(3, 4, 2, 1), (3, 4, 1, 2)}

AUB = 
{(4, 1, 2, 3), (3, 4, 1, 2), (3, 2, 4, 1), (4, 3, 1, 2), (1, 2, 3, 4), (1, 2, 4, 3), (2, 3, 1, 4), (4, 2, 1, 3), (2, 3, 4, 1), (3, 4, 2, 1), (2, 1, 3, 4), (4, 1, 3, 2), (4, 2, 3, 1), (3, 2, 1, 4), (3, 1, 4, 2)}
M(AUB) = 
[[2, 3, 4, 1], [3, 4, 2, 1]]
Distance:40

(32)
A = 
{(4, 2, 1, 3), (3, 4, 1, 2), (3, 4, 2, 1), (1, 3, 4, 2), (3, 2, 4, 1), (2, 3, 1, 4), (2, 3, 4, 1), (2, 1, 3, 4), (3, 2, 1, 4), (2, 4, 1, 3)}
M(A) = 
[[3, 2, 4, 1]]
Distance: 21
B = 
{(4, 3, 2, 1), (1, 3, 2, 4), (1, 4, 3, 2), (3, 4, 2, 1), (2, 3, 1, 4), (2, 4, 3, 1), (4, 3, 1, 2), (2, 1, 4, 3), (3, 2, 1, 4), (2, 4, 1, 3)}
M(B) = 
[[3, 2, 4, 1]]
Distance: 26
M(A) inter A:
{(3, 2, 4, 1), (3, 2, 1, 4)}
M(B) inter B:
{(4, 3, 2, 1), (3, 2, 1, 4), (2, 4, 3, 1)}

AUB = 
{(4, 2, 1, 3), (1, 3, 2, 4), (3, 4, 1, 2), (3, 2, 4, 1), (4, 3, 1, 2), (2, 4, 3, 1), (1, 3, 4, 2), (1, 4, 3, 2), (3, 4, 2, 1), (2, 3, 1, 4), (2, 3, 4, 1), (2, 1, 3, 4), (4, 3, 2, 1), (2, 1, 4, 3), (3, 2, 1, 4), (2, 4, 1, 3)}
M(AUB) = 
[[3, 2, 4, 1]]
Distance:40

(33)
A = 
{(2, 1, 3, 4), (3, 4, 1, 2), (1, 2, 3, 4), (1, 3, 4, 2), (3, 1, 2, 4), (3, 4, 2, 1), (2, 3, 4, 1), (4, 2, 3, 1), (3, 2, 1, 4), (2, 4, 1, 3)}
M(A) = 
[[2, 4, 1, 3], [4, 2, 1, 3]]
Distance: 24
B = 
{(4, 1, 2, 3), (4, 3, 2, 1), (3, 2, 4, 1), (1, 4, 3, 2), (1, 2, 4, 3), (2, 1, 3, 4), (4, 2, 1, 3), (4, 1, 3, 2), (4, 2, 3, 1), (2, 1, 4, 3)}
M(B) = 
[[2, 4, 1, 3], [4, 2, 1, 3]]
Distance: 21
M(A) inter A:
set()
M(B) inter B:
{(4, 2, 1, 3)}

AUB = 
{(2, 4, 1, 3), (2, 1, 3, 4), (3, 4, 1, 2), (4, 3, 2, 1), (3, 2, 4, 1), (1, 2, 4, 3), (1, 3, 4, 2), (3, 2, 1, 4), (3, 4, 2, 1), (4, 1, 2, 3), (4, 2, 1, 3), (2, 3, 4, 1), (1, 4, 3, 2), (4, 2, 3, 1), (2, 1, 4, 3), (3, 1, 2, 4), (4, 1, 3, 2), (1, 2, 3, 4)}
M(AUB) = 
[[2, 4, 1, 3], [4, 2, 1, 3]]
Distance:51

(34)
A = 
{(4, 2, 1, 3), (3, 1, 4, 2), (3, 4, 2, 1), (1, 3, 4, 2), (1, 4, 2, 3), (2, 3, 4, 1), (4, 1, 3, 2), (4, 3, 2, 1), (3, 2, 1, 4), (2, 1, 4, 3)}
M(A) = 
[[1, 3, 4, 2], [1, 4, 2, 3], [1, 4, 3, 2], [4, 1, 2, 3], [4, 1, 3, 2]]
Distance: 26
B = 
{(4, 1, 2, 3), (3, 4, 1, 2), (1, 3, 2, 4), (1, 2, 4, 3), (1, 2, 3, 4), (1, 3, 4, 2), (1, 4, 2, 3), (4, 2, 1, 3), (2, 4, 1, 3), (4, 1, 3, 2)}
M(B) = 
[[1, 3, 4, 2], [1, 4, 2, 3], [1, 4, 3, 2], [4, 1, 2, 3], [4, 1, 3, 2]]
Distance: 20
M(A) inter A:
{(1, 4, 2, 3)}
M(B) inter B:
{(1, 4, 2, 3), (4, 1, 2, 3)}

AUB = 
{(2, 4, 1, 3), (4, 2, 1, 3), (3, 4, 1, 2), (3, 1, 4, 2), (1, 3, 2, 4), (1, 4, 2, 3), (1, 2, 4, 3), (1, 2, 3, 4), (1, 3, 4, 2), (3, 4, 2, 1), (4, 1, 2, 3), (2, 3, 4, 1), (4, 3, 2, 1), (2, 1, 4, 3), (3, 2, 1, 4), (4, 1, 3, 2)}
M(AUB) = 
[[1, 3, 4, 2], [1, 4, 2, 3], [1, 4, 3, 2], [4, 1, 2, 3], [4, 1, 3, 2]]
Distance:44

(35)
A = 
{(4, 1, 2, 3), (1, 3, 2, 4), (1, 2, 3, 4), (1, 3, 4, 2), (1, 4, 3, 2), (3, 4, 2, 1), (2, 1, 3, 4), (4, 2, 1, 3), (4, 1, 3, 2), (2, 4, 1, 3)}
M(A) = 
[[1, 3, 2, 4], [1, 3, 4, 2]]
Distance: 24
B = 
{(2, 3, 1, 4), (3, 4, 1, 2), (1, 2, 3, 4), (1, 4, 3, 2), (1, 3, 4, 2), (3, 1, 2, 4), (3, 2, 4, 1), (4, 2, 3, 1), (3, 2, 1, 4), (2, 4, 1, 3)}
M(B) = 
[[1, 3, 2, 4], [1, 3, 4, 2]]
Distance: 24
M(A) inter A:
set()
M(B) inter B:
{(3, 1, 2, 4), (3, 2, 1, 4)}

AUB = 
{(2, 4, 1, 3), (3, 2, 1, 4), (4, 1, 2, 3), (3, 4, 1, 2), (1, 3, 2, 4), (3, 2, 4, 1), (2, 3, 1, 4), (4, 2, 3, 1), (1, 3, 4, 2), (1, 4, 3, 2), (3, 4, 2, 1), (2, 1, 3, 4), (4, 2, 1, 3), (4, 1, 3, 2), (3, 1, 2, 4), (1, 2, 3, 4)}
M(AUB) = 
[[1, 3, 2, 4], [1, 3, 4, 2]]
Distance:44

(36)
A = 
{(2, 4, 1, 3), (4, 1, 2, 3), (3, 4, 2, 1), (2, 3, 4, 1), (3, 2, 4, 1), (2, 3, 1, 4), (4, 2, 1, 3), (2, 4, 3, 1), (4, 3, 2, 1), (2, 1, 4, 3)}
M(A) = 
[[2, 1, 3, 4]]
Distance: 18
B = 
{(2, 1, 3, 4), (3, 1, 4, 2), (1, 2, 3, 4), (1, 4, 3, 2), (1, 2, 4, 3), (2, 3, 1, 4), (2, 4, 3, 1), (2, 1, 4, 3), (3, 2, 1, 4), (1, 3, 2, 4)}
M(B) = 
[[2, 1, 3, 4]]
Distance: 20
M(A) inter A:
set()
M(B) inter B:
{(2, 1, 3, 4), (1, 2, 3, 4)}

AUB = 
{(4, 1, 2, 3), (1, 3, 2, 4), (3, 1, 4, 2), (3, 2, 4, 1), (1, 2, 4, 3), (2, 4, 3, 1), (1, 4, 3, 2), (1, 2, 3, 4), (3, 4, 2, 1), (2, 3, 1, 4), (4, 2, 1, 3), (2, 3, 4, 1), (2, 1, 3, 4), (4, 3, 2, 1), (2, 1, 4, 3), (3, 2, 1, 4), (2, 4, 1, 3)}
M(AUB) = 
[[2, 1, 3, 4]]
Distance:43

(37)
A = 
{(4, 2, 1, 3), (3, 4, 1, 2), (1, 2, 3, 4), (1, 2, 4, 3), (4, 2, 3, 1), (1, 3, 4, 2), (1, 4, 3, 2), (1, 4, 2, 3), (2, 4, 1, 3), (4, 3, 1, 2)}
M(A) = 
[[1, 4, 3, 2]]
Distance: 21
B = 
{(3, 1, 4, 2), (2, 1, 3, 4), (1, 3, 2, 4), (3, 4, 1, 2), (1, 4, 3, 2), (1, 3, 4, 2), (1, 4, 2, 3), (4, 3, 2, 1), (3, 1, 2, 4), (4, 1, 3, 2)}
M(B) = 
[[1, 4, 3, 2]]
Distance: 18
M(A) inter A:
{(1, 3, 4, 2)}
M(B) inter B:
{(1, 3, 4, 2)}

AUB = 
{(2, 4, 1, 3), (3, 1, 4, 2), (4, 2, 1, 3), (1, 3, 2, 4), (3, 4, 1, 2), (4, 3, 2, 1), (1, 4, 2, 3), (4, 3, 1, 2), (1, 3, 4, 2), (1, 4, 3, 2), (1, 2, 4, 3), (2, 1, 3, 4), (4, 1, 3, 2), (4, 2, 3, 1), (3, 1, 2, 4), (1, 2, 3, 4)}
M(AUB) = 
[[1, 4, 3, 2]]
Distance:38

(38)
A = 
{(4, 1, 2, 3), (3, 4, 1, 2), (1, 2, 3, 4), (2, 3, 1, 4), (1, 3, 4, 2), (1, 4, 3, 2), (3, 2, 4, 1), (2, 1, 3, 4), (2, 4, 1, 3), (1, 3, 2, 4)}
M(A) = 
[[1, 2, 3, 4], [1, 3, 2, 4], [1, 3, 4, 2]]
Distance: 23
B = 
{(3, 1, 4, 2), (4, 1, 2, 3), (1, 3, 2, 4), (1, 2, 3, 4), (2, 3, 1, 4), (1, 3, 4, 2), (3, 2, 4, 1), (4, 2, 1, 3), (2, 1, 4, 3), (4, 3, 1, 2)}
M(B) = 
[[1, 2, 3, 4], [1, 3, 2, 4], [1, 3, 4, 2]]
Distance: 26
M(A) inter A:
{(1, 3, 2, 4), (1, 2, 3, 4), (1, 3, 4, 2)}
M(B) inter B:
{(1, 3, 2, 4), (1, 2, 3, 4), (1, 3, 4, 2)}

AUB = 
{(3, 1, 4, 2), (4, 1, 2, 3), (1, 3, 2, 4), (3, 4, 1, 2), (4, 3, 1, 2), (1, 3, 4, 2), (1, 4, 3, 2), (3, 2, 4, 1), (2, 3, 1, 4), (4, 2, 1, 3), (2, 1, 3, 4), (2, 4, 1, 3), (2, 1, 4, 3), (1, 2, 3, 4)}
M(AUB) = 
[[1, 2, 3, 4], [1, 3, 2, 4], [1, 3, 4, 2]]
Distance:37

(39)
A = 
{(3, 1, 4, 2), (4, 2, 3, 1), (1, 2, 3, 4), (1, 4, 3, 2), (1, 2, 4, 3), (2, 1, 3, 4), (2, 4, 3, 1), (2, 1, 4, 3), (3, 2, 1, 4), (4, 1, 3, 2)}
M(A) = 
[[3, 1, 2, 4], [3, 1, 4, 2], [3, 2, 1, 4], [3, 2, 4, 1], [3, 4, 1, 2], [3, 4, 2, 1], [4, 3, 1, 2], [4, 3, 2, 1]]
Distance: 24
B = 
{(4, 1, 2, 3), (3, 4, 1, 2), (3, 2, 4, 1), (4, 2, 3, 1), (1, 4, 3, 2), (3, 4, 2, 1), (2, 4, 3, 1), (4, 3, 2, 1), (3, 1, 2, 4), (3, 1, 4, 2)}
M(B) = 
[[3, 1, 2, 4], [3, 1, 4, 2], [3, 2, 1, 4], [3, 2, 4, 1], [3, 4, 1, 2], [3, 4, 2, 1], [4, 3, 1, 2], [4, 3, 2, 1]]
Distance: 21
M(A) inter A:
set()
M(B) inter B:
{(3, 4, 2, 1), (4, 3, 2, 1), (3, 4, 1, 2)}

AUB = 
{(2, 1, 3, 4), (3, 4, 1, 2), (3, 1, 4, 2), (4, 3, 2, 1), (3, 2, 4, 1), (1, 4, 3, 2), (3, 1, 2, 4), (1, 2, 4, 3), (4, 1, 2, 3), (2, 4, 3, 1), (3, 4, 2, 1), (4, 1, 3, 2), (4, 2, 3, 1), (2, 1, 4, 3), (3, 2, 1, 4), (1, 2, 3, 4)}
M(AUB) = 
[[3, 1, 2, 4], [3, 1, 4, 2], [3, 2, 1, 4], [3, 2, 4, 1], [3, 4, 1, 2], [3, 4, 2, 1], [4, 3, 1, 2], [4, 3, 2, 1]]
Distance:46

(40)
A = 
{(2, 1, 3, 4), (1, 2, 3, 4), (3, 4, 2, 1), (2, 3, 4, 1), (3, 2, 4, 1), (2, 3, 1, 4), (4, 2, 1, 3), (2, 4, 3, 1), (3, 2, 1, 4), (2, 1, 4, 3)}
M(A) = 
[[2, 3, 4, 1]]
Distance: 18
B = 
{(4, 1, 2, 3), (3, 4, 1, 2), (3, 1, 4, 2), (1, 2, 4, 3), (2, 3, 4, 1), (1, 4, 2, 3), (4, 2, 1, 3), (2, 4, 3, 1), (4, 2, 3, 1), (4, 1, 3, 2)}
M(B) = 
[[2, 3, 4, 1]]
Distance: 21
M(A) inter A:
set()
M(B) inter B:
{(4, 1, 2, 3)}

AUB = 
{(3, 1, 4, 2), (2, 1, 3, 4), (3, 4, 1, 2), (1, 2, 3, 4), (3, 2, 4, 1), (1, 2, 4, 3), (2, 4, 3, 1), (4, 1, 2, 3), (3, 4, 2, 1), (2, 3, 1, 4), (1, 4, 2, 3), (4, 2, 1, 3), (2, 3, 4, 1), (4, 1, 3, 2), (4, 2, 3, 1), (3, 2, 1, 4), (2, 1, 4, 3)}
M(AUB) = 
[[2, 3, 4, 1]]
Distance:45

(41)
A = 
{(2, 4, 1, 3), (3, 4, 1, 2), (1, 2, 3, 4), (1, 2, 4, 3), (1, 4, 3, 2), (1, 4, 2, 3), (2, 4, 3, 1), (4, 2, 3, 1), (3, 1, 2, 4), (4, 3, 1, 2)}
M(A) = 
[[4, 1, 2, 3]]
Distance: 25
B = 
{(4, 1, 2, 3), (4, 3, 2, 1), (4, 3, 1, 2), (1, 3, 4, 2), (1, 4, 2, 3), (4, 2, 1, 3), (2, 3, 4, 1), (4, 1, 3, 2), (4, 2, 3, 1), (2, 1, 4, 3)}
M(B) = 
[[4, 1, 2, 3]]
Distance: 20
M(A) inter A:
set()
M(B) inter B:
{(4, 1, 2, 3), (4, 2, 1, 3)}

AUB = 
{(2, 3, 4, 1), (4, 1, 2, 3), (3, 4, 1, 2), (1, 4, 2, 3), (4, 3, 1, 2), (1, 2, 3, 4), (1, 4, 3, 2), (1, 3, 4, 2), (1, 2, 4, 3), (4, 3, 2, 1), (4, 2, 1, 3), (2, 4, 3, 1), (4, 1, 3, 2), (4, 2, 3, 1), (2, 1, 4, 3), (3, 1, 2, 4), (2, 4, 1, 3)}
M(AUB) = 
[[4, 1, 2, 3]]
Distance:40

(42)
A = 
{(4, 1, 2, 3), (3, 1, 4, 2), (1, 4, 2, 3), (4, 3, 1, 2), (4, 2, 3, 1), (1, 3, 4, 2), (3, 4, 2, 1), (4, 2, 1, 3), (4, 1, 3, 2), (2, 1, 4, 3)}
M(A) = 
[[4, 1, 3, 2]]
Distance: 21
B = 
{(2, 1, 4, 3), (1, 3, 2, 4), (4, 3, 1, 2), (1, 4, 3, 2), (1, 3, 4, 2), (3, 4, 2, 1), (4, 3, 2, 1), (4, 1, 3, 2), (3, 1, 2, 4), (2, 4, 1, 3)}
M(B) = 
[[4, 1, 3, 2]]
Distance: 23
M(A) inter A:
{(4, 1, 3, 2)}
M(B) inter B:
{(1, 4, 3, 2), (4, 1, 3, 2)}

AUB = 
{(2, 4, 1, 3), (4, 1, 2, 3), (1, 3, 2, 4), (3, 1, 4, 2), (4, 3, 2, 1), (3, 4, 2, 1), (1, 3, 4, 2), (1, 4, 3, 2), (1, 4, 2, 3), (4, 2, 1, 3), (4, 1, 3, 2), (4, 2, 3, 1), (2, 1, 4, 3), (3, 1, 2, 4), (4, 3, 1, 2)}
M(AUB) = 
[[4, 1, 3, 2]]
Distance:34

(43)
A = 
{(4, 1, 2, 3), (3, 4, 1, 2), (1, 3, 2, 4), (1, 4, 2, 3), (2, 3, 4, 1), (1, 2, 4, 3), (4, 2, 1, 3), (2, 4, 3, 1), (4, 1, 3, 2), (3, 1, 4, 2)}
M(A) = 
[[4, 3, 1, 2]]
Distance: 23
B = 
{(2, 4, 1, 3), (4, 1, 2, 3), (3, 4, 2, 1), (4, 3, 1, 2), (2, 4, 3, 1), (3, 2, 4, 1), (2, 3, 4, 1), (4, 3, 2, 1), (3, 1, 2, 4), (2, 1, 4, 3)}
M(B) = 
[[4, 3, 1, 2]]
Distance: 21
M(A) inter A:
{(2, 4, 3, 1)}
M(B) inter B:
{(2, 4, 3, 1)}

AUB = 
{(2, 4, 1, 3), (3, 1, 4, 2), (4, 1, 2, 3), (3, 4, 1, 2), (4, 3, 2, 1), (1, 2, 4, 3), (4, 3, 1, 2), (2, 4, 3, 1), (1, 4, 2, 3), (4, 2, 1, 3), (3, 2, 4, 1), (2, 3, 4, 1), (3, 4, 2, 1), (4, 1, 3, 2), (2, 1, 4, 3), (3, 1, 2, 4), (1, 3, 2, 4)}
M(AUB) = 
[[4, 3, 1, 2]]
Distance:45

(44)
A = 
{(3, 1, 4, 2), (4, 2, 1, 3), (1, 2, 3, 4), (3, 2, 4, 1), (1, 3, 4, 2), (3, 4, 2, 1), (2, 3, 4, 1), (4, 1, 3, 2), (3, 2, 1, 4), (4, 3, 1, 2)}
M(A) = 
[[3, 4, 1, 2]]
Distance: 23
B = 
{(2, 4, 1, 3), (3, 4, 1, 2), (1, 4, 2, 3), (1, 3, 4, 2), (3, 2, 1, 4), (1, 2, 4, 3), (2, 3, 4, 1), (4, 2, 3, 1), (3, 1, 2, 4), (4, 3, 1, 2)}
M(B) = 
[[3, 4, 1, 2]]
Distance: 28
M(A) inter A:
{(3, 1, 4, 2), (4, 3, 1, 2)}
M(B) inter B:
{(3, 4, 1, 2), (3, 1, 2, 4), (4, 3, 1, 2)}

AUB = 
{(2, 4, 1, 3), (4, 2, 1, 3), (3, 4, 1, 2), (3, 1, 4, 2), (3, 4, 2, 1), (4, 3, 1, 2), (1, 2, 4, 3), (4, 2, 3, 1), (1, 3, 4, 2), (3, 1, 2, 4), (3, 2, 4, 1), (1, 4, 2, 3), (2, 3, 4, 1), (4, 1, 3, 2), (3, 2, 1, 4), (1, 2, 3, 4)}
M(AUB) = 
[[3, 4, 1, 2]]
Distance:42

(45)
A = 
{(4, 2, 3, 1), (3, 4, 1, 2), (3, 4, 2, 1), (1, 4, 3, 2), (3, 2, 1, 4), (1, 4, 2, 3), (2, 1, 3, 4), (4, 3, 2, 1), (3, 1, 2, 4), (4, 1, 3, 2)}
M(A) = 
[[1, 2, 3, 4], [1, 2, 4, 3], [1, 3, 2, 4], [1, 3, 4, 2], [1, 4, 2, 3], [1, 4, 3, 2], [2, 1, 3, 4], [2, 1, 4, 3], [2, 3, 1, 4], [2, 3, 4, 1], [2, 4, 1, 3], [2, 4, 3, 1], [3, 1, 2, 4], [3, 1, 4, 2], [3, 2, 1, 4], [3, 2, 4, 1], [3, 4, 1, 2], [3, 4, 2, 1], [4, 1, 2, 3], [4, 1, 3, 2], [4, 2, 1, 3], [4, 2, 3, 1], [4, 3, 1, 2], [4, 3, 2, 1]]
Distance: 25
B = 
{(3, 1, 4, 2), (4, 1, 2, 3), (1, 3, 2, 4), (1, 2, 3, 4), (3, 2, 4, 1), (2, 3, 4, 1), (1, 2, 4, 3), (4, 2, 1, 3), (2, 4, 3, 1), (2, 1, 4, 3)}
M(B) = 
[[1, 2, 3, 4], [1, 2, 4, 3], [1, 3, 2, 4], [1, 3, 4, 2], [1, 4, 2, 3], [1, 4, 3, 2], [2, 1, 3, 4], [2, 1, 4, 3], [2, 3, 1, 4], [2, 3, 4, 1], [2, 4, 1, 3], [2, 4, 3, 1], [3, 1, 2, 4], [3, 1, 4, 2], [3, 2, 1, 4], [3, 2, 4, 1], [3, 4, 1, 2], [3, 4, 2, 1], [4, 1, 2, 3], [4, 1, 3, 2], [4, 2, 1, 3], [4, 2, 3, 1], [4, 3, 1, 2], [4, 3, 2, 1]]
Distance: 25
M(A) inter A:
{(2, 1, 3, 4)}
M(B) inter B:
{(1, 2, 4, 3), (1, 2, 3, 4), (2, 1, 4, 3)}

AUB = 
{(2, 1, 4, 3), (3, 1, 4, 2), (2, 1, 3, 4), (1, 3, 2, 4), (3, 4, 1, 2), (1, 4, 2, 3), (1, 2, 4, 3), (1, 2, 3, 4), (1, 4, 3, 2), (3, 1, 2, 4), (4, 1, 2, 3), (3, 4, 2, 1), (4, 3, 2, 1), (3, 2, 4, 1), (2, 4, 3, 1), (2, 3, 4, 1), (4, 2, 3, 1), (4, 2, 1, 3), (3, 2, 1, 4), (4, 1, 3, 2)}
M(AUB) = 
[[1, 2, 3, 4], [1, 2, 4, 3], [1, 3, 2, 4], [1, 3, 4, 2], [1, 4, 2, 3], [1, 4, 3, 2], [2, 1, 3, 4], [2, 1, 4, 3], [2, 3, 1, 4], [2, 3, 4, 1], [2, 4, 1, 3], [2, 4, 3, 1], [3, 1, 2, 4], [3, 1, 4, 2], [3, 2, 1, 4], [3, 2, 4, 1], [3, 4, 1, 2], [3, 4, 2, 1], [4, 1, 2, 3], [4, 1, 3, 2], [4, 2, 1, 3], [4, 2, 3, 1], [4, 3, 1, 2], [4, 3, 2, 1]]
Distance:60

(46)
A = 
{(4, 1, 2, 3), (1, 3, 2, 4), (3, 1, 4, 2), (1, 4, 3, 2), (1, 3, 4, 2), (1, 2, 4, 3), (2, 3, 1, 4), (2, 1, 3, 4), (3, 1, 2, 4), (2, 1, 4, 3)}
M(A) = 
[[1, 3, 2, 4]]
Distance: 20
B = 
{(2, 3, 1, 4), (3, 4, 1, 2), (1, 3, 2, 4), (1, 4, 3, 2), (3, 4, 2, 1), (4, 2, 1, 3), (2, 4, 3, 1), (2, 4, 1, 3), (3, 2, 1, 4), (4, 3, 1, 2)}
M(B) = 
[[1, 3, 2, 4]]
Distance: 26
M(A) inter A:
set()
M(B) inter B:
{(3, 4, 2, 1)}

AUB = 
{(2, 4, 1, 3), (3, 2, 1, 4), (4, 1, 2, 3), (3, 4, 1, 2), (1, 3, 2, 4), (3, 4, 2, 1), (4, 3, 1, 2), (2, 4, 3, 1), (1, 4, 3, 2), (1, 3, 4, 2), (1, 2, 4, 3), (2, 3, 1, 4), (4, 2, 1, 3), (2, 1, 3, 4), (2, 1, 4, 3), (3, 1, 2, 4), (3, 1, 4, 2)}
M(AUB) = 
[[1, 3, 2, 4]]
Distance:47

(47)
A = 
{(3, 4, 1, 2), (4, 2, 1, 3), (1, 3, 2, 4), (1, 2, 3, 4), (1, 3, 4, 2), (1, 4, 3, 2), (1, 2, 4, 3), (2, 1, 3, 4), (2, 4, 1, 3), (4, 1, 3, 2)}
M(A) = 
[[1, 3, 2, 4], [2, 1, 3, 4]]
Distance: 23
B = 
{(2, 1, 3, 4), (3, 1, 4, 2), (3, 2, 4, 1), (1, 2, 3, 4), (3, 4, 2, 1), (2, 3, 4, 1), (4, 2, 3, 1), (2, 1, 4, 3), (3, 2, 1, 4), (4, 1, 3, 2)}
M(B) = 
[[1, 3, 2, 4], [2, 1, 3, 4]]
Distance: 24
M(A) inter A:
set()
M(B) inter B:
{(3, 2, 4, 1), (3, 2, 1, 4), (2, 3, 4, 1)}

AUB = 
{(3, 1, 4, 2), (4, 2, 1, 3), (3, 4, 1, 2), (3, 2, 4, 1), (1, 2, 3, 4), (4, 2, 3, 1), (1, 3, 4, 2), (1, 4, 3, 2), (1, 2, 4, 3), (2, 1, 3, 4), (2, 3, 4, 1), (3, 4, 2, 1), (4, 1, 3, 2), (2, 4, 1, 3), (2, 1, 4, 3), (3, 2, 1, 4), (1, 3, 2, 4)}
M(AUB) = 
[[1, 3, 2, 4], [2, 1, 3, 4]]
Distance:47

(48)
A = 
{(2, 3, 1, 4), (1, 3, 2, 4), (1, 4, 2, 3), (3, 4, 2, 1), (4, 2, 1, 3), (2, 4, 3, 1), (2, 1, 3, 4), (2, 1, 4, 3), (3, 2, 1, 4), (3, 1, 4, 2)}
M(A) = 
[[2, 3, 1, 4]]
Distance: 23
B = 
{(2, 3, 1, 4), (3, 4, 1, 2), (3, 1, 4, 2), (1, 4, 2, 3), (2, 4, 3, 1), (3, 4, 2, 1), (4, 1, 2, 3), (2, 3, 4, 1), (3, 1, 2, 4), (1, 2, 3, 4)}
M(B) = 
[[2, 3, 1, 4]]
Distance: 26
M(A) inter A:
{(2, 3, 1, 4), (3, 1, 4, 2)}
M(B) inter B:
{(2, 3, 4, 1), (2, 3, 1, 4), (3, 1, 4, 2), (3, 1, 2, 4), (3, 4, 1, 2)}

AUB = 
{(3, 1, 4, 2), (2, 3, 1, 4), (3, 4, 1, 2), (1, 3, 2, 4), (3, 4, 2, 1), (1, 2, 3, 4), (2, 3, 4, 1), (3, 1, 2, 4), (4, 1, 2, 3), (1, 4, 2, 3), (4, 2, 1, 3), (2, 4, 3, 1), (2, 1, 3, 4), (3, 2, 1, 4), (2, 1, 4, 3)}
M(AUB) = 
[[2, 3, 1, 4]]
Distance:37

(49)
A = 
{(3, 1, 4, 2), (2, 3, 1, 4), (1, 3, 2, 4), (1, 4, 2, 3), (1, 3, 4, 2), (1, 4, 3, 2), (3, 4, 2, 1), (4, 1, 2, 3), (3, 1, 2, 4), (3, 4, 1, 2)}
M(A) = 
[[3, 4, 1, 2]]
Distance: 19
B = 
{(4, 1, 2, 3), (3, 4, 1, 2), (1, 2, 3, 4), (4, 3, 1, 2), (2, 4, 3, 1), (3, 2, 4, 1), (2, 3, 4, 1), (4, 1, 3, 2), (3, 1, 2, 4), (2, 4, 1, 3)}
M(B) = 
[[3, 4, 1, 2]]
Distance: 26
M(A) inter A:
{(3, 4, 1, 2)}
M(B) inter B:
{(3, 2, 4, 1), (2, 3, 4, 1), (2, 4, 3, 1), (3, 4, 1, 2), (4, 3, 1, 2)}

AUB = 
{(2, 4, 1, 3), (2, 3, 4, 1), (2, 3, 1, 4), (3, 4, 1, 2), (3, 1, 4, 2), (3, 4, 2, 1), (1, 2, 3, 4), (1, 3, 4, 2), (1, 4, 3, 2), (1, 4, 2, 3), (4, 1, 2, 3), (3, 2, 4, 1), (2, 4, 3, 1), (4, 1, 3, 2), (4, 3, 1, 2), (3, 1, 2, 4), (1, 3, 2, 4)}
M(AUB) = 
[[3, 4, 1, 2]]
Distance:44

(50)
A = 
{(4, 1, 2, 3), (1, 3, 2, 4), (1, 2, 3, 4), (1, 2, 4, 3), (1, 4, 2, 3), (4, 2, 1, 3), (2, 1, 3, 4), (4, 1, 3, 2), (2, 1, 4, 3), (2, 4, 1, 3)}
M(A) = 
[[1, 2, 4, 3], [2, 1, 4, 3], [2, 4, 1, 3]]
Distance: 17
B = 
{(4, 2, 1, 3), (1, 3, 2, 4), (3, 2, 4, 1), (1, 2, 4, 3), (4, 3, 2, 1), (2, 3, 4, 1), (4, 3, 1, 2), (2, 1, 4, 3), (3, 2, 1, 4), (3, 1, 4, 2)}
M(B) = 
[[1, 2, 4, 3], [2, 1, 4, 3], [2, 4, 1, 3]]
Distance: 26
M(A) inter A:
set()
M(B) inter B:
{(3, 2, 4, 1), (3, 2, 1, 4)}

AUB = 
{(2, 4, 1, 3), (3, 1, 4, 2), (4, 1, 2, 3), (1, 3, 2, 4), (4, 3, 2, 1), (1, 4, 2, 3), (4, 3, 1, 2), (1, 2, 4, 3), (4, 2, 1, 3), (3, 2, 4, 1), (2, 3, 4, 1), (2, 1, 3, 4), (4, 1, 3, 2), (2, 1, 4, 3), (3, 2, 1, 4), (1, 2, 3, 4)}
M(AUB) = 
[[1, 2, 4, 3], [2, 1, 4, 3], [2, 4, 1, 3]]
Distance:43

(51)
A = 
{(4, 2, 1, 3), (3, 4, 1, 2), (3, 4, 2, 1), (1, 4, 3, 2), (1, 3, 4, 2), (1, 4, 2, 3), (2, 3, 1, 4), (4, 3, 2, 1), (3, 2, 1, 4), (3, 1, 4, 2)}
M(A) = 
[[3, 1, 4, 2], [3, 4, 1, 2], [3, 4, 2, 1], [4, 3, 1, 2], [4, 3, 2, 1]]
Distance: 22
B = 
{(4, 2, 3, 1), (3, 4, 1, 2), (1, 4, 2, 3), (4, 3, 1, 2), (1, 3, 4, 2), (3, 4, 2, 1), (2, 3, 1, 4), (4, 2, 1, 3), (4, 3, 2, 1), (3, 1, 4, 2)}
M(B) = 
[[3, 1, 4, 2], [3, 4, 1, 2], [3, 4, 2, 1], [4, 3, 1, 2], [4, 3, 2, 1]]
Distance: 22
M(A) inter A:
{(3, 4, 2, 1), (4, 3, 2, 1), (3, 4, 1, 2)}
M(B) inter B:
{(3, 4, 2, 1), (4, 3, 2, 1), (3, 4, 1, 2), (4, 3, 1, 2)}

AUB = 
{(4, 2, 1, 3), (3, 4, 1, 2), (1, 4, 2, 3), (4, 3, 1, 2), (4, 2, 3, 1), (1, 4, 3, 2), (1, 3, 4, 2), (3, 4, 2, 1), (2, 3, 1, 4), (4, 3, 2, 1), (3, 2, 1, 4), (3, 1, 4, 2)}
M(AUB) = 
[[3, 1, 4, 2], [3, 4, 1, 2], [3, 4, 2, 1], [4, 3, 1, 2], [4, 3, 2, 1]]
Distance:28

(52)
A = 
{(3, 1, 4, 2), (4, 1, 2, 3), (1, 3, 2, 4), (1, 4, 2, 3), (1, 4, 3, 2), (1, 3, 4, 2), (3, 4, 2, 1), (2, 1, 4, 3), (3, 1, 2, 4), (4, 3, 1, 2)}
M(A) = 
[[1, 4, 3, 2]]
Distance: 20
B = 
{(3, 1, 4, 2), (4, 2, 1, 3), (1, 3, 2, 4), (3, 2, 4, 1), (1, 4, 3, 2), (3, 4, 2, 1), (2, 4, 3, 1), (2, 1, 4, 3), (3, 2, 1, 4), (4, 1, 3, 2)}
M(B) = 
[[1, 4, 3, 2]]
Distance: 27
M(A) inter A:
{(3, 4, 2, 1)}
M(B) inter B:
{(3, 2, 4, 1), (3, 2, 1, 4), (3, 4, 2, 1)}

AUB = 
{(4, 1, 2, 3), (3, 1, 4, 2), (3, 4, 2, 1), (4, 3, 1, 2), (3, 2, 1, 4), (1, 4, 3, 2), (1, 3, 4, 2), (1, 4, 2, 3), (4, 2, 1, 3), (3, 2, 4, 1), (2, 4, 3, 1), (4, 1, 3, 2), (2, 1, 4, 3), (3, 1, 2, 4), (1, 3, 2, 4)}
M(AUB) = 
[[1, 4, 3, 2]]
Distance:38

(53)
A = 
{(4, 1, 2, 3), (3, 4, 1, 2), (1, 2, 4, 3), (1, 4, 3, 2), (3, 2, 4, 1), (2, 1, 3, 4), (4, 2, 1, 3), (2, 4, 3, 1), (4, 2, 3, 1), (4, 1, 3, 2)}
M(A) = 
[[4, 2, 1, 3]]
Distance: 23
B = 
{(2, 4, 1, 3), (2, 1, 3, 4), (3, 4, 1, 2), (1, 4, 2, 3), (1, 4, 3, 2), (1, 2, 4, 3), (2, 3, 1, 4), (2, 4, 3, 1), (4, 3, 2, 1), (1, 3, 2, 4)}
M(B) = 
[[4, 2, 1, 3]]
Distance: 25
M(A) inter A:
{(1, 2, 4, 3)}
M(B) inter B:
{(1, 2, 4, 3)}

AUB = 
{(2, 4, 1, 3), (4, 1, 2, 3), (1, 3, 2, 4), (3, 4, 1, 2), (4, 3, 2, 1), (3, 2, 4, 1), (2, 4, 3, 1), (1, 4, 3, 2), (1, 2, 4, 3), (2, 3, 1, 4), (2, 1, 3, 4), (1, 4, 2, 3), (4, 2, 1, 3), (4, 2, 3, 1), (4, 1, 3, 2)}
M(AUB) = 
[[4, 2, 1, 3]]
Distance:37

(54)
A = 
{(2, 3, 1, 4), (3, 1, 4, 2), (3, 2, 4, 1), (1, 4, 3, 2), (3, 2, 1, 4), (1, 2, 4, 3), (4, 2, 3, 1), (2, 1, 4, 3), (3, 1, 2, 4), (4, 3, 1, 2)}
M(A) = 
[[3, 1, 2, 4]]
Distance: 24
B = 
{(2, 3, 1, 4), (1, 2, 3, 4), (1, 4, 2, 3), (1, 3, 4, 2), (3, 2, 1, 4), (3, 4, 2, 1), (2, 3, 4, 1), (4, 2, 3, 1), (3, 1, 2, 4), (2, 1, 4, 3)}
M(B) = 
[[3, 1, 2, 4]]
Distance: 22
M(A) inter A:
{(2, 3, 1, 4)}
M(B) inter B:
{(2, 3, 1, 4)}

AUB = 
{(2, 3, 1, 4), (3, 1, 4, 2), (1, 2, 4, 3), (4, 3, 1, 2), (1, 2, 3, 4), (1, 4, 3, 2), (1, 3, 4, 2), (3, 1, 2, 4), (3, 2, 4, 1), (1, 4, 2, 3), (2, 3, 4, 1), (3, 4, 2, 1), (4, 2, 3, 1), (3, 2, 1, 4), (2, 1, 4, 3)}
M(AUB) = 
[[3, 1, 2, 4]]
Distance:38

(55)
A = 
{(3, 1, 4, 2), (4, 1, 2, 3), (3, 4, 1, 2), (1, 2, 3, 4), (3, 4, 2, 1), (1, 3, 4, 2), (1, 4, 2, 3), (4, 3, 1, 2), (3, 1, 2, 4), (1, 3, 2, 4)}
M(A) = 
[[1, 2, 3, 4], [1, 4, 2, 3]]
Distance: 19
B = 
{(2, 4, 1, 3), (4, 1, 2, 3), (1, 2, 3, 4), (1, 2, 4, 3), (2, 3, 1, 4), (4, 2, 1, 3), (2, 3, 4, 1), (4, 2, 3, 1), (2, 1, 4, 3), (4, 3, 1, 2)}
M(B) = 
[[1, 2, 3, 4], [1, 4, 2, 3]]
Distance: 20
M(A) inter A:
set()
M(B) inter B:
{(2, 4, 1, 3)}

AUB = 
{(2, 4, 1, 3), (2, 3, 4, 1), (4, 1, 2, 3), (1, 3, 2, 4), (3, 1, 4, 2), (1, 4, 2, 3), (1, 2, 4, 3), (1, 2, 3, 4), (4, 2, 3, 1), (1, 3, 4, 2), (3, 4, 2, 1), (2, 3, 1, 4), (4, 2, 1, 3), (4, 3, 1, 2), (2, 1, 4, 3), (3, 1, 2, 4), (3, 4, 1, 2)}
M(AUB) = 
[[1, 2, 3, 4], [1, 4, 2, 3]]
Distance:47

(56)
A = 
{(2, 1, 3, 4), (3, 1, 4, 2), (1, 2, 3, 4), (1, 4, 3, 2), (1, 3, 4, 2), (1, 4, 2, 3), (4, 2, 1, 3), (2, 1, 4, 3), (3, 2, 1, 4), (4, 1, 3, 2)}
M(A) = 
[[1, 3, 4, 2]]
Distance: 22
B = 
{(4, 2, 1, 3), (3, 4, 1, 2), (1, 3, 2, 4), (3, 4, 2, 1), (3, 2, 4, 1), (2, 3, 4, 1), (4, 1, 3, 2), (2, 4, 1, 3), (3, 2, 1, 4), (4, 3, 1, 2)}
M(B) = 
[[1, 3, 4, 2]]
Distance: 22
M(A) inter A:
set()
M(B) inter B:
{(3, 2, 4, 1), (3, 4, 2, 1)}

AUB = 
{(2, 4, 1, 3), (2, 1, 3, 4), (3, 4, 1, 2), (3, 1, 4, 2), (1, 3, 2, 4), (3, 4, 2, 1), (4, 3, 1, 2), (1, 4, 3, 2), (1, 3, 4, 2), (1, 4, 2, 3), (4, 2, 1, 3), (3, 2, 4, 1), (2, 3, 4, 1), (4, 1, 3, 2), (2, 1, 4, 3), (3, 2, 1, 4), (1, 2, 3, 4)}
M(AUB) = 
[[1, 3, 4, 2]]
Distance:45

(57)
A = 
{(2, 3, 1, 4), (3, 4, 1, 2), (3, 2, 4, 1), (1, 4, 3, 2), (3, 1, 2, 4), (1, 2, 4, 3), (4, 3, 2, 1), (4, 2, 3, 1), (3, 2, 1, 4), (3, 1, 4, 2)}
M(A) = 
[[2, 3, 1, 4], [2, 3, 4, 1], [2, 4, 3, 1], [3, 2, 1, 4], [3, 2, 4, 1]]
Distance: 23
B = 
{(2, 4, 1, 3), (4, 1, 2, 3), (3, 4, 2, 1), (3, 2, 4, 1), (2, 3, 1, 4), (2, 4, 3, 1), (2, 1, 3, 4), (4, 3, 2, 1), (3, 1, 2, 4), (2, 1, 4, 3)}
M(B) = 
[[2, 3, 1, 4], [2, 3, 4, 1], [2, 4, 3, 1], [3, 2, 1, 4], [3, 2, 4, 1]]
Distance: 22
M(A) inter A:
set()
M(B) inter B:
{(2, 4, 3, 1)}

AUB = 
{(2, 4, 1, 3), (2, 3, 1, 4), (3, 4, 1, 2), (1, 2, 4, 3), (4, 2, 3, 1), (1, 4, 3, 2), (3, 2, 1, 4), (3, 2, 4, 1), (4, 1, 2, 3), (2, 4, 3, 1), (3, 4, 2, 1), (2, 1, 3, 4), (4, 3, 2, 1), (2, 1, 4, 3), (3, 1, 2, 4), (3, 1, 4, 2)}
M(AUB) = 
[[2, 3, 1, 4], [2, 3, 4, 1], [2, 4, 3, 1], [3, 2, 1, 4], [3, 2, 4, 1]]
Distance:43

(58)
A = 
{(2, 1, 3, 4), (1, 3, 2, 4), (1, 4, 2, 3), (1, 3, 4, 2), (4, 1, 2, 3), (3, 4, 2, 1), (2, 3, 1, 4), (2, 3, 4, 1), (2, 4, 1, 3), (2, 1, 4, 3)}
M(A) = 
[[1, 2, 3, 4], [1, 2, 4, 3], [1, 3, 2, 4], [1, 3, 4, 2], [1, 4, 2, 3], [1, 4, 3, 2], [2, 1, 3, 4], [2, 1, 4, 3]]
Distance: 22
B = 
{(2, 4, 1, 3), (4, 1, 2, 3), (1, 3, 2, 4), (1, 4, 3, 2), (3, 4, 2, 1), (2, 3, 1, 4), (4, 3, 2, 1), (2, 1, 4, 3), (3, 1, 2, 4), (4, 3, 1, 2)}
M(B) = 
[[1, 2, 3, 4], [1, 2, 4, 3], [1, 3, 2, 4], [1, 3, 4, 2], [1, 4, 2, 3], [1, 4, 3, 2], [2, 1, 3, 4], [2, 1, 4, 3]]
Distance: 28
M(A) inter A:
set()
M(B) inter B:
{(4, 3, 2, 1), (1, 4, 3, 2), (4, 3, 1, 2)}

AUB = 
{(2, 1, 3, 4), (1, 3, 2, 4), (4, 3, 2, 1), (3, 4, 2, 1), (4, 3, 1, 2), (2, 3, 1, 4), (1, 3, 4, 2), (1, 4, 3, 2), (1, 4, 2, 3), (4, 1, 2, 3), (2, 3, 4, 1), (2, 1, 4, 3), (3, 1, 2, 4), (2, 4, 1, 3)}
M(AUB) = 
[[1, 2, 3, 4], [1, 2, 4, 3], [1, 3, 2, 4], [1, 3, 4, 2], [1, 4, 2, 3], [1, 4, 3, 2], [2, 1, 3, 4], [2, 1, 4, 3]]
Distance:40

(59)
A = 
{(2, 1, 3, 4), (3, 1, 4, 2), (3, 2, 4, 1), (4, 2, 3, 1), (1, 3, 4, 2), (1, 4, 3, 2), (1, 2, 4, 3), (4, 1, 2, 3), (4, 3, 2, 1), (3, 1, 2, 4)}
M(A) = 
[[1, 4, 2, 3], [1, 4, 3, 2], [3, 1, 4, 2], [4, 2, 3, 1], [4, 3, 1, 2], [4, 3, 2, 1]]
Distance: 26
B = 
{(2, 3, 1, 4), (3, 1, 4, 2), (1, 4, 2, 3), (4, 3, 1, 2), (1, 4, 3, 2), (3, 4, 2, 1), (2, 4, 3, 1), (4, 3, 2, 1), (3, 1, 2, 4), (2, 1, 4, 3)}
M(B) = 
[[1, 4, 2, 3], [1, 4, 3, 2], [3, 1, 4, 2], [4, 2, 3, 1], [4, 3, 1, 2], [4, 3, 2, 1]]
Distance: 26
M(A) inter A:
{(4, 3, 2, 1), (3, 1, 4, 2)}
M(B) inter B:
{(4, 3, 2, 1), (3, 1, 4, 2), (4, 3, 1, 2)}

AUB = 
{(2, 1, 3, 4), (3, 1, 4, 2), (4, 3, 2, 1), (1, 2, 4, 3), (2, 3, 1, 4), (1, 3, 4, 2), (1, 4, 3, 2), (3, 2, 4, 1), (4, 1, 2, 3), (1, 4, 2, 3), (2, 4, 3, 1), (3, 4, 2, 1), (4, 2, 3, 1), (2, 1, 4, 3), (3, 1, 2, 4), (4, 3, 1, 2)}
M(AUB) = 
[[1, 4, 2, 3], [1, 4, 3, 2], [3, 1, 4, 2], [4, 2, 3, 1], [4, 3, 1, 2], [4, 3, 2, 1]]
Distance:46

(60)
A = 
{(2, 4, 1, 3), (3, 2, 4, 1), (1, 4, 3, 2), (1, 3, 4, 2), (3, 1, 2, 4), (3, 4, 2, 1), (4, 1, 3, 2), (4, 3, 2, 1), (3, 2, 1, 4), (2, 1, 4, 3)}
M(A) = 
[[1, 3, 4, 2], [1, 4, 3, 2]]
Distance: 26
B = 
{(3, 1, 4, 2), (4, 1, 2, 3), (1, 3, 2, 4), (1, 2, 3, 4), (1, 4, 2, 3), (4, 3, 1, 2), (1, 4, 3, 2), (3, 4, 2, 1), (4, 1, 3, 2), (2, 1, 4, 3)}
M(B) = 
[[1, 3, 4, 2], [1, 4, 3, 2]]
Distance: 20
M(A) inter A:
{(1, 4, 3, 2)}
M(B) inter B:
{(1, 4, 3, 2)}

AUB = 
{(1, 2, 3, 4), (4, 3, 2, 1), (1, 3, 2, 4), (3, 1, 4, 2), (3, 4, 2, 1), (4, 3, 1, 2), (3, 2, 1, 4), (1, 4, 3, 2), (1, 3, 4, 2), (3, 2, 4, 1), (4, 1, 2, 3), (1, 4, 2, 3), (4, 1, 3, 2), (2, 1, 4, 3), (3, 1, 2, 4), (2, 4, 1, 3)}
M(AUB) = 
[[1, 3, 4, 2], [1, 4, 3, 2]]
Distance:40

(61)
A = 
{(2, 1, 3, 4), (1, 3, 2, 4), (1, 4, 2, 3), (2, 3, 4, 1), (1, 2, 3, 4), (3, 4, 2, 1), (2, 3, 1, 4), (2, 4, 3, 1), (3, 2, 1, 4), (2, 4, 1, 3)}
M(A) = 
[[1, 2, 3, 4], [2, 3, 1, 4]]
Distance: 20
B = 
{(3, 1, 4, 2), (2, 3, 1, 4), (1, 3, 2, 4), (3, 4, 1, 2), (1, 4, 2, 3), (1, 2, 3, 4), (1, 2, 4, 3), (4, 1, 2, 3), (2, 4, 3, 1), (4, 3, 1, 2)}
M(B) = 
[[1, 2, 3, 4], [2, 3, 1, 4]]
Distance: 25
M(A) inter A:
{(1, 4, 2, 3), (1, 2, 3, 4)}
M(B) inter B:
{(1, 2, 4, 3), (1, 2, 3, 4), (1, 4, 2, 3)}

AUB = 
{(3, 1, 4, 2), (2, 1, 3, 4), (3, 4, 1, 2), (1, 3, 2, 4), (3, 4, 2, 1), (4, 3, 1, 2), (1, 2, 4, 3), (2, 4, 3, 1), (4, 1, 2, 3), (1, 4, 2, 3), (2, 3, 1, 4), (2, 3, 4, 1), (2, 4, 1, 3), (3, 2, 1, 4), (1, 2, 3, 4)}
M(AUB) = 
[[1, 2, 3, 4], [2, 3, 1, 4]]
Distance:40

(62)
A = 
{(2, 1, 3, 4), (3, 1, 4, 2), (4, 3, 2, 1), (3, 2, 4, 1), (1, 2, 4, 3), (4, 1, 2, 3), (4, 2, 1, 3), (2, 4, 3, 1), (4, 2, 3, 1), (2, 1, 4, 3)}
M(A) = 
[[2, 3, 1, 4]]
Distance: 23
B = 
{(3, 1, 4, 2), (2, 3, 1, 4), (1, 3, 2, 4), (1, 2, 4, 3), (4, 2, 1, 3), (2, 3, 4, 1), (2, 1, 3, 4), (2, 1, 4, 3), (3, 2, 1, 4), (1, 2, 3, 4)}
M(B) = 
[[2, 3, 1, 4]]
Distance: 18
M(A) inter A:
{(2, 1, 3, 4)}
M(B) inter B:
{(2, 1, 3, 4)}

AUB = 
{(2, 3, 4, 1), (2, 1, 3, 4), (1, 3, 2, 4), (3, 1, 4, 2), (1, 2, 4, 3), (2, 4, 3, 1), (4, 2, 3, 1), (1, 2, 3, 4), (3, 2, 4, 1), (2, 3, 1, 4), (4, 1, 2, 3), (4, 2, 1, 3), (4, 3, 2, 1), (3, 2, 1, 4), (2, 1, 4, 3)}
M(AUB) = 
[[2, 3, 1, 4]]
Distance:36

(63)
A = 
{(2, 4, 1, 3), (4, 1, 2, 3), (1, 2, 3, 4), (3, 4, 2, 1), (1, 4, 3, 2), (1, 4, 2, 3), (2, 3, 1, 4), (4, 2, 3, 1), (2, 1, 4, 3), (4, 3, 1, 2)}
M(A) = 
[[1, 3, 4, 2], [1, 4, 2, 3], [1, 4, 3, 2], [3, 1, 4, 2]]
Distance: 24
B = 
{(2, 1, 4, 3), (3, 1, 4, 2), (1, 4, 2, 3), (1, 4, 3, 2), (1, 3, 4, 2), (3, 1, 2, 4), (3, 4, 2, 1), (4, 2, 3, 1), (3, 2, 1, 4), (1, 2, 3, 4)}
M(B) = 
[[1, 3, 4, 2], [1, 4, 2, 3], [1, 4, 3, 2], [3, 1, 4, 2]]
Distance: 23
M(A) inter A:
set()
M(B) inter B:
{(1, 3, 4, 2), (3, 1, 4, 2)}

AUB = 
{(3, 1, 4, 2), (4, 1, 2, 3), (1, 2, 3, 4), (1, 4, 2, 3), (4, 3, 1, 2), (3, 2, 1, 4), (1, 4, 3, 2), (1, 3, 4, 2), (3, 4, 2, 1), (2, 3, 1, 4), (4, 2, 3, 1), (2, 1, 4, 3), (3, 1, 2, 4), (2, 4, 1, 3)}
M(AUB) = 
[[1, 3, 4, 2], [1, 4, 2, 3], [1, 4, 3, 2], [3, 1, 4, 2]]
Distance:38

(64)
A = 
{(4, 2, 1, 3), (3, 1, 4, 2), (3, 4, 2, 1), (4, 3, 1, 2), (2, 3, 1, 4), (1, 4, 3, 2), (1, 4, 2, 3), (4, 3, 2, 1), (4, 2, 3, 1), (2, 1, 4, 3)}
M(A) = 
[[1, 3, 4, 2], [1, 4, 3, 2], [3, 1, 4, 2]]
Distance: 23
B = 
{(3, 1, 4, 2), (2, 1, 4, 3), (1, 3, 2, 4), (1, 2, 3, 4), (1, 3, 4, 2), (1, 4, 3, 2), (3, 2, 4, 1), (4, 3, 1, 2), (3, 1, 2, 4), (4, 1, 3, 2)}
M(B) = 
[[1, 3, 4, 2], [1, 4, 3, 2], [3, 1, 4, 2]]
Distance: 20
M(A) inter A:
set()
M(B) inter B:
{(1, 3, 2, 4), (1, 3, 4, 2)}

AUB = 
{(4, 2, 1, 3), (1, 3, 2, 4), (3, 1, 4, 2), (1, 4, 2, 3), (1, 2, 3, 4), (4, 2, 3, 1), (1, 4, 3, 2), (1, 3, 4, 2), (3, 4, 2, 1), (2, 3, 1, 4), (3, 2, 4, 1), (4, 1, 3, 2), (4, 3, 2, 1), (2, 1, 4, 3), (3, 1, 2, 4), (4, 3, 1, 2)}
M(AUB) = 
[[1, 3, 4, 2], [1, 4, 3, 2], [3, 1, 4, 2]]
Distance:42

(65)
A = 
{(3, 4, 1, 2), (4, 2, 1, 3), (1, 3, 2, 4), (1, 2, 3, 4), (1, 2, 4, 3), (1, 4, 3, 2), (3, 2, 4, 1), (2, 4, 3, 1), (3, 2, 1, 4), (3, 1, 4, 2)}
M(A) = 
[[3, 2, 4, 1]]
Distance: 25
B = 
{(4, 2, 3, 1), (2, 4, 3, 1), (3, 4, 2, 1), (4, 3, 2, 1), (4, 2, 1, 3), (2, 3, 4, 1), (2, 1, 3, 4), (4, 1, 3, 2), (3, 2, 1, 4), (2, 4, 1, 3)}
M(B) = 
[[3, 2, 4, 1]]
Distance: 20
M(A) inter A:
{(2, 4, 3, 1)}
M(B) inter B:
{(4, 2, 3, 1), (2, 4, 3, 1)}

AUB = 
{(2, 4, 1, 3), (3, 1, 4, 2), (2, 3, 4, 1), (4, 2, 1, 3), (3, 4, 1, 2), (3, 2, 4, 1), (1, 2, 3, 4), (1, 4, 3, 2), (1, 2, 4, 3), (4, 3, 2, 1), (2, 4, 3, 1), (3, 4, 2, 1), (2, 1, 3, 4), (4, 1, 3, 2), (4, 2, 3, 1), (3, 2, 1, 4), (1, 3, 2, 4)}
M(AUB) = 
[[3, 2, 4, 1]]
Distance:46

(66)
A = 
{(3, 1, 4, 2), (2, 3, 1, 4), (3, 4, 1, 2), (1, 3, 2, 4), (1, 3, 4, 2), (3, 1, 2, 4), (3, 4, 2, 1), (2, 3, 4, 1), (3, 2, 1, 4), (4, 3, 1, 2)}
M(A) = 
[[3, 2, 1, 4], [3, 2, 4, 1], [3, 4, 2, 1]]
Distance: 18
B = 
{(2, 1, 3, 4), (1, 3, 2, 4), (3, 4, 2, 1), (1, 4, 3, 2), (3, 2, 4, 1), (4, 2, 1, 3), (4, 1, 3, 2), (4, 3, 2, 1), (2, 1, 4, 3), (2, 4, 1, 3)}
M(B) = 
[[3, 2, 1, 4], [3, 2, 4, 1], [3, 4, 2, 1]]
Distance: 25
M(A) inter A:
set()
M(B) inter B:
{(4, 2, 1, 3), (2, 4, 1, 3)}

AUB = 
{(2, 4, 1, 3), (2, 3, 1, 4), (1, 3, 2, 4), (3, 1, 4, 2), (4, 3, 2, 1), (3, 2, 4, 1), (1, 3, 4, 2), (3, 2, 1, 4), (3, 4, 2, 1), (2, 1, 3, 4), (4, 2, 1, 3), (2, 3, 4, 1), (1, 4, 3, 2), (4, 3, 1, 2), (2, 1, 4, 3), (3, 1, 2, 4), (4, 1, 3, 2), (3, 4, 1, 2)}
M(AUB) = 
[[3, 2, 1, 4], [3, 2, 4, 1], [3, 4, 2, 1]]
Distance:47

(67)
A = 
{(4, 2, 1, 3), (1, 2, 3, 4), (3, 2, 4, 1), (4, 3, 1, 2), (4, 2, 3, 1), (1, 3, 4, 2), (3, 4, 2, 1), (2, 1, 4, 3), (3, 2, 1, 4), (4, 1, 3, 2)}
M(A) = 
[[4, 1, 3, 2]]
Distance: 26
B = 
{(4, 1, 2, 3), (3, 4, 1, 2), (1, 2, 3, 4), (1, 3, 2, 4), (1, 4, 3, 2), (1, 3, 4, 2), (1, 2, 4, 3), (2, 3, 1, 4), (4, 3, 1, 2), (2, 4, 1, 3)}
M(B) = 
[[4, 1, 3, 2]]
Distance: 24
M(A) inter A:
{(1, 2, 3, 4), (1, 3, 4, 2)}
M(B) inter B:
{(1, 2, 4, 3), (1, 3, 2, 4), (1, 2, 3, 4), (1, 3, 4, 2), (1, 4, 3, 2)}

AUB = 
{(2, 4, 1, 3), (4, 2, 1, 3), (3, 4, 1, 2), (1, 2, 3, 4), (1, 3, 2, 4), (3, 4, 2, 1), (1, 2, 4, 3), (2, 3, 1, 4), (1, 3, 4, 2), (1, 4, 3, 2), (3, 2, 4, 1), (4, 1, 2, 3), (4, 1, 3, 2), (4, 2, 3, 1), (2, 1, 4, 3), (3, 2, 1, 4), (4, 3, 1, 2)}
M(AUB) = 
[[4, 1, 3, 2]]
Distance:47

(68)
A = 
{(2, 3, 1, 4), (1, 3, 2, 4), (1, 4, 2, 3), (1, 2, 3, 4), (1, 4, 3, 2), (3, 1, 2, 4), (1, 2, 4, 3), (2, 1, 4, 3), (3, 2, 1, 4), (4, 3, 1, 2)}
M(A) = 
[[1, 3, 2, 4]]
Distance: 21
B = 
{(2, 1, 3, 4), (3, 2, 4, 1), (1, 4, 3, 2), (1, 3, 4, 2), (3, 1, 2, 4), (1, 2, 4, 3), (2, 4, 1, 3), (2, 1, 4, 3), (3, 2, 1, 4), (4, 1, 3, 2)}
M(B) = 
[[1, 3, 2, 4]]
Distance: 23
M(A) inter A:
{(1, 3, 2, 4)}
M(B) inter B:
set()

AUB = 
{(2, 4, 1, 3), (2, 3, 1, 4), (1, 3, 2, 4), (1, 2, 4, 3), (4, 3, 1, 2), (1, 4, 3, 2), (1, 3, 4, 2), (3, 2, 1, 4), (1, 4, 2, 3), (2, 1, 3, 4), (3, 2, 4, 1), (4, 1, 3, 2), (2, 1, 4, 3), (3, 1, 2, 4), (1, 2, 3, 4)}
M(AUB) = 
[[1, 3, 2, 4]]
Distance:34

(69)
A = 
{(2, 1, 3, 4), (3, 1, 4, 2), (3, 2, 4, 1), (4, 1, 2, 3), (3, 4, 2, 1), (4, 3, 2, 1), (2, 3, 4, 1), (4, 1, 3, 2), (4, 2, 3, 1), (3, 4, 1, 2)}
M(A) = 
[[4, 2, 1, 3]]
Distance: 20
B = 
{(3, 1, 4, 2), (4, 2, 1, 3), (1, 2, 3, 4), (1, 4, 2, 3), (1, 3, 4, 2), (1, 2, 4, 3), (2, 3, 4, 1), (2, 1, 4, 3), (3, 2, 1, 4), (4, 1, 3, 2)}
M(B) = 
[[4, 2, 1, 3]]
Distance: 24
M(A) inter A:
set()
M(B) inter B:
{(1, 2, 4, 3), (1, 2, 3, 4), (1, 4, 2, 3)}

AUB = 
{(2, 1, 3, 4), (3, 4, 1, 2), (3, 1, 4, 2), (3, 4, 2, 1), (1, 2, 4, 3), (1, 2, 3, 4), (4, 2, 3, 1), (1, 3, 4, 2), (3, 2, 4, 1), (4, 1, 2, 3), (1, 4, 2, 3), (4, 2, 1, 3), (2, 3, 4, 1), (4, 3, 2, 1), (2, 1, 4, 3), (3, 2, 1, 4), (4, 1, 3, 2)}
M(AUB) = 
[[4, 2, 1, 3]]
Distance:48

(70)
A = 
{(4, 2, 3, 1), (3, 4, 1, 2), (1, 2, 4, 3), (1, 3, 4, 2), (1, 4, 2, 3), (2, 3, 1, 4), (2, 3, 4, 1), (4, 3, 1, 2), (3, 2, 1, 4), (3, 1, 4, 2)}
M(A) = 
[[3, 1, 4, 2], [3, 2, 1, 4], [3, 4, 2, 1]]
Distance: 24
B = 
{(2, 1, 3, 4), (3, 1, 4, 2), (3, 4, 2, 1), (1, 4, 3, 2), (3, 2, 4, 1), (2, 4, 3, 1), (4, 3, 2, 1), (2, 1, 4, 3), (3, 1, 2, 4), (4, 1, 3, 2)}
M(B) = 
[[3, 1, 4, 2], [3, 2, 1, 4], [3, 4, 2, 1]]
Distance: 26
M(A) inter A:
{(3, 2, 1, 4)}
M(B) inter B:
{(3, 2, 4, 1), (4, 3, 2, 1), (3, 4, 2, 1)}

AUB = 
{(3, 1, 4, 2), (2, 3, 1, 4), (3, 4, 1, 2), (4, 3, 2, 1), (1, 4, 2, 3), (2, 4, 3, 1), (1, 3, 4, 2), (1, 4, 3, 2), (1, 2, 4, 3), (2, 1, 3, 4), (3, 2, 4, 1), (3, 1, 2, 4), (2, 3, 4, 1), (3, 4, 2, 1), (4, 1, 3, 2), (4, 2, 3, 1), (2, 1, 4, 3), (3, 2, 1, 4), (4, 3, 1, 2)}
M(AUB) = 
[[3, 1, 4, 2], [3, 2, 1, 4], [3, 4, 2, 1]]
Distance:52

(71)
A = 
{(4, 2, 1, 3), (1, 3, 2, 4), (3, 4, 2, 1), (4, 3, 1, 2), (2, 4, 3, 1), (1, 4, 2, 3), (2, 3, 4, 1), (2, 1, 4, 3), (3, 2, 1, 4), (2, 4, 1, 3)}
M(A) = 
[[2, 4, 1, 3]]
Distance: 24
B = 
{(4, 1, 2, 3), (3, 2, 4, 1), (2, 3, 4, 1), (1, 2, 4, 3), (4, 2, 1, 3), (2, 4, 3, 1), (4, 1, 3, 2), (4, 2, 3, 1), (2, 1, 4, 3), (4, 3, 1, 2)}
M(B) = 
[[2, 4, 1, 3]]
Distance: 21
M(A) inter A:
{(2, 4, 1, 3), (4, 2, 1, 3), (2, 4, 3, 1)}
M(B) inter B:
{(4, 2, 3, 1), (4, 2, 1, 3), (2, 4, 3, 1)}

AUB = 
{(2, 4, 1, 3), (4, 2, 1, 3), (1, 3, 2, 4), (1, 4, 2, 3), (1, 2, 4, 3), (2, 3, 4, 1), (4, 2, 3, 1), (3, 4, 2, 1), (4, 1, 2, 3), (3, 2, 4, 1), (2, 4, 3, 1), (4, 1, 3, 2), (2, 1, 4, 3), (3, 2, 1, 4), (4, 3, 1, 2)}
M(AUB) = 
[[2, 4, 1, 3]]
Distance:36

(72)
A = 
{(3, 1, 4, 2), (2, 1, 4, 3), (1, 2, 3, 4), (1, 3, 4, 2), (3, 4, 2, 1), (2, 1, 3, 4), (2, 3, 4, 1), (4, 2, 3, 1), (3, 2, 1, 4), (4, 1, 3, 2)}
M(A) = 
[[3, 2, 1, 4]]
Distance: 26
B = 
{(2, 1, 3, 4), (1, 3, 2, 4), (1, 3, 4, 2), (3, 1, 2, 4), (3, 4, 2, 1), (2, 3, 1, 4), (2, 3, 4, 1), (4, 3, 2, 1), (3, 2, 1, 4), (2, 4, 1, 3)}
M(B) = 
[[3, 2, 1, 4]]
Distance: 20
M(A) inter A:
{(3, 2, 1, 4)}
M(B) inter B:
{(3, 2, 1, 4)}

AUB = 
{(2, 4, 1, 3), (2, 1, 3, 4), (1, 3, 2, 4), (3, 1, 4, 2), (4, 3, 2, 1), (1, 2, 3, 4), (1, 3, 4, 2), (3, 1, 2, 4), (3, 4, 2, 1), (2, 3, 1, 4), (2, 3, 4, 1), (4, 1, 3, 2), (4, 2, 3, 1), (3, 2, 1, 4), (2, 1, 4, 3)}
M(AUB) = 
[[3, 2, 1, 4]]
Distance:37

(73)
A = 
{(4, 1, 2, 3), (3, 4, 1, 2), (3, 2, 4, 1), (2, 4, 3, 1), (3, 4, 2, 1), (2, 3, 1, 4), (2, 3, 4, 1), (4, 3, 2, 1), (3, 1, 2, 4), (4, 3, 1, 2)}
M(A) = 
[[3, 1, 2, 4], [3, 1, 4, 2], [3, 4, 1, 2]]
Distance: 20
B = 
{(4, 1, 2, 3), (1, 3, 2, 4), (3, 1, 4, 2), (1, 2, 4, 3), (1, 2, 3, 4), (1, 3, 4, 2), (1, 4, 2, 3), (2, 3, 1, 4), (2, 3, 4, 1), (4, 3, 1, 2)}
M(B) = 
[[3, 1, 2, 4], [3, 1, 4, 2], [3, 4, 1, 2]]
Distance: 22
M(A) inter A:
set()
M(B) inter B:
{(1, 2, 3, 4)}

AUB = 
{(3, 1, 4, 2), (4, 1, 2, 3), (1, 3, 2, 4), (3, 4, 1, 2), (3, 4, 2, 1), (1, 2, 4, 3), (2, 3, 4, 1), (1, 3, 4, 2), (1, 2, 3, 4), (3, 2, 4, 1), (2, 3, 1, 4), (1, 4, 2, 3), (2, 4, 3, 1), (4, 3, 2, 1), (3, 1, 2, 4), (4, 3, 1, 2)}
M(AUB) = 
[[3, 1, 2, 4], [3, 1, 4, 2], [3, 4, 1, 2]]
Distance:41

(74)
A = 
{(2, 4, 1, 3), (2, 3, 1, 4), (1, 2, 3, 4), (3, 2, 4, 1), (4, 2, 3, 1), (1, 2, 4, 3), (2, 3, 4, 1), (2, 1, 4, 3), (3, 2, 1, 4), (4, 3, 1, 2)}
M(A) = 
[[2, 4, 3, 1]]
Distance: 22
B = 
{(4, 2, 1, 3), (1, 3, 2, 4), (3, 4, 1, 2), (1, 4, 3, 2), (1, 2, 4, 3), (4, 3, 2, 1), (2, 4, 3, 1), (4, 3, 1, 2), (3, 2, 1, 4), (2, 4, 1, 3)}
M(B) = 
[[2, 4, 3, 1]]
Distance: 26
M(A) inter A:
{(4, 3, 1, 2)}
M(B) inter B:
{(4, 3, 2, 1), (4, 3, 1, 2)}

AUB = 
{(3, 4, 1, 2), (2, 3, 1, 4), (1, 3, 2, 4), (1, 2, 3, 4), (4, 3, 2, 1), (1, 2, 4, 3), (4, 3, 1, 2), (2, 4, 3, 1), (1, 4, 3, 2), (3, 2, 4, 1), (4, 2, 1, 3), (2, 3, 4, 1), (4, 2, 3, 1), (2, 1, 4, 3), (3, 2, 1, 4), (2, 4, 1, 3)}
M(AUB) = 
[[2, 4, 3, 1]]
Distance:40

(75)
A = 
{(2, 4, 1, 3), (2, 1, 4, 3), (1, 3, 4, 2), (3, 1, 2, 4), (3, 4, 2, 1), (2, 3, 4, 1), (4, 1, 3, 2), (4, 3, 2, 1), (3, 2, 1, 4), (4, 3, 1, 2)}
M(A) = 
[[3, 2, 1, 4], [3, 2, 4, 1]]
Distance: 25
B = 
{(2, 3, 1, 4), (1, 3, 2, 4), (3, 4, 2, 1), (2, 4, 3, 1), (3, 1, 2, 4), (1, 4, 2, 3), (2, 3, 4, 1), (2, 4, 1, 3), (3, 2, 1, 4), (4, 3, 1, 2)}
M(B) = 
[[3, 2, 1, 4], [3, 2, 4, 1]]
Distance: 24
M(A) inter A:
{(3, 2, 1, 4), (2, 3, 4, 1)}
M(B) inter B:
{(2, 3, 1, 4), (3, 2, 1, 4), (2, 3, 4, 1)}

AUB = 
{(4, 3, 2, 1), (1, 3, 2, 4), (1, 4, 2, 3), (4, 3, 1, 2), (2, 4, 3, 1), (1, 3, 4, 2), (3, 2, 1, 4), (3, 4, 2, 1), (2, 3, 1, 4), (2, 3, 4, 1), (4, 1, 3, 2), (2, 1, 4, 3), (3, 1, 2, 4), (2, 4, 1, 3)}
M(AUB) = 
[[3, 2, 1, 4], [3, 2, 4, 1]]
Distance:38

(76)
A = 
{(3, 1, 4, 2), (1, 3, 2, 4), (3, 4, 1, 2), (3, 2, 4, 1), (1, 2, 3, 4), (1, 2, 4, 3), (2, 4, 3, 1), (4, 1, 3, 2), (3, 1, 2, 4), (4, 3, 1, 2)}
M(A) = 
[[1, 2, 3, 4]]
Distance: 22
B = 
{(4, 1, 2, 3), (1, 2, 3, 4), (2, 3, 1, 4), (1, 3, 4, 2), (1, 4, 2, 3), (2, 1, 3, 4), (4, 2, 1, 3), (2, 3, 4, 1), (4, 2, 3, 1), (2, 4, 1, 3)}
M(B) = 
[[1, 2, 3, 4]]
Distance: 23
M(A) inter A:
set()
M(B) inter B:
{(2, 1, 3, 4), (4, 2, 1, 3), (2, 4, 1, 3)}

AUB = 
{(2, 4, 1, 3), (2, 3, 4, 1), (4, 1, 2, 3), (3, 4, 1, 2), (3, 1, 4, 2), (1, 2, 4, 3), (4, 3, 1, 2), (1, 2, 3, 4), (4, 2, 3, 1), (1, 3, 4, 2), (3, 2, 4, 1), (2, 3, 1, 4), (1, 4, 2, 3), (4, 2, 1, 3), (2, 4, 3, 1), (2, 1, 3, 4), (4, 1, 3, 2), (3, 1, 2, 4), (1, 3, 2, 4)}
M(AUB) = 
[[1, 2, 3, 4]]
Distance:53

(77)
A = 
{(2, 3, 1, 4), (1, 3, 2, 4), (3, 4, 2, 1), (1, 3, 4, 2), (3, 2, 4, 1), (4, 2, 1, 3), (2, 3, 4, 1), (4, 3, 2, 1), (3, 2, 1, 4), (2, 4, 1, 3)}
M(A) = 
[[2, 1, 3, 4], [2, 3, 4, 1], [2, 4, 1, 3]]
Distance: 21
B = 
{(4, 1, 2, 3), (1, 2, 3, 4), (2, 4, 3, 1), (4, 2, 3, 1), (1, 4, 3, 2), (3, 2, 4, 1), (2, 1, 3, 4), (4, 2, 1, 3), (2, 1, 4, 3), (2, 4, 1, 3)}
M(B) = 
[[2, 1, 3, 4], [2, 3, 4, 1], [2, 4, 1, 3]]
Distance: 19
M(A) inter A:
{(2, 4, 1, 3)}
M(B) inter B:
{(2, 4, 1, 3)}

AUB = 
{(2, 3, 1, 4), (1, 3, 2, 4), (3, 2, 4, 1), (1, 2, 3, 4), (4, 2, 3, 1), (1, 3, 4, 2), (1, 4, 3, 2), (4, 1, 2, 3), (3, 4, 2, 1), (4, 2, 1, 3), (2, 4, 3, 1), (2, 3, 4, 1), (2, 1, 3, 4), (4, 3, 2, 1), (2, 1, 4, 3), (3, 2, 1, 4), (2, 4, 1, 3)}
M(AUB) = 
[[2, 1, 3, 4], [2, 3, 4, 1], [2, 4, 1, 3]]
Distance:44

(78)
A = 
{(2, 1, 3, 4), (3, 1, 4, 2), (1, 4, 2, 3), (2, 4, 3, 1), (3, 4, 2, 1), (4, 2, 1, 3), (2, 3, 4, 1), (4, 3, 2, 1), (3, 2, 1, 4), (3, 4, 1, 2)}
M(A) = 
[[3, 1, 2, 4]]
Distance: 23
B = 
{(2, 1, 3, 4), (1, 3, 2, 4), (3, 4, 1, 2), (1, 2, 4, 3), (1, 2, 3, 4), (1, 4, 3, 2), (1, 4, 2, 3), (2, 4, 3, 1), (3, 1, 2, 4), (3, 1, 4, 2)}
M(B) = 
[[3, 1, 2, 4]]
Distance: 21
M(A) inter A:
set()
M(B) inter B:
{(1, 2, 3, 4), (1, 3, 2, 4)}

AUB = 
{(2, 1, 3, 4), (1, 3, 2, 4), (3, 1, 4, 2), (3, 4, 2, 1), (1, 2, 4, 3), (2, 3, 4, 1), (1, 4, 3, 2), (1, 2, 3, 4), (1, 4, 2, 3), (4, 2, 1, 3), (3, 1, 2, 4), (2, 4, 3, 1), (4, 3, 2, 1), (3, 2, 1, 4), (3, 4, 1, 2)}
M(AUB) = 
[[3, 1, 2, 4]]
Distance:40

(79)
A = 
{(2, 3, 1, 4), (3, 1, 4, 2), (1, 3, 4, 2), (1, 4, 2, 3), (4, 1, 2, 3), (2, 1, 3, 4), (4, 2, 3, 1), (2, 1, 4, 3), (3, 1, 2, 4), (1, 2, 3, 4)}
M(A) = 
[[2, 3, 1, 4], [2, 3, 4, 1]]
Distance: 22
B = 
{(2, 3, 1, 4), (3, 4, 1, 2), (3, 2, 4, 1), (4, 3, 1, 2), (2, 4, 3, 1), (3, 4, 2, 1), (2, 3, 4, 1), (4, 2, 3, 1), (3, 2, 1, 4), (2, 4, 1, 3)}
M(B) = 
[[2, 3, 1, 4], [2, 3, 4, 1]]
Distance: 18
M(A) inter A:
set()
M(B) inter B:
{(3, 2, 4, 1), (2, 3, 4, 1)}

AUB = 
{(2, 4, 1, 3), (2, 3, 4, 1), (2, 3, 1, 4), (3, 4, 1, 2), (3, 1, 4, 2), (3, 2, 4, 1), (4, 3, 1, 2), (1, 2, 3, 4), (1, 3, 4, 2), (3, 2, 1, 4), (1, 4, 2, 3), (4, 1, 2, 3), (2, 4, 3, 1), (3, 4, 2, 1), (2, 1, 3, 4), (4, 2, 3, 1), (3, 1, 2, 4), (2, 1, 4, 3)}
M(AUB) = 
[[2, 3, 1, 4], [2, 3, 4, 1]]
Distance:47

(80)
A = 
{(2, 1, 3, 4), (1, 3, 2, 4), (3, 4, 1, 2), (1, 4, 2, 3), (1, 3, 4, 2), (3, 4, 2, 1), (4, 1, 2, 3), (2, 3, 4, 1), (4, 3, 2, 1), (2, 4, 1, 3)}
M(A) = 
[[4, 1, 3, 2], [4, 2, 1, 3], [4, 3, 2, 1]]
Distance: 28
B = 
{(2, 1, 3, 4), (1, 4, 3, 2), (3, 2, 1, 4), (1, 4, 2, 3), (4, 3, 2, 1), (2, 4, 3, 1), (4, 1, 3, 2), (4, 2, 3, 1), (3, 1, 2, 4), (2, 1, 4, 3)}
M(B) = 
[[4, 1, 3, 2], [4, 2, 1, 3], [4, 3, 2, 1]]
Distance: 26
M(A) inter A:
set()
M(B) inter B:
{(2, 1, 4, 3)}

AUB = 
{(2, 4, 1, 3), (2, 1, 3, 4), (1, 3, 2, 4), (3, 4, 2, 1), (2, 4, 3, 1), (4, 2, 3, 1), (1, 3, 4, 2), (1, 4, 3, 2), (1, 4, 2, 3), (4, 1, 2, 3), (3, 1, 2, 4), (2, 3, 4, 1), (4, 1, 3, 2), (4, 3, 2, 1), (2, 1, 4, 3), (3, 2, 1, 4), (3, 4, 1, 2)}
M(AUB) = 
[[4, 1, 3, 2], [4, 2, 1, 3], [4, 3, 2, 1]]
Distance:49

(81)
A = 
{(4, 2, 3, 1), (3, 4, 1, 2), (1, 2, 4, 3), (4, 1, 2, 3), (1, 4, 2, 3), (2, 1, 3, 4), (2, 4, 3, 1), (4, 3, 2, 1), (3, 1, 2, 4), (2, 4, 1, 3)}
M(A) = 
[[1, 4, 2, 3], [2, 1, 4, 3], [4, 2, 1, 3]]
Distance: 25
B = 
{(2, 1, 3, 4), (3, 1, 4, 2), (1, 4, 3, 2), (3, 4, 2, 1), (4, 2, 1, 3), (2, 4, 3, 1), (4, 3, 2, 1), (2, 1, 4, 3), (3, 2, 1, 4), (1, 3, 2, 4)}
M(B) = 
[[1, 4, 2, 3], [2, 1, 4, 3], [4, 2, 1, 3]]
Distance: 26
M(A) inter A:
set()
M(B) inter B:
{(3, 2, 1, 4)}

AUB = 
{(3, 1, 4, 2), (4, 1, 2, 3), (1, 3, 2, 4), (3, 4, 1, 2), (4, 3, 2, 1), (1, 4, 2, 3), (1, 4, 3, 2), (3, 2, 1, 4), (1, 2, 4, 3), (2, 1, 3, 4), (4, 2, 1, 3), (2, 4, 3, 1), (3, 4, 2, 1), (4, 2, 3, 1), (2, 1, 4, 3), (3, 1, 2, 4), (2, 4, 1, 3)}
M(AUB) = 
[[1, 4, 2, 3], [2, 1, 4, 3], [4, 2, 1, 3]]
Distance:48

(82)
A = 
{(4, 1, 2, 3), (3, 4, 1, 2), (3, 1, 4, 2), (1, 4, 3, 2), (1, 3, 4, 2), (3, 2, 4, 1), (4, 1, 3, 2), (4, 2, 3, 1), (3, 1, 2, 4), (1, 2, 3, 4)}
M(A) = 
[[1, 3, 4, 2], [3, 1, 4, 2], [3, 4, 1, 2]]
Distance: 22
B = 
{(4, 1, 2, 3), (1, 3, 2, 4), (3, 1, 4, 2), (4, 3, 1, 2), (1, 3, 4, 2), (1, 4, 3, 2), (3, 2, 4, 1), (4, 1, 3, 2), (3, 1, 2, 4), (1, 2, 3, 4)}
M(B) = 
[[1, 3, 4, 2], [3, 1, 4, 2], [3, 4, 1, 2]]
Distance: 19
M(A) inter A:
{(1, 3, 4, 2)}
M(B) inter B:
{(1, 3, 4, 2)}

AUB = 
{(4, 1, 2, 3), (1, 3, 2, 4), (3, 4, 1, 2), (4, 3, 1, 2), (1, 2, 3, 4), (4, 2, 3, 1), (1, 4, 3, 2), (1, 3, 4, 2), (3, 2, 4, 1), (4, 1, 3, 2), (3, 1, 2, 4), (3, 1, 4, 2)}
M(AUB) = 
[[1, 3, 4, 2], [3, 1, 4, 2], [3, 4, 1, 2]]
Distance:26

(83)
A = 
{(3, 1, 4, 2), (2, 1, 3, 4), (3, 4, 1, 2), (1, 3, 4, 2), (1, 4, 2, 3), (2, 3, 1, 4), (4, 2, 1, 3), (2, 3, 4, 1), (3, 2, 1, 4), (1, 2, 3, 4)}
M(A) = 
[[2, 3, 1, 4]]
Distance: 24
B = 
{(4, 2, 3, 1), (3, 4, 1, 2), (1, 2, 3, 4), (1, 3, 4, 2), (3, 1, 2, 4), (3, 4, 2, 1), (2, 3, 1, 4), (4, 3, 1, 2), (3, 2, 1, 4), (2, 4, 1, 3)}
M(B) = 
[[2, 3, 1, 4]]
Distance: 25
M(A) inter A:
{(3, 1, 4, 2), (3, 4, 1, 2), (3, 2, 1, 4)}
M(B) inter B:
{(3, 4, 2, 1), (3, 2, 1, 4), (3, 4, 1, 2), (3, 1, 2, 4)}

AUB = 
{(2, 4, 1, 3), (2, 1, 3, 4), (3, 1, 4, 2), (3, 4, 2, 1), (4, 3, 1, 2), (2, 3, 4, 1), (1, 3, 4, 2), (1, 2, 3, 4), (1, 4, 2, 3), (2, 3, 1, 4), (3, 1, 2, 4), (4, 2, 1, 3), (4, 2, 3, 1), (3, 2, 1, 4), (3, 4, 1, 2)}
M(AUB) = 
[[2, 3, 1, 4]]
Distance:40

(84)
A = 
{(4, 1, 2, 3), (3, 1, 4, 2), (1, 2, 4, 3), (1, 3, 4, 2), (3, 2, 4, 1), (2, 3, 1, 4), (2, 3, 4, 1), (4, 3, 2, 1), (3, 1, 2, 4), (3, 4, 1, 2)}
M(A) = 
[[4, 3, 1, 2]]
Distance: 24
B = 
{(2, 4, 1, 3), (4, 2, 1, 3), (1, 3, 2, 4), (1, 2, 4, 3), (4, 3, 1, 2), (2, 3, 4, 1), (1, 4, 2, 3), (2, 4, 3, 1), (4, 3, 2, 1), (4, 1, 3, 2)}
M(B) = 
[[4, 3, 1, 2]]
Distance: 23
M(A) inter A:
{(4, 1, 2, 3)}
M(B) inter B:
{(4, 2, 1, 3), (2, 4, 1, 3)}

AUB = 
{(2, 4, 1, 3), (4, 1, 2, 3), (1, 3, 2, 4), (3, 1, 4, 2), (3, 2, 4, 1), (4, 3, 1, 2), (2, 4, 3, 1), (1, 3, 4, 2), (1, 2, 4, 3), (2, 3, 1, 4), (1, 4, 2, 3), (4, 2, 1, 3), (2, 3, 4, 1), (4, 1, 3, 2), (4, 3, 2, 1), (3, 1, 2, 4), (3, 4, 1, 2)}
M(AUB) = 
[[4, 3, 1, 2]]
Distance:46

(85)
A = 
{(3, 1, 4, 2), (4, 1, 2, 3), (1, 2, 3, 4), (1, 2, 4, 3), (1, 3, 4, 2), (3, 2, 4, 1), (2, 3, 1, 4), (4, 2, 1, 3), (2, 1, 4, 3), (1, 3, 2, 4)}
M(A) = 
[[1, 3, 2, 4], [1, 3, 4, 2]]
Distance: 22
B = 
{(4, 1, 2, 3), (1, 3, 2, 4), (3, 2, 4, 1), (1, 2, 3, 4), (1, 3, 4, 2), (1, 4, 3, 2), (1, 2, 4, 3), (4, 1, 3, 2), (3, 1, 2, 4), (3, 4, 1, 2)}
M(B) = 
[[1, 3, 2, 4], [1, 3, 4, 2]]
Distance: 20
M(A) inter A:
{(1, 3, 2, 4), (1, 3, 4, 2)}
M(B) inter B:
{(1, 3, 2, 4), (1, 3, 4, 2)}

AUB = 
{(3, 4, 1, 2), (4, 1, 2, 3), (1, 3, 2, 4), (3, 1, 4, 2), (3, 2, 4, 1), (1, 3, 4, 2), (1, 4, 3, 2), (1, 2, 4, 3), (2, 3, 1, 4), (4, 2, 1, 3), (4, 1, 3, 2), (2, 1, 4, 3), (3, 1, 2, 4), (1, 2, 3, 4)}
M(AUB) = 
[[1, 3, 2, 4], [1, 3, 4, 2]]
Distance:33

(86)
A = 
{(4, 1, 2, 3), (1, 2, 3, 4), (1, 4, 2, 3), (2, 3, 4, 1), (1, 2, 4, 3), (4, 2, 1, 3), (2, 4, 3, 1), (4, 1, 3, 2), (4, 2, 3, 1), (2, 4, 1, 3)}
M(A) = 
[[2, 4, 1, 3]]
Distance: 19
B = 
{(2, 1, 4, 3), (1, 2, 3, 4), (3, 2, 4, 1), (3, 1, 2, 4), (3, 4, 2, 1), (2, 1, 3, 4), (2, 3, 4, 1), (4, 2, 3, 1), (3, 2, 1, 4), (2, 4, 1, 3)}
M(B) = 
[[2, 4, 1, 3]]
Distance: 20
M(A) inter A:
{(2, 3, 4, 1)}
M(B) inter B:
{(2, 3, 4, 1)}

AUB = 
{(2, 4, 1, 3), (4, 1, 2, 3), (1, 2, 3, 4), (1, 2, 4, 3), (2, 4, 3, 1), (3, 2, 1, 4), (1, 4, 2, 3), (4, 2, 1, 3), (3, 2, 4, 1), (2, 3, 4, 1), (3, 4, 2, 1), (2, 1, 3, 4), (4, 2, 3, 1), (2, 1, 4, 3), (3, 1, 2, 4), (4, 1, 3, 2)}
M(AUB) = 
[[2, 4, 1, 3]]
Distance:38

(87)
A = 
{(4, 2, 1, 3), (3, 1, 4, 2), (3, 2, 4, 1), (1, 2, 3, 4), (1, 4, 3, 2), (1, 2, 4, 3), (2, 4, 3, 1), (4, 2, 3, 1), (2, 1, 4, 3), (4, 3, 1, 2)}
M(A) = 
[[4, 1, 3, 2]]
Distance: 27
B = 
{(4, 1, 2, 3), (3, 4, 1, 2), (3, 1, 4, 2), (4, 3, 1, 2), (1, 3, 4, 2), (3, 2, 4, 1), (2, 3, 4, 1), (4, 1, 3, 2), (4, 3, 2, 1), (1, 3, 2, 4)}
M(B) = 
[[4, 1, 3, 2]]
Distance: 19
M(A) inter A:
set()
M(B) inter B:
{(3, 4, 1, 2)}

AUB = 
{(4, 2, 1, 3), (3, 4, 1, 2), (3, 1, 4, 2), (4, 3, 2, 1), (1, 2, 4, 3), (4, 3, 1, 2), (2, 3, 4, 1), (1, 4, 3, 2), (1, 3, 2, 4), (1, 3, 4, 2), (3, 2, 4, 1), (4, 1, 2, 3), (2, 4, 3, 1), (4, 1, 3, 2), (4, 2, 3, 1), (2, 1, 4, 3), (1, 2, 3, 4)}
M(AUB) = 
[[4, 1, 3, 2]]
Distance:44

(88)
A = 
{(2, 3, 1, 4), (3, 4, 1, 2), (1, 2, 4, 3), (3, 2, 1, 4), (3, 2, 4, 1), (2, 1, 3, 4), (2, 4, 3, 1), (4, 3, 2, 1), (3, 1, 2, 4), (2, 4, 1, 3)}
M(A) = 
[[1, 3, 2, 4], [3, 1, 2, 4], [3, 2, 1, 4], [3, 2, 4, 1]]
Distance: 22
B = 
{(4, 2, 1, 3), (3, 4, 1, 2), (3, 2, 4, 1), (4, 3, 1, 2), (1, 4, 3, 2), (1, 3, 4, 2), (1, 2, 4, 3), (4, 1, 2, 3), (2, 4, 1, 3), (1, 3, 2, 4)}
M(B) = 
[[1, 3, 2, 4], [3, 1, 2, 4], [3, 2, 1, 4], [3, 2, 4, 1]]
Distance: 22
M(A) inter A:
set()
M(B) inter B:
set()

AUB = 
{(2, 3, 1, 4), (1, 3, 2, 4), (3, 4, 1, 2), (3, 2, 4, 1), (4, 3, 1, 2), (1, 4, 3, 2), (1, 3, 4, 2), (3, 1, 2, 4), (4, 1, 2, 3), (1, 2, 4, 3), (2, 1, 3, 4), (4, 2, 1, 3), (2, 4, 3, 1), (4, 3, 2, 1), (3, 2, 1, 4), (2, 4, 1, 3)}
M(AUB) = 
[[1, 3, 2, 4], [3, 1, 2, 4], [3, 2, 1, 4], [3, 2, 4, 1]]
Distance:46

(89)
A = 
{(2, 3, 1, 4), (1, 2, 3, 4), (3, 4, 2, 1), (1, 3, 4, 2), (3, 2, 1, 4), (3, 2, 4, 1), (2, 3, 4, 1), (4, 3, 1, 2), (3, 1, 2, 4), (2, 4, 1, 3)}
M(A) = 
[[3, 2, 1, 4]]
Distance: 21
B = 
{(2, 1, 3, 4), (1, 3, 2, 4), (3, 2, 1, 4), (1, 4, 3, 2), (1, 3, 4, 2), (1, 4, 2, 3), (2, 3, 1, 4), (4, 3, 2, 1), (3, 1, 2, 4), (2, 1, 4, 3)}
M(B) = 
[[3, 2, 1, 4]]
Distance: 22
M(A) inter A:
set()
M(B) inter B:
{(1, 3, 2, 4)}

AUB = 
{(2, 3, 1, 4), (1, 3, 2, 4), (1, 2, 3, 4), (4, 3, 2, 1), (3, 2, 4, 1), (1, 3, 4, 2), (3, 1, 2, 4), (3, 4, 2, 1), (2, 1, 3, 4), (1, 4, 2, 3), (2, 3, 4, 1), (1, 4, 3, 2), (2, 4, 1, 3), (2, 1, 4, 3), (3, 2, 1, 4), (4, 3, 1, 2)}
M(AUB) = 
[[3, 2, 1, 4]]
Distance:40

(90)
A = 
{(2, 1, 3, 4), (1, 3, 2, 4), (1, 4, 2, 3), (1, 3, 4, 2), (3, 4, 2, 1), (4, 1, 2, 3), (2, 3, 4, 1), (4, 1, 3, 2), (4, 3, 2, 1), (2, 1, 4, 3)}
M(A) = 
[[1, 4, 2, 3]]
Distance: 27
B = 
{(2, 1, 3, 4), (3, 1, 4, 2), (1, 2, 4, 3), (2, 3, 1, 4), (1, 4, 3, 2), (1, 3, 4, 2), (1, 4, 2, 3), (4, 1, 2, 3), (4, 2, 3, 1), (1, 2, 3, 4)}
M(B) = 
[[1, 4, 2, 3]]
Distance: 20
M(A) inter A:
{(1, 4, 2, 3)}
M(B) inter B:
{(1, 4, 2, 3)}

AUB = 
{(3, 1, 4, 2), (2, 1, 3, 4), (1, 3, 2, 4), (3, 4, 2, 1), (1, 2, 3, 4), (1, 2, 4, 3), (2, 3, 1, 4), (4, 2, 3, 1), (1, 3, 4, 2), (1, 4, 3, 2), (1, 4, 2, 3), (4, 1, 2, 3), (2, 3, 4, 1), (4, 3, 2, 1), (2, 1, 4, 3), (4, 1, 3, 2)}
M(AUB) = 
[[1, 4, 2, 3]]
Distance:41

(91)
A = 
{(2, 1, 4, 3), (1, 3, 2, 4), (1, 2, 3, 4), (1, 4, 2, 3), (1, 3, 4, 2), (3, 2, 1, 4), (3, 4, 2, 1), (4, 1, 3, 2), (3, 1, 2, 4), (4, 3, 1, 2)}
M(A) = 
[[1, 3, 4, 2]]
Distance: 22
B = 
{(4, 2, 1, 3), (3, 1, 4, 2), (4, 3, 1, 2), (1, 4, 3, 2), (1, 3, 4, 2), (3, 2, 4, 1), (4, 1, 3, 2), (4, 2, 3, 1), (3, 2, 1, 4), (2, 1, 4, 3)}
M(B) = 
[[1, 3, 4, 2]]
Distance: 25
M(A) inter A:
{(4, 1, 3, 2), (4, 3, 1, 2)}
M(B) inter B:
{(4, 1, 3, 2), (1, 4, 3, 2), (4, 3, 1, 2)}

AUB = 
{(3, 1, 4, 2), (4, 2, 1, 3), (1, 3, 2, 4), (3, 4, 2, 1), (4, 3, 1, 2), (1, 2, 3, 4), (4, 2, 3, 1), (1, 3, 4, 2), (3, 1, 2, 4), (1, 4, 2, 3), (3, 2, 4, 1), (1, 4, 3, 2), (4, 1, 3, 2), (3, 2, 1, 4), (2, 1, 4, 3)}
M(AUB) = 
[[1, 3, 4, 2]]
Distance:37

(92)
A = 
{(2, 1, 3, 4), (1, 3, 2, 4), (3, 1, 4, 2), (2, 3, 1, 4), (1, 4, 3, 2), (1, 3, 4, 2), (1, 4, 2, 3), (4, 2, 1, 3), (4, 3, 2, 1), (2, 1, 4, 3)}
M(A) = 
[[1, 3, 2, 4], [2, 1, 3, 4], [3, 2, 1, 4]]
Distance: 24
B = 
{(4, 2, 1, 3), (3, 4, 1, 2), (1, 2, 4, 3), (1, 3, 4, 2), (3, 2, 4, 1), (2, 1, 3, 4), (2, 3, 4, 1), (4, 3, 2, 1), (3, 2, 1, 4), (1, 3, 2, 4)}
M(B) = 
[[1, 3, 2, 4], [2, 1, 3, 4], [3, 2, 1, 4]]
Distance: 25
M(A) inter A:
set()
M(B) inter B:
{(3, 2, 4, 1), (3, 2, 1, 4)}

AUB = 
{(2, 1, 3, 4), (3, 4, 1, 2), (1, 3, 2, 4), (1, 2, 4, 3), (2, 3, 4, 1), (1, 4, 3, 2), (1, 3, 4, 2), (1, 4, 2, 3), (2, 3, 1, 4), (3, 2, 4, 1), (4, 2, 1, 3), (4, 3, 2, 1), (2, 1, 4, 3), (3, 2, 1, 4), (3, 1, 4, 2)}
M(AUB) = 
[[1, 3, 2, 4], [2, 1, 3, 4], [3, 2, 1, 4]]
Distance:40

(93)
A = 
{(2, 4, 1, 3), (4, 1, 2, 3), (3, 4, 1, 2), (1, 3, 2, 4), (1, 4, 3, 2), (1, 2, 4, 3), (4, 2, 1, 3), (2, 4, 3, 1), (4, 1, 3, 2), (4, 3, 1, 2)}
M(A) = 
[[1, 2, 4, 3], [2, 4, 1, 3], [4, 1, 2, 3]]
Distance: 20
B = 
{(2, 3, 1, 4), (1, 3, 2, 4), (1, 2, 3, 4), (3, 2, 4, 1), (1, 2, 4, 3), (4, 1, 2, 3), (2, 3, 4, 1), (2, 4, 1, 3), (3, 1, 2, 4), (4, 3, 1, 2)}
M(B) = 
[[1, 2, 4, 3], [2, 4, 1, 3], [4, 1, 2, 3]]
Distance: 24
M(A) inter A:
set()
M(B) inter B:
{(1, 2, 3, 4)}

AUB = 
{(2, 3, 4, 1), (4, 1, 2, 3), (1, 3, 2, 4), (3, 4, 1, 2), (3, 2, 4, 1), (4, 3, 1, 2), (2, 3, 1, 4), (1, 4, 3, 2), (1, 2, 3, 4), (1, 2, 4, 3), (4, 2, 1, 3), (2, 4, 3, 1), (4, 1, 3, 2), (3, 1, 2, 4), (2, 4, 1, 3)}
M(AUB) = 
[[1, 2, 4, 3], [2, 4, 1, 3], [4, 1, 2, 3]]
Distance:42

(94)
A = 
{(2, 3, 1, 4), (1, 3, 2, 4), (3, 4, 2, 1), (1, 2, 3, 4), (1, 4, 3, 2), (1, 4, 2, 3), (2, 4, 3, 1), (4, 3, 1, 2), (3, 2, 1, 4), (2, 4, 1, 3)}
M(A) = 
[[3, 2, 4, 1]]
Distance: 28
B = 
{(2, 1, 3, 4), (3, 4, 1, 2), (1, 3, 2, 4), (1, 2, 3, 4), (3, 2, 4, 1), (2, 4, 3, 1), (2, 3, 4, 1), (2, 4, 1, 3), (3, 2, 1, 4), (4, 1, 3, 2)}
M(B) = 
[[3, 2, 4, 1]]
Distance: 23
M(A) inter A:
set()
M(B) inter B:
{(3, 2, 4, 1), (2, 3, 4, 1)}

AUB = 
{(2, 4, 1, 3), (2, 3, 1, 4), (3, 4, 1, 2), (1, 3, 2, 4), (1, 4, 2, 3), (2, 3, 4, 1), (1, 4, 3, 2), (3, 4, 2, 1), (2, 1, 3, 4), (3, 2, 4, 1), (2, 4, 3, 1), (4, 1, 3, 2), (4, 3, 1, 2), (3, 2, 1, 4), (1, 2, 3, 4)}
M(AUB) = 
[[3, 2, 4, 1]]
Distance:40

(95)
A = 
{(4, 2, 3, 1), (3, 2, 4, 1), (1, 3, 4, 2), (3, 4, 2, 1), (4, 1, 2, 3), (2, 3, 4, 1), (4, 1, 3, 2), (4, 3, 2, 1), (3, 1, 2, 4), (2, 4, 1, 3)}
M(A) = 
[[3, 2, 4, 1]]
Distance: 23
B = 
{(2, 1, 3, 4), (1, 3, 2, 4), (3, 2, 4, 1), (1, 4, 3, 2), (3, 4, 2, 1), (2, 4, 3, 1), (2, 4, 1, 3), (2, 1, 4, 3), (3, 2, 1, 4), (4, 1, 3, 2)}
M(B) = 
[[3, 2, 4, 1]]
Distance: 26
M(A) inter A:
{(3, 2, 4, 1), (2, 4, 1, 3)}
M(B) inter B:
{(3, 2, 4, 1), (2, 1, 3, 4), (2, 1, 4, 3), (3, 2, 1, 4), (2, 4, 1, 3)}

AUB = 
{(2, 4, 1, 3), (3, 2, 1, 4), (4, 1, 2, 3), (1, 3, 2, 4), (3, 4, 2, 1), (2, 4, 3, 1), (1, 3, 4, 2), (1, 4, 3, 2), (3, 2, 4, 1), (4, 3, 2, 1), (2, 3, 4, 1), (2, 1, 3, 4), (4, 2, 3, 1), (2, 1, 4, 3), (3, 1, 2, 4), (4, 1, 3, 2)}
M(AUB) = 
[[3, 2, 4, 1]]
Distance:43

(96)
A = 
{(4, 2, 1, 3), (3, 4, 1, 2), (1, 3, 2, 4), (1, 4, 2, 3), (1, 3, 4, 2), (4, 1, 2, 3), (3, 4, 2, 1), (4, 3, 2, 1), (4, 3, 1, 2), (4, 1, 3, 2)}
M(A) = 
[[4, 1, 3, 2], [4, 3, 1, 2]]
Distance: 18
B = 
{(2, 4, 1, 3), (4, 2, 3, 1), (3, 4, 1, 2), (3, 4, 2, 1), (4, 3, 1, 2), (3, 1, 2, 4), (1, 4, 2, 3), (4, 3, 2, 1), (3, 2, 1, 4), (4, 1, 3, 2)}
M(B) = 
[[4, 1, 3, 2], [4, 3, 1, 2]]
Distance: 21
M(A) inter A:
{(4, 3, 2, 1), (4, 3, 1, 2)}
M(B) inter B:
{(4, 3, 2, 1), (4, 3, 1, 2)}

AUB = 
{(2, 4, 1, 3), (4, 2, 1, 3), (3, 4, 1, 2), (3, 4, 2, 1), (4, 3, 1, 2), (4, 2, 3, 1), (1, 3, 4, 2), (3, 2, 1, 4), (1, 4, 2, 3), (4, 1, 2, 3), (4, 1, 3, 2), (4, 3, 2, 1), (3, 1, 2, 4), (1, 3, 2, 4)}
M(AUB) = 
[[4, 1, 3, 2], [4, 3, 1, 2]]
Distance:33

(97)
A = 
{(4, 2, 3, 1), (3, 1, 4, 2), (3, 4, 2, 1), (2, 4, 3, 1), (1, 4, 2, 3), (2, 3, 1, 4), (2, 3, 4, 1), (4, 3, 2, 1), (3, 1, 2, 4), (2, 1, 4, 3)}
M(A) = 
[[2, 4, 3, 1], [4, 2, 3, 1]]
Distance: 24
B = 
{(4, 1, 2, 3), (3, 2, 4, 1), (4, 3, 1, 2), (4, 2, 3, 1), (1, 2, 4, 3), (4, 3, 2, 1), (2, 3, 4, 1), (4, 1, 3, 2), (3, 1, 2, 4), (2, 4, 1, 3)}
M(B) = 
[[2, 4, 3, 1], [4, 2, 3, 1]]
Distance: 24
M(A) inter A:
{(4, 2, 3, 1), (4, 3, 2, 1), (2, 4, 3, 1)}
M(B) inter B:
{(4, 2, 3, 1), (4, 3, 2, 1), (4, 3, 1, 2)}

AUB = 
{(2, 4, 1, 3), (2, 3, 1, 4), (3, 1, 4, 2), (1, 4, 2, 3), (4, 3, 1, 2), (1, 2, 4, 3), (2, 3, 4, 1), (4, 1, 2, 3), (3, 4, 2, 1), (4, 3, 2, 1), (3, 2, 4, 1), (2, 4, 3, 1), (4, 1, 3, 2), (4, 2, 3, 1), (3, 1, 2, 4), (2, 1, 4, 3)}
M(AUB) = 
[[2, 4, 3, 1], [4, 2, 3, 1]]
Distance:40

(98)
A = 
{(2, 3, 1, 4), (3, 4, 1, 2), (1, 2, 3, 4), (1, 2, 4, 3), (2, 3, 4, 1), (3, 2, 4, 1), (4, 2, 1, 3), (2, 4, 3, 1), (4, 3, 1, 2), (2, 4, 1, 3)}
M(A) = 
[[2, 4, 3, 1]]
Distance: 22
B = 
{(2, 4, 1, 3), (4, 2, 1, 3), (3, 4, 1, 2), (4, 3, 1, 2), (1, 3, 4, 2), (1, 4, 2, 3), (2, 3, 1, 4), (2, 3, 4, 1), (4, 2, 3, 1), (1, 2, 3, 4)}
M(B) = 
[[2, 4, 3, 1]]
Distance: 26
M(A) inter A:
{(4, 2, 1, 3)}
M(B) inter B:
{(4, 2, 3, 1), (4, 2, 1, 3)}

AUB = 
{(2, 4, 1, 3), (2, 3, 1, 4), (3, 4, 1, 2), (3, 2, 4, 1), (2, 4, 3, 1), (4, 2, 3, 1), (1, 3, 4, 2), (1, 2, 4, 3), (4, 2, 1, 3), (1, 4, 2, 3), (2, 3, 4, 1), (4, 3, 1, 2), (1, 2, 3, 4)}
M(AUB) = 
[[2, 4, 3, 1]]
Distance:33

(99)
A = 
{(3, 1, 4, 2), (4, 2, 1, 3), (1, 3, 2, 4), (3, 4, 1, 2), (1, 2, 4, 3), (3, 2, 4, 1), (2, 1, 3, 4), (2, 3, 4, 1), (3, 2, 1, 4), (1, 2, 3, 4)}
M(A) = 
[[2, 3, 1, 4]]
Distance: 24
B = 
{(2, 1, 3, 4), (1, 3, 2, 4), (4, 3, 2, 1), (1, 2, 4, 3), (2, 3, 1, 4), (3, 2, 4, 1), (4, 2, 1, 3), (2, 1, 4, 3), (3, 2, 1, 4), (3, 1, 4, 2)}
M(B) = 
[[2, 3, 1, 4]]
Distance: 23
M(A) inter A:
{(2, 1, 3, 4), (3, 2, 1, 4)}
M(B) inter B:
{(2, 1, 3, 4), (3, 2, 1, 4), (2, 3, 1, 4)}

AUB = 
{(4, 2, 1, 3), (3, 4, 1, 2), (3, 1, 4, 2), (3, 2, 4, 1), (1, 2, 3, 4), (1, 2, 4, 3), (2, 3, 1, 4), (2, 1, 3, 4), (2, 3, 4, 1), (4, 3, 2, 1), (2, 1, 4, 3), (3, 2, 1, 4), (1, 3, 2, 4)}
M(AUB) = 
[[2, 3, 1, 4]]
Distance:30

