(0)
A = 
{(2, 3, 1, 4, 5), (3, 4, 5, 1, 2), (5, 2, 1, 3, 4), (3, 1, 5, 4, 2), (5, 1, 4, 2, 3), (4, 5, 1, 3, 2), (2, 3, 5, 4, 1), (1, 4, 3, 2, 5), (1, 3, 2, 5, 4), (5, 4, 2, 3, 1)}
M(A) = 
[[5, 1, 2, 3, 4], [5, 1, 2, 4, 3], [5, 1, 4, 2, 3], [5, 4, 1, 2, 3]]
Distance: 42
B = 
{(4, 5, 2, 1, 3), (5, 2, 1, 4, 3), (5, 4, 1, 3, 2), (1, 2, 3, 5, 4), (1, 3, 5, 4, 2), (4, 1, 5, 3, 2), (5, 1, 2, 3, 4), (2, 5, 4, 3, 1), (3, 2, 4, 5, 1), (5, 2, 4, 3, 1)}
M(B) = 
[[5, 1, 2, 3, 4], [5, 1, 2, 4, 3], [5, 1, 4, 2, 3], [5, 4, 1, 2, 3]]
Distance: 36
M(A) inter A:
set()
M(B) inter B:
set()

AUB = 
{(2, 5, 4, 3, 1), (5, 1, 2, 3, 4), (5, 2, 1, 4, 3), (5, 4, 1, 3, 2), (2, 3, 1, 4, 5), (5, 2, 1, 3, 4), (3, 4, 5, 1, 2), (1, 3, 5, 4, 2), (5, 1, 4, 2, 3), (5, 2, 4, 3, 1), (4, 5, 2, 1, 3), (4, 1, 5, 3, 2), (3, 1, 5, 4, 2), (3, 2, 4, 5, 1), (1, 2, 3, 5, 4), (4, 5, 1, 3, 2), (1, 4, 3, 2, 5), (1, 3, 2, 5, 4), (5, 4, 2, 3, 1), (2, 3, 5, 4, 1)}
M(AUB) = 
[[5, 1, 2, 3, 4], [5, 1, 2, 4, 3], [5, 1, 4, 2, 3], [5, 4, 1, 2, 3]]
Distance:86

(1)
A = 
{(1, 3, 2, 4, 5), (3, 4, 1, 5, 2), (1, 2, 5, 3, 4), (3, 2, 1, 4, 5), (3, 5, 4, 1, 2), (4, 2, 3, 1, 5), (3, 5, 4, 2, 1), (2, 3, 4, 5, 1), (5, 2, 3, 4, 1), (3, 4, 2, 1, 5)}
M(A) = 
[[3, 1, 5, 2, 4], [3, 1, 5, 4, 2]]
Distance: 33
B = 
{(1, 3, 2, 4, 5), (1, 5, 4, 2, 3), (1, 5, 3, 4, 2), (4, 1, 5, 3, 2), (2, 5, 1, 3, 4), (1, 5, 2, 3, 4), (2, 3, 4, 5, 1), (3, 1, 4, 5, 2), (5, 2, 4, 3, 1), (3, 5, 2, 1, 4)}
M(B) = 
[[3, 1, 5, 2, 4], [3, 1, 5, 4, 2]]
Distance: 38
M(A) inter A:
set()
M(B) inter B:
{(1, 5, 2, 3, 4)}

AUB = 
{(1, 3, 2, 4, 5), (2, 5, 1, 3, 4), (1, 5, 4, 2, 3), (1, 2, 5, 3, 4), (3, 4, 1, 5, 2), (1, 5, 3, 4, 2), (4, 1, 5, 3, 2), (3, 2, 1, 4, 5), (3, 5, 4, 1, 2), (4, 2, 3, 1, 5), (3, 5, 4, 2, 1), (1, 5, 2, 3, 4), (2, 3, 4, 5, 1), (3, 1, 4, 5, 2), (5, 2, 3, 4, 1), (3, 5, 2, 1, 4), (3, 4, 2, 1, 5), (5, 2, 4, 3, 1)}
M(AUB) = 
[[3, 1, 5, 2, 4], [3, 1, 5, 4, 2]]
Distance:76

(2)
A = 
{(2, 5, 1, 3, 4), (5, 2, 1, 4, 3), (4, 3, 5, 2, 1), (2, 3, 1, 5, 4), (3, 1, 5, 4, 2), (1, 4, 3, 5, 2), (2, 5, 4, 3, 1), (5, 2, 3, 4, 1), (2, 1, 4, 3, 5), (1, 4, 2, 3, 5)}
M(A) = 
[[2, 1, 4, 3, 5]]
Distance: 42
B = 
{(5, 4, 2, 1, 3), (2, 1, 4, 5, 3), (3, 1, 4, 2, 5), (2, 4, 3, 1, 5), (4, 2, 1, 3, 5), (2, 1, 5, 3, 4), (3, 1, 5, 4, 2), (4, 3, 1, 2, 5), (3, 1, 4, 5, 2), (3, 4, 5, 2, 1)}
M(B) = 
[[2, 1, 4, 3, 5]]
Distance: 38
M(A) inter A:
set()
M(B) inter B:
set()

AUB = 
{(2, 3, 1, 5, 4), (5, 2, 1, 4, 3), (2, 1, 4, 5, 3), (4, 3, 5, 2, 1), (2, 4, 3, 1, 5), (5, 4, 2, 1, 3), (4, 2, 1, 3, 5), (2, 5, 1, 3, 4), (3, 1, 4, 2, 5), (2, 1, 5, 3, 4), (3, 1, 5, 4, 2), (1, 4, 3, 5, 2), (4, 3, 1, 2, 5), (2, 5, 4, 3, 1), (5, 2, 3, 4, 1), (3, 4, 5, 2, 1), (2, 1, 4, 3, 5), (1, 4, 2, 3, 5), (3, 1, 4, 5, 2)}
M(AUB) = 
[[2, 1, 4, 3, 5]]
Distance:79

(3)
A = 
{(5, 4, 1, 2, 3), (2, 1, 4, 5, 3), (4, 1, 5, 2, 3), (5, 2, 4, 3, 1), (5, 3, 4, 2, 1), (3, 1, 4, 2, 5), (3, 1, 5, 4, 2), (5, 4, 2, 3, 1), (5, 4, 3, 2, 1), (4, 2, 5, 3, 1)}
M(A) = 
[[4, 2, 5, 3, 1], [4, 5, 2, 3, 1], [5, 4, 2, 3, 1]]
Distance: 32
B = 
{(1, 3, 2, 4, 5), (4, 2, 5, 1, 3), (1, 5, 2, 3, 4), (3, 4, 2, 1, 5), (2, 3, 1, 5, 4), (1, 4, 2, 5, 3), (2, 5, 4, 3, 1), (1, 4, 3, 5, 2), (4, 3, 2, 1, 5), (5, 3, 1, 2, 4)}
M(B) = 
[[4, 2, 5, 3, 1], [4, 5, 2, 3, 1], [5, 4, 2, 3, 1]]
Distance: 44
M(A) inter A:
{(3, 1, 4, 2, 5), (2, 1, 4, 5, 3)}
M(B) inter B:
{(1, 3, 2, 4, 5), (1, 4, 2, 5, 3)}

AUB = 
{(1, 3, 2, 4, 5), (2, 3, 1, 5, 4), (5, 4, 1, 2, 3), (2, 1, 4, 5, 3), (4, 2, 5, 1, 3), (4, 1, 5, 2, 3), (3, 4, 2, 1, 5), (4, 3, 2, 1, 5), (5, 3, 4, 2, 1), (3, 1, 4, 2, 5), (1, 4, 2, 5, 3), (3, 1, 5, 4, 2), (1, 4, 3, 5, 2), (5, 4, 3, 2, 1), (2, 5, 4, 3, 1), (5, 2, 4, 3, 1), (1, 5, 2, 3, 4), (5, 3, 1, 2, 4), (5, 4, 2, 3, 1), (4, 2, 5, 3, 1)}
M(AUB) = 
[[4, 2, 5, 3, 1], [4, 5, 2, 3, 1], [5, 4, 2, 3, 1]]
Distance:88

(4)
A = 
{(3, 5, 4, 2, 1), (5, 2, 4, 1, 3), (5, 2, 1, 3, 4), (2, 1, 5, 3, 4), (2, 4, 3, 1, 5), (4, 1, 3, 5, 2), (5, 1, 2, 3, 4), (2, 3, 4, 5, 1), (4, 5, 3, 2, 1), (3, 2, 4, 5, 1)}
M(A) = 
[[2, 5, 3, 1, 4], [2, 5, 3, 4, 1], [5, 2, 3, 1, 4], [5, 2, 3, 4, 1]]
Distance: 38
B = 
{(2, 5, 1, 3, 4), (1, 2, 4, 5, 3), (1, 2, 5, 3, 4), (5, 2, 3, 1, 4), (2, 5, 1, 4, 3), (2, 3, 5, 1, 4), (3, 1, 5, 4, 2), (4, 3, 2, 1, 5), (5, 2, 3, 4, 1), (3, 4, 5, 2, 1)}
M(B) = 
[[2, 5, 3, 1, 4], [2, 5, 3, 4, 1], [5, 2, 3, 1, 4], [5, 2, 3, 4, 1]]
Distance: 34
M(A) inter A:
set()
M(B) inter B:
set()

AUB = 
{(5, 1, 2, 3, 4), (5, 2, 4, 1, 3), (1, 2, 5, 3, 4), (5, 2, 1, 3, 4), (2, 3, 5, 1, 4), (2, 1, 5, 3, 4), (2, 5, 1, 3, 4), (2, 4, 3, 1, 5), (5, 2, 3, 1, 4), (4, 1, 3, 5, 2), (1, 2, 4, 5, 3), (3, 5, 4, 2, 1), (4, 3, 2, 1, 5), (2, 3, 4, 5, 1), (2, 5, 1, 4, 3), (4, 5, 3, 2, 1), (3, 1, 5, 4, 2), (3, 2, 4, 5, 1), (3, 4, 5, 2, 1), (5, 2, 3, 4, 1)}
M(AUB) = 
[[2, 5, 3, 1, 4], [2, 5, 3, 4, 1], [5, 2, 3, 1, 4], [5, 2, 3, 4, 1]]
Distance:78

(5)
A = 
{(1, 3, 2, 4, 5), (1, 2, 5, 4, 3), (5, 4, 3, 1, 2), (2, 4, 3, 1, 5), (5, 3, 4, 1, 2), (5, 2, 4, 3, 1), (2, 3, 5, 1, 4), (4, 2, 3, 1, 5), (2, 4, 3, 5, 1), (5, 2, 3, 4, 1)}
M(A) = 
[[2, 4, 3, 1, 5]]
Distance: 36
B = 
{(1, 5, 4, 2, 3), (5, 3, 2, 1, 4), (2, 4, 1, 3, 5), (4, 2, 3, 1, 5), (2, 3, 5, 1, 4), (2, 3, 4, 5, 1), (2, 3, 4, 1, 5), (1, 3, 5, 2, 4), (2, 4, 3, 1, 5), (4, 3, 1, 5, 2)}
M(B) = 
[[2, 4, 3, 1, 5]]
Distance: 34
M(A) inter A:
{(2, 4, 3, 1, 5)}
M(B) inter B:
{(2, 4, 3, 1, 5), (2, 3, 4, 1, 5)}

AUB = 
{(1, 3, 2, 4, 5), (1, 2, 5, 4, 3), (1, 5, 4, 2, 3), (5, 4, 3, 1, 2), (2, 4, 1, 3, 5), (2, 4, 3, 1, 5), (5, 3, 4, 1, 2), (1, 3, 5, 2, 4), (4, 2, 3, 1, 5), (2, 3, 5, 1, 4), (2, 3, 4, 5, 1), (5, 2, 3, 4, 1), (2, 3, 4, 1, 5), (5, 2, 4, 3, 1), (5, 3, 2, 1, 4), (2, 4, 3, 5, 1), (4, 3, 1, 5, 2)}
M(AUB) = 
[[2, 4, 3, 1, 5]]
Distance:69

(6)
A = 
{(5, 2, 1, 4, 3), (2, 3, 1, 4, 5), (5, 4, 3, 1, 2), (2, 5, 4, 1, 3), (1, 2, 4, 3, 5), (1, 3, 4, 5, 2), (2, 3, 4, 5, 1), (1, 4, 3, 5, 2), (5, 4, 3, 2, 1), (2, 1, 4, 3, 5)}
M(A) = 
[[1, 4, 3, 5, 2]]
Distance: 41
B = 
{(4, 3, 1, 5, 2), (5, 4, 1, 3, 2), (5, 4, 3, 1, 2), (1, 3, 5, 2, 4), (1, 4, 5, 2, 3), (4, 3, 2, 1, 5), (2, 1, 4, 5, 3), (1, 4, 3, 2, 5), (5, 3, 1, 2, 4), (1, 4, 2, 3, 5)}
M(B) = 
[[1, 4, 3, 5, 2]]
Distance: 34
M(A) inter A:
{(1, 4, 3, 5, 2)}
M(B) inter B:
set()

AUB = 
{(5, 2, 1, 4, 3), (2, 3, 1, 4, 5), (5, 4, 1, 3, 2), (5, 4, 3, 1, 2), (5, 3, 1, 2, 4), (1, 3, 4, 5, 2), (1, 2, 4, 3, 5), (2, 5, 4, 1, 3), (2, 1, 4, 5, 3), (1, 3, 5, 2, 4), (1, 4, 5, 2, 3), (2, 3, 4, 5, 1), (1, 4, 3, 5, 2), (1, 4, 2, 3, 5), (4, 3, 2, 1, 5), (4, 3, 1, 5, 2), (5, 4, 3, 2, 1), (2, 1, 4, 3, 5), (1, 4, 3, 2, 5)}
M(AUB) = 
[[1, 4, 3, 5, 2]]
Distance:76

(7)
A = 
{(2, 1, 3, 4, 5), (4, 3, 5, 1, 2), (1, 3, 5, 2, 4), (5, 3, 1, 4, 2), (5, 1, 3, 2, 4), (2, 5, 3, 4, 1), (3, 2, 4, 5, 1), (2, 1, 4, 3, 5), (5, 4, 2, 3, 1), (4, 2, 3, 5, 1)}
M(A) = 
[[3, 2, 4, 5, 1]]
Distance: 43
B = 
{(5, 4, 2, 1, 3), (3, 2, 1, 4, 5), (3, 2, 5, 4, 1), (1, 2, 5, 3, 4), (3, 4, 2, 5, 1), (1, 2, 3, 4, 5), (3, 5, 4, 1, 2), (3, 4, 5, 2, 1), (2, 1, 3, 4, 5), (3, 4, 2, 1, 5)}
M(B) = 
[[3, 2, 4, 5, 1]]
Distance: 35
M(A) inter A:
{(3, 2, 4, 5, 1)}
M(B) inter B:
{(3, 4, 2, 5, 1), (3, 4, 2, 1, 5)}

AUB = 
{(3, 4, 2, 5, 1), (5, 4, 2, 1, 3), (4, 3, 5, 1, 2), (1, 2, 5, 3, 4), (3, 2, 5, 4, 1), (3, 5, 4, 1, 2), (1, 3, 5, 2, 4), (3, 2, 1, 4, 5), (5, 3, 1, 4, 2), (5, 1, 3, 2, 4), (3, 4, 5, 2, 1), (3, 4, 2, 1, 5), (2, 5, 3, 4, 1), (1, 2, 3, 4, 5), (3, 2, 4, 5, 1), (2, 1, 4, 3, 5), (2, 1, 3, 4, 5), (5, 4, 2, 3, 1), (4, 2, 3, 5, 1)}
M(AUB) = 
[[3, 2, 4, 5, 1]]
Distance:74

(8)
A = 
{(2, 1, 4, 5, 3), (1, 2, 3, 5, 4), (1, 5, 3, 2, 4), (3, 4, 1, 2, 5), (5, 3, 4, 2, 1), (4, 1, 5, 2, 3), (3, 1, 5, 4, 2), (4, 5, 2, 3, 1), (2, 3, 5, 4, 1), (1, 4, 2, 3, 5)}
M(A) = 
[[1, 3, 4, 2, 5]]
Distance: 46
B = 
{(1, 3, 2, 4, 5), (3, 2, 1, 5, 4), (4, 1, 5, 2, 3), (2, 4, 3, 1, 5), (4, 1, 3, 5, 2), (4, 3, 2, 5, 1), (3, 1, 4, 5, 2), (1, 4, 5, 3, 2), (4, 5, 1, 3, 2), (1, 2, 3, 4, 5)}
M(B) = 
[[1, 3, 4, 2, 5]]
Distance: 34
M(A) inter A:
set()
M(B) inter B:
{(4, 1, 3, 5, 2)}

AUB = 
{(1, 3, 2, 4, 5), (2, 1, 4, 5, 3), (3, 2, 1, 5, 4), (1, 2, 3, 5, 4), (4, 5, 1, 3, 2), (1, 5, 3, 2, 4), (3, 4, 1, 2, 5), (4, 1, 3, 5, 2), (1, 2, 3, 4, 5), (5, 3, 4, 2, 1), (4, 1, 5, 2, 3), (3, 1, 5, 4, 2), (4, 3, 2, 5, 1), (1, 4, 5, 3, 2), (4, 5, 2, 3, 1), (2, 3, 5, 4, 1), (1, 4, 2, 3, 5), (2, 4, 3, 1, 5), (3, 1, 4, 5, 2)}
M(AUB) = 
[[1, 3, 4, 2, 5]]
Distance:77

(9)
A = 
{(1, 3, 4, 2, 5), (2, 4, 1, 5, 3), (3, 2, 1, 5, 4), (1, 2, 3, 5, 4), (1, 5, 4, 3, 2), (4, 1, 3, 5, 2), (5, 1, 3, 4, 2), (2, 5, 3, 4, 1), (4, 3, 2, 1, 5), (4, 2, 5, 3, 1)}
M(A) = 
[[2, 1, 3, 4, 5], [2, 1, 3, 5, 4]]
Distance: 43
B = 
{(4, 5, 1, 2, 3), (2, 4, 5, 1, 3), (2, 1, 3, 5, 4), (1, 3, 5, 4, 2), (2, 4, 3, 1, 5), (1, 3, 4, 5, 2), (2, 3, 5, 1, 4), (5, 2, 3, 4, 1), (5, 3, 2, 1, 4), (3, 2, 4, 5, 1)}
M(B) = 
[[2, 1, 3, 4, 5], [2, 1, 3, 5, 4]]
Distance: 41
M(A) inter A:
set()
M(B) inter B:
{(2, 3, 5, 1, 4)}

AUB = 
{(1, 3, 4, 2, 5), (4, 5, 1, 2, 3), (2, 4, 1, 5, 3), (1, 2, 3, 5, 4), (3, 2, 1, 5, 4), (2, 3, 5, 1, 4), (1, 5, 4, 3, 2), (1, 3, 5, 4, 2), (2, 4, 3, 1, 5), (4, 1, 3, 5, 2), (2, 4, 5, 1, 3), (5, 1, 3, 4, 2), (2, 1, 3, 5, 4), (2, 5, 3, 4, 1), (1, 3, 4, 5, 2), (4, 3, 2, 1, 5), (5, 2, 3, 4, 1), (5, 3, 2, 1, 4), (3, 2, 4, 5, 1), (4, 2, 5, 3, 1)}
M(AUB) = 
[[2, 1, 3, 4, 5], [2, 1, 3, 5, 4]]
Distance:90

(10)
A = 
{(1, 3, 4, 2, 5), (4, 2, 1, 5, 3), (3, 5, 4, 1, 2), (5, 3, 1, 4, 2), (4, 1, 3, 5, 2), (4, 2, 1, 3, 5), (2, 3, 5, 1, 4), (3, 1, 2, 4, 5), (1, 4, 3, 5, 2), (4, 5, 3, 2, 1)}
M(A) = 
[[4, 3, 1, 5, 2]]
Distance: 39
B = 
{(5, 4, 1, 2, 3), (4, 3, 1, 5, 2), (3, 1, 2, 4, 5), (3, 4, 5, 1, 2), (4, 1, 2, 5, 3), (2, 3, 4, 1, 5), (4, 5, 1, 2, 3), (3, 1, 4, 2, 5), (1, 5, 2, 4, 3), (2, 4, 5, 3, 1)}
M(B) = 
[[4, 3, 1, 5, 2]]
Distance: 39
M(A) inter A:
set()
M(B) inter B:
{(4, 1, 2, 5, 3), (4, 3, 1, 5, 2)}

AUB = 
{(1, 3, 4, 2, 5), (4, 5, 1, 2, 3), (4, 1, 3, 5, 2), (4, 3, 1, 5, 2), (3, 4, 5, 1, 2), (4, 2, 1, 5, 3), (3, 1, 2, 4, 5), (5, 3, 1, 4, 2), (3, 5, 4, 1, 2), (5, 4, 1, 2, 3), (4, 2, 1, 3, 5), (2, 3, 5, 1, 4), (4, 1, 2, 5, 3), (3, 1, 4, 2, 5), (1, 4, 3, 5, 2), (1, 5, 2, 4, 3), (4, 5, 3, 2, 1), (2, 3, 4, 1, 5), (2, 4, 5, 3, 1)}
M(AUB) = 
[[4, 3, 1, 5, 2]]
Distance:74

(11)
A = 
{(5, 1, 2, 3, 4), (5, 4, 2, 1, 3), (1, 5, 3, 2, 4), (4, 2, 5, 1, 3), (2, 1, 3, 5, 4), (1, 3, 4, 5, 2), (5, 1, 2, 4, 3), (2, 4, 1, 5, 3), (5, 1, 3, 4, 2), (4, 3, 5, 2, 1)}
M(A) = 
[[1, 5, 4, 2, 3]]
Distance: 38
B = 
{(1, 4, 5, 3, 2), (1, 5, 2, 4, 3), (4, 2, 1, 5, 3), (5, 4, 1, 3, 2), (1, 5, 4, 3, 2), (2, 5, 1, 3, 4), (1, 4, 3, 5, 2), (2, 1, 5, 4, 3), (1, 4, 2, 3, 5), (1, 4, 3, 2, 5)}
M(B) = 
[[1, 5, 4, 2, 3]]
Distance: 29
M(A) inter A:
set()
M(B) inter B:
{(1, 5, 4, 3, 2), (1, 4, 5, 3, 2)}

AUB = 
{(5, 1, 3, 4, 2), (5, 4, 2, 1, 3), (5, 4, 1, 3, 2), (1, 5, 2, 4, 3), (4, 2, 1, 5, 3), (4, 2, 5, 1, 3), (1, 5, 3, 2, 4), (5, 1, 2, 4, 3), (2, 5, 1, 3, 4), (1, 3, 4, 5, 2), (2, 4, 1, 5, 3), (1, 4, 3, 2, 5), (5, 1, 2, 3, 4), (2, 1, 3, 5, 4), (1, 4, 3, 5, 2), (1, 4, 5, 3, 2), (1, 4, 2, 3, 5), (2, 1, 5, 4, 3), (1, 5, 4, 3, 2), (4, 3, 5, 2, 1)}
M(AUB) = 
[[1, 5, 4, 2, 3]]
Distance:69

(12)
A = 
{(1, 3, 4, 2, 5), (3, 5, 2, 4, 1), (3, 1, 5, 2, 4), (5, 2, 3, 1, 4), (1, 5, 3, 4, 2), (1, 2, 3, 4, 5), (3, 5, 4, 2, 1), (1, 4, 5, 3, 2), (2, 4, 5, 3, 1), (3, 5, 1, 2, 4)}
M(A) = 
[[5, 3, 1, 2, 4], [5, 3, 1, 4, 2]]
Distance: 36
B = 
{(5, 2, 4, 1, 3), (2, 1, 5, 4, 3), (3, 5, 1, 4, 2), (5, 1, 4, 3, 2), (4, 5, 3, 2, 1), (4, 5, 3, 1, 2), (4, 3, 1, 2, 5), (5, 4, 3, 2, 1), (1, 3, 2, 5, 4), (5, 2, 3, 4, 1)}
M(B) = 
[[5, 3, 1, 2, 4], [5, 3, 1, 4, 2]]
Distance: 35
M(A) inter A:
set()
M(B) inter B:
{(5, 4, 3, 2, 1)}

AUB = 
{(1, 3, 4, 2, 5), (3, 5, 4, 2, 1), (5, 2, 4, 1, 3), (3, 1, 5, 2, 4), (5, 2, 3, 1, 4), (1, 5, 3, 4, 2), (1, 3, 2, 5, 4), (1, 2, 3, 4, 5), (3, 5, 1, 4, 2), (3, 5, 2, 4, 1), (5, 1, 4, 3, 2), (4, 5, 3, 1, 2), (4, 3, 1, 2, 5), (1, 4, 5, 3, 2), (4, 5, 3, 2, 1), (2, 1, 5, 4, 3), (2, 4, 5, 3, 1), (3, 5, 1, 2, 4), (5, 4, 3, 2, 1), (5, 2, 3, 4, 1)}
M(AUB) = 
[[5, 3, 1, 2, 4], [5, 3, 1, 4, 2]]
Distance:81

(13)
A = 
{(2, 4, 1, 5, 3), (1, 5, 3, 2, 4), (2, 1, 3, 5, 4), (3, 4, 5, 1, 2), (2, 1, 5, 3, 4), (5, 3, 2, 1, 4), (2, 4, 1, 3, 5), (3, 1, 4, 2, 5), (1, 4, 2, 3, 5), (5, 3, 1, 2, 4)}
M(A) = 
[[1, 2, 5, 3, 4], [2, 1, 5, 3, 4]]
Distance: 40
B = 
{(2, 5, 1, 3, 4), (5, 4, 2, 1, 3), (1, 5, 4, 2, 3), (4, 1, 2, 5, 3), (3, 4, 2, 1, 5), (1, 2, 5, 4, 3), (5, 1, 2, 3, 4), (2, 5, 3, 4, 1), (4, 3, 5, 1, 2), (4, 2, 5, 3, 1)}
M(B) = 
[[1, 2, 5, 3, 4], [2, 1, 5, 3, 4]]
Distance: 39
M(A) inter A:
set()
M(B) inter B:
{(5, 4, 2, 1, 3)}

AUB = 
{(5, 1, 2, 3, 4), (2, 4, 1, 5, 3), (1, 5, 4, 2, 3), (3, 4, 5, 1, 2), (1, 5, 3, 2, 4), (5, 3, 1, 2, 4), (2, 4, 1, 3, 5), (1, 2, 5, 4, 3), (4, 1, 2, 5, 3), (5, 4, 2, 1, 3), (2, 5, 1, 3, 4), (2, 1, 3, 5, 4), (2, 1, 5, 3, 4), (3, 1, 4, 2, 5), (2, 5, 3, 4, 1), (1, 4, 2, 3, 5), (5, 3, 2, 1, 4), (3, 4, 2, 1, 5), (4, 2, 5, 3, 1), (4, 3, 5, 1, 2)}
M(AUB) = 
[[1, 2, 5, 3, 4], [2, 1, 5, 3, 4]]
Distance:85

(14)
A = 
{(4, 1, 2, 3, 5), (1, 3, 2, 4, 5), (1, 5, 4, 2, 3), (1, 5, 2, 3, 4), (3, 2, 4, 1, 5), (5, 3, 4, 2, 1), (3, 1, 5, 4, 2), (3, 1, 4, 5, 2), (2, 4, 5, 3, 1), (3, 5, 1, 2, 4)}
M(A) = 
[[3, 1, 4, 5, 2], [3, 1, 5, 4, 2]]
Distance: 39
B = 
{(4, 5, 2, 1, 3), (2, 3, 1, 4, 5), (2, 1, 3, 5, 4), (3, 4, 1, 2, 5), (5, 3, 4, 1, 2), (5, 1, 3, 4, 2), (2, 3, 5, 4, 1), (1, 4, 3, 5, 2), (4, 5, 2, 3, 1), (1, 3, 5, 2, 4)}
M(B) = 
[[3, 1, 4, 5, 2], [3, 1, 5, 4, 2]]
Distance: 45
M(A) inter A:
{(3, 1, 4, 5, 2), (3, 1, 5, 4, 2)}
M(B) inter B:
set()

AUB = 
{(4, 1, 2, 3, 5), (1, 3, 2, 4, 5), (1, 5, 4, 2, 3), (2, 3, 1, 4, 5), (1, 5, 2, 3, 4), (5, 1, 3, 4, 2), (3, 2, 4, 1, 5), (5, 3, 4, 1, 2), (1, 3, 5, 2, 4), (4, 5, 2, 1, 3), (5, 3, 4, 2, 1), (2, 1, 3, 5, 4), (3, 1, 5, 4, 2), (1, 4, 3, 5, 2), (4, 5, 2, 3, 1), (3, 1, 4, 5, 2), (2, 4, 5, 3, 1), (3, 5, 1, 2, 4), (3, 4, 1, 2, 5), (2, 3, 5, 4, 1)}
M(AUB) = 
[[3, 1, 4, 5, 2], [3, 1, 5, 4, 2]]
Distance:84

(15)
A = 
{(3, 1, 5, 2, 4), (1, 2, 5, 3, 4), (5, 2, 1, 3, 4), (1, 5, 3, 2, 4), (3, 4, 2, 1, 5), (4, 5, 1, 2, 3), (3, 1, 4, 5, 2), (1, 4, 3, 5, 2), (4, 3, 2, 1, 5), (4, 2, 5, 3, 1)}
M(A) = 
[[3, 1, 2, 4, 5], [3, 1, 5, 2, 4]]
Distance: 41
B = 
{(5, 2, 4, 1, 3), (2, 1, 4, 5, 3), (3, 1, 2, 4, 5), (5, 3, 1, 2, 4), (1, 2, 3, 4, 5), (3, 5, 1, 4, 2), (2, 5, 4, 3, 1), (1, 4, 3, 5, 2), (3, 1, 5, 4, 2), (2, 1, 4, 3, 5)}
M(B) = 
[[3, 1, 2, 4, 5], [3, 1, 5, 2, 4]]
Distance: 42
M(A) inter A:
{(3, 1, 5, 2, 4)}
M(B) inter B:
{(3, 1, 2, 4, 5), (1, 2, 3, 4, 5)}

AUB = 
{(5, 2, 4, 1, 3), (3, 1, 5, 2, 4), (5, 2, 1, 3, 4), (1, 2, 5, 3, 4), (1, 5, 3, 2, 4), (2, 5, 4, 3, 1), (3, 4, 2, 1, 5), (3, 1, 5, 4, 2), (3, 5, 1, 4, 2), (4, 5, 1, 2, 3), (3, 1, 2, 4, 5), (3, 1, 4, 5, 2), (1, 4, 3, 5, 2), (4, 3, 2, 1, 5), (2, 1, 4, 5, 3), (2, 1, 4, 3, 5), (5, 3, 1, 2, 4), (1, 2, 3, 4, 5), (4, 2, 5, 3, 1)}
M(AUB) = 
[[3, 1, 2, 4, 5], [3, 1, 5, 2, 4]]
Distance:83

(16)
A = 
{(2, 4, 3, 5, 1), (3, 2, 5, 4, 1), (1, 2, 5, 3, 4), (3, 4, 1, 5, 2), (4, 1, 5, 2, 3), (5, 1, 3, 2, 4), (4, 5, 3, 2, 1), (1, 4, 3, 2, 5), (3, 5, 2, 1, 4), (3, 2, 4, 5, 1)}
M(A) = 
[[3, 2, 4, 5, 1]]
Distance: 41
B = 
{(2, 4, 5, 1, 3), (4, 1, 5, 2, 3), (5, 3, 4, 1, 2), (1, 2, 3, 4, 5), (3, 5, 4, 1, 2), (2, 3, 1, 5, 4), (2, 3, 5, 4, 1), (4, 3, 1, 2, 5), (2, 4, 5, 3, 1), (1, 4, 2, 3, 5)}
M(B) = 
[[3, 2, 4, 5, 1]]
Distance: 42
M(A) inter A:
{(2, 4, 3, 5, 1)}
M(B) inter B:
set()

AUB = 
{(2, 3, 1, 5, 4), (2, 4, 5, 1, 3), (1, 4, 2, 3, 5), (3, 4, 1, 5, 2), (1, 2, 5, 3, 4), (4, 1, 5, 2, 3), (5, 3, 4, 1, 2), (1, 2, 3, 4, 5), (3, 2, 4, 5, 1), (1, 4, 3, 2, 5), (5, 1, 3, 2, 4), (4, 3, 1, 2, 5), (2, 3, 5, 4, 1), (2, 4, 5, 3, 1), (4, 5, 3, 2, 1), (2, 4, 3, 5, 1), (3, 5, 2, 1, 4), (3, 2, 5, 4, 1), (3, 5, 4, 1, 2)}
M(AUB) = 
[[3, 2, 4, 5, 1]]
Distance:79

(17)
A = 
{(4, 1, 2, 3, 5), (4, 2, 1, 5, 3), (1, 2, 3, 5, 4), (1, 2, 5, 3, 4), (4, 3, 2, 5, 1), (5, 1, 2, 4, 3), (4, 1, 3, 5, 2), (4, 2, 1, 3, 5), (2, 3, 1, 5, 4), (4, 5, 2, 3, 1)}
M(A) = 
[[1, 4, 2, 3, 5]]
Distance: 35
B = 
{(5, 4, 1, 2, 3), (2, 1, 5, 4, 3), (5, 2, 1, 3, 4), (4, 2, 5, 1, 3), (2, 1, 3, 5, 4), (1, 2, 3, 4, 5), (1, 3, 4, 5, 2), (5, 1, 2, 3, 4), (4, 5, 2, 3, 1), (4, 3, 1, 5, 2)}
M(B) = 
[[1, 4, 2, 3, 5]]
Distance: 41
M(A) inter A:
{(5, 1, 2, 4, 3)}
M(B) inter B:
{(5, 1, 2, 3, 4), (5, 2, 1, 3, 4)}

AUB = 
{(4, 1, 2, 3, 5), (5, 1, 2, 3, 4), (5, 4, 1, 2, 3), (1, 2, 5, 3, 4), (1, 2, 3, 5, 4), (4, 2, 1, 5, 3), (4, 3, 2, 5, 1), (4, 1, 3, 5, 2), (1, 2, 3, 4, 5), (5, 1, 2, 4, 3), (4, 2, 1, 3, 5), (2, 3, 1, 5, 4), (2, 1, 3, 5, 4), (4, 2, 5, 1, 3), (1, 3, 4, 5, 2), (4, 5, 2, 3, 1), (2, 1, 5, 4, 3), (5, 2, 1, 3, 4), (4, 3, 1, 5, 2)}
M(AUB) = 
[[1, 4, 2, 3, 5]]
Distance:76

(18)
A = 
{(4, 1, 2, 3, 5), (5, 3, 2, 4, 1), (5, 4, 1, 2, 3), (3, 2, 1, 5, 4), (1, 5, 3, 2, 4), (4, 2, 3, 1, 5), (2, 5, 1, 3, 4), (1, 4, 3, 2, 5), (5, 3, 1, 2, 4), (5, 4, 3, 2, 1)}
M(A) = 
[[5, 4, 1, 2, 3], [5, 4, 2, 1, 3]]
Distance: 46
B = 
{(5, 2, 4, 1, 3), (1, 2, 3, 5, 4), (1, 5, 4, 3, 2), (1, 2, 3, 4, 5), (3, 5, 4, 1, 2), (4, 2, 1, 3, 5), (4, 5, 2, 1, 3), (1, 4, 5, 2, 3), (5, 2, 4, 3, 1), (4, 2, 3, 5, 1)}
M(B) = 
[[5, 4, 1, 2, 3], [5, 4, 2, 1, 3]]
Distance: 40
M(A) inter A:
{(5, 4, 1, 2, 3)}
M(B) inter B:
{(4, 5, 2, 1, 3)}

AUB = 
{(4, 1, 2, 3, 5), (2, 5, 1, 3, 4), (5, 4, 1, 2, 3), (1, 2, 3, 5, 4), (3, 2, 1, 5, 4), (1, 5, 3, 2, 4), (1, 2, 3, 4, 5), (3, 5, 4, 1, 2), (5, 2, 4, 1, 3), (4, 2, 3, 1, 5), (5, 3, 2, 4, 1), (1, 5, 4, 3, 2), (1, 4, 5, 2, 3), (4, 2, 1, 3, 5), (5, 2, 4, 3, 1), (1, 4, 3, 2, 5), (4, 5, 2, 1, 3), (5, 3, 1, 2, 4), (5, 4, 3, 2, 1), (4, 2, 3, 5, 1)}
M(AUB) = 
[[5, 4, 1, 2, 3], [5, 4, 2, 1, 3]]
Distance:88

(19)
A = 
{(5, 1, 2, 3, 4), (5, 2, 1, 4, 3), (5, 2, 3, 1, 4), (1, 5, 3, 2, 4), (5, 1, 4, 2, 3), (3, 5, 4, 1, 2), (5, 4, 1, 2, 3), (5, 3, 2, 4, 1), (5, 3, 1, 4, 2), (5, 3, 1, 2, 4)}
M(A) = 
[[5, 4, 2, 3, 1]]
Distance: 25
B = 
{(5, 2, 1, 4, 3), (2, 1, 4, 5, 3), (4, 2, 1, 5, 3), (4, 1, 5, 3, 2), (5, 3, 4, 1, 2), (4, 2, 3, 1, 5), (4, 3, 1, 2, 5), (2, 5, 3, 4, 1), (4, 5, 2, 3, 1), (5, 4, 2, 3, 1)}
M(B) = 
[[5, 4, 2, 3, 1]]
Distance: 33
M(A) inter A:
set()
M(B) inter B:
{(4, 5, 2, 3, 1)}

AUB = 
{(5, 3, 2, 4, 1), (5, 2, 1, 4, 3), (2, 1, 4, 5, 3), (4, 2, 1, 5, 3), (5, 2, 3, 1, 4), (1, 5, 3, 2, 4), (3, 5, 4, 1, 2), (5, 1, 4, 2, 3), (5, 4, 1, 2, 3), (4, 2, 3, 1, 5), (5, 1, 2, 3, 4), (4, 5, 2, 3, 1), (4, 1, 5, 3, 2), (2, 5, 3, 4, 1), (5, 3, 1, 4, 2), (5, 3, 4, 1, 2), (4, 3, 1, 2, 5), (5, 4, 2, 3, 1), (5, 3, 1, 2, 4)}
M(AUB) = 
[[5, 4, 2, 3, 1]]
Distance:71

(20)
A = 
{(4, 1, 2, 5, 3), (4, 1, 3, 5, 2), (2, 5, 4, 1, 3), (1, 4, 2, 5, 3), (2, 5, 4, 3, 1), (5, 3, 1, 4, 2), (2, 3, 4, 5, 1), (1, 4, 2, 3, 5), (5, 3, 1, 2, 4), (3, 5, 4, 1, 2)}
M(A) = 
[[2, 5, 4, 1, 3]]
Distance: 43
B = 
{(5, 4, 2, 1, 3), (2, 3, 1, 4, 5), (1, 5, 2, 3, 4), (1, 3, 5, 4, 2), (4, 1, 3, 5, 2), (5, 2, 4, 1, 3), (2, 3, 4, 1, 5), (5, 2, 4, 3, 1), (2, 1, 4, 3, 5), (4, 2, 5, 3, 1)}
M(B) = 
[[2, 5, 4, 1, 3]]
Distance: 41
M(A) inter A:
set()
M(B) inter B:
{(5, 2, 4, 1, 3)}

AUB = 
{(1, 3, 5, 4, 2), (5, 4, 2, 1, 3), (2, 3, 1, 4, 5), (4, 1, 2, 5, 3), (2, 5, 4, 1, 3), (4, 1, 3, 5, 2), (5, 2, 4, 1, 3), (2, 3, 4, 1, 5), (4, 2, 5, 3, 1), (1, 5, 2, 3, 4), (1, 4, 2, 5, 3), (2, 5, 4, 3, 1), (5, 3, 1, 4, 2), (2, 3, 4, 5, 1), (1, 4, 2, 3, 5), (2, 1, 4, 3, 5), (5, 3, 1, 2, 4), (5, 2, 4, 3, 1), (3, 5, 4, 1, 2)}
M(AUB) = 
[[2, 5, 4, 1, 3]]
Distance:83

(21)
A = 
{(2, 5, 3, 1, 4), (5, 2, 1, 4, 3), (4, 3, 5, 1, 2), (3, 4, 5, 1, 2), (5, 2, 1, 3, 4), (2, 3, 1, 5, 4), (3, 2, 4, 1, 5), (5, 3, 4, 2, 1), (1, 4, 2, 5, 3), (5, 2, 4, 3, 1)}
M(A) = 
[[4, 5, 2, 3, 1]]
Distance: 38
B = 
{(5, 2, 4, 1, 3), (4, 2, 5, 1, 3), (3, 4, 1, 5, 2), (4, 3, 2, 5, 1), (3, 4, 2, 1, 5), (5, 4, 1, 2, 3), (4, 1, 5, 2, 3), (3, 1, 5, 4, 2), (1, 4, 5, 3, 2), (5, 2, 4, 3, 1)}
M(B) = 
[[4, 5, 2, 3, 1]]
Distance: 38
M(A) inter A:
set()
M(B) inter B:
{(4, 1, 5, 2, 3)}

AUB = 
{(2, 3, 1, 5, 4), (5, 2, 1, 4, 3), (4, 3, 5, 1, 2), (5, 2, 1, 3, 4), (3, 4, 5, 1, 2), (4, 3, 2, 5, 1), (3, 2, 4, 1, 5), (5, 3, 4, 2, 1), (5, 2, 4, 1, 3), (5, 4, 1, 2, 3), (2, 5, 3, 1, 4), (4, 1, 5, 2, 3), (1, 4, 2, 5, 3), (3, 4, 2, 1, 5), (3, 1, 5, 4, 2), (4, 2, 5, 1, 3), (1, 4, 5, 3, 2), (5, 2, 4, 3, 1), (3, 4, 1, 5, 2)}
M(AUB) = 
[[4, 5, 2, 3, 1]]
Distance:80

(22)
A = 
{(5, 2, 1, 4, 3), (5, 2, 1, 3, 4), (4, 1, 3, 5, 2), (3, 2, 4, 1, 5), (3, 5, 1, 4, 2), (5, 3, 2, 4, 1), (1, 4, 5, 2, 3), (1, 4, 3, 5, 2), (2, 4, 3, 5, 1), (5, 3, 1, 2, 4)}
M(A) = 
[[1, 3, 4, 5, 2], [1, 4, 3, 5, 2]]
Distance: 43
B = 
{(4, 1, 3, 2, 5), (3, 4, 5, 1, 2), (1, 2, 3, 5, 4), (1, 3, 4, 5, 2), (5, 1, 4, 2, 3), (4, 5, 2, 1, 3), (1, 4, 5, 3, 2), (3, 2, 4, 5, 1), (1, 3, 2, 5, 4), (4, 2, 3, 5, 1)}
M(B) = 
[[1, 3, 4, 5, 2], [1, 4, 3, 5, 2]]
Distance: 39
M(A) inter A:
{(4, 1, 3, 5, 2), (1, 4, 3, 5, 2)}
M(B) inter B:
{(4, 1, 3, 2, 5), (1, 3, 4, 5, 2)}

AUB = 
{(4, 1, 3, 2, 5), (4, 5, 2, 1, 3), (5, 2, 1, 4, 3), (3, 4, 5, 1, 2), (5, 2, 1, 3, 4), (3, 5, 1, 4, 2), (3, 2, 4, 1, 5), (4, 1, 3, 5, 2), (1, 4, 5, 3, 2), (5, 3, 2, 4, 1), (1, 4, 5, 2, 3), (5, 1, 4, 2, 3), (1, 2, 3, 5, 4), (1, 3, 4, 5, 2), (1, 4, 3, 5, 2), (1, 3, 2, 5, 4), (2, 4, 3, 5, 1), (5, 3, 1, 2, 4), (3, 2, 4, 5, 1), (4, 2, 3, 5, 1)}
M(AUB) = 
[[1, 3, 4, 5, 2], [1, 4, 3, 5, 2]]
Distance:86

(23)
A = 
{(5, 2, 4, 1, 3), (2, 1, 5, 4, 3), (5, 4, 3, 1, 2), (2, 4, 1, 5, 3), (4, 2, 1, 3, 5), (3, 5, 2, 4, 1), (1, 4, 5, 3, 2), (2, 3, 4, 1, 5), (3, 4, 2, 5, 1), (4, 2, 3, 5, 1)}
M(A) = 
[[2, 4, 1, 3, 5]]
Distance: 39
B = 
{(1, 3, 2, 4, 5), (5, 1, 3, 4, 2), (1, 2, 5, 4, 3), (3, 1, 5, 2, 4), (4, 2, 1, 5, 3), (3, 1, 2, 4, 5), (2, 4, 1, 3, 5), (3, 5, 2, 4, 1), (4, 3, 1, 2, 5), (2, 5, 3, 1, 4)}
M(B) = 
[[2, 4, 1, 3, 5]]
Distance: 39
M(A) inter A:
set()
M(B) inter B:
{(1, 3, 2, 4, 5), (3, 1, 2, 4, 5)}

AUB = 
{(1, 3, 2, 4, 5), (5, 1, 3, 4, 2), (5, 2, 4, 1, 3), (2, 1, 5, 4, 3), (4, 2, 1, 5, 3), (5, 4, 3, 1, 2), (2, 5, 3, 1, 4), (3, 1, 2, 4, 5), (2, 4, 1, 3, 5), (1, 2, 5, 4, 3), (2, 4, 1, 5, 3), (4, 2, 1, 3, 5), (3, 5, 2, 4, 1), (1, 4, 5, 3, 2), (3, 1, 5, 2, 4), (4, 3, 1, 2, 5), (2, 3, 4, 1, 5), (3, 4, 2, 5, 1), (4, 2, 3, 5, 1)}
M(AUB) = 
[[2, 4, 1, 3, 5]]
Distance:80

(24)
A = 
{(5, 1, 3, 4, 2), (5, 4, 2, 1, 3), (2, 1, 4, 5, 3), (2, 3, 1, 4, 5), (1, 5, 3, 2, 4), (5, 2, 1, 4, 3), (5, 1, 2, 3, 4), (1, 5, 2, 4, 3), (5, 4, 3, 2, 1), (5, 3, 1, 2, 4)}
M(A) = 
[[5, 1, 3, 2, 4]]
Distance: 31
B = 
{(2, 3, 1, 4, 5), (1, 4, 5, 3, 2), (5, 4, 3, 1, 2), (5, 3, 1, 2, 4), (3, 5, 1, 4, 2), (5, 1, 2, 3, 4), (2, 5, 1, 4, 3), (1, 4, 3, 5, 2), (3, 1, 5, 2, 4), (3, 5, 2, 1, 4)}
M(B) = 
[[5, 1, 3, 2, 4]]
Distance: 33
M(A) inter A:
{(5, 3, 1, 2, 4)}
M(B) inter B:
{(5, 3, 1, 2, 4)}

AUB = 
{(5, 1, 2, 3, 4), (5, 4, 2, 1, 3), (2, 1, 4, 5, 3), (1, 4, 3, 5, 2), (5, 4, 3, 1, 2), (1, 5, 3, 2, 4), (2, 5, 1, 4, 3), (3, 5, 2, 1, 4), (3, 5, 1, 4, 2), (5, 2, 1, 4, 3), (5, 1, 3, 4, 2), (3, 1, 5, 2, 4), (1, 4, 5, 3, 2), (1, 5, 2, 4, 3), (2, 3, 1, 4, 5), (5, 4, 3, 2, 1), (5, 3, 1, 2, 4)}
M(AUB) = 
[[5, 1, 3, 2, 4]]
Distance:59

(25)
A = 
{(4, 1, 3, 2, 5), (4, 1, 2, 3, 5), (2, 4, 1, 5, 3), (5, 4, 1, 3, 2), (4, 2, 5, 1, 3), (2, 4, 1, 3, 5), (5, 2, 4, 1, 3), (1, 4, 5, 2, 3), (3, 4, 1, 5, 2), (4, 2, 3, 5, 1)}
M(A) = 
[[4, 2, 1, 5, 3]]
Distance: 30
B = 
{(4, 1, 2, 3, 5), (2, 4, 1, 5, 3), (2, 1, 4, 5, 3), (3, 4, 5, 1, 2), (4, 2, 1, 5, 3), (3, 4, 2, 1, 5), (5, 2, 3, 1, 4), (1, 4, 5, 2, 3), (4, 5, 2, 3, 1), (1, 3, 5, 2, 4)}
M(B) = 
[[4, 2, 1, 5, 3]]
Distance: 37
M(A) inter A:
set()
M(B) inter B:
{(4, 2, 1, 5, 3)}

AUB = 
{(4, 1, 3, 2, 5), (4, 1, 2, 3, 5), (2, 4, 1, 5, 3), (2, 1, 4, 5, 3), (4, 2, 5, 1, 3), (5, 4, 1, 3, 2), (3, 4, 5, 1, 2), (2, 4, 1, 3, 5), (5, 2, 3, 1, 4), (5, 2, 4, 1, 3), (4, 5, 2, 3, 1), (1, 4, 5, 2, 3), (3, 4, 2, 1, 5), (4, 2, 1, 5, 3), (1, 3, 5, 2, 4), (3, 4, 1, 5, 2), (4, 2, 3, 5, 1)}
M(AUB) = 
[[4, 2, 1, 5, 3]]
Distance:61

(26)
A = 
{(2, 4, 5, 1, 3), (5, 2, 3, 1, 4), (3, 1, 4, 2, 5), (3, 4, 2, 1, 5), (5, 1, 4, 2, 3), (5, 3, 2, 4, 1), (1, 4, 5, 2, 3), (5, 4, 3, 2, 1), (2, 1, 4, 3, 5), (1, 2, 4, 3, 5)}
M(A) = 
[[1, 4, 2, 5, 3]]
Distance: 44
B = 
{(1, 2, 5, 4, 3), (2, 1, 5, 4, 3), (3, 4, 1, 5, 2), (1, 5, 4, 3, 2), (4, 5, 3, 1, 2), (4, 3, 2, 1, 5), (2, 3, 5, 4, 1), (1, 4, 2, 3, 5), (5, 3, 1, 2, 4), (4, 2, 3, 5, 1)}
M(B) = 
[[1, 4, 2, 5, 3]]
Distance: 43
M(A) inter A:
set()
M(B) inter B:
set()

AUB = 
{(2, 4, 5, 1, 3), (2, 1, 5, 4, 3), (3, 4, 1, 5, 2), (5, 2, 3, 1, 4), (3, 1, 4, 2, 5), (5, 3, 1, 2, 4), (3, 4, 2, 1, 5), (5, 1, 4, 2, 3), (1, 2, 5, 4, 3), (5, 3, 2, 4, 1), (1, 5, 4, 3, 2), (1, 4, 5, 2, 3), (4, 5, 3, 1, 2), (1, 4, 2, 3, 5), (4, 3, 2, 1, 5), (2, 3, 5, 4, 1), (5, 4, 3, 2, 1), (2, 1, 4, 3, 5), (1, 2, 4, 3, 5), (4, 2, 3, 5, 1)}
M(AUB) = 
[[1, 4, 2, 5, 3]]
Distance:91

(27)
A = 
{(1, 2, 5, 4, 3), (3, 1, 5, 2, 4), (4, 2, 1, 5, 3), (4, 1, 2, 5, 3), (3, 4, 2, 1, 5), (1, 3, 5, 4, 2), (3, 5, 4, 2, 1), (4, 1, 5, 2, 3), (2, 3, 5, 4, 1), (2, 1, 4, 3, 5)}
M(A) = 
[[1, 2, 3, 4, 5], [1, 2, 3, 5, 4], [1, 2, 4, 3, 5], [1, 3, 2, 4, 5], [1, 3, 2, 5, 4]]
Distance: 41
B = 
{(5, 2, 1, 4, 3), (4, 3, 1, 5, 2), (1, 2, 3, 5, 4), (1, 5, 3, 2, 4), (3, 2, 1, 4, 5), (2, 1, 5, 3, 4), (1, 4, 3, 5, 2), (4, 3, 2, 1, 5), (3, 5, 1, 2, 4), (1, 2, 4, 3, 5)}
M(B) = 
[[1, 2, 3, 4, 5], [1, 2, 3, 5, 4], [1, 2, 4, 3, 5], [1, 3, 2, 4, 5], [1, 3, 2, 5, 4]]
Distance: 37
M(A) inter A:
set()
M(B) inter B:
set()

AUB = 
{(1, 2, 5, 4, 3), (1, 5, 3, 2, 4), (3, 1, 5, 2, 4), (1, 2, 3, 5, 4), (4, 2, 1, 5, 3), (4, 1, 2, 5, 3), (3, 5, 1, 2, 4), (3, 4, 2, 1, 5), (1, 2, 4, 3, 5), (1, 3, 5, 4, 2), (5, 2, 1, 4, 3), (3, 5, 4, 2, 1), (4, 1, 5, 2, 3), (2, 1, 5, 3, 4), (2, 3, 5, 4, 1), (1, 4, 3, 5, 2), (4, 3, 2, 1, 5), (4, 3, 1, 5, 2), (2, 1, 4, 3, 5), (3, 2, 1, 4, 5)}
M(AUB) = 
[[1, 2, 3, 4, 5], [1, 2, 3, 5, 4], [1, 2, 4, 3, 5], [1, 3, 2, 4, 5], [1, 3, 2, 5, 4]]
Distance:84

(28)
A = 
{(4, 1, 3, 2, 5), (2, 3, 1, 4, 5), (4, 2, 5, 1, 3), (3, 2, 4, 5, 1), (1, 4, 3, 2, 5), (5, 1, 2, 3, 4), (4, 5, 3, 2, 1), (4, 3, 5, 1, 2), (5, 4, 3, 2, 1), (5, 2, 4, 3, 1)}
M(A) = 
[[4, 3, 2, 5, 1], [4, 5, 3, 2, 1]]
Distance: 38
B = 
{(5, 3, 4, 2, 1), (2, 3, 1, 4, 5), (3, 2, 5, 1, 4), (5, 4, 3, 1, 2), (2, 1, 3, 5, 4), (3, 2, 1, 4, 5), (4, 5, 2, 1, 3), (2, 5, 4, 3, 1), (2, 1, 4, 5, 3), (3, 4, 5, 2, 1)}
M(B) = 
[[4, 3, 2, 5, 1], [4, 5, 3, 2, 1]]
Distance: 40
M(A) inter A:
{(3, 2, 4, 5, 1)}
M(B) inter B:
{(3, 2, 5, 1, 4)}

AUB = 
{(4, 1, 3, 2, 5), (5, 3, 4, 2, 1), (3, 4, 5, 2, 1), (2, 3, 1, 4, 5), (3, 2, 5, 1, 4), (4, 2, 5, 1, 3), (2, 1, 3, 5, 4), (3, 2, 1, 4, 5), (5, 2, 4, 3, 1), (2, 1, 4, 5, 3), (5, 1, 2, 3, 4), (5, 4, 3, 1, 2), (2, 5, 4, 3, 1), (5, 4, 3, 2, 1), (4, 5, 3, 2, 1), (4, 3, 5, 1, 2), (3, 2, 4, 5, 1), (4, 5, 2, 1, 3), (1, 4, 3, 2, 5)}
M(AUB) = 
[[4, 3, 2, 5, 1], [4, 5, 3, 2, 1]]
Distance:77

(29)
A = 
{(5, 2, 4, 1, 3), (2, 1, 5, 4, 3), (3, 2, 1, 5, 4), (5, 2, 3, 1, 4), (3, 5, 4, 1, 2), (1, 2, 3, 4, 5), (4, 1, 5, 3, 2), (5, 1, 4, 3, 2), (3, 1, 2, 5, 4), (5, 3, 1, 2, 4)}
M(A) = 
[[3, 1, 2, 5, 4]]
Distance: 38
B = 
{(2, 3, 5, 1, 4), (1, 2, 5, 3, 4), (3, 4, 1, 5, 2), (1, 5, 3, 2, 4), (2, 4, 3, 1, 5), (4, 2, 1, 3, 5), (3, 5, 2, 4, 1), (3, 1, 4, 2, 5), (1, 3, 2, 5, 4), (1, 2, 3, 4, 5)}
M(B) = 
[[3, 1, 2, 5, 4]]
Distance: 35
M(A) inter A:
{(1, 2, 3, 4, 5), (3, 1, 2, 5, 4)}
M(B) inter B:
{(1, 2, 3, 4, 5), (1, 3, 2, 5, 4)}

AUB = 
{(2, 3, 5, 1, 4), (5, 2, 4, 1, 3), (2, 1, 5, 4, 3), (5, 2, 3, 1, 4), (3, 2, 1, 5, 4), (1, 5, 3, 2, 4), (4, 1, 5, 3, 2), (1, 2, 3, 4, 5), (3, 5, 4, 1, 2), (4, 2, 1, 3, 5), (5, 1, 4, 3, 2), (3, 1, 4, 2, 5), (1, 2, 5, 3, 4), (3, 5, 2, 4, 1), (1, 3, 2, 5, 4), (3, 1, 2, 5, 4), (2, 4, 3, 1, 5), (5, 3, 1, 2, 4), (3, 4, 1, 5, 2)}
M(AUB) = 
[[3, 1, 2, 5, 4]]
Distance:74

(30)
A = 
{(2, 4, 1, 5, 3), (2, 1, 4, 5, 3), (4, 1, 5, 2, 3), (2, 5, 1, 4, 3), (5, 1, 4, 2, 3), (2, 5, 4, 1, 3), (2, 3, 4, 1, 5), (2, 4, 3, 5, 1), (5, 2, 4, 3, 1), (4, 2, 5, 3, 1)}
M(A) = 
[[2, 4, 5, 1, 3]]
Distance: 26
B = 
{(5, 1, 2, 4, 3), (5, 1, 4, 2, 3), (5, 3, 1, 4, 2), (4, 2, 1, 3, 5), (2, 5, 3, 1, 4), (1, 4, 2, 5, 3), (4, 5, 1, 3, 2), (3, 2, 5, 4, 1), (1, 3, 2, 5, 4), (3, 4, 2, 5, 1)}
M(B) = 
[[2, 4, 5, 1, 3]]
Distance: 43
M(A) inter A:
{(5, 1, 4, 2, 3)}
M(B) inter B:
{(5, 1, 4, 2, 3)}

AUB = 
{(3, 4, 2, 5, 1), (2, 4, 1, 5, 3), (5, 1, 2, 4, 3), (2, 1, 4, 5, 3), (3, 2, 5, 4, 1), (4, 1, 5, 2, 3), (5, 1, 4, 2, 3), (2, 5, 1, 4, 3), (2, 5, 4, 1, 3), (4, 2, 1, 3, 5), (2, 5, 3, 1, 4), (1, 4, 2, 5, 3), (4, 5, 1, 3, 2), (5, 3, 1, 4, 2), (2, 3, 4, 1, 5), (2, 4, 3, 5, 1), (1, 3, 2, 5, 4), (5, 2, 4, 3, 1), (4, 2, 5, 3, 1)}
M(AUB) = 
[[2, 4, 5, 1, 3]]
Distance:70

(31)
A = 
{(2, 3, 5, 1, 4), (5, 4, 1, 3, 2), (4, 5, 1, 3, 2), (2, 4, 3, 1, 5), (5, 1, 4, 3, 2), (3, 1, 4, 5, 2), (4, 5, 3, 1, 2), (2, 4, 5, 3, 1), (5, 3, 1, 2, 4), (4, 2, 3, 5, 1)}
M(A) = 
[[5, 3, 4, 1, 2], [5, 4, 3, 1, 2]]
Distance: 36
B = 
{(2, 4, 5, 1, 3), (5, 4, 3, 1, 2), (1, 2, 5, 3, 4), (2, 1, 5, 3, 4), (1, 3, 4, 5, 2), (3, 4, 1, 2, 5), (5, 3, 1, 4, 2), (3, 5, 4, 2, 1), (2, 3, 5, 4, 1), (5, 2, 4, 3, 1)}
M(B) = 
[[5, 3, 4, 1, 2], [5, 4, 3, 1, 2]]
Distance: 42
M(A) inter A:
set()
M(B) inter B:
set()

AUB = 
{(5, 1, 4, 3, 2), (2, 4, 5, 1, 3), (1, 2, 5, 3, 4), (5, 4, 3, 1, 2), (5, 4, 1, 3, 2), (3, 5, 4, 2, 1), (2, 1, 5, 3, 4), (5, 3, 1, 4, 2), (2, 4, 3, 1, 5), (1, 3, 4, 5, 2), (5, 2, 4, 3, 1), (2, 3, 5, 1, 4), (4, 5, 1, 3, 2), (4, 5, 3, 1, 2), (3, 1, 4, 5, 2), (2, 4, 5, 3, 1), (5, 3, 1, 2, 4), (3, 4, 1, 2, 5), (4, 2, 3, 5, 1), (2, 3, 5, 4, 1)}
M(AUB) = 
[[5, 3, 4, 1, 2], [5, 4, 3, 1, 2]]
Distance:84

(32)
A = 
{(1, 2, 5, 4, 3), (3, 4, 1, 5, 2), (2, 1, 5, 3, 4), (5, 1, 4, 2, 3), (2, 4, 3, 1, 5), (2, 5, 4, 1, 3), (1, 4, 5, 2, 3), (2, 3, 5, 4, 1), (3, 4, 2, 5, 1), (3, 5, 1, 2, 4)}
M(A) = 
[[1, 4, 5, 2, 3], [1, 5, 4, 2, 3], [4, 1, 5, 2, 3], [4, 5, 1, 2, 3], [4, 5, 2, 1, 3], [5, 1, 4, 2, 3], [5, 4, 1, 2, 3], [5, 4, 2, 1, 3]]
Distance: 45
B = 
{(1, 3, 4, 2, 5), (5, 2, 1, 4, 3), (2, 3, 4, 1, 5), (4, 2, 1, 5, 3), (1, 3, 4, 5, 2), (5, 3, 4, 1, 2), (4, 5, 2, 1, 3), (3, 5, 1, 4, 2), (1, 4, 3, 5, 2), (5, 4, 3, 2, 1)}
M(B) = 
[[1, 4, 5, 2, 3], [1, 5, 4, 2, 3], [4, 1, 5, 2, 3], [4, 5, 1, 2, 3], [4, 5, 2, 1, 3], [5, 1, 4, 2, 3], [5, 4, 1, 2, 3], [5, 4, 2, 1, 3]]
Distance: 42
M(A) inter A:
set()
M(B) inter B:
{(1, 3, 4, 5, 2), (1, 4, 3, 5, 2)}

AUB = 
{(1, 3, 4, 2, 5), (1, 2, 5, 4, 3), (2, 3, 4, 1, 5), (4, 2, 1, 5, 3), (3, 4, 1, 5, 2), (2, 1, 5, 3, 4), (2, 5, 4, 1, 3), (2, 4, 3, 1, 5), (5, 1, 4, 2, 3), (5, 2, 1, 4, 3), (1, 4, 3, 5, 2), (4, 5, 2, 1, 3), (3, 5, 1, 4, 2), (1, 4, 5, 2, 3), (2, 3, 5, 4, 1), (1, 3, 4, 5, 2), (5, 3, 4, 1, 2), (3, 4, 2, 5, 1), (3, 5, 1, 2, 4), (5, 4, 3, 2, 1)}
M(AUB) = 
[[1, 4, 5, 2, 3], [1, 5, 4, 2, 3], [4, 1, 5, 2, 3], [4, 5, 1, 2, 3], [4, 5, 2, 1, 3], [5, 1, 4, 2, 3], [5, 4, 1, 2, 3], [5, 4, 2, 1, 3]]
Distance:95

(33)
A = 
{(1, 2, 5, 4, 3), (4, 2, 5, 1, 3), (5, 2, 1, 3, 4), (1, 3, 5, 4, 2), (2, 5, 4, 1, 3), (3, 5, 4, 2, 1), (5, 4, 3, 1, 2), (5, 4, 3, 2, 1), (1, 3, 5, 2, 4), (3, 4, 2, 5, 1)}
M(A) = 
[[1, 3, 2, 5, 4], [3, 2, 1, 5, 4]]
Distance: 40
B = 
{(1, 3, 2, 4, 5), (3, 1, 2, 5, 4), (3, 2, 1, 5, 4), (1, 5, 3, 4, 2), (2, 5, 4, 1, 3), (1, 5, 4, 3, 2), (2, 5, 4, 3, 1), (2, 3, 1, 4, 5), (1, 4, 2, 3, 5), (3, 5, 2, 1, 4)}
M(B) = 
[[1, 3, 2, 5, 4], [3, 2, 1, 5, 4]]
Distance: 36
M(A) inter A:
set()
M(B) inter B:
{(3, 1, 2, 5, 4), (3, 2, 1, 5, 4)}

AUB = 
{(1, 3, 2, 4, 5), (1, 2, 5, 4, 3), (3, 1, 2, 5, 4), (5, 2, 1, 3, 4), (4, 2, 5, 1, 3), (2, 3, 1, 4, 5), (1, 5, 3, 4, 2), (2, 5, 4, 1, 3), (3, 5, 2, 1, 4), (1, 3, 5, 4, 2), (3, 5, 4, 2, 1), (1, 5, 4, 3, 2), (5, 4, 3, 1, 2), (2, 5, 4, 3, 1), (1, 4, 2, 3, 5), (3, 2, 1, 5, 4), (5, 4, 3, 2, 1), (1, 3, 5, 2, 4), (3, 4, 2, 5, 1)}
M(AUB) = 
[[1, 3, 2, 5, 4], [3, 2, 1, 5, 4]]
Distance:82

(34)
A = 
{(2, 3, 5, 1, 4), (1, 2, 4, 5, 3), (1, 2, 5, 3, 4), (4, 2, 5, 1, 3), (5, 3, 4, 1, 2), (4, 5, 2, 1, 3), (4, 3, 2, 1, 5), (1, 4, 3, 5, 2), (4, 5, 3, 2, 1), (5, 4, 3, 2, 1)}
M(A) = 
[[5, 1, 4, 2, 3]]
Distance: 40
B = 
{(5, 4, 1, 2, 3), (2, 3, 1, 4, 5), (3, 1, 2, 4, 5), (5, 4, 3, 1, 2), (2, 1, 3, 5, 4), (5, 1, 2, 4, 3), (5, 3, 1, 4, 2), (2, 1, 5, 3, 4), (3, 1, 4, 2, 5), (4, 5, 3, 2, 1)}
M(B) = 
[[5, 1, 4, 2, 3]]
Distance: 43
M(A) inter A:
set()
M(B) inter B:
{(5, 3, 1, 4, 2)}

AUB = 
{(4, 5, 2, 1, 3), (1, 2, 4, 5, 3), (2, 3, 1, 4, 5), (4, 2, 5, 1, 3), (1, 2, 5, 3, 4), (3, 1, 2, 4, 5), (5, 1, 2, 4, 3), (5, 3, 4, 1, 2), (5, 4, 1, 2, 3), (2, 1, 3, 5, 4), (2, 3, 5, 1, 4), (4, 5, 3, 2, 1), (5, 4, 3, 1, 2), (2, 1, 5, 3, 4), (5, 3, 1, 4, 2), (1, 4, 3, 5, 2), (4, 3, 2, 1, 5), (5, 4, 3, 2, 1), (3, 1, 4, 2, 5)}
M(AUB) = 
[[5, 1, 4, 2, 3]]
Distance:88

(35)
A = 
{(1, 3, 2, 4, 5), (3, 1, 2, 5, 4), (3, 4, 5, 1, 2), (4, 3, 5, 2, 1), (3, 4, 1, 2, 5), (1, 3, 4, 5, 2), (4, 2, 3, 1, 5), (3, 5, 2, 4, 1), (1, 5, 2, 4, 3), (5, 3, 2, 1, 4)}
M(A) = 
[[3, 1, 2, 4, 5]]
Distance: 36
B = 
{(5, 1, 2, 3, 4), (1, 2, 4, 5, 3), (1, 2, 3, 5, 4), (1, 5, 4, 3, 2), (2, 4, 3, 1, 5), (4, 1, 3, 5, 2), (2, 3, 1, 5, 4), (3, 1, 4, 2, 5), (1, 3, 2, 5, 4), (4, 3, 5, 2, 1)}
M(B) = 
[[3, 1, 2, 4, 5]]
Distance: 38
M(A) inter A:
{(1, 3, 2, 4, 5)}
M(B) inter B:
{(1, 3, 2, 5, 4), (1, 2, 3, 5, 4)}

AUB = 
{(1, 3, 2, 4, 5), (5, 1, 2, 3, 4), (1, 2, 4, 5, 3), (3, 1, 2, 5, 4), (1, 2, 3, 5, 4), (3, 4, 5, 1, 2), (2, 3, 1, 5, 4), (4, 3, 5, 2, 1), (4, 1, 3, 5, 2), (3, 4, 1, 2, 5), (1, 3, 4, 5, 2), (4, 2, 3, 1, 5), (3, 5, 2, 4, 1), (1, 5, 4, 3, 2), (3, 1, 4, 2, 5), (1, 3, 2, 5, 4), (1, 5, 2, 4, 3), (5, 3, 2, 1, 4), (2, 4, 3, 1, 5)}
M(AUB) = 
[[3, 1, 2, 4, 5]]
Distance:72

(36)
A = 
{(1, 3, 2, 4, 5), (1, 3, 4, 2, 5), (2, 4, 5, 1, 3), (3, 4, 1, 5, 2), (1, 5, 3, 4, 2), (5, 3, 4, 2, 1), (1, 4, 2, 5, 3), (1, 4, 3, 5, 2), (4, 5, 3, 2, 1), (1, 4, 2, 3, 5)}
M(A) = 
[[1, 3, 4, 2, 5], [3, 1, 4, 2, 5], [3, 4, 1, 2, 5], [3, 4, 2, 1, 5], [3, 4, 2, 5, 1]]
Distance: 35
B = 
{(4, 5, 2, 1, 3), (2, 3, 1, 4, 5), (3, 4, 2, 1, 5), (5, 3, 1, 4, 2), (4, 5, 1, 2, 3), (2, 3, 4, 5, 1), (2, 1, 4, 5, 3), (2, 5, 4, 3, 1), (3, 4, 2, 5, 1), (3, 5, 1, 2, 4)}
M(B) = 
[[1, 3, 4, 2, 5], [3, 1, 4, 2, 5], [3, 4, 1, 2, 5], [3, 4, 2, 1, 5], [3, 4, 2, 5, 1]]
Distance: 38
M(A) inter A:
set()
M(B) inter B:
{(2, 3, 4, 5, 1)}

AUB = 
{(1, 3, 2, 4, 5), (1, 3, 4, 2, 5), (2, 4, 5, 1, 3), (2, 3, 1, 4, 5), (3, 4, 1, 5, 2), (2, 5, 4, 3, 1), (1, 5, 3, 4, 2), (4, 5, 1, 2, 3), (3, 4, 2, 1, 5), (5, 3, 1, 4, 2), (4, 5, 2, 1, 3), (5, 3, 4, 2, 1), (1, 4, 2, 5, 3), (2, 3, 4, 5, 1), (1, 4, 3, 5, 2), (4, 5, 3, 2, 1), (2, 1, 4, 5, 3), (1, 4, 2, 3, 5), (3, 5, 1, 2, 4), (3, 4, 2, 5, 1)}
M(AUB) = 
[[1, 3, 4, 2, 5], [3, 1, 4, 2, 5], [3, 4, 1, 2, 5], [3, 4, 2, 1, 5], [3, 4, 2, 5, 1]]
Distance:89

(37)
A = 
{(3, 4, 1, 5, 2), (4, 2, 1, 5, 3), (1, 2, 3, 4, 5), (2, 5, 4, 1, 3), (2, 3, 5, 4, 1), (4, 3, 1, 2, 5), (2, 5, 3, 4, 1), (3, 2, 5, 4, 1), (1, 3, 2, 5, 4), (5, 2, 3, 4, 1)}
M(A) = 
[[3, 2, 4, 5, 1], [3, 2, 5, 4, 1], [3, 5, 2, 4, 1]]
Distance: 35
B = 
{(5, 1, 3, 2, 4), (3, 1, 5, 2, 4), (2, 4, 1, 3, 5), (5, 3, 4, 1, 2), (4, 5, 2, 1, 3), (3, 5, 2, 4, 1), (1, 4, 5, 3, 2), (4, 3, 5, 1, 2), (2, 4, 5, 3, 1), (3, 4, 5, 2, 1)}
M(B) = 
[[3, 2, 4, 5, 1], [3, 2, 5, 4, 1], [3, 5, 2, 4, 1]]
Distance: 39
M(A) inter A:
set()
M(B) inter B:
{(3, 4, 5, 2, 1), (4, 3, 5, 1, 2)}

AUB = 
{(4, 5, 2, 1, 3), (3, 4, 5, 2, 1), (3, 1, 5, 2, 4), (4, 2, 1, 5, 3), (3, 4, 1, 5, 2), (2, 4, 5, 3, 1), (2, 4, 1, 3, 5), (1, 2, 3, 4, 5), (2, 5, 4, 1, 3), (5, 3, 4, 1, 2), (5, 1, 3, 2, 4), (2, 3, 5, 4, 1), (1, 4, 5, 3, 2), (3, 5, 2, 4, 1), (4, 3, 1, 2, 5), (2, 5, 3, 4, 1), (3, 2, 5, 4, 1), (1, 3, 2, 5, 4), (5, 2, 3, 4, 1), (4, 3, 5, 1, 2)}
M(AUB) = 
[[3, 2, 4, 5, 1], [3, 2, 5, 4, 1], [3, 5, 2, 4, 1]]
Distance:84

(38)
A = 
{(4, 1, 2, 3, 5), (5, 4, 1, 2, 3), (3, 1, 2, 5, 4), (1, 2, 5, 3, 4), (4, 3, 2, 5, 1), (2, 5, 1, 4, 3), (4, 2, 1, 3, 5), (2, 3, 1, 5, 4), (3, 1, 5, 4, 2), (3, 5, 1, 2, 4)}
M(A) = 
[[1, 2, 3, 5, 4], [2, 1, 3, 5, 4]]
Distance: 40
B = 
{(1, 3, 4, 2, 5), (5, 2, 1, 4, 3), (2, 1, 5, 4, 3), (5, 2, 1, 3, 4), (5, 3, 1, 4, 2), (1, 2, 3, 4, 5), (3, 5, 1, 4, 2), (4, 5, 2, 3, 1), (2, 1, 4, 3, 5), (4, 2, 3, 5, 1)}
M(B) = 
[[1, 2, 3, 5, 4], [2, 1, 3, 5, 4]]
Distance: 42
M(A) inter A:
{(2, 5, 1, 4, 3)}
M(B) inter B:
{(5, 2, 1, 4, 3), (5, 2, 1, 3, 4)}

AUB = 
{(4, 1, 2, 3, 5), (1, 3, 4, 2, 5), (5, 4, 1, 2, 3), (3, 1, 2, 5, 4), (5, 2, 1, 3, 4), (1, 2, 5, 3, 4), (4, 3, 2, 5, 1), (5, 3, 1, 4, 2), (1, 2, 3, 4, 5), (2, 5, 1, 4, 3), (5, 2, 1, 4, 3), (4, 2, 1, 3, 5), (2, 3, 1, 5, 4), (3, 5, 1, 4, 2), (3, 1, 5, 4, 2), (4, 5, 2, 3, 1), (2, 1, 5, 4, 3), (2, 1, 4, 3, 5), (3, 5, 1, 2, 4), (4, 2, 3, 5, 1)}
M(AUB) = 
[[1, 2, 3, 5, 4], [2, 1, 3, 5, 4]]
Distance:86

(39)
A = 
{(4, 1, 2, 3, 5), (1, 2, 4, 5, 3), (5, 2, 1, 3, 4), (4, 3, 2, 5, 1), (3, 4, 1, 2, 5), (5, 4, 1, 2, 3), (4, 2, 3, 1, 5), (5, 1, 4, 3, 2), (2, 5, 4, 3, 1), (5, 3, 1, 2, 4)}
M(A) = 
[[1, 4, 5, 3, 2], [4, 1, 5, 3, 2]]
Distance: 43
B = 
{(5, 2, 1, 4, 3), (4, 3, 1, 5, 2), (5, 2, 1, 3, 4), (4, 1, 2, 5, 3), (1, 3, 5, 4, 2), (5, 3, 1, 4, 2), (1, 2, 4, 5, 3), (3, 1, 2, 4, 5), (4, 1, 5, 3, 2), (1, 4, 5, 3, 2)}
M(B) = 
[[1, 4, 5, 3, 2], [4, 1, 5, 3, 2]]
Distance: 33
M(A) inter A:
set()
M(B) inter B:
{(1, 4, 5, 3, 2)}

AUB = 
{(4, 1, 2, 3, 5), (1, 2, 4, 5, 3), (5, 2, 1, 4, 3), (4, 3, 1, 5, 2), (3, 1, 2, 4, 5), (5, 2, 1, 3, 4), (4, 3, 2, 5, 1), (5, 3, 1, 4, 2), (3, 4, 1, 2, 5), (1, 3, 5, 4, 2), (5, 4, 1, 2, 3), (4, 2, 3, 1, 5), (5, 1, 4, 3, 2), (4, 1, 2, 5, 3), (4, 1, 5, 3, 2), (2, 5, 4, 3, 1), (1, 4, 5, 3, 2), (5, 3, 1, 2, 4)}
M(AUB) = 
[[1, 4, 5, 3, 2], [4, 1, 5, 3, 2]]
Distance:73

(40)
A = 
{(3, 2, 1, 5, 4), (3, 1, 2, 4, 5), (3, 4, 2, 5, 1), (3, 4, 1, 2, 5), (5, 1, 2, 4, 3), (5, 1, 2, 3, 4), (1, 4, 3, 5, 2), (3, 2, 5, 4, 1), (2, 4, 1, 3, 5), (4, 2, 5, 3, 1)}
M(A) = 
[[1, 3, 2, 4, 5], [1, 3, 2, 5, 4]]
Distance: 41
B = 
{(1, 3, 4, 2, 5), (1, 3, 2, 4, 5), (2, 1, 5, 3, 4), (2, 5, 1, 4, 3), (5, 3, 1, 4, 2), (5, 1, 4, 3, 2), (2, 3, 5, 4, 1), (1, 4, 3, 2, 5), (2, 1, 4, 3, 5), (5, 4, 3, 2, 1)}
M(B) = 
[[1, 3, 2, 4, 5], [1, 3, 2, 5, 4]]
Distance: 41
M(A) inter A:
set()
M(B) inter B:
set()

AUB = 
{(1, 3, 4, 2, 5), (1, 3, 2, 4, 5), (2, 5, 1, 4, 3), (3, 2, 1, 5, 4), (1, 4, 3, 2, 5), (3, 1, 2, 4, 5), (2, 4, 1, 3, 5), (3, 4, 1, 2, 5), (5, 1, 2, 4, 3), (5, 1, 4, 3, 2), (5, 1, 2, 3, 4), (2, 1, 5, 3, 4), (2, 3, 5, 4, 1), (5, 3, 1, 4, 2), (1, 4, 3, 5, 2), (5, 4, 3, 2, 1), (3, 4, 2, 5, 1), (2, 1, 4, 3, 5), (3, 2, 5, 4, 1), (4, 2, 5, 3, 1)}
M(AUB) = 
[[1, 3, 2, 4, 5], [1, 3, 2, 5, 4]]
Distance:86

(41)
A = 
{(4, 3, 1, 5, 2), (5, 3, 1, 2, 4), (3, 2, 1, 4, 5), (4, 1, 5, 3, 2), (1, 4, 5, 2, 3), (4, 5, 3, 1, 2), (1, 4, 5, 3, 2), (5, 4, 3, 2, 1), (1, 3, 2, 5, 4), (2, 4, 3, 1, 5)}
M(A) = 
[[3, 2, 1, 4, 5], [3, 2, 4, 1, 5]]
Distance: 36
B = 
{(5, 3, 2, 4, 1), (1, 2, 3, 5, 4), (4, 2, 5, 1, 3), (2, 1, 3, 5, 4), (3, 5, 1, 2, 4), (2, 3, 1, 5, 4), (4, 3, 2, 1, 5), (3, 2, 4, 5, 1), (2, 1, 3, 4, 5), (3, 4, 2, 5, 1)}
M(B) = 
[[3, 2, 1, 4, 5], [3, 2, 4, 1, 5]]
Distance: 35
M(A) inter A:
{(3, 2, 1, 4, 5)}
M(B) inter B:
{(2, 3, 1, 5, 4), (3, 2, 4, 5, 1)}

AUB = 
{(2, 3, 1, 5, 4), (3, 5, 1, 2, 4), (4, 3, 1, 5, 2), (4, 2, 5, 1, 3), (1, 2, 3, 5, 4), (2, 1, 3, 5, 4), (1, 3, 2, 5, 4), (3, 2, 1, 4, 5), (4, 1, 5, 3, 2), (2, 1, 3, 4, 5), (5, 3, 2, 4, 1), (1, 4, 5, 2, 3), (4, 5, 3, 1, 2), (1, 4, 5, 3, 2), (4, 3, 2, 1, 5), (3, 2, 4, 5, 1), (5, 4, 3, 2, 1), (3, 4, 2, 5, 1), (5, 3, 1, 2, 4), (2, 4, 3, 1, 5)}
M(AUB) = 
[[3, 2, 1, 4, 5], [3, 2, 4, 1, 5]]
Distance:85

(42)
A = 
{(5, 2, 1, 4, 3), (2, 3, 4, 1, 5), (4, 2, 5, 1, 3), (1, 5, 4, 3, 2), (1, 2, 4, 3, 5), (2, 3, 5, 1, 4), (1, 4, 2, 5, 3), (2, 5, 3, 4, 1), (4, 3, 2, 1, 5), (3, 5, 1, 2, 4)}
M(A) = 
[[4, 2, 1, 3, 5]]
Distance: 42
B = 
{(4, 1, 2, 3, 5), (2, 4, 1, 5, 3), (4, 3, 1, 5, 2), (3, 2, 5, 1, 4), (4, 2, 1, 5, 3), (1, 5, 4, 3, 2), (4, 2, 1, 3, 5), (3, 1, 4, 5, 2), (1, 4, 2, 3, 5), (3, 4, 2, 5, 1)}
M(B) = 
[[4, 2, 1, 3, 5]]
Distance: 33
M(A) inter A:
set()
M(B) inter B:
{(4, 1, 2, 3, 5), (4, 2, 1, 3, 5)}

AUB = 
{(4, 1, 2, 3, 5), (5, 2, 1, 4, 3), (2, 3, 4, 1, 5), (3, 2, 5, 1, 4), (4, 2, 5, 1, 3), (1, 5, 4, 3, 2), (1, 2, 4, 3, 5), (4, 2, 1, 5, 3), (2, 4, 1, 5, 3), (4, 2, 1, 3, 5), (2, 3, 5, 1, 4), (1, 4, 2, 5, 3), (2, 5, 3, 4, 1), (4, 3, 2, 1, 5), (4, 3, 1, 5, 2), (1, 4, 2, 3, 5), (3, 5, 1, 2, 4), (3, 4, 2, 5, 1), (3, 1, 4, 5, 2)}
M(AUB) = 
[[4, 2, 1, 3, 5]]
Distance:73

(43)
A = 
{(5, 4, 2, 1, 3), (3, 4, 1, 5, 2), (4, 2, 1, 5, 3), (1, 5, 3, 4, 2), (3, 4, 1, 2, 5), (3, 5, 2, 4, 1), (2, 3, 5, 4, 1), (5, 4, 2, 3, 1), (2, 1, 4, 3, 5), (3, 4, 2, 1, 5)}
M(A) = 
[[3, 5, 4, 2, 1]]
Distance: 39
B = 
{(5, 2, 4, 1, 3), (1, 5, 2, 4, 3), (4, 2, 1, 5, 3), (4, 1, 3, 5, 2), (5, 3, 1, 4, 2), (1, 4, 2, 5, 3), (3, 1, 5, 4, 2), (3, 2, 5, 4, 1), (3, 5, 2, 1, 4), (5, 4, 3, 2, 1)}
M(B) = 
[[3, 5, 4, 2, 1]]
Distance: 42
M(A) inter A:
set()
M(B) inter B:
{(5, 4, 3, 2, 1)}

AUB = 
{(5, 4, 2, 1, 3), (1, 5, 2, 4, 3), (4, 2, 1, 5, 3), (3, 4, 1, 5, 2), (3, 2, 5, 4, 1), (1, 5, 3, 4, 2), (5, 3, 1, 4, 2), (3, 4, 1, 2, 5), (3, 5, 2, 1, 4), (4, 1, 3, 5, 2), (5, 2, 4, 1, 3), (3, 5, 2, 4, 1), (1, 4, 2, 5, 3), (2, 3, 5, 4, 1), (5, 4, 3, 2, 1), (3, 1, 5, 4, 2), (5, 4, 2, 3, 1), (2, 1, 4, 3, 5), (3, 4, 2, 1, 5)}
M(AUB) = 
[[3, 5, 4, 2, 1]]
Distance:80

(44)
A = 
{(3, 1, 5, 2, 4), (3, 2, 1, 5, 4), (5, 2, 3, 1, 4), (1, 5, 3, 4, 2), (2, 5, 1, 4, 3), (2, 3, 4, 5, 1), (4, 3, 1, 5, 2), (3, 4, 5, 2, 1), (2, 1, 3, 4, 5), (4, 3, 5, 1, 2)}
M(A) = 
[[3, 5, 2, 1, 4]]
Distance: 39
B = 
{(1, 3, 4, 2, 5), (3, 5, 2, 4, 1), (1, 2, 3, 5, 4), (1, 5, 4, 3, 2), (5, 1, 4, 3, 2), (3, 1, 5, 4, 2), (4, 3, 2, 1, 5), (2, 3, 5, 4, 1), (3, 5, 2, 1, 4), (4, 2, 5, 3, 1)}
M(B) = 
[[3, 5, 2, 1, 4]]
Distance: 40
M(A) inter A:
set()
M(B) inter B:
{(3, 1, 5, 4, 2)}

AUB = 
{(1, 3, 4, 2, 5), (5, 1, 4, 3, 2), (3, 1, 5, 2, 4), (5, 2, 3, 1, 4), (3, 2, 1, 5, 4), (1, 5, 3, 4, 2), (3, 5, 2, 1, 4), (3, 1, 5, 4, 2), (2, 3, 5, 4, 1), (2, 5, 1, 4, 3), (4, 3, 2, 1, 5), (3, 5, 2, 4, 1), (1, 5, 4, 3, 2), (2, 3, 4, 5, 1), (1, 2, 3, 5, 4), (4, 3, 1, 5, 2), (3, 4, 5, 2, 1), (2, 1, 3, 4, 5), (4, 2, 5, 3, 1), (4, 3, 5, 1, 2)}
M(AUB) = 
[[3, 5, 2, 1, 4]]
Distance:81

(45)
A = 
{(1, 3, 2, 4, 5), (2, 5, 1, 3, 4), (2, 4, 1, 5, 3), (1, 5, 3, 2, 4), (4, 1, 5, 3, 2), (3, 5, 4, 2, 1), (3, 1, 5, 4, 2), (1, 4, 5, 3, 2), (4, 5, 3, 2, 1), (4, 2, 5, 3, 1)}
M(A) = 
[[3, 4, 1, 5, 2], [3, 4, 2, 1, 5]]
Distance: 41
B = 
{(4, 1, 3, 2, 5), (2, 3, 4, 1, 5), (4, 3, 2, 5, 1), (4, 1, 5, 3, 2), (2, 4, 1, 3, 5), (3, 5, 1, 4, 2), (5, 3, 2, 4, 1), (3, 1, 4, 5, 2), (2, 3, 1, 4, 5), (5, 3, 1, 2, 4)}
M(B) = 
[[3, 4, 1, 5, 2], [3, 4, 2, 1, 5]]
Distance: 39
M(A) inter A:
set()
M(B) inter B:
set()

AUB = 
{(1, 3, 2, 4, 5), (3, 5, 4, 2, 1), (2, 4, 1, 5, 3), (2, 3, 4, 1, 5), (2, 3, 1, 4, 5), (1, 5, 3, 2, 4), (3, 5, 1, 4, 2), (2, 4, 1, 3, 5), (3, 1, 4, 5, 2), (4, 1, 5, 3, 2), (2, 5, 1, 3, 4), (4, 3, 2, 5, 1), (3, 1, 5, 4, 2), (1, 4, 5, 3, 2), (4, 5, 3, 2, 1), (4, 1, 3, 2, 5), (5, 3, 2, 4, 1), (5, 3, 1, 2, 4), (4, 2, 5, 3, 1)}
M(AUB) = 
[[3, 4, 1, 5, 2], [3, 4, 2, 1, 5]]
Distance:83

(46)
A = 
{(3, 5, 4, 2, 1), (5, 2, 1, 4, 3), (4, 3, 1, 5, 2), (2, 1, 5, 3, 4), (2, 5, 3, 1, 4), (4, 3, 2, 5, 1), (4, 5, 1, 3, 2), (4, 3, 1, 2, 5), (2, 4, 5, 3, 1), (1, 4, 3, 2, 5)}
M(A) = 
[[5, 4, 1, 3, 2], [5, 4, 3, 1, 2], [5, 4, 3, 2, 1]]
Distance: 40
B = 
{(5, 1, 4, 3, 2), (5, 2, 4, 1, 3), (4, 3, 5, 1, 2), (5, 2, 3, 1, 4), (5, 4, 1, 3, 2), (1, 5, 4, 3, 2), (2, 4, 3, 1, 5), (1, 3, 5, 4, 2), (5, 1, 2, 3, 4), (4, 5, 2, 3, 1)}
M(B) = 
[[5, 4, 1, 3, 2], [5, 4, 3, 1, 2], [5, 4, 3, 2, 1]]
Distance: 35
M(A) inter A:
set()
M(B) inter B:
{(5, 1, 4, 3, 2), (5, 4, 1, 3, 2)}

AUB = 
{(1, 5, 4, 3, 2), (2, 5, 3, 1, 4), (5, 2, 1, 4, 3), (4, 3, 1, 5, 2), (5, 4, 1, 3, 2), (5, 2, 3, 1, 4), (5, 1, 2, 3, 4), (2, 1, 5, 3, 4), (2, 4, 3, 1, 5), (1, 3, 5, 4, 2), (5, 2, 4, 1, 3), (5, 1, 4, 3, 2), (3, 5, 4, 2, 1), (4, 3, 2, 5, 1), (4, 5, 1, 3, 2), (4, 3, 1, 2, 5), (4, 3, 5, 1, 2), (2, 4, 5, 3, 1), (4, 5, 2, 3, 1), (1, 4, 3, 2, 5)}
M(AUB) = 
[[5, 4, 1, 3, 2], [5, 4, 3, 1, 2], [5, 4, 3, 2, 1]]
Distance:83

(47)
A = 
{(1, 2, 5, 4, 3), (3, 4, 5, 1, 2), (2, 1, 5, 3, 4), (3, 2, 4, 1, 5), (3, 1, 4, 2, 5), (4, 5, 3, 1, 2), (4, 5, 3, 2, 1), (3, 1, 4, 5, 2), (2, 4, 3, 1, 5), (2, 3, 5, 4, 1)}
M(A) = 
[[3, 4, 2, 1, 5]]
Distance: 39
B = 
{(2, 3, 1, 4, 5), (3, 1, 4, 2, 5), (3, 2, 4, 1, 5), (5, 3, 4, 1, 2), (4, 2, 1, 3, 5), (4, 3, 1, 2, 5), (4, 3, 2, 1, 5), (3, 5, 1, 2, 4), (3, 2, 1, 4, 5), (4, 2, 3, 5, 1)}
M(B) = 
[[3, 4, 2, 1, 5]]
Distance: 28
M(A) inter A:
set()
M(B) inter B:
set()

AUB = 
{(1, 2, 5, 4, 3), (3, 2, 1, 4, 5), (2, 3, 1, 4, 5), (3, 4, 5, 1, 2), (2, 1, 5, 3, 4), (3, 2, 4, 1, 5), (5, 3, 4, 1, 2), (4, 3, 2, 1, 5), (4, 2, 1, 3, 5), (3, 1, 4, 2, 5), (4, 5, 3, 1, 2), (4, 3, 1, 2, 5), (4, 5, 3, 2, 1), (3, 1, 4, 5, 2), (3, 5, 1, 2, 4), (2, 4, 3, 1, 5), (4, 2, 3, 5, 1), (2, 3, 5, 4, 1)}
M(AUB) = 
[[3, 4, 2, 1, 5]]
Distance:64

(48)
A = 
{(2, 1, 5, 4, 3), (4, 2, 5, 1, 3), (3, 4, 1, 5, 2), (1, 5, 4, 3, 2), (5, 1, 4, 2, 3), (5, 3, 1, 4, 2), (2, 5, 3, 4, 1), (3, 1, 2, 5, 4), (5, 2, 3, 4, 1), (1, 3, 5, 4, 2)}
M(A) = 
[[1, 5, 4, 2, 3]]
Distance: 40
B = 
{(1, 2, 4, 5, 3), (2, 1, 5, 4, 3), (4, 1, 5, 2, 3), (1, 2, 4, 3, 5), (4, 2, 3, 1, 5), (3, 1, 4, 2, 5), (3, 1, 4, 5, 2), (1, 5, 4, 2, 3), (5, 3, 1, 2, 4), (4, 2, 5, 3, 1)}
M(B) = 
[[1, 5, 4, 2, 3]]
Distance: 34
M(A) inter A:
set()
M(B) inter B:
set()

AUB = 
{(1, 2, 4, 5, 3), (2, 1, 5, 4, 3), (3, 4, 1, 5, 2), (4, 2, 5, 1, 3), (1, 5, 4, 2, 3), (1, 5, 4, 3, 2), (5, 3, 1, 4, 2), (1, 2, 4, 3, 5), (5, 1, 4, 2, 3), (4, 2, 3, 1, 5), (4, 2, 5, 3, 1), (4, 1, 5, 2, 3), (2, 5, 3, 4, 1), (3, 1, 4, 2, 5), (3, 1, 2, 5, 4), (5, 2, 3, 4, 1), (3, 1, 4, 5, 2), (5, 3, 1, 2, 4), (1, 3, 5, 4, 2)}
M(AUB) = 
[[1, 5, 4, 2, 3]]
Distance:79

(49)
A = 
{(2, 1, 4, 5, 3), (1, 2, 3, 5, 4), (5, 4, 1, 3, 2), (2, 1, 3, 5, 4), (5, 1, 2, 4, 3), (1, 2, 4, 3, 5), (3, 5, 2, 1, 4), (4, 1, 3, 5, 2), (4, 2, 3, 1, 5), (5, 3, 2, 1, 4)}
M(A) = 
[[2, 1, 5, 4, 3]]
Distance: 41
B = 
{(2, 1, 5, 4, 3), (4, 1, 5, 2, 3), (1, 5, 3, 2, 4), (5, 3, 2, 1, 4), (3, 4, 2, 1, 5), (4, 2, 1, 3, 5), (4, 3, 2, 5, 1), (2, 5, 3, 4, 1), (5, 2, 4, 3, 1), (3, 5, 2, 1, 4)}
M(B) = 
[[2, 1, 5, 4, 3]]
Distance: 42
M(A) inter A:
set()
M(B) inter B:
{(5, 2, 4, 3, 1), (2, 5, 3, 4, 1)}

AUB = 
{(1, 5, 3, 2, 4), (2, 1, 4, 5, 3), (5, 4, 1, 3, 2), (1, 2, 3, 5, 4), (2, 1, 3, 5, 4), (4, 1, 3, 5, 2), (1, 2, 4, 3, 5), (4, 3, 2, 5, 1), (5, 1, 2, 4, 3), (4, 2, 3, 1, 5), (5, 3, 2, 1, 4), (4, 1, 5, 2, 3), (2, 5, 3, 4, 1), (4, 2, 1, 3, 5), (2, 1, 5, 4, 3), (5, 2, 4, 3, 1), (3, 5, 2, 1, 4), (3, 4, 2, 1, 5)}
M(AUB) = 
[[2, 1, 5, 4, 3]]
Distance:76

(50)
A = 
{(5, 2, 1, 4, 3), (2, 3, 1, 4, 5), (1, 5, 3, 4, 2), (4, 1, 5, 3, 2), (2, 3, 1, 5, 4), (4, 3, 2, 1, 5), (1, 4, 2, 5, 3), (3, 1, 5, 4, 2), (4, 3, 1, 2, 5), (3, 4, 2, 5, 1)}
M(A) = 
[[1, 3, 4, 2, 5]]
Distance: 39
B = 
{(2, 1, 3, 5, 4), (4, 2, 5, 1, 3), (3, 4, 5, 1, 2), (4, 3, 2, 5, 1), (1, 2, 4, 3, 5), (3, 5, 4, 1, 2), (1, 5, 3, 4, 2), (1, 2, 3, 5, 4), (1, 4, 5, 3, 2), (1, 2, 3, 4, 5)}
M(B) = 
[[1, 3, 4, 2, 5]]
Distance: 38
M(A) inter A:
set()
M(B) inter B:
set()

AUB = 
{(5, 2, 1, 4, 3), (2, 3, 1, 4, 5), (3, 4, 5, 1, 2), (4, 2, 5, 1, 3), (1, 2, 3, 5, 4), (1, 5, 3, 4, 2), (3, 5, 4, 1, 2), (1, 2, 4, 3, 5), (4, 1, 5, 3, 2), (2, 1, 3, 5, 4), (2, 3, 1, 5, 4), (4, 3, 1, 2, 5), (1, 4, 2, 5, 3), (3, 1, 5, 4, 2), (4, 3, 2, 5, 1), (1, 4, 5, 3, 2), (4, 3, 2, 1, 5), (3, 4, 2, 5, 1), (1, 2, 3, 4, 5)}
M(AUB) = 
[[1, 3, 4, 2, 5]]
Distance:76

(51)
A = 
{(5, 1, 4, 3, 2), (1, 5, 2, 4, 3), (5, 1, 2, 3, 4), (3, 1, 4, 2, 5), (3, 5, 2, 1, 4), (4, 5, 2, 1, 3), (1, 4, 2, 5, 3), (2, 4, 5, 3, 1), (5, 3, 2, 1, 4), (3, 4, 5, 2, 1)}
M(A) = 
[[1, 2, 3, 5, 4], [1, 2, 5, 3, 4], [1, 3, 2, 5, 4], [1, 3, 5, 2, 4], [1, 5, 2, 3, 4], [1, 5, 3, 2, 4], [5, 1, 2, 3, 4], [5, 1, 3, 2, 4]]
Distance: 42
B = 
{(5, 2, 1, 3, 4), (3, 2, 5, 1, 4), (2, 1, 5, 3, 4), (1, 2, 4, 3, 5), (3, 1, 2, 4, 5), (5, 4, 3, 1, 2), (1, 2, 3, 5, 4), (1, 2, 3, 4, 5), (1, 3, 5, 2, 4), (3, 2, 1, 4, 5)}
M(B) = 
[[1, 2, 3, 5, 4], [1, 2, 5, 3, 4], [1, 3, 2, 5, 4], [1, 3, 5, 2, 4], [1, 5, 2, 3, 4], [1, 5, 3, 2, 4], [5, 1, 2, 3, 4], [5, 1, 3, 2, 4]]
Distance: 30
M(A) inter A:
set()
M(B) inter B:
{(1, 2, 3, 5, 4)}

AUB = 
{(5, 1, 2, 3, 4), (1, 5, 2, 4, 3), (3, 2, 5, 1, 4), (5, 2, 1, 3, 4), (3, 1, 4, 2, 5), (5, 3, 2, 1, 4), (1, 2, 4, 3, 5), (3, 1, 2, 4, 5), (3, 2, 1, 4, 5), (1, 3, 5, 2, 4), (4, 5, 2, 1, 3), (5, 1, 4, 3, 2), (2, 1, 5, 3, 4), (1, 4, 2, 5, 3), (5, 4, 3, 1, 2), (1, 2, 3, 5, 4), (1, 2, 3, 4, 5), (2, 4, 5, 3, 1), (3, 5, 2, 1, 4), (3, 4, 5, 2, 1)}
M(AUB) = 
[[1, 2, 3, 5, 4], [1, 2, 5, 3, 4], [1, 3, 2, 5, 4], [1, 3, 5, 2, 4], [1, 5, 2, 3, 4], [1, 5, 3, 2, 4], [5, 1, 2, 3, 4], [5, 1, 3, 2, 4]]
Distance:84

(52)
A = 
{(3, 4, 1, 5, 2), (2, 1, 5, 3, 4), (1, 3, 5, 4, 2), (5, 1, 2, 4, 3), (1, 5, 3, 4, 2), (2, 3, 4, 5, 1), (1, 4, 2, 3, 5), (3, 4, 5, 2, 1), (5, 2, 3, 4, 1), (3, 5, 4, 1, 2)}
M(A) = 
[[4, 5, 3, 1, 2], [5, 3, 4, 1, 2]]
Distance: 41
B = 
{(1, 2, 4, 5, 3), (3, 4, 5, 1, 2), (4, 1, 2, 5, 3), (5, 1, 2, 4, 3), (5, 3, 1, 4, 2), (4, 5, 3, 1, 2), (4, 5, 3, 2, 1), (5, 2, 4, 3, 1), (5, 4, 3, 2, 1), (4, 2, 5, 3, 1)}
M(B) = 
[[4, 5, 3, 1, 2], [5, 3, 4, 1, 2]]
Distance: 30
M(A) inter A:
set()
M(B) inter B:
{(4, 5, 3, 1, 2)}

AUB = 
{(1, 2, 4, 5, 3), (3, 4, 5, 1, 2), (3, 4, 1, 5, 2), (2, 1, 5, 3, 4), (5, 1, 2, 4, 3), (1, 3, 5, 4, 2), (5, 2, 4, 3, 1), (4, 2, 5, 3, 1), (1, 5, 3, 4, 2), (5, 4, 3, 2, 1), (2, 3, 4, 5, 1), (5, 3, 1, 4, 2), (5, 2, 3, 4, 1), (4, 5, 3, 2, 1), (4, 5, 3, 1, 2), (1, 4, 2, 3, 5), (3, 4, 5, 2, 1), (3, 5, 4, 1, 2), (4, 1, 2, 5, 3)}
M(AUB) = 
[[4, 5, 3, 1, 2], [5, 3, 4, 1, 2]]
Distance:76

(53)
A = 
{(4, 1, 2, 3, 5), (4, 3, 5, 2, 1), (2, 1, 3, 5, 4), (1, 5, 4, 3, 2), (3, 2, 4, 1, 5), (4, 1, 2, 5, 3), (4, 3, 2, 5, 1), (3, 1, 5, 4, 2), (3, 4, 5, 2, 1), (3, 4, 2, 5, 1)}
M(A) = 
[[3, 4, 1, 5, 2]]
Distance: 34
B = 
{(4, 3, 1, 5, 2), (3, 2, 1, 5, 4), (3, 1, 4, 2, 5), (3, 2, 4, 1, 5), (5, 3, 1, 4, 2), (5, 3, 4, 2, 1), (4, 1, 2, 5, 3), (4, 5, 3, 1, 2), (1, 4, 3, 5, 2), (3, 1, 5, 4, 2)}
M(B) = 
[[3, 4, 1, 5, 2]]
Distance: 32
M(A) inter A:
set()
M(B) inter B:
set()

AUB = 
{(4, 1, 2, 3, 5), (4, 3, 1, 5, 2), (1, 5, 4, 3, 2), (3, 2, 1, 5, 4), (4, 3, 5, 2, 1), (5, 3, 1, 4, 2), (3, 2, 4, 1, 5), (4, 1, 2, 5, 3), (5, 3, 4, 2, 1), (2, 1, 3, 5, 4), (3, 1, 5, 4, 2), (4, 3, 2, 5, 1), (1, 4, 3, 5, 2), (4, 5, 3, 1, 2), (3, 4, 5, 2, 1), (3, 1, 4, 2, 5), (3, 4, 2, 5, 1)}
M(AUB) = 
[[3, 4, 1, 5, 2]]
Distance:60

(54)
A = 
{(2, 4, 5, 1, 3), (5, 4, 3, 1, 2), (3, 2, 5, 1, 4), (4, 3, 2, 5, 1), (2, 4, 1, 3, 5), (3, 1, 2, 4, 5), (3, 1, 4, 5, 2), (4, 2, 5, 1, 3), (2, 1, 4, 3, 5), (1, 2, 3, 4, 5)}
M(A) = 
[[2, 4, 1, 5, 3], [2, 4, 5, 1, 3]]
Distance: 39
B = 
{(2, 4, 1, 5, 3), (1, 5, 2, 4, 3), (4, 2, 5, 1, 3), (4, 1, 2, 5, 3), (5, 1, 4, 2, 3), (2, 4, 5, 1, 3), (4, 5, 2, 1, 3), (2, 3, 4, 1, 5), (5, 2, 4, 3, 1), (5, 3, 2, 1, 4)}
M(B) = 
[[2, 4, 1, 5, 3], [2, 4, 5, 1, 3]]
Distance: 30
M(A) inter A:
{(2, 4, 5, 1, 3)}
M(B) inter B:
{(2, 4, 5, 1, 3)}

AUB = 
{(2, 4, 5, 1, 3), (1, 5, 2, 4, 3), (3, 2, 5, 1, 4), (5, 4, 3, 1, 2), (4, 3, 2, 5, 1), (5, 1, 4, 2, 3), (2, 4, 1, 3, 5), (4, 1, 2, 5, 3), (2, 4, 1, 5, 3), (5, 3, 2, 1, 4), (4, 5, 2, 1, 3), (3, 1, 2, 4, 5), (3, 1, 4, 5, 2), (4, 2, 5, 1, 3), (2, 3, 4, 1, 5), (5, 2, 4, 3, 1), (2, 1, 4, 3, 5), (1, 2, 3, 4, 5)}
M(AUB) = 
[[2, 4, 1, 5, 3], [2, 4, 5, 1, 3]]
Distance:72

(55)
A = 
{(4, 5, 1, 2, 3), (1, 2, 5, 4, 3), (2, 1, 5, 3, 4), (2, 4, 1, 3, 5), (4, 2, 1, 3, 5), (5, 3, 2, 4, 1), (3, 1, 4, 5, 2), (1, 4, 5, 3, 2), (5, 2, 3, 4, 1), (1, 3, 2, 5, 4)}
M(A) = 
[[1, 3, 4, 5, 2], [1, 3, 5, 2, 4], [1, 3, 5, 4, 2]]
Distance: 43
B = 
{(3, 5, 2, 4, 1), (3, 1, 2, 4, 5), (4, 3, 5, 2, 1), (3, 5, 4, 1, 2), (5, 1, 4, 2, 3), (4, 5, 2, 1, 3), (1, 5, 4, 3, 2), (3, 1, 4, 2, 5), (3, 2, 4, 5, 1), (1, 3, 5, 2, 4)}
M(B) = 
[[1, 3, 4, 5, 2], [1, 3, 5, 2, 4], [1, 3, 5, 4, 2]]
Distance: 38
M(A) inter A:
set()
M(B) inter B:
{(3, 5, 4, 1, 2)}

AUB = 
{(5, 3, 2, 4, 1), (1, 2, 5, 4, 3), (1, 5, 4, 3, 2), (2, 1, 5, 3, 4), (5, 1, 4, 2, 3), (2, 4, 1, 3, 5), (3, 5, 4, 1, 2), (1, 3, 5, 2, 4), (4, 2, 1, 3, 5), (4, 5, 1, 2, 3), (3, 1, 2, 4, 5), (3, 2, 4, 5, 1), (3, 1, 4, 5, 2), (3, 1, 4, 2, 5), (1, 4, 5, 3, 2), (3, 5, 2, 4, 1), (5, 2, 3, 4, 1), (4, 5, 2, 1, 3), (1, 3, 2, 5, 4), (4, 3, 5, 2, 1)}
M(AUB) = 
[[1, 3, 4, 5, 2], [1, 3, 5, 2, 4], [1, 3, 5, 4, 2]]
Distance:91

(56)
A = 
{(2, 3, 5, 1, 4), (5, 4, 2, 1, 3), (1, 3, 5, 4, 2), (2, 4, 3, 1, 5), (2, 5, 4, 1, 3), (3, 5, 2, 4, 1), (2, 3, 4, 5, 1), (4, 3, 2, 1, 5), (4, 5, 1, 3, 2), (2, 1, 4, 3, 5)}
M(A) = 
[[4, 2, 3, 1, 5], [4, 2, 3, 5, 1]]
Distance: 38
B = 
{(4, 1, 5, 2, 3), (4, 3, 5, 2, 1), (5, 3, 1, 4, 2), (2, 1, 5, 3, 4), (1, 4, 2, 5, 3), (3, 1, 5, 4, 2), (3, 1, 4, 5, 2), (3, 4, 2, 5, 1), (1, 5, 2, 3, 4), (4, 2, 3, 5, 1)}
M(B) = 
[[4, 2, 3, 1, 5], [4, 2, 3, 5, 1]]
Distance: 40
M(A) inter A:
set()
M(B) inter B:
{(3, 1, 4, 5, 2)}

AUB = 
{(3, 5, 2, 4, 1), (5, 4, 2, 1, 3), (3, 1, 5, 4, 2), (4, 1, 5, 2, 3), (2, 5, 4, 1, 3), (2, 4, 3, 1, 5), (1, 3, 5, 4, 2), (2, 3, 5, 1, 4), (4, 3, 5, 2, 1), (1, 4, 2, 5, 3), (2, 1, 5, 3, 4), (2, 3, 4, 5, 1), (5, 3, 1, 4, 2), (4, 2, 3, 5, 1), (4, 3, 2, 1, 5), (4, 5, 1, 3, 2), (3, 4, 2, 5, 1), (1, 5, 2, 3, 4), (2, 1, 4, 3, 5), (3, 1, 4, 5, 2)}
M(AUB) = 
[[4, 2, 3, 1, 5], [4, 2, 3, 5, 1]]
Distance:90

(57)
A = 
{(3, 5, 2, 4, 1), (5, 4, 2, 1, 3), (2, 3, 4, 1, 5), (3, 2, 5, 1, 4), (5, 3, 1, 4, 2), (3, 2, 4, 1, 5), (4, 1, 3, 5, 2), (5, 1, 2, 3, 4), (4, 5, 3, 1, 2), (3, 2, 4, 5, 1)}
M(A) = 
[[4, 3, 5, 2, 1]]
Distance: 36
B = 
{(5, 4, 1, 2, 3), (5, 4, 1, 3, 2), (4, 3, 2, 5, 1), (2, 4, 3, 1, 5), (5, 3, 1, 4, 2), (2, 5, 3, 1, 4), (1, 4, 5, 2, 3), (2, 3, 4, 5, 1), (4, 3, 2, 1, 5), (5, 4, 2, 3, 1)}
M(B) = 
[[4, 3, 5, 2, 1]]
Distance: 37
M(A) inter A:
set()
M(B) inter B:
{(5, 4, 2, 3, 1)}

AUB = 
{(5, 4, 2, 3, 1), (5, 1, 2, 3, 4), (5, 4, 2, 1, 3), (2, 3, 4, 1, 5), (5, 4, 1, 3, 2), (3, 2, 5, 1, 4), (2, 3, 4, 5, 1), (4, 3, 2, 5, 1), (4, 1, 3, 5, 2), (3, 2, 4, 1, 5), (5, 3, 1, 4, 2), (5, 4, 1, 2, 3), (3, 5, 2, 4, 1), (1, 4, 5, 2, 3), (4, 5, 3, 1, 2), (4, 3, 2, 1, 5), (2, 5, 3, 1, 4), (3, 2, 4, 5, 1), (2, 4, 3, 1, 5)}
M(AUB) = 
[[4, 3, 5, 2, 1]]
Distance:78

(58)
A = 
{(4, 1, 2, 3, 5), (2, 4, 5, 1, 3), (2, 3, 4, 1, 5), (5, 4, 2, 3, 1), (4, 1, 5, 2, 3), (3, 4, 2, 5, 1), (3, 1, 2, 5, 4), (5, 2, 4, 3, 1), (5, 2, 3, 4, 1), (4, 2, 5, 3, 1)}
M(A) = 
[[5, 4, 1, 2, 3], [5, 4, 2, 3, 1]]
Distance: 34
B = 
{(5, 4, 1, 2, 3), (3, 4, 5, 1, 2), (1, 5, 2, 3, 4), (1, 3, 4, 5, 2), (5, 3, 1, 4, 2), (1, 2, 5, 4, 3), (1, 5, 4, 3, 2), (2, 5, 3, 4, 1), (2, 4, 3, 5, 1), (1, 3, 5, 4, 2)}
M(B) = 
[[5, 4, 1, 2, 3], [5, 4, 2, 3, 1]]
Distance: 38
M(A) inter A:
set()
M(B) inter B:
set()

AUB = 
{(4, 1, 2, 3, 5), (1, 3, 5, 4, 2), (2, 4, 5, 1, 3), (2, 3, 4, 1, 5), (1, 5, 4, 3, 2), (3, 4, 5, 1, 2), (4, 1, 5, 2, 3), (5, 3, 1, 4, 2), (1, 2, 5, 4, 3), (1, 3, 4, 5, 2), (5, 4, 1, 2, 3), (5, 2, 4, 3, 1), (1, 5, 2, 3, 4), (2, 5, 3, 4, 1), (5, 2, 3, 4, 1), (3, 1, 2, 5, 4), (5, 4, 2, 3, 1), (2, 4, 3, 5, 1), (3, 4, 2, 5, 1), (4, 2, 5, 3, 1)}
M(AUB) = 
[[5, 4, 1, 2, 3], [5, 4, 2, 3, 1]]
Distance:88

(59)
A = 
{(4, 1, 2, 3, 5), (5, 2, 1, 4, 3), (3, 1, 2, 5, 4), (5, 4, 1, 3, 2), (1, 2, 4, 5, 3), (5, 3, 4, 2, 1), (3, 1, 4, 5, 2), (4, 3, 5, 1, 2), (3, 2, 5, 4, 1), (5, 3, 1, 2, 4)}
M(A) = 
[[3, 1, 2, 5, 4]]
Distance: 42
B = 
{(1, 3, 4, 2, 5), (2, 3, 4, 1, 5), (3, 4, 1, 5, 2), (4, 2, 5, 1, 3), (2, 3, 5, 1, 4), (1, 4, 2, 5, 3), (2, 5, 3, 4, 1), (3, 1, 4, 5, 2), (1, 2, 3, 5, 4), (3, 5, 1, 2, 4)}
M(B) = 
[[3, 1, 2, 5, 4]]
Distance: 39
M(A) inter A:
set()
M(B) inter B:
set()

AUB = 
{(4, 1, 2, 3, 5), (1, 3, 4, 2, 5), (5, 2, 1, 4, 3), (3, 1, 2, 5, 4), (3, 4, 1, 5, 2), (5, 4, 1, 3, 2), (2, 3, 5, 1, 4), (3, 5, 1, 2, 4), (1, 2, 4, 5, 3), (2, 3, 4, 1, 5), (5, 3, 4, 2, 1), (2, 5, 3, 4, 1), (1, 4, 2, 5, 3), (3, 1, 4, 5, 2), (4, 2, 5, 1, 3), (1, 2, 3, 5, 4), (4, 3, 5, 1, 2), (3, 2, 5, 4, 1), (5, 3, 1, 2, 4)}
M(AUB) = 
[[3, 1, 2, 5, 4]]
Distance:84

(60)
A = 
{(4, 3, 5, 1, 2), (1, 5, 4, 2, 3), (4, 1, 2, 5, 3), (2, 5, 1, 4, 3), (4, 3, 5, 2, 1), (2, 5, 4, 3, 1), (3, 1, 4, 5, 2), (5, 4, 2, 3, 1), (2, 1, 4, 3, 5), (4, 2, 5, 3, 1)}
M(A) = 
[[3, 5, 1, 4, 2], [3, 5, 2, 1, 4], [3, 5, 4, 2, 1], [4, 3, 5, 2, 1]]
Distance: 36
B = 
{(1, 3, 2, 4, 5), (1, 3, 4, 2, 5), (5, 4, 3, 1, 2), (5, 2, 3, 1, 4), (3, 1, 4, 2, 5), (1, 3, 5, 2, 4), (3, 5, 2, 4, 1), (2, 5, 4, 3, 1), (3, 2, 5, 4, 1), (3, 5, 2, 1, 4)}
M(B) = 
[[3, 5, 1, 4, 2], [3, 5, 2, 1, 4], [3, 5, 4, 2, 1], [4, 3, 5, 2, 1]]
Distance: 34
M(A) inter A:
set()
M(B) inter B:
{(3, 5, 2, 1, 4)}

AUB = 
{(1, 3, 2, 4, 5), (1, 3, 4, 2, 5), (4, 3, 5, 1, 2), (5, 2, 3, 1, 4), (5, 4, 3, 1, 2), (4, 1, 2, 5, 3), (1, 3, 5, 2, 4), (3, 5, 2, 1, 4), (2, 5, 1, 4, 3), (3, 5, 2, 4, 1), (4, 3, 5, 2, 1), (2, 5, 4, 3, 1), (4, 2, 5, 3, 1), (1, 5, 4, 2, 3), (5, 4, 2, 3, 1), (3, 1, 4, 2, 5), (2, 1, 4, 3, 5), (3, 2, 5, 4, 1), (3, 1, 4, 5, 2)}
M(AUB) = 
[[3, 5, 1, 4, 2], [3, 5, 2, 1, 4], [3, 5, 4, 2, 1], [4, 3, 5, 2, 1]]
Distance:87

(61)
A = 
{(5, 1, 3, 2, 4), (5, 2, 4, 1, 3), (4, 3, 1, 5, 2), (3, 4, 5, 1, 2), (5, 2, 3, 1, 4), (1, 5, 2, 3, 4), (3, 5, 1, 4, 2), (4, 1, 5, 3, 2), (2, 3, 1, 5, 4), (3, 1, 4, 5, 2)}
M(A) = 
[[5, 3, 1, 2, 4]]
Distance: 38
B = 
{(1, 3, 4, 2, 5), (4, 5, 2, 1, 3), (3, 2, 5, 1, 4), (1, 2, 5, 3, 4), (2, 3, 1, 5, 4), (3, 5, 2, 1, 4), (5, 1, 2, 3, 4), (4, 5, 3, 2, 1), (5, 4, 2, 3, 1), (2, 1, 4, 3, 5)}
M(B) = 
[[5, 3, 1, 2, 4]]
Distance: 41
M(A) inter A:
{(5, 2, 3, 1, 4)}
M(B) inter B:
set()

AUB = 
{(1, 3, 4, 2, 5), (2, 3, 1, 5, 4), (5, 2, 4, 1, 3), (4, 3, 1, 5, 2), (5, 2, 3, 1, 4), (3, 4, 5, 1, 2), (5, 1, 2, 3, 4), (1, 5, 2, 3, 4), (4, 1, 5, 3, 2), (3, 5, 1, 4, 2), (4, 5, 2, 1, 3), (5, 1, 3, 2, 4), (3, 1, 4, 5, 2), (1, 2, 5, 3, 4), (4, 5, 3, 2, 1), (3, 2, 5, 1, 4), (5, 4, 2, 3, 1), (2, 1, 4, 3, 5), (3, 5, 2, 1, 4)}
M(AUB) = 
[[5, 3, 1, 2, 4]]
Distance:80

(62)
A = 
{(5, 1, 4, 3, 2), (1, 2, 5, 3, 4), (2, 1, 3, 5, 4), (1, 2, 4, 3, 5), (2, 5, 1, 4, 3), (2, 5, 3, 1, 4), (1, 4, 2, 3, 5), (3, 4, 2, 5, 1), (1, 3, 2, 5, 4), (3, 4, 1, 2, 5)}
M(A) = 
[[1, 2, 3, 5, 4]]
Distance: 34
B = 
{(2, 1, 5, 4, 3), (1, 2, 3, 5, 4), (4, 2, 5, 1, 3), (3, 1, 4, 2, 5), (1, 3, 4, 5, 2), (5, 1, 4, 2, 3), (2, 3, 5, 4, 1), (4, 5, 1, 3, 2), (3, 5, 1, 2, 4), (3, 1, 4, 5, 2)}
M(B) = 
[[1, 2, 3, 5, 4]]
Distance: 42
M(A) inter A:
set()
M(B) inter B:
{(1, 3, 4, 5, 2)}

AUB = 
{(2, 5, 3, 1, 4), (3, 5, 1, 2, 4), (2, 1, 5, 4, 3), (1, 2, 3, 5, 4), (1, 2, 5, 3, 4), (2, 1, 3, 5, 4), (1, 3, 4, 5, 2), (1, 2, 4, 3, 5), (2, 5, 1, 4, 3), (5, 1, 4, 3, 2), (3, 1, 4, 2, 5), (5, 1, 4, 2, 3), (2, 3, 5, 4, 1), (4, 2, 5, 1, 3), (4, 5, 1, 3, 2), (1, 4, 2, 3, 5), (3, 4, 1, 2, 5), (1, 3, 2, 5, 4), (3, 4, 2, 5, 1), (3, 1, 4, 5, 2)}
M(AUB) = 
[[1, 2, 3, 5, 4]]
Distance:78

(63)
A = 
{(5, 4, 1, 2, 3), (3, 1, 2, 4, 5), (2, 4, 3, 1, 5), (5, 3, 1, 4, 2), (4, 5, 1, 2, 3), (2, 3, 5, 4, 1), (4, 3, 2, 1, 5), (4, 5, 3, 1, 2), (3, 2, 4, 5, 1), (5, 4, 2, 3, 1)}
M(A) = 
[[2, 4, 5, 3, 1]]
Distance: 39
B = 
{(5, 1, 4, 3, 2), (5, 2, 1, 3, 4), (2, 5, 1, 3, 4), (3, 2, 1, 4, 5), (2, 5, 1, 4, 3), (4, 5, 2, 1, 3), (5, 4, 2, 3, 1), (5, 3, 2, 1, 4), (1, 2, 4, 3, 5), (4, 2, 3, 5, 1)}
M(B) = 
[[2, 4, 5, 3, 1]]
Distance: 34
M(A) inter A:
set()
M(B) inter B:
{(2, 5, 1, 4, 3)}

AUB = 
{(5, 1, 4, 3, 2), (5, 4, 1, 2, 3), (3, 2, 1, 4, 5), (2, 5, 1, 4, 3), (5, 2, 1, 3, 4), (3, 1, 2, 4, 5), (2, 5, 1, 3, 4), (2, 4, 3, 1, 5), (1, 2, 4, 3, 5), (5, 3, 1, 4, 2), (4, 5, 2, 1, 3), (4, 5, 1, 2, 3), (2, 3, 5, 4, 1), (4, 3, 2, 1, 5), (4, 5, 3, 1, 2), (3, 2, 4, 5, 1), (5, 3, 2, 1, 4), (5, 4, 2, 3, 1), (4, 2, 3, 5, 1)}
M(AUB) = 
[[2, 4, 5, 3, 1]]
Distance:80

(64)
A = 
{(5, 1, 4, 3, 2), (4, 3, 1, 5, 2), (3, 1, 5, 4, 2), (4, 1, 5, 2, 3), (3, 5, 1, 2, 4), (5, 3, 4, 1, 2), (5, 1, 2, 3, 4), (4, 5, 3, 1, 2), (4, 3, 5, 1, 2), (5, 3, 1, 2, 4)}
M(A) = 
[[3, 1, 5, 4, 2], [3, 5, 1, 4, 2], [3, 5, 4, 1, 2], [5, 3, 1, 4, 2], [5, 3, 4, 1, 2]]
Distance: 29
B = 
{(3, 1, 5, 2, 4), (1, 2, 3, 5, 4), (5, 4, 1, 3, 2), (3, 1, 2, 4, 5), (2, 4, 1, 3, 5), (5, 2, 3, 1, 4), (4, 1, 3, 5, 2), (1, 5, 3, 4, 2), (4, 5, 1, 3, 2), (2, 3, 4, 1, 5)}
M(B) = 
[[3, 1, 5, 4, 2], [3, 5, 1, 4, 2], [3, 5, 4, 1, 2], [5, 3, 1, 4, 2], [5, 3, 4, 1, 2]]
Distance: 40
M(A) inter A:
set()
M(B) inter B:
set()

AUB = 
{(5, 1, 2, 3, 4), (4, 1, 3, 5, 2), (4, 3, 1, 5, 2), (5, 4, 1, 3, 2), (1, 2, 3, 5, 4), (4, 5, 1, 3, 2), (4, 1, 5, 2, 3), (5, 3, 1, 2, 4), (2, 4, 1, 3, 5), (5, 2, 3, 1, 4), (5, 3, 4, 1, 2), (2, 3, 4, 1, 5), (5, 1, 4, 3, 2), (3, 1, 2, 4, 5), (3, 1, 5, 4, 2), (3, 1, 5, 2, 4), (4, 5, 3, 1, 2), (3, 5, 1, 2, 4), (1, 5, 3, 4, 2), (4, 3, 5, 1, 2)}
M(AUB) = 
[[3, 1, 5, 4, 2], [3, 5, 1, 4, 2], [3, 5, 4, 1, 2], [5, 3, 1, 4, 2], [5, 3, 4, 1, 2]]
Distance:79

(65)
A = 
{(4, 1, 3, 2, 5), (3, 4, 1, 5, 2), (4, 3, 2, 5, 1), (5, 1, 2, 4, 3), (1, 3, 5, 4, 2), (2, 3, 5, 1, 4), (1, 4, 5, 3, 2), (4, 3, 2, 1, 5), (5, 2, 4, 3, 1), (5, 3, 2, 1, 4)}
M(A) = 
[[2, 1, 4, 3, 5]]
Distance: 43
B = 
{(4, 1, 2, 3, 5), (1, 2, 5, 4, 3), (5, 2, 3, 1, 4), (2, 1, 3, 5, 4), (2, 4, 5, 1, 3), (5, 3, 2, 4, 1), (1, 2, 4, 5, 3), (1, 4, 3, 2, 5), (3, 5, 2, 1, 4), (4, 2, 3, 5, 1)}
M(B) = 
[[2, 1, 4, 3, 5]]
Distance: 40
M(A) inter A:
set()
M(B) inter B:
set()

AUB = 
{(4, 1, 3, 2, 5), (4, 1, 2, 3, 5), (1, 2, 5, 4, 3), (5, 2, 3, 1, 4), (3, 4, 1, 5, 2), (4, 3, 2, 5, 1), (1, 3, 5, 4, 2), (3, 5, 2, 1, 4), (5, 1, 2, 4, 3), (2, 4, 5, 1, 3), (2, 3, 5, 1, 4), (2, 1, 3, 5, 4), (1, 2, 4, 5, 3), (1, 4, 5, 3, 2), (4, 3, 2, 1, 5), (5, 2, 4, 3, 1), (5, 3, 2, 4, 1), (5, 3, 2, 1, 4), (1, 4, 3, 2, 5), (4, 2, 3, 5, 1)}
M(AUB) = 
[[2, 1, 4, 3, 5]]
Distance:93

(66)
A = 
{(2, 5, 1, 3, 4), (2, 1, 5, 4, 3), (3, 2, 5, 1, 4), (4, 3, 2, 5, 1), (1, 2, 4, 3, 5), (5, 1, 2, 4, 3), (5, 1, 3, 4, 2), (1, 4, 2, 3, 5), (2, 1, 3, 4, 5), (1, 4, 3, 2, 5)}
M(A) = 
[[1, 4, 3, 2, 5]]
Distance: 36
B = 
{(3, 2, 1, 5, 4), (4, 2, 1, 5, 3), (4, 3, 5, 2, 1), (1, 3, 5, 4, 2), (3, 4, 1, 2, 5), (5, 1, 2, 4, 3), (4, 5, 1, 3, 2), (4, 3, 2, 1, 5), (2, 5, 3, 4, 1), (1, 4, 2, 3, 5)}
M(B) = 
[[1, 4, 3, 2, 5]]
Distance: 41
M(A) inter A:
set()
M(B) inter B:
{(4, 3, 2, 1, 5)}

AUB = 
{(5, 1, 3, 4, 2), (2, 1, 5, 4, 3), (3, 2, 1, 5, 4), (3, 2, 5, 1, 4), (4, 3, 2, 5, 1), (1, 3, 5, 4, 2), (1, 2, 4, 3, 5), (5, 1, 2, 4, 3), (4, 3, 2, 1, 5), (2, 5, 1, 3, 4), (4, 3, 5, 2, 1), (4, 5, 1, 3, 2), (4, 2, 1, 5, 3), (2, 5, 3, 4, 1), (1, 4, 2, 3, 5), (3, 4, 1, 2, 5), (2, 1, 3, 4, 5), (1, 4, 3, 2, 5)}
M(AUB) = 
[[1, 4, 3, 2, 5]]
Distance:76

(67)
A = 
{(4, 1, 3, 2, 5), (3, 1, 2, 5, 4), (1, 2, 5, 3, 4), (1, 5, 2, 3, 4), (3, 5, 2, 1, 4), (5, 1, 2, 3, 4), (4, 5, 1, 3, 2), (1, 5, 2, 4, 3), (5, 2, 4, 3, 1), (3, 5, 1, 2, 4)}
M(A) = 
[[3, 5, 1, 2, 4]]
Distance: 34
B = 
{(1, 2, 5, 4, 3), (3, 1, 2, 5, 4), (3, 2, 5, 1, 4), (5, 4, 3, 1, 2), (4, 3, 2, 5, 1), (3, 2, 1, 4, 5), (3, 5, 2, 4, 1), (3, 2, 4, 1, 5), (5, 4, 2, 3, 1), (3, 2, 5, 4, 1)}
M(B) = 
[[3, 5, 1, 2, 4]]
Distance: 30
M(A) inter A:
set()
M(B) inter B:
{(3, 2, 5, 4, 1)}

AUB = 
{(4, 1, 3, 2, 5), (3, 5, 2, 4, 1), (1, 2, 5, 4, 3), (3, 1, 2, 5, 4), (3, 2, 5, 1, 4), (1, 2, 5, 3, 4), (5, 4, 2, 3, 1), (1, 5, 2, 3, 4), (3, 5, 1, 2, 4), (3, 2, 1, 4, 5), (5, 1, 2, 3, 4), (4, 3, 2, 5, 1), (3, 2, 5, 4, 1), (5, 4, 3, 1, 2), (4, 5, 1, 3, 2), (1, 5, 2, 4, 3), (5, 2, 4, 3, 1), (3, 5, 2, 1, 4), (3, 2, 4, 1, 5)}
M(AUB) = 
[[3, 5, 1, 2, 4]]
Distance:76

(68)
A = 
{(5, 1, 2, 3, 4), (5, 4, 2, 1, 3), (3, 2, 5, 1, 4), (4, 5, 1, 2, 3), (5, 1, 3, 2, 4), (2, 5, 1, 3, 4), (1, 4, 5, 2, 3), (1, 4, 3, 5, 2), (3, 2, 4, 5, 1), (2, 4, 3, 5, 1)}
M(A) = 
[[4, 5, 1, 2, 3], [5, 4, 1, 2, 3]]
Distance: 40
B = 
{(1, 2, 5, 4, 3), (1, 5, 4, 2, 3), (5, 4, 3, 1, 2), (4, 2, 1, 5, 3), (4, 1, 3, 5, 2), (5, 1, 4, 2, 3), (2, 4, 1, 5, 3), (3, 5, 2, 4, 1), (2, 3, 4, 5, 1), (4, 3, 1, 5, 2)}
M(B) = 
[[4, 5, 1, 2, 3], [5, 4, 1, 2, 3]]
Distance: 38
M(A) inter A:
set()
M(B) inter B:
set()

AUB = 
{(4, 5, 1, 2, 3), (5, 4, 2, 1, 3), (1, 5, 4, 2, 3), (5, 4, 3, 1, 2), (3, 2, 5, 1, 4), (2, 5, 1, 3, 4), (4, 1, 3, 5, 2), (1, 2, 5, 4, 3), (5, 1, 3, 2, 4), (5, 1, 2, 3, 4), (1, 4, 5, 2, 3), (5, 1, 4, 2, 3), (2, 3, 4, 5, 1), (1, 4, 3, 5, 2), (3, 5, 2, 4, 1), (4, 2, 1, 5, 3), (4, 3, 1, 5, 2), (3, 2, 4, 5, 1), (2, 4, 1, 5, 3), (2, 4, 3, 5, 1)}
M(AUB) = 
[[4, 5, 1, 2, 3], [5, 4, 1, 2, 3]]
Distance:84

(69)
A = 
{(1, 3, 2, 4, 5), (1, 5, 2, 4, 3), (3, 4, 1, 5, 2), (3, 5, 4, 1, 2), (2, 3, 5, 1, 4), (1, 4, 3, 5, 2), (3, 1, 2, 5, 4), (5, 2, 3, 4, 1), (1, 3, 5, 2, 4), (2, 4, 5, 3, 1)}
M(A) = 
[[3, 1, 4, 5, 2], [3, 1, 5, 2, 4]]
Distance: 36
B = 
{(3, 1, 2, 5, 4), (1, 2, 3, 5, 4), (3, 1, 2, 4, 5), (3, 4, 2, 1, 5), (4, 1, 5, 3, 2), (1, 4, 5, 3, 2), (4, 3, 1, 5, 2), (1, 4, 2, 3, 5), (3, 5, 2, 1, 4), (5, 4, 3, 2, 1)}
M(B) = 
[[3, 1, 4, 5, 2], [3, 1, 5, 2, 4]]
Distance: 36
M(A) inter A:
set()
M(B) inter B:
set()

AUB = 
{(1, 3, 2, 4, 5), (1, 4, 5, 3, 2), (1, 5, 2, 4, 3), (1, 2, 3, 5, 4), (3, 4, 1, 5, 2), (3, 1, 2, 4, 5), (4, 1, 5, 3, 2), (3, 4, 2, 1, 5), (3, 5, 2, 1, 4), (3, 5, 4, 1, 2), (2, 3, 5, 1, 4), (1, 4, 3, 5, 2), (1, 4, 2, 3, 5), (5, 4, 3, 2, 1), (3, 1, 2, 5, 4), (5, 2, 3, 4, 1), (1, 3, 5, 2, 4), (2, 4, 5, 3, 1), (4, 3, 1, 5, 2)}
M(AUB) = 
[[3, 1, 4, 5, 2], [3, 1, 5, 2, 4]]
Distance:75

(70)
A = 
{(3, 1, 5, 2, 4), (5, 4, 1, 3, 2), (4, 1, 2, 5, 3), (5, 3, 4, 1, 2), (2, 5, 1, 4, 3), (4, 5, 1, 2, 3), (1, 4, 3, 5, 2), (2, 4, 5, 3, 1), (5, 3, 1, 2, 4), (5, 2, 4, 3, 1)}
M(A) = 
[[5, 4, 1, 2, 3], [5, 4, 1, 3, 2], [5, 4, 3, 1, 2]]
Distance: 37
B = 
{(2, 3, 1, 5, 4), (2, 4, 1, 5, 3), (2, 3, 4, 1, 5), (4, 2, 5, 1, 3), (5, 4, 3, 1, 2), (4, 3, 2, 5, 1), (5, 3, 1, 4, 2), (4, 2, 1, 3, 5), (5, 1, 3, 4, 2), (1, 5, 3, 4, 2)}
M(B) = 
[[5, 4, 1, 2, 3], [5, 4, 1, 3, 2], [5, 4, 3, 1, 2]]
Distance: 44
M(A) inter A:
set()
M(B) inter B:
{(4, 2, 5, 1, 3)}

AUB = 
{(2, 3, 1, 5, 4), (2, 4, 1, 5, 3), (5, 1, 3, 4, 2), (3, 1, 5, 2, 4), (4, 2, 5, 1, 3), (5, 4, 1, 3, 2), (4, 1, 2, 5, 3), (2, 5, 1, 4, 3), (5, 3, 4, 1, 2), (4, 2, 1, 3, 5), (4, 5, 1, 2, 3), (4, 3, 2, 5, 1), (5, 4, 3, 1, 2), (1, 5, 3, 4, 2), (5, 3, 1, 4, 2), (1, 4, 3, 5, 2), (2, 3, 4, 1, 5), (2, 4, 5, 3, 1), (5, 3, 1, 2, 4), (5, 2, 4, 3, 1)}
M(AUB) = 
[[5, 4, 1, 2, 3], [5, 4, 1, 3, 2], [5, 4, 3, 1, 2]]
Distance:85

(71)
A = 
{(2, 5, 3, 1, 4), (2, 1, 4, 5, 3), (3, 1, 4, 2, 5), (4, 1, 2, 5, 3), (5, 1, 4, 3, 2), (1, 5, 3, 4, 2), (4, 3, 1, 2, 5), (1, 5, 4, 2, 3), (1, 4, 3, 2, 5), (3, 2, 5, 4, 1)}
M(A) = 
[[1, 5, 4, 2, 3], [5, 1, 4, 2, 3]]
Distance: 38
B = 
{(5, 2, 1, 4, 3), (4, 3, 1, 5, 2), (5, 2, 3, 1, 4), (1, 2, 5, 3, 4), (5, 3, 1, 4, 2), (5, 2, 4, 1, 3), (4, 2, 1, 3, 5), (5, 1, 2, 3, 4), (4, 5, 2, 3, 1), (5, 3, 2, 1, 4)}
M(B) = 
[[1, 5, 4, 2, 3], [5, 1, 4, 2, 3]]
Distance: 35
M(A) inter A:
set()
M(B) inter B:
{(5, 2, 1, 4, 3), (5, 2, 3, 1, 4)}

AUB = 
{(5, 1, 4, 3, 2), (5, 2, 1, 4, 3), (2, 1, 4, 5, 3), (1, 2, 5, 3, 4), (5, 2, 3, 1, 4), (3, 2, 5, 4, 1), (3, 1, 4, 2, 5), (5, 3, 2, 1, 4), (5, 3, 1, 4, 2), (5, 2, 4, 1, 3), (4, 2, 1, 3, 5), (2, 5, 3, 1, 4), (4, 1, 2, 5, 3), (5, 1, 2, 3, 4), (4, 3, 1, 2, 5), (1, 5, 4, 2, 3), (1, 4, 3, 2, 5), (4, 5, 2, 3, 1), (1, 5, 3, 4, 2), (4, 3, 1, 5, 2)}
M(AUB) = 
[[1, 5, 4, 2, 3], [5, 1, 4, 2, 3]]
Distance:85

(72)
A = 
{(1, 3, 4, 2, 5), (1, 2, 5, 4, 3), (4, 2, 5, 1, 3), (3, 2, 5, 1, 4), (2, 1, 3, 5, 4), (1, 2, 3, 4, 5), (5, 2, 1, 4, 3), (5, 3, 2, 4, 1), (3, 1, 5, 4, 2), (5, 2, 3, 4, 1)}
M(A) = 
[[2, 3, 1, 5, 4], [2, 3, 5, 1, 4], [2, 3, 5, 4, 1]]
Distance: 38
B = 
{(3, 2, 1, 5, 4), (3, 1, 5, 4, 2), (2, 4, 3, 1, 5), (4, 2, 1, 3, 5), (2, 3, 5, 4, 1), (5, 2, 3, 4, 1), (4, 5, 1, 3, 2), (3, 2, 5, 4, 1), (3, 2, 1, 4, 5), (5, 2, 4, 3, 1)}
M(B) = 
[[2, 3, 1, 5, 4], [2, 3, 5, 1, 4], [2, 3, 5, 4, 1]]
Distance: 35
M(A) inter A:
set()
M(B) inter B:
{(3, 2, 5, 4, 1), (2, 3, 5, 4, 1)}

AUB = 
{(1, 3, 4, 2, 5), (1, 2, 5, 4, 3), (3, 2, 5, 4, 1), (3, 2, 5, 1, 4), (4, 2, 5, 1, 3), (4, 5, 1, 3, 2), (2, 1, 3, 5, 4), (1, 2, 3, 4, 5), (3, 2, 1, 4, 5), (5, 2, 1, 4, 3), (4, 2, 1, 3, 5), (5, 3, 2, 4, 1), (5, 2, 4, 3, 1), (3, 1, 5, 4, 2), (3, 2, 1, 5, 4), (5, 2, 3, 4, 1), (2, 4, 3, 1, 5), (2, 3, 5, 4, 1)}
M(AUB) = 
[[2, 3, 1, 5, 4], [2, 3, 5, 1, 4], [2, 3, 5, 4, 1]]
Distance:71

(73)
A = 
{(1, 2, 4, 5, 3), (2, 1, 4, 5, 3), (5, 2, 1, 3, 4), (3, 2, 4, 1, 5), (4, 5, 2, 1, 3), (2, 3, 1, 4, 5), (3, 4, 2, 5, 1), (2, 4, 3, 1, 5), (5, 4, 2, 3, 1), (4, 2, 5, 3, 1)}
M(A) = 
[[4, 2, 1, 5, 3], [4, 2, 3, 1, 5], [4, 2, 5, 3, 1], [4, 5, 2, 3, 1]]
Distance: 33
B = 
{(5, 4, 1, 3, 2), (1, 5, 2, 3, 4), (1, 3, 5, 4, 2), (3, 4, 2, 1, 5), (3, 5, 1, 4, 2), (4, 1, 2, 5, 3), (1, 4, 5, 2, 3), (4, 5, 3, 1, 2), (3, 4, 5, 2, 1), (3, 2, 1, 4, 5)}
M(B) = 
[[4, 2, 1, 5, 3], [4, 2, 3, 1, 5], [4, 2, 5, 3, 1], [4, 5, 2, 3, 1]]
Distance: 38
M(A) inter A:
set()
M(B) inter B:
set()

AUB = 
{(5, 4, 2, 3, 1), (1, 2, 4, 5, 3), (3, 2, 1, 4, 5), (2, 1, 4, 5, 3), (5, 4, 1, 3, 2), (5, 2, 1, 3, 4), (1, 5, 2, 3, 4), (3, 5, 1, 4, 2), (3, 2, 4, 1, 5), (1, 3, 5, 4, 2), (4, 5, 2, 1, 3), (4, 1, 2, 5, 3), (1, 4, 5, 2, 3), (3, 4, 2, 1, 5), (4, 5, 3, 1, 2), (2, 3, 1, 4, 5), (3, 4, 2, 5, 1), (3, 4, 5, 2, 1), (2, 4, 3, 1, 5), (4, 2, 5, 3, 1)}
M(AUB) = 
[[4, 2, 1, 5, 3], [4, 2, 3, 1, 5], [4, 2, 5, 3, 1], [4, 5, 2, 3, 1]]
Distance:89

(74)
A = 
{(1, 3, 2, 4, 5), (5, 4, 1, 2, 3), (5, 4, 3, 1, 2), (5, 4, 1, 3, 2), (1, 5, 2, 3, 4), (5, 1, 2, 4, 3), (5, 2, 1, 4, 3), (1, 4, 5, 2, 3), (4, 5, 2, 3, 1), (3, 5, 2, 1, 4)}
M(A) = 
[[5, 1, 2, 4, 3]]
Distance: 31
B = 
{(5, 2, 1, 4, 3), (1, 5, 2, 4, 3), (5, 2, 3, 1, 4), (3, 4, 1, 5, 2), (1, 5, 3, 4, 2), (5, 3, 1, 2, 4), (4, 5, 1, 2, 3), (4, 2, 5, 1, 3), (3, 2, 5, 4, 1), (1, 3, 2, 5, 4)}
M(B) = 
[[5, 1, 2, 4, 3]]
Distance: 38
M(A) inter A:
set()
M(B) inter B:
set()

AUB = 
{(1, 3, 2, 4, 5), (5, 4, 1, 2, 3), (1, 5, 2, 4, 3), (5, 4, 1, 3, 2), (5, 4, 3, 1, 2), (1, 5, 2, 3, 4), (5, 3, 1, 2, 4), (5, 2, 3, 1, 4), (5, 1, 2, 4, 3), (5, 2, 1, 4, 3), (4, 5, 1, 2, 3), (1, 5, 3, 4, 2), (1, 4, 5, 2, 3), (4, 2, 5, 1, 3), (4, 5, 2, 3, 1), (3, 2, 5, 4, 1), (3, 5, 2, 1, 4), (3, 4, 1, 5, 2), (1, 3, 2, 5, 4)}
M(AUB) = 
[[5, 1, 2, 4, 3]]
Distance:70

(75)
A = 
{(5, 3, 2, 4, 1), (4, 3, 1, 5, 2), (2, 1, 5, 3, 4), (5, 3, 1, 4, 2), (1, 2, 4, 3, 5), (1, 3, 5, 4, 2), (5, 1, 3, 4, 2), (3, 1, 2, 4, 5), (3, 4, 5, 2, 1), (5, 2, 4, 3, 1)}
M(A) = 
[[3, 1, 5, 4, 2]]
Distance: 40
B = 
{(5, 3, 2, 4, 1), (1, 5, 4, 2, 3), (3, 4, 1, 5, 2), (1, 5, 2, 3, 4), (2, 4, 1, 3, 5), (5, 3, 4, 2, 1), (1, 4, 5, 2, 3), (3, 1, 2, 5, 4), (5, 3, 2, 1, 4), (4, 2, 3, 5, 1)}
M(B) = 
[[3, 1, 5, 4, 2]]
Distance: 45
M(A) inter A:
{(5, 3, 2, 4, 1), (5, 3, 1, 4, 2)}
M(B) inter B:
{(5, 3, 2, 4, 1), (1, 5, 2, 3, 4), (5, 3, 4, 2, 1), (5, 3, 2, 1, 4)}

AUB = 
{(5, 1, 3, 4, 2), (4, 3, 1, 5, 2), (3, 4, 1, 5, 2), (2, 1, 5, 3, 4), (1, 3, 5, 4, 2), (1, 2, 4, 3, 5), (5, 3, 4, 2, 1), (5, 3, 1, 4, 2), (5, 3, 2, 1, 4), (5, 3, 2, 4, 1), (3, 1, 2, 4, 5), (1, 4, 5, 2, 3), (2, 4, 1, 3, 5), (1, 5, 4, 2, 3), (3, 4, 5, 2, 1), (1, 5, 2, 3, 4), (3, 1, 2, 5, 4), (5, 2, 4, 3, 1), (4, 2, 3, 5, 1)}
M(AUB) = 
[[3, 1, 5, 4, 2]]
Distance:80

(76)
A = 
{(1, 2, 5, 4, 3), (2, 4, 1, 3, 5), (2, 5, 4, 1, 3), (5, 2, 4, 1, 3), (1, 2, 4, 5, 3), (5, 1, 3, 4, 2), (4, 5, 1, 3, 2), (4, 5, 3, 2, 1), (5, 4, 2, 3, 1), (1, 2, 4, 3, 5)}
M(A) = 
[[5, 4, 1, 2, 3], [5, 4, 1, 3, 2]]
Distance: 35
B = 
{(5, 1, 3, 2, 4), (4, 3, 1, 5, 2), (1, 5, 4, 3, 2), (5, 1, 4, 2, 3), (3, 5, 1, 4, 2), (5, 3, 4, 2, 1), (4, 1, 5, 2, 3), (4, 3, 2, 1, 5), (5, 2, 4, 3, 1), (3, 4, 5, 2, 1)}
M(B) = 
[[5, 4, 1, 2, 3], [5, 4, 1, 3, 2]]
Distance: 34
M(A) inter A:
set()
M(B) inter B:
set()

AUB = 
{(5, 1, 3, 2, 4), (1, 2, 5, 4, 3), (4, 3, 1, 5, 2), (4, 1, 5, 2, 3), (1, 5, 4, 3, 2), (5, 1, 4, 2, 3), (2, 4, 1, 3, 5), (5, 3, 4, 2, 1), (2, 5, 4, 1, 3), (5, 2, 4, 1, 3), (5, 2, 4, 3, 1), (5, 1, 3, 4, 2), (3, 5, 1, 4, 2), (1, 2, 4, 5, 3), (4, 3, 2, 1, 5), (4, 5, 3, 2, 1), (4, 5, 1, 3, 2), (5, 4, 2, 3, 1), (3, 4, 5, 2, 1), (1, 2, 4, 3, 5)}
M(AUB) = 
[[5, 4, 1, 2, 3], [5, 4, 1, 3, 2]]
Distance:77

(77)
A = 
{(2, 1, 5, 4, 3), (5, 4, 1, 3, 2), (3, 4, 1, 5, 2), (3, 1, 4, 2, 5), (4, 1, 3, 5, 2), (5, 1, 3, 2, 4), (3, 1, 5, 4, 2), (4, 3, 1, 2, 5), (3, 2, 1, 5, 4), (3, 1, 4, 5, 2)}
M(A) = 
[[1, 3, 5, 4, 2]]
Distance: 32
B = 
{(4, 5, 2, 1, 3), (5, 1, 2, 4, 3), (1, 5, 4, 2, 3), (3, 2, 1, 5, 4), (5, 2, 3, 1, 4), (1, 3, 4, 5, 2), (2, 5, 4, 1, 3), (5, 1, 3, 4, 2), (1, 2, 3, 5, 4), (3, 5, 2, 1, 4)}
M(B) = 
[[1, 3, 5, 4, 2]]
Distance: 35
M(A) inter A:
set()
M(B) inter B:
set()

AUB = 
{(4, 5, 2, 1, 3), (5, 1, 3, 4, 2), (2, 1, 5, 4, 3), (3, 4, 1, 5, 2), (5, 4, 1, 3, 2), (1, 5, 4, 2, 3), (3, 1, 4, 2, 5), (5, 1, 2, 4, 3), (5, 2, 3, 1, 4), (4, 1, 3, 5, 2), (2, 5, 4, 1, 3), (5, 1, 3, 2, 4), (3, 1, 5, 4, 2), (1, 3, 4, 5, 2), (4, 3, 1, 2, 5), (3, 2, 1, 5, 4), (1, 2, 3, 5, 4), (3, 5, 2, 1, 4), (3, 1, 4, 5, 2)}
M(AUB) = 
[[1, 3, 5, 4, 2]]
Distance:73

(78)
A = 
{(2, 3, 1, 5, 4), (1, 2, 4, 5, 3), (4, 3, 1, 5, 2), (2, 5, 4, 1, 3), (5, 3, 4, 2, 1), (2, 5, 4, 3, 1), (2, 5, 3, 4, 1), (1, 4, 2, 3, 5), (3, 5, 2, 1, 4), (4, 2, 3, 5, 1)}
M(A) = 
[[2, 3, 5, 1, 4], [2, 3, 5, 4, 1], [2, 5, 3, 1, 4], [2, 5, 3, 4, 1], [2, 5, 4, 3, 1], [3, 2, 5, 1, 4], [3, 2, 5, 4, 1], [3, 5, 2, 1, 4], [3, 5, 2, 4, 1], [3, 5, 4, 2, 1], [5, 2, 3, 1, 4], [5, 2, 3, 4, 1], [5, 2, 4, 3, 1], [5, 3, 2, 1, 4], [5, 3, 2, 4, 1], [5, 3, 4, 2, 1], [5, 4, 2, 3, 1], [5, 4, 3, 2, 1]]
Distance: 37
B = 
{(3, 1, 5, 2, 4), (4, 1, 3, 5, 2), (1, 3, 4, 5, 2), (5, 3, 2, 1, 4), (4, 5, 2, 1, 3), (1, 4, 2, 5, 3), (5, 3, 1, 4, 2), (3, 2, 5, 4, 1), (2, 1, 3, 4, 5), (5, 4, 3, 2, 1)}
M(B) = 
[[2, 3, 5, 1, 4], [2, 3, 5, 4, 1], [2, 5, 3, 1, 4], [2, 5, 3, 4, 1], [2, 5, 4, 3, 1], [3, 2, 5, 1, 4], [3, 2, 5, 4, 1], [3, 5, 2, 1, 4], [3, 5, 2, 4, 1], [3, 5, 4, 2, 1], [5, 2, 3, 1, 4], [5, 2, 3, 4, 1], [5, 2, 4, 3, 1], [5, 3, 2, 1, 4], [5, 3, 2, 4, 1], [5, 3, 4, 2, 1], [5, 4, 2, 3, 1], [5, 4, 3, 2, 1]]
Distance: 43
M(A) inter A:
set()
M(B) inter B:
{(5, 3, 1, 4, 2), (1, 3, 4, 5, 2)}

AUB = 
{(5, 3, 4, 2, 1), (1, 2, 4, 5, 3), (2, 1, 3, 4, 5), (4, 3, 1, 5, 2), (4, 1, 3, 5, 2), (2, 5, 4, 1, 3), (4, 5, 2, 1, 3), (5, 3, 2, 1, 4), (2, 3, 1, 5, 4), (1, 4, 2, 5, 3), (2, 5, 4, 3, 1), (5, 3, 1, 4, 2), (1, 3, 4, 5, 2), (3, 1, 5, 2, 4), (5, 4, 3, 2, 1), (2, 5, 3, 4, 1), (1, 4, 2, 3, 5), (3, 5, 2, 1, 4), (3, 2, 5, 4, 1), (4, 2, 3, 5, 1)}
M(AUB) = 
[[2, 3, 5, 1, 4], [2, 3, 5, 4, 1], [2, 5, 3, 1, 4], [2, 5, 3, 4, 1], [2, 5, 4, 3, 1], [3, 2, 5, 1, 4], [3, 2, 5, 4, 1], [3, 5, 2, 1, 4], [3, 5, 2, 4, 1], [3, 5, 4, 2, 1], [5, 2, 3, 1, 4], [5, 2, 3, 4, 1], [5, 2, 4, 3, 1], [5, 3, 2, 1, 4], [5, 3, 2, 4, 1], [5, 3, 4, 2, 1], [5, 4, 2, 3, 1], [5, 4, 3, 2, 1]]
Distance:94

(79)
A = 
{(2, 4, 1, 5, 3), (4, 3, 5, 1, 2), (3, 2, 1, 5, 4), (3, 2, 1, 4, 5), (5, 2, 4, 1, 3), (1, 4, 5, 3, 2), (1, 5, 4, 2, 3), (3, 2, 5, 4, 1), (3, 4, 1, 2, 5), (2, 4, 3, 1, 5)}
M(A) = 
[[2, 5, 4, 3, 1], [5, 2, 4, 3, 1], [5, 4, 2, 3, 1], [5, 4, 3, 2, 1]]
Distance: 41
B = 
{(3, 5, 4, 2, 1), (2, 1, 5, 4, 3), (2, 1, 5, 3, 4), (5, 3, 4, 1, 2), (2, 3, 5, 1, 4), (4, 3, 2, 1, 5), (1, 4, 5, 2, 3), (4, 5, 2, 3, 1), (5, 4, 3, 2, 1), (5, 2, 4, 3, 1)}
M(B) = 
[[2, 5, 4, 3, 1], [5, 2, 4, 3, 1], [5, 4, 2, 3, 1], [5, 4, 3, 2, 1]]
Distance: 35
M(A) inter A:
set()
M(B) inter B:
set()

AUB = 
{(2, 1, 5, 4, 3), (2, 3, 5, 1, 4), (2, 4, 1, 5, 3), (4, 3, 5, 1, 2), (3, 2, 1, 5, 4), (2, 1, 5, 3, 4), (3, 2, 1, 4, 5), (5, 3, 4, 1, 2), (5, 2, 4, 1, 3), (5, 2, 4, 3, 1), (3, 5, 4, 2, 1), (4, 5, 2, 3, 1), (1, 4, 5, 2, 3), (5, 4, 3, 2, 1), (1, 4, 5, 3, 2), (4, 3, 2, 1, 5), (1, 5, 4, 2, 3), (3, 2, 5, 4, 1), (2, 4, 3, 1, 5), (3, 4, 1, 2, 5)}
M(AUB) = 
[[2, 5, 4, 3, 1], [5, 2, 4, 3, 1], [5, 4, 2, 3, 1], [5, 4, 3, 2, 1]]
Distance:88

(80)
A = 
{(2, 1, 5, 4, 3), (3, 4, 1, 5, 2), (4, 1, 5, 2, 3), (3, 4, 2, 1, 5), (4, 2, 1, 3, 5), (5, 1, 2, 3, 4), (3, 1, 4, 2, 5), (1, 4, 2, 5, 3), (4, 5, 1, 3, 2), (5, 2, 4, 3, 1)}
M(A) = 
[[4, 1, 5, 2, 3]]
Distance: 38
B = 
{(2, 4, 1, 5, 3), (3, 1, 5, 2, 4), (2, 3, 1, 4, 5), (4, 1, 5, 3, 2), (2, 4, 5, 1, 3), (2, 3, 5, 4, 1), (4, 5, 3, 2, 1), (1, 5, 4, 2, 3), (5, 2, 4, 3, 1), (1, 3, 5, 2, 4)}
M(B) = 
[[4, 1, 5, 2, 3]]
Distance: 43
M(A) inter A:
{(5, 2, 4, 3, 1)}
M(B) inter B:
{(2, 4, 1, 5, 3), (5, 2, 4, 3, 1)}

AUB = 
{(2, 4, 1, 5, 3), (2, 1, 5, 4, 3), (3, 4, 1, 5, 2), (2, 3, 1, 4, 5), (4, 1, 5, 2, 3), (3, 4, 2, 1, 5), (4, 1, 5, 3, 2), (2, 4, 5, 1, 3), (4, 2, 1, 3, 5), (5, 1, 2, 3, 4), (3, 1, 4, 2, 5), (1, 4, 2, 5, 3), (4, 5, 1, 3, 2), (4, 5, 3, 2, 1), (3, 1, 5, 2, 4), (5, 2, 4, 3, 1), (1, 5, 4, 2, 3), (1, 3, 5, 2, 4), (2, 3, 5, 4, 1)}
M(AUB) = 
[[4, 1, 5, 2, 3]]
Distance:80

(81)
A = 
{(1, 2, 3, 5, 4), (5, 2, 3, 1, 4), (1, 5, 3, 4, 2), (2, 1, 4, 3, 5), (5, 3, 4, 2, 1), (2, 1, 5, 3, 4), (2, 5, 4, 3, 1), (2, 3, 4, 5, 1), (3, 5, 1, 2, 4), (4, 2, 3, 5, 1)}
M(A) = 
[[2, 3, 5, 1, 4]]
Distance: 36
B = 
{(5, 4, 1, 2, 3), (2, 3, 1, 4, 5), (4, 3, 5, 2, 1), (1, 2, 4, 3, 5), (5, 3, 4, 1, 2), (4, 2, 1, 3, 5), (1, 5, 4, 3, 2), (2, 1, 5, 4, 3), (3, 2, 5, 4, 1), (3, 5, 1, 2, 4)}
M(B) = 
[[2, 3, 5, 1, 4]]
Distance: 49
M(A) inter A:
{(2, 5, 4, 3, 1), (3, 5, 1, 2, 4), (2, 1, 4, 3, 5), (4, 2, 3, 5, 1), (1, 2, 3, 5, 4)}
M(B) inter B:
{(5, 4, 1, 2, 3), (2, 1, 5, 4, 3), (4, 3, 5, 2, 1), (1, 2, 4, 3, 5), (4, 2, 1, 3, 5), (1, 5, 4, 3, 2), (3, 2, 5, 4, 1), (3, 5, 1, 2, 4)}

AUB = 
{(2, 1, 5, 4, 3), (5, 4, 1, 2, 3), (2, 3, 1, 4, 5), (5, 2, 3, 1, 4), (1, 2, 3, 5, 4), (3, 2, 5, 4, 1), (1, 5, 3, 4, 2), (3, 5, 1, 2, 4), (1, 2, 4, 3, 5), (5, 3, 4, 1, 2), (4, 2, 1, 3, 5), (5, 3, 4, 2, 1), (2, 1, 5, 3, 4), (2, 5, 4, 3, 1), (2, 3, 4, 5, 1), (1, 5, 4, 3, 2), (2, 1, 4, 3, 5), (4, 3, 5, 2, 1), (4, 2, 3, 5, 1)}
M(AUB) = 
[[2, 3, 5, 1, 4]]
Distance:82

(82)
A = 
{(4, 3, 1, 5, 2), (1, 5, 4, 3, 2), (3, 1, 2, 4, 5), (4, 1, 2, 5, 3), (3, 5, 2, 4, 1), (4, 3, 2, 5, 1), (3, 1, 5, 4, 2), (1, 4, 5, 3, 2), (5, 4, 2, 3, 1), (5, 2, 3, 4, 1)}
M(A) = 
[[5, 4, 1, 3, 2]]
Distance: 38
B = 
{(4, 1, 3, 2, 5), (5, 1, 2, 3, 4), (5, 2, 1, 4, 3), (5, 4, 1, 3, 2), (3, 4, 5, 1, 2), (1, 5, 2, 3, 4), (4, 1, 3, 5, 2), (5, 1, 4, 2, 3), (5, 3, 4, 1, 2), (2, 5, 1, 3, 4)}
M(B) = 
[[5, 4, 1, 3, 2]]
Distance: 34
M(A) inter A:
set()
M(B) inter B:
{(5, 1, 4, 2, 3), (5, 4, 1, 3, 2)}

AUB = 
{(4, 1, 3, 2, 5), (5, 1, 2, 3, 4), (5, 2, 1, 4, 3), (4, 3, 1, 5, 2), (3, 4, 5, 1, 2), (5, 4, 1, 3, 2), (1, 5, 4, 3, 2), (4, 1, 3, 5, 2), (2, 5, 1, 3, 4), (4, 1, 2, 5, 3), (5, 3, 4, 1, 2), (3, 5, 2, 4, 1), (3, 1, 2, 4, 5), (5, 1, 4, 2, 3), (3, 1, 5, 4, 2), (4, 3, 2, 5, 1), (1, 4, 5, 3, 2), (5, 4, 2, 3, 1), (1, 5, 2, 3, 4), (5, 2, 3, 4, 1)}
M(AUB) = 
[[5, 4, 1, 3, 2]]
Distance:78

(83)
A = 
{(5, 2, 4, 1, 3), (2, 1, 3, 4, 5), (4, 3, 1, 5, 2), (1, 3, 5, 2, 4), (3, 5, 2, 1, 4), (4, 1, 3, 5, 2), (1, 4, 3, 5, 2), (4, 3, 1, 2, 5), (3, 2, 5, 4, 1), (2, 1, 4, 3, 5)}
M(A) = 
[[1, 3, 5, 2, 4]]
Distance: 39
B = 
{(1, 3, 2, 4, 5), (5, 2, 4, 1, 3), (1, 2, 3, 5, 4), (1, 5, 3, 2, 4), (1, 3, 4, 5, 2), (5, 4, 1, 2, 3), (2, 5, 3, 1, 4), (2, 5, 3, 4, 1), (3, 1, 5, 4, 2), (3, 1, 4, 5, 2)}
M(B) = 
[[1, 3, 5, 2, 4]]
Distance: 37
M(A) inter A:
{(1, 3, 5, 2, 4)}
M(B) inter B:
{(1, 5, 3, 2, 4)}

AUB = 
{(1, 3, 2, 4, 5), (5, 2, 4, 1, 3), (4, 3, 1, 5, 2), (1, 2, 3, 5, 4), (1, 5, 3, 2, 4), (1, 3, 5, 2, 4), (3, 5, 2, 1, 4), (4, 1, 3, 5, 2), (5, 4, 1, 2, 3), (2, 5, 3, 1, 4), (2, 5, 3, 4, 1), (1, 3, 4, 5, 2), (1, 4, 3, 5, 2), (4, 3, 1, 2, 5), (3, 1, 5, 4, 2), (3, 2, 5, 4, 1), (2, 1, 4, 3, 5), (2, 1, 3, 4, 5), (3, 1, 4, 5, 2)}
M(AUB) = 
[[1, 3, 5, 2, 4]]
Distance:72

(84)
A = 
{(1, 5, 4, 2, 3), (5, 2, 3, 1, 4), (1, 2, 3, 5, 4), (2, 1, 5, 3, 4), (5, 3, 4, 1, 2), (5, 3, 2, 4, 1), (2, 5, 4, 3, 1), (1, 4, 5, 3, 2), (5, 4, 2, 3, 1), (5, 2, 1, 3, 4)}
M(A) = 
[[5, 2, 1, 3, 4]]
Distance: 33
B = 
{(1, 3, 2, 4, 5), (5, 1, 2, 4, 3), (1, 5, 2, 4, 3), (1, 5, 4, 3, 2), (3, 5, 2, 1, 4), (1, 3, 4, 5, 2), (4, 5, 2, 1, 3), (3, 2, 5, 4, 1), (5, 3, 2, 1, 4), (4, 2, 5, 3, 1)}
M(B) = 
[[5, 2, 1, 3, 4]]
Distance: 40
M(A) inter A:
set()
M(B) inter B:
set()

AUB = 
{(1, 3, 2, 4, 5), (4, 5, 2, 1, 3), (1, 5, 4, 2, 3), (1, 2, 3, 5, 4), (5, 2, 3, 1, 4), (2, 1, 5, 3, 4), (5, 1, 2, 4, 3), (5, 3, 4, 1, 2), (5, 3, 2, 1, 4), (5, 3, 2, 4, 1), (1, 5, 4, 3, 2), (2, 5, 4, 3, 1), (1, 3, 4, 5, 2), (1, 4, 5, 3, 2), (1, 5, 2, 4, 3), (5, 4, 2, 3, 1), (5, 2, 1, 3, 4), (3, 5, 2, 1, 4), (3, 2, 5, 4, 1), (4, 2, 5, 3, 1)}
M(AUB) = 
[[5, 2, 1, 3, 4]]
Distance:75

(85)
A = 
{(2, 4, 1, 5, 3), (4, 2, 5, 1, 3), (4, 1, 5, 2, 3), (2, 4, 3, 1, 5), (5, 1, 4, 2, 3), (5, 1, 3, 2, 4), (1, 5, 2, 3, 4), (1, 4, 2, 5, 3), (5, 2, 4, 3, 1), (2, 4, 5, 3, 1)}
M(A) = 
[[1, 2, 4, 5, 3], [2, 1, 4, 5, 3]]
Distance: 34
B = 
{(2, 3, 1, 4, 5), (1, 2, 5, 3, 4), (3, 2, 5, 1, 4), (1, 2, 3, 4, 5), (1, 3, 5, 4, 2), (4, 2, 1, 3, 5), (2, 5, 4, 3, 1), (1, 4, 3, 5, 2), (4, 3, 1, 2, 5), (5, 3, 2, 1, 4)}
M(B) = 
[[1, 2, 4, 5, 3], [2, 1, 4, 5, 3]]
Distance: 40
M(A) inter A:
set()
M(B) inter B:
{(1, 2, 3, 4, 5), (2, 3, 1, 4, 5)}

AUB = 
{(2, 4, 1, 5, 3), (2, 3, 1, 4, 5), (1, 2, 5, 3, 4), (4, 2, 5, 1, 3), (4, 1, 5, 2, 3), (1, 3, 5, 4, 2), (2, 4, 3, 1, 5), (5, 1, 4, 2, 3), (4, 2, 1, 3, 5), (5, 1, 3, 2, 4), (1, 5, 2, 3, 4), (1, 4, 2, 5, 3), (2, 5, 4, 3, 1), (4, 3, 1, 2, 5), (1, 4, 3, 5, 2), (1, 2, 3, 4, 5), (3, 2, 5, 1, 4), (5, 2, 4, 3, 1), (5, 3, 2, 1, 4), (2, 4, 5, 3, 1)}
M(AUB) = 
[[1, 2, 4, 5, 3], [2, 1, 4, 5, 3]]
Distance:82

(86)
A = 
{(2, 4, 1, 5, 3), (2, 1, 4, 5, 3), (4, 2, 5, 1, 3), (3, 2, 1, 5, 4), (2, 1, 3, 5, 4), (4, 2, 3, 1, 5), (2, 3, 4, 5, 1), (4, 5, 3, 2, 1), (3, 2, 5, 1, 4), (2, 4, 5, 3, 1)}
M(A) = 
[[2, 4, 1, 3, 5]]
Distance: 32
B = 
{(4, 1, 3, 2, 5), (5, 2, 1, 4, 3), (1, 5, 2, 4, 3), (3, 4, 5, 1, 2), (5, 4, 2, 1, 3), (3, 5, 4, 2, 1), (4, 5, 3, 2, 1), (1, 4, 5, 2, 3), (4, 3, 1, 2, 5), (1, 3, 5, 2, 4)}
M(B) = 
[[2, 4, 1, 3, 5]]
Distance: 39
M(A) inter A:
set()
M(B) inter B:
set()

AUB = 
{(4, 1, 3, 2, 5), (2, 4, 1, 5, 3), (2, 1, 4, 5, 3), (3, 2, 1, 5, 4), (4, 2, 5, 1, 3), (2, 1, 3, 5, 4), (5, 4, 2, 1, 3), (5, 2, 1, 4, 3), (4, 2, 3, 1, 5), (3, 5, 4, 2, 1), (4, 3, 1, 2, 5), (1, 4, 5, 2, 3), (2, 3, 4, 5, 1), (1, 5, 2, 4, 3), (4, 5, 3, 2, 1), (3, 2, 5, 1, 4), (2, 4, 5, 3, 1), (1, 3, 5, 2, 4), (3, 4, 5, 1, 2)}
M(AUB) = 
[[2, 4, 1, 3, 5]]
Distance:81

(87)
A = 
{(5, 2, 1, 4, 3), (3, 1, 5, 2, 4), (2, 1, 3, 5, 4), (5, 3, 4, 1, 2), (4, 1, 5, 3, 2), (4, 2, 1, 3, 5), (3, 1, 4, 5, 2), (2, 4, 3, 5, 1), (1, 3, 5, 2, 4), (3, 4, 5, 2, 1)}
M(A) = 
[[3, 4, 1, 5, 2], [4, 1, 3, 5, 2]]
Distance: 43
B = 
{(4, 1, 3, 2, 5), (2, 4, 1, 5, 3), (4, 3, 1, 5, 2), (1, 2, 5, 3, 4), (5, 4, 3, 1, 2), (4, 1, 5, 2, 3), (1, 2, 3, 4, 5), (3, 5, 4, 1, 2), (5, 3, 2, 4, 1), (1, 3, 5, 2, 4)}
M(B) = 
[[3, 4, 1, 5, 2], [4, 1, 3, 5, 2]]
Distance: 40
M(A) inter A:
{(4, 1, 5, 3, 2)}
M(B) inter B:
set()

AUB = 
{(4, 1, 3, 2, 5), (5, 2, 1, 4, 3), (3, 1, 5, 2, 4), (5, 4, 3, 1, 2), (1, 2, 5, 3, 4), (2, 1, 3, 5, 4), (4, 1, 5, 3, 2), (1, 2, 3, 4, 5), (5, 3, 4, 1, 2), (2, 4, 1, 5, 3), (4, 2, 1, 3, 5), (5, 3, 2, 4, 1), (4, 1, 5, 2, 3), (3, 1, 4, 5, 2), (4, 3, 1, 5, 2), (2, 4, 3, 5, 1), (1, 3, 5, 2, 4), (3, 4, 5, 2, 1), (3, 5, 4, 1, 2)}
M(AUB) = 
[[3, 4, 1, 5, 2], [4, 1, 3, 5, 2]]
Distance:81

(88)
A = 
{(5, 4, 2, 1, 3), (4, 3, 5, 1, 2), (2, 1, 4, 3, 5), (4, 2, 3, 1, 5), (5, 1, 2, 3, 4), (4, 2, 1, 3, 5), (4, 3, 1, 5, 2), (5, 4, 2, 3, 1), (1, 3, 2, 5, 4), (2, 4, 3, 5, 1)}
M(A) = 
[[2, 4, 3, 1, 5], [4, 2, 3, 1, 5]]
Distance: 38
B = 
{(1, 2, 5, 4, 3), (2, 3, 1, 4, 5), (3, 4, 5, 1, 2), (3, 4, 1, 5, 2), (2, 4, 1, 3, 5), (2, 5, 4, 1, 3), (2, 3, 5, 1, 4), (3, 1, 5, 4, 2), (2, 1, 3, 4, 5), (4, 2, 3, 5, 1)}
M(B) = 
[[2, 4, 3, 1, 5], [4, 2, 3, 1, 5]]
Distance: 37
M(A) inter A:
set()
M(B) inter B:
{(2, 3, 1, 4, 5)}

AUB = 
{(2, 3, 5, 1, 4), (5, 4, 2, 1, 3), (2, 1, 3, 4, 5), (4, 3, 5, 1, 2), (3, 4, 1, 5, 2), (3, 4, 5, 1, 2), (2, 3, 1, 4, 5), (1, 3, 2, 5, 4), (2, 4, 1, 3, 5), (2, 5, 4, 1, 3), (1, 2, 5, 4, 3), (4, 2, 3, 1, 5), (5, 1, 2, 3, 4), (3, 1, 5, 4, 2), (4, 2, 1, 3, 5), (4, 3, 1, 5, 2), (5, 4, 2, 3, 1), (2, 1, 4, 3, 5), (2, 4, 3, 5, 1), (4, 2, 3, 5, 1)}
M(AUB) = 
[[2, 4, 3, 1, 5], [4, 2, 3, 1, 5]]
Distance:79

(89)
A = 
{(2, 4, 5, 1, 3), (4, 3, 5, 1, 2), (3, 4, 1, 5, 2), (4, 1, 2, 5, 3), (3, 4, 1, 2, 5), (1, 3, 4, 5, 2), (5, 3, 4, 2, 1), (2, 4, 3, 5, 1), (2, 1, 3, 4, 5), (3, 2, 4, 1, 5)}
M(A) = 
[[4, 2, 3, 1, 5]]
Distance: 35
B = 
{(4, 1, 3, 2, 5), (3, 1, 5, 2, 4), (1, 2, 3, 5, 4), (2, 4, 3, 1, 5), (1, 3, 4, 5, 2), (4, 2, 3, 1, 5), (2, 3, 5, 1, 4), (4, 3, 1, 5, 2), (2, 4, 5, 3, 1), (4, 2, 5, 3, 1)}
M(B) = 
[[4, 2, 3, 1, 5]]
Distance: 36
M(A) inter A:
set()
M(B) inter B:
{(2, 4, 3, 1, 5), (4, 2, 3, 1, 5)}

AUB = 
{(4, 1, 3, 2, 5), (2, 3, 5, 1, 4), (2, 4, 5, 1, 3), (4, 3, 5, 1, 2), (1, 2, 3, 5, 4), (3, 4, 1, 5, 2), (4, 1, 2, 5, 3), (3, 4, 1, 2, 5), (1, 3, 4, 5, 2), (4, 2, 3, 1, 5), (5, 3, 4, 2, 1), (2, 4, 5, 3, 1), (3, 1, 5, 2, 4), (2, 4, 3, 5, 1), (2, 4, 3, 1, 5), (2, 1, 3, 4, 5), (3, 2, 4, 1, 5), (4, 2, 5, 3, 1), (4, 3, 1, 5, 2)}
M(AUB) = 
[[4, 2, 3, 1, 5]]
Distance:69

(90)
A = 
{(1, 3, 4, 2, 5), (1, 2, 4, 5, 3), (1, 5, 4, 2, 3), (3, 1, 2, 4, 5), (1, 3, 5, 4, 2), (5, 3, 4, 2, 1), (4, 3, 1, 2, 5), (3, 4, 2, 5, 1), (2, 1, 3, 4, 5), (5, 4, 3, 2, 1)}
M(A) = 
[[1, 2, 3, 4, 5], [1, 2, 3, 5, 4], [1, 2, 5, 3, 4], [2, 1, 3, 4, 5], [2, 1, 3, 5, 4], [2, 1, 5, 3, 4]]
Distance: 38
B = 
{(5, 4, 2, 1, 3), (1, 5, 2, 4, 3), (5, 2, 1, 3, 4), (3, 2, 5, 1, 4), (2, 1, 3, 5, 4), (2, 4, 1, 3, 5), (1, 4, 5, 2, 3), (2, 5, 3, 4, 1), (1, 4, 5, 3, 2), (1, 2, 3, 4, 5)}
M(B) = 
[[1, 2, 3, 4, 5], [1, 2, 3, 5, 4], [1, 2, 5, 3, 4], [2, 1, 3, 4, 5], [2, 1, 3, 5, 4], [2, 1, 5, 3, 4]]
Distance: 36
M(A) inter A:
set()
M(B) inter B:
set()

AUB = 
{(1, 3, 4, 2, 5), (1, 2, 4, 5, 3), (1, 5, 4, 2, 3), (3, 2, 5, 1, 4), (5, 2, 1, 3, 4), (3, 1, 2, 4, 5), (2, 4, 1, 3, 5), (1, 3, 5, 4, 2), (5, 4, 2, 1, 3), (1, 2, 3, 4, 5), (5, 3, 4, 2, 1), (2, 1, 3, 5, 4), (1, 4, 5, 2, 3), (2, 5, 3, 4, 1), (1, 4, 5, 3, 2), (4, 3, 1, 2, 5), (1, 5, 2, 4, 3), (3, 4, 2, 5, 1), (2, 1, 3, 4, 5), (5, 4, 3, 2, 1)}
M(AUB) = 
[[1, 2, 3, 4, 5], [1, 2, 3, 5, 4], [1, 2, 5, 3, 4], [2, 1, 3, 4, 5], [2, 1, 3, 5, 4], [2, 1, 5, 3, 4]]
Distance:88

(91)
A = 
{(4, 1, 2, 3, 5), (2, 1, 4, 5, 3), (5, 4, 1, 3, 2), (3, 2, 4, 1, 5), (1, 3, 4, 5, 2), (2, 3, 1, 5, 4), (1, 4, 2, 5, 3), (3, 1, 4, 5, 2), (3, 4, 2, 5, 1), (2, 1, 3, 4, 5)}
M(A) = 
[[1, 4, 2, 5, 3], [1, 4, 5, 2, 3], [1, 5, 3, 4, 2], [1, 5, 4, 2, 3]]
Distance: 36
B = 
{(5, 3, 2, 4, 1), (2, 4, 5, 1, 3), (2, 1, 5, 4, 3), (4, 2, 1, 5, 3), (1, 5, 2, 3, 4), (3, 5, 1, 4, 2), (5, 1, 4, 2, 3), (3, 5, 4, 2, 1), (1, 5, 3, 4, 2), (1, 5, 4, 2, 3)}
M(B) = 
[[1, 4, 2, 5, 3], [1, 4, 5, 2, 3], [1, 5, 3, 4, 2], [1, 5, 4, 2, 3]]
Distance: 37
M(A) inter A:
set()
M(B) inter B:
{(1, 5, 4, 2, 3), (5, 1, 4, 2, 3)}

AUB = 
{(4, 1, 2, 3, 5), (5, 3, 2, 4, 1), (2, 4, 5, 1, 3), (2, 1, 4, 5, 3), (4, 2, 1, 5, 3), (5, 4, 1, 3, 2), (3, 5, 4, 2, 1), (1, 5, 2, 3, 4), (3, 5, 1, 4, 2), (3, 2, 4, 1, 5), (1, 3, 4, 5, 2), (2, 3, 1, 5, 4), (1, 5, 3, 4, 2), (1, 4, 2, 5, 3), (5, 1, 4, 2, 3), (3, 1, 4, 5, 2), (2, 1, 5, 4, 3), (3, 4, 2, 5, 1), (1, 5, 4, 2, 3), (2, 1, 3, 4, 5)}
M(AUB) = 
[[1, 4, 2, 5, 3], [1, 4, 5, 2, 3], [1, 5, 3, 4, 2], [1, 5, 4, 2, 3]]
Distance:89

(92)
A = 
{(2, 3, 5, 1, 4), (5, 2, 4, 1, 3), (2, 3, 1, 4, 5), (4, 1, 5, 2, 3), (4, 1, 3, 5, 2), (5, 4, 1, 2, 3), (5, 3, 4, 2, 1), (2, 3, 5, 4, 1), (5, 4, 3, 2, 1), (5, 4, 2, 1, 3)}
M(A) = 
[[3, 5, 2, 4, 1], [3, 5, 4, 2, 1]]
Distance: 34
B = 
{(1, 5, 4, 3, 2), (3, 4, 2, 1, 5), (3, 2, 1, 4, 5), (3, 5, 2, 4, 1), (2, 1, 3, 5, 4), (4, 1, 5, 2, 3), (1, 4, 3, 5, 2), (5, 4, 3, 2, 1), (2, 1, 4, 3, 5), (3, 2, 4, 5, 1)}
M(B) = 
[[3, 5, 2, 4, 1], [3, 5, 4, 2, 1]]
Distance: 41
M(A) inter A:
set()
M(B) inter B:
{(3, 2, 1, 4, 5), (3, 4, 2, 1, 5)}

AUB = 
{(5, 3, 4, 2, 1), (5, 2, 4, 1, 3), (3, 2, 1, 4, 5), (2, 3, 1, 4, 5), (4, 1, 5, 2, 3), (3, 4, 2, 1, 5), (4, 1, 3, 5, 2), (5, 4, 1, 2, 3), (2, 1, 3, 5, 4), (2, 3, 5, 1, 4), (1, 5, 4, 3, 2), (3, 2, 4, 5, 1), (2, 3, 5, 4, 1), (1, 4, 3, 5, 2), (3, 5, 2, 4, 1), (5, 4, 3, 2, 1), (2, 1, 4, 3, 5), (5, 4, 2, 1, 3)}
M(AUB) = 
[[3, 5, 2, 4, 1], [3, 5, 4, 2, 1]]
Distance:80

(93)
A = 
{(1, 5, 4, 2, 3), (3, 4, 1, 5, 2), (3, 1, 2, 4, 5), (3, 4, 2, 1, 5), (3, 5, 4, 2, 1), (2, 1, 5, 3, 4), (2, 3, 5, 4, 1), (4, 3, 1, 2, 5), (5, 2, 4, 3, 1), (2, 1, 4, 3, 5)}
M(A) = 
[[2, 3, 1, 5, 4]]
Distance: 40
B = 
{(3, 5, 4, 2, 1), (2, 1, 4, 5, 3), (3, 2, 5, 1, 4), (4, 2, 5, 1, 3), (2, 1, 3, 5, 4), (2, 1, 3, 4, 5), (5, 3, 2, 1, 4), (2, 3, 5, 1, 4), (4, 5, 2, 3, 1), (3, 5, 2, 1, 4)}
M(B) = 
[[2, 3, 1, 5, 4]]
Distance: 32
M(A) inter A:
set()
M(B) inter B:
{(2, 3, 5, 1, 4)}

AUB = 
{(2, 3, 5, 1, 4), (1, 5, 4, 2, 3), (3, 2, 5, 1, 4), (3, 4, 1, 5, 2), (3, 1, 2, 4, 5), (2, 1, 3, 4, 5), (3, 4, 2, 1, 5), (3, 5, 2, 1, 4), (2, 1, 3, 5, 4), (3, 5, 4, 2, 1), (2, 1, 5, 3, 4), (5, 3, 2, 1, 4), (2, 3, 5, 4, 1), (4, 2, 5, 1, 3), (4, 3, 1, 2, 5), (2, 1, 4, 5, 3), (5, 2, 4, 3, 1), (2, 1, 4, 3, 5), (4, 5, 2, 3, 1)}
M(AUB) = 
[[2, 3, 1, 5, 4]]
Distance:73

(94)
A = 
{(4, 3, 5, 2, 1), (5, 2, 3, 1, 4), (3, 2, 1, 5, 4), (1, 5, 3, 4, 2), (1, 2, 4, 3, 5), (5, 1, 2, 4, 3), (2, 5, 3, 1, 4), (1, 5, 3, 2, 4), (4, 2, 1, 5, 3), (3, 4, 1, 5, 2)}
M(A) = 
[[5, 2, 3, 4, 1]]
Distance: 42
B = 
{(4, 5, 1, 2, 3), (5, 4, 2, 1, 3), (2, 3, 1, 4, 5), (2, 5, 4, 1, 3), (1, 2, 4, 3, 5), (3, 5, 1, 4, 2), (5, 3, 2, 4, 1), (4, 5, 3, 1, 2), (2, 4, 3, 5, 1), (3, 2, 5, 4, 1)}
M(B) = 
[[5, 2, 3, 4, 1]]
Distance: 40
M(A) inter A:
set()
M(B) inter B:
{(2, 4, 3, 5, 1)}

AUB = 
{(4, 5, 1, 2, 3), (5, 4, 2, 1, 3), (1, 5, 3, 2, 4), (2, 3, 1, 4, 5), (3, 2, 1, 5, 4), (5, 2, 3, 1, 4), (3, 2, 5, 4, 1), (4, 3, 5, 2, 1), (2, 5, 4, 1, 3), (1, 2, 4, 3, 5), (5, 1, 2, 4, 3), (2, 5, 3, 1, 4), (1, 5, 3, 4, 2), (4, 5, 3, 1, 2), (3, 5, 1, 4, 2), (4, 2, 1, 5, 3), (2, 4, 3, 5, 1), (5, 3, 2, 4, 1), (3, 4, 1, 5, 2)}
M(AUB) = 
[[5, 2, 3, 4, 1]]
Distance:82

(95)
A = 
{(5, 2, 1, 4, 3), (3, 4, 1, 5, 2), (3, 2, 1, 5, 4), (3, 1, 5, 4, 2), (1, 2, 4, 5, 3), (2, 3, 1, 5, 4), (2, 3, 4, 5, 1), (4, 5, 3, 1, 2), (5, 4, 2, 3, 1), (3, 5, 2, 1, 4)}
M(A) = 
[[3, 1, 5, 2, 4]]
Distance: 40
B = 
{(2, 3, 1, 5, 4), (5, 4, 1, 2, 3), (3, 1, 5, 2, 4), (1, 5, 4, 3, 2), (1, 3, 5, 4, 2), (2, 4, 3, 1, 5), (2, 5, 4, 1, 3), (4, 5, 1, 2, 3), (2, 4, 3, 5, 1), (3, 4, 1, 2, 5)}
M(B) = 
[[3, 1, 5, 2, 4]]
Distance: 45
M(A) inter A:
set()
M(B) inter B:
set()

AUB = 
{(2, 4, 3, 5, 1), (4, 5, 1, 2, 3), (5, 2, 1, 4, 3), (3, 1, 5, 2, 4), (3, 2, 1, 5, 4), (3, 4, 1, 5, 2), (1, 5, 4, 3, 2), (2, 5, 4, 1, 3), (2, 4, 3, 1, 5), (1, 3, 5, 4, 2), (1, 2, 4, 5, 3), (2, 3, 1, 5, 4), (3, 1, 5, 4, 2), (4, 5, 3, 1, 2), (2, 3, 4, 5, 1), (5, 4, 2, 3, 1), (3, 4, 1, 2, 5), (3, 5, 2, 1, 4), (5, 4, 1, 2, 3)}
M(AUB) = 
[[3, 1, 5, 2, 4]]
Distance:88

(96)
A = 
{(4, 1, 2, 3, 5), (3, 1, 2, 5, 4), (3, 4, 5, 1, 2), (2, 1, 3, 5, 4), (1, 3, 2, 5, 4), (5, 1, 4, 2, 3), (4, 3, 2, 5, 1), (4, 3, 5, 1, 2), (2, 1, 3, 4, 5), (4, 2, 5, 3, 1)}
M(A) = 
[[3, 1, 4, 2, 5]]
Distance: 42
B = 
{(4, 1, 3, 2, 5), (5, 1, 4, 3, 2), (4, 3, 5, 1, 2), (3, 2, 1, 5, 4), (3, 4, 1, 5, 2), (3, 1, 2, 4, 5), (3, 2, 1, 4, 5), (3, 5, 1, 4, 2), (3, 5, 2, 4, 1), (2, 1, 3, 5, 4)}
M(B) = 
[[3, 1, 4, 2, 5]]
Distance: 35
M(A) inter A:
{(3, 1, 2, 5, 4)}
M(B) inter B:
{(3, 1, 2, 4, 5)}

AUB = 
{(4, 1, 2, 3, 5), (4, 1, 3, 2, 5), (3, 1, 2, 5, 4), (3, 2, 1, 5, 4), (3, 4, 5, 1, 2), (2, 1, 3, 5, 4), (2, 1, 3, 4, 5), (3, 2, 1, 4, 5), (3, 1, 2, 4, 5), (5, 1, 4, 2, 3), (5, 1, 4, 3, 2), (4, 3, 2, 5, 1), (3, 5, 1, 4, 2), (3, 5, 2, 4, 1), (4, 3, 5, 1, 2), (1, 3, 2, 5, 4), (3, 4, 1, 5, 2), (4, 2, 5, 3, 1)}
M(AUB) = 
[[3, 1, 4, 2, 5]]
Distance:68

(97)
A = 
{(5, 2, 4, 1, 3), (4, 3, 1, 5, 2), (3, 4, 5, 1, 2), (4, 1, 2, 5, 3), (1, 2, 3, 4, 5), (2, 4, 1, 5, 3), (2, 3, 5, 4, 1), (3, 1, 2, 5, 4), (3, 2, 1, 4, 5), (4, 2, 3, 5, 1)}
M(A) = 
[[4, 1, 2, 3, 5], [4, 3, 1, 2, 5]]
Distance: 38
B = 
{(3, 1, 5, 2, 4), (1, 5, 4, 3, 2), (3, 4, 1, 2, 5), (5, 1, 2, 4, 3), (4, 2, 3, 1, 5), (5, 1, 4, 3, 2), (4, 1, 5, 2, 3), (4, 3, 2, 1, 5), (3, 1, 2, 5, 4), (2, 1, 4, 3, 5)}
M(B) = 
[[4, 1, 2, 3, 5], [4, 3, 1, 2, 5]]
Distance: 39
M(A) inter A:
set()
M(B) inter B:
set()

AUB = 
{(5, 2, 4, 1, 3), (4, 3, 1, 5, 2), (3, 4, 5, 1, 2), (4, 1, 2, 5, 3), (1, 2, 3, 4, 5), (5, 1, 2, 4, 3), (2, 4, 1, 5, 3), (4, 2, 3, 1, 5), (5, 1, 4, 3, 2), (1, 5, 4, 3, 2), (2, 3, 5, 4, 1), (3, 1, 5, 2, 4), (4, 3, 2, 1, 5), (3, 1, 2, 5, 4), (4, 1, 5, 2, 3), (3, 4, 1, 2, 5), (2, 1, 4, 3, 5), (3, 2, 1, 4, 5), (4, 2, 3, 5, 1)}
M(AUB) = 
[[4, 1, 2, 3, 5], [4, 3, 1, 2, 5]]
Distance:79

(98)
A = 
{(2, 4, 1, 5, 3), (3, 1, 2, 5, 4), (4, 3, 5, 2, 1), (2, 4, 3, 1, 5), (2, 5, 4, 1, 3), (5, 2, 1, 4, 3), (1, 5, 3, 4, 2), (3, 2, 5, 4, 1), (1, 5, 2, 3, 4), (2, 4, 1, 3, 5)}
M(A) = 
[[2, 1, 4, 3, 5], [2, 1, 5, 4, 3]]
Distance: 40
B = 
{(5, 3, 1, 2, 4), (1, 5, 3, 4, 2), (2, 1, 4, 3, 5), (3, 4, 1, 2, 5), (5, 1, 4, 2, 3), (2, 5, 4, 3, 1), (1, 4, 3, 5, 2), (4, 5, 3, 2, 1), (1, 3, 2, 5, 4), (3, 2, 1, 4, 5)}
M(B) = 
[[2, 1, 4, 3, 5], [2, 1, 5, 4, 3]]
Distance: 44
M(A) inter A:
{(1, 5, 3, 4, 2), (3, 1, 2, 5, 4)}
M(B) inter B:
{(1, 5, 3, 4, 2), (1, 3, 2, 5, 4), (1, 4, 3, 5, 2)}

AUB = 
{(2, 4, 1, 5, 3), (3, 2, 1, 4, 5), (3, 1, 2, 5, 4), (4, 3, 5, 2, 1), (2, 1, 4, 3, 5), (2, 4, 3, 1, 5), (2, 5, 4, 1, 3), (5, 2, 1, 4, 3), (1, 5, 3, 4, 2), (5, 1, 4, 2, 3), (2, 5, 4, 3, 1), (4, 5, 3, 2, 1), (1, 4, 3, 5, 2), (3, 4, 1, 2, 5), (3, 2, 5, 4, 1), (1, 5, 2, 3, 4), (5, 3, 1, 2, 4), (2, 4, 1, 3, 5), (1, 3, 2, 5, 4)}
M(AUB) = 
[[2, 1, 4, 3, 5], [2, 1, 5, 4, 3]]
Distance:85

(99)
A = 
{(2, 3, 1, 5, 4), (5, 4, 2, 1, 3), (1, 5, 4, 2, 3), (1, 2, 5, 3, 4), (2, 5, 3, 1, 4), (3, 1, 4, 5, 2), (1, 4, 5, 3, 2), (2, 5, 4, 3, 1), (2, 4, 5, 3, 1), (2, 1, 4, 3, 5)}
M(A) = 
[[4, 2, 5, 3, 1], [4, 5, 2, 3, 1], [5, 4, 2, 3, 1]]
Distance: 37
B = 
{(5, 4, 2, 1, 3), (4, 5, 2, 1, 3), (4, 3, 1, 2, 5), (4, 5, 1, 3, 2), (5, 4, 3, 2, 1), (1, 4, 5, 3, 2), (4, 3, 2, 1, 5), (5, 2, 3, 4, 1), (1, 3, 5, 2, 4), (3, 4, 2, 5, 1)}
M(B) = 
[[4, 2, 5, 3, 1], [4, 5, 2, 3, 1], [5, 4, 2, 3, 1]]
Distance: 34
M(A) inter A:
set()
M(B) inter B:
set()

AUB = 
{(2, 5, 3, 1, 4), (5, 4, 2, 1, 3), (1, 5, 4, 2, 3), (1, 2, 5, 3, 4), (4, 5, 1, 3, 2), (5, 2, 3, 4, 1), (3, 4, 2, 5, 1), (1, 3, 5, 2, 4), (4, 5, 2, 1, 3), (2, 3, 1, 5, 4), (4, 3, 2, 1, 5), (3, 1, 4, 5, 2), (1, 4, 5, 3, 2), (4, 3, 1, 2, 5), (2, 5, 4, 3, 1), (2, 4, 5, 3, 1), (2, 1, 4, 3, 5), (5, 4, 3, 2, 1)}
M(AUB) = 
[[4, 2, 5, 3, 1], [4, 5, 2, 3, 1], [5, 4, 2, 3, 1]]
Distance:80

