(0)
A = 
{(5, 3, 2, 4, 1), (4, 1, 5, 2, 3), (3, 1, 5, 4, 2)}
M(A) = 
[[1, 3, 4, 5, 2], [1, 4, 3, 5, 2], [1, 4, 5, 3, 2], [3, 1, 4, 5, 2]]
Distance: 10
B = 
{(3, 1, 2, 4, 5), (2, 1, 4, 5, 3), (1, 4, 3, 5, 2)}
M(B) = 
[[1, 3, 4, 5, 2], [1, 4, 3, 5, 2], [1, 4, 5, 3, 2], [3, 1, 4, 5, 2]]
Distance: 8
M(A) inter A:
set()
M(B) inter B:
set()

AUB = 
{(5, 3, 2, 4, 1), (3, 1, 2, 4, 5), (3, 1, 5, 4, 2), (1, 4, 3, 5, 2), (4, 1, 5, 2, 3), (2, 1, 4, 5, 3)}
M(AUB) = 
[[1, 3, 4, 5, 2], [1, 4, 3, 5, 2], [1, 4, 5, 3, 2], [3, 1, 4, 5, 2]]
Distance:23

(1)
A = 
{(4, 3, 1, 2, 5), (1, 2, 4, 5, 3), (3, 4, 1, 5, 2)}
M(A) = 
[[2, 4, 1, 5, 3], [4, 1, 2, 5, 3], [4, 2, 1, 5, 3]]
Distance: 7
B = 
{(2, 5, 3, 1, 4), (2, 4, 5, 1, 3), (4, 2, 1, 5, 3)}
M(B) = 
[[2, 4, 1, 5, 3], [4, 1, 2, 5, 3], [4, 2, 1, 5, 3]]
Distance: 6
M(A) inter A:
set()
M(B) inter B:
{(2, 4, 5, 1, 3)}

AUB = 
{(2, 5, 3, 1, 4), (1, 2, 4, 5, 3), (4, 2, 1, 5, 3), (3, 4, 1, 5, 2), (4, 3, 1, 2, 5), (2, 4, 5, 1, 3)}
M(AUB) = 
[[2, 4, 1, 5, 3], [4, 1, 2, 5, 3], [4, 2, 1, 5, 3]]
Distance:21

(2)
A = 
{(5, 3, 4, 2, 1), (4, 3, 1, 2, 5), (1, 3, 5, 4, 2)}
M(A) = 
[[3, 5, 4, 1, 2], [3, 5, 4, 2, 1], [5, 3, 4, 1, 2], [5, 3, 4, 2, 1], [5, 4, 3, 1, 2], [5, 4, 3, 2, 1]]
Distance: 9
B = 
{(5, 4, 3, 2, 1), (1, 3, 2, 5, 4), (5, 2, 4, 3, 1)}
M(B) = 
[[3, 5, 4, 1, 2], [3, 5, 4, 2, 1], [5, 3, 4, 1, 2], [5, 3, 4, 2, 1], [5, 4, 3, 1, 2], [5, 4, 3, 2, 1]]
Distance: 10
M(A) inter A:
set()
M(B) inter B:
{(5, 2, 4, 3, 1), (5, 4, 3, 2, 1)}

AUB = 
{(5, 3, 4, 2, 1), (4, 3, 1, 2, 5), (1, 3, 2, 5, 4), (5, 4, 3, 2, 1), (1, 3, 5, 4, 2), (5, 2, 4, 3, 1)}
M(AUB) = 
[[3, 5, 4, 1, 2], [3, 5, 4, 2, 1], [5, 3, 4, 1, 2], [5, 3, 4, 2, 1], [5, 4, 3, 1, 2], [5, 4, 3, 2, 1]]
Distance:22

(3)
A = 
{(3, 1, 2, 4, 5), (5, 2, 4, 3, 1), (4, 3, 1, 5, 2)}
M(A) = 
[[3, 1, 4, 5, 2], [3, 4, 1, 5, 2]]
Distance: 10
B = 
{(5, 3, 4, 2, 1), (3, 2, 1, 4, 5), (3, 1, 4, 5, 2)}
M(B) = 
[[3, 1, 4, 5, 2], [3, 4, 1, 5, 2]]
Distance: 8
M(A) inter A:
set()
M(B) inter B:
{(3, 1, 4, 5, 2)}

AUB = 
{(5, 3, 4, 2, 1), (4, 3, 1, 5, 2), (3, 1, 2, 4, 5), (3, 1, 4, 5, 2), (5, 2, 4, 3, 1), (3, 2, 1, 4, 5)}
M(AUB) = 
[[3, 1, 4, 5, 2], [3, 4, 1, 5, 2]]
Distance:20

(4)
A = 
{(2, 1, 3, 4, 5), (1, 5, 2, 4, 3), (2, 3, 5, 4, 1)}
M(A) = 
[[1, 2, 4, 5, 3], [1, 4, 5, 2, 3], [1, 5, 2, 4, 3]]
Distance: 8
B = 
{(4, 1, 5, 2, 3), (1, 4, 5, 2, 3), (2, 1, 3, 4, 5)}
M(B) = 
[[1, 2, 4, 5, 3], [1, 4, 5, 2, 3], [1, 5, 2, 4, 3]]
Distance: 6
M(A) inter A:
set()
M(B) inter B:
{(1, 4, 5, 2, 3)}

AUB = 
{(1, 4, 5, 2, 3), (1, 5, 2, 4, 3), (4, 1, 5, 2, 3), (2, 3, 5, 4, 1), (2, 1, 3, 4, 5)}
M(AUB) = 
[[1, 2, 4, 5, 3], [1, 4, 5, 2, 3], [1, 5, 2, 4, 3]]
Distance:17

(5)
A = 
{(3, 4, 2, 5, 1), (4, 1, 5, 3, 2), (1, 4, 5, 3, 2)}
M(A) = 
[[1, 4, 2, 5, 3]]
Distance: 7
B = 
{(1, 2, 3, 4, 5), (1, 4, 2, 5, 3), (1, 2, 5, 3, 4)}
M(B) = 
[[1, 4, 2, 5, 3]]
Distance: 5
M(A) inter A:
set()
M(B) inter B:
{(1, 2, 3, 4, 5), (1, 2, 5, 3, 4)}

AUB = 
{(1, 4, 2, 5, 3), (1, 2, 5, 3, 4), (1, 4, 5, 3, 2), (3, 4, 2, 5, 1), (4, 1, 5, 3, 2), (1, 2, 3, 4, 5)}
M(AUB) = 
[[1, 4, 2, 5, 3]]
Distance:18

(6)
A = 
{(2, 1, 4, 5, 3), (5, 2, 1, 3, 4), (4, 2, 3, 5, 1)}
M(A) = 
[[3, 5, 2, 1, 4], [5, 2, 3, 1, 4], [5, 3, 2, 1, 4]]
Distance: 9
B = 
{(5, 3, 2, 1, 4), (3, 5, 2, 1, 4), (3, 1, 5, 2, 4)}
M(B) = 
[[3, 5, 2, 1, 4], [5, 2, 3, 1, 4], [5, 3, 2, 1, 4]]
Distance: 3
M(A) inter A:
set()
M(B) inter B:
{(3, 5, 2, 1, 4)}

AUB = 
{(2, 1, 4, 5, 3), (5, 2, 1, 3, 4), (3, 1, 5, 2, 4), (3, 5, 2, 1, 4), (5, 3, 2, 1, 4), (4, 2, 3, 5, 1)}
M(AUB) = 
[[3, 5, 2, 1, 4], [5, 2, 3, 1, 4], [5, 3, 2, 1, 4]]
Distance:19

(7)
A = 
{(4, 1, 2, 3, 5), (1, 5, 2, 4, 3), (4, 2, 5, 3, 1)}
M(A) = 
[[1, 2, 4, 3, 5], [1, 2, 4, 5, 3], [1, 2, 5, 4, 3], [1, 4, 2, 3, 5], [1, 4, 2, 5, 3], [2, 1, 4, 3, 5], [2, 1, 4, 5, 3], [2, 1, 5, 4, 3]]
Distance: 8
B = 
{(2, 3, 1, 5, 4), (1, 4, 5, 3, 2), (3, 2, 5, 1, 4)}
M(B) = 
[[1, 2, 4, 3, 5], [1, 2, 4, 5, 3], [1, 2, 5, 4, 3], [1, 4, 2, 3, 5], [1, 4, 2, 5, 3], [2, 1, 4, 3, 5], [2, 1, 4, 5, 3], [2, 1, 5, 4, 3]]
Distance: 9
M(A) inter A:
set()
M(B) inter B:
set()

AUB = 
{(4, 1, 2, 3, 5), (2, 3, 1, 5, 4), (1, 5, 2, 4, 3), (3, 2, 5, 1, 4), (1, 4, 5, 3, 2), (4, 2, 5, 3, 1)}
M(AUB) = 
[[1, 2, 4, 3, 5], [1, 2, 4, 5, 3], [1, 2, 5, 4, 3], [1, 4, 2, 3, 5], [1, 4, 2, 5, 3], [2, 1, 4, 3, 5], [2, 1, 4, 5, 3], [2, 1, 5, 4, 3]]
Distance:25

(8)
A = 
{(2, 3, 1, 5, 4), (1, 2, 4, 3, 5), (5, 3, 2, 1, 4)}
M(A) = 
[[2, 3, 1, 5, 4]]
Distance: 8
B = 
{(5, 3, 2, 1, 4), (2, 1, 4, 5, 3), (3, 2, 5, 1, 4)}
M(B) = 
[[2, 3, 1, 5, 4]]
Distance: 8
M(A) inter A:
{(5, 3, 2, 1, 4)}
M(B) inter B:
{(5, 3, 2, 1, 4), (3, 2, 5, 1, 4)}

AUB = 
{(2, 3, 1, 5, 4), (2, 1, 4, 5, 3), (3, 2, 5, 1, 4), (1, 2, 4, 3, 5), (5, 3, 2, 1, 4)}
M(AUB) = 
[[2, 3, 1, 5, 4]]
Distance:14

(9)
A = 
{(2, 4, 1, 5, 3), (3, 5, 4, 1, 2), (5, 4, 2, 1, 3)}
M(A) = 
[[4, 1, 2, 3, 5], [4, 2, 1, 3, 5]]
Distance: 9
B = 
{(4, 1, 2, 3, 5), (3, 2, 4, 1, 5), (1, 4, 2, 3, 5)}
M(B) = 
[[4, 1, 2, 3, 5], [4, 2, 1, 3, 5]]
Distance: 6
M(A) inter A:
set()
M(B) inter B:
{(4, 1, 2, 3, 5)}

AUB = 
{(4, 1, 2, 3, 5), (2, 4, 1, 5, 3), (1, 4, 2, 3, 5), (3, 2, 4, 1, 5), (3, 5, 4, 1, 2), (5, 4, 2, 1, 3)}
M(AUB) = 
[[4, 1, 2, 3, 5], [4, 2, 1, 3, 5]]
Distance:20

(10)
A = 
{(2, 1, 3, 5, 4), (2, 1, 5, 3, 4), (2, 4, 1, 5, 3)}
M(A) = 
[[2, 1, 3, 4, 5], [2, 1, 4, 3, 5], [2, 1, 4, 5, 3], [2, 4, 1, 3, 5], [2, 4, 1, 5, 3]]
Distance: 4
B = 
{(4, 3, 1, 2, 5), (4, 1, 5, 3, 2), (2, 3, 1, 4, 5)}
M(B) = 
[[2, 1, 3, 4, 5], [2, 1, 4, 3, 5], [2, 1, 4, 5, 3], [2, 4, 1, 3, 5], [2, 4, 1, 5, 3]]
Distance: 8
M(A) inter A:
set()
M(B) inter B:
{(4, 3, 1, 2, 5)}

AUB = 
{(2, 1, 5, 3, 4), (2, 4, 1, 5, 3), (2, 3, 1, 4, 5), (4, 3, 1, 2, 5), (2, 1, 3, 5, 4), (4, 1, 5, 3, 2)}
M(AUB) = 
[[2, 1, 3, 4, 5], [2, 1, 4, 3, 5], [2, 1, 4, 5, 3], [2, 4, 1, 3, 5], [2, 4, 1, 5, 3]]
Distance:20

(11)
A = 
{(2, 3, 4, 1, 5), (4, 2, 5, 1, 3), (4, 2, 3, 5, 1)}
M(A) = 
[[2, 4, 1, 3, 5], [4, 1, 2, 3, 5], [4, 2, 1, 3, 5]]
Distance: 5
B = 
{(1, 3, 2, 4, 5), (1, 2, 3, 4, 5), (5, 4, 1, 2, 3)}
M(B) = 
[[2, 4, 1, 3, 5], [4, 1, 2, 3, 5], [4, 2, 1, 3, 5]]
Distance: 8
M(A) inter A:
set()
M(B) inter B:
{(1, 2, 3, 4, 5)}

AUB = 
{(1, 3, 2, 4, 5), (5, 4, 1, 2, 3), (2, 3, 4, 1, 5), (4, 2, 5, 1, 3), (1, 2, 3, 4, 5), (4, 2, 3, 5, 1)}
M(AUB) = 
[[2, 4, 1, 3, 5], [4, 1, 2, 3, 5], [4, 2, 1, 3, 5]]
Distance:21

(12)
A = 
{(4, 5, 3, 2, 1), (1, 4, 2, 3, 5), (3, 5, 2, 1, 4)}
M(A) = 
[[3, 4, 5, 2, 1], [3, 5, 2, 1, 4], [3, 5, 2, 4, 1], [3, 5, 4, 2, 1], [4, 3, 5, 2, 1], [4, 5, 2, 1, 3], [4, 5, 2, 3, 1], [4, 5, 3, 2, 1], [5, 2, 1, 3, 4], [5, 2, 1, 4, 3], [5, 2, 3, 1, 4], [5, 2, 3, 4, 1], [5, 2, 4, 1, 3], [5, 2, 4, 3, 1], [5, 3, 2, 1, 4], [5, 3, 2, 4, 1], [5, 3, 4, 2, 1], [5, 4, 2, 1, 3], [5, 4, 2, 3, 1], [5, 4, 3, 2, 1]]
Distance: 11
B = 
{(2, 5, 4, 1, 3), (5, 2, 1, 3, 4), (3, 4, 1, 5, 2)}
M(B) = 
[[3, 4, 5, 2, 1], [3, 5, 2, 1, 4], [3, 5, 2, 4, 1], [3, 5, 4, 2, 1], [4, 3, 5, 2, 1], [4, 5, 2, 1, 3], [4, 5, 2, 3, 1], [4, 5, 3, 2, 1], [5, 2, 1, 3, 4], [5, 2, 1, 4, 3], [5, 2, 3, 1, 4], [5, 2, 3, 4, 1], [5, 2, 4, 1, 3], [5, 2, 4, 3, 1], [5, 3, 2, 1, 4], [5, 3, 2, 4, 1], [5, 3, 4, 2, 1], [5, 4, 2, 1, 3], [5, 4, 2, 3, 1], [5, 4, 3, 2, 1]]
Distance: 11
M(A) inter A:
set()
M(B) inter B:
{(5, 2, 1, 3, 4)}

AUB = 
{(3, 4, 1, 5, 2), (5, 2, 1, 3, 4), (4, 5, 3, 2, 1), (2, 5, 4, 1, 3), (1, 4, 2, 3, 5), (3, 5, 2, 1, 4)}
M(AUB) = 
[[3, 4, 5, 2, 1], [3, 5, 2, 1, 4], [3, 5, 2, 4, 1], [3, 5, 4, 2, 1], [4, 3, 5, 2, 1], [4, 5, 2, 1, 3], [4, 5, 2, 3, 1], [4, 5, 3, 2, 1], [5, 2, 1, 3, 4], [5, 2, 1, 4, 3], [5, 2, 3, 1, 4], [5, 2, 3, 4, 1], [5, 2, 4, 1, 3], [5, 2, 4, 3, 1], [5, 3, 2, 1, 4], [5, 3, 2, 4, 1], [5, 3, 4, 2, 1], [5, 4, 2, 1, 3], [5, 4, 2, 3, 1], [5, 4, 3, 2, 1]]
Distance:27

(13)
A = 
{(2, 5, 4, 3, 1), (2, 1, 3, 4, 5), (5, 3, 2, 1, 4)}
M(A) = 
[[2, 4, 5, 1, 3], [2, 5, 1, 4, 3], [2, 5, 4, 1, 3]]
Distance: 8
B = 
{(4, 1, 3, 2, 5), (5, 1, 2, 4, 3), (4, 2, 5, 1, 3)}
M(B) = 
[[2, 4, 5, 1, 3], [2, 5, 1, 4, 3], [2, 5, 4, 1, 3]]
Distance: 9
M(A) inter A:
set()
M(B) inter B:
{(4, 2, 5, 1, 3)}

AUB = 
{(4, 1, 3, 2, 5), (5, 1, 2, 4, 3), (2, 5, 4, 3, 1), (4, 2, 5, 1, 3), (5, 3, 2, 1, 4), (2, 1, 3, 4, 5)}
M(AUB) = 
[[2, 4, 5, 1, 3], [2, 5, 1, 4, 3], [2, 5, 4, 1, 3]]
Distance:22

(14)
A = 
{(1, 5, 3, 2, 4), (1, 4, 2, 5, 3), (4, 5, 1, 3, 2)}
M(A) = 
[[1, 4, 5, 3, 2], [4, 1, 5, 3, 2]]
Distance: 7
B = 
{(3, 1, 4, 2, 5), (2, 4, 1, 5, 3), (5, 3, 4, 1, 2)}
M(B) = 
[[1, 4, 5, 3, 2], [4, 1, 5, 3, 2]]
Distance: 11
M(A) inter A:
set()
M(B) inter B:
set()

AUB = 
{(3, 1, 4, 2, 5), (1, 4, 2, 5, 3), (4, 5, 1, 3, 2), (1, 5, 3, 2, 4), (5, 3, 4, 1, 2), (2, 4, 1, 5, 3)}
M(AUB) = 
[[1, 4, 5, 3, 2], [4, 1, 5, 3, 2]]
Distance:21

(15)
A = 
{(3, 2, 4, 1, 5), (2, 1, 3, 4, 5), (2, 4, 3, 5, 1)}
M(A) = 
[[1, 2, 3, 4, 5], [1, 2, 3, 5, 4], [1, 3, 2, 4, 5], [1, 3, 2, 5, 4], [1, 3, 5, 2, 4], [2, 1, 3, 4, 5], [2, 1, 3, 5, 4], [2, 3, 1, 4, 5], [2, 3, 1, 5, 4], [3, 1, 2, 4, 5], [3, 1, 2, 5, 4], [3, 1, 5, 2, 4], [3, 2, 1, 4, 5], [3, 2, 1, 5, 4]]
Distance: 5
B = 
{(1, 5, 2, 3, 4), (1, 5, 4, 3, 2), (3, 1, 5, 2, 4)}
M(B) = 
[[1, 2, 3, 4, 5], [1, 2, 3, 5, 4], [1, 3, 2, 4, 5], [1, 3, 2, 5, 4], [1, 3, 5, 2, 4], [2, 1, 3, 4, 5], [2, 1, 3, 5, 4], [2, 3, 1, 4, 5], [2, 3, 1, 5, 4], [3, 1, 2, 4, 5], [3, 1, 2, 5, 4], [3, 1, 5, 2, 4], [3, 2, 1, 4, 5], [3, 2, 1, 5, 4]]
Distance: 5
M(A) inter A:
set()
M(B) inter B:
set()

AUB = 
{(1, 5, 4, 3, 2), (3, 1, 5, 2, 4), (1, 5, 2, 3, 4), (3, 2, 4, 1, 5), (2, 1, 3, 4, 5), (2, 4, 3, 5, 1)}
M(AUB) = 
[[1, 2, 3, 4, 5], [1, 2, 3, 5, 4], [1, 3, 2, 4, 5], [1, 3, 2, 5, 4], [1, 3, 5, 2, 4], [2, 1, 3, 4, 5], [2, 1, 3, 5, 4], [2, 3, 1, 4, 5], [2, 3, 1, 5, 4], [3, 1, 2, 4, 5], [3, 1, 2, 5, 4], [3, 1, 5, 2, 4], [3, 2, 1, 4, 5], [3, 2, 1, 5, 4]]
Distance:23

(16)
A = 
{(4, 1, 2, 3, 5), (2, 4, 1, 5, 3), (4, 2, 5, 3, 1)}
M(A) = 
[[4, 1, 2, 3, 5], [4, 2, 1, 3, 5], [4, 2, 3, 1, 5]]
Distance: 5
B = 
{(4, 3, 1, 2, 5), (1, 3, 5, 2, 4), (4, 2, 3, 5, 1)}
M(B) = 
[[4, 1, 2, 3, 5], [4, 2, 1, 3, 5], [4, 2, 3, 1, 5]]
Distance: 9
M(A) inter A:
set()
M(B) inter B:
{(4, 3, 1, 2, 5)}

AUB = 
{(4, 1, 2, 3, 5), (2, 4, 1, 5, 3), (4, 2, 3, 5, 1), (4, 3, 1, 2, 5), (1, 3, 5, 2, 4), (4, 2, 5, 3, 1)}
M(AUB) = 
[[4, 1, 2, 3, 5], [4, 2, 1, 3, 5], [4, 2, 3, 1, 5]]
Distance:18

(17)
A = 
{(5, 4, 1, 2, 3), (3, 5, 4, 1, 2), (3, 2, 5, 1, 4)}
M(A) = 
[[3, 5, 4, 1, 2], [3, 5, 4, 2, 1], [4, 3, 5, 1, 2], [4, 3, 5, 2, 1], [5, 4, 3, 1, 2], [5, 4, 3, 2, 1]]
Distance: 8
B = 
{(4, 3, 5, 2, 1), (5, 1, 4, 3, 2), (2, 4, 3, 5, 1)}
M(B) = 
[[3, 5, 4, 1, 2], [3, 5, 4, 2, 1], [4, 3, 5, 1, 2], [4, 3, 5, 2, 1], [5, 4, 3, 1, 2], [5, 4, 3, 2, 1]]
Distance: 8
M(A) inter A:
set()
M(B) inter B:
{(4, 3, 5, 2, 1)}

AUB = 
{(5, 1, 4, 3, 2), (5, 4, 1, 2, 3), (3, 2, 5, 1, 4), (4, 3, 5, 2, 1), (2, 4, 3, 5, 1), (3, 5, 4, 1, 2)}
M(AUB) = 
[[3, 5, 4, 1, 2], [3, 5, 4, 2, 1], [4, 3, 5, 1, 2], [4, 3, 5, 2, 1], [5, 4, 3, 1, 2], [5, 4, 3, 2, 1]]
Distance:21

(18)
A = 
{(3, 5, 4, 2, 1), (2, 4, 1, 5, 3), (3, 5, 1, 2, 4)}
M(A) = 
[[3, 2, 5, 1, 4], [3, 5, 2, 1, 4]]
Distance: 10
B = 
{(5, 1, 4, 3, 2), (2, 1, 4, 3, 5), (3, 2, 5, 1, 4)}
M(B) = 
[[3, 2, 5, 1, 4], [3, 5, 2, 1, 4]]
Distance: 11
M(A) inter A:
set()
M(B) inter B:
{(3, 2, 5, 1, 4)}

AUB = 
{(3, 5, 4, 2, 1), (5, 1, 4, 3, 2), (2, 4, 1, 5, 3), (3, 2, 5, 1, 4), (2, 1, 4, 3, 5), (3, 5, 1, 2, 4)}
M(AUB) = 
[[3, 2, 5, 1, 4], [3, 5, 2, 1, 4]]
Distance:23

(19)
A = 
{(1, 5, 3, 4, 2), (2, 3, 1, 5, 4), (3, 2, 5, 1, 4)}
M(A) = 
[[1, 2, 3, 5, 4], [1, 3, 2, 5, 4], [1, 3, 5, 2, 4], [3, 1, 2, 5, 4], [3, 1, 5, 2, 4]]
Distance: 7
B = 
{(3, 5, 1, 2, 4), (1, 2, 3, 4, 5), (1, 5, 4, 2, 3)}
M(B) = 
[[1, 2, 3, 5, 4], [1, 3, 2, 5, 4], [1, 3, 5, 2, 4], [3, 1, 2, 5, 4], [3, 1, 5, 2, 4]]
Distance: 9
M(A) inter A:
set()
M(B) inter B:
set()

AUB = 
{(2, 3, 1, 5, 4), (1, 5, 4, 2, 3), (3, 2, 5, 1, 4), (1, 5, 3, 4, 2), (1, 2, 3, 4, 5), (3, 5, 1, 2, 4)}
M(AUB) = 
[[1, 2, 3, 5, 4], [1, 3, 2, 5, 4], [1, 3, 5, 2, 4], [3, 1, 2, 5, 4], [3, 1, 5, 2, 4]]
Distance:19

(20)
A = 
{(4, 1, 3, 2, 5), (3, 2, 5, 4, 1), (3, 4, 1, 2, 5)}
M(A) = 
[[4, 3, 5, 1, 2], [4, 5, 3, 1, 2], [5, 4, 3, 1, 2]]
Distance: 6
B = 
{(4, 5, 3, 1, 2), (5, 1, 4, 2, 3), (5, 4, 3, 1, 2)}
M(B) = 
[[4, 3, 5, 1, 2], [4, 5, 3, 1, 2], [5, 4, 3, 1, 2]]
Distance: 4
M(A) inter A:
set()
M(B) inter B:
{(5, 4, 3, 1, 2)}

AUB = 
{(4, 1, 3, 2, 5), (4, 5, 3, 1, 2), (5, 4, 3, 1, 2), (3, 2, 5, 4, 1), (5, 1, 4, 2, 3), (3, 4, 1, 2, 5)}
M(AUB) = 
[[4, 3, 5, 1, 2], [4, 5, 3, 1, 2], [5, 4, 3, 1, 2]]
Distance:19

(21)
A = 
{(5, 1, 3, 4, 2), (5, 2, 1, 4, 3), (3, 4, 1, 5, 2)}
M(A) = 
[[5, 1, 2, 3, 4], [5, 1, 2, 4, 3], [5, 1, 3, 2, 4], [5, 1, 3, 4, 2], [5, 1, 4, 2, 3], [5, 1, 4, 3, 2], [5, 2, 1, 3, 4], [5, 2, 1, 4, 3], [5, 2, 3, 1, 4], [5, 2, 3, 4, 1], [5, 2, 4, 1, 3], [5, 2, 4, 3, 1], [5, 3, 1, 2, 4], [5, 3, 1, 4, 2], [5, 3, 2, 1, 4], [5, 3, 2, 4, 1], [5, 3, 4, 1, 2], [5, 3, 4, 2, 1], [5, 4, 1, 2, 3], [5, 4, 1, 3, 2], [5, 4, 2, 1, 3], [5, 4, 2, 3, 1], [5, 4, 3, 1, 2], [5, 4, 3, 2, 1]]
Distance: 9
B = 
{(1, 5, 4, 3, 2), (5, 2, 3, 4, 1), (2, 4, 3, 5, 1)}
M(B) = 
[[5, 1, 2, 3, 4], [5, 1, 2, 4, 3], [5, 1, 3, 2, 4], [5, 1, 3, 4, 2], [5, 1, 4, 2, 3], [5, 1, 4, 3, 2], [5, 2, 1, 3, 4], [5, 2, 1, 4, 3], [5, 2, 3, 1, 4], [5, 2, 3, 4, 1], [5, 2, 4, 1, 3], [5, 2, 4, 3, 1], [5, 3, 1, 2, 4], [5, 3, 1, 4, 2], [5, 3, 2, 1, 4], [5, 3, 2, 4, 1], [5, 3, 4, 1, 2], [5, 3, 4, 2, 1], [5, 4, 1, 2, 3], [5, 4, 1, 3, 2], [5, 4, 2, 1, 3], [5, 4, 2, 3, 1], [5, 4, 3, 1, 2], [5, 4, 3, 2, 1]]
Distance: 10
M(A) inter A:
set()
M(B) inter B:
set()

AUB = 
{(5, 1, 3, 4, 2), (5, 2, 1, 4, 3), (3, 4, 1, 5, 2), (1, 5, 4, 3, 2), (5, 2, 3, 4, 1), (2, 4, 3, 5, 1)}
M(AUB) = 
[[5, 1, 2, 3, 4], [5, 1, 2, 4, 3], [5, 1, 3, 2, 4], [5, 1, 3, 4, 2], [5, 1, 4, 2, 3], [5, 1, 4, 3, 2], [5, 2, 1, 3, 4], [5, 2, 1, 4, 3], [5, 2, 3, 1, 4], [5, 2, 3, 4, 1], [5, 2, 4, 1, 3], [5, 2, 4, 3, 1], [5, 3, 1, 2, 4], [5, 3, 1, 4, 2], [5, 3, 2, 1, 4], [5, 3, 2, 4, 1], [5, 3, 4, 1, 2], [5, 3, 4, 2, 1], [5, 4, 1, 2, 3], [5, 4, 1, 3, 2], [5, 4, 2, 1, 3], [5, 4, 2, 3, 1], [5, 4, 3, 1, 2], [5, 4, 3, 2, 1]]
Distance:25

(22)
A = 
{(5, 4, 3, 2, 1), (5, 3, 2, 1, 4), (3, 2, 1, 5, 4)}
M(A) = 
[[3, 5, 2, 1, 4], [5, 3, 2, 1, 4]]
Distance: 6
B = 
{(4, 1, 3, 5, 2), (5, 2, 1, 4, 3), (1, 3, 4, 5, 2)}
M(B) = 
[[3, 5, 2, 1, 4], [5, 3, 2, 1, 4]]
Distance: 8
M(A) inter A:
set()
M(B) inter B:
set()

AUB = 
{(5, 2, 1, 4, 3), (1, 3, 4, 5, 2), (3, 2, 1, 5, 4), (4, 1, 3, 5, 2), (5, 4, 3, 2, 1), (5, 3, 2, 1, 4)}
M(AUB) = 
[[3, 5, 2, 1, 4], [5, 3, 2, 1, 4]]
Distance:23

(23)
A = 
{(2, 5, 3, 4, 1), (2, 4, 1, 3, 5), (5, 3, 2, 1, 4)}
M(A) = 
[[2, 4, 5, 1, 3], [2, 4, 5, 3, 1]]
Distance: 8
B = 
{(1, 2, 4, 3, 5), (2, 4, 5, 1, 3), (4, 2, 5, 3, 1)}
M(B) = 
[[2, 4, 5, 1, 3], [2, 4, 5, 3, 1]]
Distance: 6
M(A) inter A:
set()
M(B) inter B:
{(2, 4, 5, 1, 3)}

AUB = 
{(2, 4, 5, 1, 3), (2, 5, 3, 4, 1), (2, 4, 1, 3, 5), (5, 3, 2, 1, 4), (1, 2, 4, 3, 5), (4, 2, 5, 3, 1)}
M(AUB) = 
[[2, 4, 5, 1, 3], [2, 4, 5, 3, 1]]
Distance:17

(24)
A = 
{(1, 5, 3, 2, 4), (2, 4, 5, 3, 1), (2, 1, 4, 3, 5)}
M(A) = 
[[2, 1, 4, 3, 5], [2, 1, 4, 5, 3], [2, 4, 1, 3, 5], [2, 4, 1, 5, 3], [2, 4, 3, 1, 5]]
Distance: 9
B = 
{(3, 2, 1, 4, 5), (4, 3, 5, 1, 2), (4, 2, 1, 5, 3)}
M(B) = 
[[2, 1, 4, 3, 5], [2, 1, 4, 5, 3], [2, 4, 1, 3, 5], [2, 4, 1, 5, 3], [2, 4, 3, 1, 5]]
Distance: 9
M(A) inter A:
set()
M(B) inter B:
set()

AUB = 
{(4, 3, 5, 1, 2), (4, 2, 1, 5, 3), (1, 5, 3, 2, 4), (2, 4, 5, 3, 1), (2, 1, 4, 3, 5), (3, 2, 1, 4, 5)}
M(AUB) = 
[[2, 1, 4, 3, 5], [2, 1, 4, 5, 3], [2, 4, 1, 3, 5], [2, 4, 1, 5, 3], [2, 4, 3, 1, 5]]
Distance:23

(25)
A = 
{(4, 5, 3, 1, 2), (5, 4, 2, 1, 3), (5, 3, 1, 4, 2)}
M(A) = 
[[5, 3, 1, 4, 2], [5, 3, 4, 1, 2]]
Distance: 6
B = 
{(3, 1, 2, 4, 5), (5, 2, 3, 4, 1), (1, 3, 4, 5, 2)}
M(B) = 
[[5, 3, 1, 4, 2], [5, 3, 4, 1, 2]]
Distance: 10
M(A) inter A:
set()
M(B) inter B:
{(3, 1, 2, 4, 5)}

AUB = 
{(5, 4, 2, 1, 3), (4, 5, 3, 1, 2), (3, 1, 2, 4, 5), (1, 3, 4, 5, 2), (5, 2, 3, 4, 1), (5, 3, 1, 4, 2)}
M(AUB) = 
[[5, 3, 1, 4, 2], [5, 3, 4, 1, 2]]
Distance:21

(26)
A = 
{(2, 3, 4, 5, 1), (4, 3, 1, 5, 2), (1, 4, 5, 3, 2)}
M(A) = 
[[1, 4, 5, 2, 3]]
Distance: 9
B = 
{(2, 5, 3, 1, 4), (1, 4, 5, 2, 3), (5, 2, 1, 4, 3)}
M(B) = 
[[1, 4, 5, 2, 3]]
Distance: 7
M(A) inter A:
set()
M(B) inter B:
{(5, 2, 1, 4, 3)}

AUB = 
{(2, 5, 3, 1, 4), (1, 4, 5, 2, 3), (4, 3, 1, 5, 2), (1, 4, 5, 3, 2), (2, 3, 4, 5, 1), (5, 2, 1, 4, 3)}
M(AUB) = 
[[1, 4, 5, 2, 3]]
Distance:24

(27)
A = 
{(3, 5, 4, 2, 1), (2, 5, 3, 4, 1), (2, 1, 4, 5, 3)}
M(A) = 
[[2, 5, 3, 1, 4], [2, 5, 3, 4, 1], [5, 2, 3, 1, 4], [5, 2, 3, 4, 1], [5, 3, 2, 1, 4], [5, 3, 2, 4, 1], [5, 3, 4, 2, 1]]
Distance: 9
B = 
{(5, 3, 4, 2, 1), (3, 1, 2, 4, 5), (5, 1, 4, 2, 3)}
M(B) = 
[[2, 5, 3, 1, 4], [2, 5, 3, 4, 1], [5, 2, 3, 1, 4], [5, 2, 3, 4, 1], [5, 3, 2, 1, 4], [5, 3, 2, 4, 1], [5, 3, 4, 2, 1]]
Distance: 10
M(A) inter A:
set()
M(B) inter B:
set()

AUB = 
{(3, 5, 4, 2, 1), (5, 3, 4, 2, 1), (2, 1, 4, 5, 3), (3, 1, 2, 4, 5), (2, 5, 3, 4, 1), (5, 1, 4, 2, 3)}
M(AUB) = 
[[2, 5, 3, 1, 4], [2, 5, 3, 4, 1], [5, 2, 3, 1, 4], [5, 2, 3, 4, 1], [5, 3, 2, 1, 4], [5, 3, 2, 4, 1], [5, 3, 4, 2, 1]]
Distance:24

(28)
A = 
{(1, 5, 2, 3, 4), (1, 3, 4, 2, 5), (3, 5, 1, 4, 2)}
M(A) = 
[[1, 5, 3, 4, 2]]
Distance: 7
B = 
{(1, 5, 3, 4, 2), (2, 4, 5, 1, 3), (1, 4, 5, 3, 2)}
M(B) = 
[[1, 5, 3, 4, 2]]
Distance: 8
M(A) inter A:
set()
M(B) inter B:
{(1, 4, 5, 3, 2)}

AUB = 
{(1, 3, 4, 2, 5), (1, 5, 3, 4, 2), (2, 4, 5, 1, 3), (1, 4, 5, 3, 2), (1, 5, 2, 3, 4), (3, 5, 1, 4, 2)}
M(AUB) = 
[[1, 5, 3, 4, 2]]
Distance:18

(29)
A = 
{(1, 5, 2, 3, 4), (4, 1, 5, 2, 3), (5, 1, 3, 2, 4)}
M(A) = 
[[2, 5, 3, 4, 1], [5, 2, 3, 4, 1], [5, 3, 2, 4, 1], [5, 3, 4, 1, 2], [5, 3, 4, 2, 1]]
Distance: 6
B = 
{(3, 4, 2, 1, 5), (3, 2, 5, 4, 1), (4, 2, 5, 3, 1)}
M(B) = 
[[2, 5, 3, 4, 1], [5, 2, 3, 4, 1], [5, 3, 2, 4, 1], [5, 3, 4, 1, 2], [5, 3, 4, 2, 1]]
Distance: 6
M(A) inter A:
set()
M(B) inter B:
set()

AUB = 
{(5, 1, 3, 2, 4), (4, 1, 5, 2, 3), (1, 5, 2, 3, 4), (3, 4, 2, 1, 5), (3, 2, 5, 4, 1), (4, 2, 5, 3, 1)}
M(AUB) = 
[[2, 5, 3, 4, 1], [5, 2, 3, 4, 1], [5, 3, 2, 4, 1], [5, 3, 4, 1, 2], [5, 3, 4, 2, 1]]
Distance:27

(30)
A = 
{(4, 5, 1, 2, 3), (3, 2, 4, 1, 5), (1, 2, 5, 3, 4)}
M(A) = 
[[1, 2, 4, 3, 5], [1, 2, 4, 5, 3], [1, 4, 2, 3, 5], [1, 4, 2, 5, 3], [4, 1, 2, 3, 5], [4, 1, 2, 5, 3]]
Distance: 12
B = 
{(1, 4, 3, 2, 5), (1, 4, 5, 2, 3), (2, 4, 1, 3, 5)}
M(B) = 
[[1, 2, 4, 3, 5], [1, 2, 4, 5, 3], [1, 4, 2, 3, 5], [1, 4, 2, 5, 3], [4, 1, 2, 3, 5], [4, 1, 2, 5, 3]]
Distance: 6
M(A) inter A:
set()
M(B) inter B:
set()

AUB = 
{(4, 5, 1, 2, 3), (1, 4, 5, 2, 3), (1, 2, 5, 3, 4), (2, 4, 1, 3, 5), (3, 2, 4, 1, 5), (1, 4, 3, 2, 5)}
M(AUB) = 
[[1, 2, 4, 3, 5], [1, 2, 4, 5, 3], [1, 4, 2, 3, 5], [1, 4, 2, 5, 3], [4, 1, 2, 3, 5], [4, 1, 2, 5, 3]]
Distance:20

(31)
A = 
{(4, 1, 5, 2, 3), (1, 3, 2, 4, 5), (1, 4, 5, 2, 3)}
M(A) = 
[[1, 4, 5, 2, 3], [4, 1, 5, 2, 3]]
Distance: 6
B = 
{(4, 5, 1, 2, 3), (4, 1, 5, 3, 2), (5, 2, 3, 1, 4)}
M(B) = 
[[1, 4, 5, 2, 3], [4, 1, 5, 2, 3]]
Distance: 8
M(A) inter A:
set()
M(B) inter B:
{(4, 5, 1, 2, 3)}

AUB = 
{(1, 3, 2, 4, 5), (4, 5, 1, 2, 3), (1, 4, 5, 2, 3), (5, 2, 3, 1, 4), (4, 1, 5, 2, 3), (4, 1, 5, 3, 2)}
M(AUB) = 
[[1, 4, 5, 2, 3], [4, 1, 5, 2, 3]]
Distance:16

(32)
A = 
{(1, 5, 3, 4, 2), (1, 2, 4, 3, 5), (1, 4, 5, 2, 3)}
M(A) = 
[[1, 2, 3, 4, 5], [1, 2, 4, 3, 5], [1, 3, 2, 4, 5], [1, 3, 4, 2, 5], [1, 4, 2, 3, 5], [1, 4, 3, 2, 5], [2, 1, 3, 4, 5], [2, 1, 4, 3, 5], [2, 3, 1, 4, 5], [3, 1, 2, 4, 5], [3, 1, 4, 2, 5], [3, 2, 1, 4, 5]]
Distance: 6
B = 
{(3, 2, 1, 4, 5), (3, 2, 1, 5, 4), (4, 2, 3, 1, 5)}
M(B) = 
[[1, 2, 3, 4, 5], [1, 2, 4, 3, 5], [1, 3, 2, 4, 5], [1, 3, 4, 2, 5], [1, 4, 2, 3, 5], [1, 4, 3, 2, 5], [2, 1, 3, 4, 5], [2, 1, 4, 3, 5], [2, 3, 1, 4, 5], [3, 1, 2, 4, 5], [3, 1, 4, 2, 5], [3, 2, 1, 4, 5]]
Distance: 5
M(A) inter A:
set()
M(B) inter B:
{(3, 2, 1, 4, 5)}

AUB = 
{(1, 4, 5, 2, 3), (3, 2, 1, 5, 4), (1, 5, 3, 4, 2), (1, 2, 4, 3, 5), (3, 2, 1, 4, 5), (4, 2, 3, 1, 5)}
M(AUB) = 
[[1, 2, 3, 4, 5], [1, 2, 4, 3, 5], [1, 3, 2, 4, 5], [1, 3, 4, 2, 5], [1, 4, 2, 3, 5], [1, 4, 3, 2, 5], [2, 1, 3, 4, 5], [2, 1, 4, 3, 5], [2, 3, 1, 4, 5], [3, 1, 2, 4, 5], [3, 1, 4, 2, 5], [3, 2, 1, 4, 5]]
Distance:22

(33)
A = 
{(2, 1, 5, 3, 4), (2, 1, 3, 5, 4), (1, 5, 3, 4, 2)}
M(A) = 
[[1, 2, 3, 5, 4], [1, 2, 5, 3, 4], [1, 3, 2, 5, 4], [1, 3, 5, 2, 4], [1, 3, 5, 4, 2], [1, 5, 2, 3, 4], [1, 5, 3, 2, 4], [1, 5, 3, 4, 2], [2, 1, 3, 5, 4], [2, 1, 5, 3, 4]]
Distance: 5
B = 
{(3, 5, 4, 2, 1), (1, 2, 3, 4, 5), (1, 4, 5, 3, 2)}
M(B) = 
[[1, 2, 3, 5, 4], [1, 2, 5, 3, 4], [1, 3, 2, 5, 4], [1, 3, 5, 2, 4], [1, 3, 5, 4, 2], [1, 5, 2, 3, 4], [1, 5, 3, 2, 4], [1, 5, 3, 4, 2], [2, 1, 3, 5, 4], [2, 1, 5, 3, 4]]
Distance: 10
M(A) inter A:
set()
M(B) inter B:
set()

AUB = 
{(3, 5, 4, 2, 1), (2, 1, 3, 5, 4), (1, 4, 5, 3, 2), (2, 1, 5, 3, 4), (1, 2, 3, 4, 5), (1, 5, 3, 4, 2)}
M(AUB) = 
[[1, 2, 3, 5, 4], [1, 2, 5, 3, 4], [1, 3, 2, 5, 4], [1, 3, 5, 2, 4], [1, 3, 5, 4, 2], [1, 5, 2, 3, 4], [1, 5, 3, 2, 4], [1, 5, 3, 4, 2], [2, 1, 3, 5, 4], [2, 1, 5, 3, 4]]
Distance:21

(34)
A = 
{(1, 4, 5, 2, 3), (1, 2, 3, 4, 5), (1, 2, 5, 3, 4)}
M(A) = 
[[1, 3, 4, 5, 2], [1, 3, 5, 2, 4], [1, 3, 5, 4, 2], [1, 4, 3, 5, 2], [1, 4, 5, 2, 3], [1, 4, 5, 3, 2], [1, 5, 2, 3, 4], [1, 5, 2, 4, 3], [1, 5, 3, 2, 4], [1, 5, 3, 4, 2], [1, 5, 4, 2, 3], [1, 5, 4, 3, 2], [4, 1, 3, 5, 2], [4, 1, 5, 2, 3], [4, 1, 5, 3, 2]]
Distance: 6
B = 
{(3, 5, 2, 4, 1), (4, 3, 1, 5, 2), (5, 4, 1, 3, 2)}
M(B) = 
[[1, 3, 4, 5, 2], [1, 3, 5, 2, 4], [1, 3, 5, 4, 2], [1, 4, 3, 5, 2], [1, 4, 5, 2, 3], [1, 4, 5, 3, 2], [1, 5, 2, 3, 4], [1, 5, 2, 4, 3], [1, 5, 3, 2, 4], [1, 5, 3, 4, 2], [1, 5, 4, 2, 3], [1, 5, 4, 3, 2], [4, 1, 3, 5, 2], [4, 1, 5, 2, 3], [4, 1, 5, 3, 2]]
Distance: 8
M(A) inter A:
set()
M(B) inter B:
set()

AUB = 
{(3, 5, 2, 4, 1), (1, 4, 5, 2, 3), (4, 3, 1, 5, 2), (5, 4, 1, 3, 2), (1, 2, 5, 3, 4), (1, 2, 3, 4, 5)}
M(AUB) = 
[[1, 3, 4, 5, 2], [1, 3, 5, 2, 4], [1, 3, 5, 4, 2], [1, 4, 3, 5, 2], [1, 4, 5, 2, 3], [1, 4, 5, 3, 2], [1, 5, 2, 3, 4], [1, 5, 2, 4, 3], [1, 5, 3, 2, 4], [1, 5, 3, 4, 2], [1, 5, 4, 2, 3], [1, 5, 4, 3, 2], [4, 1, 3, 5, 2], [4, 1, 5, 2, 3], [4, 1, 5, 3, 2]]
Distance:25

(35)
A = 
{(2, 4, 1, 5, 3), (5, 3, 2, 1, 4), (2, 4, 3, 1, 5)}
M(A) = 
[[2, 4, 1, 5, 3], [2, 4, 5, 1, 3], [2, 4, 5, 3, 1], [2, 5, 4, 1, 3], [2, 5, 4, 3, 1], [4, 2, 1, 5, 3], [4, 2, 5, 1, 3], [4, 2, 5, 3, 1], [4, 5, 2, 1, 3], [4, 5, 2, 3, 1], [4, 5, 3, 2, 1], [5, 2, 4, 1, 3], [5, 2, 4, 3, 1], [5, 4, 2, 1, 3], [5, 4, 2, 3, 1], [5, 4, 3, 2, 1]]
Distance: 9
B = 
{(1, 5, 4, 3, 2), (3, 5, 4, 1, 2), (4, 2, 5, 1, 3)}
M(B) = 
[[2, 4, 1, 5, 3], [2, 4, 5, 1, 3], [2, 4, 5, 3, 1], [2, 5, 4, 1, 3], [2, 5, 4, 3, 1], [4, 2, 1, 5, 3], [4, 2, 5, 1, 3], [4, 2, 5, 3, 1], [4, 5, 2, 1, 3], [4, 5, 2, 3, 1], [4, 5, 3, 2, 1], [5, 2, 4, 1, 3], [5, 2, 4, 3, 1], [5, 4, 2, 1, 3], [5, 4, 2, 3, 1], [5, 4, 3, 2, 1]]
Distance: 9
M(A) inter A:
set()
M(B) inter B:
set()

AUB = 
{(2, 4, 1, 5, 3), (4, 2, 5, 1, 3), (1, 5, 4, 3, 2), (3, 5, 4, 1, 2), (2, 4, 3, 1, 5), (5, 3, 2, 1, 4)}
M(AUB) = 
[[2, 4, 1, 5, 3], [2, 4, 5, 1, 3], [2, 4, 5, 3, 1], [2, 5, 4, 1, 3], [2, 5, 4, 3, 1], [4, 2, 1, 5, 3], [4, 2, 5, 1, 3], [4, 2, 5, 3, 1], [4, 5, 2, 1, 3], [4, 5, 2, 3, 1], [4, 5, 3, 2, 1], [5, 2, 4, 1, 3], [5, 2, 4, 3, 1], [5, 4, 2, 1, 3], [5, 4, 2, 3, 1], [5, 4, 3, 2, 1]]
Distance:26

(36)
A = 
{(4, 1, 5, 2, 3), (2, 1, 3, 4, 5), (4, 2, 5, 3, 1)}
M(A) = 
[[4, 2, 1, 3, 5], [4, 2, 1, 5, 3], [4, 2, 3, 1, 5], [4, 2, 3, 5, 1], [4, 2, 5, 1, 3], [4, 2, 5, 3, 1], [4, 5, 2, 1, 3], [4, 5, 2, 3, 1]]
Distance: 8
B = 
{(4, 5, 2, 3, 1), (4, 3, 5, 1, 2), (4, 2, 1, 3, 5)}
M(B) = 
[[4, 2, 1, 3, 5], [4, 2, 1, 5, 3], [4, 2, 3, 1, 5], [4, 2, 3, 5, 1], [4, 2, 5, 1, 3], [4, 2, 5, 3, 1], [4, 5, 2, 1, 3], [4, 5, 2, 3, 1]]
Distance: 7
M(A) inter A:
set()
M(B) inter B:
{(4, 5, 2, 3, 1)}

AUB = 
{(4, 5, 2, 3, 1), (4, 3, 5, 1, 2), (4, 2, 1, 3, 5), (4, 1, 5, 2, 3), (2, 1, 3, 4, 5), (4, 2, 5, 3, 1)}
M(AUB) = 
[[4, 2, 1, 3, 5], [4, 2, 1, 5, 3], [4, 2, 3, 1, 5], [4, 2, 3, 5, 1], [4, 2, 5, 1, 3], [4, 2, 5, 3, 1], [4, 5, 2, 1, 3], [4, 5, 2, 3, 1]]
Distance:18

(37)
A = 
{(2, 3, 1, 5, 4), (1, 3, 4, 2, 5), (5, 1, 4, 2, 3)}
M(A) = 
[[3, 1, 2, 5, 4], [3, 1, 4, 2, 5], [3, 1, 5, 4, 2], [3, 2, 1, 5, 4]]
Distance: 10
B = 
{(4, 3, 2, 1, 5), (5, 4, 3, 2, 1), (3, 1, 2, 5, 4)}
M(B) = 
[[3, 1, 2, 5, 4], [3, 1, 4, 2, 5], [3, 1, 5, 4, 2], [3, 2, 1, 5, 4]]
Distance: 9
M(A) inter A:
set()
M(B) inter B:
{(4, 3, 2, 1, 5)}

AUB = 
{(2, 3, 1, 5, 4), (1, 3, 4, 2, 5), (3, 1, 2, 5, 4), (4, 3, 2, 1, 5), (5, 4, 3, 2, 1), (5, 1, 4, 2, 3)}
M(AUB) = 
[[3, 1, 2, 5, 4], [3, 1, 4, 2, 5], [3, 1, 5, 4, 2], [3, 2, 1, 5, 4]]
Distance:24

(38)
A = 
{(3, 1, 5, 4, 2), (1, 2, 5, 3, 4), (1, 4, 5, 3, 2)}
M(A) = 
[[1, 5, 3, 4, 2]]
Distance: 7
B = 
{(5, 3, 4, 1, 2), (3, 1, 5, 4, 2), (4, 2, 5, 1, 3)}
M(B) = 
[[1, 5, 3, 4, 2]]
Distance: 9
M(A) inter A:
set()
M(B) inter B:
{(5, 3, 4, 1, 2)}

AUB = 
{(3, 1, 5, 4, 2), (1, 2, 5, 3, 4), (1, 4, 5, 3, 2), (4, 2, 5, 1, 3), (5, 3, 4, 1, 2)}
M(AUB) = 
[[1, 5, 3, 4, 2]]
Distance:17

(39)
A = 
{(5, 4, 1, 2, 3), (3, 2, 1, 5, 4), (5, 4, 1, 3, 2)}
M(A) = 
[[5, 1, 3, 2, 4], [5, 1, 3, 4, 2]]
Distance: 9
B = 
{(5, 1, 3, 2, 4), (1, 3, 2, 4, 5), (3, 5, 4, 1, 2)}
M(B) = 
[[5, 1, 3, 2, 4], [5, 1, 3, 4, 2]]
Distance: 8
M(A) inter A:
set()
M(B) inter B:
{(5, 1, 3, 2, 4)}

AUB = 
{(5, 1, 3, 2, 4), (1, 3, 2, 4, 5), (5, 4, 1, 2, 3), (3, 2, 1, 5, 4), (5, 4, 1, 3, 2), (3, 5, 4, 1, 2)}
M(AUB) = 
[[5, 1, 3, 2, 4], [5, 1, 3, 4, 2]]
Distance:20

(40)
A = 
{(4, 1, 3, 2, 5), (3, 2, 4, 1, 5), (2, 3, 4, 1, 5)}
M(A) = 
[[2, 3, 4, 1, 5], [2, 3, 4, 5, 1], [3, 2, 4, 1, 5], [3, 2, 4, 5, 1], [3, 4, 2, 1, 5], [3, 4, 2, 5, 1]]
Distance: 5
B = 
{(4, 5, 2, 1, 3), (3, 5, 4, 1, 2), (2, 3, 5, 4, 1)}
M(B) = 
[[2, 3, 4, 1, 5], [2, 3, 4, 5, 1], [3, 2, 4, 1, 5], [3, 2, 4, 5, 1], [3, 4, 2, 1, 5], [3, 4, 2, 5, 1]]
Distance: 9
M(A) inter A:
set()
M(B) inter B:
set()

AUB = 
{(4, 1, 3, 2, 5), (4, 5, 2, 1, 3), (2, 3, 4, 1, 5), (2, 3, 5, 4, 1), (3, 2, 4, 1, 5), (3, 5, 4, 1, 2)}
M(AUB) = 
[[2, 3, 4, 1, 5], [2, 3, 4, 5, 1], [3, 2, 4, 1, 5], [3, 2, 4, 5, 1], [3, 4, 2, 1, 5], [3, 4, 2, 5, 1]]
Distance:20

(41)
A = 
{(1, 2, 3, 4, 5), (3, 5, 4, 1, 2), (5, 4, 2, 1, 3)}
M(A) = 
[[1, 2, 3, 5, 4], [1, 2, 5, 3, 4], [1, 2, 5, 4, 3], [1, 5, 2, 3, 4], [1, 5, 2, 4, 3], [1, 5, 4, 2, 3], [2, 1, 3, 5, 4], [2, 1, 5, 3, 4], [2, 1, 5, 4, 3], [2, 5, 1, 3, 4], [2, 5, 1, 4, 3], [2, 5, 4, 1, 3], [5, 1, 2, 3, 4], [5, 1, 2, 4, 3], [5, 1, 4, 2, 3], [5, 2, 1, 3, 4], [5, 2, 1, 4, 3], [5, 2, 4, 1, 3], [5, 4, 1, 2, 3], [5, 4, 2, 1, 3]]
Distance: 12
B = 
{(3, 5, 4, 2, 1), (1, 2, 5, 4, 3), (2, 1, 4, 5, 3)}
M(B) = 
[[1, 2, 3, 5, 4], [1, 2, 5, 3, 4], [1, 2, 5, 4, 3], [1, 5, 2, 3, 4], [1, 5, 2, 4, 3], [1, 5, 4, 2, 3], [2, 1, 3, 5, 4], [2, 1, 5, 3, 4], [2, 1, 5, 4, 3], [2, 5, 1, 3, 4], [2, 5, 1, 4, 3], [2, 5, 4, 1, 3], [5, 1, 2, 3, 4], [5, 1, 2, 4, 3], [5, 1, 4, 2, 3], [5, 2, 1, 3, 4], [5, 2, 1, 4, 3], [5, 2, 4, 1, 3], [5, 4, 1, 2, 3], [5, 4, 2, 1, 3]]
Distance: 10
M(A) inter A:
set()
M(B) inter B:
set()

AUB = 
{(3, 5, 4, 2, 1), (5, 4, 2, 1, 3), (2, 1, 4, 5, 3), (1, 2, 3, 4, 5), (3, 5, 4, 1, 2), (1, 2, 5, 4, 3)}
M(AUB) = 
[[1, 2, 3, 5, 4], [1, 2, 5, 3, 4], [1, 2, 5, 4, 3], [1, 5, 2, 3, 4], [1, 5, 2, 4, 3], [1, 5, 4, 2, 3], [2, 1, 3, 5, 4], [2, 1, 5, 3, 4], [2, 1, 5, 4, 3], [2, 5, 1, 3, 4], [2, 5, 1, 4, 3], [2, 5, 4, 1, 3], [5, 1, 2, 3, 4], [5, 1, 2, 4, 3], [5, 1, 4, 2, 3], [5, 2, 1, 3, 4], [5, 2, 1, 4, 3], [5, 2, 4, 1, 3], [5, 4, 1, 2, 3], [5, 4, 2, 1, 3]]
Distance:27

(42)
A = 
{(4, 3, 2, 5, 1), (1, 4, 2, 3, 5), (4, 2, 5, 3, 1)}
M(A) = 
[[4, 2, 3, 5, 1]]
Distance: 6
B = 
{(2, 5, 3, 1, 4), (1, 3, 4, 5, 2), (4, 2, 5, 3, 1)}
M(B) = 
[[4, 2, 3, 5, 1]]
Distance: 12
M(A) inter A:
{(4, 2, 5, 3, 1)}
M(B) inter B:
{(2, 5, 3, 1, 4), (4, 2, 5, 3, 1)}

AUB = 
{(2, 5, 3, 1, 4), (4, 3, 2, 5, 1), (1, 4, 2, 3, 5), (1, 3, 4, 5, 2), (4, 2, 5, 3, 1)}
M(AUB) = 
[[4, 2, 3, 5, 1]]
Distance:18

(43)
A = 
{(1, 4, 2, 3, 5), (2, 3, 4, 5, 1), (5, 4, 3, 1, 2)}
M(A) = 
[[1, 2, 3, 4, 5], [1, 2, 3, 5, 4], [1, 2, 4, 3, 5], [1, 4, 2, 3, 5], [2, 3, 1, 4, 5], [2, 3, 1, 5, 4], [2, 3, 4, 1, 5], [2, 3, 4, 5, 1], [2, 3, 5, 1, 4], [2, 3, 5, 4, 1], [2, 4, 3, 1, 5], [2, 4, 3, 5, 1], [3, 1, 2, 4, 5], [3, 1, 2, 5, 4], [3, 1, 4, 2, 5], [3, 1, 4, 5, 2], [3, 1, 5, 2, 4], [3, 1, 5, 4, 2], [3, 4, 1, 2, 5], [3, 4, 1, 5, 2], [3, 4, 5, 1, 2], [3, 5, 1, 2, 4], [3, 5, 1, 4, 2], [3, 5, 4, 1, 2], [4, 1, 2, 3, 5], [4, 2, 3, 1, 5], [4, 2, 3, 5, 1], [4, 3, 1, 2, 5], [4, 3, 1, 5, 2], [4, 3, 5, 1, 2]]
Distance: 11
B = 
{(5, 1, 2, 3, 4), (2, 4, 3, 1, 5), (3, 1, 5, 4, 2)}
M(B) = 
[[1, 2, 3, 4, 5], [1, 2, 3, 5, 4], [1, 2, 4, 3, 5], [1, 4, 2, 3, 5], [2, 3, 1, 4, 5], [2, 3, 1, 5, 4], [2, 3, 4, 1, 5], [2, 3, 4, 5, 1], [2, 3, 5, 1, 4], [2, 3, 5, 4, 1], [2, 4, 3, 1, 5], [2, 4, 3, 5, 1], [3, 1, 2, 4, 5], [3, 1, 2, 5, 4], [3, 1, 4, 2, 5], [3, 1, 4, 5, 2], [3, 1, 5, 2, 4], [3, 1, 5, 4, 2], [3, 4, 1, 2, 5], [3, 4, 1, 5, 2], [3, 4, 5, 1, 2], [3, 5, 1, 2, 4], [3, 5, 1, 4, 2], [3, 5, 4, 1, 2], [4, 1, 2, 3, 5], [4, 2, 3, 1, 5], [4, 2, 3, 5, 1], [4, 3, 1, 2, 5], [4, 3, 1, 5, 2], [4, 3, 5, 1, 2]]
Distance: 11
M(A) inter A:
set()
M(B) inter B:
set()

AUB = 
{(5, 1, 2, 3, 4), (2, 3, 4, 5, 1), (5, 4, 3, 1, 2), (3, 1, 5, 4, 2), (1, 4, 2, 3, 5), (2, 4, 3, 1, 5)}
M(AUB) = 
[[1, 2, 3, 4, 5], [1, 2, 3, 5, 4], [1, 2, 4, 3, 5], [1, 4, 2, 3, 5], [2, 3, 1, 4, 5], [2, 3, 1, 5, 4], [2, 3, 4, 1, 5], [2, 3, 4, 5, 1], [2, 3, 5, 1, 4], [2, 3, 5, 4, 1], [2, 4, 3, 1, 5], [2, 4, 3, 5, 1], [3, 1, 2, 4, 5], [3, 1, 2, 5, 4], [3, 1, 4, 2, 5], [3, 1, 4, 5, 2], [3, 1, 5, 2, 4], [3, 1, 5, 4, 2], [3, 4, 1, 2, 5], [3, 4, 1, 5, 2], [3, 4, 5, 1, 2], [3, 5, 1, 2, 4], [3, 5, 1, 4, 2], [3, 5, 4, 1, 2], [4, 1, 2, 3, 5], [4, 2, 3, 1, 5], [4, 2, 3, 5, 1], [4, 3, 1, 2, 5], [4, 3, 1, 5, 2], [4, 3, 5, 1, 2]]
Distance:28

(44)
A = 
{(5, 2, 1, 4, 3), (4, 2, 3, 1, 5), (1, 2, 3, 5, 4)}
M(A) = 
[[2, 4, 1, 3, 5], [2, 4, 1, 5, 3], [2, 4, 5, 1, 3], [2, 5, 4, 1, 3], [4, 1, 2, 3, 5], [4, 1, 2, 5, 3], [4, 1, 5, 2, 3], [4, 2, 1, 3, 5], [4, 2, 1, 5, 3], [4, 2, 5, 1, 3], [4, 5, 1, 2, 3], [4, 5, 2, 1, 3], [5, 2, 4, 1, 3], [5, 4, 1, 2, 3], [5, 4, 2, 1, 3]]
Distance: 10
B = 
{(2, 4, 1, 3, 5), (4, 5, 1, 3, 2), (5, 4, 1, 3, 2)}
M(B) = 
[[2, 4, 1, 3, 5], [2, 4, 1, 5, 3], [2, 4, 5, 1, 3], [2, 5, 4, 1, 3], [4, 1, 2, 3, 5], [4, 1, 2, 5, 3], [4, 1, 5, 2, 3], [4, 2, 1, 3, 5], [4, 2, 1, 5, 3], [4, 2, 5, 1, 3], [4, 5, 1, 2, 3], [4, 5, 2, 1, 3], [5, 2, 4, 1, 3], [5, 4, 1, 2, 3], [5, 4, 2, 1, 3]]
Distance: 7
M(A) inter A:
set()
M(B) inter B:
{(4, 5, 1, 3, 2)}

AUB = 
{(5, 2, 1, 4, 3), (4, 5, 1, 3, 2), (5, 4, 1, 3, 2), (1, 2, 3, 5, 4), (2, 4, 1, 3, 5), (4, 2, 3, 1, 5)}
M(AUB) = 
[[2, 4, 1, 3, 5], [2, 4, 1, 5, 3], [2, 4, 5, 1, 3], [2, 5, 4, 1, 3], [4, 1, 2, 3, 5], [4, 1, 2, 5, 3], [4, 1, 5, 2, 3], [4, 2, 1, 3, 5], [4, 2, 1, 5, 3], [4, 2, 5, 1, 3], [4, 5, 1, 2, 3], [4, 5, 2, 1, 3], [5, 2, 4, 1, 3], [5, 4, 1, 2, 3], [5, 4, 2, 1, 3]]
Distance:24

(45)
A = 
{(5, 1, 3, 2, 4), (5, 4, 3, 2, 1), (5, 3, 4, 1, 2)}
M(A) = 
[[1, 3, 4, 5, 2], [1, 3, 5, 4, 2], [1, 4, 3, 5, 2], [1, 4, 5, 3, 2], [1, 5, 3, 4, 2], [1, 5, 4, 3, 2], [3, 1, 4, 5, 2], [3, 1, 5, 4, 2], [3, 4, 1, 5, 2], [3, 4, 5, 1, 2], [3, 5, 1, 4, 2], [3, 5, 4, 1, 2], [4, 1, 3, 5, 2], [4, 1, 5, 3, 2], [4, 3, 1, 5, 2], [4, 3, 5, 1, 2], [4, 5, 1, 3, 2], [4, 5, 3, 1, 2], [5, 1, 3, 4, 2], [5, 1, 4, 3, 2], [5, 3, 1, 4, 2], [5, 3, 4, 1, 2], [5, 4, 1, 3, 2], [5, 4, 3, 1, 2]]
Distance: 5
B = 
{(1, 3, 4, 2, 5), (4, 3, 1, 5, 2), (2, 1, 4, 3, 5)}
M(B) = 
[[1, 3, 4, 5, 2], [1, 3, 5, 4, 2], [1, 4, 3, 5, 2], [1, 4, 5, 3, 2], [1, 5, 3, 4, 2], [1, 5, 4, 3, 2], [3, 1, 4, 5, 2], [3, 1, 5, 4, 2], [3, 4, 1, 5, 2], [3, 4, 5, 1, 2], [3, 5, 1, 4, 2], [3, 5, 4, 1, 2], [4, 1, 3, 5, 2], [4, 1, 5, 3, 2], [4, 3, 1, 5, 2], [4, 3, 5, 1, 2], [4, 5, 1, 3, 2], [4, 5, 3, 1, 2], [5, 1, 3, 4, 2], [5, 1, 4, 3, 2], [5, 3, 1, 4, 2], [5, 3, 4, 1, 2], [5, 4, 1, 3, 2], [5, 4, 3, 1, 2]]
Distance: 7
M(A) inter A:
set()
M(B) inter B:
set()

AUB = 
{(5, 1, 3, 2, 4), (1, 3, 4, 2, 5), (4, 3, 1, 5, 2), (2, 1, 4, 3, 5), (5, 4, 3, 2, 1), (5, 3, 4, 1, 2)}
M(AUB) = 
[[1, 3, 4, 5, 2], [1, 3, 5, 4, 2], [1, 4, 3, 5, 2], [1, 4, 5, 3, 2], [1, 5, 3, 4, 2], [1, 5, 4, 3, 2], [3, 1, 4, 5, 2], [3, 1, 5, 4, 2], [3, 4, 1, 5, 2], [3, 4, 5, 1, 2], [3, 5, 1, 4, 2], [3, 5, 4, 1, 2], [4, 1, 3, 5, 2], [4, 1, 5, 3, 2], [4, 3, 1, 5, 2], [4, 3, 5, 1, 2], [4, 5, 1, 3, 2], [4, 5, 3, 1, 2], [5, 1, 3, 4, 2], [5, 1, 4, 3, 2], [5, 3, 1, 4, 2], [5, 3, 4, 1, 2], [5, 4, 1, 3, 2], [5, 4, 3, 1, 2]]
Distance:25

(46)
A = 
{(5, 3, 1, 4, 2), (3, 5, 2, 1, 4), (3, 2, 5, 1, 4)}
M(A) = 
[[3, 5, 1, 2, 4], [3, 5, 2, 1, 4], [5, 3, 1, 2, 4], [5, 3, 2, 1, 4]]
Distance: 4
B = 
{(3, 1, 4, 2, 5), (5, 1, 2, 3, 4), (5, 2, 3, 1, 4)}
M(B) = 
[[3, 5, 1, 2, 4], [3, 5, 2, 1, 4], [5, 3, 1, 2, 4], [5, 3, 2, 1, 4]]
Distance: 9
M(A) inter A:
set()
M(B) inter B:
{(5, 1, 2, 3, 4), (5, 2, 3, 1, 4)}

AUB = 
{(5, 1, 2, 3, 4), (5, 2, 3, 1, 4), (3, 2, 5, 1, 4), (3, 1, 4, 2, 5), (5, 3, 1, 4, 2), (3, 5, 2, 1, 4)}
M(AUB) = 
[[3, 5, 1, 2, 4], [3, 5, 2, 1, 4], [5, 3, 1, 2, 4], [5, 3, 2, 1, 4]]
Distance:15

(47)
A = 
{(5, 4, 2, 3, 1), (2, 5, 4, 1, 3), (1, 2, 3, 4, 5)}
M(A) = 
[[2, 5, 4, 1, 3]]
Distance: 9
B = 
{(2, 5, 3, 4, 1), (1, 2, 3, 4, 5), (4, 1, 5, 3, 2)}
M(B) = 
[[2, 5, 4, 1, 3]]
Distance: 12
M(A) inter A:
{(1, 2, 3, 4, 5)}
M(B) inter B:
{(1, 2, 3, 4, 5)}

AUB = 
{(2, 5, 3, 4, 1), (4, 1, 5, 3, 2), (5, 4, 2, 3, 1), (2, 5, 4, 1, 3), (1, 2, 3, 4, 5)}
M(AUB) = 
[[2, 5, 4, 1, 3]]
Distance:17

(48)
A = 
{(2, 1, 3, 4, 5), (2, 3, 5, 4, 1), (3, 2, 1, 5, 4)}
M(A) = 
[[2, 1, 3, 5, 4], [2, 3, 1, 5, 4], [2, 3, 5, 1, 4], [3, 2, 1, 5, 4], [3, 2, 5, 1, 4]]
Distance: 5
B = 
{(5, 1, 3, 2, 4), (2, 5, 3, 1, 4), (1, 4, 3, 2, 5)}
M(B) = 
[[2, 1, 3, 5, 4], [2, 3, 1, 5, 4], [2, 3, 5, 1, 4], [3, 2, 1, 5, 4], [3, 2, 5, 1, 4]]
Distance: 10
M(A) inter A:
set()
M(B) inter B:
{(5, 1, 3, 2, 4)}

AUB = 
{(5, 1, 3, 2, 4), (2, 5, 3, 1, 4), (2, 3, 5, 4, 1), (3, 2, 1, 5, 4), (1, 4, 3, 2, 5), (2, 1, 3, 4, 5)}
M(AUB) = 
[[2, 1, 3, 5, 4], [2, 3, 1, 5, 4], [2, 3, 5, 1, 4], [3, 2, 1, 5, 4], [3, 2, 5, 1, 4]]
Distance:19

(49)
A = 
{(4, 5, 3, 2, 1), (3, 4, 2, 5, 1), (5, 1, 4, 2, 3)}
M(A) = 
[[4, 5, 1, 2, 3], [4, 5, 1, 3, 2], [4, 5, 2, 1, 3], [4, 5, 2, 3, 1], [4, 5, 3, 1, 2], [4, 5, 3, 2, 1], [5, 4, 1, 2, 3], [5, 4, 1, 3, 2], [5, 4, 2, 1, 3], [5, 4, 2, 3, 1], [5, 4, 3, 1, 2], [5, 4, 3, 2, 1]]
Distance: 8
B = 
{(1, 5, 2, 3, 4), (4, 1, 2, 3, 5), (5, 4, 3, 2, 1)}
M(B) = 
[[4, 5, 1, 2, 3], [4, 5, 1, 3, 2], [4, 5, 2, 1, 3], [4, 5, 2, 3, 1], [4, 5, 3, 1, 2], [4, 5, 3, 2, 1], [5, 4, 1, 2, 3], [5, 4, 1, 3, 2], [5, 4, 2, 1, 3], [5, 4, 2, 3, 1], [5, 4, 3, 1, 2], [5, 4, 3, 2, 1]]
Distance: 11
M(A) inter A:
set()
M(B) inter B:
set()

AUB = 
{(4, 1, 2, 3, 5), (1, 5, 2, 3, 4), (4, 5, 3, 2, 1), (3, 4, 2, 5, 1), (5, 1, 4, 2, 3), (5, 4, 3, 2, 1)}
M(AUB) = 
[[4, 5, 1, 2, 3], [4, 5, 1, 3, 2], [4, 5, 2, 1, 3], [4, 5, 2, 3, 1], [4, 5, 3, 1, 2], [4, 5, 3, 2, 1], [5, 4, 1, 2, 3], [5, 4, 1, 3, 2], [5, 4, 2, 1, 3], [5, 4, 2, 3, 1], [5, 4, 3, 1, 2], [5, 4, 3, 2, 1]]
Distance:23

(50)
A = 
{(1, 4, 3, 2, 5), (2, 1, 4, 5, 3), (4, 2, 1, 3, 5)}
M(A) = 
[[4, 2, 1, 5, 3]]
Distance: 6
B = 
{(1, 5, 3, 4, 2), (5, 2, 4, 1, 3), (5, 4, 2, 3, 1)}
M(B) = 
[[4, 2, 1, 5, 3]]
Distance: 7
M(A) inter A:
set()
M(B) inter B:
set()

AUB = 
{(5, 2, 4, 1, 3), (2, 1, 4, 5, 3), (1, 5, 3, 4, 2), (1, 4, 3, 2, 5), (5, 4, 2, 3, 1), (4, 2, 1, 3, 5)}
M(AUB) = 
[[4, 2, 1, 5, 3]]
Distance:21

(51)
A = 
{(1, 5, 3, 4, 2), (1, 3, 5, 4, 2), (3, 1, 5, 4, 2)}
M(A) = 
[[1, 3, 5, 4, 2]]
Distance: 2
B = 
{(1, 3, 4, 2, 5), (2, 5, 1, 4, 3), (1, 3, 2, 5, 4)}
M(B) = 
[[1, 3, 5, 4, 2]]
Distance: 7
M(A) inter A:
set()
M(B) inter B:
{(1, 3, 2, 5, 4)}

AUB = 
{(1, 3, 4, 2, 5), (3, 1, 5, 4, 2), (1, 5, 3, 4, 2), (2, 5, 1, 4, 3), (1, 3, 5, 4, 2), (1, 3, 2, 5, 4)}
M(AUB) = 
[[1, 3, 5, 4, 2]]
Distance:13

(52)
A = 
{(4, 5, 1, 2, 3), (4, 5, 2, 1, 3), (5, 4, 2, 1, 3)}
M(A) = 
[[4, 5, 1, 2, 3], [5, 1, 4, 2, 3], [5, 4, 1, 2, 3]]
Distance: 2
B = 
{(5, 1, 4, 3, 2), (1, 2, 4, 3, 5), (1, 2, 5, 3, 4)}
M(B) = 
[[4, 5, 1, 2, 3], [5, 1, 4, 2, 3], [5, 4, 1, 2, 3]]
Distance: 7
M(A) inter A:
set()
M(B) inter B:
set()

AUB = 
{(4, 5, 1, 2, 3), (4, 5, 2, 1, 3), (5, 4, 2, 1, 3), (1, 2, 5, 3, 4), (1, 2, 4, 3, 5), (5, 1, 4, 3, 2)}
M(AUB) = 
[[4, 5, 1, 2, 3], [5, 1, 4, 2, 3], [5, 4, 1, 2, 3]]
Distance:17

(53)
A = 
{(4, 1, 2, 5, 3), (5, 2, 3, 4, 1), (5, 3, 4, 1, 2)}
M(A) = 
[[2, 5, 3, 4, 1], [5, 3, 4, 1, 2]]
Distance: 9
B = 
{(2, 5, 3, 4, 1), (1, 4, 3, 2, 5), (3, 1, 2, 5, 4)}
M(B) = 
[[2, 5, 3, 4, 1], [5, 3, 4, 1, 2]]
Distance: 9
M(A) inter A:
set()
M(B) inter B:
{(3, 1, 2, 5, 4)}

AUB = 
{(2, 5, 3, 4, 1), (4, 1, 2, 5, 3), (3, 1, 2, 5, 4), (5, 2, 3, 4, 1), (5, 3, 4, 1, 2), (1, 4, 3, 2, 5)}
M(AUB) = 
[[2, 5, 3, 4, 1], [5, 3, 4, 1, 2]]
Distance:25

(54)
A = 
{(2, 1, 4, 3, 5), (1, 4, 5, 3, 2), (1, 2, 3, 5, 4)}
M(A) = 
[[1, 2, 4, 5, 3], [1, 4, 2, 5, 3], [1, 4, 5, 2, 3], [2, 1, 4, 5, 3]]
Distance: 7
B = 
{(4, 5, 2, 1, 3), (2, 4, 5, 1, 3), (1, 4, 5, 2, 3)}
M(B) = 
[[1, 2, 4, 5, 3], [1, 4, 2, 5, 3], [1, 4, 5, 2, 3], [2, 1, 4, 5, 3]]
Distance: 5
M(A) inter A:
set()
M(B) inter B:
{(4, 5, 2, 1, 3)}

AUB = 
{(4, 5, 2, 1, 3), (2, 4, 5, 1, 3), (1, 4, 5, 3, 2), (1, 2, 3, 5, 4), (2, 1, 4, 3, 5), (1, 4, 5, 2, 3)}
M(AUB) = 
[[1, 2, 4, 5, 3], [1, 4, 2, 5, 3], [1, 4, 5, 2, 3], [2, 1, 4, 5, 3]]
Distance:18

(55)
A = 
{(2, 3, 5, 4, 1), (5, 4, 1, 2, 3), (2, 1, 3, 4, 5)}
M(A) = 
[[1, 2, 3, 4, 5], [1, 2, 3, 5, 4], [1, 2, 4, 3, 5], [1, 2, 4, 5, 3], [1, 2, 5, 3, 4], [1, 2, 5, 4, 3], [2, 1, 3, 4, 5], [2, 1, 3, 5, 4], [2, 1, 4, 3, 5], [2, 1, 4, 5, 3], [2, 1, 5, 3, 4], [2, 1, 5, 4, 3], [2, 4, 1, 3, 5], [2, 4, 1, 5, 3], [2, 4, 5, 1, 3], [2, 5, 1, 3, 4], [2, 5, 1, 4, 3], [2, 5, 4, 1, 3]]
Distance: 10
B = 
{(1, 2, 4, 5, 3), (4, 5, 1, 3, 2), (3, 2, 1, 5, 4)}
M(B) = 
[[1, 2, 3, 4, 5], [1, 2, 3, 5, 4], [1, 2, 4, 3, 5], [1, 2, 4, 5, 3], [1, 2, 5, 3, 4], [1, 2, 5, 4, 3], [2, 1, 3, 4, 5], [2, 1, 3, 5, 4], [2, 1, 4, 3, 5], [2, 1, 4, 5, 3], [2, 1, 5, 3, 4], [2, 1, 5, 4, 3], [2, 4, 1, 3, 5], [2, 4, 1, 5, 3], [2, 4, 5, 1, 3], [2, 5, 1, 3, 4], [2, 5, 1, 4, 3], [2, 5, 4, 1, 3]]
Distance: 11
M(A) inter A:
set()
M(B) inter B:
{(1, 2, 4, 5, 3)}

AUB = 
{(5, 4, 1, 2, 3), (2, 3, 5, 4, 1), (3, 2, 1, 5, 4), (4, 5, 1, 3, 2), (2, 1, 3, 4, 5), (1, 2, 4, 5, 3)}
M(AUB) = 
[[1, 2, 3, 4, 5], [1, 2, 3, 5, 4], [1, 2, 4, 3, 5], [1, 2, 4, 5, 3], [1, 2, 5, 3, 4], [1, 2, 5, 4, 3], [2, 1, 3, 4, 5], [2, 1, 3, 5, 4], [2, 1, 4, 3, 5], [2, 1, 4, 5, 3], [2, 1, 5, 3, 4], [2, 1, 5, 4, 3], [2, 4, 1, 3, 5], [2, 4, 1, 5, 3], [2, 4, 5, 1, 3], [2, 5, 1, 3, 4], [2, 5, 1, 4, 3], [2, 5, 4, 1, 3]]
Distance:26

(56)
A = 
{(4, 1, 5, 2, 3), (2, 3, 4, 1, 5), (1, 3, 2, 5, 4)}
M(A) = 
[[1, 3, 5, 2, 4], [1, 3, 5, 4, 2], [1, 5, 2, 3, 4], [1, 5, 2, 4, 3], [1, 5, 3, 2, 4], [1, 5, 3, 4, 2], [1, 5, 4, 2, 3], [1, 5, 4, 3, 2]]
Distance: 10
B = 
{(1, 5, 4, 3, 2), (3, 5, 1, 2, 4), (5, 1, 4, 2, 3)}
M(B) = 
[[1, 3, 5, 2, 4], [1, 3, 5, 4, 2], [1, 5, 2, 3, 4], [1, 5, 2, 4, 3], [1, 5, 3, 2, 4], [1, 5, 3, 4, 2], [1, 5, 4, 2, 3], [1, 5, 4, 3, 2]]
Distance: 6
M(A) inter A:
set()
M(B) inter B:
set()

AUB = 
{(1, 5, 4, 3, 2), (5, 1, 4, 2, 3), (2, 3, 4, 1, 5), (4, 1, 5, 2, 3), (3, 5, 1, 2, 4), (1, 3, 2, 5, 4)}
M(AUB) = 
[[1, 3, 5, 2, 4], [1, 3, 5, 4, 2], [1, 5, 2, 3, 4], [1, 5, 2, 4, 3], [1, 5, 3, 2, 4], [1, 5, 3, 4, 2], [1, 5, 4, 2, 3], [1, 5, 4, 3, 2]]
Distance:23

(57)
A = 
{(4, 1, 3, 5, 2), (5, 2, 4, 3, 1), (2, 1, 4, 3, 5)}
M(A) = 
[[2, 5, 4, 1, 3], [2, 5, 4, 3, 1], [5, 2, 4, 1, 3], [5, 2, 4, 3, 1]]
Distance: 10
B = 
{(2, 3, 5, 4, 1), (5, 2, 3, 4, 1), (2, 5, 1, 4, 3)}
M(B) = 
[[2, 5, 4, 1, 3], [2, 5, 4, 3, 1], [5, 2, 4, 1, 3], [5, 2, 4, 3, 1]]
Distance: 5
M(A) inter A:
set()
M(B) inter B:
set()

AUB = 
{(2, 3, 5, 4, 1), (2, 5, 1, 4, 3), (4, 1, 3, 5, 2), (5, 2, 4, 3, 1), (2, 1, 4, 3, 5), (5, 2, 3, 4, 1)}
M(AUB) = 
[[2, 5, 4, 1, 3], [2, 5, 4, 3, 1], [5, 2, 4, 1, 3], [5, 2, 4, 3, 1]]
Distance:20

(58)
A = 
{(4, 1, 5, 2, 3), (1, 2, 4, 3, 5), (1, 2, 5, 3, 4)}
M(A) = 
[[1, 2, 4, 5, 3]]
Distance: 6
B = 
{(1, 5, 2, 3, 4), (3, 4, 5, 2, 1), (2, 1, 4, 5, 3)}
M(B) = 
[[1, 2, 4, 5, 3]]
Distance: 12
M(A) inter A:
set()
M(B) inter B:
{(1, 5, 2, 3, 4), (2, 1, 4, 5, 3)}

AUB = 
{(1, 5, 2, 3, 4), (2, 1, 4, 5, 3), (1, 2, 5, 3, 4), (4, 1, 5, 2, 3), (1, 2, 4, 3, 5), (3, 4, 5, 2, 1)}
M(AUB) = 
[[1, 2, 4, 5, 3]]
Distance:19

(59)
A = 
{(5, 3, 2, 4, 1), (4, 3, 5, 1, 2), (5, 4, 1, 3, 2)}
M(A) = 
[[5, 4, 1, 3, 2], [5, 4, 3, 1, 2]]
Distance: 6
B = 
{(4, 1, 5, 2, 3), (5, 1, 3, 4, 2), (5, 4, 3, 1, 2)}
M(B) = 
[[5, 4, 1, 3, 2], [5, 4, 3, 1, 2]]
Distance: 6
M(A) inter A:
{(5, 4, 1, 3, 2)}
M(B) inter B:
set()

AUB = 
{(5, 3, 2, 4, 1), (5, 1, 3, 4, 2), (4, 3, 5, 1, 2), (5, 4, 3, 1, 2), (5, 4, 1, 3, 2), (4, 1, 5, 2, 3)}
M(AUB) = 
[[5, 4, 1, 3, 2], [5, 4, 3, 1, 2]]
Distance:13

(60)
A = 
{(5, 3, 4, 2, 1), (3, 1, 5, 4, 2), (4, 1, 3, 5, 2)}
M(A) = 
[[3, 5, 4, 2, 1]]
Distance: 8
B = 
{(2, 3, 5, 1, 4), (5, 4, 2, 3, 1), (3, 5, 2, 1, 4)}
M(B) = 
[[3, 5, 4, 2, 1]]
Distance: 7
M(A) inter A:
set()
M(B) inter B:
{(2, 3, 5, 1, 4), (3, 5, 2, 1, 4)}

AUB = 
{(5, 3, 4, 2, 1), (2, 3, 5, 1, 4), (3, 1, 5, 4, 2), (3, 5, 2, 1, 4), (5, 4, 2, 3, 1), (4, 1, 3, 5, 2)}
M(AUB) = 
[[3, 5, 4, 2, 1]]
Distance:18

(61)
A = 
{(2, 4, 3, 5, 1), (4, 1, 3, 5, 2), (5, 4, 3, 1, 2)}
M(A) = 
[[4, 1, 3, 2, 5]]
Distance: 8
B = 
{(1, 3, 4, 2, 5), (4, 1, 3, 5, 2), (2, 5, 1, 4, 3)}
M(B) = 
[[4, 1, 3, 2, 5]]
Distance: 9
M(A) inter A:
set()
M(B) inter B:
set()

AUB = 
{(1, 3, 4, 2, 5), (5, 4, 3, 1, 2), (2, 5, 1, 4, 3), (2, 4, 3, 5, 1), (4, 1, 3, 5, 2)}
M(AUB) = 
[[4, 1, 3, 2, 5]]
Distance:20

(62)
A = 
{(1, 5, 2, 3, 4), (3, 5, 1, 4, 2), (4, 2, 3, 5, 1)}
M(A) = 
[[1, 3, 4, 2, 5], [1, 4, 2, 3, 5], [1, 4, 3, 2, 5], [4, 1, 2, 3, 5], [4, 1, 3, 2, 5]]
Distance: 11
B = 
{(4, 1, 3, 2, 5), (1, 3, 2, 5, 4), (4, 2, 1, 3, 5)}
M(B) = 
[[1, 3, 4, 2, 5], [1, 4, 2, 3, 5], [1, 4, 3, 2, 5], [4, 1, 2, 3, 5], [4, 1, 3, 2, 5]]
Distance: 6
M(A) inter A:
set()
M(B) inter B:
{(4, 1, 3, 2, 5)}

AUB = 
{(4, 1, 3, 2, 5), (4, 2, 1, 3, 5), (1, 5, 2, 3, 4), (1, 3, 2, 5, 4), (3, 5, 1, 4, 2), (4, 2, 3, 5, 1)}
M(AUB) = 
[[1, 3, 4, 2, 5], [1, 4, 2, 3, 5], [1, 4, 3, 2, 5], [4, 1, 2, 3, 5], [4, 1, 3, 2, 5]]
Distance:23

(63)
A = 
{(2, 5, 3, 4, 1), (4, 5, 3, 1, 2), (5, 2, 3, 1, 4)}
M(A) = 
[[5, 2, 3, 1, 4], [5, 2, 3, 4, 1], [5, 3, 1, 2, 4], [5, 3, 2, 1, 4], [5, 3, 2, 4, 1]]
Distance: 7
B = 
{(3, 5, 4, 1, 2), (5, 2, 1, 4, 3), (3, 1, 5, 2, 4)}
M(B) = 
[[5, 2, 3, 1, 4], [5, 2, 3, 4, 1], [5, 3, 1, 2, 4], [5, 3, 2, 1, 4], [5, 3, 2, 4, 1]]
Distance: 8
M(A) inter A:
set()
M(B) inter B:
set()

AUB = 
{(5, 2, 1, 4, 3), (4, 5, 3, 1, 2), (5, 2, 3, 1, 4), (3, 1, 5, 2, 4), (2, 5, 3, 4, 1), (3, 5, 4, 1, 2)}
M(AUB) = 
[[5, 2, 3, 1, 4], [5, 2, 3, 4, 1], [5, 3, 1, 2, 4], [5, 3, 2, 1, 4], [5, 3, 2, 4, 1]]
Distance:19

(64)
A = 
{(3, 5, 4, 2, 1), (5, 2, 3, 4, 1), (2, 5, 4, 3, 1)}
M(A) = 
[[2, 5, 3, 4, 1], [2, 5, 4, 3, 1], [5, 2, 3, 4, 1], [5, 2, 4, 3, 1], [5, 3, 2, 4, 1], [5, 3, 4, 2, 1], [5, 4, 2, 3, 1], [5, 4, 3, 2, 1]]
Distance: 5
B = 
{(3, 2, 5, 4, 1), (4, 2, 1, 5, 3), (5, 4, 3, 1, 2)}
M(B) = 
[[2, 5, 3, 4, 1], [2, 5, 4, 3, 1], [5, 2, 3, 4, 1], [5, 2, 4, 3, 1], [5, 3, 2, 4, 1], [5, 3, 4, 2, 1], [5, 4, 2, 3, 1], [5, 4, 3, 2, 1]]
Distance: 10
M(A) inter A:
set()
M(B) inter B:
set()

AUB = 
{(3, 5, 4, 2, 1), (2, 5, 4, 3, 1), (5, 4, 3, 1, 2), (4, 2, 1, 5, 3), (5, 2, 3, 4, 1), (3, 2, 5, 4, 1)}
M(AUB) = 
[[2, 5, 3, 4, 1], [2, 5, 4, 3, 1], [5, 2, 3, 4, 1], [5, 2, 4, 3, 1], [5, 3, 2, 4, 1], [5, 3, 4, 2, 1], [5, 4, 2, 3, 1], [5, 4, 3, 2, 1]]
Distance:18

(65)
A = 
{(2, 1, 5, 3, 4), (4, 5, 1, 3, 2), (4, 2, 3, 5, 1)}
M(A) = 
[[2, 4, 1, 5, 3], [2, 4, 5, 1, 3], [2, 5, 4, 1, 3], [4, 1, 2, 5, 3], [4, 2, 1, 5, 3], [4, 2, 5, 1, 3]]
Distance: 10
B = 
{(4, 1, 2, 5, 3), (5, 2, 3, 4, 1), (1, 3, 2, 5, 4)}
M(B) = 
[[2, 4, 1, 5, 3], [2, 4, 5, 1, 3], [2, 5, 4, 1, 3], [4, 1, 2, 5, 3], [4, 2, 1, 5, 3], [4, 2, 5, 1, 3]]
Distance: 11
M(A) inter A:
set()
M(B) inter B:
set()

AUB = 
{(4, 1, 2, 5, 3), (4, 5, 1, 3, 2), (2, 1, 5, 3, 4), (5, 2, 3, 4, 1), (1, 3, 2, 5, 4), (4, 2, 3, 5, 1)}
M(AUB) = 
[[2, 4, 1, 5, 3], [2, 4, 5, 1, 3], [2, 5, 4, 1, 3], [4, 1, 2, 5, 3], [4, 2, 1, 5, 3], [4, 2, 5, 1, 3]]
Distance:25

(66)
A = 
{(2, 1, 3, 5, 4), (2, 4, 1, 5, 3), (2, 3, 5, 4, 1)}
M(A) = 
[[2, 1, 3, 5, 4], [2, 1, 5, 3, 4], [2, 5, 1, 3, 4]]
Distance: 7
B = 
{(5, 3, 4, 2, 1), (1, 3, 2, 5, 4), (5, 2, 1, 3, 4)}
M(B) = 
[[2, 1, 3, 5, 4], [2, 1, 5, 3, 4], [2, 5, 1, 3, 4]]
Distance: 9
M(A) inter A:
set()
M(B) inter B:
{(5, 2, 1, 3, 4)}

AUB = 
{(5, 3, 4, 2, 1), (2, 4, 1, 5, 3), (2, 3, 5, 4, 1), (5, 2, 1, 3, 4), (2, 1, 3, 5, 4), (1, 3, 2, 5, 4)}
M(AUB) = 
[[2, 1, 3, 5, 4], [2, 1, 5, 3, 4], [2, 5, 1, 3, 4]]
Distance:19

(67)
A = 
{(1, 3, 4, 2, 5), (1, 2, 4, 3, 5), (4, 2, 5, 3, 1)}
M(A) = 
[[1, 4, 2, 5, 3], [4, 1, 2, 5, 3]]
Distance: 8
B = 
{(2, 1, 5, 3, 4), (4, 1, 5, 2, 3), (5, 4, 3, 1, 2)}
M(B) = 
[[1, 4, 2, 5, 3], [4, 1, 2, 5, 3]]
Distance: 10
M(A) inter A:
set()
M(B) inter B:
{(4, 1, 5, 2, 3)}

AUB = 
{(1, 3, 4, 2, 5), (4, 1, 5, 2, 3), (5, 4, 3, 1, 2), (2, 1, 5, 3, 4), (1, 2, 4, 3, 5), (4, 2, 5, 3, 1)}
M(AUB) = 
[[1, 4, 2, 5, 3], [4, 1, 2, 5, 3]]
Distance:21

(68)
A = 
{(4, 5, 3, 2, 1), (2, 4, 1, 5, 3), (2, 5, 1, 4, 3)}
M(A) = 
[[2, 4, 5, 1, 3], [4, 2, 5, 1, 3], [4, 5, 2, 1, 3]]
Distance: 7
B = 
{(4, 5, 1, 2, 3), (2, 3, 1, 5, 4), (4, 5, 2, 1, 3)}
M(B) = 
[[2, 4, 5, 1, 3], [4, 2, 5, 1, 3], [4, 5, 2, 1, 3]]
Distance: 9
M(A) inter A:
set()
M(B) inter B:
{(4, 5, 2, 1, 3)}

AUB = 
{(4, 5, 1, 2, 3), (2, 3, 1, 5, 4), (2, 4, 1, 5, 3), (4, 5, 3, 2, 1), (2, 5, 1, 4, 3), (4, 5, 2, 1, 3)}
M(AUB) = 
[[2, 4, 5, 1, 3], [4, 2, 5, 1, 3], [4, 5, 2, 1, 3]]
Distance:18

(69)
A = 
{(5, 1, 3, 4, 2), (3, 1, 5, 4, 2), (3, 5, 1, 4, 2)}
M(A) = 
[[1, 3, 5, 4, 2]]
Distance: 3
B = 
{(4, 1, 3, 2, 5), (5, 1, 2, 3, 4), (1, 2, 3, 5, 4)}
M(B) = 
[[1, 3, 5, 4, 2]]
Distance: 8
M(A) inter A:
set()
M(B) inter B:
{(1, 2, 3, 5, 4)}

AUB = 
{(5, 1, 3, 4, 2), (4, 1, 3, 2, 5), (3, 1, 5, 4, 2), (1, 2, 3, 5, 4), (5, 1, 2, 3, 4), (3, 5, 1, 4, 2)}
M(AUB) = 
[[1, 3, 5, 4, 2]]
Distance:16

(70)
A = 
{(2, 3, 1, 5, 4), (2, 5, 1, 3, 4), (1, 3, 4, 5, 2)}
M(A) = 
[[1, 2, 3, 4, 5], [1, 2, 3, 5, 4], [2, 1, 3, 4, 5], [2, 1, 3, 5, 4]]
Distance: 8
B = 
{(4, 1, 2, 5, 3), (1, 4, 2, 3, 5), (2, 3, 5, 4, 1)}
M(B) = 
[[1, 2, 3, 4, 5], [1, 2, 3, 5, 4], [2, 1, 3, 4, 5], [2, 1, 3, 5, 4]]
Distance: 8
M(A) inter A:
set()
M(B) inter B:
set()

AUB = 
{(2, 3, 1, 5, 4), (2, 5, 1, 3, 4), (2, 3, 5, 4, 1), (4, 1, 2, 5, 3), (1, 4, 2, 3, 5), (1, 3, 4, 5, 2)}
M(AUB) = 
[[1, 2, 3, 4, 5], [1, 2, 3, 5, 4], [2, 1, 3, 4, 5], [2, 1, 3, 5, 4]]
Distance:21

(71)
A = 
{(1, 4, 3, 2, 5), (3, 5, 1, 4, 2), (1, 2, 3, 4, 5)}
M(A) = 
[[3, 1, 2, 5, 4], [3, 1, 5, 2, 4], [3, 5, 1, 2, 4]]
Distance: 7
B = 
{(2, 3, 5, 1, 4), (3, 5, 2, 1, 4), (3, 1, 5, 2, 4)}
M(B) = 
[[3, 1, 2, 5, 4], [3, 1, 5, 2, 4], [3, 5, 1, 2, 4]]
Distance: 4
M(A) inter A:
set()
M(B) inter B:
{(3, 5, 2, 1, 4)}

AUB = 
{(2, 3, 5, 1, 4), (3, 1, 5, 2, 4), (3, 5, 2, 1, 4), (1, 4, 3, 2, 5), (3, 5, 1, 4, 2), (1, 2, 3, 4, 5)}
M(AUB) = 
[[3, 1, 2, 5, 4], [3, 1, 5, 2, 4], [3, 5, 1, 2, 4]]
Distance:17

(72)
A = 
{(5, 3, 4, 2, 1), (1, 2, 4, 5, 3), (3, 5, 4, 1, 2)}
M(A) = 
[[3, 5, 2, 4, 1], [5, 3, 2, 4, 1]]
Distance: 10
B = 
{(3, 2, 4, 1, 5), (3, 5, 2, 1, 4), (5, 2, 3, 4, 1)}
M(B) = 
[[3, 5, 2, 4, 1], [5, 3, 2, 4, 1]]
Distance: 6
M(A) inter A:
set()
M(B) inter B:
set()

AUB = 
{(5, 3, 4, 2, 1), (1, 2, 4, 5, 3), (3, 5, 2, 1, 4), (3, 2, 4, 1, 5), (3, 5, 4, 1, 2), (5, 2, 3, 4, 1)}
M(AUB) = 
[[3, 5, 2, 4, 1], [5, 3, 2, 4, 1]]
Distance:19

(73)
A = 
{(4, 3, 5, 2, 1), (4, 3, 2, 1, 5), (5, 2, 3, 1, 4)}
M(A) = 
[[2, 5, 1, 4, 3]]
Distance: 8
B = 
{(2, 5, 1, 3, 4), (2, 1, 4, 3, 5), (2, 5, 1, 4, 3)}
M(B) = 
[[2, 5, 1, 4, 3]]
Distance: 4
M(A) inter A:
set()
M(B) inter B:
{(2, 5, 1, 4, 3)}

AUB = 
{(2, 5, 1, 3, 4), (4, 3, 2, 1, 5), (5, 2, 3, 1, 4), (4, 3, 5, 2, 1), (2, 5, 1, 4, 3), (2, 1, 4, 3, 5)}
M(AUB) = 
[[2, 5, 1, 4, 3]]
Distance:21

(74)
A = 
{(2, 4, 1, 3, 5), (2, 4, 3, 1, 5), (5, 2, 1, 3, 4)}
M(A) = 
[[2, 1, 3, 4, 5], [2, 1, 4, 3, 5], [2, 4, 1, 3, 5]]
Distance: 7
B = 
{(2, 1, 4, 5, 3), (2, 1, 3, 4, 5), (3, 4, 1, 5, 2)}
M(B) = 
[[2, 1, 3, 4, 5], [2, 1, 4, 3, 5], [2, 4, 1, 3, 5]]
Distance: 8
M(A) inter A:
set()
M(B) inter B:
{(2, 1, 3, 4, 5)}

AUB = 
{(2, 1, 4, 5, 3), (3, 4, 1, 5, 2), (5, 2, 1, 3, 4), (2, 4, 1, 3, 5), (2, 1, 3, 4, 5), (2, 4, 3, 1, 5)}
M(AUB) = 
[[2, 1, 3, 4, 5], [2, 1, 4, 3, 5], [2, 4, 1, 3, 5]]
Distance:17

(75)
A = 
{(3, 1, 2, 4, 5), (1, 5, 3, 4, 2), (2, 5, 4, 1, 3)}
M(A) = 
[[1, 3, 2, 4, 5], [1, 3, 2, 5, 4], [1, 3, 4, 2, 5], [3, 1, 2, 4, 5], [3, 1, 2, 5, 4], [3, 1, 4, 2, 5], [3, 4, 1, 2, 5]]
Distance: 11
B = 
{(2, 5, 1, 3, 4), (4, 3, 1, 2, 5), (3, 4, 1, 5, 2)}
M(B) = 
[[1, 3, 2, 4, 5], [1, 3, 2, 5, 4], [1, 3, 4, 2, 5], [3, 1, 2, 4, 5], [3, 1, 2, 5, 4], [3, 1, 4, 2, 5], [3, 4, 1, 2, 5]]
Distance: 10
M(A) inter A:
set()
M(B) inter B:
set()

AUB = 
{(2, 5, 1, 3, 4), (1, 5, 3, 4, 2), (4, 3, 1, 2, 5), (3, 4, 1, 5, 2), (3, 1, 2, 4, 5), (2, 5, 4, 1, 3)}
M(AUB) = 
[[1, 3, 2, 4, 5], [1, 3, 2, 5, 4], [1, 3, 4, 2, 5], [3, 1, 2, 4, 5], [3, 1, 2, 5, 4], [3, 1, 4, 2, 5], [3, 4, 1, 2, 5]]
Distance:25

(76)
A = 
{(5, 4, 3, 2, 1), (5, 3, 1, 4, 2), (1, 4, 3, 5, 2)}
M(A) = 
[[5, 1, 4, 3, 2], [5, 4, 1, 3, 2], [5, 4, 3, 1, 2], [5, 4, 3, 2, 1]]
Distance: 8
B = 
{(4, 5, 2, 1, 3), (5, 2, 1, 4, 3), (3, 5, 4, 1, 2)}
M(B) = 
[[5, 1, 4, 3, 2], [5, 4, 1, 3, 2], [5, 4, 3, 1, 2], [5, 4, 3, 2, 1]]
Distance: 8
M(A) inter A:
set()
M(B) inter B:
set()

AUB = 
{(4, 5, 2, 1, 3), (5, 2, 1, 4, 3), (1, 4, 3, 5, 2), (3, 5, 4, 1, 2), (5, 4, 3, 2, 1), (5, 3, 1, 4, 2)}
M(AUB) = 
[[5, 1, 4, 3, 2], [5, 4, 1, 3, 2], [5, 4, 3, 1, 2], [5, 4, 3, 2, 1]]
Distance:19

(77)
A = 
{(4, 5, 1, 3, 2), (2, 3, 1, 4, 5), (5, 2, 3, 1, 4)}
M(A) = 
[[1, 5, 3, 4, 2], [5, 1, 3, 4, 2], [5, 3, 1, 4, 2]]
Distance: 11
B = 
{(1, 5, 3, 4, 2), (3, 5, 1, 4, 2), (1, 4, 5, 3, 2)}
M(B) = 
[[1, 5, 3, 4, 2], [5, 1, 3, 4, 2], [5, 3, 1, 4, 2]]
Distance: 5
M(A) inter A:
set()
M(B) inter B:
{(1, 5, 3, 4, 2)}

AUB = 
{(2, 3, 1, 4, 5), (1, 4, 5, 3, 2), (5, 2, 3, 1, 4), (1, 5, 3, 4, 2), (4, 5, 1, 3, 2), (3, 5, 1, 4, 2)}
M(AUB) = 
[[1, 5, 3, 4, 2], [5, 1, 3, 4, 2], [5, 3, 1, 4, 2]]
Distance:21

(78)
A = 
{(4, 3, 1, 2, 5), (1, 4, 5, 2, 3), (5, 4, 1, 3, 2)}
M(A) = 
[[4, 5, 1, 3, 2]]
Distance: 7
B = 
{(4, 5, 1, 3, 2), (1, 4, 5, 2, 3), (3, 5, 1, 2, 4)}
M(B) = 
[[4, 5, 1, 3, 2]]
Distance: 9
M(A) inter A:
set()
M(B) inter B:
{(4, 5, 1, 3, 2)}

AUB = 
{(1, 4, 5, 2, 3), (4, 5, 1, 3, 2), (5, 4, 1, 3, 2), (4, 3, 1, 2, 5), (3, 5, 1, 2, 4)}
M(AUB) = 
[[4, 5, 1, 3, 2]]
Distance:14

(79)
A = 
{(1, 5, 3, 2, 4), (1, 3, 2, 4, 5), (1, 2, 4, 3, 5)}
M(A) = 
[[1, 3, 2, 4, 5]]
Distance: 5
B = 
{(4, 1, 3, 2, 5), (2, 4, 5, 3, 1), (3, 4, 5, 2, 1)}
M(B) = 
[[1, 3, 2, 4, 5]]
Distance: 8
M(A) inter A:
set()
M(B) inter B:
set()

AUB = 
{(1, 3, 2, 4, 5), (4, 1, 3, 2, 5), (3, 4, 5, 2, 1), (1, 5, 3, 2, 4), (1, 2, 4, 3, 5), (2, 4, 5, 3, 1)}
M(AUB) = 
[[1, 3, 2, 4, 5]]
Distance:21

(80)
A = 
{(3, 1, 2, 4, 5), (5, 4, 1, 2, 3), (2, 5, 4, 3, 1)}
M(A) = 
[[4, 1, 2, 3, 5], [4, 1, 2, 5, 3], [4, 1, 3, 2, 5], [4, 1, 3, 5, 2], [4, 1, 5, 2, 3], [4, 1, 5, 3, 2], [4, 3, 1, 2, 5], [4, 3, 1, 5, 2], [4, 3, 5, 1, 2], [4, 5, 1, 2, 3], [4, 5, 1, 3, 2], [4, 5, 3, 1, 2]]
Distance: 11
B = 
{(1, 3, 4, 5, 2), (4, 3, 1, 5, 2), (4, 2, 5, 1, 3)}
M(B) = 
[[4, 1, 2, 3, 5], [4, 1, 2, 5, 3], [4, 1, 3, 2, 5], [4, 1, 3, 5, 2], [4, 1, 5, 2, 3], [4, 1, 5, 3, 2], [4, 3, 1, 2, 5], [4, 3, 1, 5, 2], [4, 3, 5, 1, 2], [4, 5, 1, 2, 3], [4, 5, 1, 3, 2], [4, 5, 3, 1, 2]]
Distance: 8
M(A) inter A:
set()
M(B) inter B:
set()

AUB = 
{(5, 4, 1, 2, 3), (2, 5, 4, 3, 1), (4, 2, 5, 1, 3), (3, 1, 2, 4, 5), (4, 3, 1, 5, 2), (1, 3, 4, 5, 2)}
M(AUB) = 
[[4, 1, 2, 3, 5], [4, 1, 2, 5, 3], [4, 1, 3, 2, 5], [4, 1, 3, 5, 2], [4, 1, 5, 2, 3], [4, 1, 5, 3, 2], [4, 3, 1, 2, 5], [4, 3, 1, 5, 2], [4, 3, 5, 1, 2], [4, 5, 1, 2, 3], [4, 5, 1, 3, 2], [4, 5, 3, 1, 2]]
Distance:25

(81)
A = 
{(5, 3, 2, 4, 1), (1, 2, 3, 4, 5), (1, 2, 3, 5, 4)}
M(A) = 
[[1, 2, 3, 4, 5], [1, 2, 3, 5, 4], [1, 2, 4, 3, 5], [1, 2, 4, 5, 3], [1, 2, 5, 3, 4], [1, 2, 5, 4, 3], [1, 3, 2, 4, 5], [1, 3, 2, 5, 4], [1, 3, 4, 2, 5], [1, 3, 4, 5, 2], [1, 3, 5, 2, 4], [1, 3, 5, 4, 2], [1, 4, 2, 3, 5], [1, 4, 2, 5, 3], [1, 4, 3, 2, 5], [1, 4, 3, 5, 2], [1, 4, 5, 2, 3], [1, 4, 5, 3, 2], [1, 5, 2, 3, 4], [1, 5, 2, 4, 3], [1, 5, 3, 2, 4], [1, 5, 3, 4, 2], [1, 5, 4, 2, 3], [1, 5, 4, 3, 2], [2, 1, 3, 4, 5], [2, 1, 3, 5, 4], [2, 1, 4, 3, 5], [2, 1, 4, 5, 3], [2, 1, 5, 3, 4], [2, 1, 5, 4, 3], [2, 3, 1, 4, 5], [2, 3, 1, 5, 4], [2, 3, 4, 1, 5], [2, 4, 1, 3, 5], [2, 4, 1, 5, 3], [2, 4, 3, 1, 5], [3, 1, 2, 4, 5], [3, 1, 2, 5, 4], [3, 1, 4, 2, 5], [3, 1, 4, 5, 2], [3, 1, 5, 2, 4], [3, 1, 5, 4, 2], [3, 2, 1, 4, 5], [3, 2, 1, 5, 4], [3, 2, 4, 1, 5], [3, 4, 1, 2, 5], [3, 4, 1, 5, 2], [3, 4, 2, 1, 5], [4, 1, 2, 3, 5], [4, 1, 2, 5, 3], [4, 1, 3, 2, 5], [4, 1, 3, 5, 2], [4, 1, 5, 2, 3], [4, 1, 5, 3, 2], [4, 2, 1, 3, 5], [4, 2, 1, 5, 3], [4, 2, 3, 1, 5], [4, 3, 1, 2, 5], [4, 3, 1, 5, 2], [4, 3, 2, 1, 5]]
Distance: 8
B = 
{(1, 5, 4, 3, 2), (4, 5, 3, 2, 1), (4, 2, 3, 1, 5)}
M(B) = 
[[1, 2, 3, 4, 5], [1, 2, 3, 5, 4], [1, 2, 4, 3, 5], [1, 2, 4, 5, 3], [1, 2, 5, 3, 4], [1, 2, 5, 4, 3], [1, 3, 2, 4, 5], [1, 3, 2, 5, 4], [1, 3, 4, 2, 5], [1, 3, 4, 5, 2], [1, 3, 5, 2, 4], [1, 3, 5, 4, 2], [1, 4, 2, 3, 5], [1, 4, 2, 5, 3], [1, 4, 3, 2, 5], [1, 4, 3, 5, 2], [1, 4, 5, 2, 3], [1, 4, 5, 3, 2], [1, 5, 2, 3, 4], [1, 5, 2, 4, 3], [1, 5, 3, 2, 4], [1, 5, 3, 4, 2], [1, 5, 4, 2, 3], [1, 5, 4, 3, 2], [2, 1, 3, 4, 5], [2, 1, 3, 5, 4], [2, 1, 4, 3, 5], [2, 1, 4, 5, 3], [2, 1, 5, 3, 4], [2, 1, 5, 4, 3], [2, 3, 1, 4, 5], [2, 3, 1, 5, 4], [2, 3, 4, 1, 5], [2, 4, 1, 3, 5], [2, 4, 1, 5, 3], [2, 4, 3, 1, 5], [3, 1, 2, 4, 5], [3, 1, 2, 5, 4], [3, 1, 4, 2, 5], [3, 1, 4, 5, 2], [3, 1, 5, 2, 4], [3, 1, 5, 4, 2], [3, 2, 1, 4, 5], [3, 2, 1, 5, 4], [3, 2, 4, 1, 5], [3, 4, 1, 2, 5], [3, 4, 1, 5, 2], [3, 4, 2, 1, 5], [4, 1, 2, 3, 5], [4, 1, 2, 5, 3], [4, 1, 3, 2, 5], [4, 1, 3, 5, 2], [4, 1, 5, 2, 3], [4, 1, 5, 3, 2], [4, 2, 1, 3, 5], [4, 2, 1, 5, 3], [4, 2, 3, 1, 5], [4, 3, 1, 2, 5], [4, 3, 1, 5, 2], [4, 3, 2, 1, 5]]
Distance: 9
M(A) inter A:
set()
M(B) inter B:
{(4, 5, 3, 2, 1)}

AUB = 
{(5, 3, 2, 4, 1), (4, 5, 3, 2, 1), (1, 2, 3, 5, 4), (1, 5, 4, 3, 2), (1, 2, 3, 4, 5), (4, 2, 3, 1, 5)}
M(AUB) = 
[[1, 2, 3, 4, 5], [1, 2, 3, 5, 4], [1, 2, 4, 3, 5], [1, 2, 4, 5, 3], [1, 2, 5, 3, 4], [1, 2, 5, 4, 3], [1, 3, 2, 4, 5], [1, 3, 2, 5, 4], [1, 3, 4, 2, 5], [1, 3, 4, 5, 2], [1, 3, 5, 2, 4], [1, 3, 5, 4, 2], [1, 4, 2, 3, 5], [1, 4, 2, 5, 3], [1, 4, 3, 2, 5], [1, 4, 3, 5, 2], [1, 4, 5, 2, 3], [1, 4, 5, 3, 2], [1, 5, 2, 3, 4], [1, 5, 2, 4, 3], [1, 5, 3, 2, 4], [1, 5, 3, 4, 2], [1, 5, 4, 2, 3], [1, 5, 4, 3, 2], [2, 1, 3, 4, 5], [2, 1, 3, 5, 4], [2, 1, 4, 3, 5], [2, 1, 4, 5, 3], [2, 1, 5, 3, 4], [2, 1, 5, 4, 3], [2, 3, 1, 4, 5], [2, 3, 1, 5, 4], [2, 3, 4, 1, 5], [2, 4, 1, 3, 5], [2, 4, 1, 5, 3], [2, 4, 3, 1, 5], [3, 1, 2, 4, 5], [3, 1, 2, 5, 4], [3, 1, 4, 2, 5], [3, 1, 4, 5, 2], [3, 1, 5, 2, 4], [3, 1, 5, 4, 2], [3, 2, 1, 4, 5], [3, 2, 1, 5, 4], [3, 2, 4, 1, 5], [3, 4, 1, 2, 5], [3, 4, 1, 5, 2], [3, 4, 2, 1, 5], [4, 1, 2, 3, 5], [4, 1, 2, 5, 3], [4, 1, 3, 2, 5], [4, 1, 3, 5, 2], [4, 1, 5, 2, 3], [4, 1, 5, 3, 2], [4, 2, 1, 3, 5], [4, 2, 1, 5, 3], [4, 2, 3, 1, 5], [4, 3, 1, 2, 5], [4, 3, 1, 5, 2], [4, 3, 2, 1, 5]]
Distance:29

(82)
A = 
{(3, 5, 4, 2, 1), (4, 5, 1, 2, 3), (4, 3, 5, 1, 2)}
M(A) = 
[[4, 3, 5, 1, 2]]
Distance: 6
B = 
{(4, 3, 2, 1, 5), (4, 3, 1, 5, 2), (4, 3, 5, 1, 2)}
M(B) = 
[[4, 3, 5, 1, 2]]
Distance: 3
M(A) inter A:
set()
M(B) inter B:
{(4, 3, 1, 5, 2)}

AUB = 
{(3, 5, 4, 2, 1), (4, 5, 1, 2, 3), (4, 3, 5, 1, 2), (4, 3, 2, 1, 5), (4, 3, 1, 5, 2)}
M(AUB) = 
[[4, 3, 5, 1, 2]]
Distance:10

(83)
A = 
{(5, 1, 4, 3, 2), (1, 3, 5, 2, 4), (5, 2, 1, 3, 4)}
M(A) = 
[[1, 5, 4, 2, 3], [1, 5, 4, 3, 2], [5, 1, 4, 2, 3], [5, 1, 4, 3, 2]]
Distance: 6
B = 
{(1, 4, 5, 2, 3), (4, 2, 3, 1, 5), (5, 4, 3, 1, 2)}
M(B) = 
[[1, 5, 4, 2, 3], [1, 5, 4, 3, 2], [5, 1, 4, 2, 3], [5, 1, 4, 3, 2]]
Distance: 9
M(A) inter A:
set()
M(B) inter B:
set()

AUB = 
{(5, 1, 4, 3, 2), (1, 4, 5, 2, 3), (5, 4, 3, 1, 2), (5, 2, 1, 3, 4), (1, 3, 5, 2, 4), (4, 2, 3, 1, 5)}
M(AUB) = 
[[1, 5, 4, 2, 3], [1, 5, 4, 3, 2], [5, 1, 4, 2, 3], [5, 1, 4, 3, 2]]
Distance:21

(84)
A = 
{(2, 3, 1, 4, 5), (3, 2, 4, 1, 5), (4, 1, 3, 5, 2)}
M(A) = 
[[2, 3, 4, 1, 5], [2, 3, 4, 5, 1], [2, 3, 5, 4, 1], [3, 2, 4, 1, 5], [3, 2, 4, 5, 1], [3, 2, 5, 4, 1], [3, 5, 2, 4, 1]]
Distance: 7
B = 
{(5, 1, 3, 4, 2), (5, 2, 3, 4, 1), (2, 3, 5, 4, 1)}
M(B) = 
[[2, 3, 4, 1, 5], [2, 3, 4, 5, 1], [2, 3, 5, 4, 1], [3, 2, 4, 1, 5], [3, 2, 4, 5, 1], [3, 2, 5, 4, 1], [3, 5, 2, 4, 1]]
Distance: 7
M(A) inter A:
set()
M(B) inter B:
{(5, 2, 3, 4, 1)}

AUB = 
{(5, 1, 3, 4, 2), (2, 3, 1, 4, 5), (2, 3, 5, 4, 1), (3, 2, 4, 1, 5), (4, 1, 3, 5, 2), (5, 2, 3, 4, 1)}
M(AUB) = 
[[2, 3, 4, 1, 5], [2, 3, 4, 5, 1], [2, 3, 5, 4, 1], [3, 2, 4, 1, 5], [3, 2, 4, 5, 1], [3, 2, 5, 4, 1], [3, 5, 2, 4, 1]]
Distance:23

(85)
A = 
{(2, 3, 1, 5, 4), (3, 1, 2, 4, 5), (3, 2, 4, 1, 5)}
M(A) = 
[[2, 3, 1, 4, 5], [2, 3, 4, 1, 5], [2, 4, 3, 1, 5], [3, 2, 1, 4, 5], [3, 2, 4, 1, 5], [3, 4, 2, 1, 5], [4, 2, 3, 1, 5], [4, 3, 2, 1, 5]]
Distance: 4
B = 
{(4, 5, 2, 1, 3), (1, 4, 5, 3, 2), (4, 2, 5, 3, 1)}
M(B) = 
[[2, 3, 1, 4, 5], [2, 3, 4, 1, 5], [2, 4, 3, 1, 5], [3, 2, 1, 4, 5], [3, 2, 4, 1, 5], [3, 4, 2, 1, 5], [4, 2, 3, 1, 5], [4, 3, 2, 1, 5]]
Distance: 6
M(A) inter A:
set()
M(B) inter B:
{(4, 5, 2, 1, 3)}

AUB = 
{(2, 3, 1, 5, 4), (4, 5, 2, 1, 3), (1, 4, 5, 3, 2), (3, 1, 2, 4, 5), (3, 2, 4, 1, 5), (4, 2, 5, 3, 1)}
M(AUB) = 
[[2, 3, 1, 4, 5], [2, 3, 4, 1, 5], [2, 4, 3, 1, 5], [3, 2, 1, 4, 5], [3, 2, 4, 1, 5], [3, 4, 2, 1, 5], [4, 2, 3, 1, 5], [4, 3, 2, 1, 5]]
Distance:24

(86)
A = 
{(5, 1, 3, 2, 4), (2, 4, 5, 3, 1), (3, 2, 1, 5, 4)}
M(A) = 
[[5, 3, 2, 1, 4], [5, 3, 2, 4, 1], [5, 3, 4, 2, 1], [5, 4, 3, 2, 1]]
Distance: 10
B = 
{(4, 5, 2, 3, 1), (5, 4, 3, 2, 1), (3, 5, 1, 4, 2)}
M(B) = 
[[5, 3, 2, 1, 4], [5, 3, 2, 4, 1], [5, 3, 4, 2, 1], [5, 4, 3, 2, 1]]
Distance: 6
M(A) inter A:
set()
M(B) inter B:
{(5, 4, 3, 2, 1)}

AUB = 
{(5, 1, 3, 2, 4), (3, 2, 1, 5, 4), (4, 5, 2, 3, 1), (2, 4, 5, 3, 1), (3, 5, 1, 4, 2), (5, 4, 3, 2, 1)}
M(AUB) = 
[[5, 3, 2, 1, 4], [5, 3, 2, 4, 1], [5, 3, 4, 2, 1], [5, 4, 3, 2, 1]]
Distance:21

(87)
A = 
{(4, 5, 3, 2, 1), (3, 2, 1, 4, 5), (2, 4, 3, 5, 1)}
M(A) = 
[[2, 3, 4, 5, 1], [2, 4, 3, 5, 1], [3, 2, 4, 5, 1], [3, 4, 2, 5, 1], [3, 4, 5, 2, 1], [4, 2, 3, 5, 1], [4, 3, 2, 5, 1], [4, 3, 5, 2, 1]]
Distance: 8
B = 
{(2, 1, 3, 4, 5), (5, 4, 2, 1, 3), (3, 5, 4, 1, 2)}
M(B) = 
[[2, 3, 4, 5, 1], [2, 4, 3, 5, 1], [3, 2, 4, 5, 1], [3, 4, 2, 5, 1], [3, 4, 5, 2, 1], [4, 2, 3, 5, 1], [4, 3, 2, 5, 1], [4, 3, 5, 2, 1]]
Distance: 12
M(A) inter A:
set()
M(B) inter B:
{(5, 4, 2, 1, 3)}

AUB = 
{(5, 4, 2, 1, 3), (4, 5, 3, 2, 1), (3, 5, 4, 1, 2), (3, 2, 1, 4, 5), (2, 1, 3, 4, 5), (2, 4, 3, 5, 1)}
M(AUB) = 
[[2, 3, 4, 5, 1], [2, 4, 3, 5, 1], [3, 2, 4, 5, 1], [3, 4, 2, 5, 1], [3, 4, 5, 2, 1], [4, 2, 3, 5, 1], [4, 3, 2, 5, 1], [4, 3, 5, 2, 1]]
Distance:23

(88)
A = 
{(4, 5, 2, 1, 3), (5, 4, 2, 1, 3), (3, 4, 1, 2, 5)}
M(A) = 
[[4, 2, 5, 1, 3], [4, 2, 5, 3, 1], [4, 5, 2, 1, 3], [4, 5, 2, 3, 1]]
Distance: 8
B = 
{(4, 3, 5, 2, 1), (2, 5, 4, 3, 1), (4, 2, 5, 1, 3)}
M(B) = 
[[4, 2, 5, 1, 3], [4, 2, 5, 3, 1], [4, 5, 2, 1, 3], [4, 5, 2, 3, 1]]
Distance: 6
M(A) inter A:
set()
M(B) inter B:
set()

AUB = 
{(4, 5, 2, 1, 3), (5, 4, 2, 1, 3), (2, 5, 4, 3, 1), (4, 2, 5, 1, 3), (4, 3, 5, 2, 1), (3, 4, 1, 2, 5)}
M(AUB) = 
[[4, 2, 5, 1, 3], [4, 2, 5, 3, 1], [4, 5, 2, 1, 3], [4, 5, 2, 3, 1]]
Distance:16

(89)
A = 
{(2, 3, 1, 5, 4), (3, 5, 2, 4, 1), (5, 3, 1, 2, 4)}
M(A) = 
[[3, 1, 5, 2, 4], [3, 1, 5, 4, 2]]
Distance: 6
B = 
{(3, 1, 5, 4, 2), (1, 5, 4, 2, 3), (4, 2, 1, 5, 3)}
M(B) = 
[[3, 1, 5, 2, 4], [3, 1, 5, 4, 2]]
Distance: 8
M(A) inter A:
set()
M(B) inter B:
{(1, 5, 4, 2, 3)}

AUB = 
{(2, 3, 1, 5, 4), (3, 5, 2, 4, 1), (3, 1, 5, 4, 2), (4, 2, 1, 5, 3), (1, 5, 4, 2, 3), (5, 3, 1, 2, 4)}
M(AUB) = 
[[3, 1, 5, 2, 4], [3, 1, 5, 4, 2]]
Distance:23

(90)
A = 
{(5, 1, 4, 3, 2), (4, 3, 1, 5, 2), (1, 3, 5, 2, 4)}
M(A) = 
[[1, 4, 3, 5, 2]]
Distance: 8
B = 
{(1, 2, 4, 3, 5), (5, 2, 3, 1, 4), (4, 2, 3, 5, 1)}
M(B) = 
[[1, 4, 3, 5, 2]]
Distance: 10
M(A) inter A:
set()
M(B) inter B:
set()

AUB = 
{(5, 1, 4, 3, 2), (4, 3, 1, 5, 2), (5, 2, 3, 1, 4), (1, 2, 4, 3, 5), (1, 3, 5, 2, 4), (4, 2, 3, 5, 1)}
M(AUB) = 
[[1, 4, 3, 5, 2]]
Distance:25

(91)
A = 
{(5, 1, 2, 4, 3), (3, 4, 2, 5, 1), (1, 3, 5, 2, 4)}
M(A) = 
[[1, 3, 4, 2, 5], [1, 3, 4, 5, 2], [1, 3, 5, 4, 2], [1, 4, 2, 3, 5], [1, 4, 3, 2, 5], [1, 4, 3, 5, 2], [4, 1, 2, 3, 5], [4, 1, 3, 2, 5], [4, 1, 3, 5, 2]]
Distance: 11
B = 
{(1, 4, 2, 3, 5), (5, 3, 4, 1, 2), (4, 2, 1, 3, 5)}
M(B) = 
[[1, 3, 4, 2, 5], [1, 3, 4, 5, 2], [1, 3, 5, 4, 2], [1, 4, 2, 3, 5], [1, 4, 3, 2, 5], [1, 4, 3, 5, 2], [4, 1, 2, 3, 5], [4, 1, 3, 2, 5], [4, 1, 3, 5, 2]]
Distance: 9
M(A) inter A:
set()
M(B) inter B:
set()

AUB = 
{(5, 3, 4, 1, 2), (5, 1, 2, 4, 3), (3, 4, 2, 5, 1), (1, 3, 5, 2, 4), (1, 4, 2, 3, 5), (4, 2, 1, 3, 5)}
M(AUB) = 
[[1, 3, 4, 2, 5], [1, 3, 4, 5, 2], [1, 3, 5, 4, 2], [1, 4, 2, 3, 5], [1, 4, 3, 2, 5], [1, 4, 3, 5, 2], [4, 1, 2, 3, 5], [4, 1, 3, 2, 5], [4, 1, 3, 5, 2]]
Distance:26

(92)
A = 
{(5, 1, 2, 3, 4), (5, 3, 1, 2, 4), (4, 2, 5, 1, 3)}
M(A) = 
[[5, 1, 2, 3, 4], [5, 1, 2, 4, 3], [5, 1, 4, 2, 3]]
Distance: 8
B = 
{(1, 5, 3, 2, 4), (5, 4, 2, 1, 3), (1, 5, 4, 2, 3)}
M(B) = 
[[5, 1, 2, 3, 4], [5, 1, 2, 4, 3], [5, 1, 4, 2, 3]]
Distance: 6
M(A) inter A:
set()
M(B) inter B:
{(1, 5, 4, 2, 3)}

AUB = 
{(5, 1, 2, 3, 4), (5, 4, 2, 1, 3), (1, 5, 4, 2, 3), (4, 2, 5, 1, 3), (1, 5, 3, 2, 4), (5, 3, 1, 2, 4)}
M(AUB) = 
[[5, 1, 2, 3, 4], [5, 1, 2, 4, 3], [5, 1, 4, 2, 3]]
Distance:17

(93)
A = 
{(5, 1, 2, 3, 4), (3, 5, 4, 2, 1), (1, 4, 2, 3, 5)}
M(A) = 
[[2, 1, 3, 4, 5], [2, 1, 4, 3, 5], [2, 4, 1, 3, 5], [4, 2, 1, 3, 5]]
Distance: 12
B = 
{(2, 4, 3, 5, 1), (2, 1, 3, 4, 5), (4, 2, 1, 5, 3)}
M(B) = 
[[2, 1, 3, 4, 5], [2, 1, 4, 3, 5], [2, 4, 1, 3, 5], [4, 2, 1, 3, 5]]
Distance: 6
M(A) inter A:
set()
M(B) inter B:
set()

AUB = 
{(5, 1, 2, 3, 4), (3, 5, 4, 2, 1), (4, 2, 1, 5, 3), (1, 4, 2, 3, 5), (2, 1, 3, 4, 5), (2, 4, 3, 5, 1)}
M(AUB) = 
[[2, 1, 3, 4, 5], [2, 1, 4, 3, 5], [2, 4, 1, 3, 5], [4, 2, 1, 3, 5]]
Distance:23

(94)
A = 
{(2, 1, 4, 5, 3), (1, 5, 4, 2, 3), (5, 2, 3, 1, 4)}
M(A) = 
[[2, 1, 4, 5, 3], [2, 1, 5, 4, 3]]
Distance: 8
B = 
{(5, 2, 4, 1, 3), (2, 4, 1, 5, 3), (1, 4, 2, 3, 5)}
M(B) = 
[[2, 1, 4, 5, 3], [2, 1, 5, 4, 3]]
Distance: 7
M(A) inter A:
set()
M(B) inter B:
{(2, 4, 1, 5, 3)}

AUB = 
{(5, 2, 4, 1, 3), (1, 5, 4, 2, 3), (5, 2, 3, 1, 4), (2, 1, 4, 5, 3), (1, 4, 2, 3, 5), (2, 4, 1, 5, 3)}
M(AUB) = 
[[2, 1, 4, 5, 3], [2, 1, 5, 4, 3]]
Distance:17

(95)
A = 
{(5, 3, 4, 2, 1), (5, 1, 2, 3, 4), (3, 5, 2, 1, 4)}
M(A) = 
[[5, 2, 3, 1, 4], [5, 2, 3, 4, 1]]
Distance: 6
B = 
{(4, 5, 2, 3, 1), (2, 3, 1, 5, 4), (2, 3, 5, 4, 1)}
M(B) = 
[[5, 2, 3, 1, 4], [5, 2, 3, 4, 1]]
Distance: 7
M(A) inter A:
set()
M(B) inter B:
{(2, 3, 5, 4, 1)}

AUB = 
{(5, 3, 4, 2, 1), (5, 1, 2, 3, 4), (2, 3, 5, 4, 1), (2, 3, 1, 5, 4), (4, 5, 2, 3, 1), (3, 5, 2, 1, 4)}
M(AUB) = 
[[5, 2, 3, 1, 4], [5, 2, 3, 4, 1]]
Distance:17

(96)
A = 
{(1, 3, 2, 4, 5), (3, 2, 4, 1, 5), (3, 1, 4, 5, 2)}
M(A) = 
[[3, 4, 1, 2, 5]]
Distance: 5
B = 
{(1, 3, 2, 4, 5), (3, 4, 2, 1, 5), (4, 5, 1, 3, 2)}
M(B) = 
[[3, 4, 1, 2, 5]]
Distance: 9
M(A) inter A:
set()
M(B) inter B:
set()

AUB = 
{(1, 3, 2, 4, 5), (3, 1, 4, 5, 2), (4, 5, 1, 3, 2), (3, 2, 4, 1, 5), (3, 4, 2, 1, 5)}
M(AUB) = 
[[3, 4, 1, 2, 5]]
Distance:13

(97)
A = 
{(4, 3, 2, 1, 5), (4, 3, 5, 1, 2), (5, 2, 3, 1, 4)}
M(A) = 
[[4, 3, 1, 5, 2], [4, 3, 5, 1, 2], [4, 3, 5, 2, 1], [4, 5, 3, 1, 2], [4, 5, 3, 2, 1]]
Distance: 9
B = 
{(4, 1, 5, 2, 3), (3, 4, 1, 2, 5), (5, 4, 3, 2, 1)}
M(B) = 
[[4, 3, 1, 5, 2], [4, 3, 5, 1, 2], [4, 3, 5, 2, 1], [4, 5, 3, 1, 2], [4, 5, 3, 2, 1]]
Distance: 9
M(A) inter A:
set()
M(B) inter B:
set()

AUB = 
{(4, 1, 5, 2, 3), (4, 3, 5, 1, 2), (5, 2, 3, 1, 4), (4, 3, 2, 1, 5), (3, 4, 1, 2, 5), (5, 4, 3, 2, 1)}
M(AUB) = 
[[4, 3, 1, 5, 2], [4, 3, 5, 1, 2], [4, 3, 5, 2, 1], [4, 5, 3, 1, 2], [4, 5, 3, 2, 1]]
Distance:20

(98)
A = 
{(1, 5, 3, 4, 2), (2, 1, 5, 4, 3), (5, 2, 3, 1, 4)}
M(A) = 
[[1, 5, 2, 3, 4], [1, 5, 2, 4, 3], [5, 1, 2, 3, 4], [5, 1, 2, 4, 3]]
Distance: 8
B = 
{(3, 5, 1, 2, 4), (1, 4, 2, 3, 5), (5, 1, 2, 4, 3)}
M(B) = 
[[1, 5, 2, 3, 4], [1, 5, 2, 4, 3], [5, 1, 2, 3, 4], [5, 1, 2, 4, 3]]
Distance: 9
M(A) inter A:
set()
M(B) inter B:
{(5, 1, 2, 4, 3)}

AUB = 
{(2, 1, 5, 4, 3), (5, 2, 3, 1, 4), (1, 5, 3, 4, 2), (5, 1, 2, 4, 3), (1, 4, 2, 3, 5), (3, 5, 1, 2, 4)}
M(AUB) = 
[[1, 5, 2, 3, 4], [1, 5, 2, 4, 3], [5, 1, 2, 3, 4], [5, 1, 2, 4, 3]]
Distance:19

(99)
A = 
{(1, 3, 5, 2, 4), (2, 4, 1, 5, 3), (5, 3, 4, 1, 2)}
M(A) = 
[[4, 1, 5, 3, 2], [4, 5, 1, 3, 2], [4, 5, 3, 1, 2], [5, 3, 4, 1, 2], [5, 4, 1, 3, 2], [5, 4, 3, 1, 2]]
Distance: 11
B = 
{(4, 3, 2, 1, 5), (5, 1, 3, 4, 2), (4, 5, 3, 1, 2)}
M(B) = 
[[4, 1, 5, 3, 2], [4, 5, 1, 3, 2], [4, 5, 3, 1, 2], [5, 3, 4, 1, 2], [5, 4, 1, 3, 2], [5, 4, 3, 1, 2]]
Distance: 8
M(A) inter A:
set()
M(B) inter B:
{(4, 5, 3, 1, 2)}

AUB = 
{(5, 1, 3, 4, 2), (2, 4, 1, 5, 3), (4, 5, 3, 1, 2), (4, 3, 2, 1, 5), (1, 3, 5, 2, 4), (5, 3, 4, 1, 2)}
M(AUB) = 
[[4, 1, 5, 3, 2], [4, 5, 1, 3, 2], [4, 5, 3, 1, 2], [5, 3, 4, 1, 2], [5, 4, 1, 3, 2], [5, 4, 3, 1, 2]]
Distance:23

