(0)
A = 
{(5, 3, 1, 6, 4, 2), (2, 6, 1, 5, 3, 4), (5, 2, 4, 1, 3, 6)}
M(A) = 
[[2, 5, 1, 3, 6, 4], [2, 5, 1, 6, 3, 4], [2, 5, 3, 1, 6, 4], [2, 5, 3, 6, 1, 4], [2, 5, 6, 1, 3, 4], [2, 5, 6, 3, 1, 4], [2, 6, 5, 1, 3, 4], [2, 6, 5, 3, 1, 4], [5, 2, 1, 3, 6, 4], [5, 2, 1, 6, 3, 4], [5, 2, 3, 1, 6, 4], [5, 2, 3, 6, 1, 4], [5, 2, 6, 1, 3, 4], [5, 2, 6, 3, 1, 4]]
Distance: 13
B = 
{(6, 3, 4, 5, 1, 2), (2, 3, 6, 5, 1, 4), (2, 5, 1, 4, 6, 3)}
M(B) = 
[[2, 5, 1, 3, 6, 4], [2, 5, 1, 6, 3, 4], [2, 5, 3, 1, 6, 4], [2, 5, 3, 6, 1, 4], [2, 5, 6, 1, 3, 4], [2, 5, 6, 3, 1, 4], [2, 6, 5, 1, 3, 4], [2, 6, 5, 3, 1, 4], [5, 2, 1, 3, 6, 4], [5, 2, 1, 6, 3, 4], [5, 2, 3, 1, 6, 4], [5, 2, 3, 6, 1, 4], [5, 2, 6, 1, 3, 4], [5, 2, 6, 3, 1, 4]]
Distance: 14
M(A) inter A:
set()
M(B) inter B:
set()

AUB = 
{(6, 3, 4, 5, 1, 2), (2, 6, 1, 5, 3, 4), (2, 5, 1, 4, 6, 3), (5, 3, 1, 6, 4, 2), (2, 3, 6, 5, 1, 4), (5, 2, 4, 1, 3, 6)}
M(AUB) = 
[[2, 5, 1, 3, 6, 4], [2, 5, 1, 6, 3, 4], [2, 5, 3, 1, 6, 4], [2, 5, 3, 6, 1, 4], [2, 5, 6, 1, 3, 4], [2, 5, 6, 3, 1, 4], [2, 6, 5, 1, 3, 4], [2, 6, 5, 3, 1, 4], [5, 2, 1, 3, 6, 4], [5, 2, 1, 6, 3, 4], [5, 2, 3, 1, 6, 4], [5, 2, 3, 6, 1, 4], [5, 2, 6, 1, 3, 4], [5, 2, 6, 3, 1, 4]]
Distance:33

(1)
A = 
{(1, 2, 6, 5, 4, 3), (3, 2, 1, 4, 6, 5), (5, 3, 6, 1, 4, 2)}
M(A) = 
[[1, 4, 5, 3, 2, 6], [1, 4, 5, 3, 6, 2], [1, 5, 3, 2, 4, 6], [1, 5, 3, 2, 6, 4], [1, 5, 3, 4, 2, 6], [1, 5, 3, 4, 6, 2], [1, 5, 3, 6, 2, 4], [1, 5, 3, 6, 4, 2], [1, 5, 4, 3, 2, 6], [1, 5, 4, 3, 6, 2]]
Distance: 15
B = 
{(4, 1, 5, 3, 6, 2), (2, 1, 3, 6, 4, 5), (5, 1, 4, 6, 3, 2)}
M(B) = 
[[1, 4, 5, 3, 2, 6], [1, 4, 5, 3, 6, 2], [1, 5, 3, 2, 4, 6], [1, 5, 3, 2, 6, 4], [1, 5, 3, 4, 2, 6], [1, 5, 3, 4, 6, 2], [1, 5, 3, 6, 2, 4], [1, 5, 3, 6, 4, 2], [1, 5, 4, 3, 2, 6], [1, 5, 4, 3, 6, 2]]
Distance: 13
M(A) inter A:
set()
M(B) inter B:
set()

AUB = 
{(1, 2, 6, 5, 4, 3), (5, 1, 4, 6, 3, 2), (3, 2, 1, 4, 6, 5), (4, 1, 5, 3, 6, 2), (5, 3, 6, 1, 4, 2), (2, 1, 3, 6, 4, 5)}
M(AUB) = 
[[1, 4, 5, 3, 2, 6], [1, 4, 5, 3, 6, 2], [1, 5, 3, 2, 4, 6], [1, 5, 3, 2, 6, 4], [1, 5, 3, 4, 2, 6], [1, 5, 3, 4, 6, 2], [1, 5, 3, 6, 2, 4], [1, 5, 3, 6, 4, 2], [1, 5, 4, 3, 2, 6], [1, 5, 4, 3, 6, 2]]
Distance:35

(2)
A = 
{(2, 5, 3, 6, 4, 1), (5, 1, 2, 3, 6, 4), (4, 6, 3, 5, 2, 1)}
M(A) = 
[[2, 3, 5, 6, 1, 4], [2, 3, 5, 6, 4, 1], [2, 3, 6, 5, 1, 4], [2, 3, 6, 5, 4, 1], [2, 5, 3, 6, 1, 4], [2, 5, 3, 6, 4, 1], [5, 2, 3, 6, 1, 4], [5, 2, 3, 6, 4, 1]]
Distance: 14
B = 
{(5, 2, 3, 6, 4, 1), (1, 2, 3, 6, 5, 4), (6, 1, 2, 3, 5, 4)}
M(B) = 
[[2, 3, 5, 6, 1, 4], [2, 3, 5, 6, 4, 1], [2, 3, 6, 5, 1, 4], [2, 3, 6, 5, 4, 1], [2, 5, 3, 6, 1, 4], [2, 5, 3, 6, 4, 1], [5, 2, 3, 6, 1, 4], [5, 2, 3, 6, 4, 1]]
Distance: 11
M(A) inter A:
set()
M(B) inter B:
{(1, 2, 3, 6, 5, 4)}

AUB = 
{(2, 5, 3, 6, 4, 1), (5, 1, 2, 3, 6, 4), (6, 1, 2, 3, 5, 4), (4, 6, 3, 5, 2, 1), (5, 2, 3, 6, 4, 1), (1, 2, 3, 6, 5, 4)}
M(AUB) = 
[[2, 3, 5, 6, 1, 4], [2, 3, 5, 6, 4, 1], [2, 3, 6, 5, 1, 4], [2, 3, 6, 5, 4, 1], [2, 5, 3, 6, 1, 4], [2, 5, 3, 6, 4, 1], [5, 2, 3, 6, 1, 4], [5, 2, 3, 6, 4, 1]]
Distance:31

(3)
A = 
{(6, 5, 3, 2, 1, 4), (6, 1, 5, 4, 3, 2), (1, 3, 4, 2, 6, 5)}
M(A) = 
[[6, 1, 4, 5, 2, 3], [6, 1, 4, 5, 3, 2], [6, 1, 5, 3, 4, 2], [6, 1, 5, 4, 2, 3], [6, 1, 5, 4, 3, 2], [6, 5, 1, 3, 4, 2], [6, 5, 1, 4, 2, 3], [6, 5, 1, 4, 3, 2]]
Distance: 12
B = 
{(6, 5, 2, 1, 3, 4), (4, 1, 5, 2, 3, 6), (6, 4, 5, 1, 2, 3)}
M(B) = 
[[6, 1, 4, 5, 2, 3], [6, 1, 4, 5, 3, 2], [6, 1, 5, 3, 4, 2], [6, 1, 5, 4, 2, 3], [6, 1, 5, 4, 3, 2], [6, 5, 1, 3, 4, 2], [6, 5, 1, 4, 2, 3], [6, 5, 1, 4, 3, 2]]
Distance: 11
M(A) inter A:
set()
M(B) inter B:
{(6, 4, 5, 1, 2, 3)}

AUB = 
{(6, 5, 2, 1, 3, 4), (6, 1, 5, 4, 3, 2), (1, 3, 4, 2, 6, 5), (6, 5, 3, 2, 1, 4), (4, 1, 5, 2, 3, 6), (6, 4, 5, 1, 2, 3)}
M(AUB) = 
[[6, 1, 4, 5, 2, 3], [6, 1, 4, 5, 3, 2], [6, 1, 5, 3, 4, 2], [6, 1, 5, 4, 2, 3], [6, 1, 5, 4, 3, 2], [6, 5, 1, 3, 4, 2], [6, 5, 1, 4, 2, 3], [6, 5, 1, 4, 3, 2]]
Distance:30

(4)
A = 
{(4, 5, 6, 2, 3, 1), (1, 4, 6, 2, 5, 3), (3, 4, 2, 5, 6, 1)}
M(A) = 
[[1, 4, 5, 6, 2, 3], [4, 1, 5, 6, 2, 3], [4, 5, 1, 6, 2, 3], [4, 5, 6, 1, 2, 3]]
Distance: 13
B = 
{(1, 5, 6, 2, 3, 4), (1, 4, 2, 3, 6, 5), (5, 4, 6, 1, 3, 2)}
M(B) = 
[[1, 4, 5, 6, 2, 3], [4, 1, 5, 6, 2, 3], [4, 5, 1, 6, 2, 3], [4, 5, 6, 1, 2, 3]]
Distance: 13
M(A) inter A:
set()
M(B) inter B:
set()

AUB = 
{(4, 5, 6, 2, 3, 1), (1, 5, 6, 2, 3, 4), (3, 4, 2, 5, 6, 1), (1, 4, 2, 3, 6, 5), (1, 4, 6, 2, 5, 3), (5, 4, 6, 1, 3, 2)}
M(AUB) = 
[[1, 4, 5, 6, 2, 3], [4, 1, 5, 6, 2, 3], [4, 5, 1, 6, 2, 3], [4, 5, 6, 1, 2, 3]]
Distance:32

(5)
A = 
{(5, 6, 2, 1, 4, 3), (5, 3, 6, 1, 4, 2), (5, 3, 4, 6, 2, 1)}
M(A) = 
[[3, 5, 6, 4, 2, 1], [5, 3, 6, 4, 2, 1]]
Distance: 9
B = 
{(3, 4, 5, 6, 2, 1), (3, 5, 6, 4, 2, 1), (6, 1, 3, 5, 2, 4)}
M(B) = 
[[3, 5, 6, 4, 2, 1], [5, 3, 6, 4, 2, 1]]
Distance: 9
M(A) inter A:
set()
M(B) inter B:
{(3, 5, 6, 4, 2, 1)}

AUB = 
{(5, 6, 2, 1, 4, 3), (5, 3, 4, 6, 2, 1), (3, 4, 5, 6, 2, 1), (3, 5, 6, 4, 2, 1), (5, 3, 6, 1, 4, 2), (6, 1, 3, 5, 2, 4)}
M(AUB) = 
[[3, 5, 6, 4, 2, 1], [5, 3, 6, 4, 2, 1]]
Distance:21

(6)
A = 
{(5, 1, 3, 6, 2, 4), (3, 2, 5, 1, 6, 4), (5, 2, 4, 6, 3, 1)}
M(A) = 
[[3, 5, 1, 2, 4, 6], [3, 5, 1, 2, 6, 4], [3, 5, 1, 6, 2, 4], [3, 5, 2, 1, 4, 6], [3, 5, 2, 1, 6, 4], [3, 5, 2, 4, 1, 6], [5, 2, 3, 1, 4, 6], [5, 2, 3, 1, 6, 4], [5, 2, 3, 4, 1, 6], [5, 2, 4, 3, 1, 6], [5, 3, 1, 2, 4, 6], [5, 3, 1, 2, 6, 4], [5, 3, 1, 6, 2, 4], [5, 3, 2, 1, 4, 6], [5, 3, 2, 1, 6, 4], [5, 3, 2, 4, 1, 6]]
Distance: 11
B = 
{(4, 1, 2, 6, 3, 5), (4, 3, 1, 6, 5, 2), (5, 6, 2, 3, 1, 4)}
M(B) = 
[[3, 5, 1, 2, 4, 6], [3, 5, 1, 2, 6, 4], [3, 5, 1, 6, 2, 4], [3, 5, 2, 1, 4, 6], [3, 5, 2, 1, 6, 4], [3, 5, 2, 4, 1, 6], [5, 2, 3, 1, 4, 6], [5, 2, 3, 1, 6, 4], [5, 2, 3, 4, 1, 6], [5, 2, 4, 3, 1, 6], [5, 3, 1, 2, 4, 6], [5, 3, 1, 2, 6, 4], [5, 3, 1, 6, 2, 4], [5, 3, 2, 1, 4, 6], [5, 3, 2, 1, 6, 4], [5, 3, 2, 4, 1, 6]]
Distance: 17
M(A) inter A:
set()
M(B) inter B:
{(4, 3, 1, 6, 5, 2)}

AUB = 
{(5, 1, 3, 6, 2, 4), (4, 1, 2, 6, 3, 5), (5, 6, 2, 3, 1, 4), (4, 3, 1, 6, 5, 2), (3, 2, 5, 1, 6, 4), (5, 2, 4, 6, 3, 1)}
M(AUB) = 
[[3, 5, 1, 2, 4, 6], [3, 5, 1, 2, 6, 4], [3, 5, 1, 6, 2, 4], [3, 5, 2, 1, 4, 6], [3, 5, 2, 1, 6, 4], [3, 5, 2, 4, 1, 6], [5, 2, 3, 1, 4, 6], [5, 2, 3, 1, 6, 4], [5, 2, 3, 4, 1, 6], [5, 2, 4, 3, 1, 6], [5, 3, 1, 2, 4, 6], [5, 3, 1, 2, 6, 4], [5, 3, 1, 6, 2, 4], [5, 3, 2, 1, 4, 6], [5, 3, 2, 1, 6, 4], [5, 3, 2, 4, 1, 6]]
Distance:38

(7)
A = 
{(5, 3, 4, 2, 1, 6), (5, 6, 1, 4, 3, 2), (3, 2, 6, 4, 1, 5)}
M(A) = 
[[3, 5, 1, 4, 2, 6], [3, 5, 1, 4, 6, 2], [3, 5, 1, 6, 4, 2], [3, 5, 4, 1, 2, 6], [3, 5, 4, 1, 6, 2], [3, 5, 4, 2, 1, 6], [3, 5, 4, 2, 6, 1], [3, 5, 4, 6, 1, 2], [3, 5, 4, 6, 2, 1], [3, 5, 6, 1, 4, 2], [3, 5, 6, 4, 1, 2], [3, 5, 6, 4, 2, 1], [3, 6, 5, 1, 4, 2], [3, 6, 5, 4, 1, 2], [3, 6, 5, 4, 2, 1], [5, 3, 1, 4, 2, 6], [5, 3, 1, 4, 6, 2], [5, 3, 1, 6, 4, 2], [5, 3, 4, 1, 2, 6], [5, 3, 4, 1, 6, 2], [5, 3, 4, 2, 1, 6], [5, 3, 4, 2, 6, 1], [5, 3, 4, 6, 1, 2], [5, 3, 4, 6, 2, 1], [5, 3, 6, 1, 4, 2], [5, 3, 6, 4, 1, 2], [5, 3, 6, 4, 2, 1], [5, 6, 3, 1, 4, 2], [5, 6, 3, 4, 1, 2], [5, 6, 3, 4, 2, 1], [6, 3, 5, 1, 4, 2], [6, 3, 5, 4, 1, 2], [6, 3, 5, 4, 2, 1], [6, 5, 3, 1, 4, 2], [6, 5, 3, 4, 1, 2], [6, 5, 3, 4, 2, 1]]
Distance: 15
B = 
{(3, 5, 2, 4, 1, 6), (1, 4, 6, 3, 2, 5), (6, 5, 3, 1, 4, 2)}
M(B) = 
[[3, 5, 1, 4, 2, 6], [3, 5, 1, 4, 6, 2], [3, 5, 1, 6, 4, 2], [3, 5, 4, 1, 2, 6], [3, 5, 4, 1, 6, 2], [3, 5, 4, 2, 1, 6], [3, 5, 4, 2, 6, 1], [3, 5, 4, 6, 1, 2], [3, 5, 4, 6, 2, 1], [3, 5, 6, 1, 4, 2], [3, 5, 6, 4, 1, 2], [3, 5, 6, 4, 2, 1], [3, 6, 5, 1, 4, 2], [3, 6, 5, 4, 1, 2], [3, 6, 5, 4, 2, 1], [5, 3, 1, 4, 2, 6], [5, 3, 1, 4, 6, 2], [5, 3, 1, 6, 4, 2], [5, 3, 4, 1, 2, 6], [5, 3, 4, 1, 6, 2], [5, 3, 4, 2, 1, 6], [5, 3, 4, 2, 6, 1], [5, 3, 4, 6, 1, 2], [5, 3, 4, 6, 2, 1], [5, 3, 6, 1, 4, 2], [5, 3, 6, 4, 1, 2], [5, 3, 6, 4, 2, 1], [5, 6, 3, 1, 4, 2], [5, 6, 3, 4, 1, 2], [5, 6, 3, 4, 2, 1], [6, 3, 5, 1, 4, 2], [6, 3, 5, 4, 1, 2], [6, 3, 5, 4, 2, 1], [6, 5, 3, 1, 4, 2], [6, 5, 3, 4, 1, 2], [6, 5, 3, 4, 2, 1]]
Distance: 16
M(A) inter A:
set()
M(B) inter B:
set()

AUB = 
{(5, 3, 4, 2, 1, 6), (6, 5, 3, 1, 4, 2), (3, 2, 6, 4, 1, 5), (3, 5, 2, 4, 1, 6), (1, 4, 6, 3, 2, 5), (5, 6, 1, 4, 3, 2)}
M(AUB) = 
[[3, 5, 1, 4, 2, 6], [3, 5, 1, 4, 6, 2], [3, 5, 1, 6, 4, 2], [3, 5, 4, 1, 2, 6], [3, 5, 4, 1, 6, 2], [3, 5, 4, 2, 1, 6], [3, 5, 4, 2, 6, 1], [3, 5, 4, 6, 1, 2], [3, 5, 4, 6, 2, 1], [3, 5, 6, 1, 4, 2], [3, 5, 6, 4, 1, 2], [3, 5, 6, 4, 2, 1], [3, 6, 5, 1, 4, 2], [3, 6, 5, 4, 1, 2], [3, 6, 5, 4, 2, 1], [5, 3, 1, 4, 2, 6], [5, 3, 1, 4, 6, 2], [5, 3, 1, 6, 4, 2], [5, 3, 4, 1, 2, 6], [5, 3, 4, 1, 6, 2], [5, 3, 4, 2, 1, 6], [5, 3, 4, 2, 6, 1], [5, 3, 4, 6, 1, 2], [5, 3, 4, 6, 2, 1], [5, 3, 6, 1, 4, 2], [5, 3, 6, 4, 1, 2], [5, 3, 6, 4, 2, 1], [5, 6, 3, 1, 4, 2], [5, 6, 3, 4, 1, 2], [5, 6, 3, 4, 2, 1], [6, 3, 5, 1, 4, 2], [6, 3, 5, 4, 1, 2], [6, 3, 5, 4, 2, 1], [6, 5, 3, 1, 4, 2], [6, 5, 3, 4, 1, 2], [6, 5, 3, 4, 2, 1]]
Distance:36

(8)
A = 
{(6, 5, 4, 1, 3, 2), (1, 3, 2, 4, 5, 6), (4, 6, 1, 2, 3, 5)}
M(A) = 
[[4, 6, 1, 2, 3, 5], [4, 6, 1, 2, 5, 3], [4, 6, 1, 3, 2, 5], [6, 4, 1, 2, 3, 5], [6, 4, 1, 2, 5, 3], [6, 4, 1, 3, 2, 5]]
Distance: 13
B = 
{(4, 2, 5, 6, 1, 3), (6, 4, 1, 2, 5, 3), (3, 2, 6, 5, 1, 4)}
M(B) = 
[[4, 6, 1, 2, 3, 5], [4, 6, 1, 2, 5, 3], [4, 6, 1, 3, 2, 5], [6, 4, 1, 2, 3, 5], [6, 4, 1, 2, 5, 3], [6, 4, 1, 3, 2, 5]]
Distance: 14
M(A) inter A:
set()
M(B) inter B:
set()

AUB = 
{(4, 2, 5, 6, 1, 3), (1, 3, 2, 4, 5, 6), (4, 6, 1, 2, 3, 5), (3, 2, 6, 5, 1, 4), (6, 5, 4, 1, 3, 2), (6, 4, 1, 2, 5, 3)}
M(AUB) = 
[[4, 6, 1, 2, 3, 5], [4, 6, 1, 2, 5, 3], [4, 6, 1, 3, 2, 5], [6, 4, 1, 2, 3, 5], [6, 4, 1, 2, 5, 3], [6, 4, 1, 3, 2, 5]]
Distance:32

(9)
A = 
{(3, 5, 1, 6, 2, 4), (3, 5, 4, 6, 2, 1), (3, 5, 4, 1, 2, 6)}
M(A) = 
[[3, 5, 4, 1, 2, 6], [3, 5, 4, 1, 6, 2], [3, 5, 4, 2, 1, 6], [5, 3, 4, 1, 2, 6], [5, 3, 4, 1, 6, 2], [5, 3, 4, 2, 1, 6]]
Distance: 6
B = 
{(4, 6, 1, 2, 5, 3), (4, 5, 2, 1, 3, 6), (2, 5, 3, 1, 4, 6)}
M(B) = 
[[3, 5, 4, 1, 2, 6], [3, 5, 4, 1, 6, 2], [3, 5, 4, 2, 1, 6], [5, 3, 4, 1, 2, 6], [5, 3, 4, 1, 6, 2], [5, 3, 4, 2, 1, 6]]
Distance: 12
M(A) inter A:
set()
M(B) inter B:
set()

AUB = 
{(4, 5, 2, 1, 3, 6), (4, 6, 1, 2, 5, 3), (3, 5, 4, 6, 2, 1), (2, 5, 3, 1, 4, 6), (3, 5, 1, 6, 2, 4), (3, 5, 4, 1, 2, 6)}
M(AUB) = 
[[3, 5, 4, 1, 2, 6], [3, 5, 4, 1, 6, 2], [3, 5, 4, 2, 1, 6], [5, 3, 4, 1, 2, 6], [5, 3, 4, 1, 6, 2], [5, 3, 4, 2, 1, 6]]
Distance:30

(10)
A = 
{(1, 3, 5, 4, 2, 6), (5, 2, 4, 1, 3, 6), (5, 6, 2, 4, 3, 1)}
M(A) = 
[[5, 2, 3, 4, 1, 6], [5, 2, 3, 4, 6, 1], [5, 2, 4, 1, 3, 6], [5, 2, 4, 3, 1, 6], [5, 2, 4, 3, 6, 1], [5, 3, 2, 4, 1, 6], [5, 3, 2, 4, 6, 1]]
Distance: 12
B = 
{(5, 3, 4, 6, 2, 1), (3, 5, 2, 4, 1, 6), (2, 6, 1, 4, 5, 3)}
M(B) = 
[[5, 2, 3, 4, 1, 6], [5, 2, 3, 4, 6, 1], [5, 2, 4, 1, 3, 6], [5, 2, 4, 3, 1, 6], [5, 2, 4, 3, 6, 1], [5, 3, 2, 4, 1, 6], [5, 3, 2, 4, 6, 1]]
Distance: 14
M(A) inter A:
set()
M(B) inter B:
set()

AUB = 
{(5, 3, 4, 6, 2, 1), (5, 2, 4, 1, 3, 6), (1, 3, 5, 4, 2, 6), (2, 6, 1, 4, 5, 3), (3, 5, 2, 4, 1, 6), (5, 6, 2, 4, 3, 1)}
M(AUB) = 
[[5, 2, 3, 4, 1, 6], [5, 2, 3, 4, 6, 1], [5, 2, 4, 1, 3, 6], [5, 2, 4, 3, 1, 6], [5, 2, 4, 3, 6, 1], [5, 3, 2, 4, 1, 6], [5, 3, 2, 4, 6, 1]]
Distance:30

(11)
A = 
{(1, 4, 5, 3, 6, 2), (5, 1, 4, 3, 2, 6), (5, 4, 6, 1, 3, 2)}
M(A) = 
[[5, 1, 4, 2, 3, 6], [5, 1, 4, 2, 6, 3], [5, 1, 4, 3, 2, 6], [5, 1, 4, 3, 6, 2], [5, 1, 4, 6, 2, 3], [5, 1, 4, 6, 3, 2]]
Distance: 6
B = 
{(4, 6, 5, 2, 3, 1), (5, 1, 2, 6, 3, 4), (2, 1, 4, 5, 3, 6)}
M(B) = 
[[5, 1, 4, 2, 3, 6], [5, 1, 4, 2, 6, 3], [5, 1, 4, 3, 2, 6], [5, 1, 4, 3, 6, 2], [5, 1, 4, 6, 2, 3], [5, 1, 4, 6, 3, 2]]
Distance: 14
M(A) inter A:
set()
M(B) inter B:
set()

AUB = 
{(2, 1, 4, 5, 3, 6), (1, 4, 5, 3, 6, 2), (4, 6, 5, 2, 3, 1), (5, 1, 2, 6, 3, 4), (5, 1, 4, 3, 2, 6), (5, 4, 6, 1, 3, 2)}
M(AUB) = 
[[5, 1, 4, 2, 3, 6], [5, 1, 4, 2, 6, 3], [5, 1, 4, 3, 2, 6], [5, 1, 4, 3, 6, 2], [5, 1, 4, 6, 2, 3], [5, 1, 4, 6, 3, 2]]
Distance:27

(12)
A = 
{(3, 1, 4, 6, 2, 5), (3, 1, 6, 5, 4, 2), (2, 1, 3, 5, 6, 4)}
M(A) = 
[[1, 2, 3, 6, 4, 5], [1, 2, 3, 6, 5, 4]]
Distance: 10
B = 
{(1, 2, 3, 6, 5, 4), (2, 1, 3, 6, 4, 5), (1, 2, 4, 3, 5, 6)}
M(B) = 
[[1, 2, 3, 6, 4, 5], [1, 2, 3, 6, 5, 4]]
Distance: 5
M(A) inter A:
set()
M(B) inter B:
set()

AUB = 
{(1, 2, 3, 6, 5, 4), (3, 1, 4, 6, 2, 5), (2, 1, 3, 6, 4, 5), (3, 1, 6, 5, 4, 2), (1, 2, 4, 3, 5, 6), (2, 1, 3, 5, 6, 4)}
M(AUB) = 
[[1, 2, 3, 6, 4, 5], [1, 2, 3, 6, 5, 4]]
Distance:19

(13)
A = 
{(5, 3, 6, 4, 1, 2), (1, 4, 2, 5, 6, 3), (4, 6, 1, 3, 2, 5)}
M(A) = 
[[6, 1, 5, 4, 2, 3], [6, 1, 5, 4, 3, 2]]
Distance: 15
B = 
{(5, 4, 3, 6, 2, 1), (2, 6, 1, 3, 5, 4), (6, 1, 5, 2, 4, 3)}
M(B) = 
[[6, 1, 5, 4, 2, 3], [6, 1, 5, 4, 3, 2]]
Distance: 14
M(A) inter A:
set()
M(B) inter B:
{(6, 1, 5, 2, 4, 3)}

AUB = 
{(2, 6, 1, 3, 5, 4), (1, 4, 2, 5, 6, 3), (5, 4, 3, 6, 2, 1), (5, 3, 6, 4, 1, 2), (6, 1, 5, 2, 4, 3), (4, 6, 1, 3, 2, 5)}
M(AUB) = 
[[6, 1, 5, 4, 2, 3], [6, 1, 5, 4, 3, 2]]
Distance:34

(14)
A = 
{(4, 3, 1, 5, 6, 2), (3, 2, 1, 6, 5, 4), (2, 1, 3, 5, 6, 4)}
M(A) = 
[[3, 1, 6, 2, 4, 5], [3, 1, 6, 2, 5, 4], [3, 1, 6, 4, 2, 5]]
Distance: 11
B = 
{(6, 3, 4, 1, 2, 5), (3, 1, 4, 5, 6, 2), (3, 6, 2, 5, 1, 4)}
M(B) = 
[[3, 1, 6, 2, 4, 5], [3, 1, 6, 2, 5, 4], [3, 1, 6, 4, 2, 5]]
Distance: 10
M(A) inter A:
set()
M(B) inter B:
set()

AUB = 
{(3, 2, 1, 6, 5, 4), (3, 6, 2, 5, 1, 4), (4, 3, 1, 5, 6, 2), (3, 1, 4, 5, 6, 2), (6, 3, 4, 1, 2, 5), (2, 1, 3, 5, 6, 4)}
M(AUB) = 
[[3, 1, 6, 2, 4, 5], [3, 1, 6, 2, 5, 4], [3, 1, 6, 4, 2, 5]]
Distance:27

(15)
A = 
{(5, 1, 2, 6, 4, 3), (6, 2, 4, 3, 5, 1), (1, 6, 5, 2, 3, 4)}
M(A) = 
[[1, 5, 2, 6, 4, 3], [1, 5, 6, 2, 4, 3], [1, 6, 5, 2, 4, 3], [5, 1, 2, 6, 4, 3], [5, 1, 6, 2, 4, 3]]
Distance: 12
B = 
{(4, 3, 1, 6, 5, 2), (3, 2, 5, 1, 6, 4), (1, 5, 4, 2, 3, 6)}
M(B) = 
[[1, 5, 2, 6, 4, 3], [1, 5, 6, 2, 4, 3], [1, 6, 5, 2, 4, 3], [5, 1, 2, 6, 4, 3], [5, 1, 6, 2, 4, 3]]
Distance: 14
M(A) inter A:
set()
M(B) inter B:
set()

AUB = 
{(4, 3, 1, 6, 5, 2), (3, 2, 5, 1, 6, 4), (1, 5, 4, 2, 3, 6), (5, 1, 2, 6, 4, 3), (6, 2, 4, 3, 5, 1), (1, 6, 5, 2, 3, 4)}
M(AUB) = 
[[1, 5, 2, 6, 4, 3], [1, 5, 6, 2, 4, 3], [1, 6, 5, 2, 4, 3], [5, 1, 2, 6, 4, 3], [5, 1, 6, 2, 4, 3]]
Distance:35

(16)
A = 
{(1, 5, 6, 2, 4, 3), (2, 6, 1, 4, 3, 5), (1, 2, 5, 4, 3, 6)}
M(A) = 
[[2, 1, 5, 6, 4, 3], [2, 1, 6, 5, 4, 3], [2, 6, 1, 5, 4, 3]]
Distance: 9
B = 
{(4, 5, 3, 2, 1, 6), (2, 6, 5, 3, 1, 4), (6, 3, 2, 1, 5, 4)}
M(B) = 
[[2, 1, 5, 6, 4, 3], [2, 1, 6, 5, 4, 3], [2, 6, 1, 5, 4, 3]]
Distance: 14
M(A) inter A:
set()
M(B) inter B:
{(2, 6, 5, 3, 1, 4)}

AUB = 
{(1, 5, 6, 2, 4, 3), (2, 6, 1, 4, 3, 5), (1, 2, 5, 4, 3, 6), (6, 3, 2, 1, 5, 4), (4, 5, 3, 2, 1, 6), (2, 6, 5, 3, 1, 4)}
M(AUB) = 
[[2, 1, 5, 6, 4, 3], [2, 1, 6, 5, 4, 3], [2, 6, 1, 5, 4, 3]]
Distance:31

(17)
A = 
{(5, 3, 2, 1, 6, 4), (1, 2, 4, 3, 5, 6), (3, 1, 2, 5, 4, 6)}
M(A) = 
[[1, 3, 5, 2, 4, 6], [3, 1, 5, 2, 4, 6], [3, 5, 1, 2, 4, 6], [3, 5, 2, 1, 4, 6]]
Distance: 9
B = 
{(4, 3, 5, 6, 2, 1), (1, 3, 4, 5, 2, 6), (5, 2, 4, 1, 3, 6)}
M(B) = 
[[1, 3, 5, 2, 4, 6], [3, 1, 5, 2, 4, 6], [3, 5, 1, 2, 4, 6], [3, 5, 2, 1, 4, 6]]
Distance: 12
M(A) inter A:
set()
M(B) inter B:
set()

AUB = 
{(3, 1, 2, 5, 4, 6), (1, 3, 4, 5, 2, 6), (5, 3, 2, 1, 6, 4), (1, 2, 4, 3, 5, 6), (4, 3, 5, 6, 2, 1), (5, 2, 4, 1, 3, 6)}
M(AUB) = 
[[1, 3, 5, 2, 4, 6], [3, 1, 5, 2, 4, 6], [3, 5, 1, 2, 4, 6], [3, 5, 2, 1, 4, 6]]
Distance:28

(18)
A = 
{(5, 4, 3, 1, 2, 6), (4, 6, 3, 1, 2, 5), (1, 3, 2, 5, 6, 4)}
M(A) = 
[[1, 5, 4, 3, 2, 6], [1, 5, 4, 3, 6, 2], [1, 5, 4, 6, 3, 2], [3, 1, 5, 4, 2, 6], [3, 1, 5, 4, 6, 2], [4, 3, 1, 2, 5, 6], [4, 3, 1, 5, 2, 6], [4, 3, 1, 5, 6, 2], [5, 4, 3, 1, 2, 6], [5, 4, 3, 1, 6, 2]]
Distance: 14
B = 
{(6, 5, 4, 3, 1, 2), (2, 3, 1, 4, 5, 6), (1, 5, 4, 6, 2, 3)}
M(B) = 
[[1, 5, 4, 3, 2, 6], [1, 5, 4, 3, 6, 2], [1, 5, 4, 6, 3, 2], [3, 1, 5, 4, 2, 6], [3, 1, 5, 4, 6, 2], [4, 3, 1, 2, 5, 6], [4, 3, 1, 5, 2, 6], [4, 3, 1, 5, 6, 2], [5, 4, 3, 1, 2, 6], [5, 4, 3, 1, 6, 2]]
Distance: 16
M(A) inter A:
set()
M(B) inter B:
{(1, 5, 4, 6, 2, 3)}

AUB = 
{(5, 4, 3, 1, 2, 6), (4, 6, 3, 1, 2, 5), (2, 3, 1, 4, 5, 6), (6, 5, 4, 3, 1, 2), (1, 5, 4, 6, 2, 3), (1, 3, 2, 5, 6, 4)}
M(AUB) = 
[[1, 5, 4, 3, 2, 6], [1, 5, 4, 3, 6, 2], [1, 5, 4, 6, 3, 2], [3, 1, 5, 4, 2, 6], [3, 1, 5, 4, 6, 2], [4, 3, 1, 2, 5, 6], [4, 3, 1, 5, 2, 6], [4, 3, 1, 5, 6, 2], [5, 4, 3, 1, 2, 6], [5, 4, 3, 1, 6, 2]]
Distance:36

(19)
A = 
{(4, 3, 5, 1, 6, 2), (2, 1, 3, 5, 4, 6), (6, 1, 5, 4, 2, 3)}
M(A) = 
[[1, 3, 5, 6, 2, 4], [1, 3, 6, 5, 2, 4], [1, 5, 3, 6, 2, 4], [1, 5, 6, 2, 3, 4], [1, 5, 6, 3, 2, 4], [1, 6, 3, 5, 2, 4], [1, 6, 5, 2, 3, 4], [1, 6, 5, 3, 2, 4], [3, 1, 5, 6, 2, 4], [3, 1, 6, 5, 2, 4], [3, 5, 1, 6, 2, 4], [3, 5, 6, 1, 2, 4], [3, 5, 6, 2, 1, 4], [3, 6, 1, 5, 2, 4], [3, 6, 5, 1, 2, 4], [3, 6, 5, 2, 1, 4], [5, 1, 3, 6, 2, 4], [5, 1, 6, 2, 3, 4], [5, 1, 6, 3, 2, 4], [5, 3, 1, 6, 2, 4], [5, 3, 6, 1, 2, 4], [5, 3, 6, 2, 1, 4], [5, 6, 1, 2, 3, 4], [5, 6, 1, 3, 2, 4], [5, 6, 2, 1, 3, 4], [5, 6, 2, 3, 1, 4], [5, 6, 3, 1, 2, 4], [5, 6, 3, 2, 1, 4], [6, 1, 3, 5, 2, 4], [6, 1, 5, 2, 3, 4], [6, 1, 5, 3, 2, 4], [6, 3, 1, 5, 2, 4], [6, 3, 5, 1, 2, 4], [6, 3, 5, 2, 1, 4], [6, 5, 1, 2, 3, 4], [6, 5, 1, 3, 2, 4], [6, 5, 2, 1, 3, 4], [6, 5, 2, 3, 1, 4], [6, 5, 3, 1, 2, 4], [6, 5, 3, 2, 1, 4]]
Distance: 17
B = 
{(1, 6, 3, 5, 2, 4), (5, 2, 3, 6, 1, 4), (6, 5, 3, 2, 4, 1)}
M(B) = 
[[1, 3, 5, 6, 2, 4], [1, 3, 6, 5, 2, 4], [1, 5, 3, 6, 2, 4], [1, 5, 6, 2, 3, 4], [1, 5, 6, 3, 2, 4], [1, 6, 3, 5, 2, 4], [1, 6, 5, 2, 3, 4], [1, 6, 5, 3, 2, 4], [3, 1, 5, 6, 2, 4], [3, 1, 6, 5, 2, 4], [3, 5, 1, 6, 2, 4], [3, 5, 6, 1, 2, 4], [3, 5, 6, 2, 1, 4], [3, 6, 1, 5, 2, 4], [3, 6, 5, 1, 2, 4], [3, 6, 5, 2, 1, 4], [5, 1, 3, 6, 2, 4], [5, 1, 6, 2, 3, 4], [5, 1, 6, 3, 2, 4], [5, 3, 1, 6, 2, 4], [5, 3, 6, 1, 2, 4], [5, 3, 6, 2, 1, 4], [5, 6, 1, 2, 3, 4], [5, 6, 1, 3, 2, 4], [5, 6, 2, 1, 3, 4], [5, 6, 2, 3, 1, 4], [5, 6, 3, 1, 2, 4], [5, 6, 3, 2, 1, 4], [6, 1, 3, 5, 2, 4], [6, 1, 5, 2, 3, 4], [6, 1, 5, 3, 2, 4], [6, 3, 1, 5, 2, 4], [6, 3, 5, 1, 2, 4], [6, 3, 5, 2, 1, 4], [6, 5, 1, 2, 3, 4], [6, 5, 1, 3, 2, 4], [6, 5, 2, 1, 3, 4], [6, 5, 2, 3, 1, 4], [6, 5, 3, 1, 2, 4], [6, 5, 3, 2, 1, 4]]
Distance: 10
M(A) inter A:
set()
M(B) inter B:
set()

AUB = 
{(2, 1, 3, 5, 4, 6), (1, 6, 3, 5, 2, 4), (4, 3, 5, 1, 6, 2), (5, 2, 3, 6, 1, 4), (6, 1, 5, 4, 2, 3), (6, 5, 3, 2, 4, 1)}
M(AUB) = 
[[1, 3, 5, 6, 2, 4], [1, 3, 6, 5, 2, 4], [1, 5, 3, 6, 2, 4], [1, 5, 6, 2, 3, 4], [1, 5, 6, 3, 2, 4], [1, 6, 3, 5, 2, 4], [1, 6, 5, 2, 3, 4], [1, 6, 5, 3, 2, 4], [3, 1, 5, 6, 2, 4], [3, 1, 6, 5, 2, 4], [3, 5, 1, 6, 2, 4], [3, 5, 6, 1, 2, 4], [3, 5, 6, 2, 1, 4], [3, 6, 1, 5, 2, 4], [3, 6, 5, 1, 2, 4], [3, 6, 5, 2, 1, 4], [5, 1, 3, 6, 2, 4], [5, 1, 6, 2, 3, 4], [5, 1, 6, 3, 2, 4], [5, 3, 1, 6, 2, 4], [5, 3, 6, 1, 2, 4], [5, 3, 6, 2, 1, 4], [5, 6, 1, 2, 3, 4], [5, 6, 1, 3, 2, 4], [5, 6, 2, 1, 3, 4], [5, 6, 2, 3, 1, 4], [5, 6, 3, 1, 2, 4], [5, 6, 3, 2, 1, 4], [6, 1, 3, 5, 2, 4], [6, 1, 5, 2, 3, 4], [6, 1, 5, 3, 2, 4], [6, 3, 1, 5, 2, 4], [6, 3, 5, 1, 2, 4], [6, 3, 5, 2, 1, 4], [6, 5, 1, 2, 3, 4], [6, 5, 1, 3, 2, 4], [6, 5, 2, 1, 3, 4], [6, 5, 2, 3, 1, 4], [6, 5, 3, 1, 2, 4], [6, 5, 3, 2, 1, 4]]
Distance:36

(20)
A = 
{(1, 4, 5, 3, 2, 6), (1, 5, 4, 6, 2, 3), (6, 4, 3, 1, 2, 5)}
M(A) = 
[[3, 1, 4, 5, 6, 2], [3, 1, 4, 6, 5, 2], [3, 1, 5, 4, 6, 2], [3, 1, 5, 6, 4, 2], [3, 1, 6, 4, 5, 2], [3, 1, 6, 5, 4, 2], [3, 4, 1, 5, 6, 2], [3, 4, 1, 6, 5, 2], [3, 4, 6, 1, 5, 2], [3, 6, 1, 4, 5, 2], [3, 6, 1, 5, 4, 2], [3, 6, 4, 1, 5, 2], [4, 3, 1, 5, 6, 2], [4, 3, 1, 6, 5, 2], [4, 3, 6, 1, 5, 2], [4, 6, 3, 1, 5, 2], [6, 3, 1, 4, 5, 2], [6, 3, 1, 5, 4, 2], [6, 3, 4, 1, 5, 2], [6, 4, 3, 1, 5, 2]]
Distance: 11
B = 
{(6, 5, 3, 2, 1, 4), (3, 5, 6, 4, 1, 2), (3, 4, 2, 1, 6, 5)}
M(B) = 
[[3, 1, 4, 5, 6, 2], [3, 1, 4, 6, 5, 2], [3, 1, 5, 4, 6, 2], [3, 1, 5, 6, 4, 2], [3, 1, 6, 4, 5, 2], [3, 1, 6, 5, 4, 2], [3, 4, 1, 5, 6, 2], [3, 4, 1, 6, 5, 2], [3, 4, 6, 1, 5, 2], [3, 6, 1, 4, 5, 2], [3, 6, 1, 5, 4, 2], [3, 6, 4, 1, 5, 2], [4, 3, 1, 5, 6, 2], [4, 3, 1, 6, 5, 2], [4, 3, 6, 1, 5, 2], [4, 6, 3, 1, 5, 2], [6, 3, 1, 4, 5, 2], [6, 3, 1, 5, 4, 2], [6, 3, 4, 1, 5, 2], [6, 4, 3, 1, 5, 2]]
Distance: 12
M(A) inter A:
set()
M(B) inter B:
set()

AUB = 
{(6, 5, 3, 2, 1, 4), (6, 4, 3, 1, 2, 5), (1, 4, 5, 3, 2, 6), (3, 4, 2, 1, 6, 5), (3, 5, 6, 4, 1, 2), (1, 5, 4, 6, 2, 3)}
M(AUB) = 
[[3, 1, 4, 5, 6, 2], [3, 1, 4, 6, 5, 2], [3, 1, 5, 4, 6, 2], [3, 1, 5, 6, 4, 2], [3, 1, 6, 4, 5, 2], [3, 1, 6, 5, 4, 2], [3, 4, 1, 5, 6, 2], [3, 4, 1, 6, 5, 2], [3, 4, 6, 1, 5, 2], [3, 6, 1, 4, 5, 2], [3, 6, 1, 5, 4, 2], [3, 6, 4, 1, 5, 2], [4, 3, 1, 5, 6, 2], [4, 3, 1, 6, 5, 2], [4, 3, 6, 1, 5, 2], [4, 6, 3, 1, 5, 2], [6, 3, 1, 4, 5, 2], [6, 3, 1, 5, 4, 2], [6, 3, 4, 1, 5, 2], [6, 4, 3, 1, 5, 2]]
Distance:36

(21)
A = 
{(2, 3, 1, 5, 4, 6), (5, 6, 4, 2, 3, 1), (1, 2, 5, 6, 3, 4)}
M(A) = 
[[2, 4, 3, 1, 5, 6], [2, 4, 3, 5, 1, 6], [2, 4, 5, 3, 1, 6], [2, 5, 4, 3, 1, 6], [4, 2, 3, 1, 5, 6], [4, 2, 3, 5, 1, 6], [4, 2, 5, 3, 1, 6]]
Distance: 13
B = 
{(4, 3, 5, 2, 1, 6), (2, 1, 4, 3, 5, 6), (4, 2, 5, 3, 6, 1)}
M(B) = 
[[2, 4, 3, 1, 5, 6], [2, 4, 3, 5, 1, 6], [2, 4, 5, 3, 1, 6], [2, 5, 4, 3, 1, 6], [4, 2, 3, 1, 5, 6], [4, 2, 3, 5, 1, 6], [4, 2, 5, 3, 1, 6]]
Distance: 8
M(A) inter A:
set()
M(B) inter B:
set()

AUB = 
{(4, 3, 5, 2, 1, 6), (2, 3, 1, 5, 4, 6), (1, 2, 5, 6, 3, 4), (2, 1, 4, 3, 5, 6), (4, 2, 5, 3, 6, 1), (5, 6, 4, 2, 3, 1)}
M(AUB) = 
[[2, 4, 3, 1, 5, 6], [2, 4, 3, 5, 1, 6], [2, 4, 5, 3, 1, 6], [2, 5, 4, 3, 1, 6], [4, 2, 3, 1, 5, 6], [4, 2, 3, 5, 1, 6], [4, 2, 5, 3, 1, 6]]
Distance:30

(22)
A = 
{(5, 3, 6, 1, 2, 4), (6, 1, 2, 5, 4, 3), (3, 6, 2, 4, 1, 5)}
M(A) = 
[[3, 6, 1, 2, 4, 5], [3, 6, 1, 4, 2, 5], [3, 6, 2, 1, 4, 5], [3, 6, 2, 4, 1, 5], [3, 6, 4, 1, 2, 5], [3, 6, 4, 2, 1, 5], [4, 3, 6, 1, 2, 5], [4, 3, 6, 2, 1, 5], [6, 2, 4, 3, 1, 5], [6, 4, 2, 3, 1, 5], [6, 4, 3, 1, 2, 5], [6, 4, 3, 2, 1, 5]]
Distance: 12
B = 
{(1, 4, 2, 3, 5, 6), (4, 2, 3, 6, 1, 5), (6, 4, 3, 5, 2, 1)}
M(B) = 
[[3, 6, 1, 2, 4, 5], [3, 6, 1, 4, 2, 5], [3, 6, 2, 1, 4, 5], [3, 6, 2, 4, 1, 5], [3, 6, 4, 1, 2, 5], [3, 6, 4, 2, 1, 5], [4, 3, 6, 1, 2, 5], [4, 3, 6, 2, 1, 5], [6, 2, 4, 3, 1, 5], [6, 4, 2, 3, 1, 5], [6, 4, 3, 1, 2, 5], [6, 4, 3, 2, 1, 5]]
Distance: 11
M(A) inter A:
set()
M(B) inter B:
{(4, 2, 3, 6, 1, 5)}

AUB = 
{(6, 4, 3, 5, 2, 1), (6, 1, 2, 5, 4, 3), (4, 2, 3, 6, 1, 5), (1, 4, 2, 3, 5, 6), (5, 3, 6, 1, 2, 4), (3, 6, 2, 4, 1, 5)}
M(AUB) = 
[[3, 6, 1, 2, 4, 5], [3, 6, 1, 4, 2, 5], [3, 6, 2, 1, 4, 5], [3, 6, 2, 4, 1, 5], [3, 6, 4, 1, 2, 5], [3, 6, 4, 2, 1, 5], [4, 3, 6, 1, 2, 5], [4, 3, 6, 2, 1, 5], [6, 2, 4, 3, 1, 5], [6, 4, 2, 3, 1, 5], [6, 4, 3, 1, 2, 5], [6, 4, 3, 2, 1, 5]]
Distance:35

(23)
A = 
{(5, 2, 4, 6, 1, 3), (6, 1, 3, 2, 4, 5), (5, 1, 4, 2, 3, 6)}
M(A) = 
[[5, 1, 2, 3, 4, 6], [5, 1, 2, 4, 3, 6], [5, 1, 3, 2, 4, 6]]
Distance: 15
B = 
{(3, 2, 4, 5, 6, 1), (4, 5, 1, 2, 3, 6), (3, 1, 2, 6, 5, 4)}
M(B) = 
[[5, 1, 2, 3, 4, 6], [5, 1, 2, 4, 3, 6], [5, 1, 3, 2, 4, 6]]
Distance: 14
M(A) inter A:
set()
M(B) inter B:
set()

AUB = 
{(5, 2, 4, 6, 1, 3), (3, 2, 4, 5, 6, 1), (3, 1, 2, 6, 5, 4), (4, 5, 1, 2, 3, 6), (6, 1, 3, 2, 4, 5), (5, 1, 4, 2, 3, 6)}
M(AUB) = 
[[5, 1, 2, 3, 4, 6], [5, 1, 2, 4, 3, 6], [5, 1, 3, 2, 4, 6]]
Distance:36

(24)
A = 
{(2, 3, 4, 1, 6, 5), (3, 2, 4, 6, 1, 5), (1, 2, 3, 4, 5, 6)}
M(A) = 
[[2, 4, 1, 3, 5, 6], [2, 4, 1, 3, 6, 5]]
Distance: 6
B = 
{(2, 4, 1, 3, 5, 6), (4, 1, 5, 2, 6, 3), (6, 2, 1, 4, 5, 3)}
M(B) = 
[[2, 4, 1, 3, 5, 6], [2, 4, 1, 3, 6, 5]]
Distance: 10
M(A) inter A:
set()
M(B) inter B:
set()

AUB = 
{(6, 2, 1, 4, 5, 3), (3, 2, 4, 6, 1, 5), (2, 3, 4, 1, 6, 5), (2, 4, 1, 3, 5, 6), (4, 1, 5, 2, 6, 3), (1, 2, 3, 4, 5, 6)}
M(AUB) = 
[[2, 4, 1, 3, 5, 6], [2, 4, 1, 3, 6, 5]]
Distance:23

(25)
A = 
{(1, 5, 6, 2, 3, 4), (1, 4, 2, 3, 6, 5), (5, 4, 6, 3, 1, 2)}
M(A) = 
[[1, 3, 5, 6, 2, 4], [1, 3, 5, 6, 4, 2], [1, 5, 3, 6, 2, 4], [1, 5, 3, 6, 4, 2], [3, 1, 5, 6, 2, 4], [3, 1, 5, 6, 4, 2], [3, 5, 1, 6, 2, 4], [3, 5, 1, 6, 4, 2], [5, 1, 3, 6, 2, 4], [5, 1, 3, 6, 4, 2], [5, 3, 1, 6, 2, 4], [5, 3, 1, 6, 4, 2]]
Distance: 14
B = 
{(3, 5, 1, 2, 6, 4), (5, 1, 3, 6, 2, 4), (3, 1, 6, 4, 5, 2)}
M(B) = 
[[1, 3, 5, 6, 2, 4], [1, 3, 5, 6, 4, 2], [1, 5, 3, 6, 2, 4], [1, 5, 3, 6, 4, 2], [3, 1, 5, 6, 2, 4], [3, 1, 5, 6, 4, 2], [3, 5, 1, 6, 2, 4], [3, 5, 1, 6, 4, 2], [5, 1, 3, 6, 2, 4], [5, 1, 3, 6, 4, 2], [5, 3, 1, 6, 2, 4], [5, 3, 1, 6, 4, 2]]
Distance: 7
M(A) inter A:
set()
M(B) inter B:
set()

AUB = 
{(3, 5, 1, 2, 6, 4), (5, 1, 3, 6, 2, 4), (1, 5, 6, 2, 3, 4), (1, 4, 2, 3, 6, 5), (5, 4, 6, 3, 1, 2), (3, 1, 6, 4, 5, 2)}
M(AUB) = 
[[1, 3, 5, 6, 2, 4], [1, 3, 5, 6, 4, 2], [1, 5, 3, 6, 2, 4], [1, 5, 3, 6, 4, 2], [3, 1, 5, 6, 2, 4], [3, 1, 5, 6, 4, 2], [3, 5, 1, 6, 2, 4], [3, 5, 1, 6, 4, 2], [5, 1, 3, 6, 2, 4], [5, 1, 3, 6, 4, 2], [5, 3, 1, 6, 2, 4], [5, 3, 1, 6, 4, 2]]
Distance:29

(26)
A = 
{(2, 3, 1, 4, 5, 6), (6, 2, 5, 4, 1, 3), (3, 1, 4, 5, 6, 2)}
M(A) = 
[[1, 2, 3, 4, 5, 6], [1, 2, 4, 3, 5, 6], [1, 2, 4, 5, 3, 6], [2, 1, 3, 4, 5, 6], [2, 1, 4, 3, 5, 6], [2, 1, 4, 5, 3, 6], [2, 3, 1, 4, 5, 6]]
Distance: 16
B = 
{(1, 2, 4, 3, 5, 6), (5, 3, 2, 1, 4, 6), (1, 6, 4, 2, 5, 3)}
M(B) = 
[[1, 2, 3, 4, 5, 6], [1, 2, 4, 3, 5, 6], [1, 2, 4, 5, 3, 6], [2, 1, 3, 4, 5, 6], [2, 1, 4, 3, 5, 6], [2, 1, 4, 5, 3, 6], [2, 3, 1, 4, 5, 6]]
Distance: 13
M(A) inter A:
set()
M(B) inter B:
set()

AUB = 
{(1, 6, 4, 2, 5, 3), (5, 3, 2, 1, 4, 6), (6, 2, 5, 4, 1, 3), (2, 3, 1, 4, 5, 6), (1, 2, 4, 3, 5, 6), (3, 1, 4, 5, 6, 2)}
M(AUB) = 
[[1, 2, 3, 4, 5, 6], [1, 2, 4, 3, 5, 6], [1, 2, 4, 5, 3, 6], [2, 1, 3, 4, 5, 6], [2, 1, 4, 3, 5, 6], [2, 1, 4, 5, 3, 6], [2, 3, 1, 4, 5, 6]]
Distance:33

(27)
A = 
{(2, 1, 4, 3, 5, 6), (1, 3, 4, 5, 2, 6), (6, 3, 1, 4, 2, 5)}
M(A) = 
[[1, 3, 2, 4, 5, 6], [1, 3, 2, 4, 6, 5], [1, 3, 2, 6, 4, 5], [1, 3, 4, 2, 5, 6], [1, 3, 4, 2, 6, 5], [1, 3, 4, 5, 2, 6], [1, 3, 4, 5, 6, 2], [1, 3, 4, 6, 2, 5], [1, 3, 4, 6, 5, 2], [1, 3, 6, 2, 4, 5], [1, 3, 6, 4, 2, 5], [1, 3, 6, 4, 5, 2], [1, 4, 3, 2, 5, 6], [1, 4, 3, 2, 6, 5], [1, 4, 3, 5, 2, 6], [1, 4, 3, 5, 6, 2], [1, 4, 3, 6, 2, 5], [1, 4, 3, 6, 5, 2], [1, 4, 6, 3, 2, 5], [1, 4, 6, 3, 5, 2], [1, 6, 3, 2, 4, 5], [1, 6, 3, 4, 2, 5], [1, 6, 3, 4, 5, 2], [1, 6, 4, 3, 2, 5], [1, 6, 4, 3, 5, 2], [3, 1, 2, 4, 5, 6], [3, 1, 2, 4, 6, 5], [3, 1, 2, 6, 4, 5], [3, 1, 4, 2, 5, 6], [3, 1, 4, 2, 6, 5], [3, 1, 4, 5, 2, 6], [3, 1, 4, 5, 6, 2], [3, 1, 4, 6, 2, 5], [3, 1, 4, 6, 5, 2], [3, 1, 6, 2, 4, 5], [3, 1, 6, 4, 2, 5], [3, 1, 6, 4, 5, 2], [3, 2, 1, 4, 5, 6], [3, 2, 1, 4, 6, 5], [3, 2, 1, 6, 4, 5], [3, 2, 6, 1, 4, 5], [3, 6, 1, 2, 4, 5], [3, 6, 1, 4, 2, 5], [3, 6, 1, 4, 5, 2], [3, 6, 2, 1, 4, 5], [6, 1, 3, 2, 4, 5], [6, 1, 3, 4, 2, 5], [6, 1, 3, 4, 5, 2], [6, 1, 4, 3, 2, 5], [6, 1, 4, 3, 5, 2], [6, 3, 1, 2, 4, 5], [6, 3, 1, 4, 2, 5], [6, 3, 1, 4, 5, 2], [6, 3, 2, 1, 4, 5]]
Distance: 11
B = 
{(3, 6, 5, 2, 1, 4), (5, 6, 4, 3, 2, 1), (1, 2, 4, 6, 3, 5)}
M(B) = 
[[1, 3, 2, 4, 5, 6], [1, 3, 2, 4, 6, 5], [1, 3, 2, 6, 4, 5], [1, 3, 4, 2, 5, 6], [1, 3, 4, 2, 6, 5], [1, 3, 4, 5, 2, 6], [1, 3, 4, 5, 6, 2], [1, 3, 4, 6, 2, 5], [1, 3, 4, 6, 5, 2], [1, 3, 6, 2, 4, 5], [1, 3, 6, 4, 2, 5], [1, 3, 6, 4, 5, 2], [1, 4, 3, 2, 5, 6], [1, 4, 3, 2, 6, 5], [1, 4, 3, 5, 2, 6], [1, 4, 3, 5, 6, 2], [1, 4, 3, 6, 2, 5], [1, 4, 3, 6, 5, 2], [1, 4, 6, 3, 2, 5], [1, 4, 6, 3, 5, 2], [1, 6, 3, 2, 4, 5], [1, 6, 3, 4, 2, 5], [1, 6, 3, 4, 5, 2], [1, 6, 4, 3, 2, 5], [1, 6, 4, 3, 5, 2], [3, 1, 2, 4, 5, 6], [3, 1, 2, 4, 6, 5], [3, 1, 2, 6, 4, 5], [3, 1, 4, 2, 5, 6], [3, 1, 4, 2, 6, 5], [3, 1, 4, 5, 2, 6], [3, 1, 4, 5, 6, 2], [3, 1, 4, 6, 2, 5], [3, 1, 4, 6, 5, 2], [3, 1, 6, 2, 4, 5], [3, 1, 6, 4, 2, 5], [3, 1, 6, 4, 5, 2], [3, 2, 1, 4, 5, 6], [3, 2, 1, 4, 6, 5], [3, 2, 1, 6, 4, 5], [3, 2, 6, 1, 4, 5], [3, 6, 1, 2, 4, 5], [3, 6, 1, 4, 2, 5], [3, 6, 1, 4, 5, 2], [3, 6, 2, 1, 4, 5], [6, 1, 3, 2, 4, 5], [6, 1, 3, 4, 2, 5], [6, 1, 3, 4, 5, 2], [6, 1, 4, 3, 2, 5], [6, 1, 4, 3, 5, 2], [6, 3, 1, 2, 4, 5], [6, 3, 1, 4, 2, 5], [6, 3, 1, 4, 5, 2], [6, 3, 2, 1, 4, 5]]
Distance: 16
M(A) inter A:
set()
M(B) inter B:
set()

AUB = 
{(3, 6, 5, 2, 1, 4), (1, 3, 4, 5, 2, 6), (6, 3, 1, 4, 2, 5), (2, 1, 4, 3, 5, 6), (5, 6, 4, 3, 2, 1), (1, 2, 4, 6, 3, 5)}
M(AUB) = 
[[1, 3, 2, 4, 5, 6], [1, 3, 2, 4, 6, 5], [1, 3, 2, 6, 4, 5], [1, 3, 4, 2, 5, 6], [1, 3, 4, 2, 6, 5], [1, 3, 4, 5, 2, 6], [1, 3, 4, 5, 6, 2], [1, 3, 4, 6, 2, 5], [1, 3, 4, 6, 5, 2], [1, 3, 6, 2, 4, 5], [1, 3, 6, 4, 2, 5], [1, 3, 6, 4, 5, 2], [1, 4, 3, 2, 5, 6], [1, 4, 3, 2, 6, 5], [1, 4, 3, 5, 2, 6], [1, 4, 3, 5, 6, 2], [1, 4, 3, 6, 2, 5], [1, 4, 3, 6, 5, 2], [1, 4, 6, 3, 2, 5], [1, 4, 6, 3, 5, 2], [1, 6, 3, 2, 4, 5], [1, 6, 3, 4, 2, 5], [1, 6, 3, 4, 5, 2], [1, 6, 4, 3, 2, 5], [1, 6, 4, 3, 5, 2], [3, 1, 2, 4, 5, 6], [3, 1, 2, 4, 6, 5], [3, 1, 2, 6, 4, 5], [3, 1, 4, 2, 5, 6], [3, 1, 4, 2, 6, 5], [3, 1, 4, 5, 2, 6], [3, 1, 4, 5, 6, 2], [3, 1, 4, 6, 2, 5], [3, 1, 4, 6, 5, 2], [3, 1, 6, 2, 4, 5], [3, 1, 6, 4, 2, 5], [3, 1, 6, 4, 5, 2], [3, 2, 1, 4, 5, 6], [3, 2, 1, 4, 6, 5], [3, 2, 1, 6, 4, 5], [3, 2, 6, 1, 4, 5], [3, 6, 1, 2, 4, 5], [3, 6, 1, 4, 2, 5], [3, 6, 1, 4, 5, 2], [3, 6, 2, 1, 4, 5], [6, 1, 3, 2, 4, 5], [6, 1, 3, 4, 2, 5], [6, 1, 3, 4, 5, 2], [6, 1, 4, 3, 2, 5], [6, 1, 4, 3, 5, 2], [6, 3, 1, 2, 4, 5], [6, 3, 1, 4, 2, 5], [6, 3, 1, 4, 5, 2], [6, 3, 2, 1, 4, 5]]
Distance:38

(28)
A = 
{(2, 6, 3, 5, 1, 4), (6, 5, 3, 2, 4, 1), (1, 6, 2, 4, 5, 3)}
M(A) = 
[[6, 2, 5, 3, 4, 1], [6, 2, 5, 4, 3, 1]]
Distance: 11
B = 
{(6, 2, 5, 4, 3, 1), (3, 4, 1, 5, 6, 2), (2, 5, 4, 1, 3, 6)}
M(B) = 
[[6, 2, 5, 3, 4, 1], [6, 2, 5, 4, 3, 1]]
Distance: 15
M(A) inter A:
set()
M(B) inter B:
set()

AUB = 
{(2, 6, 3, 5, 1, 4), (3, 4, 1, 5, 6, 2), (1, 6, 2, 4, 5, 3), (2, 5, 4, 1, 3, 6), (6, 2, 5, 4, 3, 1), (6, 5, 3, 2, 4, 1)}
M(AUB) = 
[[6, 2, 5, 3, 4, 1], [6, 2, 5, 4, 3, 1]]
Distance:31

(29)
A = 
{(6, 2, 1, 3, 4, 5), (6, 2, 1, 5, 4, 3), (5, 2, 1, 6, 3, 4)}
M(A) = 
[[6, 2, 1, 5, 3, 4], [6, 2, 5, 1, 3, 4], [6, 2, 5, 3, 1, 4]]
Distance: 8
B = 
{(5, 6, 2, 3, 4, 1), (2, 5, 6, 4, 3, 1), (6, 3, 2, 1, 5, 4)}
M(B) = 
[[6, 2, 1, 5, 3, 4], [6, 2, 5, 1, 3, 4], [6, 2, 5, 3, 1, 4]]
Distance: 9
M(A) inter A:
set()
M(B) inter B:
{(5, 6, 2, 3, 4, 1)}

AUB = 
{(5, 6, 2, 3, 4, 1), (2, 5, 6, 4, 3, 1), (5, 2, 1, 6, 3, 4), (6, 3, 2, 1, 5, 4), (6, 2, 1, 3, 4, 5), (6, 2, 1, 5, 4, 3)}
M(AUB) = 
[[6, 2, 1, 5, 3, 4], [6, 2, 5, 1, 3, 4], [6, 2, 5, 3, 1, 4]]
Distance:22

(30)
A = 
{(4, 2, 1, 6, 5, 3), (4, 1, 2, 6, 5, 3), (2, 6, 1, 5, 3, 4)}
M(A) = 
[[1, 2, 3, 4, 6, 5], [1, 2, 4, 6, 3, 5], [1, 2, 4, 6, 5, 3], [1, 2, 6, 3, 4, 5], [1, 2, 6, 3, 5, 4], [1, 2, 6, 5, 3, 4], [1, 4, 2, 6, 3, 5], [1, 4, 2, 6, 5, 3], [2, 1, 3, 4, 6, 5], [2, 1, 4, 6, 3, 5], [2, 1, 4, 6, 5, 3], [2, 1, 6, 3, 4, 5], [2, 1, 6, 3, 5, 4], [2, 1, 6, 5, 3, 4]]
Distance: 7
B = 
{(1, 6, 2, 3, 4, 5), (3, 5, 1, 4, 6, 2), (2, 1, 3, 5, 4, 6)}
M(B) = 
[[1, 2, 3, 4, 6, 5], [1, 2, 4, 6, 3, 5], [1, 2, 4, 6, 5, 3], [1, 2, 6, 3, 4, 5], [1, 2, 6, 3, 5, 4], [1, 2, 6, 5, 3, 4], [1, 4, 2, 6, 3, 5], [1, 4, 2, 6, 5, 3], [2, 1, 3, 4, 6, 5], [2, 1, 4, 6, 3, 5], [2, 1, 4, 6, 5, 3], [2, 1, 6, 3, 4, 5], [2, 1, 6, 3, 5, 4], [2, 1, 6, 5, 3, 4]]
Distance: 12
M(A) inter A:
set()
M(B) inter B:
set()

AUB = 
{(4, 2, 1, 6, 5, 3), (3, 5, 1, 4, 6, 2), (2, 6, 1, 5, 3, 4), (1, 6, 2, 3, 4, 5), (4, 1, 2, 6, 5, 3), (2, 1, 3, 5, 4, 6)}
M(AUB) = 
[[1, 2, 3, 4, 6, 5], [1, 2, 4, 6, 3, 5], [1, 2, 4, 6, 5, 3], [1, 2, 6, 3, 4, 5], [1, 2, 6, 3, 5, 4], [1, 2, 6, 5, 3, 4], [1, 4, 2, 6, 3, 5], [1, 4, 2, 6, 5, 3], [2, 1, 3, 4, 6, 5], [2, 1, 4, 6, 3, 5], [2, 1, 4, 6, 5, 3], [2, 1, 6, 3, 4, 5], [2, 1, 6, 3, 5, 4], [2, 1, 6, 5, 3, 4]]
Distance:31

(31)
A = 
{(1, 4, 5, 3, 2, 6), (1, 3, 6, 5, 2, 4), (2, 1, 5, 3, 6, 4)}
M(A) = 
[[1, 5, 3, 2, 4, 6], [1, 5, 3, 4, 2, 6], [1, 5, 4, 3, 2, 6]]
Distance: 10
B = 
{(5, 3, 1, 2, 4, 6), (4, 6, 3, 1, 2, 5), (1, 5, 4, 2, 6, 3)}
M(B) = 
[[1, 5, 3, 2, 4, 6], [1, 5, 3, 4, 2, 6], [1, 5, 4, 3, 2, 6]]
Distance: 15
M(A) inter A:
set()
M(B) inter B:
{(1, 5, 4, 2, 6, 3)}

AUB = 
{(5, 3, 1, 2, 4, 6), (4, 6, 3, 1, 2, 5), (1, 3, 6, 5, 2, 4), (2, 1, 5, 3, 6, 4), (1, 4, 5, 3, 2, 6), (1, 5, 4, 2, 6, 3)}
M(AUB) = 
[[1, 5, 3, 2, 4, 6], [1, 5, 3, 4, 2, 6], [1, 5, 4, 3, 2, 6]]
Distance:28

(32)
A = 
{(3, 4, 5, 1, 2, 6), (4, 2, 5, 1, 6, 3), (5, 2, 4, 6, 1, 3)}
M(A) = 
[[4, 5, 1, 2, 6, 3], [4, 5, 2, 1, 6, 3], [5, 2, 4, 1, 6, 3], [5, 4, 1, 2, 6, 3], [5, 4, 2, 1, 6, 3]]
Distance: 10
B = 
{(1, 4, 6, 2, 5, 3), (5, 2, 4, 1, 6, 3), (6, 5, 1, 3, 2, 4)}
M(B) = 
[[4, 5, 1, 2, 6, 3], [4, 5, 2, 1, 6, 3], [5, 2, 4, 1, 6, 3], [5, 4, 1, 2, 6, 3], [5, 4, 2, 1, 6, 3]]
Distance: 14
M(A) inter A:
set()
M(B) inter B:
set()

AUB = 
{(3, 4, 5, 1, 2, 6), (4, 2, 5, 1, 6, 3), (1, 4, 6, 2, 5, 3), (5, 2, 4, 1, 6, 3), (5, 2, 4, 6, 1, 3), (6, 5, 1, 3, 2, 4)}
M(AUB) = 
[[4, 5, 1, 2, 6, 3], [4, 5, 2, 1, 6, 3], [5, 2, 4, 1, 6, 3], [5, 4, 1, 2, 6, 3], [5, 4, 2, 1, 6, 3]]
Distance:28

(33)
A = 
{(2, 1, 5, 4, 3, 6), (2, 4, 6, 3, 5, 1), (4, 1, 6, 3, 2, 5)}
M(A) = 
[[1, 2, 3, 4, 5, 6], [1, 2, 3, 4, 6, 5], [1, 2, 3, 5, 4, 6], [1, 2, 4, 3, 5, 6], [1, 2, 4, 3, 6, 5], [1, 2, 4, 5, 3, 6], [1, 2, 5, 3, 4, 6], [1, 2, 5, 4, 3, 6], [1, 3, 2, 4, 5, 6], [1, 3, 2, 4, 6, 5], [1, 3, 2, 5, 4, 6], [1, 3, 4, 2, 5, 6], [1, 3, 4, 2, 6, 5], [1, 3, 4, 6, 2, 5], [1, 4, 2, 3, 5, 6], [1, 4, 2, 3, 6, 5], [1, 4, 2, 5, 3, 6], [1, 4, 3, 2, 5, 6], [1, 4, 3, 2, 6, 5], [1, 4, 3, 6, 2, 5], [2, 1, 3, 4, 5, 6], [2, 1, 3, 4, 6, 5], [2, 1, 3, 5, 4, 6], [2, 1, 4, 3, 5, 6], [2, 1, 4, 3, 6, 5], [2, 1, 4, 5, 3, 6], [2, 1, 5, 3, 4, 6], [2, 1, 5, 4, 3, 6], [2, 4, 1, 3, 5, 6], [2, 4, 1, 3, 6, 5], [2, 4, 1, 5, 3, 6], [2, 4, 5, 1, 3, 6], [2, 5, 1, 3, 4, 6], [2, 5, 1, 4, 3, 6], [2, 5, 4, 1, 3, 6], [4, 1, 2, 3, 5, 6], [4, 1, 2, 3, 6, 5], [4, 1, 2, 5, 3, 6], [4, 1, 3, 2, 5, 6], [4, 1, 3, 2, 6, 5], [4, 1, 3, 6, 2, 5], [4, 2, 1, 3, 5, 6], [4, 2, 1, 3, 6, 5], [4, 2, 1, 5, 3, 6], [4, 2, 5, 1, 3, 6]]
Distance: 12
B = 
{(5, 2, 1, 3, 6, 4), (5, 1, 3, 4, 6, 2), (3, 6, 4, 1, 2, 5)}
M(B) = 
[[1, 2, 3, 4, 5, 6], [1, 2, 3, 4, 6, 5], [1, 2, 3, 5, 4, 6], [1, 2, 4, 3, 5, 6], [1, 2, 4, 3, 6, 5], [1, 2, 4, 5, 3, 6], [1, 2, 5, 3, 4, 6], [1, 2, 5, 4, 3, 6], [1, 3, 2, 4, 5, 6], [1, 3, 2, 4, 6, 5], [1, 3, 2, 5, 4, 6], [1, 3, 4, 2, 5, 6], [1, 3, 4, 2, 6, 5], [1, 3, 4, 6, 2, 5], [1, 4, 2, 3, 5, 6], [1, 4, 2, 3, 6, 5], [1, 4, 2, 5, 3, 6], [1, 4, 3, 2, 5, 6], [1, 4, 3, 2, 6, 5], [1, 4, 3, 6, 2, 5], [2, 1, 3, 4, 5, 6], [2, 1, 3, 4, 6, 5], [2, 1, 3, 5, 4, 6], [2, 1, 4, 3, 5, 6], [2, 1, 4, 3, 6, 5], [2, 1, 4, 5, 3, 6], [2, 1, 5, 3, 4, 6], [2, 1, 5, 4, 3, 6], [2, 4, 1, 3, 5, 6], [2, 4, 1, 3, 6, 5], [2, 4, 1, 5, 3, 6], [2, 4, 5, 1, 3, 6], [2, 5, 1, 3, 4, 6], [2, 5, 1, 4, 3, 6], [2, 5, 4, 1, 3, 6], [4, 1, 2, 3, 5, 6], [4, 1, 2, 3, 6, 5], [4, 1, 2, 5, 3, 6], [4, 1, 3, 2, 5, 6], [4, 1, 3, 2, 6, 5], [4, 1, 3, 6, 2, 5], [4, 2, 1, 3, 5, 6], [4, 2, 1, 3, 6, 5], [4, 2, 1, 5, 3, 6], [4, 2, 5, 1, 3, 6]]
Distance: 13
M(A) inter A:
set()
M(B) inter B:
set()

AUB = 
{(2, 1, 5, 4, 3, 6), (5, 2, 1, 3, 6, 4), (2, 4, 6, 3, 5, 1), (4, 1, 6, 3, 2, 5), (5, 1, 3, 4, 6, 2), (3, 6, 4, 1, 2, 5)}
M(AUB) = 
[[1, 2, 3, 4, 5, 6], [1, 2, 3, 4, 6, 5], [1, 2, 3, 5, 4, 6], [1, 2, 4, 3, 5, 6], [1, 2, 4, 3, 6, 5], [1, 2, 4, 5, 3, 6], [1, 2, 5, 3, 4, 6], [1, 2, 5, 4, 3, 6], [1, 3, 2, 4, 5, 6], [1, 3, 2, 4, 6, 5], [1, 3, 2, 5, 4, 6], [1, 3, 4, 2, 5, 6], [1, 3, 4, 2, 6, 5], [1, 3, 4, 6, 2, 5], [1, 4, 2, 3, 5, 6], [1, 4, 2, 3, 6, 5], [1, 4, 2, 5, 3, 6], [1, 4, 3, 2, 5, 6], [1, 4, 3, 2, 6, 5], [1, 4, 3, 6, 2, 5], [2, 1, 3, 4, 5, 6], [2, 1, 3, 4, 6, 5], [2, 1, 3, 5, 4, 6], [2, 1, 4, 3, 5, 6], [2, 1, 4, 3, 6, 5], [2, 1, 4, 5, 3, 6], [2, 1, 5, 3, 4, 6], [2, 1, 5, 4, 3, 6], [2, 4, 1, 3, 5, 6], [2, 4, 1, 3, 6, 5], [2, 4, 1, 5, 3, 6], [2, 4, 5, 1, 3, 6], [2, 5, 1, 3, 4, 6], [2, 5, 1, 4, 3, 6], [2, 5, 4, 1, 3, 6], [4, 1, 2, 3, 5, 6], [4, 1, 2, 3, 6, 5], [4, 1, 2, 5, 3, 6], [4, 1, 3, 2, 5, 6], [4, 1, 3, 2, 6, 5], [4, 1, 3, 6, 2, 5], [4, 2, 1, 3, 5, 6], [4, 2, 1, 3, 6, 5], [4, 2, 1, 5, 3, 6], [4, 2, 5, 1, 3, 6]]
Distance:40

(34)
A = 
{(5, 3, 1, 4, 2, 6), (4, 5, 1, 6, 2, 3), (1, 2, 3, 4, 5, 6)}
M(A) = 
[[1, 3, 2, 4, 5, 6], [1, 3, 2, 5, 4, 6], [1, 3, 4, 2, 5, 6], [1, 3, 4, 5, 2, 6], [1, 3, 4, 5, 6, 2], [1, 3, 5, 2, 4, 6], [1, 3, 5, 4, 2, 6], [1, 3, 5, 4, 6, 2], [1, 5, 3, 2, 4, 6], [1, 5, 3, 4, 2, 6], [1, 5, 3, 4, 6, 2], [3, 1, 2, 4, 5, 6], [3, 1, 2, 5, 4, 6], [3, 1, 4, 2, 5, 6], [3, 1, 4, 5, 2, 6], [3, 1, 4, 5, 6, 2], [3, 1, 5, 2, 4, 6], [3, 1, 5, 4, 2, 6], [3, 1, 5, 4, 6, 2]]
Distance: 13
B = 
{(1, 5, 3, 6, 2, 4), (3, 1, 2, 5, 6, 4), (3, 4, 6, 2, 1, 5)}
M(B) = 
[[1, 3, 2, 4, 5, 6], [1, 3, 2, 5, 4, 6], [1, 3, 4, 2, 5, 6], [1, 3, 4, 5, 2, 6], [1, 3, 4, 5, 6, 2], [1, 3, 5, 2, 4, 6], [1, 3, 5, 4, 2, 6], [1, 3, 5, 4, 6, 2], [1, 5, 3, 2, 4, 6], [1, 5, 3, 4, 2, 6], [1, 5, 3, 4, 6, 2], [3, 1, 2, 4, 5, 6], [3, 1, 2, 5, 4, 6], [3, 1, 4, 2, 5, 6], [3, 1, 4, 5, 2, 6], [3, 1, 4, 5, 6, 2], [3, 1, 5, 2, 4, 6], [3, 1, 5, 4, 2, 6], [3, 1, 5, 4, 6, 2]]
Distance: 12
M(A) inter A:
set()
M(B) inter B:
{(3, 1, 2, 5, 6, 4)}

AUB = 
{(5, 3, 1, 4, 2, 6), (4, 5, 1, 6, 2, 3), (3, 1, 2, 5, 6, 4), (3, 4, 6, 2, 1, 5), (1, 5, 3, 6, 2, 4), (1, 2, 3, 4, 5, 6)}
M(AUB) = 
[[1, 3, 2, 4, 5, 6], [1, 3, 2, 5, 4, 6], [1, 3, 4, 2, 5, 6], [1, 3, 4, 5, 2, 6], [1, 3, 4, 5, 6, 2], [1, 3, 5, 2, 4, 6], [1, 3, 5, 4, 2, 6], [1, 3, 5, 4, 6, 2], [1, 5, 3, 2, 4, 6], [1, 5, 3, 4, 2, 6], [1, 5, 3, 4, 6, 2], [3, 1, 2, 4, 5, 6], [3, 1, 2, 5, 4, 6], [3, 1, 4, 2, 5, 6], [3, 1, 4, 5, 2, 6], [3, 1, 4, 5, 6, 2], [3, 1, 5, 2, 4, 6], [3, 1, 5, 4, 2, 6], [3, 1, 5, 4, 6, 2]]
Distance:31

(35)
A = 
{(1, 6, 5, 4, 3, 2), (6, 5, 1, 4, 2, 3), (1, 6, 3, 4, 5, 2)}
M(A) = 
[[1, 4, 6, 5, 2, 3], [1, 4, 6, 5, 3, 2], [1, 6, 4, 5, 2, 3], [1, 6, 4, 5, 3, 2], [1, 6, 5, 4, 2, 3], [1, 6, 5, 4, 3, 2]]
Distance: 6
B = 
{(4, 2, 5, 1, 3, 6), (5, 1, 2, 4, 6, 3), (3, 4, 2, 6, 1, 5)}
M(B) = 
[[1, 4, 6, 5, 2, 3], [1, 4, 6, 5, 3, 2], [1, 6, 4, 5, 2, 3], [1, 6, 4, 5, 3, 2], [1, 6, 5, 4, 2, 3], [1, 6, 5, 4, 3, 2]]
Distance: 13
M(A) inter A:
set()
M(B) inter B:
{(4, 2, 5, 1, 3, 6)}

AUB = 
{(1, 6, 5, 4, 3, 2), (5, 1, 2, 4, 6, 3), (6, 5, 1, 4, 2, 3), (1, 6, 3, 4, 5, 2), (4, 2, 5, 1, 3, 6), (3, 4, 2, 6, 1, 5)}
M(AUB) = 
[[1, 4, 6, 5, 2, 3], [1, 4, 6, 5, 3, 2], [1, 6, 4, 5, 2, 3], [1, 6, 4, 5, 3, 2], [1, 6, 5, 4, 2, 3], [1, 6, 5, 4, 3, 2]]
Distance:33

(36)
A = 
{(2, 6, 3, 4, 5, 1), (2, 6, 5, 3, 1, 4), (2, 5, 3, 4, 6, 1)}
M(A) = 
[[2, 6, 3, 4, 5, 1], [6, 2, 3, 4, 5, 1], [6, 3, 2, 4, 5, 1], [6, 3, 4, 2, 5, 1]]
Distance: 6
B = 
{(6, 4, 3, 2, 5, 1), (3, 6, 4, 1, 5, 2), (6, 1, 3, 4, 5, 2)}
M(B) = 
[[2, 6, 3, 4, 5, 1], [6, 2, 3, 4, 5, 1], [6, 3, 2, 4, 5, 1], [6, 3, 4, 2, 5, 1]]
Distance: 7
M(A) inter A:
set()
M(B) inter B:
set()

AUB = 
{(2, 6, 5, 3, 1, 4), (6, 4, 3, 2, 5, 1), (3, 6, 4, 1, 5, 2), (2, 6, 3, 4, 5, 1), (6, 1, 3, 4, 5, 2), (2, 5, 3, 4, 6, 1)}
M(AUB) = 
[[2, 6, 3, 4, 5, 1], [6, 2, 3, 4, 5, 1], [6, 3, 2, 4, 5, 1], [6, 3, 4, 2, 5, 1]]
Distance:27

(37)
A = 
{(3, 4, 5, 2, 6, 1), (2, 6, 4, 3, 5, 1), (2, 4, 6, 3, 5, 1)}
M(A) = 
[[2, 3, 4, 1, 5, 6], [2, 3, 4, 1, 6, 5], [2, 3, 4, 5, 1, 6], [2, 3, 4, 5, 6, 1], [2, 3, 4, 6, 1, 5], [2, 3, 4, 6, 5, 1], [2, 4, 1, 3, 5, 6], [2, 4, 1, 3, 6, 5], [2, 4, 3, 1, 5, 6], [2, 4, 3, 1, 6, 5], [2, 4, 3, 5, 1, 6], [2, 4, 3, 5, 6, 1], [2, 4, 3, 6, 1, 5], [2, 4, 3, 6, 5, 1], [4, 2, 1, 3, 5, 6], [4, 2, 1, 3, 6, 5], [4, 2, 3, 1, 5, 6], [4, 2, 3, 1, 6, 5], [4, 2, 3, 5, 1, 6], [4, 2, 3, 5, 6, 1], [4, 2, 3, 6, 1, 5], [4, 2, 3, 6, 5, 1]]
Distance: 7
B = 
{(1, 5, 3, 6, 4, 2), (1, 2, 3, 5, 4, 6), (4, 2, 1, 3, 6, 5)}
M(B) = 
[[2, 3, 4, 1, 5, 6], [2, 3, 4, 1, 6, 5], [2, 3, 4, 5, 1, 6], [2, 3, 4, 5, 6, 1], [2, 3, 4, 6, 1, 5], [2, 3, 4, 6, 5, 1], [2, 4, 1, 3, 5, 6], [2, 4, 1, 3, 6, 5], [2, 4, 3, 1, 5, 6], [2, 4, 3, 1, 6, 5], [2, 4, 3, 5, 1, 6], [2, 4, 3, 5, 6, 1], [2, 4, 3, 6, 1, 5], [2, 4, 3, 6, 5, 1], [4, 2, 1, 3, 5, 6], [4, 2, 1, 3, 6, 5], [4, 2, 3, 1, 5, 6], [4, 2, 3, 1, 6, 5], [4, 2, 3, 5, 1, 6], [4, 2, 3, 5, 6, 1], [4, 2, 3, 6, 1, 5], [4, 2, 3, 6, 5, 1]]
Distance: 12
M(A) inter A:
set()
M(B) inter B:
{(1, 2, 3, 5, 4, 6)}

AUB = 
{(1, 5, 3, 6, 4, 2), (1, 2, 3, 5, 4, 6), (2, 4, 6, 3, 5, 1), (3, 4, 5, 2, 6, 1), (4, 2, 1, 3, 6, 5), (2, 6, 4, 3, 5, 1)}
M(AUB) = 
[[2, 3, 4, 1, 5, 6], [2, 3, 4, 1, 6, 5], [2, 3, 4, 5, 1, 6], [2, 3, 4, 5, 6, 1], [2, 3, 4, 6, 1, 5], [2, 3, 4, 6, 5, 1], [2, 4, 1, 3, 5, 6], [2, 4, 1, 3, 6, 5], [2, 4, 3, 1, 5, 6], [2, 4, 3, 1, 6, 5], [2, 4, 3, 5, 1, 6], [2, 4, 3, 5, 6, 1], [2, 4, 3, 6, 1, 5], [2, 4, 3, 6, 5, 1], [4, 2, 1, 3, 5, 6], [4, 2, 1, 3, 6, 5], [4, 2, 3, 1, 5, 6], [4, 2, 3, 1, 6, 5], [4, 2, 3, 5, 1, 6], [4, 2, 3, 5, 6, 1], [4, 2, 3, 6, 1, 5], [4, 2, 3, 6, 5, 1]]
Distance:34

(38)
A = 
{(4, 5, 6, 2, 3, 1), (6, 3, 2, 1, 5, 4), (5, 2, 6, 4, 3, 1)}
M(A) = 
[[5, 2, 4, 6, 3, 1], [5, 2, 6, 4, 3, 1], [5, 4, 2, 6, 3, 1], [5, 4, 6, 2, 3, 1], [5, 4, 6, 3, 1, 2], [5, 4, 6, 3, 2, 1], [5, 6, 2, 4, 3, 1], [5, 6, 4, 2, 3, 1], [5, 6, 4, 3, 1, 2], [5, 6, 4, 3, 2, 1]]
Distance: 11
B = 
{(6, 4, 1, 5, 3, 2), (5, 3, 1, 2, 4, 6), (1, 5, 4, 2, 3, 6)}
M(B) = 
[[5, 2, 4, 6, 3, 1], [5, 2, 6, 4, 3, 1], [5, 4, 2, 6, 3, 1], [5, 4, 6, 2, 3, 1], [5, 4, 6, 3, 1, 2], [5, 4, 6, 3, 2, 1], [5, 6, 2, 4, 3, 1], [5, 6, 4, 2, 3, 1], [5, 6, 4, 3, 1, 2], [5, 6, 4, 3, 2, 1]]
Distance: 12
M(A) inter A:
set()
M(B) inter B:
set()

AUB = 
{(4, 5, 6, 2, 3, 1), (6, 4, 1, 5, 3, 2), (6, 3, 2, 1, 5, 4), (1, 5, 4, 2, 3, 6), (5, 2, 6, 4, 3, 1), (5, 3, 1, 2, 4, 6)}
M(AUB) = 
[[5, 2, 4, 6, 3, 1], [5, 2, 6, 4, 3, 1], [5, 4, 2, 6, 3, 1], [5, 4, 6, 2, 3, 1], [5, 4, 6, 3, 1, 2], [5, 4, 6, 3, 2, 1], [5, 6, 2, 4, 3, 1], [5, 6, 4, 2, 3, 1], [5, 6, 4, 3, 1, 2], [5, 6, 4, 3, 2, 1]]
Distance:35

(39)
A = 
{(1, 4, 5, 3, 2, 6), (4, 5, 1, 3, 6, 2), (3, 6, 1, 2, 4, 5)}
M(A) = 
[[4, 1, 2, 3, 6, 5], [4, 1, 3, 2, 6, 5], [4, 2, 1, 3, 6, 5]]
Distance: 11
B = 
{(4, 2, 6, 1, 3, 5), (4, 2, 1, 3, 6, 5), (2, 4, 1, 3, 6, 5)}
M(B) = 
[[4, 1, 2, 3, 6, 5], [4, 1, 3, 2, 6, 5], [4, 2, 1, 3, 6, 5]]
Distance: 3
M(A) inter A:
set()
M(B) inter B:
{(4, 2, 1, 3, 6, 5)}

AUB = 
{(4, 2, 6, 1, 3, 5), (4, 5, 1, 3, 6, 2), (3, 6, 1, 2, 4, 5), (1, 4, 5, 3, 2, 6), (4, 2, 1, 3, 6, 5), (2, 4, 1, 3, 6, 5)}
M(AUB) = 
[[4, 1, 2, 3, 6, 5], [4, 1, 3, 2, 6, 5], [4, 2, 1, 3, 6, 5]]
Distance:25

(40)
A = 
{(1, 4, 5, 6, 2, 3), (3, 1, 4, 5, 6, 2), (2, 5, 1, 4, 6, 3)}
M(A) = 
[[3, 1, 5, 4, 6, 2], [3, 5, 1, 4, 6, 2], [5, 3, 1, 4, 6, 2]]
Distance: 11
B = 
{(2, 6, 3, 5, 1, 4), (5, 3, 4, 1, 6, 2), (3, 1, 6, 5, 4, 2)}
M(B) = 
[[3, 1, 5, 4, 6, 2], [3, 5, 1, 4, 6, 2], [5, 3, 1, 4, 6, 2]]
Distance: 13
M(A) inter A:
set()
M(B) inter B:
{(3, 1, 6, 5, 4, 2)}

AUB = 
{(1, 4, 5, 6, 2, 3), (2, 6, 3, 5, 1, 4), (5, 3, 4, 1, 6, 2), (3, 1, 6, 5, 4, 2), (3, 1, 4, 5, 6, 2), (2, 5, 1, 4, 6, 3)}
M(AUB) = 
[[3, 1, 5, 4, 6, 2], [3, 5, 1, 4, 6, 2], [5, 3, 1, 4, 6, 2]]
Distance:32

(41)
A = 
{(4, 6, 3, 5, 2, 1), (4, 6, 5, 1, 3, 2), (6, 4, 1, 5, 2, 3)}
M(A) = 
[[4, 6, 5, 1, 2, 3], [4, 6, 5, 1, 3, 2]]
Distance: 6
B = 
{(4, 2, 1, 6, 5, 3), (5, 1, 6, 2, 4, 3), (4, 5, 3, 1, 6, 2)}
M(B) = 
[[4, 6, 5, 1, 2, 3], [4, 6, 5, 1, 3, 2]]
Distance: 12
M(A) inter A:
set()
M(B) inter B:
set()

AUB = 
{(4, 2, 1, 6, 5, 3), (4, 6, 5, 1, 3, 2), (6, 4, 1, 5, 2, 3), (5, 1, 6, 2, 4, 3), (4, 6, 3, 5, 2, 1), (4, 5, 3, 1, 6, 2)}
M(AUB) = 
[[4, 6, 5, 1, 2, 3], [4, 6, 5, 1, 3, 2]]
Distance:23

(42)
A = 
{(3, 6, 5, 2, 4, 1), (5, 6, 1, 4, 3, 2), (6, 2, 4, 5, 3, 1)}
M(A) = 
[[3, 6, 2, 5, 1, 4], [3, 6, 2, 5, 4, 1], [3, 6, 5, 2, 1, 4], [3, 6, 5, 2, 4, 1], [6, 2, 3, 5, 1, 4], [6, 2, 3, 5, 4, 1], [6, 2, 5, 3, 1, 4], [6, 2, 5, 3, 4, 1], [6, 2, 5, 4, 3, 1], [6, 3, 2, 5, 1, 4], [6, 3, 2, 5, 4, 1], [6, 3, 5, 2, 1, 4], [6, 3, 5, 2, 4, 1], [6, 5, 2, 3, 1, 4], [6, 5, 2, 3, 4, 1], [6, 5, 2, 4, 3, 1], [6, 5, 3, 2, 1, 4], [6, 5, 3, 2, 4, 1]]
Distance: 12
B = 
{(1, 6, 3, 5, 4, 2), (2, 5, 4, 3, 6, 1), (2, 3, 1, 4, 6, 5)}
M(B) = 
[[3, 6, 2, 5, 1, 4], [3, 6, 2, 5, 4, 1], [3, 6, 5, 2, 1, 4], [3, 6, 5, 2, 4, 1], [6, 2, 3, 5, 1, 4], [6, 2, 3, 5, 4, 1], [6, 2, 5, 3, 1, 4], [6, 2, 5, 3, 4, 1], [6, 2, 5, 4, 3, 1], [6, 3, 2, 5, 1, 4], [6, 3, 2, 5, 4, 1], [6, 3, 5, 2, 1, 4], [6, 3, 5, 2, 4, 1], [6, 5, 2, 3, 1, 4], [6, 5, 2, 3, 4, 1], [6, 5, 2, 4, 3, 1], [6, 5, 3, 2, 1, 4], [6, 5, 3, 2, 4, 1]]
Distance: 16
M(A) inter A:
set()
M(B) inter B:
{(2, 3, 1, 4, 6, 5)}

AUB = 
{(5, 6, 1, 4, 3, 2), (3, 6, 5, 2, 4, 1), (2, 3, 1, 4, 6, 5), (1, 6, 3, 5, 4, 2), (6, 2, 4, 5, 3, 1), (2, 5, 4, 3, 6, 1)}
M(AUB) = 
[[3, 6, 2, 5, 1, 4], [3, 6, 2, 5, 4, 1], [3, 6, 5, 2, 1, 4], [3, 6, 5, 2, 4, 1], [6, 2, 3, 5, 1, 4], [6, 2, 3, 5, 4, 1], [6, 2, 5, 3, 1, 4], [6, 2, 5, 3, 4, 1], [6, 2, 5, 4, 3, 1], [6, 3, 2, 5, 1, 4], [6, 3, 2, 5, 4, 1], [6, 3, 5, 2, 1, 4], [6, 3, 5, 2, 4, 1], [6, 5, 2, 3, 1, 4], [6, 5, 2, 3, 4, 1], [6, 5, 2, 4, 3, 1], [6, 5, 3, 2, 1, 4], [6, 5, 3, 2, 4, 1]]
Distance:36

(43)
A = 
{(4, 5, 3, 6, 1, 2), (3, 1, 4, 5, 6, 2), (6, 3, 1, 4, 2, 5)}
M(A) = 
[[3, 1, 4, 5, 6, 2], [3, 1, 4, 6, 5, 2], [3, 4, 1, 5, 6, 2], [3, 4, 1, 6, 5, 2]]
Distance: 10
B = 
{(4, 1, 3, 6, 5, 2), (5, 3, 4, 1, 2, 6), (1, 3, 6, 2, 5, 4)}
M(B) = 
[[3, 1, 4, 5, 6, 2], [3, 1, 4, 6, 5, 2], [3, 4, 1, 5, 6, 2], [3, 4, 1, 6, 5, 2]]
Distance: 13
M(A) inter A:
set()
M(B) inter B:
{(4, 1, 3, 6, 5, 2)}

AUB = 
{(4, 1, 3, 6, 5, 2), (1, 3, 6, 2, 5, 4), (6, 3, 1, 4, 2, 5), (4, 5, 3, 6, 1, 2), (5, 3, 4, 1, 2, 6), (3, 1, 4, 5, 6, 2)}
M(AUB) = 
[[3, 1, 4, 5, 6, 2], [3, 1, 4, 6, 5, 2], [3, 4, 1, 5, 6, 2], [3, 4, 1, 6, 5, 2]]
Distance:25

(44)
A = 
{(3, 4, 5, 1, 6, 2), (5, 6, 2, 1, 4, 3), (4, 2, 1, 5, 3, 6)}
M(A) = 
[[4, 5, 2, 1, 3, 6], [4, 5, 2, 1, 6, 3], [4, 5, 2, 6, 1, 3], [5, 2, 1, 3, 4, 6], [5, 2, 1, 4, 3, 6], [5, 2, 1, 4, 6, 3], [5, 2, 4, 1, 3, 6], [5, 2, 4, 1, 6, 3], [5, 2, 4, 6, 1, 3], [5, 4, 2, 1, 3, 6], [5, 4, 2, 1, 6, 3], [5, 4, 2, 6, 1, 3]]
Distance: 15
B = 
{(1, 5, 3, 2, 4, 6), (4, 2, 6, 1, 3, 5), (5, 2, 6, 3, 1, 4)}
M(B) = 
[[4, 5, 2, 1, 3, 6], [4, 5, 2, 1, 6, 3], [4, 5, 2, 6, 1, 3], [5, 2, 1, 3, 4, 6], [5, 2, 1, 4, 3, 6], [5, 2, 1, 4, 6, 3], [5, 2, 4, 1, 3, 6], [5, 2, 4, 1, 6, 3], [5, 2, 4, 6, 1, 3], [5, 4, 2, 1, 3, 6], [5, 4, 2, 1, 6, 3], [5, 4, 2, 6, 1, 3]]
Distance: 16
M(A) inter A:
set()
M(B) inter B:
set()

AUB = 
{(3, 4, 5, 1, 6, 2), (5, 6, 2, 1, 4, 3), (4, 2, 1, 5, 3, 6), (5, 2, 6, 3, 1, 4), (4, 2, 6, 1, 3, 5), (1, 5, 3, 2, 4, 6)}
M(AUB) = 
[[4, 5, 2, 1, 3, 6], [4, 5, 2, 1, 6, 3], [4, 5, 2, 6, 1, 3], [5, 2, 1, 3, 4, 6], [5, 2, 1, 4, 3, 6], [5, 2, 1, 4, 6, 3], [5, 2, 4, 1, 3, 6], [5, 2, 4, 1, 6, 3], [5, 2, 4, 6, 1, 3], [5, 4, 2, 1, 3, 6], [5, 4, 2, 1, 6, 3], [5, 4, 2, 6, 1, 3]]
Distance:36

(45)
A = 
{(1, 2, 6, 5, 4, 3), (6, 1, 5, 3, 2, 4), (1, 3, 2, 6, 5, 4)}
M(A) = 
[[1, 2, 3, 4, 6, 5], [1, 2, 3, 6, 4, 5], [1, 2, 3, 6, 5, 4], [1, 3, 2, 4, 6, 5], [1, 3, 2, 6, 4, 5], [1, 3, 2, 6, 5, 4]]
Distance: 8
B = 
{(3, 4, 1, 6, 2, 5), (2, 1, 4, 3, 5, 6), (1, 2, 3, 4, 5, 6)}
M(B) = 
[[1, 2, 3, 4, 6, 5], [1, 2, 3, 6, 4, 5], [1, 2, 3, 6, 5, 4], [1, 3, 2, 4, 6, 5], [1, 3, 2, 6, 4, 5], [1, 3, 2, 6, 5, 4]]
Distance: 8
M(A) inter A:
set()
M(B) inter B:
{(1, 2, 3, 4, 5, 6)}

AUB = 
{(1, 2, 6, 5, 4, 3), (3, 4, 1, 6, 2, 5), (6, 1, 5, 3, 2, 4), (1, 3, 2, 6, 5, 4), (2, 1, 4, 3, 5, 6), (1, 2, 3, 4, 5, 6)}
M(AUB) = 
[[1, 2, 3, 4, 6, 5], [1, 2, 3, 6, 4, 5], [1, 2, 3, 6, 5, 4], [1, 3, 2, 4, 6, 5], [1, 3, 2, 6, 4, 5], [1, 3, 2, 6, 5, 4]]
Distance:25

(46)
A = 
{(3, 1, 2, 6, 4, 5), (6, 4, 3, 5, 2, 1), (3, 6, 5, 4, 1, 2)}
M(A) = 
[[3, 1, 6, 4, 5, 2], [3, 6, 1, 4, 5, 2]]
Distance: 10
B = 
{(3, 6, 5, 1, 4, 2), (2, 1, 4, 3, 5, 6), (3, 1, 4, 6, 5, 2)}
M(B) = 
[[3, 1, 6, 4, 5, 2], [3, 6, 1, 4, 5, 2]]
Distance: 12
M(A) inter A:
set()
M(B) inter B:
{(3, 1, 4, 6, 5, 2)}

AUB = 
{(2, 1, 4, 3, 5, 6), (3, 6, 5, 1, 4, 2), (3, 1, 4, 6, 5, 2), (3, 6, 5, 4, 1, 2), (3, 1, 2, 6, 4, 5), (6, 4, 3, 5, 2, 1)}
M(AUB) = 
[[3, 1, 6, 4, 5, 2], [3, 6, 1, 4, 5, 2]]
Distance:26

(47)
A = 
{(6, 4, 1, 5, 3, 2), (4, 1, 5, 2, 6, 3), (3, 6, 4, 5, 1, 2)}
M(A) = 
[[4, 1, 3, 2, 5, 6], [4, 1, 3, 2, 6, 5], [4, 1, 3, 5, 2, 6], [4, 1, 5, 3, 2, 6]]
Distance: 10
B = 
{(1, 4, 3, 2, 6, 5), (2, 4, 5, 1, 3, 6), (3, 2, 1, 4, 5, 6)}
M(B) = 
[[4, 1, 3, 2, 5, 6], [4, 1, 3, 2, 6, 5], [4, 1, 3, 5, 2, 6], [4, 1, 5, 3, 2, 6]]
Distance: 10
M(A) inter A:
set()
M(B) inter B:
set()

AUB = 
{(6, 4, 1, 5, 3, 2), (1, 4, 3, 2, 6, 5), (3, 6, 4, 5, 1, 2), (4, 1, 5, 2, 6, 3), (2, 4, 5, 1, 3, 6), (3, 2, 1, 4, 5, 6)}
M(AUB) = 
[[4, 1, 3, 2, 5, 6], [4, 1, 3, 2, 6, 5], [4, 1, 3, 5, 2, 6], [4, 1, 5, 3, 2, 6]]
Distance:31

(48)
A = 
{(2, 5, 3, 4, 1, 6), (6, 3, 2, 5, 4, 1), (1, 4, 3, 2, 5, 6)}
M(A) = 
[[3, 1, 2, 4, 5, 6], [3, 1, 2, 5, 4, 6], [3, 2, 1, 4, 5, 6], [3, 2, 1, 5, 4, 6], [3, 2, 4, 1, 5, 6]]
Distance: 14
B = 
{(4, 3, 1, 2, 5, 6), (3, 2, 1, 4, 5, 6), (1, 6, 5, 2, 3, 4)}
M(B) = 
[[3, 1, 2, 4, 5, 6], [3, 1, 2, 5, 4, 6], [3, 2, 1, 4, 5, 6], [3, 2, 1, 5, 4, 6], [3, 2, 4, 1, 5, 6]]
Distance: 13
M(A) inter A:
set()
M(B) inter B:
set()

AUB = 
{(6, 3, 2, 5, 4, 1), (1, 4, 3, 2, 5, 6), (4, 3, 1, 2, 5, 6), (1, 6, 5, 2, 3, 4), (2, 5, 3, 4, 1, 6), (3, 2, 1, 4, 5, 6)}
M(AUB) = 
[[3, 1, 2, 4, 5, 6], [3, 1, 2, 5, 4, 6], [3, 2, 1, 4, 5, 6], [3, 2, 1, 5, 4, 6], [3, 2, 4, 1, 5, 6]]
Distance:31

(49)
A = 
{(1, 6, 5, 2, 4, 3), (4, 6, 1, 5, 2, 3), (2, 3, 1, 4, 5, 6)}
M(A) = 
[[1, 2, 3, 4, 5, 6], [1, 2, 3, 4, 6, 5], [1, 2, 3, 5, 4, 6], [1, 2, 3, 5, 6, 4], [1, 2, 3, 6, 4, 5], [1, 2, 3, 6, 5, 4], [1, 2, 5, 3, 4, 6], [1, 2, 5, 3, 6, 4], [1, 2, 5, 6, 3, 4], [1, 2, 6, 3, 4, 5], [1, 2, 6, 3, 5, 4], [1, 2, 6, 5, 3, 4], [1, 5, 2, 3, 4, 6], [1, 5, 2, 3, 6, 4], [1, 5, 2, 6, 3, 4], [1, 5, 6, 2, 3, 4], [1, 6, 2, 3, 4, 5], [1, 6, 2, 3, 5, 4], [1, 6, 2, 5, 3, 4], [1, 6, 5, 2, 3, 4], [2, 1, 3, 4, 5, 6], [2, 1, 3, 4, 6, 5], [2, 1, 3, 5, 4, 6], [2, 1, 3, 5, 6, 4], [2, 1, 3, 6, 4, 5], [2, 1, 3, 6, 5, 4], [2, 1, 5, 3, 4, 6], [2, 1, 5, 3, 6, 4], [2, 1, 5, 6, 3, 4], [2, 1, 6, 3, 4, 5], [2, 1, 6, 3, 5, 4], [2, 1, 6, 5, 3, 4], [2, 3, 1, 4, 5, 6], [2, 3, 1, 4, 6, 5], [2, 3, 1, 5, 4, 6], [2, 3, 1, 5, 6, 4], [2, 3, 1, 6, 4, 5], [2, 3, 1, 6, 5, 4], [2, 3, 4, 1, 5, 6], [2, 3, 4, 1, 6, 5]]
Distance: 14
B = 
{(3, 5, 6, 2, 4, 1), (1, 2, 6, 5, 3, 4), (3, 2, 4, 5, 1, 6)}
M(B) = 
[[1, 2, 3, 4, 5, 6], [1, 2, 3, 4, 6, 5], [1, 2, 3, 5, 4, 6], [1, 2, 3, 5, 6, 4], [1, 2, 3, 6, 4, 5], [1, 2, 3, 6, 5, 4], [1, 2, 5, 3, 4, 6], [1, 2, 5, 3, 6, 4], [1, 2, 5, 6, 3, 4], [1, 2, 6, 3, 4, 5], [1, 2, 6, 3, 5, 4], [1, 2, 6, 5, 3, 4], [1, 5, 2, 3, 4, 6], [1, 5, 2, 3, 6, 4], [1, 5, 2, 6, 3, 4], [1, 5, 6, 2, 3, 4], [1, 6, 2, 3, 4, 5], [1, 6, 2, 3, 5, 4], [1, 6, 2, 5, 3, 4], [1, 6, 5, 2, 3, 4], [2, 1, 3, 4, 5, 6], [2, 1, 3, 4, 6, 5], [2, 1, 3, 5, 4, 6], [2, 1, 3, 5, 6, 4], [2, 1, 3, 6, 4, 5], [2, 1, 3, 6, 5, 4], [2, 1, 5, 3, 4, 6], [2, 1, 5, 3, 6, 4], [2, 1, 5, 6, 3, 4], [2, 1, 6, 3, 4, 5], [2, 1, 6, 3, 5, 4], [2, 1, 6, 5, 3, 4], [2, 3, 1, 4, 5, 6], [2, 3, 1, 4, 6, 5], [2, 3, 1, 5, 4, 6], [2, 3, 1, 5, 6, 4], [2, 3, 1, 6, 4, 5], [2, 3, 1, 6, 5, 4], [2, 3, 4, 1, 5, 6], [2, 3, 4, 1, 6, 5]]
Distance: 14
M(A) inter A:
set()
M(B) inter B:
set()

AUB = 
{(4, 6, 1, 5, 2, 3), (2, 3, 1, 4, 5, 6), (3, 2, 4, 5, 1, 6), (3, 5, 6, 2, 4, 1), (1, 6, 5, 2, 4, 3), (1, 2, 6, 5, 3, 4)}
M(AUB) = 
[[1, 2, 3, 4, 5, 6], [1, 2, 3, 4, 6, 5], [1, 2, 3, 5, 4, 6], [1, 2, 3, 5, 6, 4], [1, 2, 3, 6, 4, 5], [1, 2, 3, 6, 5, 4], [1, 2, 5, 3, 4, 6], [1, 2, 5, 3, 6, 4], [1, 2, 5, 6, 3, 4], [1, 2, 6, 3, 4, 5], [1, 2, 6, 3, 5, 4], [1, 2, 6, 5, 3, 4], [1, 5, 2, 3, 4, 6], [1, 5, 2, 3, 6, 4], [1, 5, 2, 6, 3, 4], [1, 5, 6, 2, 3, 4], [1, 6, 2, 3, 4, 5], [1, 6, 2, 3, 5, 4], [1, 6, 2, 5, 3, 4], [1, 6, 5, 2, 3, 4], [2, 1, 3, 4, 5, 6], [2, 1, 3, 4, 6, 5], [2, 1, 3, 5, 4, 6], [2, 1, 3, 5, 6, 4], [2, 1, 3, 6, 4, 5], [2, 1, 3, 6, 5, 4], [2, 1, 5, 3, 4, 6], [2, 1, 5, 3, 6, 4], [2, 1, 5, 6, 3, 4], [2, 1, 6, 3, 4, 5], [2, 1, 6, 3, 5, 4], [2, 1, 6, 5, 3, 4], [2, 3, 1, 4, 5, 6], [2, 3, 1, 4, 6, 5], [2, 3, 1, 5, 4, 6], [2, 3, 1, 5, 6, 4], [2, 3, 1, 6, 4, 5], [2, 3, 1, 6, 5, 4], [2, 3, 4, 1, 5, 6], [2, 3, 4, 1, 6, 5]]
Distance:39

(50)
A = 
{(3, 1, 5, 2, 6, 4), (3, 5, 4, 1, 6, 2), (1, 4, 6, 2, 3, 5)}
M(A) = 
[[2, 3, 5, 1, 4, 6], [2, 3, 5, 1, 6, 4], [3, 2, 5, 1, 4, 6], [3, 2, 5, 1, 6, 4]]
Distance: 12
B = 
{(4, 6, 3, 2, 5, 1), (2, 3, 5, 1, 6, 4), (2, 5, 6, 1, 4, 3)}
M(B) = 
[[2, 3, 5, 1, 4, 6], [2, 3, 5, 1, 6, 4], [3, 2, 5, 1, 4, 6], [3, 2, 5, 1, 6, 4]]
Distance: 14
M(A) inter A:
set()
M(B) inter B:
{(2, 5, 6, 1, 4, 3)}

AUB = 
{(3, 1, 5, 2, 6, 4), (2, 3, 5, 1, 6, 4), (1, 4, 6, 2, 3, 5), (4, 6, 3, 2, 5, 1), (3, 5, 4, 1, 6, 2), (2, 5, 6, 1, 4, 3)}
M(AUB) = 
[[2, 3, 5, 1, 4, 6], [2, 3, 5, 1, 6, 4], [3, 2, 5, 1, 4, 6], [3, 2, 5, 1, 6, 4]]
Distance:36

(51)
A = 
{(3, 4, 1, 5, 6, 2), (1, 6, 5, 2, 3, 4), (3, 6, 2, 4, 5, 1)}
M(A) = 
[[3, 1, 6, 4, 5, 2], [3, 6, 1, 4, 5, 2], [3, 6, 4, 1, 5, 2], [3, 6, 4, 5, 1, 2]]
Distance: 15
B = 
{(3, 6, 1, 4, 2, 5), (5, 1, 3, 6, 4, 2), (3, 4, 6, 5, 2, 1)}
M(B) = 
[[3, 1, 6, 4, 5, 2], [3, 6, 1, 4, 5, 2], [3, 6, 4, 1, 5, 2], [3, 6, 4, 5, 1, 2]]
Distance: 11
M(A) inter A:
set()
M(B) inter B:
set()

AUB = 
{(3, 4, 1, 5, 6, 2), (3, 6, 1, 4, 2, 5), (5, 1, 3, 6, 4, 2), (1, 6, 5, 2, 3, 4), (3, 4, 6, 5, 2, 1), (3, 6, 2, 4, 5, 1)}
M(AUB) = 
[[3, 1, 6, 4, 5, 2], [3, 6, 1, 4, 5, 2], [3, 6, 4, 1, 5, 2], [3, 6, 4, 5, 1, 2]]
Distance:27

(52)
A = 
{(6, 1, 4, 3, 5, 2), (1, 3, 5, 2, 6, 4), (3, 2, 5, 6, 4, 1)}
M(A) = 
[[6, 3, 5, 2, 1, 4]]
Distance: 13
B = 
{(5, 6, 2, 1, 4, 3), (6, 5, 2, 3, 1, 4), (6, 3, 5, 4, 2, 1)}
M(B) = 
[[6, 3, 5, 2, 1, 4]]
Distance: 7
M(A) inter A:
set()
M(B) inter B:
{(6, 5, 2, 3, 1, 4)}

AUB = 
{(6, 1, 4, 3, 5, 2), (5, 6, 2, 1, 4, 3), (6, 5, 2, 3, 1, 4), (1, 3, 5, 2, 6, 4), (3, 2, 5, 6, 4, 1), (6, 3, 5, 4, 2, 1)}
M(AUB) = 
[[6, 3, 5, 2, 1, 4]]
Distance:27

(53)
A = 
{(3, 2, 5, 4, 6, 1), (3, 6, 5, 2, 1, 4), (2, 3, 5, 1, 4, 6)}
M(A) = 
[[2, 1, 3, 5, 4, 6], [2, 3, 1, 5, 4, 6], [2, 3, 5, 1, 4, 6], [3, 2, 1, 5, 4, 6], [3, 2, 5, 1, 4, 6]]
Distance: 8
B = 
{(2, 1, 5, 4, 3, 6), (1, 2, 4, 3, 5, 6), (1, 5, 6, 4, 3, 2)}
M(B) = 
[[2, 1, 3, 5, 4, 6], [2, 3, 1, 5, 4, 6], [2, 3, 5, 1, 4, 6], [3, 2, 1, 5, 4, 6], [3, 2, 5, 1, 4, 6]]
Distance: 9
M(A) inter A:
set()
M(B) inter B:
set()

AUB = 
{(3, 2, 5, 4, 6, 1), (2, 1, 5, 4, 3, 6), (3, 6, 5, 2, 1, 4), (1, 5, 6, 4, 3, 2), (2, 3, 5, 1, 4, 6), (1, 2, 4, 3, 5, 6)}
M(AUB) = 
[[2, 1, 3, 5, 4, 6], [2, 3, 1, 5, 4, 6], [2, 3, 5, 1, 4, 6], [3, 2, 1, 5, 4, 6], [3, 2, 5, 1, 4, 6]]
Distance:29

(54)
A = 
{(3, 2, 5, 1, 6, 4), (4, 1, 6, 3, 2, 5), (3, 6, 2, 4, 1, 5)}
M(A) = 
[[1, 3, 2, 6, 5, 4], [1, 3, 6, 2, 5, 4], [3, 1, 2, 6, 5, 4], [3, 1, 6, 2, 5, 4], [3, 2, 1, 6, 5, 4], [3, 2, 6, 1, 5, 4], [3, 2, 6, 5, 1, 4], [3, 2, 6, 5, 4, 1], [3, 6, 1, 2, 5, 4], [3, 6, 2, 1, 5, 4], [3, 6, 2, 5, 1, 4], [3, 6, 2, 5, 4, 1]]
Distance: 13
B = 
{(1, 3, 5, 2, 4, 6), (2, 6, 5, 1, 3, 4), (3, 6, 5, 4, 1, 2)}
M(B) = 
[[1, 3, 2, 6, 5, 4], [1, 3, 6, 2, 5, 4], [3, 1, 2, 6, 5, 4], [3, 1, 6, 2, 5, 4], [3, 2, 1, 6, 5, 4], [3, 2, 6, 1, 5, 4], [3, 2, 6, 5, 1, 4], [3, 2, 6, 5, 4, 1], [3, 6, 1, 2, 5, 4], [3, 6, 2, 1, 5, 4], [3, 6, 2, 5, 1, 4], [3, 6, 2, 5, 4, 1]]
Distance: 15
M(A) inter A:
set()
M(B) inter B:
set()

AUB = 
{(1, 3, 5, 2, 4, 6), (3, 6, 5, 4, 1, 2), (4, 1, 6, 3, 2, 5), (3, 2, 5, 1, 6, 4), (2, 6, 5, 1, 3, 4), (3, 6, 2, 4, 1, 5)}
M(AUB) = 
[[1, 3, 2, 6, 5, 4], [1, 3, 6, 2, 5, 4], [3, 1, 2, 6, 5, 4], [3, 1, 6, 2, 5, 4], [3, 2, 1, 6, 5, 4], [3, 2, 6, 1, 5, 4], [3, 2, 6, 5, 1, 4], [3, 2, 6, 5, 4, 1], [3, 6, 1, 2, 5, 4], [3, 6, 2, 1, 5, 4], [3, 6, 2, 5, 1, 4], [3, 6, 2, 5, 4, 1]]
Distance:33

(55)
A = 
{(2, 5, 3, 1, 4, 6), (1, 4, 2, 6, 3, 5), (6, 5, 2, 3, 4, 1)}
M(A) = 
[[2, 3, 5, 1, 4, 6], [2, 3, 5, 1, 6, 4], [2, 3, 5, 4, 1, 6], [2, 3, 5, 4, 6, 1], [2, 3, 5, 6, 1, 4], [2, 3, 5, 6, 4, 1], [2, 3, 6, 5, 1, 4], [2, 3, 6, 5, 4, 1], [3, 2, 5, 1, 4, 6], [3, 2, 5, 1, 6, 4], [3, 2, 5, 4, 1, 6], [3, 2, 5, 4, 6, 1], [3, 2, 5, 6, 1, 4], [3, 2, 5, 6, 4, 1], [3, 2, 6, 5, 1, 4], [3, 2, 6, 5, 4, 1], [3, 5, 2, 1, 4, 6], [3, 5, 2, 1, 6, 4], [3, 5, 2, 4, 1, 6], [3, 5, 2, 4, 6, 1], [3, 5, 2, 6, 1, 4], [3, 5, 2, 6, 4, 1], [3, 5, 4, 2, 1, 6], [3, 5, 4, 2, 6, 1], [3, 5, 4, 6, 2, 1], [3, 5, 6, 2, 1, 4], [3, 5, 6, 2, 4, 1], [3, 5, 6, 4, 2, 1], [3, 6, 2, 5, 1, 4], [3, 6, 2, 5, 4, 1], [3, 6, 5, 2, 1, 4], [3, 6, 5, 2, 4, 1], [3, 6, 5, 4, 2, 1]]
Distance: 16
B = 
{(1, 3, 5, 6, 4, 2), (3, 6, 5, 2, 4, 1), (4, 3, 2, 5, 6, 1)}
M(B) = 
[[2, 3, 5, 1, 4, 6], [2, 3, 5, 1, 6, 4], [2, 3, 5, 4, 1, 6], [2, 3, 5, 4, 6, 1], [2, 3, 5, 6, 1, 4], [2, 3, 5, 6, 4, 1], [2, 3, 6, 5, 1, 4], [2, 3, 6, 5, 4, 1], [3, 2, 5, 1, 4, 6], [3, 2, 5, 1, 6, 4], [3, 2, 5, 4, 1, 6], [3, 2, 5, 4, 6, 1], [3, 2, 5, 6, 1, 4], [3, 2, 5, 6, 4, 1], [3, 2, 6, 5, 1, 4], [3, 2, 6, 5, 4, 1], [3, 5, 2, 1, 4, 6], [3, 5, 2, 1, 6, 4], [3, 5, 2, 4, 1, 6], [3, 5, 2, 4, 6, 1], [3, 5, 2, 6, 1, 4], [3, 5, 2, 6, 4, 1], [3, 5, 4, 2, 1, 6], [3, 5, 4, 2, 6, 1], [3, 5, 4, 6, 2, 1], [3, 5, 6, 2, 1, 4], [3, 5, 6, 2, 4, 1], [3, 5, 6, 4, 2, 1], [3, 6, 2, 5, 1, 4], [3, 6, 2, 5, 4, 1], [3, 6, 5, 2, 1, 4], [3, 6, 5, 2, 4, 1], [3, 6, 5, 4, 2, 1]]
Distance: 12
M(A) inter A:
set()
M(B) inter B:
set()

AUB = 
{(1, 3, 5, 6, 4, 2), (3, 6, 5, 2, 4, 1), (2, 5, 3, 1, 4, 6), (6, 5, 2, 3, 4, 1), (4, 3, 2, 5, 6, 1), (1, 4, 2, 6, 3, 5)}
M(AUB) = 
[[2, 3, 5, 1, 4, 6], [2, 3, 5, 1, 6, 4], [2, 3, 5, 4, 1, 6], [2, 3, 5, 4, 6, 1], [2, 3, 5, 6, 1, 4], [2, 3, 5, 6, 4, 1], [2, 3, 6, 5, 1, 4], [2, 3, 6, 5, 4, 1], [3, 2, 5, 1, 4, 6], [3, 2, 5, 1, 6, 4], [3, 2, 5, 4, 1, 6], [3, 2, 5, 4, 6, 1], [3, 2, 5, 6, 1, 4], [3, 2, 5, 6, 4, 1], [3, 2, 6, 5, 1, 4], [3, 2, 6, 5, 4, 1], [3, 5, 2, 1, 4, 6], [3, 5, 2, 1, 6, 4], [3, 5, 2, 4, 1, 6], [3, 5, 2, 4, 6, 1], [3, 5, 2, 6, 1, 4], [3, 5, 2, 6, 4, 1], [3, 5, 4, 2, 1, 6], [3, 5, 4, 2, 6, 1], [3, 5, 4, 6, 2, 1], [3, 5, 6, 2, 1, 4], [3, 5, 6, 2, 4, 1], [3, 5, 6, 4, 2, 1], [3, 6, 2, 5, 1, 4], [3, 6, 2, 5, 4, 1], [3, 6, 5, 2, 1, 4], [3, 6, 5, 2, 4, 1], [3, 6, 5, 4, 2, 1]]
Distance:38

(56)
A = 
{(1, 3, 5, 2, 6, 4), (1, 3, 6, 2, 4, 5), (4, 1, 6, 2, 5, 3)}
M(A) = 
[[1, 3, 6, 2, 4, 5], [1, 3, 6, 2, 5, 4], [1, 3, 6, 5, 2, 4], [1, 6, 3, 2, 4, 5], [1, 6, 3, 2, 5, 4], [1, 6, 3, 5, 2, 4], [1, 6, 5, 3, 2, 4]]
Distance: 11
B = 
{(2, 3, 4, 5, 1, 6), (1, 6, 5, 3, 2, 4), (6, 5, 3, 2, 4, 1)}
M(B) = 
[[1, 3, 6, 2, 4, 5], [1, 3, 6, 2, 5, 4], [1, 3, 6, 5, 2, 4], [1, 6, 3, 2, 4, 5], [1, 6, 3, 2, 5, 4], [1, 6, 3, 5, 2, 4], [1, 6, 5, 3, 2, 4]]
Distance: 14
M(A) inter A:
set()
M(B) inter B:
{(6, 5, 3, 2, 4, 1)}

AUB = 
{(1, 3, 6, 2, 4, 5), (2, 3, 4, 5, 1, 6), (4, 1, 6, 2, 5, 3), (1, 3, 5, 2, 6, 4), (1, 6, 5, 3, 2, 4), (6, 5, 3, 2, 4, 1)}
M(AUB) = 
[[1, 3, 6, 2, 4, 5], [1, 3, 6, 2, 5, 4], [1, 3, 6, 5, 2, 4], [1, 6, 3, 2, 4, 5], [1, 6, 3, 2, 5, 4], [1, 6, 3, 5, 2, 4], [1, 6, 5, 3, 2, 4]]
Distance:32

(57)
A = 
{(4, 2, 3, 5, 1, 6), (5, 3, 1, 2, 6, 4), (3, 2, 5, 6, 1, 4)}
M(A) = 
[[3, 5, 1, 2, 4, 6], [3, 5, 1, 4, 2, 6]]
Distance: 10
B = 
{(1, 4, 3, 5, 6, 2), (3, 5, 1, 2, 4, 6), (4, 3, 6, 1, 5, 2)}
M(B) = 
[[3, 5, 1, 2, 4, 6], [3, 5, 1, 4, 2, 6]]
Distance: 10
M(A) inter A:
set()
M(B) inter B:
{(1, 4, 3, 5, 6, 2)}

AUB = 
{(5, 3, 1, 2, 6, 4), (1, 4, 3, 5, 6, 2), (4, 3, 6, 1, 5, 2), (3, 5, 1, 2, 4, 6), (4, 2, 3, 5, 1, 6), (3, 2, 5, 6, 1, 4)}
M(AUB) = 
[[3, 5, 1, 2, 4, 6], [3, 5, 1, 4, 2, 6]]
Distance:27

(58)
A = 
{(1, 3, 2, 6, 4, 5), (2, 6, 3, 5, 1, 4), (2, 1, 3, 4, 6, 5)}
M(A) = 
[[1, 2, 3, 4, 6, 5], [1, 2, 3, 6, 4, 5], [1, 2, 3, 6, 5, 4], [1, 2, 4, 3, 6, 5], [1, 3, 2, 4, 6, 5], [1, 3, 2, 6, 4, 5], [1, 3, 2, 6, 5, 4], [1, 3, 6, 2, 4, 5], [1, 3, 6, 2, 5, 4], [1, 3, 6, 5, 2, 4]]
Distance: 8
B = 
{(1, 5, 6, 2, 4, 3), (5, 1, 4, 3, 6, 2), (4, 3, 6, 5, 1, 2)}
M(B) = 
[[1, 2, 3, 4, 6, 5], [1, 2, 3, 6, 4, 5], [1, 2, 3, 6, 5, 4], [1, 2, 4, 3, 6, 5], [1, 3, 2, 4, 6, 5], [1, 3, 2, 6, 4, 5], [1, 3, 2, 6, 5, 4], [1, 3, 6, 2, 4, 5], [1, 3, 6, 2, 5, 4], [1, 3, 6, 5, 2, 4]]
Distance: 11
M(A) inter A:
set()
M(B) inter B:
{(5, 1, 4, 3, 6, 2)}

AUB = 
{(1, 3, 2, 6, 4, 5), (2, 6, 3, 5, 1, 4), (1, 5, 6, 2, 4, 3), (4, 3, 6, 5, 1, 2), (5, 1, 4, 3, 6, 2), (2, 1, 3, 4, 6, 5)}
M(AUB) = 
[[1, 2, 3, 4, 6, 5], [1, 2, 3, 6, 4, 5], [1, 2, 3, 6, 5, 4], [1, 2, 4, 3, 6, 5], [1, 3, 2, 4, 6, 5], [1, 3, 2, 6, 4, 5], [1, 3, 2, 6, 5, 4], [1, 3, 6, 2, 4, 5], [1, 3, 6, 2, 5, 4], [1, 3, 6, 5, 2, 4]]
Distance:36

(59)
A = 
{(5, 3, 2, 6, 4, 1), (6, 5, 3, 4, 1, 2), (5, 4, 2, 1, 6, 3)}
M(A) = 
[[5, 4, 1, 6, 3, 2], [5, 4, 6, 1, 3, 2], [5, 4, 6, 3, 1, 2], [5, 4, 6, 3, 2, 1], [5, 6, 4, 1, 3, 2], [5, 6, 4, 3, 1, 2], [5, 6, 4, 3, 2, 1]]
Distance: 11
B = 
{(1, 6, 4, 5, 2, 3), (1, 5, 4, 3, 6, 2), (4, 5, 6, 3, 2, 1)}
M(B) = 
[[5, 4, 1, 6, 3, 2], [5, 4, 6, 1, 3, 2], [5, 4, 6, 3, 1, 2], [5, 4, 6, 3, 2, 1], [5, 6, 4, 1, 3, 2], [5, 6, 4, 3, 1, 2], [5, 6, 4, 3, 2, 1]]
Distance: 10
M(A) inter A:
set()
M(B) inter B:
set()

AUB = 
{(1, 5, 4, 3, 6, 2), (5, 3, 2, 6, 4, 1), (6, 5, 3, 4, 1, 2), (5, 4, 2, 1, 6, 3), (1, 6, 4, 5, 2, 3), (4, 5, 6, 3, 2, 1)}
M(AUB) = 
[[5, 4, 1, 6, 3, 2], [5, 4, 6, 1, 3, 2], [5, 4, 6, 3, 1, 2], [5, 4, 6, 3, 2, 1], [5, 6, 4, 1, 3, 2], [5, 6, 4, 3, 1, 2], [5, 6, 4, 3, 2, 1]]
Distance:29

(60)
A = 
{(4, 6, 5, 3, 1, 2), (3, 2, 1, 6, 5, 4), (1, 6, 2, 4, 3, 5)}
M(A) = 
[[5, 4, 3, 1, 2, 6], [5, 4, 3, 1, 6, 2]]
Distance: 16
B = 
{(5, 4, 1, 2, 6, 3), (3, 1, 5, 6, 4, 2), (5, 2, 4, 3, 6, 1)}
M(B) = 
[[5, 4, 3, 1, 2, 6], [5, 4, 3, 1, 6, 2]]
Distance: 13
M(A) inter A:
set()
M(B) inter B:
set()

AUB = 
{(5, 4, 1, 2, 6, 3), (3, 2, 1, 6, 5, 4), (3, 1, 5, 6, 4, 2), (5, 2, 4, 3, 6, 1), (4, 6, 5, 3, 1, 2), (1, 6, 2, 4, 3, 5)}
M(AUB) = 
[[5, 4, 3, 1, 2, 6], [5, 4, 3, 1, 6, 2]]
Distance:39

(61)
A = 
{(3, 1, 5, 6, 2, 4), (4, 2, 6, 1, 3, 5), (5, 2, 3, 4, 1, 6)}
M(A) = 
[[3, 4, 6, 1, 5, 2], [3, 6, 1, 4, 5, 2], [3, 6, 1, 5, 2, 4], [3, 6, 1, 5, 4, 2], [3, 6, 4, 1, 5, 2], [6, 3, 1, 4, 5, 2], [6, 3, 1, 5, 2, 4], [6, 3, 1, 5, 4, 2], [6, 3, 4, 1, 5, 2]]
Distance: 17
B = 
{(6, 3, 1, 2, 4, 5), (3, 6, 1, 4, 5, 2), (5, 4, 6, 2, 3, 1)}
M(B) = 
[[3, 4, 6, 1, 5, 2], [3, 6, 1, 4, 5, 2], [3, 6, 1, 5, 2, 4], [3, 6, 1, 5, 4, 2], [3, 6, 4, 1, 5, 2], [6, 3, 1, 4, 5, 2], [6, 3, 1, 5, 2, 4], [6, 3, 1, 5, 4, 2], [6, 3, 4, 1, 5, 2]]
Distance: 12
M(A) inter A:
set()
M(B) inter B:
set()

AUB = 
{(4, 2, 6, 1, 3, 5), (5, 4, 6, 2, 3, 1), (3, 6, 1, 4, 5, 2), (3, 1, 5, 6, 2, 4), (6, 3, 1, 2, 4, 5), (5, 2, 3, 4, 1, 6)}
M(AUB) = 
[[3, 4, 6, 1, 5, 2], [3, 6, 1, 4, 5, 2], [3, 6, 1, 5, 2, 4], [3, 6, 1, 5, 4, 2], [3, 6, 4, 1, 5, 2], [6, 3, 1, 4, 5, 2], [6, 3, 1, 5, 2, 4], [6, 3, 1, 5, 4, 2], [6, 3, 4, 1, 5, 2]]
Distance:37

(62)
A = 
{(2, 1, 3, 4, 5, 6), (1, 5, 6, 3, 2, 4), (4, 3, 6, 5, 1, 2)}
M(A) = 
[[1, 3, 5, 6, 2, 4], [1, 3, 6, 2, 4, 5], [1, 3, 6, 2, 5, 4], [1, 3, 6, 5, 2, 4], [3, 1, 5, 6, 2, 4], [3, 1, 6, 2, 4, 5], [3, 1, 6, 2, 5, 4], [3, 1, 6, 5, 2, 4], [3, 5, 1, 6, 2, 4]]
Distance: 16
B = 
{(3, 5, 1, 6, 2, 4), (1, 3, 2, 4, 6, 5), (6, 3, 2, 5, 4, 1)}
M(B) = 
[[1, 3, 5, 6, 2, 4], [1, 3, 6, 2, 4, 5], [1, 3, 6, 2, 5, 4], [1, 3, 6, 5, 2, 4], [3, 1, 5, 6, 2, 4], [3, 1, 6, 2, 4, 5], [3, 1, 6, 2, 5, 4], [3, 1, 6, 5, 2, 4], [3, 5, 1, 6, 2, 4]]
Distance: 12
M(A) inter A:
set()
M(B) inter B:
set()

AUB = 
{(1, 3, 2, 4, 6, 5), (1, 5, 6, 3, 2, 4), (6, 3, 2, 5, 4, 1), (3, 5, 1, 6, 2, 4), (4, 3, 6, 5, 1, 2), (2, 1, 3, 4, 5, 6)}
M(AUB) = 
[[1, 3, 5, 6, 2, 4], [1, 3, 6, 2, 4, 5], [1, 3, 6, 2, 5, 4], [1, 3, 6, 5, 2, 4], [3, 1, 5, 6, 2, 4], [3, 1, 6, 2, 4, 5], [3, 1, 6, 2, 5, 4], [3, 1, 6, 5, 2, 4], [3, 5, 1, 6, 2, 4]]
Distance:32

(63)
A = 
{(4, 6, 1, 2, 3, 5), (6, 1, 3, 2, 4, 5), (3, 1, 4, 5, 6, 2)}
M(A) = 
[[4, 6, 1, 3, 2, 5], [4, 6, 3, 1, 2, 5]]
Distance: 11
B = 
{(4, 2, 6, 5, 3, 1), (4, 3, 2, 6, 1, 5), (6, 1, 4, 5, 3, 2)}
M(B) = 
[[4, 6, 1, 3, 2, 5], [4, 6, 3, 1, 2, 5]]
Distance: 12
M(A) inter A:
set()
M(B) inter B:
{(4, 2, 6, 5, 3, 1), (4, 3, 2, 6, 1, 5)}

AUB = 
{(4, 2, 6, 5, 3, 1), (4, 3, 2, 6, 1, 5), (6, 1, 3, 2, 4, 5), (4, 6, 1, 2, 3, 5), (6, 1, 4, 5, 3, 2), (3, 1, 4, 5, 6, 2)}
M(AUB) = 
[[4, 6, 1, 3, 2, 5], [4, 6, 3, 1, 2, 5]]
Distance:26

(64)
A = 
{(6, 4, 5, 1, 3, 2), (2, 4, 6, 3, 5, 1), (2, 3, 5, 1, 4, 6)}
M(A) = 
[[3, 5, 1, 2, 4, 6], [3, 5, 1, 2, 6, 4], [3, 5, 1, 6, 2, 4]]
Distance: 14
B = 
{(3, 5, 1, 6, 2, 4), (3, 4, 1, 5, 2, 6), (1, 6, 5, 2, 3, 4)}
M(B) = 
[[3, 5, 1, 2, 4, 6], [3, 5, 1, 2, 6, 4], [3, 5, 1, 6, 2, 4]]
Distance: 11
M(A) inter A:
set()
M(B) inter B:
set()

AUB = 
{(3, 4, 1, 5, 2, 6), (3, 5, 1, 6, 2, 4), (2, 4, 6, 3, 5, 1), (2, 3, 5, 1, 4, 6), (6, 4, 5, 1, 3, 2), (1, 6, 5, 2, 3, 4)}
M(AUB) = 
[[3, 5, 1, 2, 4, 6], [3, 5, 1, 2, 6, 4], [3, 5, 1, 6, 2, 4]]
Distance:37

(65)
A = 
{(4, 1, 5, 3, 6, 2), (2, 3, 4, 6, 5, 1), (1, 4, 2, 6, 3, 5)}
M(A) = 
[[4, 1, 2, 3, 6, 5], [4, 1, 2, 6, 3, 5], [4, 1, 3, 2, 6, 5], [4, 1, 3, 6, 2, 5], [4, 1, 3, 6, 5, 2], [4, 1, 6, 2, 3, 5], [4, 1, 6, 3, 2, 5], [4, 1, 6, 3, 5, 2]]
Distance: 13
B = 
{(5, 4, 1, 3, 6, 2), (2, 1, 4, 6, 3, 5), (6, 3, 5, 4, 1, 2)}
M(B) = 
[[4, 1, 2, 3, 6, 5], [4, 1, 2, 6, 3, 5], [4, 1, 3, 2, 6, 5], [4, 1, 3, 6, 2, 5], [4, 1, 3, 6, 5, 2], [4, 1, 6, 2, 3, 5], [4, 1, 6, 3, 2, 5], [4, 1, 6, 3, 5, 2]]
Distance: 17
M(A) inter A:
set()
M(B) inter B:
set()

AUB = 
{(5, 4, 1, 3, 6, 2), (2, 1, 4, 6, 3, 5), (4, 1, 5, 3, 6, 2), (2, 3, 4, 6, 5, 1), (6, 3, 5, 4, 1, 2), (1, 4, 2, 6, 3, 5)}
M(AUB) = 
[[4, 1, 2, 3, 6, 5], [4, 1, 2, 6, 3, 5], [4, 1, 3, 2, 6, 5], [4, 1, 3, 6, 2, 5], [4, 1, 3, 6, 5, 2], [4, 1, 6, 2, 3, 5], [4, 1, 6, 3, 2, 5], [4, 1, 6, 3, 5, 2]]
Distance:34

(66)
A = 
{(6, 2, 3, 1, 5, 4), (5, 6, 4, 3, 1, 2), (1, 5, 6, 4, 2, 3)}
M(A) = 
[[5, 6, 1, 2, 4, 3], [5, 6, 2, 1, 4, 3]]
Distance: 13
B = 
{(5, 2, 6, 1, 4, 3), (5, 6, 1, 2, 4, 3), (3, 6, 2, 5, 1, 4)}
M(B) = 
[[5, 6, 1, 2, 4, 3], [5, 6, 2, 1, 4, 3]]
Distance: 9
M(A) inter A:
set()
M(B) inter B:
set()

AUB = 
{(6, 2, 3, 1, 5, 4), (5, 6, 4, 3, 1, 2), (1, 5, 6, 4, 2, 3), (5, 2, 6, 1, 4, 3), (5, 6, 1, 2, 4, 3), (3, 6, 2, 5, 1, 4)}
M(AUB) = 
[[5, 6, 1, 2, 4, 3], [5, 6, 2, 1, 4, 3]]
Distance:24

(67)
A = 
{(1, 5, 4, 3, 6, 2), (3, 5, 4, 2, 6, 1), (2, 3, 6, 5, 4, 1)}
M(A) = 
[[3, 5, 4, 1, 2, 6], [3, 5, 4, 1, 6, 2], [3, 5, 4, 6, 1, 2]]
Distance: 13
B = 
{(1, 3, 5, 2, 6, 4), (3, 4, 6, 5, 1, 2), (4, 1, 5, 3, 6, 2)}
M(B) = 
[[3, 5, 4, 1, 2, 6], [3, 5, 4, 1, 6, 2], [3, 5, 4, 6, 1, 2]]
Distance: 12
M(A) inter A:
set()
M(B) inter B:
set()

AUB = 
{(3, 5, 4, 2, 6, 1), (1, 3, 5, 2, 6, 4), (1, 5, 4, 3, 6, 2), (3, 4, 6, 5, 1, 2), (4, 1, 5, 3, 6, 2), (2, 3, 6, 5, 4, 1)}
M(AUB) = 
[[3, 5, 4, 1, 2, 6], [3, 5, 4, 1, 6, 2], [3, 5, 4, 6, 1, 2]]
Distance:30

(68)
A = 
{(5, 3, 1, 4, 6, 2), (2, 1, 6, 4, 5, 3), (1, 2, 3, 4, 5, 6)}
M(A) = 
[[1, 2, 3, 4, 6, 5], [1, 2, 3, 6, 4, 5], [1, 2, 3, 6, 5, 4], [1, 2, 6, 3, 4, 5], [1, 2, 6, 3, 5, 4], [1, 2, 6, 5, 3, 4], [1, 3, 2, 4, 6, 5], [1, 3, 2, 6, 4, 5], [1, 3, 2, 6, 5, 4], [1, 3, 6, 2, 4, 5], [1, 3, 6, 2, 5, 4], [1, 6, 2, 3, 4, 5], [1, 6, 2, 3, 5, 4], [1, 6, 2, 5, 3, 4], [1, 6, 3, 2, 4, 5], [1, 6, 3, 2, 5, 4]]
Distance: 14
B = 
{(4, 6, 1, 3, 2, 5), (2, 6, 1, 5, 3, 4), (3, 1, 6, 2, 5, 4)}
M(B) = 
[[1, 2, 3, 4, 6, 5], [1, 2, 3, 6, 4, 5], [1, 2, 3, 6, 5, 4], [1, 2, 6, 3, 4, 5], [1, 2, 6, 3, 5, 4], [1, 2, 6, 5, 3, 4], [1, 3, 2, 4, 6, 5], [1, 3, 2, 6, 4, 5], [1, 3, 2, 6, 5, 4], [1, 3, 6, 2, 4, 5], [1, 3, 6, 2, 5, 4], [1, 6, 2, 3, 4, 5], [1, 6, 2, 3, 5, 4], [1, 6, 2, 5, 3, 4], [1, 6, 3, 2, 4, 5], [1, 6, 3, 2, 5, 4]]
Distance: 12
M(A) inter A:
set()
M(B) inter B:
set()

AUB = 
{(5, 3, 1, 4, 6, 2), (2, 6, 1, 5, 3, 4), (3, 1, 6, 2, 5, 4), (2, 1, 6, 4, 5, 3), (4, 6, 1, 3, 2, 5), (1, 2, 3, 4, 5, 6)}
M(AUB) = 
[[1, 2, 3, 4, 6, 5], [1, 2, 3, 6, 4, 5], [1, 2, 3, 6, 5, 4], [1, 2, 6, 3, 4, 5], [1, 2, 6, 3, 5, 4], [1, 2, 6, 5, 3, 4], [1, 3, 2, 4, 6, 5], [1, 3, 2, 6, 4, 5], [1, 3, 2, 6, 5, 4], [1, 3, 6, 2, 4, 5], [1, 3, 6, 2, 5, 4], [1, 6, 2, 3, 4, 5], [1, 6, 2, 3, 5, 4], [1, 6, 2, 5, 3, 4], [1, 6, 3, 2, 4, 5], [1, 6, 3, 2, 5, 4]]
Distance:33

(69)
A = 
{(2, 3, 4, 5, 6, 1), (2, 3, 5, 4, 6, 1), (5, 6, 2, 3, 1, 4)}
M(A) = 
[[2, 3, 5, 1, 4, 6], [2, 3, 5, 1, 6, 4], [2, 3, 5, 6, 1, 4], [3, 2, 5, 1, 4, 6], [3, 2, 5, 1, 6, 4], [3, 2, 5, 6, 1, 4]]
Distance: 7
B = 
{(3, 5, 1, 2, 6, 4), (3, 1, 2, 4, 6, 5), (1, 3, 2, 5, 6, 4)}
M(B) = 
[[2, 3, 5, 1, 4, 6], [2, 3, 5, 1, 6, 4], [2, 3, 5, 6, 1, 4], [3, 2, 5, 1, 4, 6], [3, 2, 5, 1, 6, 4], [3, 2, 5, 6, 1, 4]]
Distance: 6
M(A) inter A:
set()
M(B) inter B:
set()

AUB = 
{(3, 5, 1, 2, 6, 4), (2, 3, 4, 5, 6, 1), (3, 1, 2, 4, 6, 5), (2, 3, 5, 4, 6, 1), (1, 3, 2, 5, 6, 4), (5, 6, 2, 3, 1, 4)}
M(AUB) = 
[[2, 3, 5, 1, 4, 6], [2, 3, 5, 1, 6, 4], [2, 3, 5, 6, 1, 4], [3, 2, 5, 1, 4, 6], [3, 2, 5, 1, 6, 4], [3, 2, 5, 6, 1, 4]]
Distance:25

(70)
A = 
{(1, 2, 5, 6, 4, 3), (5, 2, 3, 6, 1, 4), (6, 2, 1, 4, 5, 3)}
M(A) = 
[[2, 5, 6, 1, 4, 3], [2, 6, 1, 5, 4, 3], [2, 6, 5, 1, 4, 3]]
Distance: 11
B = 
{(6, 4, 3, 2, 5, 1), (2, 5, 3, 6, 4, 1), (2, 6, 1, 5, 4, 3)}
M(B) = 
[[2, 5, 6, 1, 4, 3], [2, 6, 1, 5, 4, 3], [2, 6, 5, 1, 4, 3]]
Distance: 11
M(A) inter A:
set()
M(B) inter B:
set()

AUB = 
{(6, 4, 3, 2, 5, 1), (2, 5, 3, 6, 4, 1), (6, 2, 1, 4, 5, 3), (1, 2, 5, 6, 4, 3), (5, 2, 3, 6, 1, 4), (2, 6, 1, 5, 4, 3)}
M(AUB) = 
[[2, 5, 6, 1, 4, 3], [2, 6, 1, 5, 4, 3], [2, 6, 5, 1, 4, 3]]
Distance:25

(71)
A = 
{(1, 4, 2, 6, 5, 3), (1, 3, 4, 5, 6, 2), (2, 5, 1, 3, 6, 4)}
M(A) = 
[[1, 3, 2, 5, 4, 6], [1, 3, 5, 2, 4, 6], [1, 3, 5, 4, 2, 6], [1, 3, 5, 4, 6, 2], [1, 5, 3, 2, 4, 6], [1, 5, 3, 4, 2, 6], [1, 5, 3, 4, 6, 2], [5, 1, 3, 2, 4, 6], [5, 1, 3, 4, 2, 6], [5, 1, 3, 4, 6, 2]]
Distance: 13
B = 
{(1, 5, 3, 2, 4, 6), (3, 5, 4, 6, 1, 2), (6, 3, 2, 5, 1, 4)}
M(B) = 
[[1, 3, 2, 5, 4, 6], [1, 3, 5, 2, 4, 6], [1, 3, 5, 4, 2, 6], [1, 3, 5, 4, 6, 2], [1, 5, 3, 2, 4, 6], [1, 5, 3, 4, 2, 6], [1, 5, 3, 4, 6, 2], [5, 1, 3, 2, 4, 6], [5, 1, 3, 4, 2, 6], [5, 1, 3, 4, 6, 2]]
Distance: 13
M(A) inter A:
set()
M(B) inter B:
set()

AUB = 
{(1, 5, 3, 2, 4, 6), (1, 4, 2, 6, 5, 3), (1, 3, 4, 5, 6, 2), (6, 3, 2, 5, 1, 4), (3, 5, 4, 6, 1, 2), (2, 5, 1, 3, 6, 4)}
M(AUB) = 
[[1, 3, 2, 5, 4, 6], [1, 3, 5, 2, 4, 6], [1, 3, 5, 4, 2, 6], [1, 3, 5, 4, 6, 2], [1, 5, 3, 2, 4, 6], [1, 5, 3, 4, 2, 6], [1, 5, 3, 4, 6, 2], [5, 1, 3, 2, 4, 6], [5, 1, 3, 4, 2, 6], [5, 1, 3, 4, 6, 2]]
Distance:33

(72)
A = 
{(3, 1, 5, 2, 4, 6), (4, 3, 1, 6, 5, 2), (4, 3, 5, 1, 2, 6)}
M(A) = 
[[3, 5, 2, 4, 1, 6]]
Distance: 7
B = 
{(3, 2, 5, 4, 6, 1), (3, 2, 5, 6, 4, 1), (5, 2, 1, 6, 4, 3)}
M(B) = 
[[3, 5, 2, 4, 1, 6]]
Distance: 9
M(A) inter A:
set()
M(B) inter B:
{(3, 2, 5, 6, 4, 1)}

AUB = 
{(3, 1, 5, 2, 4, 6), (4, 3, 1, 6, 5, 2), (5, 2, 1, 6, 4, 3), (4, 3, 5, 1, 2, 6), (3, 2, 5, 6, 4, 1), (3, 2, 5, 4, 6, 1)}
M(AUB) = 
[[3, 5, 2, 4, 1, 6]]
Distance:26

(73)
A = 
{(2, 5, 3, 6, 1, 4), (2, 6, 4, 1, 5, 3), (4, 6, 5, 1, 2, 3)}
M(A) = 
[[4, 2, 5, 6, 1, 3], [4, 5, 2, 6, 1, 3], [4, 5, 6, 1, 2, 3], [4, 5, 6, 2, 1, 3]]
Distance: 12
B = 
{(1, 3, 4, 2, 5, 6), (4, 5, 6, 3, 1, 2), (5, 4, 6, 2, 1, 3)}
M(B) = 
[[4, 2, 5, 6, 1, 3], [4, 5, 2, 6, 1, 3], [4, 5, 6, 1, 2, 3], [4, 5, 6, 2, 1, 3]]
Distance: 12
M(A) inter A:
set()
M(B) inter B:
set()

AUB = 
{(2, 5, 3, 6, 1, 4), (2, 6, 4, 1, 5, 3), (5, 4, 6, 2, 1, 3), (4, 6, 5, 1, 2, 3), (4, 5, 6, 3, 1, 2), (1, 3, 4, 2, 5, 6)}
M(AUB) = 
[[4, 2, 5, 6, 1, 3], [4, 5, 2, 6, 1, 3], [4, 5, 6, 1, 2, 3], [4, 5, 6, 2, 1, 3]]
Distance:31

(74)
A = 
{(1, 5, 3, 6, 4, 2), (4, 3, 1, 5, 6, 2), (5, 2, 1, 6, 3, 4)}
M(A) = 
[[1, 4, 5, 3, 6, 2], [4, 1, 5, 3, 6, 2], [4, 5, 1, 3, 6, 2]]
Distance: 12
B = 
{(4, 5, 3, 6, 1, 2), (6, 4, 5, 2, 1, 3), (1, 3, 4, 5, 2, 6)}
M(B) = 
[[1, 4, 5, 3, 6, 2], [4, 1, 5, 3, 6, 2], [4, 5, 1, 3, 6, 2]]
Distance: 13
M(A) inter A:
set()
M(B) inter B:
{(4, 5, 3, 6, 1, 2)}

AUB = 
{(4, 5, 3, 6, 1, 2), (1, 3, 4, 5, 2, 6), (5, 2, 1, 6, 3, 4), (1, 5, 3, 6, 4, 2), (4, 3, 1, 5, 6, 2), (6, 4, 5, 2, 1, 3)}
M(AUB) = 
[[1, 4, 5, 3, 6, 2], [4, 1, 5, 3, 6, 2], [4, 5, 1, 3, 6, 2]]
Distance:30

(75)
A = 
{(1, 6, 3, 5, 2, 4), (1, 6, 2, 3, 5, 4), (1, 6, 4, 2, 3, 5)}
M(A) = 
[[1, 2, 3, 5, 4, 6], [1, 2, 3, 5, 6, 4], [1, 2, 3, 6, 5, 4], [1, 2, 6, 3, 5, 4], [1, 6, 2, 3, 5, 4], [2, 1, 3, 5, 4, 6], [2, 1, 3, 5, 6, 4], [2, 1, 3, 6, 5, 4], [2, 1, 6, 3, 5, 4]]
Distance: 5
B = 
{(5, 2, 1, 3, 4, 6), (3, 5, 4, 2, 1, 6), (2, 5, 3, 1, 4, 6)}
M(B) = 
[[1, 2, 3, 5, 4, 6], [1, 2, 3, 5, 6, 4], [1, 2, 3, 6, 5, 4], [1, 2, 6, 3, 5, 4], [1, 6, 2, 3, 5, 4], [2, 1, 3, 5, 4, 6], [2, 1, 3, 5, 6, 4], [2, 1, 3, 6, 5, 4], [2, 1, 6, 3, 5, 4]]
Distance: 6
M(A) inter A:
set()
M(B) inter B:
set()

AUB = 
{(5, 2, 1, 3, 4, 6), (3, 5, 4, 2, 1, 6), (1, 6, 2, 3, 5, 4), (2, 5, 3, 1, 4, 6), (1, 6, 3, 5, 2, 4), (1, 6, 4, 2, 3, 5)}
M(AUB) = 
[[1, 2, 3, 5, 4, 6], [1, 2, 3, 5, 6, 4], [1, 2, 3, 6, 5, 4], [1, 2, 6, 3, 5, 4], [1, 6, 2, 3, 5, 4], [2, 1, 3, 5, 4, 6], [2, 1, 3, 5, 6, 4], [2, 1, 3, 6, 5, 4], [2, 1, 6, 3, 5, 4]]
Distance:32

(76)
A = 
{(1, 6, 3, 5, 4, 2), (3, 1, 2, 4, 5, 6), (5, 2, 6, 4, 3, 1)}
M(A) = 
[[1, 2, 4, 5, 6, 3], [1, 2, 4, 6, 3, 5], [1, 2, 4, 6, 5, 3], [1, 2, 5, 4, 6, 3], [1, 2, 5, 6, 3, 4], [1, 2, 5, 6, 4, 3], [1, 2, 6, 3, 4, 5], [1, 2, 6, 3, 5, 4], [1, 2, 6, 4, 3, 5], [1, 2, 6, 4, 5, 3], [1, 2, 6, 5, 3, 4], [1, 2, 6, 5, 4, 3], [1, 5, 2, 4, 6, 3], [1, 5, 2, 6, 3, 4], [1, 5, 2, 6, 4, 3], [2, 1, 4, 5, 6, 3], [2, 1, 4, 6, 3, 5], [2, 1, 4, 6, 5, 3], [2, 1, 5, 4, 6, 3], [2, 1, 5, 6, 3, 4], [2, 1, 5, 6, 4, 3], [2, 1, 6, 3, 4, 5], [2, 1, 6, 3, 5, 4], [2, 1, 6, 4, 3, 5], [2, 1, 6, 4, 5, 3], [2, 1, 6, 5, 3, 4], [2, 1, 6, 5, 4, 3], [2, 5, 1, 4, 6, 3], [2, 5, 1, 6, 3, 4], [2, 5, 1, 6, 4, 3], [5, 1, 2, 4, 6, 3], [5, 1, 2, 6, 3, 4], [5, 1, 2, 6, 4, 3], [5, 2, 1, 4, 6, 3], [5, 2, 1, 6, 3, 4], [5, 2, 1, 6, 4, 3]]
Distance: 16
B = 
{(1, 6, 3, 4, 2, 5), (2, 4, 6, 5, 1, 3), (5, 2, 1, 4, 3, 6)}
M(B) = 
[[1, 2, 4, 5, 6, 3], [1, 2, 4, 6, 3, 5], [1, 2, 4, 6, 5, 3], [1, 2, 5, 4, 6, 3], [1, 2, 5, 6, 3, 4], [1, 2, 5, 6, 4, 3], [1, 2, 6, 3, 4, 5], [1, 2, 6, 3, 5, 4], [1, 2, 6, 4, 3, 5], [1, 2, 6, 4, 5, 3], [1, 2, 6, 5, 3, 4], [1, 2, 6, 5, 4, 3], [1, 5, 2, 4, 6, 3], [1, 5, 2, 6, 3, 4], [1, 5, 2, 6, 4, 3], [2, 1, 4, 5, 6, 3], [2, 1, 4, 6, 3, 5], [2, 1, 4, 6, 5, 3], [2, 1, 5, 4, 6, 3], [2, 1, 5, 6, 3, 4], [2, 1, 5, 6, 4, 3], [2, 1, 6, 3, 4, 5], [2, 1, 6, 3, 5, 4], [2, 1, 6, 4, 3, 5], [2, 1, 6, 4, 5, 3], [2, 1, 6, 5, 3, 4], [2, 1, 6, 5, 4, 3], [2, 5, 1, 4, 6, 3], [2, 5, 1, 6, 3, 4], [2, 5, 1, 6, 4, 3], [5, 1, 2, 4, 6, 3], [5, 1, 2, 6, 3, 4], [5, 1, 2, 6, 4, 3], [5, 2, 1, 4, 6, 3], [5, 2, 1, 6, 3, 4], [5, 2, 1, 6, 4, 3]]
Distance: 15
M(A) inter A:
set()
M(B) inter B:
set()

AUB = 
{(1, 6, 3, 4, 2, 5), (2, 4, 6, 5, 1, 3), (5, 2, 1, 4, 3, 6), (5, 2, 6, 4, 3, 1), (1, 6, 3, 5, 4, 2), (3, 1, 2, 4, 5, 6)}
M(AUB) = 
[[1, 2, 4, 5, 6, 3], [1, 2, 4, 6, 3, 5], [1, 2, 4, 6, 5, 3], [1, 2, 5, 4, 6, 3], [1, 2, 5, 6, 3, 4], [1, 2, 5, 6, 4, 3], [1, 2, 6, 3, 4, 5], [1, 2, 6, 3, 5, 4], [1, 2, 6, 4, 3, 5], [1, 2, 6, 4, 5, 3], [1, 2, 6, 5, 3, 4], [1, 2, 6, 5, 4, 3], [1, 5, 2, 4, 6, 3], [1, 5, 2, 6, 3, 4], [1, 5, 2, 6, 4, 3], [2, 1, 4, 5, 6, 3], [2, 1, 4, 6, 3, 5], [2, 1, 4, 6, 5, 3], [2, 1, 5, 4, 6, 3], [2, 1, 5, 6, 3, 4], [2, 1, 5, 6, 4, 3], [2, 1, 6, 3, 4, 5], [2, 1, 6, 3, 5, 4], [2, 1, 6, 4, 3, 5], [2, 1, 6, 4, 5, 3], [2, 1, 6, 5, 3, 4], [2, 1, 6, 5, 4, 3], [2, 5, 1, 4, 6, 3], [2, 5, 1, 6, 3, 4], [2, 5, 1, 6, 4, 3], [5, 1, 2, 4, 6, 3], [5, 1, 2, 6, 3, 4], [5, 1, 2, 6, 4, 3], [5, 2, 1, 4, 6, 3], [5, 2, 1, 6, 3, 4], [5, 2, 1, 6, 4, 3]]
Distance:39

(77)
A = 
{(5, 6, 3, 4, 2, 1), (6, 3, 2, 1, 4, 5), (2, 3, 1, 4, 6, 5)}
M(A) = 
[[2, 1, 5, 6, 3, 4], [2, 3, 1, 5, 6, 4], [2, 3, 5, 1, 6, 4], [2, 5, 1, 6, 3, 4], [2, 5, 3, 1, 6, 4], [2, 5, 6, 3, 1, 4], [3, 2, 1, 5, 6, 4], [3, 2, 5, 1, 6, 4], [3, 5, 2, 1, 6, 4], [5, 2, 1, 6, 3, 4], [5, 2, 3, 1, 6, 4], [5, 2, 6, 3, 1, 4], [5, 3, 2, 1, 6, 4], [5, 6, 2, 3, 1, 4], [5, 6, 3, 2, 1, 4]]
Distance: 12
B = 
{(3, 5, 1, 2, 6, 4), (1, 5, 6, 2, 4, 3), (4, 2, 5, 1, 6, 3)}
M(B) = 
[[2, 1, 5, 6, 3, 4], [2, 3, 1, 5, 6, 4], [2, 3, 5, 1, 6, 4], [2, 5, 1, 6, 3, 4], [2, 5, 3, 1, 6, 4], [2, 5, 6, 3, 1, 4], [3, 2, 1, 5, 6, 4], [3, 2, 5, 1, 6, 4], [3, 5, 2, 1, 6, 4], [5, 2, 1, 6, 3, 4], [5, 2, 3, 1, 6, 4], [5, 2, 6, 3, 1, 4], [5, 3, 2, 1, 6, 4], [5, 6, 2, 3, 1, 4], [5, 6, 3, 2, 1, 4]]
Distance: 13
M(A) inter A:
set()
M(B) inter B:
set()

AUB = 
{(3, 5, 1, 2, 6, 4), (1, 5, 6, 2, 4, 3), (4, 2, 5, 1, 6, 3), (6, 3, 2, 1, 4, 5), (2, 3, 1, 4, 6, 5), (5, 6, 3, 4, 2, 1)}
M(AUB) = 
[[2, 1, 5, 6, 3, 4], [2, 3, 1, 5, 6, 4], [2, 3, 5, 1, 6, 4], [2, 5, 1, 6, 3, 4], [2, 5, 3, 1, 6, 4], [2, 5, 6, 3, 1, 4], [3, 2, 1, 5, 6, 4], [3, 2, 5, 1, 6, 4], [3, 5, 2, 1, 6, 4], [5, 2, 1, 6, 3, 4], [5, 2, 3, 1, 6, 4], [5, 2, 6, 3, 1, 4], [5, 3, 2, 1, 6, 4], [5, 6, 2, 3, 1, 4], [5, 6, 3, 2, 1, 4]]
Distance:38

(78)
A = 
{(2, 6, 4, 5, 1, 3), (4, 6, 1, 2, 3, 5), (3, 6, 1, 4, 5, 2)}
M(A) = 
[[6, 4, 1, 2, 3, 5], [6, 4, 1, 3, 2, 5]]
Distance: 12
B = 
{(6, 4, 2, 1, 5, 3), (1, 3, 2, 4, 5, 6), (6, 4, 1, 3, 5, 2)}
M(B) = 
[[6, 4, 1, 2, 3, 5], [6, 4, 1, 3, 2, 5]]
Distance: 12
M(A) inter A:
set()
M(B) inter B:
set()

AUB = 
{(6, 4, 2, 1, 5, 3), (1, 3, 2, 4, 5, 6), (4, 6, 1, 2, 3, 5), (3, 6, 1, 4, 5, 2), (2, 6, 4, 5, 1, 3), (6, 4, 1, 3, 5, 2)}
M(AUB) = 
[[6, 4, 1, 2, 3, 5], [6, 4, 1, 3, 2, 5]]
Distance:25

(79)
A = 
{(3, 4, 1, 5, 6, 2), (6, 1, 5, 2, 4, 3), (2, 1, 3, 6, 4, 5)}
M(A) = 
[[6, 2, 3, 4, 1, 5]]
Distance: 16
B = 
{(3, 6, 5, 4, 2, 1), (2, 6, 3, 4, 1, 5), (6, 5, 4, 2, 3, 1)}
M(B) = 
[[6, 2, 3, 4, 1, 5]]
Distance: 10
M(A) inter A:
set()
M(B) inter B:
set()

AUB = 
{(3, 4, 1, 5, 6, 2), (2, 6, 3, 4, 1, 5), (3, 6, 5, 4, 2, 1), (6, 1, 5, 2, 4, 3), (6, 5, 4, 2, 3, 1), (2, 1, 3, 6, 4, 5)}
M(AUB) = 
[[6, 2, 3, 4, 1, 5]]
Distance:33

(80)
A = 
{(2, 6, 1, 5, 4, 3), (3, 1, 4, 6, 2, 5), (5, 2, 1, 4, 3, 6)}
M(A) = 
[[2, 1, 3, 4, 6, 5], [2, 1, 4, 3, 6, 5], [2, 1, 4, 6, 3, 5], [2, 3, 1, 4, 6, 5]]
Distance: 15
B = 
{(2, 6, 3, 1, 5, 4), (4, 6, 2, 3, 5, 1), (1, 3, 2, 4, 6, 5)}
M(B) = 
[[2, 1, 3, 4, 6, 5], [2, 1, 4, 3, 6, 5], [2, 1, 4, 6, 3, 5], [2, 3, 1, 4, 6, 5]]
Distance: 13
M(A) inter A:
set()
M(B) inter B:
set()

AUB = 
{(2, 6, 3, 1, 5, 4), (4, 6, 2, 3, 5, 1), (5, 2, 1, 4, 3, 6), (1, 3, 2, 4, 6, 5), (2, 6, 1, 5, 4, 3), (3, 1, 4, 6, 2, 5)}
M(AUB) = 
[[2, 1, 3, 4, 6, 5], [2, 1, 4, 3, 6, 5], [2, 1, 4, 6, 3, 5], [2, 3, 1, 4, 6, 5]]
Distance:32

(81)
A = 
{(5, 3, 1, 2, 4, 6), (4, 5, 6, 2, 3, 1), (2, 4, 6, 3, 1, 5)}
M(A) = 
[[4, 5, 2, 3, 1, 6], [4, 5, 2, 3, 6, 1], [4, 5, 2, 6, 3, 1], [4, 5, 6, 2, 3, 1], [5, 2, 3, 1, 4, 6], [5, 2, 3, 4, 1, 6], [5, 2, 3, 4, 6, 1], [5, 2, 4, 3, 1, 6], [5, 2, 4, 3, 6, 1], [5, 2, 4, 6, 3, 1], [5, 4, 2, 3, 1, 6], [5, 4, 2, 3, 6, 1], [5, 4, 2, 6, 3, 1], [5, 4, 6, 2, 3, 1]]
Distance: 14
B = 
{(5, 1, 6, 4, 2, 3), (2, 3, 1, 6, 4, 5), (3, 5, 4, 6, 2, 1)}
M(B) = 
[[4, 5, 2, 3, 1, 6], [4, 5, 2, 3, 6, 1], [4, 5, 2, 6, 3, 1], [4, 5, 6, 2, 3, 1], [5, 2, 3, 1, 4, 6], [5, 2, 3, 4, 1, 6], [5, 2, 3, 4, 6, 1], [5, 2, 4, 3, 1, 6], [5, 2, 4, 3, 6, 1], [5, 2, 4, 6, 3, 1], [5, 4, 2, 3, 1, 6], [5, 4, 2, 3, 6, 1], [5, 4, 2, 6, 3, 1], [5, 4, 6, 2, 3, 1]]
Distance: 17
M(A) inter A:
set()
M(B) inter B:
set()

AUB = 
{(5, 3, 1, 2, 4, 6), (4, 5, 6, 2, 3, 1), (2, 3, 1, 6, 4, 5), (3, 5, 4, 6, 2, 1), (5, 1, 6, 4, 2, 3), (2, 4, 6, 3, 1, 5)}
M(AUB) = 
[[4, 5, 2, 3, 1, 6], [4, 5, 2, 3, 6, 1], [4, 5, 2, 6, 3, 1], [4, 5, 6, 2, 3, 1], [5, 2, 3, 1, 4, 6], [5, 2, 3, 4, 1, 6], [5, 2, 3, 4, 6, 1], [5, 2, 4, 3, 1, 6], [5, 2, 4, 3, 6, 1], [5, 2, 4, 6, 3, 1], [5, 4, 2, 3, 1, 6], [5, 4, 2, 3, 6, 1], [5, 4, 2, 6, 3, 1], [5, 4, 6, 2, 3, 1]]
Distance:37

(82)
A = 
{(1, 2, 3, 5, 6, 4), (1, 6, 3, 5, 4, 2), (5, 1, 6, 2, 4, 3)}
M(A) = 
[[5, 1, 6, 2, 3, 4], [5, 1, 6, 2, 4, 3], [5, 1, 6, 4, 2, 3]]
Distance: 10
B = 
{(4, 5, 6, 2, 3, 1), (5, 1, 6, 3, 2, 4), (5, 4, 6, 2, 3, 1)}
M(B) = 
[[5, 1, 6, 2, 3, 4], [5, 1, 6, 2, 4, 3], [5, 1, 6, 4, 2, 3]]
Distance: 9
M(A) inter A:
set()
M(B) inter B:
{(5, 4, 6, 2, 3, 1)}

AUB = 
{(4, 5, 6, 2, 3, 1), (1, 6, 3, 5, 4, 2), (5, 1, 6, 2, 4, 3), (5, 4, 6, 2, 3, 1), (1, 2, 3, 5, 6, 4), (5, 1, 6, 3, 2, 4)}
M(AUB) = 
[[5, 1, 6, 2, 3, 4], [5, 1, 6, 2, 4, 3], [5, 1, 6, 4, 2, 3]]
Distance:27

(83)
A = 
{(4, 2, 6, 3, 5, 1), (2, 6, 5, 4, 1, 3), (4, 5, 6, 3, 2, 1)}
M(A) = 
[[2, 6, 3, 4, 5, 1], [2, 6, 3, 5, 1, 4], [2, 6, 3, 5, 4, 1], [2, 6, 4, 3, 5, 1], [2, 6, 4, 5, 1, 3], [2, 6, 4, 5, 3, 1], [2, 6, 5, 1, 3, 4], [2, 6, 5, 1, 4, 3], [2, 6, 5, 3, 1, 4], [2, 6, 5, 3, 4, 1], [2, 6, 5, 4, 1, 3], [2, 6, 5, 4, 3, 1], [6, 2, 3, 4, 5, 1], [6, 2, 3, 5, 1, 4], [6, 2, 3, 5, 4, 1], [6, 2, 4, 3, 5, 1], [6, 2, 4, 5, 1, 3], [6, 2, 4, 5, 3, 1], [6, 2, 5, 1, 3, 4], [6, 2, 5, 1, 4, 3], [6, 2, 5, 3, 1, 4], [6, 2, 5, 3, 4, 1], [6, 2, 5, 4, 1, 3], [6, 2, 5, 4, 3, 1], [6, 4, 2, 3, 5, 1], [6, 4, 2, 5, 1, 3], [6, 4, 2, 5, 3, 1], [6, 4, 5, 2, 1, 3], [6, 4, 5, 2, 3, 1], [6, 5, 2, 1, 3, 4], [6, 5, 2, 1, 4, 3], [6, 5, 2, 3, 1, 4], [6, 5, 2, 3, 4, 1], [6, 5, 2, 4, 1, 3], [6, 5, 2, 4, 3, 1], [6, 5, 4, 2, 1, 3], [6, 5, 4, 2, 3, 1]]
Distance: 9
B = 
{(2, 1, 3, 6, 5, 4), (1, 6, 3, 4, 5, 2), (5, 6, 2, 3, 1, 4)}
M(B) = 
[[2, 6, 3, 4, 5, 1], [2, 6, 3, 5, 1, 4], [2, 6, 3, 5, 4, 1], [2, 6, 4, 3, 5, 1], [2, 6, 4, 5, 1, 3], [2, 6, 4, 5, 3, 1], [2, 6, 5, 1, 3, 4], [2, 6, 5, 1, 4, 3], [2, 6, 5, 3, 1, 4], [2, 6, 5, 3, 4, 1], [2, 6, 5, 4, 1, 3], [2, 6, 5, 4, 3, 1], [6, 2, 3, 4, 5, 1], [6, 2, 3, 5, 1, 4], [6, 2, 3, 5, 4, 1], [6, 2, 4, 3, 5, 1], [6, 2, 4, 5, 1, 3], [6, 2, 4, 5, 3, 1], [6, 2, 5, 1, 3, 4], [6, 2, 5, 1, 4, 3], [6, 2, 5, 3, 1, 4], [6, 2, 5, 3, 4, 1], [6, 2, 5, 4, 1, 3], [6, 2, 5, 4, 3, 1], [6, 4, 2, 3, 5, 1], [6, 4, 2, 5, 1, 3], [6, 4, 2, 5, 3, 1], [6, 4, 5, 2, 1, 3], [6, 4, 5, 2, 3, 1], [6, 5, 2, 1, 3, 4], [6, 5, 2, 1, 4, 3], [6, 5, 2, 3, 1, 4], [6, 5, 2, 3, 4, 1], [6, 5, 2, 4, 1, 3], [6, 5, 2, 4, 3, 1], [6, 5, 4, 2, 1, 3], [6, 5, 4, 2, 3, 1]]
Distance: 14
M(A) inter A:
set()
M(B) inter B:
set()

AUB = 
{(4, 2, 6, 3, 5, 1), (2, 6, 5, 4, 1, 3), (5, 6, 2, 3, 1, 4), (1, 6, 3, 4, 5, 2), (2, 1, 3, 6, 5, 4), (4, 5, 6, 3, 2, 1)}
M(AUB) = 
[[2, 6, 3, 4, 5, 1], [2, 6, 3, 5, 1, 4], [2, 6, 3, 5, 4, 1], [2, 6, 4, 3, 5, 1], [2, 6, 4, 5, 1, 3], [2, 6, 4, 5, 3, 1], [2, 6, 5, 1, 3, 4], [2, 6, 5, 1, 4, 3], [2, 6, 5, 3, 1, 4], [2, 6, 5, 3, 4, 1], [2, 6, 5, 4, 1, 3], [2, 6, 5, 4, 3, 1], [6, 2, 3, 4, 5, 1], [6, 2, 3, 5, 1, 4], [6, 2, 3, 5, 4, 1], [6, 2, 4, 3, 5, 1], [6, 2, 4, 5, 1, 3], [6, 2, 4, 5, 3, 1], [6, 2, 5, 1, 3, 4], [6, 2, 5, 1, 4, 3], [6, 2, 5, 3, 1, 4], [6, 2, 5, 3, 4, 1], [6, 2, 5, 4, 1, 3], [6, 2, 5, 4, 3, 1], [6, 4, 2, 3, 5, 1], [6, 4, 2, 5, 1, 3], [6, 4, 2, 5, 3, 1], [6, 4, 5, 2, 1, 3], [6, 4, 5, 2, 3, 1], [6, 5, 2, 1, 3, 4], [6, 5, 2, 1, 4, 3], [6, 5, 2, 3, 1, 4], [6, 5, 2, 3, 4, 1], [6, 5, 2, 4, 1, 3], [6, 5, 2, 4, 3, 1], [6, 5, 4, 2, 1, 3], [6, 5, 4, 2, 3, 1]]
Distance:36

(84)
A = 
{(5, 3, 1, 4, 6, 2), (1, 4, 3, 2, 6, 5), (1, 2, 4, 3, 6, 5)}
M(A) = 
[[1, 3, 2, 4, 5, 6], [1, 3, 2, 4, 6, 5], [1, 3, 2, 5, 4, 6], [1, 3, 4, 2, 5, 6], [1, 3, 4, 2, 6, 5], [1, 4, 3, 2, 5, 6], [1, 4, 3, 2, 6, 5], [3, 1, 2, 4, 5, 6], [3, 1, 2, 4, 6, 5], [3, 1, 2, 5, 4, 6], [3, 1, 4, 2, 5, 6], [3, 1, 4, 2, 6, 5]]
Distance: 10
B = 
{(4, 2, 1, 3, 5, 6), (3, 1, 2, 5, 4, 6), (3, 1, 6, 2, 5, 4)}
M(B) = 
[[1, 3, 2, 4, 5, 6], [1, 3, 2, 4, 6, 5], [1, 3, 2, 5, 4, 6], [1, 3, 4, 2, 5, 6], [1, 3, 4, 2, 6, 5], [1, 4, 3, 2, 5, 6], [1, 4, 3, 2, 6, 5], [3, 1, 2, 4, 5, 6], [3, 1, 2, 4, 6, 5], [3, 1, 2, 5, 4, 6], [3, 1, 4, 2, 5, 6], [3, 1, 4, 2, 6, 5]]
Distance: 10
M(A) inter A:
set()
M(B) inter B:
{(3, 1, 2, 5, 4, 6)}

AUB = 
{(5, 3, 1, 4, 6, 2), (1, 4, 3, 2, 6, 5), (1, 2, 4, 3, 6, 5), (4, 2, 1, 3, 5, 6), (3, 1, 2, 5, 4, 6), (3, 1, 6, 2, 5, 4)}
M(AUB) = 
[[1, 3, 2, 4, 5, 6], [1, 3, 2, 4, 6, 5], [1, 3, 2, 5, 4, 6], [1, 3, 4, 2, 5, 6], [1, 3, 4, 2, 6, 5], [1, 4, 3, 2, 5, 6], [1, 4, 3, 2, 6, 5], [3, 1, 2, 4, 5, 6], [3, 1, 2, 4, 6, 5], [3, 1, 2, 5, 4, 6], [3, 1, 4, 2, 5, 6], [3, 1, 4, 2, 6, 5]]
Distance:25

(85)
A = 
{(6, 5, 1, 3, 2, 4), (3, 4, 6, 2, 1, 5), (6, 3, 5, 4, 2, 1)}
M(A) = 
[[1, 6, 3, 2, 4, 5], [1, 6, 3, 2, 5, 4], [1, 6, 3, 4, 2, 5], [1, 6, 3, 4, 5, 2], [1, 6, 3, 5, 2, 4], [1, 6, 3, 5, 4, 2], [6, 1, 3, 2, 4, 5], [6, 1, 3, 2, 5, 4], [6, 1, 3, 4, 2, 5], [6, 1, 3, 4, 5, 2], [6, 1, 3, 5, 2, 4], [6, 1, 3, 5, 4, 2]]
Distance: 10
B = 
{(1, 4, 3, 2, 6, 5), (1, 5, 2, 6, 3, 4), (1, 2, 6, 4, 3, 5)}
M(B) = 
[[1, 6, 3, 2, 4, 5], [1, 6, 3, 2, 5, 4], [1, 6, 3, 4, 2, 5], [1, 6, 3, 4, 5, 2], [1, 6, 3, 5, 2, 4], [1, 6, 3, 5, 4, 2], [6, 1, 3, 2, 4, 5], [6, 1, 3, 2, 5, 4], [6, 1, 3, 4, 2, 5], [6, 1, 3, 4, 5, 2], [6, 1, 3, 5, 2, 4], [6, 1, 3, 5, 4, 2]]
Distance: 9
M(A) inter A:
set()
M(B) inter B:
{(1, 2, 6, 4, 3, 5)}

AUB = 
{(1, 4, 3, 2, 6, 5), (1, 5, 2, 6, 3, 4), (6, 5, 1, 3, 2, 4), (3, 4, 6, 2, 1, 5), (1, 2, 6, 4, 3, 5), (6, 3, 5, 4, 2, 1)}
M(AUB) = 
[[1, 6, 3, 2, 4, 5], [1, 6, 3, 2, 5, 4], [1, 6, 3, 4, 2, 5], [1, 6, 3, 4, 5, 2], [1, 6, 3, 5, 2, 4], [1, 6, 3, 5, 4, 2], [6, 1, 3, 2, 4, 5], [6, 1, 3, 2, 5, 4], [6, 1, 3, 4, 2, 5], [6, 1, 3, 4, 5, 2], [6, 1, 3, 5, 2, 4], [6, 1, 3, 5, 4, 2]]
Distance:34

(86)
A = 
{(4, 1, 3, 6, 2, 5), (1, 6, 3, 2, 4, 5), (1, 3, 2, 6, 5, 4)}
M(A) = 
[[1, 2, 3, 4, 5, 6], [1, 2, 3, 4, 6, 5], [1, 2, 3, 6, 4, 5], [1, 2, 4, 3, 5, 6], [1, 2, 4, 3, 6, 5], [1, 3, 2, 4, 5, 6], [1, 3, 2, 4, 6, 5], [1, 3, 2, 6, 4, 5], [1, 3, 4, 2, 5, 6], [1, 3, 4, 2, 6, 5], [1, 4, 2, 3, 5, 6], [1, 4, 2, 3, 6, 5], [1, 4, 3, 2, 5, 6], [1, 4, 3, 2, 6, 5]]
Distance: 7
B = 
{(4, 2, 3, 1, 5, 6), (1, 4, 5, 2, 3, 6), (2, 1, 5, 3, 6, 4)}
M(B) = 
[[1, 2, 3, 4, 5, 6], [1, 2, 3, 4, 6, 5], [1, 2, 3, 6, 4, 5], [1, 2, 4, 3, 5, 6], [1, 2, 4, 3, 6, 5], [1, 3, 2, 4, 5, 6], [1, 3, 2, 4, 6, 5], [1, 3, 2, 6, 4, 5], [1, 3, 4, 2, 5, 6], [1, 3, 4, 2, 6, 5], [1, 4, 2, 3, 5, 6], [1, 4, 2, 3, 6, 5], [1, 4, 3, 2, 5, 6], [1, 4, 3, 2, 6, 5]]
Distance: 10
M(A) inter A:
set()
M(B) inter B:
set()

AUB = 
{(4, 2, 3, 1, 5, 6), (1, 6, 3, 2, 4, 5), (2, 1, 5, 3, 6, 4), (1, 3, 2, 6, 5, 4), (4, 1, 3, 6, 2, 5), (1, 4, 5, 2, 3, 6)}
M(AUB) = 
[[1, 2, 3, 4, 5, 6], [1, 2, 3, 4, 6, 5], [1, 2, 3, 6, 4, 5], [1, 2, 4, 3, 5, 6], [1, 2, 4, 3, 6, 5], [1, 3, 2, 4, 5, 6], [1, 3, 2, 4, 6, 5], [1, 3, 2, 6, 4, 5], [1, 3, 4, 2, 5, 6], [1, 3, 4, 2, 6, 5], [1, 4, 2, 3, 5, 6], [1, 4, 2, 3, 6, 5], [1, 4, 3, 2, 5, 6], [1, 4, 3, 2, 6, 5]]
Distance:28

(87)
A = 
{(4, 6, 3, 5, 1, 2), (5, 2, 3, 6, 1, 4), (6, 5, 2, 4, 3, 1)}
M(A) = 
[[3, 5, 6, 2, 4, 1], [5, 6, 2, 4, 3, 1]]
Distance: 11
B = 
{(3, 5, 6, 2, 4, 1), (4, 2, 3, 5, 1, 6), (5, 2, 3, 6, 1, 4)}
M(B) = 
[[3, 5, 6, 2, 4, 1], [5, 6, 2, 4, 3, 1]]
Distance: 11
M(A) inter A:
set()
M(B) inter B:
set()

AUB = 
{(3, 5, 6, 2, 4, 1), (4, 2, 3, 5, 1, 6), (4, 6, 3, 5, 1, 2), (5, 2, 3, 6, 1, 4), (6, 5, 2, 4, 3, 1)}
M(AUB) = 
[[3, 5, 6, 2, 4, 1], [5, 6, 2, 4, 3, 1]]
Distance:24

(88)
A = 
{(5, 4, 6, 1, 2, 3), (6, 5, 1, 4, 2, 3), (2, 3, 5, 1, 6, 4)}
M(A) = 
[[5, 1, 6, 2, 4, 3], [5, 1, 6, 4, 2, 3], [5, 6, 1, 2, 4, 3], [5, 6, 1, 4, 2, 3]]
Distance: 12
B = 
{(1, 6, 4, 5, 2, 3), (5, 3, 6, 1, 2, 4), (1, 2, 4, 5, 3, 6)}
M(B) = 
[[5, 1, 6, 2, 4, 3], [5, 1, 6, 4, 2, 3], [5, 6, 1, 2, 4, 3], [5, 6, 1, 4, 2, 3]]
Distance: 14
M(A) inter A:
set()
M(B) inter B:
set()

AUB = 
{(5, 3, 6, 1, 2, 4), (1, 2, 4, 5, 3, 6), (6, 5, 1, 4, 2, 3), (2, 3, 5, 1, 6, 4), (1, 6, 4, 5, 2, 3), (5, 4, 6, 1, 2, 3)}
M(AUB) = 
[[5, 1, 6, 2, 4, 3], [5, 1, 6, 4, 2, 3], [5, 6, 1, 2, 4, 3], [5, 6, 1, 4, 2, 3]]
Distance:29

(89)
A = 
{(1, 2, 3, 6, 5, 4), (5, 2, 4, 1, 6, 3), (1, 2, 3, 4, 5, 6)}
M(A) = 
[[1, 2, 3, 4, 6, 5], [2, 1, 3, 4, 6, 5]]
Distance: 10
B = 
{(2, 1, 3, 6, 5, 4), (3, 4, 6, 1, 2, 5), (2, 4, 6, 3, 5, 1)}
M(B) = 
[[1, 2, 3, 4, 6, 5], [2, 1, 3, 4, 6, 5]]
Distance: 12
M(A) inter A:
set()
M(B) inter B:
set()

AUB = 
{(1, 2, 3, 6, 5, 4), (3, 4, 6, 1, 2, 5), (2, 1, 3, 6, 5, 4), (2, 4, 6, 3, 5, 1), (5, 2, 4, 1, 6, 3), (1, 2, 3, 4, 5, 6)}
M(AUB) = 
[[1, 2, 3, 4, 6, 5], [2, 1, 3, 4, 6, 5]]
Distance:28

(90)
A = 
{(1, 2, 3, 6, 4, 5), (1, 2, 3, 6, 5, 4), (6, 2, 1, 5, 3, 4)}
M(A) = 
[[1, 2, 3, 5, 6, 4], [1, 2, 3, 6, 5, 4], [2, 1, 3, 5, 6, 4], [2, 1, 3, 6, 5, 4], [2, 3, 1, 5, 6, 4], [2, 3, 1, 6, 5, 4], [2, 3, 5, 1, 6, 4]]
Distance: 6
B = 
{(5, 3, 1, 4, 6, 2), (3, 2, 5, 1, 4, 6), (2, 3, 5, 1, 6, 4)}
M(B) = 
[[1, 2, 3, 5, 6, 4], [1, 2, 3, 6, 5, 4], [2, 1, 3, 5, 6, 4], [2, 1, 3, 6, 5, 4], [2, 3, 1, 5, 6, 4], [2, 3, 1, 6, 5, 4], [2, 3, 5, 1, 6, 4]]
Distance: 7
M(A) inter A:
set()
M(B) inter B:
{(3, 2, 5, 1, 4, 6)}

AUB = 
{(5, 3, 1, 4, 6, 2), (1, 2, 3, 6, 5, 4), (6, 2, 1, 5, 3, 4), (2, 3, 5, 1, 6, 4), (3, 2, 5, 1, 4, 6), (1, 2, 3, 6, 4, 5)}
M(AUB) = 
[[1, 2, 3, 5, 6, 4], [1, 2, 3, 6, 5, 4], [2, 1, 3, 5, 6, 4], [2, 1, 3, 6, 5, 4], [2, 3, 1, 5, 6, 4], [2, 3, 1, 6, 5, 4], [2, 3, 5, 1, 6, 4]]
Distance:25

(91)
A = 
{(5, 1, 3, 6, 4, 2), (3, 1, 5, 2, 4, 6), (5, 2, 4, 6, 3, 1)}
M(A) = 
[[1, 5, 2, 4, 6, 3], [1, 5, 2, 6, 3, 4], [1, 5, 2, 6, 4, 3], [1, 5, 6, 2, 3, 4], [1, 5, 6, 2, 4, 3], [5, 1, 2, 4, 6, 3], [5, 1, 2, 6, 3, 4], [5, 1, 2, 6, 4, 3], [5, 1, 6, 2, 3, 4], [5, 1, 6, 2, 4, 3], [5, 2, 1, 4, 6, 3], [5, 2, 1, 6, 3, 4], [5, 2, 1, 6, 4, 3], [5, 2, 4, 1, 6, 3]]
Distance: 12
B = 
{(1, 6, 2, 3, 4, 5), (6, 2, 4, 1, 3, 5), (4, 5, 2, 1, 6, 3)}
M(B) = 
[[1, 5, 2, 4, 6, 3], [1, 5, 2, 6, 3, 4], [1, 5, 2, 6, 4, 3], [1, 5, 6, 2, 3, 4], [1, 5, 6, 2, 4, 3], [5, 1, 2, 4, 6, 3], [5, 1, 2, 6, 3, 4], [5, 1, 2, 6, 4, 3], [5, 1, 6, 2, 3, 4], [5, 1, 6, 2, 4, 3], [5, 2, 1, 4, 6, 3], [5, 2, 1, 6, 3, 4], [5, 2, 1, 6, 4, 3], [5, 2, 4, 1, 6, 3]]
Distance: 12
M(A) inter A:
set()
M(B) inter B:
{(6, 2, 4, 1, 3, 5)}

AUB = 
{(5, 1, 3, 6, 4, 2), (3, 1, 5, 2, 4, 6), (4, 5, 2, 1, 6, 3), (1, 6, 2, 3, 4, 5), (6, 2, 4, 1, 3, 5), (5, 2, 4, 6, 3, 1)}
M(AUB) = 
[[1, 5, 2, 4, 6, 3], [1, 5, 2, 6, 3, 4], [1, 5, 2, 6, 4, 3], [1, 5, 6, 2, 3, 4], [1, 5, 6, 2, 4, 3], [5, 1, 2, 4, 6, 3], [5, 1, 2, 6, 3, 4], [5, 1, 2, 6, 4, 3], [5, 1, 6, 2, 3, 4], [5, 1, 6, 2, 4, 3], [5, 2, 1, 4, 6, 3], [5, 2, 1, 6, 3, 4], [5, 2, 1, 6, 4, 3], [5, 2, 4, 1, 6, 3]]
Distance:38

(92)
A = 
{(3, 2, 5, 1, 4, 6), (1, 5, 6, 4, 2, 3), (2, 3, 5, 1, 4, 6)}
M(A) = 
[[2, 3, 1, 5, 4, 6], [2, 3, 5, 1, 4, 6], [3, 1, 2, 5, 4, 6], [3, 2, 1, 5, 4, 6], [3, 2, 5, 1, 4, 6]]
Distance: 11
B = 
{(2, 1, 3, 4, 5, 6), (5, 3, 6, 1, 2, 4), (3, 4, 1, 2, 5, 6)}
M(B) = 
[[2, 3, 1, 5, 4, 6], [2, 3, 5, 1, 4, 6], [3, 1, 2, 5, 4, 6], [3, 2, 1, 5, 4, 6], [3, 2, 5, 1, 4, 6]]
Distance: 12
M(A) inter A:
set()
M(B) inter B:
set()

AUB = 
{(1, 5, 6, 4, 2, 3), (3, 4, 1, 2, 5, 6), (2, 3, 5, 1, 4, 6), (3, 2, 5, 1, 4, 6), (5, 3, 6, 1, 2, 4), (2, 1, 3, 4, 5, 6)}
M(AUB) = 
[[2, 3, 1, 5, 4, 6], [2, 3, 5, 1, 4, 6], [3, 1, 2, 5, 4, 6], [3, 2, 1, 5, 4, 6], [3, 2, 5, 1, 4, 6]]
Distance:27

(93)
A = 
{(4, 3, 2, 1, 5, 6), (3, 6, 5, 2, 1, 4), (3, 1, 2, 5, 4, 6)}
M(A) = 
[[2, 4, 3, 1, 6, 5], [2, 4, 3, 6, 1, 5], [2, 4, 6, 3, 1, 5], [2, 6, 4, 3, 1, 5], [4, 2, 3, 1, 6, 5], [4, 2, 3, 6, 1, 5], [4, 2, 6, 3, 1, 5], [4, 3, 2, 1, 6, 5], [4, 3, 2, 6, 1, 5]]
Distance: 11
B = 
{(2, 6, 1, 4, 3, 5), (4, 2, 1, 6, 3, 5), (6, 4, 2, 5, 3, 1)}
M(B) = 
[[2, 4, 3, 1, 6, 5], [2, 4, 3, 6, 1, 5], [2, 4, 6, 3, 1, 5], [2, 6, 4, 3, 1, 5], [4, 2, 3, 1, 6, 5], [4, 2, 3, 6, 1, 5], [4, 2, 6, 3, 1, 5], [4, 3, 2, 1, 6, 5], [4, 3, 2, 6, 1, 5]]
Distance: 9
M(A) inter A:
set()
M(B) inter B:
set()

AUB = 
{(2, 6, 1, 4, 3, 5), (3, 6, 5, 2, 1, 4), (3, 1, 2, 5, 4, 6), (6, 4, 2, 5, 3, 1), (4, 3, 2, 1, 5, 6), (4, 2, 1, 6, 3, 5)}
M(AUB) = 
[[2, 4, 3, 1, 6, 5], [2, 4, 3, 6, 1, 5], [2, 4, 6, 3, 1, 5], [2, 6, 4, 3, 1, 5], [4, 2, 3, 1, 6, 5], [4, 2, 3, 6, 1, 5], [4, 2, 6, 3, 1, 5], [4, 3, 2, 1, 6, 5], [4, 3, 2, 6, 1, 5]]
Distance:33

(94)
A = 
{(2, 5, 4, 3, 1, 6), (5, 2, 1, 4, 6, 3), (3, 1, 4, 5, 6, 2)}
M(A) = 
[[1, 4, 3, 5, 2, 6], [1, 4, 3, 5, 6, 2], [1, 4, 5, 2, 3, 6], [1, 4, 5, 3, 2, 6], [1, 4, 5, 3, 6, 2]]
Distance: 13
B = 
{(4, 1, 5, 3, 2, 6), (1, 3, 4, 6, 5, 2), (1, 6, 2, 4, 3, 5)}
M(B) = 
[[1, 4, 3, 5, 2, 6], [1, 4, 3, 5, 6, 2], [1, 4, 5, 2, 3, 6], [1, 4, 5, 3, 2, 6], [1, 4, 5, 3, 6, 2]]
Distance: 10
M(A) inter A:
set()
M(B) inter B:
set()

AUB = 
{(2, 5, 4, 3, 1, 6), (5, 2, 1, 4, 6, 3), (4, 1, 5, 3, 2, 6), (3, 1, 4, 5, 6, 2), (1, 3, 4, 6, 5, 2), (1, 6, 2, 4, 3, 5)}
M(AUB) = 
[[1, 4, 3, 5, 2, 6], [1, 4, 3, 5, 6, 2], [1, 4, 5, 2, 3, 6], [1, 4, 5, 3, 2, 6], [1, 4, 5, 3, 6, 2]]
Distance:31

(95)
A = 
{(2, 1, 5, 4, 3, 6), (6, 5, 1, 3, 4, 2), (1, 5, 4, 6, 3, 2)}
M(A) = 
[[1, 5, 4, 3, 2, 6], [1, 5, 4, 3, 6, 2], [1, 5, 4, 6, 3, 2], [5, 1, 4, 3, 2, 6], [5, 1, 4, 3, 6, 2], [5, 1, 4, 6, 3, 2], [5, 4, 1, 3, 2, 6], [5, 4, 1, 3, 6, 2], [5, 4, 1, 6, 3, 2], [5, 4, 6, 1, 3, 2]]
Distance: 11
B = 
{(4, 3, 5, 6, 1, 2), (4, 1, 5, 2, 6, 3), (5, 3, 4, 2, 6, 1)}
M(B) = 
[[1, 5, 4, 3, 2, 6], [1, 5, 4, 3, 6, 2], [1, 5, 4, 6, 3, 2], [5, 1, 4, 3, 2, 6], [5, 1, 4, 3, 6, 2], [5, 1, 4, 6, 3, 2], [5, 4, 1, 3, 2, 6], [5, 4, 1, 3, 6, 2], [5, 4, 1, 6, 3, 2], [5, 4, 6, 1, 3, 2]]
Distance: 11
M(A) inter A:
set()
M(B) inter B:
set()

AUB = 
{(2, 1, 5, 4, 3, 6), (5, 3, 4, 2, 6, 1), (6, 5, 1, 3, 4, 2), (4, 3, 5, 6, 1, 2), (4, 1, 5, 2, 6, 3), (1, 5, 4, 6, 3, 2)}
M(AUB) = 
[[1, 5, 4, 3, 2, 6], [1, 5, 4, 3, 6, 2], [1, 5, 4, 6, 3, 2], [5, 1, 4, 3, 2, 6], [5, 1, 4, 3, 6, 2], [5, 1, 4, 6, 3, 2], [5, 4, 1, 3, 2, 6], [5, 4, 1, 3, 6, 2], [5, 4, 1, 6, 3, 2], [5, 4, 6, 1, 3, 2]]
Distance:30

(96)
A = 
{(1, 6, 2, 5, 3, 4), (1, 2, 5, 6, 3, 4), (6, 3, 1, 5, 4, 2)}
M(A) = 
[[6, 1, 2, 3, 5, 4], [6, 1, 2, 5, 3, 4]]
Distance: 8
B = 
{(2, 6, 4, 5, 1, 3), (3, 6, 5, 1, 4, 2), (2, 4, 6, 3, 5, 1)}
M(B) = 
[[6, 1, 2, 3, 5, 4], [6, 1, 2, 5, 3, 4]]
Distance: 12
M(A) inter A:
set()
M(B) inter B:
set()

AUB = 
{(3, 6, 5, 1, 4, 2), (2, 4, 6, 3, 5, 1), (1, 2, 5, 6, 3, 4), (6, 3, 1, 5, 4, 2), (2, 6, 4, 5, 1, 3), (1, 6, 2, 5, 3, 4)}
M(AUB) = 
[[6, 1, 2, 3, 5, 4], [6, 1, 2, 5, 3, 4]]
Distance:31

(97)
A = 
{(5, 1, 6, 2, 4, 3), (4, 6, 1, 5, 2, 3), (4, 5, 2, 6, 1, 3)}
M(A) = 
[[1, 5, 2, 4, 3, 6], [1, 5, 2, 4, 6, 3], [5, 1, 2, 4, 3, 6], [5, 1, 2, 4, 6, 3], [5, 2, 1, 4, 3, 6], [5, 2, 1, 4, 6, 3], [5, 2, 4, 1, 3, 6], [5, 2, 4, 1, 6, 3], [5, 2, 4, 3, 1, 6]]
Distance: 9
B = 
{(3, 5, 1, 6, 2, 4), (2, 4, 3, 1, 5, 6), (2, 3, 1, 5, 4, 6)}
M(B) = 
[[1, 5, 2, 4, 3, 6], [1, 5, 2, 4, 6, 3], [5, 1, 2, 4, 3, 6], [5, 1, 2, 4, 6, 3], [5, 2, 1, 4, 3, 6], [5, 2, 1, 4, 6, 3], [5, 2, 4, 1, 3, 6], [5, 2, 4, 1, 6, 3], [5, 2, 4, 3, 1, 6]]
Distance: 9
M(A) inter A:
set()
M(B) inter B:
{(2, 3, 1, 5, 4, 6)}

AUB = 
{(3, 5, 1, 6, 2, 4), (4, 6, 1, 5, 2, 3), (4, 5, 2, 6, 1, 3), (2, 3, 1, 5, 4, 6), (5, 1, 6, 2, 4, 3), (2, 4, 3, 1, 5, 6)}
M(AUB) = 
[[1, 5, 2, 4, 3, 6], [1, 5, 2, 4, 6, 3], [5, 1, 2, 4, 3, 6], [5, 1, 2, 4, 6, 3], [5, 2, 1, 4, 3, 6], [5, 2, 1, 4, 6, 3], [5, 2, 4, 1, 3, 6], [5, 2, 4, 1, 6, 3], [5, 2, 4, 3, 1, 6]]
Distance:36

(98)
A = 
{(1, 4, 2, 6, 5, 3), (6, 4, 3, 5, 1, 2), (1, 6, 4, 2, 5, 3)}
M(A) = 
[[1, 6, 4, 2, 3, 5], [1, 6, 4, 3, 2, 5], [6, 1, 4, 2, 3, 5], [6, 1, 4, 3, 2, 5], [6, 4, 1, 2, 3, 5], [6, 4, 1, 3, 2, 5], [6, 4, 3, 1, 2, 5]]
Distance: 9
B = 
{(6, 1, 4, 2, 3, 5), (4, 3, 1, 6, 2, 5), (3, 5, 6, 4, 2, 1)}
M(B) = 
[[1, 6, 4, 2, 3, 5], [1, 6, 4, 3, 2, 5], [6, 1, 4, 2, 3, 5], [6, 1, 4, 3, 2, 5], [6, 4, 1, 2, 3, 5], [6, 4, 1, 3, 2, 5], [6, 4, 3, 1, 2, 5]]
Distance: 13
M(A) inter A:
set()
M(B) inter B:
set()

AUB = 
{(4, 3, 1, 6, 2, 5), (1, 4, 2, 6, 5, 3), (6, 1, 4, 2, 3, 5), (6, 4, 3, 5, 1, 2), (1, 6, 4, 2, 5, 3), (3, 5, 6, 4, 2, 1)}
M(AUB) = 
[[1, 6, 4, 2, 3, 5], [1, 6, 4, 3, 2, 5], [6, 1, 4, 2, 3, 5], [6, 1, 4, 3, 2, 5], [6, 4, 1, 2, 3, 5], [6, 4, 1, 3, 2, 5], [6, 4, 3, 1, 2, 5]]
Distance:27

(99)
A = 
{(5, 6, 3, 1, 4, 2), (1, 5, 2, 6, 3, 4), (4, 2, 5, 1, 3, 6)}
M(A) = 
[[1, 5, 6, 3, 4, 2], [1, 5, 6, 4, 2, 3], [1, 5, 6, 4, 3, 2], [1, 6, 4, 5, 2, 3], [1, 6, 4, 5, 3, 2], [1, 6, 5, 3, 4, 2], [1, 6, 5, 4, 2, 3], [1, 6, 5, 4, 3, 2], [6, 1, 4, 5, 2, 3], [6, 1, 4, 5, 3, 2], [6, 1, 5, 3, 4, 2], [6, 1, 5, 4, 2, 3], [6, 1, 5, 4, 3, 2], [6, 4, 1, 5, 2, 3], [6, 4, 1, 5, 3, 2]]
Distance: 14
B = 
{(6, 4, 1, 5, 3, 2), (3, 4, 6, 1, 2, 5), (1, 6, 5, 2, 4, 3)}
M(B) = 
[[1, 5, 6, 3, 4, 2], [1, 5, 6, 4, 2, 3], [1, 5, 6, 4, 3, 2], [1, 6, 4, 5, 2, 3], [1, 6, 4, 5, 3, 2], [1, 6, 5, 3, 4, 2], [1, 6, 5, 4, 2, 3], [1, 6, 5, 4, 3, 2], [6, 1, 4, 5, 2, 3], [6, 1, 4, 5, 3, 2], [6, 1, 5, 3, 4, 2], [6, 1, 5, 4, 2, 3], [6, 1, 5, 4, 3, 2], [6, 4, 1, 5, 2, 3], [6, 4, 1, 5, 3, 2]]
Distance: 11
M(A) inter A:
set()
M(B) inter B:
{(6, 4, 1, 5, 3, 2)}

AUB = 
{(6, 4, 1, 5, 3, 2), (1, 5, 2, 6, 3, 4), (3, 4, 6, 1, 2, 5), (5, 6, 3, 1, 4, 2), (1, 6, 5, 2, 4, 3), (4, 2, 5, 1, 3, 6)}
M(AUB) = 
[[1, 5, 6, 3, 4, 2], [1, 5, 6, 4, 2, 3], [1, 5, 6, 4, 3, 2], [1, 6, 4, 5, 2, 3], [1, 6, 4, 5, 3, 2], [1, 6, 5, 3, 4, 2], [1, 6, 5, 4, 2, 3], [1, 6, 5, 4, 3, 2], [6, 1, 4, 5, 2, 3], [6, 1, 4, 5, 3, 2], [6, 1, 5, 3, 4, 2], [6, 1, 5, 4, 2, 3], [6, 1, 5, 4, 3, 2], [6, 4, 1, 5, 2, 3], [6, 4, 1, 5, 3, 2]]
Distance:34

