(0)
A = 
{(4, 3, 1, 2), (4, 1, 3, 2), (1, 2, 3, 4), (3, 2, 1, 4)}
M(A) = 
[[1, 3, 2, 4], [1, 4, 3, 2]]
Distance: 10
B = 
{(1, 4, 3, 2), (2, 1, 4, 3), (3, 2, 1, 4), (1, 3, 2, 4)}
M(B) = 
[[1, 3, 2, 4], [1, 4, 3, 2]]
Distance: 7
M(A) inter A:
set()
M(B) inter B:
{(1, 3, 2, 4)}

AUB = 
{(2, 1, 4, 3), (1, 3, 2, 4), (1, 2, 3, 4), (1, 4, 3, 2), (4, 3, 1, 2), (3, 2, 1, 4), (4, 1, 3, 2)}
M(AUB) = 
[[1, 3, 2, 4], [1, 4, 3, 2]]
Distance:15

(1)
A = 
{(4, 1, 2, 3), (1, 2, 4, 3), (4, 2, 3, 1), (2, 1, 4, 3)}
M(A) = 
[[1, 4, 2, 3]]
Distance: 7
B = 
{(1, 4, 2, 3), (4, 2, 1, 3), (1, 3, 4, 2), (3, 1, 4, 2)}
M(B) = 
[[1, 4, 2, 3]]
Distance: 7
M(A) inter A:
set()
M(B) inter B:
{(1, 4, 2, 3), (1, 3, 4, 2)}

AUB = 
{(4, 1, 2, 3), (3, 1, 4, 2), (1, 4, 2, 3), (1, 3, 4, 2), (1, 2, 4, 3), (4, 2, 1, 3), (4, 2, 3, 1), (2, 1, 4, 3)}
M(AUB) = 
[[1, 4, 2, 3]]
Distance:14

(2)
A = 
{(3, 2, 4, 1), (4, 3, 2, 1), (3, 1, 2, 4), (3, 4, 1, 2)}
M(A) = 
[[3, 2, 4, 1]]
Distance: 6
B = 
{(1, 2, 4, 3), (4, 2, 1, 3), (3, 2, 1, 4), (3, 2, 4, 1)}
M(B) = 
[[3, 2, 4, 1]]
Distance: 10
M(A) inter A:
{(3, 2, 4, 1)}
M(B) inter B:
{(3, 2, 4, 1), (3, 2, 1, 4)}

AUB = 
{(4, 2, 1, 3), (3, 4, 1, 2), (1, 2, 4, 3), (3, 2, 1, 4), (3, 2, 4, 1), (4, 3, 2, 1), (3, 1, 2, 4)}
M(AUB) = 
[[3, 2, 4, 1]]
Distance:16

(3)
A = 
{(1, 4, 2, 3), (4, 2, 1, 3), (1, 3, 4, 2), (2, 4, 1, 3)}
M(A) = 
[[4, 1, 2, 3]]
Distance: 7
B = 
{(4, 3, 1, 2), (3, 1, 2, 4), (1, 3, 4, 2), (2, 3, 4, 1)}
M(B) = 
[[4, 1, 2, 3]]
Distance: 8
M(A) inter A:
set()
M(B) inter B:
{(3, 1, 2, 4)}

AUB = 
{(4, 2, 1, 3), (1, 3, 4, 2), (1, 4, 2, 3), (2, 3, 4, 1), (4, 3, 1, 2), (3, 1, 2, 4), (2, 4, 1, 3)}
M(AUB) = 
[[4, 1, 2, 3]]
Distance:18

(4)
A = 
{(3, 2, 4, 1), (2, 1, 4, 3), (1, 3, 2, 4), (4, 3, 1, 2)}
M(A) = 
[[3, 1, 2, 4], [3, 1, 4, 2], [3, 2, 1, 4], [3, 2, 4, 1], [3, 4, 1, 2], [3, 4, 2, 1]]
Distance: 10
B = 
{(3, 4, 2, 1), (4, 3, 2, 1), (3, 1, 2, 4), (1, 3, 4, 2)}
M(B) = 
[[3, 1, 2, 4], [3, 1, 4, 2], [3, 2, 1, 4], [3, 2, 4, 1], [3, 4, 1, 2], [3, 4, 2, 1]]
Distance: 7
M(A) inter A:
set()
M(B) inter B:
{(3, 4, 2, 1)}

AUB = 
{(4, 3, 2, 1), (1, 3, 2, 4), (3, 4, 2, 1), (1, 3, 4, 2), (3, 2, 4, 1), (2, 1, 4, 3), (3, 1, 2, 4), (4, 3, 1, 2)}
M(AUB) = 
[[3, 1, 2, 4], [3, 1, 4, 2], [3, 2, 1, 4], [3, 2, 4, 1], [3, 4, 1, 2], [3, 4, 2, 1]]
Distance:19

(5)
A = 
{(1, 2, 4, 3), (1, 3, 2, 4), (3, 1, 2, 4), (2, 3, 4, 1)}
M(A) = 
[[1, 3, 2, 4], [1, 3, 4, 2], [1, 4, 3, 2], [3, 1, 2, 4], [3, 1, 4, 2], [3, 2, 1, 4], [3, 2, 4, 1], [3, 4, 1, 2], [3, 4, 2, 1], [4, 1, 3, 2], [4, 3, 1, 2], [4, 3, 2, 1]]
Distance: 7
B = 
{(3, 4, 2, 1), (4, 2, 1, 3), (1, 4, 3, 2), (4, 3, 2, 1)}
M(B) = 
[[1, 3, 2, 4], [1, 3, 4, 2], [1, 4, 3, 2], [3, 1, 2, 4], [3, 1, 4, 2], [3, 2, 1, 4], [3, 2, 4, 1], [3, 4, 1, 2], [3, 4, 2, 1], [4, 1, 3, 2], [4, 3, 1, 2], [4, 3, 2, 1]]
Distance: 6
M(A) inter A:
set()
M(B) inter B:
{(4, 3, 2, 1)}

AUB = 
{(4, 2, 1, 3), (1, 3, 2, 4), (3, 4, 2, 1), (1, 4, 3, 2), (1, 2, 4, 3), (2, 3, 4, 1), (4, 3, 2, 1), (3, 1, 2, 4)}
M(AUB) = 
[[1, 3, 2, 4], [1, 3, 4, 2], [1, 4, 3, 2], [3, 1, 2, 4], [3, 1, 4, 2], [3, 2, 1, 4], [3, 2, 4, 1], [3, 4, 1, 2], [3, 4, 2, 1], [4, 1, 3, 2], [4, 3, 1, 2], [4, 3, 2, 1]]
Distance:23

(6)
A = 
{(3, 2, 4, 1), (3, 4, 1, 2), (3, 1, 4, 2), (1, 2, 3, 4)}
M(A) = 
[[3, 2, 4, 1], [3, 4, 1, 2], [3, 4, 2, 1]]
Distance: 7
B = 
{(2, 4, 1, 3), (4, 3, 2, 1), (3, 2, 1, 4), (4, 3, 1, 2)}
M(B) = 
[[3, 2, 4, 1], [3, 4, 1, 2], [3, 4, 2, 1]]
Distance: 7
M(A) inter A:
set()
M(B) inter B:
{(4, 3, 2, 1)}

AUB = 
{(3, 1, 4, 2), (4, 3, 2, 1), (1, 2, 3, 4), (4, 3, 1, 2), (3, 2, 4, 1), (2, 4, 1, 3), (3, 2, 1, 4), (3, 4, 1, 2)}
M(AUB) = 
[[3, 2, 4, 1], [3, 4, 1, 2], [3, 4, 2, 1]]
Distance:18

(7)
A = 
{(2, 3, 1, 4), (2, 3, 4, 1), (3, 1, 4, 2), (2, 4, 3, 1)}
M(A) = 
[[2, 1, 3, 4], [2, 3, 1, 4], [2, 3, 4, 1]]
Distance: 6
B = 
{(2, 4, 1, 3), (4, 2, 1, 3), (1, 3, 4, 2), (1, 3, 2, 4)}
M(B) = 
[[2, 1, 3, 4], [2, 3, 1, 4], [2, 3, 4, 1]]
Distance: 10
M(A) inter A:
set()
M(B) inter B:
{(4, 2, 1, 3), (1, 3, 2, 4), (1, 3, 4, 2), (2, 4, 1, 3)}

AUB = 
{(2, 3, 1, 4), (1, 3, 2, 4), (3, 1, 4, 2), (2, 3, 4, 1), (1, 3, 4, 2), (4, 2, 1, 3), (2, 4, 3, 1), (2, 4, 1, 3)}
M(AUB) = 
[[2, 1, 3, 4], [2, 3, 1, 4], [2, 3, 4, 1]]
Distance:20

(8)
A = 
{(4, 1, 3, 2), (3, 4, 1, 2), (3, 1, 2, 4), (2, 4, 3, 1)}
M(A) = 
[[4, 1, 3, 2], [4, 3, 1, 2], [4, 3, 2, 1]]
Distance: 8
B = 
{(4, 3, 2, 1), (1, 3, 2, 4), (4, 2, 1, 3), (2, 4, 1, 3)}
M(B) = 
[[4, 1, 3, 2], [4, 3, 1, 2], [4, 3, 2, 1]]
Distance: 8
M(A) inter A:
set()
M(B) inter B:
{(4, 2, 1, 3), (2, 4, 1, 3)}

AUB = 
{(2, 4, 1, 3), (4, 2, 1, 3), (1, 3, 2, 4), (3, 4, 1, 2), (2, 4, 3, 1), (4, 3, 2, 1), (3, 1, 2, 4), (4, 1, 3, 2)}
M(AUB) = 
[[4, 1, 3, 2], [4, 3, 1, 2], [4, 3, 2, 1]]
Distance:20

(9)
A = 
{(2, 4, 1, 3), (4, 1, 3, 2), (4, 3, 2, 1), (2, 4, 3, 1)}
M(A) = 
[[1, 2, 4, 3], [1, 4, 2, 3], [1, 4, 3, 2], [2, 1, 4, 3], [2, 4, 1, 3], [4, 1, 2, 3], [4, 1, 3, 2], [4, 2, 1, 3]]
Distance: 7
B = 
{(3, 1, 4, 2), (2, 1, 4, 3), (1, 4, 3, 2), (1, 2, 3, 4)}
M(B) = 
[[1, 2, 4, 3], [1, 4, 2, 3], [1, 4, 3, 2], [2, 1, 4, 3], [2, 4, 1, 3], [4, 1, 2, 3], [4, 1, 3, 2], [4, 2, 1, 3]]
Distance: 8
M(A) inter A:
set()
M(B) inter B:
{(1, 4, 3, 2), (1, 2, 3, 4)}

AUB = 
{(2, 4, 1, 3), (2, 1, 4, 3), (3, 1, 4, 2), (1, 2, 3, 4), (1, 4, 3, 2), (2, 4, 3, 1), (4, 3, 2, 1), (4, 1, 3, 2)}
M(AUB) = 
[[1, 2, 4, 3], [1, 4, 2, 3], [1, 4, 3, 2], [2, 1, 4, 3], [2, 4, 1, 3], [4, 1, 2, 3], [4, 1, 3, 2], [4, 2, 1, 3]]
Distance:21

(10)
A = 
{(4, 1, 3, 2), (2, 1, 4, 3), (4, 3, 2, 1), (2, 4, 1, 3)}
M(A) = 
[[4, 2, 1, 3], [4, 2, 3, 1]]
Distance: 7
B = 
{(1, 4, 2, 3), (4, 2, 3, 1), (3, 1, 4, 2), (2, 3, 4, 1)}
M(B) = 
[[4, 2, 1, 3], [4, 2, 3, 1]]
Distance: 9
M(A) inter A:
set()
M(B) inter B:
{(4, 2, 3, 1)}

AUB = 
{(4, 3, 2, 1), (3, 1, 4, 2), (4, 2, 3, 1), (1, 4, 2, 3), (2, 3, 4, 1), (4, 1, 3, 2), (2, 1, 4, 3), (2, 4, 1, 3)}
M(AUB) = 
[[4, 2, 1, 3], [4, 2, 3, 1]]
Distance:18

(11)
A = 
{(1, 4, 2, 3), (2, 3, 1, 4), (4, 2, 1, 3), (2, 4, 3, 1)}
M(A) = 
[[2, 1, 3, 4], [2, 1, 4, 3], [2, 4, 1, 3]]
Distance: 8
B = 
{(3, 2, 4, 1), (2, 1, 3, 4), (1, 2, 3, 4), (2, 4, 1, 3)}
M(B) = 
[[2, 1, 3, 4], [2, 1, 4, 3], [2, 4, 1, 3]]
Distance: 6
M(A) inter A:
set()
M(B) inter B:
{(2, 1, 3, 4)}

AUB = 
{(2, 3, 1, 4), (1, 2, 3, 4), (3, 2, 4, 1), (1, 4, 2, 3), (4, 2, 1, 3), (2, 4, 3, 1), (2, 1, 3, 4), (2, 4, 1, 3)}
M(AUB) = 
[[2, 1, 3, 4], [2, 1, 4, 3], [2, 4, 1, 3]]
Distance:16

(12)
A = 
{(1, 4, 2, 3), (4, 2, 1, 3), (2, 1, 4, 3), (2, 4, 3, 1)}
M(A) = 
[[2, 1, 4, 3], [2, 4, 1, 3], [2, 4, 3, 1]]
Distance: 6
B = 
{(3, 2, 4, 1), (4, 3, 2, 1), (1, 3, 2, 4), (3, 1, 2, 4)}
M(B) = 
[[2, 1, 4, 3], [2, 4, 1, 3], [2, 4, 3, 1]]
Distance: 7
M(A) inter A:
set()
M(B) inter B:
{(3, 2, 4, 1), (3, 1, 2, 4)}

AUB = 
{(4, 2, 1, 3), (1, 3, 2, 4), (3, 2, 4, 1), (1, 4, 2, 3), (2, 4, 3, 1), (4, 3, 2, 1), (3, 1, 2, 4), (2, 1, 4, 3)}
M(AUB) = 
[[2, 1, 4, 3], [2, 4, 1, 3], [2, 4, 3, 1]]
Distance:21

(13)
A = 
{(2, 1, 3, 4), (3, 4, 2, 1), (2, 3, 1, 4), (2, 1, 4, 3)}
M(A) = 
[[1, 4, 2, 3], [2, 1, 4, 3], [4, 2, 1, 3]]
Distance: 6
B = 
{(1, 4, 2, 3), (4, 2, 1, 3), (1, 4, 3, 2), (4, 3, 1, 2)}
M(B) = 
[[1, 4, 2, 3], [2, 1, 4, 3], [4, 2, 1, 3]]
Distance: 6
M(A) inter A:
set()
M(B) inter B:
{(1, 4, 2, 3), (1, 4, 3, 2)}

AUB = 
{(2, 1, 3, 4), (1, 4, 2, 3), (1, 4, 3, 2), (3, 4, 2, 1), (2, 3, 1, 4), (4, 2, 1, 3), (4, 3, 1, 2), (2, 1, 4, 3)}
M(AUB) = 
[[1, 4, 2, 3], [2, 1, 4, 3], [4, 2, 1, 3]]
Distance:20

(14)
A = 
{(4, 2, 3, 1), (3, 1, 2, 4), (1, 3, 4, 2), (3, 4, 1, 2)}
M(A) = 
[[2, 3, 4, 1], [3, 4, 2, 1], [4, 2, 3, 1]]
Distance: 7
B = 
{(2, 1, 4, 3), (4, 2, 1, 3), (1, 3, 4, 2), (2, 3, 4, 1)}
M(B) = 
[[2, 3, 4, 1], [3, 4, 2, 1], [4, 2, 3, 1]]
Distance: 9
M(A) inter A:
set()
M(B) inter B:
{(4, 2, 1, 3), (2, 1, 4, 3)}

AUB = 
{(4, 2, 1, 3), (3, 4, 1, 2), (1, 3, 4, 2), (2, 3, 4, 1), (4, 2, 3, 1), (3, 1, 2, 4), (2, 1, 4, 3)}
M(AUB) = 
[[2, 3, 4, 1], [3, 4, 2, 1], [4, 2, 3, 1]]
Distance:19

(15)
A = 
{(2, 4, 1, 3), (2, 3, 1, 4), (4, 2, 1, 3), (2, 1, 4, 3)}
M(A) = 
[[2, 1, 3, 4]]
Distance: 5
B = 
{(2, 1, 3, 4), (4, 2, 1, 3), (3, 4, 1, 2), (1, 3, 2, 4)}
M(B) = 
[[2, 1, 3, 4]]
Distance: 10
M(A) inter A:
set()
M(B) inter B:
{(2, 1, 3, 4), (1, 3, 2, 4)}

AUB = 
{(2, 3, 1, 4), (1, 3, 2, 4), (3, 4, 1, 2), (4, 2, 1, 3), (2, 1, 3, 4), (2, 4, 1, 3), (2, 1, 4, 3)}
M(AUB) = 
[[2, 1, 3, 4]]
Distance:14

(16)
A = 
{(4, 1, 2, 3), (3, 1, 4, 2), (2, 4, 3, 1), (2, 3, 1, 4)}
M(A) = 
[[2, 3, 4, 1]]
Distance: 10
B = 
{(2, 1, 3, 4), (2, 4, 3, 1), (3, 4, 1, 2), (2, 3, 4, 1)}
M(B) = 
[[2, 3, 4, 1]]
Distance: 6
M(A) inter A:
set()
M(B) inter B:
{(2, 3, 4, 1)}

AUB = 
{(2, 3, 1, 4), (3, 1, 4, 2), (2, 3, 4, 1), (4, 1, 2, 3), (2, 4, 3, 1), (2, 1, 3, 4), (3, 4, 1, 2)}
M(AUB) = 
[[2, 3, 4, 1]]
Distance:15

(17)
A = 
{(3, 4, 2, 1), (2, 3, 1, 4), (2, 3, 4, 1), (2, 1, 4, 3)}
M(A) = 
[[2, 3, 4, 1]]
Distance: 6
B = 
{(3, 4, 2, 1), (2, 3, 1, 4), (4, 2, 1, 3), (2, 1, 4, 3)}
M(B) = 
[[2, 3, 4, 1]]
Distance: 9
M(A) inter A:
{(2, 3, 1, 4), (2, 1, 4, 3), (2, 3, 4, 1)}
M(B) inter B:
{(2, 3, 1, 4), (2, 1, 4, 3), (4, 2, 1, 3)}

AUB = 
{(2, 3, 1, 4), (3, 4, 2, 1), (4, 2, 1, 3), (2, 3, 4, 1), (2, 1, 4, 3)}
M(AUB) = 
[[2, 3, 4, 1]]
Distance:9

(18)
A = 
{(4, 3, 2, 1), (1, 3, 4, 2), (3, 1, 2, 4), (1, 4, 3, 2)}
M(A) = 
[[1, 2, 4, 3], [1, 4, 2, 3], [1, 4, 3, 2]]
Distance: 7
B = 
{(1, 2, 4, 3), (4, 2, 1, 3), (1, 2, 3, 4), (2, 4, 1, 3)}
M(B) = 
[[1, 2, 4, 3], [1, 4, 2, 3], [1, 4, 3, 2]]
Distance: 6
M(A) inter A:
set()
M(B) inter B:
{(1, 2, 4, 3), (2, 4, 1, 3)}

AUB = 
{(4, 2, 1, 3), (1, 2, 3, 4), (1, 4, 3, 2), (1, 3, 4, 2), (1, 2, 4, 3), (4, 3, 2, 1), (3, 1, 2, 4), (2, 4, 1, 3)}
M(AUB) = 
[[1, 2, 4, 3], [1, 4, 2, 3], [1, 4, 3, 2]]
Distance:19

(19)
A = 
{(1, 2, 4, 3), (3, 2, 1, 4), (1, 3, 2, 4), (4, 3, 1, 2)}
M(A) = 
[[1, 3, 2, 4]]
Distance: 8
B = 
{(3, 1, 4, 2), (1, 2, 3, 4), (1, 3, 4, 2), (1, 3, 2, 4)}
M(B) = 
[[1, 3, 2, 4]]
Distance: 4
M(A) inter A:
{(1, 3, 2, 4)}
M(B) inter B:
{(1, 3, 2, 4), (1, 3, 4, 2)}

AUB = 
{(3, 1, 4, 2), (1, 3, 2, 4), (1, 2, 3, 4), (1, 3, 4, 2), (1, 2, 4, 3), (3, 2, 1, 4), (4, 3, 1, 2)}
M(AUB) = 
[[1, 3, 2, 4]]
Distance:12

(20)
A = 
{(1, 2, 4, 3), (2, 3, 1, 4), (1, 3, 2, 4), (2, 4, 1, 3)}
M(A) = 
[[2, 1, 4, 3]]
Distance: 7
B = 
{(2, 4, 1, 3), (4, 3, 1, 2), (2, 4, 3, 1), (2, 1, 4, 3)}
M(B) = 
[[2, 1, 4, 3]]
Distance: 6
M(A) inter A:
{(2, 4, 1, 3)}
M(B) inter B:
{(2, 4, 1, 3), (2, 4, 3, 1)}

AUB = 
{(2, 3, 1, 4), (1, 3, 2, 4), (1, 2, 4, 3), (2, 4, 3, 1), (4, 3, 1, 2), (2, 1, 4, 3), (2, 4, 1, 3)}
M(AUB) = 
[[2, 1, 4, 3]]
Distance:14

(21)
A = 
{(1, 4, 2, 3), (4, 3, 1, 2), (3, 1, 2, 4), (2, 4, 1, 3)}
M(A) = 
[[1, 4, 2, 3], [1, 4, 3, 2], [4, 1, 2, 3], [4, 1, 3, 2]]
Distance: 10
B = 
{(1, 2, 4, 3), (4, 2, 1, 3), (1, 4, 3, 2), (3, 4, 1, 2)}
M(B) = 
[[1, 4, 2, 3], [1, 4, 3, 2], [4, 1, 2, 3], [4, 1, 3, 2]]
Distance: 8
M(A) inter A:
{(1, 4, 2, 3)}
M(B) inter B:
{(1, 4, 3, 2)}

AUB = 
{(4, 2, 1, 3), (3, 4, 1, 2), (1, 2, 4, 3), (1, 4, 3, 2), (1, 4, 2, 3), (4, 3, 1, 2), (3, 1, 2, 4), (2, 4, 1, 3)}
M(AUB) = 
[[1, 4, 2, 3], [1, 4, 3, 2], [4, 1, 2, 3], [4, 1, 3, 2]]
Distance:18

(22)
A = 
{(3, 2, 4, 1), (2, 4, 3, 1), (3, 2, 1, 4), (2, 4, 1, 3)}
M(A) = 
[[2, 3, 4, 1], [2, 4, 3, 1], [3, 2, 4, 1]]
Distance: 6
B = 
{(1, 4, 2, 3), (3, 4, 2, 1), (3, 2, 1, 4), (2, 4, 1, 3)}
M(B) = 
[[2, 3, 4, 1], [2, 4, 3, 1], [3, 2, 4, 1]]
Distance: 11
M(A) inter A:
{(3, 2, 4, 1), (2, 4, 1, 3), (3, 2, 1, 4), (2, 4, 3, 1)}
M(B) inter B:
{(3, 4, 2, 1), (3, 2, 1, 4), (2, 4, 1, 3)}

AUB = 
{(3, 4, 2, 1), (1, 4, 2, 3), (3, 2, 4, 1), (2, 4, 3, 1), (3, 2, 1, 4), (2, 4, 1, 3)}
M(AUB) = 
[[2, 3, 4, 1], [2, 4, 3, 1], [3, 2, 4, 1]]
Distance:13

(23)
A = 
{(3, 4, 2, 1), (4, 2, 1, 3), (1, 4, 2, 3), (2, 4, 3, 1)}
M(A) = 
[[4, 2, 3, 1]]
Distance: 7
B = 
{(1, 2, 3, 4), (4, 2, 3, 1), (3, 1, 4, 2), (2, 3, 4, 1)}
M(B) = 
[[4, 2, 3, 1]]
Distance: 9
M(A) inter A:
set()
M(B) inter B:
{(2, 3, 4, 1)}

AUB = 
{(4, 2, 1, 3), (1, 2, 3, 4), (1, 4, 2, 3), (2, 3, 4, 1), (3, 4, 2, 1), (2, 4, 3, 1), (4, 2, 3, 1), (3, 1, 4, 2)}
M(AUB) = 
[[4, 2, 3, 1]]
Distance:18

(24)
A = 
{(1, 2, 4, 3), (2, 1, 3, 4), (4, 2, 1, 3), (3, 2, 4, 1)}
M(A) = 
[[2, 1, 4, 3]]
Distance: 8
B = 
{(3, 2, 4, 1), (4, 3, 2, 1), (1, 3, 2, 4), (2, 1, 4, 3)}
M(B) = 
[[2, 1, 4, 3]]
Distance: 9
M(A) inter A:
{(3, 2, 4, 1)}
M(B) inter B:
{(3, 2, 4, 1)}

AUB = 
{(2, 1, 3, 4), (1, 3, 2, 4), (3, 2, 4, 1), (1, 2, 4, 3), (4, 2, 1, 3), (4, 3, 2, 1), (2, 1, 4, 3)}
M(AUB) = 
[[2, 1, 4, 3]]
Distance:15

(25)
A = 
{(3, 4, 2, 1), (2, 3, 1, 4), (3, 2, 1, 4), (2, 4, 3, 1)}
M(A) = 
[[2, 3, 1, 4], [3, 2, 1, 4]]
Distance: 6
B = 
{(3, 2, 4, 1), (2, 1, 3, 4), (1, 2, 3, 4), (3, 1, 2, 4)}
M(B) = 
[[2, 3, 1, 4], [3, 2, 1, 4]]
Distance: 7
M(A) inter A:
{(2, 3, 1, 4), (3, 2, 1, 4)}
M(B) inter B:
{(2, 1, 3, 4), (1, 2, 3, 4), (3, 1, 2, 4)}

AUB = 
{(2, 3, 1, 4), (1, 2, 3, 4), (3, 2, 4, 1), (3, 1, 2, 4), (3, 4, 2, 1), (2, 1, 3, 4), (2, 4, 3, 1), (3, 2, 1, 4)}
M(AUB) = 
[[2, 3, 1, 4], [3, 2, 1, 4]]
Distance:13

(26)
A = 
{(2, 3, 1, 4), (1, 4, 3, 2), (1, 3, 4, 2), (4, 3, 1, 2)}
M(A) = 
[[3, 1, 2, 4], [3, 1, 4, 2], [3, 2, 1, 4], [3, 2, 4, 1], [3, 4, 1, 2], [3, 4, 2, 1]]
Distance: 8
B = 
{(3, 2, 4, 1), (3, 4, 2, 1), (3, 1, 2, 4), (2, 4, 3, 1)}
M(B) = 
[[3, 1, 2, 4], [3, 1, 4, 2], [3, 2, 1, 4], [3, 2, 4, 1], [3, 4, 1, 2], [3, 4, 2, 1]]
Distance: 5
M(A) inter A:
set()
M(B) inter B:
{(3, 2, 4, 1)}

AUB = 
{(2, 3, 1, 4), (3, 4, 2, 1), (1, 4, 3, 2), (1, 3, 4, 2), (3, 2, 4, 1), (2, 4, 3, 1), (3, 1, 2, 4), (4, 3, 1, 2)}
M(AUB) = 
[[3, 1, 2, 4], [3, 1, 4, 2], [3, 2, 1, 4], [3, 2, 4, 1], [3, 4, 1, 2], [3, 4, 2, 1]]
Distance:19

(27)
A = 
{(3, 2, 4, 1), (4, 1, 2, 3), (1, 4, 3, 2), (3, 1, 2, 4)}
M(A) = 
[[1, 3, 2, 4], [3, 1, 2, 4]]
Distance: 10
B = 
{(2, 3, 1, 4), (1, 3, 2, 4), (3, 1, 2, 4), (1, 4, 3, 2)}
M(B) = 
[[1, 3, 2, 4], [3, 1, 2, 4]]
Distance: 6
M(A) inter A:
{(3, 1, 2, 4)}
M(B) inter B:
{(1, 3, 2, 4), (3, 1, 2, 4)}

AUB = 
{(4, 1, 2, 3), (1, 3, 2, 4), (1, 4, 3, 2), (3, 2, 4, 1), (2, 3, 1, 4), (3, 1, 2, 4)}
M(AUB) = 
[[1, 3, 2, 4], [3, 1, 2, 4]]
Distance:13

(28)
A = 
{(3, 2, 1, 4), (4, 3, 1, 2), (1, 4, 3, 2), (2, 1, 4, 3)}
M(A) = 
[[1, 4, 3, 2], [3, 1, 4, 2], [3, 2, 1, 4]]
Distance: 9
B = 
{(3, 4, 2, 1), (2, 3, 1, 4), (2, 1, 4, 3), (1, 4, 2, 3)}
M(B) = 
[[1, 4, 3, 2], [3, 1, 4, 2], [3, 2, 1, 4]]
Distance: 9
M(A) inter A:
{(2, 1, 4, 3)}
M(B) inter B:
{(2, 3, 1, 4), (2, 1, 4, 3)}

AUB = 
{(2, 3, 1, 4), (1, 4, 2, 3), (1, 4, 3, 2), (3, 4, 2, 1), (4, 3, 1, 2), (3, 2, 1, 4), (2, 1, 4, 3)}
M(AUB) = 
[[1, 4, 3, 2], [3, 1, 4, 2], [3, 2, 1, 4]]
Distance:19

(29)
A = 
{(4, 2, 3, 1), (3, 2, 1, 4), (4, 3, 2, 1), (2, 4, 3, 1)}
M(A) = 
[[4, 3, 2, 1]]
Distance: 6
B = 
{(4, 1, 2, 3), (4, 2, 3, 1), (3, 1, 2, 4), (1, 4, 3, 2)}
M(B) = 
[[4, 3, 2, 1]]
Distance: 9
M(A) inter A:
set()
M(B) inter B:
{(4, 1, 2, 3), (1, 4, 3, 2)}

AUB = 
{(4, 3, 2, 1), (1, 4, 3, 2), (3, 1, 2, 4), (4, 1, 2, 3), (2, 4, 3, 1), (4, 2, 3, 1), (3, 2, 1, 4)}
M(AUB) = 
[[4, 3, 2, 1]]
Distance:16

(30)
A = 
{(2, 3, 4, 1), (2, 3, 1, 4), (3, 1, 4, 2), (2, 4, 3, 1)}
M(A) = 
[[2, 3, 1, 4]]
Distance: 6
B = 
{(1, 2, 4, 3), (4, 2, 3, 1), (1, 2, 3, 4), (3, 2, 1, 4)}
M(B) = 
[[2, 3, 1, 4]]
Distance: 9
M(A) inter A:
{(2, 3, 1, 4)}
M(B) inter B:
{(1, 2, 4, 3), (1, 2, 3, 4)}

AUB = 
{(2, 3, 1, 4), (3, 1, 4, 2), (2, 3, 4, 1), (1, 2, 4, 3), (2, 4, 3, 1), (4, 2, 3, 1), (3, 2, 1, 4), (1, 2, 3, 4)}
M(AUB) = 
[[2, 3, 1, 4]]
Distance:15

(31)
A = 
{(2, 1, 3, 4), (1, 2, 3, 4), (3, 2, 1, 4), (2, 1, 4, 3)}
M(A) = 
[[3, 1, 2, 4]]
Distance: 4
B = 
{(2, 1, 3, 4), (3, 4, 1, 2), (3, 1, 2, 4), (3, 1, 4, 2)}
M(B) = 
[[3, 1, 2, 4]]
Distance: 6
M(A) inter A:
set()
M(B) inter B:
{(3, 1, 2, 4), (3, 1, 4, 2)}

AUB = 
{(3, 1, 4, 2), (2, 1, 3, 4), (3, 4, 1, 2), (1, 2, 3, 4), (3, 1, 2, 4), (3, 2, 1, 4), (2, 1, 4, 3)}
M(AUB) = 
[[3, 1, 2, 4]]
Distance:13

(32)
A = 
{(4, 1, 2, 3), (3, 4, 1, 2), (3, 1, 4, 2), (1, 4, 3, 2)}
M(A) = 
[[4, 3, 1, 2]]
Distance: 7
B = 
{(2, 4, 1, 3), (4, 3, 2, 1), (3, 1, 2, 4), (2, 4, 3, 1)}
M(B) = 
[[4, 3, 1, 2]]
Distance: 7
M(A) inter A:
set()
M(B) inter B:
{(2, 4, 3, 1)}

AUB = 
{(4, 1, 2, 3), (3, 4, 1, 2), (1, 4, 3, 2), (4, 3, 2, 1), (2, 4, 3, 1), (2, 4, 1, 3), (3, 1, 2, 4), (3, 1, 4, 2)}
M(AUB) = 
[[4, 3, 1, 2]]
Distance:18

(33)
A = 
{(2, 1, 3, 4), (2, 1, 4, 3), (1, 2, 3, 4), (1, 4, 3, 2)}
M(A) = 
[[1, 2, 3, 4], [1, 3, 2, 4], [2, 1, 3, 4]]
Distance: 6
B = 
{(3, 2, 4, 1), (1, 3, 2, 4), (3, 1, 2, 4), (2, 4, 1, 3)}
M(B) = 
[[1, 2, 3, 4], [1, 3, 2, 4], [2, 1, 3, 4]]
Distance: 8
M(A) inter A:
set()
M(B) inter B:
{(3, 2, 4, 1), (1, 3, 2, 4), (3, 1, 2, 4)}

AUB = 
{(2, 1, 3, 4), (1, 3, 2, 4), (1, 2, 3, 4), (1, 4, 3, 2), (3, 2, 4, 1), (2, 4, 1, 3), (3, 1, 2, 4), (2, 1, 4, 3)}
M(AUB) = 
[[1, 2, 3, 4], [1, 3, 2, 4], [2, 1, 3, 4]]
Distance:16

(34)
A = 
{(3, 4, 2, 1), (4, 2, 1, 3), (3, 4, 1, 2), (2, 4, 1, 3)}
M(A) = 
[[4, 2, 1, 3]]
Distance: 8
B = 
{(2, 4, 1, 3), (2, 1, 4, 3), (4, 2, 1, 3), (4, 1, 3, 2)}
M(B) = 
[[4, 2, 1, 3]]
Distance: 5
M(A) inter A:
{(4, 2, 1, 3), (2, 4, 1, 3)}
M(B) inter B:
{(4, 2, 1, 3), (2, 4, 1, 3)}

AUB = 
{(4, 2, 1, 3), (3, 4, 1, 2), (3, 4, 2, 1), (4, 1, 3, 2), (2, 1, 4, 3), (2, 4, 1, 3)}
M(AUB) = 
[[4, 2, 1, 3]]
Distance:12

(35)
A = 
{(2, 3, 4, 1), (2, 1, 3, 4), (3, 2, 1, 4), (2, 4, 3, 1)}
M(A) = 
[[2, 4, 3, 1]]
Distance: 5
B = 
{(2, 1, 3, 4), (1, 2, 4, 3), (4, 2, 3, 1), (2, 4, 1, 3)}
M(B) = 
[[2, 4, 3, 1]]
Distance: 6
M(A) inter A:
set()
M(B) inter B:
{(2, 4, 1, 3)}

AUB = 
{(2, 1, 3, 4), (2, 3, 4, 1), (1, 2, 4, 3), (2, 4, 3, 1), (4, 2, 3, 1), (3, 2, 1, 4), (2, 4, 1, 3)}
M(AUB) = 
[[2, 4, 3, 1]]
Distance:12

(36)
A = 
{(2, 1, 3, 4), (2, 3, 1, 4), (1, 4, 3, 2), (1, 2, 4, 3)}
M(A) = 
[[1, 2, 3, 4], [1, 2, 4, 3], [1, 3, 2, 4], [2, 1, 3, 4], [2, 1, 4, 3], [2, 3, 1, 4], [3, 1, 2, 4], [3, 2, 1, 4]]
Distance: 7
B = 
{(3, 2, 4, 1), (4, 1, 2, 3), (3, 1, 2, 4), (4, 3, 2, 1)}
M(B) = 
[[1, 2, 3, 4], [1, 2, 4, 3], [1, 3, 2, 4], [2, 1, 3, 4], [2, 1, 4, 3], [2, 3, 1, 4], [3, 1, 2, 4], [3, 2, 1, 4]]
Distance: 9
M(A) inter A:
set()
M(B) inter B:
{(3, 2, 4, 1), (4, 3, 2, 1)}

AUB = 
{(2, 1, 3, 4), (3, 2, 4, 1), (1, 4, 3, 2), (4, 1, 2, 3), (1, 2, 4, 3), (2, 3, 1, 4), (4, 3, 2, 1), (3, 1, 2, 4)}
M(AUB) = 
[[1, 2, 3, 4], [1, 2, 4, 3], [1, 3, 2, 4], [2, 1, 3, 4], [2, 1, 4, 3], [2, 3, 1, 4], [3, 1, 2, 4], [3, 2, 1, 4]]
Distance:22

(37)
A = 
{(4, 1, 2, 3), (4, 2, 3, 1), (4, 2, 1, 3), (2, 1, 4, 3)}
M(A) = 
[[4, 2, 1, 3]]
Distance: 4
B = 
{(1, 2, 4, 3), (4, 2, 1, 3), (3, 4, 1, 2), (3, 2, 4, 1)}
M(B) = 
[[4, 2, 1, 3]]
Distance: 11
M(A) inter A:
{(4, 1, 2, 3), (4, 2, 3, 1), (4, 2, 1, 3)}
M(B) inter B:
{(3, 2, 4, 1), (4, 2, 1, 3), (3, 4, 1, 2)}

AUB = 
{(4, 1, 2, 3), (3, 4, 1, 2), (3, 2, 4, 1), (1, 2, 4, 3), (4, 2, 1, 3), (4, 2, 3, 1), (2, 1, 4, 3)}
M(AUB) = 
[[4, 2, 1, 3]]
Distance:15

(38)
A = 
{(2, 1, 3, 4), (4, 2, 3, 1), (3, 1, 4, 2), (4, 2, 1, 3)}
M(A) = 
[[3, 4, 2, 1]]
Distance: 9
B = 
{(3, 4, 2, 1), (4, 2, 1, 3), (1, 3, 4, 2), (4, 3, 1, 2)}
M(B) = 
[[3, 4, 2, 1]]
Distance: 8
M(A) inter A:
set()
M(B) inter B:
{(3, 4, 2, 1), (4, 3, 1, 2)}

AUB = 
{(2, 1, 3, 4), (3, 1, 4, 2), (1, 3, 4, 2), (3, 4, 2, 1), (4, 2, 1, 3), (4, 2, 3, 1), (4, 3, 1, 2)}
M(AUB) = 
[[3, 4, 2, 1]]
Distance:16

(39)
A = 
{(4, 3, 1, 2), (3, 2, 4, 1), (4, 1, 2, 3), (2, 4, 3, 1)}
M(A) = 
[[3, 4, 2, 1], [4, 2, 3, 1], [4, 3, 2, 1]]
Distance: 8
B = 
{(3, 4, 2, 1), (2, 3, 1, 4), (4, 2, 3, 1), (1, 3, 4, 2)}
M(B) = 
[[3, 4, 2, 1], [4, 2, 3, 1], [4, 3, 2, 1]]
Distance: 8
M(A) inter A:
set()
M(B) inter B:
{(3, 4, 2, 1)}

AUB = 
{(4, 1, 2, 3), (3, 4, 2, 1), (1, 3, 4, 2), (3, 2, 4, 1), (2, 3, 1, 4), (2, 4, 3, 1), (4, 2, 3, 1), (4, 3, 1, 2)}
M(AUB) = 
[[3, 4, 2, 1], [4, 2, 3, 1], [4, 3, 2, 1]]
Distance:18

(40)
A = 
{(3, 2, 1, 4), (2, 3, 1, 4), (1, 2, 3, 4), (2, 1, 4, 3)}
M(A) = 
[[2, 1, 3, 4], [2, 1, 4, 3]]
Distance: 5
B = 
{(1, 4, 2, 3), (2, 4, 3, 1), (1, 3, 2, 4), (2, 4, 1, 3)}
M(B) = 
[[2, 1, 3, 4], [2, 1, 4, 3]]
Distance: 8
M(A) inter A:
{(2, 1, 4, 3)}
M(B) inter B:
{(2, 4, 1, 3)}

AUB = 
{(2, 3, 1, 4), (1, 3, 2, 4), (1, 2, 3, 4), (1, 4, 2, 3), (2, 4, 3, 1), (2, 4, 1, 3), (3, 2, 1, 4), (2, 1, 4, 3)}
M(AUB) = 
[[2, 1, 3, 4], [2, 1, 4, 3]]
Distance:15

(41)
A = 
{(1, 2, 4, 3), (2, 1, 3, 4), (1, 4, 2, 3), (2, 3, 4, 1)}
M(A) = 
[[1, 2, 3, 4], [1, 2, 4, 3], [1, 3, 2, 4], [1, 3, 4, 2], [1, 4, 2, 3], [1, 4, 3, 2], [3, 1, 2, 4], [3, 1, 4, 2]]
Distance: 7
B = 
{(3, 2, 4, 1), (4, 3, 1, 2), (3, 1, 4, 2), (1, 4, 3, 2)}
M(B) = 
[[1, 2, 3, 4], [1, 2, 4, 3], [1, 3, 2, 4], [1, 3, 4, 2], [1, 4, 2, 3], [1, 4, 3, 2], [3, 1, 2, 4], [3, 1, 4, 2]]
Distance: 7
M(A) inter A:
set()
M(B) inter B:
{(3, 1, 4, 2), (4, 3, 1, 2)}

AUB = 
{(2, 1, 3, 4), (3, 1, 4, 2), (1, 4, 2, 3), (1, 4, 3, 2), (1, 2, 4, 3), (3, 2, 4, 1), (2, 3, 4, 1), (4, 3, 1, 2)}
M(AUB) = 
[[1, 2, 3, 4], [1, 2, 4, 3], [1, 3, 2, 4], [1, 3, 4, 2], [1, 4, 2, 3], [1, 4, 3, 2], [3, 1, 2, 4], [3, 1, 4, 2]]
Distance:22

(42)
A = 
{(4, 3, 1, 2), (2, 4, 1, 3), (1, 3, 2, 4), (2, 4, 3, 1)}
M(A) = 
[[1, 3, 2, 4]]
Distance: 9
B = 
{(3, 1, 4, 2), (1, 2, 3, 4), (1, 3, 4, 2), (4, 3, 1, 2)}
M(B) = 
[[1, 3, 2, 4]]
Distance: 6
M(A) inter A:
set()
M(B) inter B:
{(1, 3, 4, 2), (3, 1, 4, 2)}

AUB = 
{(3, 1, 4, 2), (1, 3, 2, 4), (1, 2, 3, 4), (1, 3, 4, 2), (2, 4, 3, 1), (4, 3, 1, 2), (2, 4, 1, 3)}
M(AUB) = 
[[1, 3, 2, 4]]
Distance:17

(43)
A = 
{(2, 4, 1, 3), (1, 4, 2, 3), (4, 1, 2, 3), (4, 1, 3, 2)}
M(A) = 
[[4, 1, 3, 2]]
Distance: 4
B = 
{(3, 2, 4, 1), (1, 4, 3, 2), (1, 3, 2, 4), (4, 3, 1, 2)}
M(B) = 
[[4, 1, 3, 2]]
Distance: 9
M(A) inter A:
{(4, 1, 3, 2)}
M(B) inter B:
{(4, 3, 1, 2), (1, 4, 3, 2), (1, 3, 2, 4)}

AUB = 
{(4, 1, 2, 3), (1, 3, 2, 4), (3, 2, 4, 1), (4, 3, 1, 2), (1, 4, 3, 2), (1, 4, 2, 3), (2, 4, 1, 3), (4, 1, 3, 2)}
M(AUB) = 
[[4, 1, 3, 2]]
Distance:15

(44)
A = 
{(1, 4, 2, 3), (2, 1, 3, 4), (1, 2, 3, 4), (1, 2, 4, 3)}
M(A) = 
[[1, 2, 3, 4]]
Distance: 4
B = 
{(3, 2, 4, 1), (1, 2, 3, 4), (1, 4, 3, 2), (3, 1, 2, 4)}
M(B) = 
[[1, 2, 3, 4]]
Distance: 7
M(A) inter A:
set()
M(B) inter B:
{(3, 1, 2, 4)}

AUB = 
{(2, 1, 3, 4), (1, 2, 3, 4), (1, 2, 4, 3), (1, 4, 3, 2), (1, 4, 2, 3), (3, 2, 4, 1), (3, 1, 2, 4)}
M(AUB) = 
[[1, 2, 3, 4]]
Distance:13

(45)
A = 
{(1, 2, 4, 3), (4, 3, 1, 2), (4, 3, 2, 1), (4, 1, 3, 2)}
M(A) = 
[[4, 3, 1, 2]]
Distance: 6
B = 
{(1, 2, 4, 3), (4, 2, 3, 1), (1, 2, 3, 4), (3, 1, 2, 4)}
M(B) = 
[[4, 3, 1, 2]]
Distance: 8
M(A) inter A:
{(1, 2, 4, 3)}
M(B) inter B:
{(1, 2, 4, 3), (1, 2, 3, 4)}

AUB = 
{(4, 2, 3, 1), (1, 2, 3, 4), (4, 3, 1, 2), (1, 2, 4, 3), (4, 3, 2, 1), (3, 1, 2, 4), (4, 1, 3, 2)}
M(AUB) = 
[[4, 3, 1, 2]]
Distance:16

(46)
A = 
{(3, 4, 2, 1), (1, 4, 2, 3), (4, 2, 1, 3), (2, 4, 1, 3)}
M(A) = 
[[4, 1, 2, 3], [4, 2, 1, 3]]
Distance: 6
B = 
{(1, 4, 2, 3), (1, 2, 4, 3), (4, 2, 1, 3), (4, 3, 1, 2)}
M(B) = 
[[4, 1, 2, 3], [4, 2, 1, 3]]
Distance: 6
M(A) inter A:
{(1, 4, 2, 3)}
M(B) inter B:
{(1, 4, 2, 3)}

AUB = 
{(4, 2, 1, 3), (1, 4, 2, 3), (1, 2, 4, 3), (3, 4, 2, 1), (4, 3, 1, 2), (2, 4, 1, 3)}
M(AUB) = 
[[4, 1, 2, 3], [4, 2, 1, 3]]
Distance:12

(47)
A = 
{(1, 2, 3, 4), (2, 1, 3, 4), (3, 1, 2, 4), (4, 1, 3, 2)}
M(A) = 
[[3, 1, 2, 4], [3, 2, 1, 4], [3, 2, 4, 1]]
Distance: 7
B = 
{(3, 2, 4, 1), (2, 3, 1, 4), (3, 4, 1, 2), (3, 4, 2, 1)}
M(B) = 
[[3, 1, 2, 4], [3, 2, 1, 4], [3, 2, 4, 1]]
Distance: 5
M(A) inter A:
set()
M(B) inter B:
{(3, 2, 4, 1), (3, 4, 2, 1)}

AUB = 
{(2, 1, 3, 4), (3, 4, 1, 2), (1, 2, 3, 4), (3, 4, 2, 1), (3, 2, 4, 1), (2, 3, 1, 4), (3, 1, 2, 4), (4, 1, 3, 2)}
M(AUB) = 
[[3, 1, 2, 4], [3, 2, 1, 4], [3, 2, 4, 1]]
Distance:18

(48)
A = 
{(3, 1, 4, 2), (1, 4, 3, 2), (1, 3, 2, 4), (2, 4, 3, 1)}
M(A) = 
[[3, 1, 2, 4], [3, 2, 1, 4]]
Distance: 9
B = 
{(3, 4, 2, 1), (2, 3, 1, 4), (3, 2, 1, 4), (3, 1, 2, 4)}
M(B) = 
[[3, 1, 2, 4], [3, 2, 1, 4]]
Distance: 4
M(A) inter A:
set()
M(B) inter B:
{(3, 2, 1, 4)}

AUB = 
{(2, 3, 1, 4), (1, 3, 2, 4), (1, 4, 3, 2), (3, 1, 2, 4), (3, 4, 2, 1), (2, 4, 3, 1), (3, 2, 1, 4), (3, 1, 4, 2)}
M(AUB) = 
[[3, 1, 2, 4], [3, 2, 1, 4]]
Distance:15

(49)
A = 
{(4, 1, 2, 3), (2, 1, 3, 4), (1, 4, 3, 2), (2, 4, 3, 1)}
M(A) = 
[[2, 4, 1, 3], [4, 2, 1, 3]]
Distance: 9
B = 
{(4, 1, 2, 3), (4, 2, 3, 1), (1, 4, 3, 2), (2, 4, 1, 3)}
M(B) = 
[[2, 4, 1, 3], [4, 2, 1, 3]]
Distance: 6
M(A) inter A:
{(4, 1, 2, 3)}
M(B) inter B:
{(4, 1, 2, 3)}

AUB = 
{(2, 1, 3, 4), (1, 4, 3, 2), (4, 1, 2, 3), (2, 4, 3, 1), (4, 2, 3, 1), (2, 4, 1, 3)}
M(AUB) = 
[[2, 4, 1, 3], [4, 2, 1, 3]]
Distance:11

(50)
A = 
{(2, 4, 1, 3), (2, 3, 4, 1), (4, 2, 3, 1), (2, 4, 3, 1)}
M(A) = 
[[2, 4, 1, 3]]
Distance: 3
B = 
{(4, 1, 3, 2), (4, 1, 2, 3), (1, 3, 2, 4), (2, 1, 4, 3)}
M(B) = 
[[2, 4, 1, 3]]
Distance: 8
M(A) inter A:
set()
M(B) inter B:
{(4, 1, 2, 3), (4, 1, 3, 2)}

AUB = 
{(4, 1, 2, 3), (1, 3, 2, 4), (2, 4, 3, 1), (2, 3, 4, 1), (4, 1, 3, 2), (4, 2, 3, 1), (2, 1, 4, 3), (2, 4, 1, 3)}
M(AUB) = 
[[2, 4, 1, 3]]
Distance:15

(51)
A = 
{(3, 2, 4, 1), (2, 3, 1, 4), (3, 2, 1, 4), (1, 3, 4, 2)}
M(A) = 
[[3, 2, 1, 4]]
Distance: 5
B = 
{(2, 1, 3, 4), (1, 2, 4, 3), (4, 3, 2, 1), (1, 4, 3, 2)}
M(B) = 
[[3, 2, 1, 4]]
Distance: 9
M(A) inter A:
set()
M(B) inter B:
{(1, 2, 4, 3), (1, 4, 3, 2)}

AUB = 
{(2, 3, 1, 4), (1, 2, 4, 3), (1, 3, 4, 2), (1, 4, 3, 2), (3, 2, 4, 1), (2, 1, 3, 4), (4, 3, 2, 1), (3, 2, 1, 4)}
M(AUB) = 
[[3, 2, 1, 4]]
Distance:18

(52)
A = 
{(4, 1, 2, 3), (4, 2, 1, 3), (3, 4, 1, 2), (1, 4, 3, 2)}
M(A) = 
[[4, 1, 2, 3]]
Distance: 6
B = 
{(1, 4, 3, 2), (2, 4, 3, 1), (1, 2, 3, 4), (3, 1, 4, 2)}
M(B) = 
[[4, 1, 2, 3]]
Distance: 10
M(A) inter A:
{(1, 4, 3, 2)}
M(B) inter B:
{(3, 1, 4, 2), (1, 4, 3, 2), (1, 2, 3, 4)}

AUB = 
{(3, 1, 4, 2), (4, 1, 2, 3), (3, 4, 1, 2), (1, 4, 3, 2), (4, 2, 1, 3), (2, 4, 3, 1), (1, 2, 3, 4)}
M(AUB) = 
[[4, 1, 2, 3]]
Distance:16

(53)
A = 
{(3, 2, 4, 1), (2, 1, 3, 4), (1, 3, 4, 2), (2, 1, 4, 3)}
M(A) = 
[[1, 3, 2, 4]]
Distance: 7
B = 
{(3, 2, 4, 1), (1, 2, 4, 3), (3, 1, 2, 4), (4, 1, 3, 2)}
M(B) = 
[[1, 3, 2, 4]]
Distance: 9
M(A) inter A:
set()
M(B) inter B:
{(3, 1, 2, 4)}

AUB = 
{(2, 1, 3, 4), (1, 2, 4, 3), (1, 3, 4, 2), (3, 2, 4, 1), (4, 1, 3, 2), (3, 1, 2, 4), (2, 1, 4, 3)}
M(AUB) = 
[[1, 3, 2, 4]]
Distance:15

(54)
A = 
{(3, 4, 2, 1), (4, 2, 3, 1), (3, 2, 1, 4), (4, 3, 1, 2)}
M(A) = 
[[3, 4, 2, 1], [4, 2, 3, 1], [4, 3, 2, 1]]
Distance: 6
B = 
{(4, 1, 2, 3), (2, 1, 3, 4), (4, 2, 1, 3), (3, 1, 4, 2)}
M(B) = 
[[3, 4, 2, 1], [4, 2, 3, 1], [4, 3, 2, 1]]
Distance: 9
M(A) inter A:
set()
M(B) inter B:
{(4, 1, 2, 3), (4, 2, 1, 3)}

AUB = 
{(4, 1, 2, 3), (3, 1, 4, 2), (3, 4, 2, 1), (2, 1, 3, 4), (4, 2, 1, 3), (4, 2, 3, 1), (3, 2, 1, 4), (4, 3, 1, 2)}
M(AUB) = 
[[3, 4, 2, 1], [4, 2, 3, 1], [4, 3, 2, 1]]
Distance:19

(55)
A = 
{(3, 2, 4, 1), (2, 1, 3, 4), (1, 4, 3, 2), (4, 3, 2, 1)}
M(A) = 
[[3, 4, 1, 2], [3, 4, 2, 1], [4, 3, 1, 2], [4, 3, 2, 1]]
Distance: 10
B = 
{(3, 2, 4, 1), (4, 3, 1, 2), (1, 4, 3, 2), (3, 4, 1, 2)}
M(B) = 
[[3, 4, 1, 2], [3, 4, 2, 1], [4, 3, 1, 2], [4, 3, 2, 1]]
Distance: 6
M(A) inter A:
set()
M(B) inter B:
{(3, 4, 1, 2), (4, 3, 1, 2)}

AUB = 
{(2, 1, 3, 4), (3, 4, 1, 2), (1, 4, 3, 2), (3, 2, 4, 1), (4, 3, 2, 1), (4, 3, 1, 2)}
M(AUB) = 
[[3, 4, 1, 2], [3, 4, 2, 1], [4, 3, 1, 2], [4, 3, 2, 1]]
Distance:13

(56)
A = 
{(3, 2, 1, 4), (4, 2, 3, 1), (1, 4, 3, 2), (3, 1, 2, 4)}
M(A) = 
[[4, 3, 1, 2]]
Distance: 9
B = 
{(4, 3, 1, 2), (4, 1, 2, 3), (1, 4, 3, 2), (4, 1, 3, 2)}
M(B) = 
[[4, 3, 1, 2]]
Distance: 3
M(A) inter A:
set()
M(B) inter B:
{(4, 1, 3, 2)}

AUB = 
{(4, 1, 2, 3), (1, 4, 3, 2), (3, 1, 2, 4), (4, 1, 3, 2), (4, 2, 3, 1), (3, 2, 1, 4), (4, 3, 1, 2)}
M(AUB) = 
[[4, 3, 1, 2]]
Distance:14

(57)
A = 
{(1, 2, 4, 3), (3, 4, 1, 2), (1, 2, 3, 4), (2, 3, 4, 1)}
M(A) = 
[[1, 2, 3, 4]]
Distance: 8
B = 
{(1, 4, 2, 3), (1, 2, 3, 4), (3, 2, 1, 4), (2, 1, 4, 3)}
M(B) = 
[[1, 2, 3, 4]]
Distance: 7
M(A) inter A:
{(1, 2, 4, 3), (1, 2, 3, 4)}
M(B) inter B:
{(1, 2, 3, 4), (2, 1, 4, 3)}

AUB = 
{(3, 4, 1, 2), (1, 4, 2, 3), (1, 2, 4, 3), (2, 3, 4, 1), (2, 1, 4, 3), (3, 2, 1, 4), (1, 2, 3, 4)}
M(AUB) = 
[[1, 2, 3, 4]]
Distance:15

(58)
A = 
{(2, 1, 4, 3), (4, 2, 1, 3), (3, 1, 4, 2), (2, 4, 3, 1)}
M(A) = 
[[1, 2, 4, 3]]
Distance: 9
B = 
{(1, 2, 3, 4), (1, 3, 2, 4), (1, 4, 3, 2), (2, 4, 3, 1)}
M(B) = 
[[1, 2, 4, 3]]
Distance: 8
M(A) inter A:
set()
M(B) inter B:
{(1, 2, 3, 4), (1, 3, 2, 4)}

AUB = 
{(4, 2, 1, 3), (1, 3, 2, 4), (3, 1, 4, 2), (1, 2, 3, 4), (1, 4, 3, 2), (2, 4, 3, 1), (2, 1, 4, 3)}
M(AUB) = 
[[1, 2, 4, 3]]
Distance:16

(59)
A = 
{(1, 4, 2, 3), (4, 2, 1, 3), (1, 3, 4, 2), (4, 1, 3, 2)}
M(A) = 
[[1, 4, 2, 3], [1, 4, 3, 2]]
Distance: 6
B = 
{(1, 2, 4, 3), (1, 4, 2, 3), (1, 3, 2, 4), (4, 1, 3, 2)}
M(B) = 
[[1, 4, 2, 3], [1, 4, 3, 2]]
Distance: 6
M(A) inter A:
{(1, 4, 2, 3)}
M(B) inter B:
{(1, 2, 4, 3), (1, 4, 2, 3)}

AUB = 
{(4, 2, 1, 3), (1, 3, 2, 4), (1, 2, 4, 3), (1, 3, 4, 2), (1, 4, 2, 3), (4, 1, 3, 2)}
M(AUB) = 
[[1, 4, 2, 3], [1, 4, 3, 2]]
Distance:10

(60)
A = 
{(1, 4, 2, 3), (4, 2, 3, 1), (1, 3, 4, 2), (1, 4, 3, 2)}
M(A) = 
[[1, 4, 3, 2]]
Distance: 6
B = 
{(1, 4, 3, 2), (4, 3, 1, 2), (1, 2, 3, 4), (3, 4, 1, 2)}
M(B) = 
[[1, 4, 3, 2]]
Distance: 8
M(A) inter A:
{(1, 3, 4, 2), (1, 4, 3, 2)}
M(B) inter B:
{(3, 4, 1, 2), (1, 4, 3, 2), (4, 3, 1, 2)}

AUB = 
{(3, 4, 1, 2), (1, 2, 3, 4), (1, 3, 4, 2), (1, 4, 3, 2), (1, 4, 2, 3), (4, 2, 3, 1), (4, 3, 1, 2)}
M(AUB) = 
[[1, 4, 3, 2]]
Distance:14

(61)
A = 
{(4, 1, 3, 2), (4, 3, 2, 1), (1, 3, 4, 2), (2, 1, 4, 3)}
M(A) = 
[[4, 1, 3, 2]]
Distance: 8
B = 
{(3, 4, 2, 1), (4, 1, 2, 3), (3, 4, 1, 2), (1, 3, 2, 4)}
M(B) = 
[[4, 1, 3, 2]]
Distance: 7
M(A) inter A:
set()
M(B) inter B:
{(3, 4, 1, 2)}

AUB = 
{(4, 1, 2, 3), (1, 3, 2, 4), (3, 4, 1, 2), (1, 3, 4, 2), (3, 4, 2, 1), (4, 1, 3, 2), (4, 3, 2, 1), (2, 1, 4, 3)}
M(AUB) = 
[[4, 1, 3, 2]]
Distance:17

(62)
A = 
{(1, 2, 4, 3), (2, 3, 4, 1), (3, 1, 2, 4), (2, 4, 1, 3)}
M(A) = 
[[2, 3, 1, 4], [2, 3, 4, 1], [3, 1, 2, 4], [3, 2, 1, 4], [3, 2, 4, 1]]
Distance: 9
B = 
{(3, 2, 4, 1), (2, 3, 1, 4), (1, 3, 4, 2), (4, 3, 1, 2)}
M(B) = 
[[2, 3, 1, 4], [2, 3, 4, 1], [3, 1, 2, 4], [3, 2, 1, 4], [3, 2, 4, 1]]
Distance: 9
M(A) inter A:
{(3, 1, 2, 4)}
M(B) inter B:
{(3, 2, 4, 1)}

AUB = 
{(2, 3, 1, 4), (3, 2, 4, 1), (1, 3, 4, 2), (1, 2, 4, 3), (2, 3, 4, 1), (4, 3, 1, 2), (3, 1, 2, 4), (2, 4, 1, 3)}
M(AUB) = 
[[2, 3, 1, 4], [2, 3, 4, 1], [3, 1, 2, 4], [3, 2, 1, 4], [3, 2, 4, 1]]
Distance:20

(63)
A = 
{(4, 1, 2, 3), (1, 3, 2, 4), (3, 1, 2, 4), (2, 3, 4, 1)}
M(A) = 
[[2, 3, 4, 1], [3, 1, 2, 4], [3, 2, 4, 1], [3, 4, 1, 2]]
Distance: 9
B = 
{(4, 1, 2, 3), (2, 4, 3, 1), (3, 4, 1, 2), (2, 3, 4, 1)}
M(B) = 
[[2, 3, 4, 1], [3, 1, 2, 4], [3, 2, 4, 1], [3, 4, 1, 2]]
Distance: 8
M(A) inter A:
{(2, 3, 4, 1)}
M(B) inter B:
{(2, 3, 4, 1), (2, 4, 3, 1)}

AUB = 
{(4, 1, 2, 3), (1, 3, 2, 4), (2, 4, 3, 1), (2, 3, 4, 1), (3, 1, 2, 4), (3, 4, 1, 2)}
M(AUB) = 
[[2, 3, 4, 1], [3, 1, 2, 4], [3, 2, 4, 1], [3, 4, 1, 2]]
Distance:15

(64)
A = 
{(1, 4, 2, 3), (4, 3, 2, 1), (3, 1, 2, 4), (2, 1, 4, 3)}
M(A) = 
[[1, 2, 4, 3], [1, 4, 2, 3], [1, 4, 3, 2]]
Distance: 10
B = 
{(1, 2, 4, 3), (2, 4, 1, 3), (3, 4, 1, 2), (1, 4, 3, 2)}
M(B) = 
[[1, 2, 4, 3], [1, 4, 2, 3], [1, 4, 3, 2]]
Distance: 9
M(A) inter A:
{(1, 4, 2, 3)}
M(B) inter B:
{(1, 2, 4, 3), (1, 4, 3, 2)}

AUB = 
{(2, 4, 1, 3), (3, 4, 1, 2), (1, 2, 4, 3), (1, 4, 3, 2), (1, 4, 2, 3), (4, 3, 2, 1), (3, 1, 2, 4), (2, 1, 4, 3)}
M(AUB) = 
[[1, 2, 4, 3], [1, 4, 2, 3], [1, 4, 3, 2]]
Distance:19

(65)
A = 
{(3, 4, 2, 1), (3, 2, 4, 1), (4, 1, 2, 3), (2, 3, 1, 4)}
M(A) = 
[[4, 2, 1, 3]]
Distance: 8
B = 
{(1, 2, 4, 3), (4, 2, 1, 3), (1, 4, 3, 2), (2, 3, 1, 4)}
M(B) = 
[[4, 2, 1, 3]]
Distance: 8
M(A) inter A:
set()
M(B) inter B:
{(1, 2, 4, 3)}

AUB = 
{(2, 3, 1, 4), (3, 2, 4, 1), (1, 2, 4, 3), (1, 4, 3, 2), (3, 4, 2, 1), (4, 1, 2, 3), (4, 2, 1, 3)}
M(AUB) = 
[[4, 2, 1, 3]]
Distance:18

(66)
A = 
{(1, 4, 2, 3), (2, 4, 1, 3), (1, 3, 2, 4), (3, 1, 2, 4)}
M(A) = 
[[1, 2, 3, 4], [1, 2, 4, 3], [1, 4, 2, 3], [2, 1, 3, 4], [2, 1, 4, 3], [2, 4, 1, 3], [4, 1, 2, 3], [4, 2, 1, 3]]
Distance: 8
B = 
{(4, 2, 3, 1), (4, 2, 1, 3), (1, 3, 4, 2), (2, 3, 4, 1)}
M(B) = 
[[1, 2, 3, 4], [1, 2, 4, 3], [1, 4, 2, 3], [2, 1, 3, 4], [2, 1, 4, 3], [2, 4, 1, 3], [4, 1, 2, 3], [4, 2, 1, 3]]
Distance: 8
M(A) inter A:
set()
M(B) inter B:
{(4, 2, 1, 3), (4, 2, 3, 1)}

AUB = 
{(4, 2, 1, 3), (1, 3, 2, 4), (1, 3, 4, 2), (1, 4, 2, 3), (2, 3, 4, 1), (4, 2, 3, 1), (3, 1, 2, 4), (2, 4, 1, 3)}
M(AUB) = 
[[1, 2, 3, 4], [1, 2, 4, 3], [1, 4, 2, 3], [2, 1, 3, 4], [2, 1, 4, 3], [2, 4, 1, 3], [4, 1, 2, 3], [4, 2, 1, 3]]
Distance:22

(67)
A = 
{(3, 2, 4, 1), (2, 1, 3, 4), (3, 2, 1, 4), (1, 3, 2, 4)}
M(A) = 
[[1, 2, 3, 4], [1, 2, 4, 3], [1, 3, 2, 4], [2, 1, 3, 4], [2, 1, 4, 3], [2, 4, 1, 3]]
Distance: 5
B = 
{(4, 1, 2, 3), (1, 2, 4, 3), (4, 2, 3, 1), (4, 1, 3, 2)}
M(B) = 
[[1, 2, 3, 4], [1, 2, 4, 3], [1, 3, 2, 4], [2, 1, 3, 4], [2, 1, 4, 3], [2, 4, 1, 3]]
Distance: 5
M(A) inter A:
set()
M(B) inter B:
{(4, 1, 2, 3)}

AUB = 
{(2, 1, 3, 4), (1, 3, 2, 4), (1, 2, 4, 3), (3, 2, 4, 1), (4, 1, 2, 3), (4, 2, 3, 1), (3, 2, 1, 4), (4, 1, 3, 2)}
M(AUB) = 
[[1, 2, 3, 4], [1, 2, 4, 3], [1, 3, 2, 4], [2, 1, 3, 4], [2, 1, 4, 3], [2, 4, 1, 3]]
Distance:22

(68)
A = 
{(3, 4, 2, 1), (1, 2, 3, 4), (1, 3, 2, 4), (4, 1, 3, 2)}
M(A) = 
[[1, 3, 2, 4]]
Distance: 8
B = 
{(3, 2, 1, 4), (1, 3, 2, 4), (1, 2, 3, 4), (2, 1, 4, 3)}
M(B) = 
[[1, 3, 2, 4]]
Distance: 6
M(A) inter A:
{(1, 2, 3, 4), (1, 3, 2, 4)}
M(B) inter B:
{(1, 2, 3, 4), (1, 3, 2, 4)}

AUB = 
{(1, 3, 2, 4), (1, 2, 3, 4), (3, 4, 2, 1), (2, 1, 4, 3), (3, 2, 1, 4), (4, 1, 3, 2)}
M(AUB) = 
[[1, 3, 2, 4]]
Distance:13

(69)
A = 
{(3, 2, 4, 1), (2, 1, 3, 4), (3, 1, 4, 2), (4, 1, 3, 2)}
M(A) = 
[[3, 2, 4, 1]]
Distance: 10
B = 
{(3, 2, 4, 1), (2, 4, 1, 3), (3, 2, 1, 4), (2, 4, 3, 1)}
M(B) = 
[[3, 2, 4, 1]]
Distance: 6
M(A) inter A:
{(3, 2, 4, 1)}
M(B) inter B:
{(3, 2, 4, 1), (2, 4, 3, 1)}

AUB = 
{(2, 1, 3, 4), (3, 1, 4, 2), (3, 2, 4, 1), (2, 4, 3, 1), (2, 4, 1, 3), (3, 2, 1, 4), (4, 1, 3, 2)}
M(AUB) = 
[[3, 2, 4, 1]]
Distance:16

(70)
A = 
{(1, 2, 4, 3), (4, 2, 1, 3), (3, 2, 1, 4), (4, 3, 1, 2)}
M(A) = 
[[1, 4, 3, 2]]
Distance: 11
B = 
{(4, 1, 3, 2), (2, 1, 3, 4), (3, 1, 4, 2), (3, 2, 1, 4)}
M(B) = 
[[1, 4, 3, 2]]
Distance: 9
M(A) inter A:
{(3, 2, 1, 4)}
M(B) inter B:
{(3, 1, 4, 2), (3, 2, 1, 4)}

AUB = 
{(4, 2, 1, 3), (3, 1, 4, 2), (1, 2, 4, 3), (2, 1, 3, 4), (4, 1, 3, 2), (3, 2, 1, 4), (4, 3, 1, 2)}
M(AUB) = 
[[1, 4, 3, 2]]
Distance:18

(71)
A = 
{(1, 2, 4, 3), (4, 2, 1, 3), (4, 2, 3, 1), (2, 3, 1, 4)}
M(A) = 
[[1, 2, 3, 4], [1, 2, 4, 3], [1, 4, 2, 3]]
Distance: 8
B = 
{(4, 1, 2, 3), (1, 3, 2, 4), (3, 1, 4, 2), (1, 2, 3, 4)}
M(B) = 
[[1, 2, 3, 4], [1, 2, 4, 3], [1, 4, 2, 3]]
Distance: 7
M(A) inter A:
set()
M(B) inter B:
{(1, 2, 3, 4), (1, 3, 2, 4)}

AUB = 
{(4, 2, 1, 3), (1, 3, 2, 4), (1, 2, 3, 4), (4, 1, 2, 3), (1, 2, 4, 3), (2, 3, 1, 4), (4, 2, 3, 1), (3, 1, 4, 2)}
M(AUB) = 
[[1, 2, 3, 4], [1, 2, 4, 3], [1, 4, 2, 3]]
Distance:19

(72)
A = 
{(1, 2, 4, 3), (4, 2, 3, 1), (3, 1, 2, 4), (2, 4, 1, 3)}
M(A) = 
[[4, 1, 2, 3], [4, 1, 3, 2], [4, 3, 1, 2]]
Distance: 9
B = 
{(1, 4, 2, 3), (4, 3, 1, 2), (4, 3, 2, 1), (4, 1, 3, 2)}
M(B) = 
[[4, 1, 2, 3], [4, 1, 3, 2], [4, 3, 1, 2]]
Distance: 5
M(A) inter A:
set()
M(B) inter B:
{(4, 1, 3, 2), (4, 3, 1, 2)}

AUB = 
{(4, 3, 2, 1), (1, 4, 2, 3), (4, 3, 1, 2), (1, 2, 4, 3), (4, 1, 3, 2), (4, 2, 3, 1), (3, 1, 2, 4), (2, 4, 1, 3)}
M(AUB) = 
[[4, 1, 2, 3], [4, 1, 3, 2], [4, 3, 1, 2]]
Distance:18

(73)
A = 
{(1, 4, 2, 3), (2, 1, 3, 4), (4, 3, 2, 1), (4, 2, 1, 3)}
M(A) = 
[[1, 4, 3, 2]]
Distance: 7
B = 
{(1, 4, 2, 3), (1, 4, 3, 2), (3, 1, 4, 2), (3, 4, 2, 1)}
M(B) = 
[[1, 4, 3, 2]]
Distance: 7
M(A) inter A:
set()
M(B) inter B:
{(3, 1, 4, 2), (1, 4, 3, 2)}

AUB = 
{(2, 1, 3, 4), (3, 1, 4, 2), (3, 4, 2, 1), (1, 4, 3, 2), (1, 4, 2, 3), (4, 2, 1, 3), (4, 3, 2, 1)}
M(AUB) = 
[[1, 4, 3, 2]]
Distance:17

(74)
A = 
{(2, 4, 1, 3), (1, 3, 2, 4), (4, 2, 1, 3), (4, 3, 1, 2)}
M(A) = 
[[4, 1, 3, 2]]
Distance: 9
B = 
{(1, 4, 3, 2), (1, 3, 2, 4), (3, 4, 1, 2), (2, 4, 1, 3)}
M(B) = 
[[4, 1, 3, 2]]
Distance: 9
M(A) inter A:
{(1, 3, 2, 4)}
M(B) inter B:
{(1, 4, 3, 2), (1, 3, 2, 4)}

AUB = 
{(4, 2, 1, 3), (3, 4, 1, 2), (1, 3, 2, 4), (1, 4, 3, 2), (2, 4, 1, 3), (4, 3, 1, 2)}
M(AUB) = 
[[4, 1, 3, 2]]
Distance:12

(75)
A = 
{(4, 1, 2, 3), (4, 2, 3, 1), (1, 2, 3, 4), (4, 3, 1, 2)}
M(A) = 
[[3, 4, 1, 2], [4, 3, 1, 2]]
Distance: 7
B = 
{(3, 2, 4, 1), (3, 4, 2, 1), (3, 1, 4, 2), (4, 1, 3, 2)}
M(B) = 
[[3, 4, 1, 2], [4, 3, 1, 2]]
Distance: 6
M(A) inter A:
set()
M(B) inter B:
{(3, 4, 2, 1)}

AUB = 
{(3, 1, 4, 2), (4, 1, 2, 3), (1, 2, 3, 4), (3, 4, 2, 1), (3, 2, 4, 1), (4, 1, 3, 2), (4, 2, 3, 1), (4, 3, 1, 2)}
M(AUB) = 
[[3, 4, 1, 2], [4, 3, 1, 2]]
Distance:17

(76)
A = 
{(2, 1, 3, 4), (2, 3, 4, 1), (1, 3, 4, 2), (2, 4, 1, 3)}
M(A) = 
[[2, 1, 3, 4], [2, 3, 4, 1]]
Distance: 7
B = 
{(3, 2, 4, 1), (4, 2, 3, 1), (1, 2, 3, 4), (2, 4, 1, 3)}
M(B) = 
[[2, 1, 3, 4], [2, 3, 4, 1]]
Distance: 8
M(A) inter A:
{(2, 3, 4, 1), (2, 4, 1, 3)}
M(B) inter B:
{(2, 4, 1, 3)}

AUB = 
{(2, 1, 3, 4), (1, 2, 3, 4), (1, 3, 4, 2), (3, 2, 4, 1), (2, 3, 4, 1), (4, 2, 3, 1), (2, 4, 1, 3)}
M(AUB) = 
[[2, 1, 3, 4], [2, 3, 4, 1]]
Distance:15

(77)
A = 
{(4, 1, 2, 3), (3, 4, 1, 2), (3, 1, 2, 4), (1, 3, 4, 2)}
M(A) = 
[[3, 4, 1, 2]]
Distance: 7
B = 
{(3, 2, 4, 1), (3, 4, 2, 1), (1, 3, 4, 2), (2, 4, 1, 3)}
M(B) = 
[[3, 4, 1, 2]]
Distance: 8
M(A) inter A:
set()
M(B) inter B:
{(3, 2, 4, 1), (3, 4, 2, 1)}

AUB = 
{(4, 1, 2, 3), (3, 4, 1, 2), (3, 4, 2, 1), (1, 3, 4, 2), (3, 2, 4, 1), (3, 1, 2, 4), (2, 4, 1, 3)}
M(AUB) = 
[[3, 4, 1, 2]]
Distance:15

(78)
A = 
{(4, 2, 1, 3), (4, 2, 3, 1), (1, 3, 4, 2), (2, 4, 1, 3)}
M(A) = 
[[4, 2, 1, 3]]
Distance: 6
B = 
{(1, 2, 4, 3), (4, 2, 3, 1), (3, 2, 1, 4), (4, 1, 3, 2)}
M(B) = 
[[4, 2, 1, 3]]
Distance: 11
M(A) inter A:
{(4, 2, 1, 3), (4, 2, 3, 1), (2, 4, 1, 3)}
M(B) inter B:
{(1, 2, 4, 3), (4, 2, 3, 1), (4, 1, 3, 2)}

AUB = 
{(4, 2, 1, 3), (1, 3, 4, 2), (1, 2, 4, 3), (4, 1, 3, 2), (4, 2, 3, 1), (3, 2, 1, 4), (2, 4, 1, 3)}
M(AUB) = 
[[4, 2, 1, 3]]
Distance:16

(79)
A = 
{(3, 2, 1, 4), (4, 3, 2, 1), (3, 1, 2, 4), (2, 3, 4, 1)}
M(A) = 
[[2, 1, 4, 3], [2, 3, 1, 4], [2, 4, 3, 1]]
Distance: 6
B = 
{(1, 4, 2, 3), (1, 2, 4, 3), (4, 2, 1, 3), (2, 3, 4, 1)}
M(B) = 
[[2, 1, 4, 3], [2, 3, 1, 4], [2, 4, 3, 1]]
Distance: 8
M(A) inter A:
set()
M(B) inter B:
{(1, 4, 2, 3), (4, 2, 1, 3), (1, 2, 4, 3)}

AUB = 
{(4, 2, 1, 3), (1, 2, 4, 3), (3, 1, 2, 4), (1, 4, 2, 3), (2, 3, 4, 1), (4, 3, 2, 1), (3, 2, 1, 4)}
M(AUB) = 
[[2, 1, 4, 3], [2, 3, 1, 4], [2, 4, 3, 1]]
Distance:19

(80)
A = 
{(1, 2, 3, 4), (3, 4, 1, 2), (1, 3, 2, 4), (2, 3, 4, 1)}
M(A) = 
[[1, 2, 3, 4], [1, 3, 2, 4], [2, 1, 3, 4], [2, 3, 1, 4], [2, 3, 4, 1], [3, 1, 2, 4], [3, 2, 1, 4], [3, 2, 4, 1]]
Distance: 8
B = 
{(2, 1, 3, 4), (1, 3, 2, 4), (4, 3, 2, 1), (3, 4, 1, 2)}
M(B) = 
[[1, 2, 3, 4], [1, 3, 2, 4], [2, 1, 3, 4], [2, 3, 1, 4], [2, 3, 4, 1], [3, 1, 2, 4], [3, 2, 1, 4], [3, 2, 4, 1]]
Distance: 10
M(A) inter A:
{(3, 4, 1, 2), (1, 3, 2, 4)}
M(B) inter B:
{(1, 3, 2, 4), (3, 4, 1, 2)}

AUB = 
{(2, 1, 3, 4), (3, 4, 1, 2), (1, 3, 2, 4), (2, 3, 4, 1), (4, 3, 2, 1), (1, 2, 3, 4)}
M(AUB) = 
[[1, 2, 3, 4], [1, 3, 2, 4], [2, 1, 3, 4], [2, 3, 1, 4], [2, 3, 4, 1], [3, 1, 2, 4], [3, 2, 1, 4], [3, 2, 4, 1]]
Distance:15

(81)
A = 
{(4, 3, 1, 2), (1, 3, 4, 2), (3, 1, 2, 4), (4, 1, 3, 2)}
M(A) = 
[[1, 3, 4, 2], [1, 4, 3, 2], [3, 1, 4, 2], [3, 4, 1, 2], [4, 1, 3, 2], [4, 3, 1, 2]]
Distance: 7
B = 
{(1, 4, 3, 2), (4, 3, 2, 1), (3, 4, 1, 2), (1, 3, 2, 4)}
M(B) = 
[[1, 3, 4, 2], [1, 4, 3, 2], [3, 1, 4, 2], [3, 4, 1, 2], [4, 1, 3, 2], [4, 3, 1, 2]]
Distance: 8
M(A) inter A:
{(4, 1, 3, 2), (1, 3, 4, 2), (4, 3, 1, 2)}
M(B) inter B:
{(1, 4, 3, 2), (3, 4, 1, 2)}

AUB = 
{(4, 3, 2, 1), (1, 3, 2, 4), (3, 4, 1, 2), (1, 3, 4, 2), (1, 4, 3, 2), (4, 3, 1, 2), (3, 1, 2, 4), (4, 1, 3, 2)}
M(AUB) = 
[[1, 3, 4, 2], [1, 4, 3, 2], [3, 1, 4, 2], [3, 4, 1, 2], [4, 1, 3, 2], [4, 3, 1, 2]]
Distance:15

(82)
A = 
{(3, 2, 4, 1), (2, 1, 3, 4), (1, 4, 3, 2), (3, 4, 1, 2)}
M(A) = 
[[4, 1, 3, 2]]
Distance: 10
B = 
{(4, 1, 2, 3), (4, 2, 1, 3), (1, 3, 4, 2), (4, 1, 3, 2)}
M(B) = 
[[4, 1, 3, 2]]
Distance: 5
M(A) inter A:
set()
M(B) inter B:
{(4, 1, 2, 3), (4, 1, 3, 2)}

AUB = 
{(2, 1, 3, 4), (3, 4, 1, 2), (1, 4, 3, 2), (1, 3, 4, 2), (3, 2, 4, 1), (4, 1, 2, 3), (4, 2, 1, 3), (4, 1, 3, 2)}
M(AUB) = 
[[4, 1, 3, 2]]
Distance:17

(83)
A = 
{(1, 2, 4, 3), (1, 2, 3, 4), (1, 4, 3, 2), (2, 4, 3, 1)}
M(A) = 
[[1, 2, 4, 3]]
Distance: 6
B = 
{(1, 4, 2, 3), (2, 1, 4, 3), (3, 1, 2, 4), (2, 3, 4, 1)}
M(B) = 
[[1, 2, 4, 3]]
Distance: 9
M(A) inter A:
{(1, 2, 4, 3), (1, 2, 3, 4)}
M(B) inter B:
{(2, 1, 4, 3)}

AUB = 
{(1, 2, 3, 4), (1, 4, 2, 3), (2, 3, 4, 1), (1, 4, 3, 2), (1, 2, 4, 3), (2, 4, 3, 1), (3, 1, 2, 4), (2, 1, 4, 3)}
M(AUB) = 
[[1, 2, 4, 3]]
Distance:15

(84)
A = 
{(3, 4, 2, 1), (2, 1, 3, 4), (1, 2, 3, 4), (3, 2, 1, 4)}
M(A) = 
[[2, 1, 3, 4], [2, 1, 4, 3], [2, 4, 1, 3], [4, 2, 1, 3]]
Distance: 7
B = 
{(4, 1, 2, 3), (4, 2, 1, 3), (1, 4, 3, 2), (2, 4, 1, 3)}
M(B) = 
[[2, 1, 3, 4], [2, 1, 4, 3], [2, 4, 1, 3], [4, 2, 1, 3]]
Distance: 5
M(A) inter A:
set()
M(B) inter B:
{(4, 1, 2, 3), (4, 2, 1, 3)}

AUB = 
{(2, 1, 3, 4), (1, 2, 3, 4), (1, 4, 3, 2), (3, 4, 2, 1), (4, 1, 2, 3), (4, 2, 1, 3), (3, 2, 1, 4), (2, 4, 1, 3)}
M(AUB) = 
[[2, 1, 3, 4], [2, 1, 4, 3], [2, 4, 1, 3], [4, 2, 1, 3]]
Distance:20

(85)
A = 
{(2, 1, 3, 4), (1, 3, 2, 4), (3, 1, 2, 4), (2, 4, 3, 1)}
M(A) = 
[[2, 1, 4, 3]]
Distance: 8
B = 
{(2, 1, 3, 4), (4, 1, 3, 2), (2, 1, 4, 3), (2, 4, 1, 3)}
M(B) = 
[[2, 1, 4, 3]]
Distance: 6
M(A) inter A:
set()
M(B) inter B:
{(2, 1, 4, 3), (2, 4, 1, 3)}

AUB = 
{(2, 4, 1, 3), (2, 1, 3, 4), (1, 3, 2, 4), (2, 4, 3, 1), (2, 1, 4, 3), (3, 1, 2, 4), (4, 1, 3, 2)}
M(AUB) = 
[[2, 1, 4, 3]]
Distance:15

(86)
A = 
{(3, 4, 2, 1), (4, 1, 2, 3), (3, 4, 1, 2), (2, 3, 4, 1)}
M(A) = 
[[3, 4, 2, 1], [4, 2, 3, 1], [4, 3, 2, 1]]
Distance: 7
B = 
{(3, 2, 4, 1), (4, 1, 3, 2), (4, 2, 3, 1), (2, 1, 4, 3)}
M(B) = 
[[3, 4, 2, 1], [4, 2, 3, 1], [4, 3, 2, 1]]
Distance: 9
M(A) inter A:
set()
M(B) inter B:
{(4, 2, 3, 1)}

AUB = 
{(4, 1, 2, 3), (3, 4, 1, 2), (3, 2, 4, 1), (3, 4, 2, 1), (2, 3, 4, 1), (4, 2, 3, 1), (2, 1, 4, 3), (4, 1, 3, 2)}
M(AUB) = 
[[3, 4, 2, 1], [4, 2, 3, 1], [4, 3, 2, 1]]
Distance:18

(87)
A = 
{(3, 2, 4, 1), (4, 3, 1, 2), (3, 1, 2, 4), (1, 4, 3, 2)}
M(A) = 
[[3, 1, 2, 4], [3, 1, 4, 2]]
Distance: 8
B = 
{(3, 2, 4, 1), (1, 2, 4, 3), (3, 1, 4, 2), (1, 4, 3, 2)}
M(B) = 
[[3, 1, 2, 4], [3, 1, 4, 2]]
Distance: 9
M(A) inter A:
{(3, 1, 2, 4), (1, 4, 3, 2)}
M(B) inter B:
{(3, 1, 4, 2), (1, 4, 3, 2)}

AUB = 
{(3, 1, 4, 2), (1, 2, 4, 3), (1, 4, 3, 2), (3, 2, 4, 1), (3, 1, 2, 4), (4, 3, 1, 2)}
M(AUB) = 
[[3, 1, 2, 4], [3, 1, 4, 2]]
Distance:12

(88)
A = 
{(4, 3, 1, 2), (1, 3, 2, 4), (1, 4, 3, 2), (2, 4, 3, 1)}
M(A) = 
[[1, 2, 4, 3], [1, 4, 3, 2]]
Distance: 9
B = 
{(1, 2, 4, 3), (4, 3, 2, 1), (1, 3, 2, 4), (2, 1, 4, 3)}
M(B) = 
[[1, 2, 4, 3], [1, 4, 3, 2]]
Distance: 8
M(A) inter A:
set()
M(B) inter B:
{(1, 2, 4, 3), (2, 1, 4, 3)}

AUB = 
{(2, 1, 4, 3), (1, 3, 2, 4), (1, 4, 3, 2), (1, 2, 4, 3), (2, 4, 3, 1), (4, 3, 2, 1), (4, 3, 1, 2)}
M(AUB) = 
[[1, 2, 4, 3], [1, 4, 3, 2]]
Distance:17

(89)
A = 
{(3, 2, 4, 1), (2, 1, 3, 4), (4, 2, 1, 3), (2, 3, 4, 1)}
M(A) = 
[[2, 3, 1, 4], [2, 3, 4, 1], [3, 2, 1, 4], [3, 2, 4, 1], [3, 4, 2, 1]]
Distance: 6
B = 
{(1, 4, 2, 3), (4, 3, 2, 1), (3, 1, 4, 2), (3, 1, 2, 4)}
M(B) = 
[[2, 3, 1, 4], [2, 3, 4, 1], [3, 2, 1, 4], [3, 2, 4, 1], [3, 4, 2, 1]]
Distance: 7
M(A) inter A:
set()
M(B) inter B:
{(3, 1, 4, 2)}

AUB = 
{(2, 1, 3, 4), (3, 1, 4, 2), (1, 4, 2, 3), (3, 2, 4, 1), (4, 2, 1, 3), (2, 3, 4, 1), (4, 3, 2, 1), (3, 1, 2, 4)}
M(AUB) = 
[[2, 3, 1, 4], [2, 3, 4, 1], [3, 2, 1, 4], [3, 2, 4, 1], [3, 4, 2, 1]]
Distance:21

(90)
A = 
{(3, 1, 4, 2), (4, 3, 2, 1), (3, 1, 2, 4), (2, 4, 3, 1)}
M(A) = 
[[3, 1, 4, 2], [3, 4, 1, 2], [4, 3, 1, 2]]
Distance: 9
B = 
{(3, 2, 1, 4), (4, 3, 1, 2), (1, 3, 4, 2), (4, 1, 3, 2)}
M(B) = 
[[3, 1, 4, 2], [3, 4, 1, 2], [4, 3, 1, 2]]
Distance: 8
M(A) inter A:
{(3, 1, 4, 2)}
M(B) inter B:
{(4, 1, 3, 2), (1, 3, 4, 2), (4, 3, 1, 2)}

AUB = 
{(3, 1, 4, 2), (1, 3, 4, 2), (3, 2, 1, 4), (2, 4, 3, 1), (4, 1, 3, 2), (4, 3, 2, 1), (3, 1, 2, 4), (4, 3, 1, 2)}
M(AUB) = 
[[3, 1, 4, 2], [3, 4, 1, 2], [4, 3, 1, 2]]
Distance:17

(91)
A = 
{(4, 1, 3, 2), (2, 1, 3, 4), (1, 2, 3, 4), (2, 4, 3, 1)}
M(A) = 
[[1, 2, 3, 4], [1, 3, 2, 4], [1, 3, 4, 2]]
Distance: 9
B = 
{(4, 2, 1, 3), (1, 3, 2, 4), (3, 4, 1, 2), (1, 3, 4, 2)}
M(B) = 
[[1, 2, 3, 4], [1, 3, 2, 4], [1, 3, 4, 2]]
Distance: 7
M(A) inter A:
set()
M(B) inter B:
{(1, 3, 4, 2)}

AUB = 
{(3, 4, 1, 2), (2, 1, 3, 4), (1, 3, 2, 4), (1, 2, 3, 4), (1, 3, 4, 2), (4, 2, 1, 3), (2, 4, 3, 1), (4, 1, 3, 2)}
M(AUB) = 
[[1, 2, 3, 4], [1, 3, 2, 4], [1, 3, 4, 2]]
Distance:20

(92)
A = 
{(3, 2, 1, 4), (4, 2, 3, 1), (1, 3, 4, 2), (2, 3, 1, 4)}
M(A) = 
[[3, 1, 4, 2], [3, 4, 1, 2], [3, 4, 2, 1], [4, 3, 1, 2], [4, 3, 2, 1]]
Distance: 8
B = 
{(4, 1, 3, 2), (4, 2, 3, 1), (1, 3, 4, 2), (4, 3, 1, 2)}
M(B) = 
[[3, 1, 4, 2], [3, 4, 1, 2], [3, 4, 2, 1], [4, 3, 1, 2], [4, 3, 2, 1]]
Distance: 6
M(A) inter A:
set()
M(B) inter B:
{(4, 1, 3, 2), (4, 3, 1, 2)}

AUB = 
{(2, 3, 1, 4), (4, 3, 1, 2), (1, 3, 4, 2), (4, 2, 3, 1), (3, 2, 1, 4), (4, 1, 3, 2)}
M(AUB) = 
[[3, 1, 4, 2], [3, 4, 1, 2], [3, 4, 2, 1], [4, 3, 1, 2], [4, 3, 2, 1]]
Distance:15

(93)
A = 
{(1, 4, 2, 3), (4, 1, 2, 3), (1, 4, 3, 2), (4, 1, 3, 2)}
M(A) = 
[[1, 3, 4, 2], [1, 4, 2, 3], [1, 4, 3, 2], [4, 1, 2, 3], [4, 1, 3, 2]]
Distance: 4
B = 
{(3, 4, 2, 1), (1, 3, 2, 4), (1, 2, 3, 4), (2, 3, 4, 1)}
M(B) = 
[[1, 3, 4, 2], [1, 4, 2, 3], [1, 4, 3, 2], [4, 1, 2, 3], [4, 1, 3, 2]]
Distance: 9
M(A) inter A:
set()
M(B) inter B:
{(2, 3, 4, 1), (1, 3, 2, 4), (1, 2, 3, 4)}

AUB = 
{(4, 1, 2, 3), (1, 3, 2, 4), (3, 4, 2, 1), (1, 2, 3, 4), (1, 4, 3, 2), (1, 4, 2, 3), (2, 3, 4, 1), (4, 1, 3, 2)}
M(AUB) = 
[[1, 3, 4, 2], [1, 4, 2, 3], [1, 4, 3, 2], [4, 1, 2, 3], [4, 1, 3, 2]]
Distance:19

(94)
A = 
{(2, 4, 1, 3), (4, 3, 2, 1), (1, 3, 2, 4), (1, 4, 3, 2)}
M(A) = 
[[2, 1, 4, 3], [2, 4, 1, 3], [4, 2, 1, 3]]
Distance: 9
B = 
{(1, 4, 2, 3), (3, 4, 2, 1), (2, 1, 4, 3), (2, 3, 4, 1)}
M(B) = 
[[2, 1, 4, 3], [2, 4, 1, 3], [4, 2, 1, 3]]
Distance: 10
M(A) inter A:
{(2, 4, 1, 3)}
M(B) inter B:
{(2, 3, 4, 1), (2, 1, 4, 3)}

AUB = 
{(2, 1, 4, 3), (1, 3, 2, 4), (3, 4, 2, 1), (1, 4, 3, 2), (1, 4, 2, 3), (2, 3, 4, 1), (4, 3, 2, 1), (2, 4, 1, 3)}
M(AUB) = 
[[2, 1, 4, 3], [2, 4, 1, 3], [4, 2, 1, 3]]
Distance:21

(95)
A = 
{(3, 2, 4, 1), (2, 1, 3, 4), (3, 1, 4, 2), (4, 2, 1, 3)}
M(A) = 
[[3, 2, 1, 4]]
Distance: 10
B = 
{(3, 4, 2, 1), (2, 1, 3, 4), (3, 1, 2, 4), (1, 3, 2, 4)}
M(B) = 
[[3, 2, 1, 4]]
Distance: 7
M(A) inter A:
set()
M(B) inter B:
{(1, 3, 2, 4), (3, 1, 2, 4)}

AUB = 
{(2, 1, 3, 4), (3, 1, 4, 2), (3, 4, 2, 1), (3, 2, 4, 1), (4, 2, 1, 3), (3, 1, 2, 4), (1, 3, 2, 4)}
M(AUB) = 
[[3, 2, 1, 4]]
Distance:15

(96)
A = 
{(2, 3, 1, 4), (4, 3, 2, 1), (1, 3, 2, 4), (2, 4, 3, 1)}
M(A) = 
[[2, 1, 3, 4], [2, 1, 4, 3], [2, 3, 1, 4], [2, 3, 4, 1], [2, 4, 1, 3], [2, 4, 3, 1], [3, 2, 1, 4], [3, 2, 4, 1]]
Distance: 9
B = 
{(1, 2, 4, 3), (2, 1, 3, 4), (3, 2, 4, 1), (4, 1, 3, 2)}
M(B) = 
[[2, 1, 3, 4], [2, 1, 4, 3], [2, 3, 1, 4], [2, 3, 4, 1], [2, 4, 1, 3], [2, 4, 3, 1], [3, 2, 1, 4], [3, 2, 4, 1]]
Distance: 10
M(A) inter A:
{(1, 3, 2, 4)}
M(B) inter B:
{(1, 2, 4, 3), (2, 1, 3, 4)}

AUB = 
{(2, 3, 1, 4), (1, 3, 2, 4), (3, 2, 4, 1), (1, 2, 4, 3), (2, 1, 3, 4), (2, 4, 3, 1), (4, 3, 2, 1), (4, 1, 3, 2)}
M(AUB) = 
[[2, 1, 3, 4], [2, 1, 4, 3], [2, 3, 1, 4], [2, 3, 4, 1], [2, 4, 1, 3], [2, 4, 3, 1], [3, 2, 1, 4], [3, 2, 4, 1]]
Distance:21

(97)
A = 
{(1, 4, 2, 3), (3, 2, 1, 4), (1, 3, 4, 2), (3, 4, 1, 2)}
M(A) = 
[[3, 1, 4, 2]]
Distance: 7
B = 
{(4, 3, 1, 2), (2, 3, 4, 1), (3, 1, 4, 2), (3, 1, 2, 4)}
M(B) = 
[[3, 1, 4, 2]]
Distance: 7
M(A) inter A:
{(3, 4, 1, 2)}
M(B) inter B:
{(3, 1, 2, 4), (3, 1, 4, 2)}

AUB = 
{(3, 1, 4, 2), (3, 4, 1, 2), (1, 3, 4, 2), (3, 1, 2, 4), (1, 4, 2, 3), (2, 3, 4, 1), (3, 2, 1, 4), (4, 3, 1, 2)}
M(AUB) = 
[[3, 1, 4, 2]]
Distance:14

(98)
A = 
{(1, 4, 2, 3), (2, 1, 3, 4), (3, 2, 1, 4), (3, 1, 4, 2)}
M(A) = 
[[3, 1, 2, 4]]
Distance: 9
B = 
{(1, 4, 2, 3), (3, 4, 1, 2), (3, 1, 2, 4), (1, 2, 3, 4)}
M(B) = 
[[3, 1, 2, 4]]
Distance: 8
M(A) inter A:
{(3, 1, 4, 2)}
M(B) inter B:
{(3, 1, 2, 4), (1, 2, 3, 4)}

AUB = 
{(2, 1, 3, 4), (3, 1, 4, 2), (1, 2, 3, 4), (3, 1, 2, 4), (1, 4, 2, 3), (3, 2, 1, 4), (3, 4, 1, 2)}
M(AUB) = 
[[3, 1, 2, 4]]
Distance:13

(99)
A = 
{(1, 4, 2, 3), (2, 3, 1, 4), (3, 1, 2, 4), (2, 4, 3, 1)}
M(A) = 
[[3, 1, 2, 4]]
Distance: 8
B = 
{(2, 4, 3, 1), (1, 3, 2, 4), (1, 4, 3, 2), (3, 1, 4, 2)}
M(B) = 
[[3, 1, 2, 4]]
Distance: 9
M(A) inter A:
{(3, 1, 2, 4)}
M(B) inter B:
{(3, 1, 4, 2), (1, 3, 2, 4), (1, 4, 3, 2)}

AUB = 
{(2, 3, 1, 4), (1, 3, 2, 4), (1, 4, 3, 2), (1, 4, 2, 3), (2, 4, 3, 1), (3, 1, 2, 4), (3, 1, 4, 2)}
M(AUB) = 
[[3, 1, 2, 4]]
Distance:15

