(0)
A = 
{(5, 1, 3, 4, 2), (3, 5, 2, 4, 1), (1, 2, 3, 4, 5), (5, 3, 1, 2, 4)}
M(A) = 
[[3, 5, 1, 2, 4], [5, 1, 3, 2, 4]]
Distance: 11
B = 
{(4, 5, 1, 2, 3), (1, 2, 3, 4, 5), (2, 3, 4, 5, 1), (1, 4, 3, 5, 2)}
M(B) = 
[[3, 5, 1, 2, 4], [5, 1, 3, 2, 4]]
Distance: 14
M(A) inter A:
{(1, 2, 3, 4, 5)}
M(B) inter B:
{(1, 2, 3, 4, 5)}

AUB = 
{(3, 5, 2, 4, 1), (4, 5, 1, 2, 3), (1, 2, 3, 4, 5), (5, 1, 3, 4, 2), (2, 3, 4, 5, 1), (1, 4, 3, 5, 2), (5, 3, 1, 2, 4)}
M(AUB) = 
[[3, 5, 1, 2, 4], [5, 1, 3, 2, 4]]
Distance:28

(1)
A = 
{(4, 5, 1, 2, 3), (4, 1, 5, 3, 2), (5, 2, 4, 1, 3), (1, 3, 4, 5, 2)}
M(A) = 
[[5, 4, 1, 2, 3], [5, 4, 1, 3, 2]]
Distance: 10
B = 
{(5, 1, 4, 3, 2), (1, 5, 3, 2, 4), (5, 2, 3, 4, 1), (2, 5, 4, 3, 1)}
M(B) = 
[[5, 4, 1, 2, 3], [5, 4, 1, 3, 2]]
Distance: 13
M(A) inter A:
{(5, 2, 4, 1, 3)}
M(B) inter B:
{(5, 2, 3, 4, 1)}

AUB = 
{(5, 1, 4, 3, 2), (5, 2, 4, 1, 3), (1, 5, 3, 2, 4), (4, 1, 5, 3, 2), (1, 3, 4, 5, 2), (4, 5, 1, 2, 3), (2, 5, 4, 3, 1), (5, 2, 3, 4, 1)}
M(AUB) = 
[[5, 4, 1, 2, 3], [5, 4, 1, 3, 2]]
Distance:27

(2)
A = 
{(3, 1, 4, 5, 2), (3, 1, 5, 4, 2), (1, 4, 5, 3, 2), (3, 4, 1, 5, 2)}
M(A) = 
[[3, 1, 4, 5, 2]]
Distance: 5
B = 
{(1, 3, 5, 4, 2), (2, 3, 4, 5, 1), (1, 4, 3, 5, 2), (4, 2, 3, 1, 5)}
M(B) = 
[[3, 1, 4, 5, 2]]
Distance: 15
M(A) inter A:
{(3, 1, 4, 5, 2), (3, 4, 1, 5, 2)}
M(B) inter B:
{(4, 2, 3, 1, 5), (1, 4, 3, 5, 2)}

AUB = 
{(1, 4, 3, 5, 2), (3, 4, 1, 5, 2), (2, 3, 4, 5, 1), (1, 3, 5, 4, 2), (4, 2, 3, 1, 5), (3, 1, 5, 4, 2), (1, 4, 5, 3, 2), (3, 1, 4, 5, 2)}
M(AUB) = 
[[3, 1, 4, 5, 2]]
Distance:20

(3)
A = 
{(1, 5, 2, 4, 3), (5, 3, 2, 1, 4), (5, 2, 1, 3, 4), (1, 4, 3, 5, 2)}
M(A) = 
[[1, 5, 3, 2, 4], [5, 1, 3, 2, 4]]
Distance: 12
B = 
{(4, 1, 3, 2, 5), (5, 3, 4, 2, 1), (1, 2, 5, 3, 4), (3, 2, 5, 1, 4)}
M(B) = 
[[1, 5, 3, 2, 4], [5, 1, 3, 2, 4]]
Distance: 16
M(A) inter A:
set()
M(B) inter B:
{(3, 2, 5, 1, 4)}

AUB = 
{(4, 1, 3, 2, 5), (1, 5, 2, 4, 3), (1, 2, 5, 3, 4), (5, 2, 1, 3, 4), (5, 3, 4, 2, 1), (1, 4, 3, 5, 2), (3, 2, 5, 1, 4), (5, 3, 2, 1, 4)}
M(AUB) = 
[[1, 5, 3, 2, 4], [5, 1, 3, 2, 4]]
Distance:30

(4)
A = 
{(1, 3, 4, 2, 5), (1, 5, 4, 3, 2), (5, 4, 2, 1, 3), (3, 4, 5, 1, 2)}
M(A) = 
[[1, 3, 2, 4, 5], [1, 3, 2, 5, 4], [1, 3, 4, 2, 5], [1, 3, 4, 5, 2], [1, 3, 5, 2, 4], [1, 3, 5, 4, 2], [3, 1, 2, 4, 5], [3, 1, 2, 5, 4], [3, 1, 4, 2, 5], [3, 1, 4, 5, 2], [3, 1, 5, 2, 4], [3, 1, 5, 4, 2], [3, 2, 1, 4, 5], [3, 2, 1, 5, 4], [3, 2, 5, 1, 4], [3, 5, 1, 2, 4], [3, 5, 1, 4, 2], [3, 5, 2, 1, 4]]
Distance: 14
B = 
{(3, 5, 2, 1, 4), (1, 2, 4, 3, 5), (2, 3, 1, 4, 5), (3, 2, 5, 1, 4)}
M(B) = 
[[1, 3, 2, 4, 5], [1, 3, 2, 5, 4], [1, 3, 4, 2, 5], [1, 3, 4, 5, 2], [1, 3, 5, 2, 4], [1, 3, 5, 4, 2], [3, 1, 2, 4, 5], [3, 1, 2, 5, 4], [3, 1, 4, 2, 5], [3, 1, 4, 5, 2], [3, 1, 5, 2, 4], [3, 1, 5, 4, 2], [3, 2, 1, 4, 5], [3, 2, 1, 5, 4], [3, 2, 5, 1, 4], [3, 5, 1, 2, 4], [3, 5, 1, 4, 2], [3, 5, 2, 1, 4]]
Distance: 10
M(A) inter A:
set()
M(B) inter B:
{(2, 3, 1, 4, 5), (3, 2, 5, 1, 4)}

AUB = 
{(1, 3, 4, 2, 5), (5, 4, 2, 1, 3), (2, 3, 1, 4, 5), (3, 2, 5, 1, 4), (3, 4, 5, 1, 2), (1, 5, 4, 3, 2), (1, 2, 4, 3, 5), (3, 5, 2, 1, 4)}
M(AUB) = 
[[1, 3, 2, 4, 5], [1, 3, 2, 5, 4], [1, 3, 4, 2, 5], [1, 3, 4, 5, 2], [1, 3, 5, 2, 4], [1, 3, 5, 4, 2], [3, 1, 2, 4, 5], [3, 1, 2, 5, 4], [3, 1, 4, 2, 5], [3, 1, 4, 5, 2], [3, 1, 5, 2, 4], [3, 1, 5, 4, 2], [3, 2, 1, 4, 5], [3, 2, 1, 5, 4], [3, 2, 5, 1, 4], [3, 5, 1, 2, 4], [3, 5, 1, 4, 2], [3, 5, 2, 1, 4]]
Distance:34

(5)
A = 
{(4, 5, 1, 2, 3), (1, 2, 4, 3, 5), (5, 1, 4, 2, 3), (2, 4, 3, 1, 5)}
M(A) = 
[[1, 2, 3, 4, 5], [1, 2, 3, 5, 4], [1, 2, 4, 3, 5], [1, 2, 4, 5, 3], [1, 2, 5, 3, 4], [1, 2, 5, 4, 3], [1, 5, 2, 3, 4], [1, 5, 2, 4, 3]]
Distance: 13
B = 
{(2, 1, 5, 3, 4), (1, 3, 4, 5, 2), (1, 5, 3, 2, 4), (1, 3, 2, 5, 4)}
M(B) = 
[[1, 2, 3, 4, 5], [1, 2, 3, 5, 4], [1, 2, 4, 3, 5], [1, 2, 4, 5, 3], [1, 2, 5, 3, 4], [1, 2, 5, 4, 3], [1, 5, 2, 3, 4], [1, 5, 2, 4, 3]]
Distance: 8
M(A) inter A:
set()
M(B) inter B:
{(1, 5, 3, 2, 4), (1, 3, 2, 5, 4)}

AUB = 
{(2, 1, 5, 3, 4), (1, 3, 4, 5, 2), (1, 2, 4, 3, 5), (5, 1, 4, 2, 3), (4, 5, 1, 2, 3), (1, 5, 3, 2, 4), (1, 3, 2, 5, 4), (2, 4, 3, 1, 5)}
M(AUB) = 
[[1, 2, 3, 4, 5], [1, 2, 3, 5, 4], [1, 2, 4, 3, 5], [1, 2, 4, 5, 3], [1, 2, 5, 3, 4], [1, 2, 5, 4, 3], [1, 5, 2, 3, 4], [1, 5, 2, 4, 3]]
Distance:29

(6)
A = 
{(3, 1, 2, 4, 5), (1, 2, 5, 4, 3), (1, 5, 4, 2, 3), (1, 4, 3, 2, 5)}
M(A) = 
[[1, 4, 2, 3, 5], [1, 4, 2, 5, 3]]
Distance: 11
B = 
{(4, 5, 1, 2, 3), (4, 3, 1, 2, 5), (1, 2, 3, 4, 5), (5, 4, 2, 1, 3)}
M(B) = 
[[1, 4, 2, 3, 5], [1, 4, 2, 5, 3]]
Distance: 13
M(A) inter A:
set()
M(B) inter B:
{(4, 5, 1, 2, 3)}

AUB = 
{(1, 2, 5, 4, 3), (1, 5, 4, 2, 3), (3, 1, 2, 4, 5), (1, 2, 3, 4, 5), (5, 4, 2, 1, 3), (4, 5, 1, 2, 3), (4, 3, 1, 2, 5), (1, 4, 3, 2, 5)}
M(AUB) = 
[[1, 4, 2, 3, 5], [1, 4, 2, 5, 3]]
Distance:26

(7)
A = 
{(2, 3, 5, 1, 4), (5, 1, 2, 4, 3), (4, 2, 5, 1, 3), (5, 4, 3, 1, 2)}
M(A) = 
[[1, 2, 4, 5, 3], [1, 2, 5, 4, 3], [2, 1, 4, 5, 3], [2, 1, 5, 4, 3], [2, 4, 1, 5, 3], [2, 4, 5, 1, 3], [2, 4, 5, 3, 1], [2, 5, 1, 4, 3], [2, 5, 4, 1, 3], [2, 5, 4, 3, 1]]
Distance: 14
B = 
{(1, 5, 2, 3, 4), (2, 4, 3, 1, 5), (3, 2, 4, 1, 5), (1, 2, 4, 5, 3)}
M(B) = 
[[1, 2, 4, 5, 3], [1, 2, 5, 4, 3], [2, 1, 4, 5, 3], [2, 1, 5, 4, 3], [2, 4, 1, 5, 3], [2, 4, 5, 1, 3], [2, 4, 5, 3, 1], [2, 5, 1, 4, 3], [2, 5, 4, 1, 3], [2, 5, 4, 3, 1]]
Distance: 13
M(A) inter A:
set()
M(B) inter B:
{(2, 4, 3, 1, 5), (1, 2, 4, 5, 3)}

AUB = 
{(1, 2, 4, 5, 3), (4, 2, 5, 1, 3), (5, 4, 3, 1, 2), (1, 5, 2, 3, 4), (2, 4, 3, 1, 5), (5, 1, 2, 4, 3), (2, 3, 5, 1, 4), (3, 2, 4, 1, 5)}
M(AUB) = 
[[1, 2, 4, 5, 3], [1, 2, 5, 4, 3], [2, 1, 4, 5, 3], [2, 1, 5, 4, 3], [2, 4, 1, 5, 3], [2, 4, 5, 1, 3], [2, 4, 5, 3, 1], [2, 5, 1, 4, 3], [2, 5, 4, 1, 3], [2, 5, 4, 3, 1]]
Distance:33

(8)
A = 
{(4, 5, 2, 3, 1), (5, 4, 3, 2, 1), (2, 5, 4, 3, 1), (3, 4, 5, 2, 1)}
M(A) = 
[[5, 4, 2, 3, 1]]
Distance: 8
B = 
{(2, 5, 4, 3, 1), (5, 1, 2, 4, 3), (5, 2, 1, 4, 3), (5, 1, 4, 2, 3)}
M(B) = 
[[5, 4, 2, 3, 1]]
Distance: 6
M(A) inter A:
set()
M(B) inter B:
{(5, 2, 1, 4, 3), (5, 1, 2, 4, 3)}

AUB = 
{(5, 2, 1, 4, 3), (5, 1, 4, 2, 3), (5, 1, 2, 4, 3), (2, 5, 4, 3, 1), (4, 5, 2, 3, 1), (5, 4, 3, 2, 1), (3, 4, 5, 2, 1)}
M(AUB) = 
[[5, 4, 2, 3, 1]]
Distance:18

(9)
A = 
{(1, 3, 4, 2, 5), (4, 1, 5, 3, 2), (3, 2, 1, 5, 4), (4, 2, 1, 3, 5)}
M(A) = 
[[1, 4, 5, 3, 2], [1, 5, 3, 4, 2], [1, 5, 4, 3, 2]]
Distance: 12
B = 
{(1, 5, 3, 2, 4), (5, 3, 2, 1, 4), (1, 5, 4, 2, 3), (4, 5, 2, 1, 3)}
M(B) = 
[[1, 4, 5, 3, 2], [1, 5, 3, 4, 2], [1, 5, 4, 3, 2]]
Distance: 13
M(A) inter A:
set()
M(B) inter B:
{(1, 5, 3, 2, 4), (1, 5, 4, 2, 3)}

AUB = 
{(1, 3, 4, 2, 5), (1, 5, 4, 2, 3), (3, 2, 1, 5, 4), (1, 5, 3, 2, 4), (4, 1, 5, 3, 2), (4, 2, 1, 3, 5), (4, 5, 2, 1, 3), (5, 3, 2, 1, 4)}
M(AUB) = 
[[1, 4, 5, 3, 2], [1, 5, 3, 4, 2], [1, 5, 4, 3, 2]]
Distance:31

(10)
A = 
{(4, 5, 2, 1, 3), (5, 4, 3, 2, 1), (2, 5, 1, 4, 3), (3, 4, 5, 1, 2)}
M(A) = 
[[5, 1, 4, 2, 3], [5, 4, 1, 2, 3], [5, 4, 2, 1, 3]]
Distance: 12
B = 
{(4, 1, 2, 3, 5), (5, 1, 3, 4, 2), (2, 1, 5, 4, 3), (1, 5, 2, 4, 3)}
M(B) = 
[[5, 1, 4, 2, 3], [5, 4, 1, 2, 3], [5, 4, 2, 1, 3]]
Distance: 11
M(A) inter A:
set()
M(B) inter B:
{(1, 5, 2, 4, 3)}

AUB = 
{(4, 1, 2, 3, 5), (5, 1, 3, 4, 2), (2, 1, 5, 4, 3), (3, 4, 5, 1, 2), (2, 5, 1, 4, 3), (4, 5, 2, 1, 3), (1, 5, 2, 4, 3), (5, 4, 3, 2, 1)}
M(AUB) = 
[[5, 1, 4, 2, 3], [5, 4, 1, 2, 3], [5, 4, 2, 1, 3]]
Distance:29

(11)
A = 
{(4, 3, 2, 5, 1), (5, 3, 2, 1, 4), (3, 4, 5, 1, 2), (5, 4, 1, 3, 2)}
M(A) = 
[[3, 2, 4, 5, 1], [3, 2, 5, 4, 1], [3, 4, 2, 5, 1], [3, 4, 5, 2, 1], [3, 5, 2, 4, 1], [3, 5, 4, 2, 1], [4, 3, 2, 5, 1], [4, 3, 5, 2, 1], [4, 5, 3, 2, 1], [5, 3, 2, 4, 1], [5, 3, 4, 2, 1], [5, 4, 3, 2, 1]]
Distance: 12
B = 
{(3, 5, 2, 4, 1), (1, 2, 5, 4, 3), (2, 3, 1, 4, 5), (4, 2, 5, 1, 3)}
M(B) = 
[[3, 2, 4, 5, 1], [3, 2, 5, 4, 1], [3, 4, 2, 5, 1], [3, 4, 5, 2, 1], [3, 5, 2, 4, 1], [3, 5, 4, 2, 1], [4, 3, 2, 5, 1], [4, 3, 5, 2, 1], [4, 5, 3, 2, 1], [5, 3, 2, 4, 1], [5, 3, 4, 2, 1], [5, 4, 3, 2, 1]]
Distance: 16
M(A) inter A:
set()
M(B) inter B:
{(2, 3, 1, 4, 5)}

AUB = 
{(1, 2, 5, 4, 3), (2, 3, 1, 4, 5), (3, 4, 5, 1, 2), (5, 4, 1, 3, 2), (4, 3, 2, 5, 1), (3, 5, 2, 4, 1), (4, 2, 5, 1, 3), (5, 3, 2, 1, 4)}
M(AUB) = 
[[3, 2, 4, 5, 1], [3, 2, 5, 4, 1], [3, 4, 2, 5, 1], [3, 4, 5, 2, 1], [3, 5, 2, 4, 1], [3, 5, 4, 2, 1], [4, 3, 2, 5, 1], [4, 3, 5, 2, 1], [4, 5, 3, 2, 1], [5, 3, 2, 4, 1], [5, 3, 4, 2, 1], [5, 4, 3, 2, 1]]
Distance:34

(12)
A = 
{(5, 1, 3, 2, 4), (2, 5, 3, 1, 4), (5, 1, 3, 4, 2), (2, 1, 5, 3, 4)}
M(A) = 
[[2, 5, 1, 3, 4]]
Distance: 9
B = 
{(3, 2, 4, 5, 1), (2, 5, 4, 1, 3), (3, 4, 5, 1, 2), (1, 2, 5, 3, 4)}
M(B) = 
[[2, 5, 1, 3, 4]]
Distance: 15
M(A) inter A:
set()
M(B) inter B:
{(3, 2, 4, 5, 1)}

AUB = 
{(2, 5, 3, 1, 4), (1, 2, 5, 3, 4), (3, 4, 5, 1, 2), (2, 1, 5, 3, 4), (5, 1, 3, 4, 2), (2, 5, 4, 1, 3), (5, 1, 3, 2, 4), (3, 2, 4, 5, 1)}
M(AUB) = 
[[2, 5, 1, 3, 4]]
Distance:26

(13)
A = 
{(2, 3, 1, 5, 4), (4, 5, 3, 2, 1), (1, 4, 5, 2, 3), (5, 3, 2, 4, 1)}
M(A) = 
[[1, 2, 4, 5, 3], [1, 2, 5, 4, 3], [1, 5, 2, 4, 3], [2, 1, 4, 5, 3], [2, 1, 5, 4, 3], [2, 5, 1, 4, 3], [5, 1, 2, 4, 3], [5, 2, 1, 4, 3]]
Distance: 16
B = 
{(2, 5, 4, 3, 1), (1, 2, 3, 4, 5), (5, 1, 4, 2, 3), (1, 2, 4, 5, 3)}
M(B) = 
[[1, 2, 4, 5, 3], [1, 2, 5, 4, 3], [1, 5, 2, 4, 3], [2, 1, 4, 5, 3], [2, 1, 5, 4, 3], [2, 5, 1, 4, 3], [5, 1, 2, 4, 3], [5, 2, 1, 4, 3]]
Distance: 11
M(A) inter A:
set()
M(B) inter B:
{(1, 2, 4, 5, 3)}

AUB = 
{(5, 3, 2, 4, 1), (1, 2, 4, 5, 3), (1, 2, 3, 4, 5), (5, 1, 4, 2, 3), (2, 3, 1, 5, 4), (1, 4, 5, 2, 3), (2, 5, 4, 3, 1), (4, 5, 3, 2, 1)}
M(AUB) = 
[[1, 2, 4, 5, 3], [1, 2, 5, 4, 3], [1, 5, 2, 4, 3], [2, 1, 4, 5, 3], [2, 1, 5, 4, 3], [2, 5, 1, 4, 3], [5, 1, 2, 4, 3], [5, 2, 1, 4, 3]]
Distance:33

(14)
A = 
{(3, 1, 2, 4, 5), (2, 1, 5, 4, 3), (5, 4, 1, 2, 3), (5, 3, 2, 1, 4)}
M(A) = 
[[5, 1, 4, 3, 2]]
Distance: 16
B = 
{(5, 1, 4, 3, 2), (5, 1, 3, 4, 2), (5, 2, 1, 4, 3), (5, 4, 3, 1, 2)}
M(B) = 
[[5, 1, 4, 3, 2]]
Distance: 6
M(A) inter A:
set()
M(B) inter B:
{(5, 1, 4, 3, 2)}

AUB = 
{(5, 1, 3, 4, 2), (5, 4, 1, 2, 3), (2, 1, 5, 4, 3), (5, 4, 3, 1, 2), (3, 1, 2, 4, 5), (5, 2, 1, 4, 3), (5, 1, 4, 3, 2), (5, 3, 2, 1, 4)}
M(AUB) = 
[[5, 1, 4, 3, 2]]
Distance:24

(15)
A = 
{(3, 5, 1, 2, 4), (5, 4, 2, 1, 3), (1, 3, 5, 2, 4), (4, 2, 5, 1, 3)}
M(A) = 
[[1, 3, 5, 4, 2], [3, 1, 5, 4, 2], [3, 5, 1, 4, 2]]
Distance: 16
B = 
{(2, 5, 3, 1, 4), (3, 1, 4, 5, 2), (1, 3, 5, 4, 2), (3, 4, 1, 5, 2)}
M(B) = 
[[1, 3, 5, 4, 2], [3, 1, 5, 4, 2], [3, 5, 1, 4, 2]]
Distance: 10
M(A) inter A:
set()
M(B) inter B:
{(3, 1, 4, 5, 2)}

AUB = 
{(5, 4, 2, 1, 3), (3, 4, 1, 5, 2), (4, 2, 5, 1, 3), (3, 5, 1, 2, 4), (1, 3, 5, 4, 2), (2, 5, 3, 1, 4), (3, 1, 4, 5, 2), (1, 3, 5, 2, 4)}
M(AUB) = 
[[1, 3, 5, 4, 2], [3, 1, 5, 4, 2], [3, 5, 1, 4, 2]]
Distance:30

(16)
A = 
{(4, 5, 1, 2, 3), (2, 1, 5, 3, 4), (1, 4, 2, 5, 3), (3, 1, 2, 5, 4)}
M(A) = 
[[1, 2, 4, 5, 3], [1, 2, 5, 3, 4], [1, 2, 5, 4, 3], [1, 4, 2, 5, 3], [2, 1, 4, 5, 3], [2, 1, 5, 3, 4], [2, 1, 5, 4, 3], [2, 4, 1, 5, 3], [4, 1, 2, 5, 3], [4, 2, 1, 5, 3]]
Distance: 13
B = 
{(1, 5, 2, 3, 4), (3, 2, 4, 5, 1), (5, 4, 2, 3, 1), (4, 2, 3, 1, 5)}
M(B) = 
[[1, 2, 4, 5, 3], [1, 2, 5, 3, 4], [1, 2, 5, 4, 3], [1, 4, 2, 5, 3], [2, 1, 4, 5, 3], [2, 1, 5, 3, 4], [2, 1, 5, 4, 3], [2, 4, 1, 5, 3], [4, 1, 2, 5, 3], [4, 2, 1, 5, 3]]
Distance: 16
M(A) inter A:
set()
M(B) inter B:
{(5, 4, 2, 3, 1), (4, 2, 3, 1, 5)}

AUB = 
{(3, 1, 2, 5, 4), (2, 1, 5, 3, 4), (4, 2, 3, 1, 5), (4, 5, 1, 2, 3), (1, 5, 2, 3, 4), (1, 4, 2, 5, 3), (3, 2, 4, 5, 1), (5, 4, 2, 3, 1)}
M(AUB) = 
[[1, 2, 4, 5, 3], [1, 2, 5, 3, 4], [1, 2, 5, 4, 3], [1, 4, 2, 5, 3], [2, 1, 4, 5, 3], [2, 1, 5, 3, 4], [2, 1, 5, 4, 3], [2, 4, 1, 5, 3], [4, 1, 2, 5, 3], [4, 2, 1, 5, 3]]
Distance:35

(17)
A = 
{(3, 1, 2, 4, 5), (3, 2, 4, 1, 5), (3, 4, 5, 1, 2), (4, 2, 1, 5, 3)}
M(A) = 
[[2, 1, 3, 4, 5], [2, 1, 3, 5, 4], [2, 1, 4, 3, 5], [2, 1, 4, 5, 3], [2, 1, 5, 3, 4], [2, 1, 5, 4, 3], [2, 4, 1, 3, 5], [2, 4, 1, 5, 3]]
Distance: 11
B = 
{(1, 5, 4, 3, 2), (2, 1, 3, 5, 4), (5, 2, 4, 1, 3), (2, 1, 5, 4, 3)}
M(B) = 
[[2, 1, 3, 4, 5], [2, 1, 3, 5, 4], [2, 1, 4, 3, 5], [2, 1, 4, 5, 3], [2, 1, 5, 3, 4], [2, 1, 5, 4, 3], [2, 4, 1, 3, 5], [2, 4, 1, 5, 3]]
Distance: 9
M(A) inter A:
set()
M(B) inter B:
{(2, 1, 5, 4, 3)}

AUB = 
{(5, 2, 4, 1, 3), (2, 1, 3, 5, 4), (3, 4, 5, 1, 2), (4, 2, 1, 5, 3), (3, 1, 2, 4, 5), (3, 2, 4, 1, 5), (1, 5, 4, 3, 2), (2, 1, 5, 4, 3)}
M(AUB) = 
[[2, 1, 3, 4, 5], [2, 1, 3, 5, 4], [2, 1, 4, 3, 5], [2, 1, 4, 5, 3], [2, 1, 5, 3, 4], [2, 1, 5, 4, 3], [2, 4, 1, 3, 5], [2, 4, 1, 5, 3]]
Distance:34

(18)
A = 
{(3, 5, 1, 4, 2), (5, 2, 4, 1, 3), (3, 1, 2, 5, 4), (5, 2, 1, 3, 4)}
M(A) = 
[[1, 2, 3, 4, 5], [1, 2, 3, 5, 4], [1, 2, 4, 3, 5], [1, 2, 4, 5, 3], [1, 2, 5, 3, 4], [1, 2, 5, 4, 3], [2, 1, 3, 4, 5], [2, 1, 3, 5, 4], [2, 1, 4, 3, 5], [2, 1, 4, 5, 3], [2, 1, 5, 3, 4], [2, 1, 5, 4, 3], [2, 3, 1, 4, 5], [2, 3, 1, 5, 4], [2, 3, 4, 1, 5], [2, 4, 1, 3, 5], [2, 4, 1, 5, 3], [2, 4, 3, 1, 5]]
Distance: 13
B = 
{(4, 1, 2, 5, 3), (3, 1, 4, 2, 5), (2, 4, 1, 5, 3), (2, 4, 3, 1, 5)}
M(B) = 
[[1, 2, 3, 4, 5], [1, 2, 3, 5, 4], [1, 2, 4, 3, 5], [1, 2, 4, 5, 3], [1, 2, 5, 3, 4], [1, 2, 5, 4, 3], [2, 1, 3, 4, 5], [2, 1, 3, 5, 4], [2, 1, 4, 3, 5], [2, 1, 4, 5, 3], [2, 1, 5, 3, 4], [2, 1, 5, 4, 3], [2, 3, 1, 4, 5], [2, 3, 1, 5, 4], [2, 3, 4, 1, 5], [2, 4, 1, 3, 5], [2, 4, 1, 5, 3], [2, 4, 3, 1, 5]]
Distance: 11
M(A) inter A:
set()
M(B) inter B:
{(4, 1, 2, 5, 3), (2, 4, 1, 5, 3), (2, 4, 3, 1, 5)}

AUB = 
{(5, 2, 4, 1, 3), (3, 1, 2, 5, 4), (5, 2, 1, 3, 4), (4, 1, 2, 5, 3), (2, 4, 3, 1, 5), (3, 5, 1, 4, 2), (2, 4, 1, 5, 3), (3, 1, 4, 2, 5)}
M(AUB) = 
[[1, 2, 3, 4, 5], [1, 2, 3, 5, 4], [1, 2, 4, 3, 5], [1, 2, 4, 5, 3], [1, 2, 5, 3, 4], [1, 2, 5, 4, 3], [2, 1, 3, 4, 5], [2, 1, 3, 5, 4], [2, 1, 4, 3, 5], [2, 1, 4, 5, 3], [2, 1, 5, 3, 4], [2, 1, 5, 4, 3], [2, 3, 1, 4, 5], [2, 3, 1, 5, 4], [2, 3, 4, 1, 5], [2, 4, 1, 3, 5], [2, 4, 1, 5, 3], [2, 4, 3, 1, 5]]
Distance:36

(19)
A = 
{(4, 5, 3, 2, 1), (1, 5, 3, 2, 4), (5, 4, 1, 2, 3), (5, 3, 1, 4, 2)}
M(A) = 
[[5, 3, 4, 1, 2], [5, 4, 3, 1, 2]]
Distance: 11
B = 
{(4, 1, 2, 3, 5), (5, 2, 3, 4, 1), (3, 5, 1, 4, 2), (4, 2, 5, 3, 1)}
M(B) = 
[[5, 3, 4, 1, 2], [5, 4, 3, 1, 2]]
Distance: 15
M(A) inter A:
set()
M(B) inter B:
{(4, 2, 5, 3, 1)}

AUB = 
{(4, 1, 2, 3, 5), (5, 4, 1, 2, 3), (1, 5, 3, 2, 4), (3, 5, 1, 4, 2), (5, 3, 1, 4, 2), (4, 5, 3, 2, 1), (5, 2, 3, 4, 1), (4, 2, 5, 3, 1)}
M(AUB) = 
[[5, 3, 4, 1, 2], [5, 4, 3, 1, 2]]
Distance:28

(20)
A = 
{(5, 2, 4, 3, 1), (5, 4, 2, 3, 1), (4, 2, 5, 1, 3), (4, 2, 3, 5, 1)}
M(A) = 
[[5, 4, 2, 3, 1]]
Distance: 7
B = 
{(5, 3, 2, 4, 1), (5, 1, 4, 3, 2), (5, 3, 4, 1, 2), (1, 5, 4, 2, 3)}
M(B) = 
[[5, 4, 2, 3, 1]]
Distance: 10
M(A) inter A:
set()
M(B) inter B:
{(5, 1, 4, 3, 2), (5, 3, 4, 1, 2)}

AUB = 
{(5, 1, 4, 3, 2), (1, 5, 4, 2, 3), (4, 2, 5, 1, 3), (5, 3, 4, 1, 2), (5, 3, 2, 4, 1), (5, 2, 4, 3, 1), (5, 4, 2, 3, 1), (4, 2, 3, 5, 1)}
M(AUB) = 
[[5, 4, 2, 3, 1]]
Distance:21

(21)
A = 
{(3, 2, 1, 4, 5), (3, 4, 5, 2, 1), (1, 5, 4, 2, 3), (2, 4, 1, 3, 5)}
M(A) = 
[[2, 4, 1, 3, 5]]
Distance: 16
B = 
{(2, 4, 1, 3, 5), (2, 4, 5, 1, 3), (4, 2, 3, 1, 5), (5, 2, 1, 3, 4)}
M(B) = 
[[2, 4, 1, 3, 5]]
Distance: 10
M(A) inter A:
{(2, 4, 1, 3, 5)}
M(B) inter B:
{(2, 4, 1, 3, 5), (2, 4, 5, 1, 3)}

AUB = 
{(2, 4, 5, 1, 3), (1, 5, 4, 2, 3), (5, 2, 1, 3, 4), (2, 4, 1, 3, 5), (4, 2, 3, 1, 5), (3, 4, 5, 2, 1), (3, 2, 1, 4, 5)}
M(AUB) = 
[[2, 4, 1, 3, 5]]
Distance:26

(22)
A = 
{(1, 3, 2, 5, 4), (2, 5, 4, 3, 1), (1, 5, 2, 4, 3), (4, 3, 1, 5, 2)}
M(A) = 
[[1, 5, 2, 4, 3]]
Distance: 15
B = 
{(3, 1, 5, 4, 2), (2, 1, 5, 4, 3), (5, 4, 3, 1, 2), (5, 2, 1, 3, 4)}
M(B) = 
[[1, 5, 2, 4, 3]]
Distance: 15
M(A) inter A:
{(1, 5, 2, 4, 3)}
M(B) inter B:
{(5, 2, 1, 3, 4)}

AUB = 
{(4, 3, 1, 5, 2), (5, 4, 3, 1, 2), (3, 1, 5, 4, 2), (2, 1, 5, 4, 3), (2, 5, 4, 3, 1), (1, 5, 2, 4, 3), (5, 2, 1, 3, 4), (1, 3, 2, 5, 4)}
M(AUB) = 
[[1, 5, 2, 4, 3]]
Distance:30

(23)
A = 
{(4, 2, 5, 3, 1), (2, 4, 5, 3, 1), (5, 4, 3, 1, 2), (4, 2, 3, 5, 1)}
M(A) = 
[[4, 2, 3, 5, 1], [4, 2, 5, 3, 1]]
Distance: 6
B = 
{(1, 4, 3, 2, 5), (4, 3, 5, 1, 2), (4, 2, 1, 5, 3), (4, 2, 3, 1, 5)}
M(B) = 
[[4, 2, 3, 5, 1], [4, 2, 5, 3, 1]]
Distance: 10
M(A) inter A:
set()
M(B) inter B:
{(4, 2, 3, 1, 5)}

AUB = 
{(4, 3, 5, 1, 2), (4, 2, 1, 5, 3), (5, 4, 3, 1, 2), (4, 2, 3, 1, 5), (4, 2, 5, 3, 1), (2, 4, 5, 3, 1), (1, 4, 3, 2, 5), (4, 2, 3, 5, 1)}
M(AUB) = 
[[4, 2, 3, 5, 1], [4, 2, 5, 3, 1]]
Distance:20

(24)
A = 
{(4, 1, 2, 5, 3), (4, 1, 3, 2, 5), (2, 4, 3, 1, 5), (1, 4, 3, 5, 2)}
M(A) = 
[[4, 1, 3, 2, 5]]
Distance: 8
B = 
{(3, 1, 4, 2, 5), (4, 5, 1, 3, 2), (2, 1, 3, 4, 5), (3, 4, 1, 5, 2)}
M(B) = 
[[4, 1, 3, 2, 5]]
Distance: 12
M(A) inter A:
set()
M(B) inter B:
{(3, 1, 4, 2, 5), (3, 4, 1, 5, 2)}

AUB = 
{(4, 1, 3, 2, 5), (3, 4, 1, 5, 2), (4, 1, 2, 5, 3), (2, 4, 3, 1, 5), (3, 1, 4, 2, 5), (4, 5, 1, 3, 2), (1, 4, 3, 5, 2), (2, 1, 3, 4, 5)}
M(AUB) = 
[[4, 1, 3, 2, 5]]
Distance:22

(25)
A = 
{(3, 5, 4, 2, 1), (3, 1, 2, 5, 4), (5, 2, 3, 4, 1), (3, 1, 4, 5, 2)}
M(A) = 
[[3, 1, 5, 2, 4], [3, 1, 5, 4, 2], [3, 5, 1, 2, 4], [3, 5, 1, 4, 2], [3, 5, 4, 1, 2]]
Distance: 12
B = 
{(2, 5, 4, 1, 3), (3, 5, 4, 1, 2), (1, 3, 5, 4, 2), (1, 5, 2, 4, 3)}
M(B) = 
[[3, 1, 5, 2, 4], [3, 1, 5, 4, 2], [3, 5, 1, 2, 4], [3, 5, 1, 4, 2], [3, 5, 4, 1, 2]]
Distance: 15
M(A) inter A:
set()
M(B) inter B:
{(1, 5, 2, 4, 3), (1, 3, 5, 4, 2)}

AUB = 
{(3, 1, 2, 5, 4), (3, 5, 4, 1, 2), (2, 5, 4, 1, 3), (3, 5, 4, 2, 1), (3, 1, 4, 5, 2), (1, 5, 2, 4, 3), (5, 2, 3, 4, 1), (1, 3, 5, 4, 2)}
M(AUB) = 
[[3, 1, 5, 2, 4], [3, 1, 5, 4, 2], [3, 5, 1, 2, 4], [3, 5, 1, 4, 2], [3, 5, 4, 1, 2]]
Distance:29

(26)
A = 
{(1, 3, 2, 4, 5), (2, 3, 5, 4, 1), (5, 2, 4, 1, 3), (2, 1, 4, 3, 5)}
M(A) = 
[[2, 4, 1, 3, 5], [2, 4, 3, 1, 5], [2, 4, 3, 5, 1], [3, 2, 4, 1, 5], [3, 2, 4, 5, 1], [4, 3, 2, 1, 5], [4, 3, 2, 5, 1], [4, 3, 5, 2, 1]]
Distance: 13
B = 
{(4, 3, 5, 2, 1), (4, 3, 1, 5, 2), (3, 2, 5, 4, 1), (4, 1, 5, 3, 2)}
M(B) = 
[[2, 4, 1, 3, 5], [2, 4, 3, 1, 5], [2, 4, 3, 5, 1], [3, 2, 4, 1, 5], [3, 2, 4, 5, 1], [4, 3, 2, 1, 5], [4, 3, 2, 5, 1], [4, 3, 5, 2, 1]]
Distance: 10
M(A) inter A:
set()
M(B) inter B:
{(4, 3, 5, 2, 1), (4, 3, 1, 5, 2)}

AUB = 
{(1, 3, 2, 4, 5), (5, 2, 4, 1, 3), (4, 3, 1, 5, 2), (4, 3, 5, 2, 1), (4, 1, 5, 3, 2), (2, 3, 5, 4, 1), (3, 2, 5, 4, 1), (2, 1, 4, 3, 5)}
M(AUB) = 
[[2, 4, 1, 3, 5], [2, 4, 3, 1, 5], [2, 4, 3, 5, 1], [3, 2, 4, 1, 5], [3, 2, 4, 5, 1], [4, 3, 2, 1, 5], [4, 3, 2, 5, 1], [4, 3, 5, 2, 1]]
Distance:33

(27)
A = 
{(1, 3, 4, 2, 5), (3, 2, 4, 1, 5), (1, 4, 5, 2, 3), (5, 4, 2, 3, 1)}
M(A) = 
[[4, 3, 1, 2, 5]]
Distance: 17
B = 
{(4, 3, 1, 2, 5), (1, 4, 5, 2, 3), (3, 1, 2, 5, 4), (4, 2, 3, 1, 5)}
M(B) = 
[[4, 3, 1, 2, 5]]
Distance: 11
M(A) inter A:
set()
M(B) inter B:
{(4, 3, 1, 2, 5)}

AUB = 
{(1, 3, 4, 2, 5), (3, 1, 2, 5, 4), (3, 2, 4, 1, 5), (4, 2, 3, 1, 5), (1, 4, 5, 2, 3), (4, 3, 1, 2, 5), (5, 4, 2, 3, 1)}
M(AUB) = 
[[4, 3, 1, 2, 5]]
Distance:23

(28)
A = 
{(4, 1, 3, 2, 5), (4, 1, 5, 3, 2), (4, 2, 5, 1, 3), (4, 2, 1, 3, 5)}
M(A) = 
[[4, 1, 2, 3, 5], [4, 1, 3, 2, 5], [4, 2, 1, 3, 5]]
Distance: 8
B = 
{(4, 3, 2, 1, 5), (1, 4, 3, 2, 5), (1, 2, 3, 4, 5), (5, 2, 3, 1, 4)}
M(B) = 
[[4, 1, 2, 3, 5], [4, 1, 3, 2, 5], [4, 2, 1, 3, 5]]
Distance: 15
M(A) inter A:
set()
M(B) inter B:
{(1, 4, 3, 2, 5), (1, 2, 3, 4, 5)}

AUB = 
{(4, 1, 3, 2, 5), (5, 2, 3, 1, 4), (4, 2, 5, 1, 3), (1, 2, 3, 4, 5), (4, 1, 5, 3, 2), (4, 2, 1, 3, 5), (4, 3, 2, 1, 5), (1, 4, 3, 2, 5)}
M(AUB) = 
[[4, 1, 2, 3, 5], [4, 1, 3, 2, 5], [4, 2, 1, 3, 5]]
Distance:25

(29)
A = 
{(2, 5, 1, 3, 4), (4, 3, 5, 1, 2), (5, 2, 1, 3, 4), (3, 4, 5, 1, 2)}
M(A) = 
[[4, 3, 5, 2, 1], [4, 5, 3, 2, 1]]
Distance: 16
B = 
{(4, 3, 2, 5, 1), (4, 5, 3, 2, 1), (2, 4, 3, 5, 1), (4, 5, 3, 1, 2)}
M(B) = 
[[4, 3, 5, 2, 1], [4, 5, 3, 2, 1]]
Distance: 7
M(A) inter A:
set()
M(B) inter B:
{(4, 3, 2, 5, 1), (4, 5, 3, 2, 1)}

AUB = 
{(4, 3, 5, 1, 2), (5, 2, 1, 3, 4), (3, 4, 5, 1, 2), (4, 3, 2, 5, 1), (2, 5, 1, 3, 4), (4, 5, 3, 1, 2), (4, 5, 3, 2, 1), (2, 4, 3, 5, 1)}
M(AUB) = 
[[4, 3, 5, 2, 1], [4, 5, 3, 2, 1]]
Distance:25

(30)
A = 
{(2, 3, 1, 4, 5), (5, 2, 3, 4, 1), (3, 1, 5, 4, 2), (4, 2, 1, 3, 5)}
M(A) = 
[[1, 5, 2, 3, 4], [2, 1, 3, 5, 4], [2, 1, 5, 3, 4], [5, 2, 1, 3, 4]]
Distance: 14
B = 
{(1, 5, 3, 2, 4), (1, 3, 5, 4, 2), (5, 2, 4, 1, 3), (2, 5, 1, 4, 3)}
M(B) = 
[[1, 5, 2, 3, 4], [2, 1, 3, 5, 4], [2, 1, 5, 3, 4], [5, 2, 1, 3, 4]]
Distance: 12
M(A) inter A:
set()
M(B) inter B:
{(1, 5, 3, 2, 4)}

AUB = 
{(5, 2, 4, 1, 3), (2, 3, 1, 4, 5), (1, 5, 3, 2, 4), (2, 5, 1, 4, 3), (1, 3, 5, 4, 2), (4, 2, 1, 3, 5), (3, 1, 5, 4, 2), (5, 2, 3, 4, 1)}
M(AUB) = 
[[1, 5, 2, 3, 4], [2, 1, 3, 5, 4], [2, 1, 5, 3, 4], [5, 2, 1, 3, 4]]
Distance:32

(31)
A = 
{(4, 3, 2, 5, 1), (3, 4, 1, 2, 5), (5, 3, 1, 4, 2), (1, 4, 2, 3, 5)}
M(A) = 
[[4, 3, 1, 2, 5], [4, 3, 2, 1, 5], [4, 3, 2, 5, 1]]
Distance: 12
B = 
{(4, 3, 2, 1, 5), (2, 3, 4, 5, 1), (2, 1, 4, 3, 5), (5, 4, 3, 1, 2)}
M(B) = 
[[4, 3, 1, 2, 5], [4, 3, 2, 1, 5], [4, 3, 2, 5, 1]]
Distance: 13
M(A) inter A:
{(4, 3, 2, 5, 1)}
M(B) inter B:
{(4, 3, 2, 1, 5)}

AUB = 
{(5, 4, 3, 1, 2), (4, 3, 2, 5, 1), (3, 4, 1, 2, 5), (5, 3, 1, 4, 2), (2, 3, 4, 5, 1), (4, 3, 2, 1, 5), (1, 4, 2, 3, 5), (2, 1, 4, 3, 5)}
M(AUB) = 
[[4, 3, 1, 2, 5], [4, 3, 2, 1, 5], [4, 3, 2, 5, 1]]
Distance:27

(32)
A = 
{(4, 1, 2, 3, 5), (5, 1, 3, 2, 4), (2, 4, 3, 1, 5), (5, 4, 3, 1, 2)}
M(A) = 
[[4, 1, 3, 2, 5], [4, 1, 3, 5, 2], [4, 1, 5, 3, 2], [4, 3, 1, 2, 5], [4, 3, 1, 5, 2], [4, 3, 5, 1, 2], [4, 5, 1, 3, 2], [4, 5, 3, 1, 2]]
Distance: 17
B = 
{(4, 3, 2, 5, 1), (3, 5, 1, 2, 4), (2, 4, 1, 5, 3), (4, 1, 5, 3, 2)}
M(B) = 
[[4, 1, 3, 2, 5], [4, 1, 3, 5, 2], [4, 1, 5, 3, 2], [4, 3, 1, 2, 5], [4, 3, 1, 5, 2], [4, 3, 5, 1, 2], [4, 5, 1, 3, 2], [4, 5, 3, 1, 2]]
Distance: 16
M(A) inter A:
set()
M(B) inter B:
{(4, 3, 2, 5, 1), (4, 1, 5, 3, 2)}

AUB = 
{(4, 1, 2, 3, 5), (2, 4, 1, 5, 3), (5, 4, 3, 1, 2), (4, 3, 2, 5, 1), (2, 4, 3, 1, 5), (4, 1, 5, 3, 2), (5, 1, 3, 2, 4), (3, 5, 1, 2, 4)}
M(AUB) = 
[[4, 1, 3, 2, 5], [4, 1, 3, 5, 2], [4, 1, 5, 3, 2], [4, 3, 1, 2, 5], [4, 3, 1, 5, 2], [4, 3, 5, 1, 2], [4, 5, 1, 3, 2], [4, 5, 3, 1, 2]]
Distance:33

(33)
A = 
{(5, 1, 4, 3, 2), (1, 5, 3, 2, 4), (2, 4, 5, 3, 1), (1, 5, 4, 2, 3)}
M(A) = 
[[1, 5, 3, 2, 4]]
Distance: 12
B = 
{(2, 1, 3, 5, 4), (1, 5, 4, 2, 3), (3, 4, 1, 5, 2), (3, 2, 1, 5, 4)}
M(B) = 
[[1, 5, 3, 2, 4]]
Distance: 14
M(A) inter A:
set()
M(B) inter B:
{(2, 1, 3, 5, 4), (3, 2, 1, 5, 4)}

AUB = 
{(1, 5, 4, 2, 3), (3, 2, 1, 5, 4), (3, 4, 1, 5, 2), (1, 5, 3, 2, 4), (5, 1, 4, 3, 2), (2, 1, 3, 5, 4), (2, 4, 5, 3, 1)}
M(AUB) = 
[[1, 5, 3, 2, 4]]
Distance:27

(34)
A = 
{(1, 3, 2, 4, 5), (4, 1, 2, 3, 5), (2, 5, 1, 4, 3), (4, 2, 3, 1, 5)}
M(A) = 
[[1, 4, 2, 3, 5]]
Distance: 12
B = 
{(3, 1, 4, 2, 5), (1, 3, 2, 4, 5), (1, 2, 4, 5, 3), (5, 4, 1, 2, 3)}
M(B) = 
[[1, 4, 2, 3, 5]]
Distance: 13
M(A) inter A:
{(1, 3, 2, 4, 5)}
M(B) inter B:
{(1, 3, 2, 4, 5), (1, 2, 4, 5, 3)}

AUB = 
{(1, 3, 2, 4, 5), (4, 1, 2, 3, 5), (1, 2, 4, 5, 3), (3, 1, 4, 2, 5), (2, 5, 1, 4, 3), (5, 4, 1, 2, 3), (4, 2, 3, 1, 5)}
M(AUB) = 
[[1, 4, 2, 3, 5]]
Distance:22

(35)
A = 
{(4, 5, 3, 2, 1), (1, 5, 2, 3, 4), (1, 3, 5, 2, 4), (4, 3, 2, 1, 5)}
M(A) = 
[[1, 2, 3, 4, 5], [1, 3, 2, 4, 5], [2, 1, 3, 4, 5]]
Distance: 17
B = 
{(1, 3, 2, 4, 5), (4, 1, 2, 3, 5), (2, 1, 3, 4, 5), (2, 3, 4, 1, 5)}
M(B) = 
[[1, 2, 3, 4, 5], [1, 3, 2, 4, 5], [2, 1, 3, 4, 5]]
Distance: 8
M(A) inter A:
set()
M(B) inter B:
{(2, 1, 3, 4, 5)}

AUB = 
{(1, 3, 2, 4, 5), (4, 1, 2, 3, 5), (2, 3, 4, 1, 5), (1, 5, 2, 3, 4), (2, 1, 3, 4, 5), (4, 3, 2, 1, 5), (4, 5, 3, 2, 1), (1, 3, 5, 2, 4)}
M(AUB) = 
[[1, 2, 3, 4, 5], [1, 3, 2, 4, 5], [2, 1, 3, 4, 5]]
Distance:29

(36)
A = 
{(5, 2, 3, 4, 1), (5, 1, 4, 2, 3), (1, 2, 3, 4, 5), (1, 2, 3, 5, 4)}
M(A) = 
[[1, 4, 5, 2, 3], [1, 5, 2, 3, 4], [1, 5, 2, 4, 3], [1, 5, 4, 2, 3]]
Distance: 12
B = 
{(4, 1, 5, 2, 3), (2, 1, 3, 4, 5), (4, 3, 1, 5, 2), (1, 5, 4, 3, 2)}
M(B) = 
[[1, 4, 5, 2, 3], [1, 5, 2, 3, 4], [1, 5, 2, 4, 3], [1, 5, 4, 2, 3]]
Distance: 12
M(A) inter A:
set()
M(B) inter B:
{(4, 1, 5, 2, 3)}

AUB = 
{(4, 3, 1, 5, 2), (1, 2, 3, 5, 4), (4, 1, 5, 2, 3), (1, 2, 3, 4, 5), (5, 1, 4, 2, 3), (1, 5, 4, 3, 2), (5, 2, 3, 4, 1), (2, 1, 3, 4, 5)}
M(AUB) = 
[[1, 4, 5, 2, 3], [1, 5, 2, 3, 4], [1, 5, 2, 4, 3], [1, 5, 4, 2, 3]]
Distance:30

(37)
A = 
{(1, 5, 3, 4, 2), (2, 1, 5, 3, 4), (3, 4, 1, 5, 2), (2, 5, 3, 1, 4)}
M(A) = 
[[1, 5, 2, 3, 4]]
Distance: 14
B = 
{(1, 5, 2, 3, 4), (3, 4, 5, 2, 1), (1, 5, 2, 4, 3), (4, 2, 5, 3, 1)}
M(B) = 
[[1, 5, 2, 3, 4]]
Distance: 17
M(A) inter A:
set()
M(B) inter B:
{(1, 5, 2, 3, 4), (1, 5, 2, 4, 3)}

AUB = 
{(1, 5, 2, 4, 3), (3, 4, 1, 5, 2), (1, 5, 3, 4, 2), (2, 5, 3, 1, 4), (2, 1, 5, 3, 4), (3, 4, 5, 2, 1), (1, 5, 2, 3, 4), (4, 2, 5, 3, 1)}
M(AUB) = 
[[1, 5, 2, 3, 4]]
Distance:31

(38)
A = 
{(2, 3, 1, 5, 4), (2, 4, 5, 1, 3), (5, 1, 4, 2, 3), (1, 4, 3, 2, 5)}
M(A) = 
[[1, 2, 4, 3, 5], [1, 4, 2, 3, 5]]
Distance: 15
B = 
{(4, 1, 2, 3, 5), (1, 3, 2, 5, 4), (2, 1, 5, 4, 3), (4, 3, 1, 5, 2)}
M(B) = 
[[1, 2, 4, 3, 5], [1, 4, 2, 3, 5]]
Distance: 13
M(A) inter A:
{(1, 4, 3, 2, 5)}
M(B) inter B:
{(4, 1, 2, 3, 5)}

AUB = 
{(4, 1, 2, 3, 5), (2, 4, 5, 1, 3), (2, 1, 5, 4, 3), (5, 1, 4, 2, 3), (2, 3, 1, 5, 4), (4, 3, 1, 5, 2), (1, 4, 3, 2, 5), (1, 3, 2, 5, 4)}
M(AUB) = 
[[1, 2, 4, 3, 5], [1, 4, 2, 3, 5]]
Distance:28

(39)
A = 
{(1, 4, 2, 3, 5), (5, 4, 1, 2, 3), (2, 4, 3, 5, 1), (5, 2, 4, 3, 1)}
M(A) = 
[[5, 1, 4, 2, 3], [5, 4, 1, 2, 3]]
Distance: 14
B = 
{(4, 5, 1, 2, 3), (5, 1, 3, 4, 2), (3, 5, 1, 4, 2), (5, 2, 3, 1, 4)}
M(B) = 
[[5, 1, 4, 2, 3], [5, 4, 1, 2, 3]]
Distance: 10
M(A) inter A:
set()
M(B) inter B:
{(5, 1, 3, 4, 2)}

AUB = 
{(5, 1, 3, 4, 2), (5, 4, 1, 2, 3), (5, 2, 3, 1, 4), (3, 5, 1, 4, 2), (5, 2, 4, 3, 1), (4, 5, 1, 2, 3), (2, 4, 3, 5, 1), (1, 4, 2, 3, 5)}
M(AUB) = 
[[5, 1, 4, 2, 3], [5, 4, 1, 2, 3]]
Distance:28

(40)
A = 
{(2, 1, 3, 5, 4), (2, 3, 5, 4, 1), (3, 5, 2, 1, 4), (4, 2, 1, 3, 5)}
M(A) = 
[[2, 1, 3, 5, 4]]
Distance: 11
B = 
{(1, 5, 3, 2, 4), (3, 5, 4, 2, 1), (1, 4, 2, 3, 5), (5, 2, 1, 3, 4)}
M(B) = 
[[2, 1, 3, 5, 4]]
Distance: 15
M(A) inter A:
set()
M(B) inter B:
{(1, 5, 3, 2, 4), (5, 2, 1, 3, 4)}

AUB = 
{(5, 2, 1, 3, 4), (2, 1, 3, 5, 4), (4, 2, 1, 3, 5), (3, 5, 4, 2, 1), (1, 5, 3, 2, 4), (2, 3, 5, 4, 1), (1, 4, 2, 3, 5), (3, 5, 2, 1, 4)}
M(AUB) = 
[[2, 1, 3, 5, 4]]
Distance:28

(41)
A = 
{(5, 4, 3, 2, 1), (2, 1, 4, 5, 3), (4, 2, 1, 3, 5), (4, 2, 3, 1, 5)}
M(A) = 
[[4, 2, 1, 5, 3], [4, 2, 5, 1, 3]]
Distance: 10
B = 
{(4, 5, 1, 2, 3), (5, 4, 2, 3, 1), (2, 1, 5, 4, 3), (2, 4, 5, 1, 3)}
M(B) = 
[[4, 2, 1, 5, 3], [4, 2, 5, 1, 3]]
Distance: 10
M(A) inter A:
set()
M(B) inter B:
{(2, 4, 5, 1, 3)}

AUB = 
{(2, 4, 5, 1, 3), (2, 1, 4, 5, 3), (4, 2, 3, 1, 5), (4, 5, 1, 2, 3), (4, 2, 1, 3, 5), (2, 1, 5, 4, 3), (5, 4, 3, 2, 1), (5, 4, 2, 3, 1)}
M(AUB) = 
[[4, 2, 1, 5, 3], [4, 2, 5, 1, 3]]
Distance:22

(42)
A = 
{(1, 3, 2, 4, 5), (1, 4, 2, 5, 3), (3, 2, 1, 5, 4), (4, 2, 3, 1, 5)}
M(A) = 
[[1, 2, 3, 5, 4], [1, 2, 5, 3, 4], [1, 2, 5, 4, 3], [1, 3, 2, 5, 4]]
Distance: 13
B = 
{(5, 1, 3, 2, 4), (1, 5, 2, 4, 3), (2, 5, 1, 4, 3), (1, 3, 5, 4, 2)}
M(B) = 
[[1, 2, 3, 5, 4], [1, 2, 5, 3, 4], [1, 2, 5, 4, 3], [1, 3, 2, 5, 4]]
Distance: 10
M(A) inter A:
set()
M(B) inter B:
{(5, 1, 3, 2, 4), (1, 5, 2, 4, 3)}

AUB = 
{(1, 3, 2, 4, 5), (1, 5, 2, 4, 3), (3, 2, 1, 5, 4), (1, 3, 5, 4, 2), (2, 5, 1, 4, 3), (4, 2, 3, 1, 5), (5, 1, 3, 2, 4), (1, 4, 2, 5, 3)}
M(AUB) = 
[[1, 2, 3, 5, 4], [1, 2, 5, 3, 4], [1, 2, 5, 4, 3], [1, 3, 2, 5, 4]]
Distance:29

(43)
A = 
{(3, 1, 2, 4, 5), (2, 3, 4, 5, 1), (3, 4, 2, 5, 1), (2, 5, 4, 1, 3)}
M(A) = 
[[3, 2, 4, 5, 1], [3, 4, 1, 2, 5], [3, 4, 2, 5, 1], [3, 4, 5, 1, 2]]
Distance: 10
B = 
{(4, 1, 2, 5, 3), (3, 5, 1, 2, 4), (4, 3, 1, 5, 2), (3, 4, 5, 1, 2)}
M(B) = 
[[3, 2, 4, 5, 1], [3, 4, 1, 2, 5], [3, 4, 2, 5, 1], [3, 4, 5, 1, 2]]
Distance: 11
M(A) inter A:
set()
M(B) inter B:
{(4, 3, 1, 5, 2), (3, 4, 5, 1, 2)}

AUB = 
{(4, 3, 1, 5, 2), (3, 4, 5, 1, 2), (3, 1, 2, 4, 5), (2, 5, 4, 1, 3), (4, 1, 2, 5, 3), (2, 3, 4, 5, 1), (3, 4, 2, 5, 1), (3, 5, 1, 2, 4)}
M(AUB) = 
[[3, 2, 4, 5, 1], [3, 4, 1, 2, 5], [3, 4, 2, 5, 1], [3, 4, 5, 1, 2]]
Distance:29

(44)
A = 
{(5, 3, 4, 2, 1), (5, 1, 2, 4, 3), (3, 1, 2, 5, 4), (2, 1, 4, 5, 3)}
M(A) = 
[[1, 5, 3, 2, 4]]
Distance: 16
B = 
{(1, 4, 5, 3, 2), (1, 5, 4, 2, 3), (3, 2, 5, 1, 4), (3, 2, 1, 5, 4)}
M(B) = 
[[1, 5, 3, 2, 4]]
Distance: 15
M(A) inter A:
{(3, 1, 2, 5, 4)}
M(B) inter B:
{(3, 2, 1, 5, 4)}

AUB = 
{(3, 1, 2, 5, 4), (3, 2, 1, 5, 4), (3, 2, 5, 1, 4), (1, 5, 4, 2, 3), (5, 1, 2, 4, 3), (5, 3, 4, 2, 1), (1, 4, 5, 3, 2), (2, 1, 4, 5, 3)}
M(AUB) = 
[[1, 5, 3, 2, 4]]
Distance:31

(45)
A = 
{(1, 5, 3, 4, 2), (2, 1, 3, 4, 5), (2, 4, 5, 1, 3), (5, 3, 4, 1, 2)}
M(A) = 
[[5, 4, 2, 1, 3]]
Distance: 17
B = 
{(4, 5, 3, 2, 1), (5, 4, 2, 1, 3), (2, 5, 4, 1, 3), (5, 4, 3, 1, 2)}
M(B) = 
[[5, 4, 2, 1, 3]]
Distance: 8
M(A) inter A:
set()
M(B) inter B:
{(5, 4, 2, 1, 3)}

AUB = 
{(2, 4, 5, 1, 3), (5, 4, 3, 1, 2), (1, 5, 3, 4, 2), (2, 5, 4, 1, 3), (5, 3, 4, 1, 2), (5, 4, 2, 1, 3), (4, 5, 3, 2, 1), (2, 1, 3, 4, 5)}
M(AUB) = 
[[5, 4, 2, 1, 3]]
Distance:27

(46)
A = 
{(1, 5, 2, 3, 4), (3, 4, 2, 5, 1), (5, 4, 2, 3, 1), (3, 2, 4, 1, 5)}
M(A) = 
[[3, 2, 4, 1, 5]]
Distance: 16
B = 
{(3, 1, 2, 4, 5), (4, 1, 3, 2, 5), (1, 2, 5, 4, 3), (3, 2, 4, 5, 1)}
M(B) = 
[[3, 2, 4, 1, 5]]
Distance: 12
M(A) inter A:
set()
M(B) inter B:
{(3, 1, 2, 4, 5)}

AUB = 
{(4, 1, 3, 2, 5), (1, 2, 5, 4, 3), (1, 5, 2, 3, 4), (3, 2, 4, 1, 5), (3, 2, 4, 5, 1), (3, 1, 2, 4, 5), (3, 4, 2, 5, 1), (5, 4, 2, 3, 1)}
M(AUB) = 
[[3, 2, 4, 1, 5]]
Distance:30

(47)
A = 
{(3, 5, 2, 4, 1), (4, 1, 5, 2, 3), (5, 2, 4, 1, 3), (2, 3, 4, 5, 1)}
M(A) = 
[[3, 2, 4, 5, 1], [3, 5, 2, 4, 1]]
Distance: 13
B = 
{(3, 5, 2, 4, 1), (4, 5, 3, 1, 2), (3, 2, 1, 4, 5), (1, 3, 2, 5, 4)}
M(B) = 
[[3, 2, 4, 5, 1], [3, 5, 2, 4, 1]]
Distance: 14
M(A) inter A:
{(3, 5, 2, 4, 1)}
M(B) inter B:
{(3, 5, 2, 4, 1), (3, 2, 1, 4, 5)}

AUB = 
{(5, 2, 4, 1, 3), (4, 1, 5, 2, 3), (3, 2, 1, 4, 5), (3, 5, 2, 4, 1), (2, 3, 4, 5, 1), (4, 5, 3, 1, 2), (1, 3, 2, 5, 4)}
M(AUB) = 
[[3, 2, 4, 5, 1], [3, 5, 2, 4, 1]]
Distance:29

(48)
A = 
{(3, 1, 4, 2, 5), (1, 4, 3, 2, 5), (3, 5, 2, 1, 4), (5, 2, 1, 3, 4)}
M(A) = 
[[3, 1, 4, 2, 5], [3, 2, 1, 4, 5]]
Distance: 15
B = 
{(3, 1, 4, 2, 5), (3, 2, 1, 4, 5), (3, 4, 2, 1, 5), (1, 4, 3, 5, 2)}
M(B) = 
[[3, 1, 4, 2, 5], [3, 2, 1, 4, 5]]
Distance: 7
M(A) inter A:
{(3, 1, 4, 2, 5)}
M(B) inter B:
{(3, 1, 4, 2, 5)}

AUB = 
{(5, 2, 1, 3, 4), (3, 1, 4, 2, 5), (3, 2, 1, 4, 5), (1, 4, 3, 5, 2), (1, 4, 3, 2, 5), (3, 5, 2, 1, 4), (3, 4, 2, 1, 5)}
M(AUB) = 
[[3, 1, 4, 2, 5], [3, 2, 1, 4, 5]]
Distance:22

(49)
A = 
{(3, 1, 2, 4, 5), (1, 2, 4, 3, 5), (3, 4, 1, 2, 5), (4, 2, 1, 5, 3)}
M(A) = 
[[1, 3, 2, 4, 5], [1, 3, 4, 2, 5], [3, 1, 2, 4, 5], [3, 1, 4, 2, 5]]
Distance: 12
B = 
{(5, 1, 3, 2, 4), (1, 2, 5, 4, 3), (3, 1, 5, 4, 2), (3, 4, 1, 5, 2)}
M(B) = 
[[1, 3, 2, 4, 5], [1, 3, 4, 2, 5], [3, 1, 2, 4, 5], [3, 1, 4, 2, 5]]
Distance: 12
M(A) inter A:
set()
M(B) inter B:
{(3, 1, 5, 4, 2)}

AUB = 
{(1, 2, 5, 4, 3), (3, 4, 1, 5, 2), (4, 2, 1, 5, 3), (3, 1, 2, 4, 5), (1, 2, 4, 3, 5), (5, 1, 3, 2, 4), (3, 1, 5, 4, 2), (3, 4, 1, 2, 5)}
M(AUB) = 
[[1, 3, 2, 4, 5], [1, 3, 4, 2, 5], [3, 1, 2, 4, 5], [3, 1, 4, 2, 5]]
Distance:28

(50)
A = 
{(1, 5, 3, 2, 4), (3, 5, 2, 1, 4), (1, 3, 2, 5, 4), (1, 3, 2, 4, 5)}
M(A) = 
[[2, 1, 3, 5, 4], [2, 1, 5, 3, 4]]
Distance: 7
B = 
{(2, 1, 5, 3, 4), (2, 5, 3, 1, 4), (5, 2, 1, 4, 3), (4, 2, 3, 1, 5)}
M(B) = 
[[2, 1, 3, 5, 4], [2, 1, 5, 3, 4]]
Distance: 11
M(A) inter A:
set()
M(B) inter B:
{(2, 1, 5, 3, 4), (2, 5, 3, 1, 4)}

AUB = 
{(1, 3, 2, 4, 5), (5, 2, 1, 4, 3), (1, 5, 3, 2, 4), (3, 5, 2, 1, 4), (4, 2, 3, 1, 5), (2, 5, 3, 1, 4), (2, 1, 5, 3, 4), (1, 3, 2, 5, 4)}
M(AUB) = 
[[2, 1, 3, 5, 4], [2, 1, 5, 3, 4]]
Distance:26

(51)
A = 
{(4, 3, 2, 5, 1), (5, 4, 2, 3, 1), (2, 1, 4, 5, 3), (5, 4, 2, 1, 3)}
M(A) = 
[[4, 2, 1, 3, 5]]
Distance: 11
B = 
{(1, 3, 4, 2, 5), (1, 2, 4, 3, 5), (3, 2, 4, 1, 5), (1, 4, 3, 5, 2)}
M(B) = 
[[4, 2, 1, 3, 5]]
Distance: 9
M(A) inter A:
set()
M(B) inter B:
{(1, 3, 4, 2, 5)}

AUB = 
{(1, 3, 4, 2, 5), (5, 4, 2, 1, 3), (2, 1, 4, 5, 3), (4, 3, 2, 5, 1), (1, 2, 4, 3, 5), (1, 4, 3, 5, 2), (5, 4, 2, 3, 1), (3, 2, 4, 1, 5)}
M(AUB) = 
[[4, 2, 1, 3, 5]]
Distance:30

(52)
A = 
{(3, 2, 4, 1, 5), (2, 1, 4, 5, 3), (4, 2, 3, 1, 5), (3, 2, 5, 1, 4)}
M(A) = 
[[2, 1, 3, 4, 5], [2, 3, 1, 4, 5], [2, 3, 4, 1, 5]]
Distance: 11
B = 
{(4, 1, 2, 5, 3), (5, 1, 3, 4, 2), (2, 5, 1, 3, 4), (2, 3, 4, 1, 5)}
M(B) = 
[[2, 1, 3, 4, 5], [2, 3, 1, 4, 5], [2, 3, 4, 1, 5]]
Distance: 15
M(A) inter A:
set()
M(B) inter B:
{(2, 5, 1, 3, 4)}

AUB = 
{(2, 5, 1, 3, 4), (2, 1, 4, 5, 3), (3, 2, 5, 1, 4), (4, 1, 2, 5, 3), (3, 2, 4, 1, 5), (4, 2, 3, 1, 5), (5, 1, 3, 4, 2), (2, 3, 4, 1, 5)}
M(AUB) = 
[[2, 1, 3, 4, 5], [2, 3, 1, 4, 5], [2, 3, 4, 1, 5]]
Distance:30

(53)
A = 
{(3, 5, 4, 2, 1), (2, 3, 4, 1, 5), (1, 2, 5, 4, 3), (3, 5, 1, 2, 4)}
M(A) = 
[[3, 5, 2, 4, 1], [5, 2, 3, 4, 1], [5, 2, 4, 3, 1], [5, 3, 2, 4, 1]]
Distance: 15
B = 
{(2, 5, 4, 1, 3), (5, 2, 3, 4, 1), (4, 5, 3, 1, 2), (1, 4, 3, 5, 2)}
M(B) = 
[[3, 5, 2, 4, 1], [5, 2, 3, 4, 1], [5, 2, 4, 3, 1], [5, 3, 2, 4, 1]]
Distance: 15
M(A) inter A:
set()
M(B) inter B:
{(4, 5, 3, 1, 2)}

AUB = 
{(1, 2, 5, 4, 3), (2, 3, 4, 1, 5), (2, 5, 4, 1, 3), (3, 5, 4, 2, 1), (4, 5, 3, 1, 2), (1, 4, 3, 5, 2), (5, 2, 3, 4, 1), (3, 5, 1, 2, 4)}
M(AUB) = 
[[3, 5, 2, 4, 1], [5, 2, 3, 4, 1], [5, 2, 4, 3, 1], [5, 3, 2, 4, 1]]
Distance:34

(54)
A = 
{(5, 4, 3, 2, 1), (5, 3, 2, 1, 4), (3, 2, 4, 1, 5), (4, 2, 1, 3, 5)}
M(A) = 
[[2, 3, 5, 1, 4], [2, 3, 5, 4, 1], [2, 5, 3, 1, 4], [2, 5, 3, 4, 1], [3, 2, 5, 1, 4], [3, 2, 5, 4, 1], [3, 5, 2, 1, 4], [3, 5, 2, 4, 1], [5, 2, 3, 1, 4], [5, 2, 3, 4, 1], [5, 3, 2, 1, 4], [5, 3, 2, 4, 1]]
Distance: 15
B = 
{(2, 1, 3, 5, 4), (3, 5, 1, 2, 4), (5, 2, 3, 1, 4), (4, 2, 5, 1, 3)}
M(B) = 
[[2, 3, 5, 1, 4], [2, 3, 5, 4, 1], [2, 5, 3, 1, 4], [2, 5, 3, 4, 1], [3, 2, 5, 1, 4], [3, 2, 5, 4, 1], [3, 5, 2, 1, 4], [3, 5, 2, 4, 1], [5, 2, 3, 1, 4], [5, 2, 3, 4, 1], [5, 3, 2, 1, 4], [5, 3, 2, 4, 1]]
Distance: 13
M(A) inter A:
set()
M(B) inter B:
{(5, 2, 3, 1, 4)}

AUB = 
{(4, 2, 5, 1, 3), (5, 2, 3, 1, 4), (2, 1, 3, 5, 4), (3, 5, 1, 2, 4), (3, 2, 4, 1, 5), (4, 2, 1, 3, 5), (5, 4, 3, 2, 1), (5, 3, 2, 1, 4)}
M(AUB) = 
[[2, 3, 5, 1, 4], [2, 3, 5, 4, 1], [2, 5, 3, 1, 4], [2, 5, 3, 4, 1], [3, 2, 5, 1, 4], [3, 2, 5, 4, 1], [3, 5, 2, 1, 4], [3, 5, 2, 4, 1], [5, 2, 3, 1, 4], [5, 2, 3, 4, 1], [5, 3, 2, 1, 4], [5, 3, 2, 4, 1]]
Distance:32

(55)
A = 
{(5, 1, 3, 4, 2), (2, 4, 5, 1, 3), (5, 1, 4, 2, 3), (1, 4, 2, 3, 5)}
M(A) = 
[[5, 1, 3, 4, 2], [5, 1, 4, 2, 3], [5, 1, 4, 3, 2]]
Distance: 11
B = 
{(3, 1, 4, 2, 5), (3, 5, 1, 4, 2), (2, 5, 1, 4, 3), (3, 4, 5, 1, 2)}
M(B) = 
[[5, 1, 3, 4, 2], [5, 1, 4, 2, 3], [5, 1, 4, 3, 2]]
Distance: 12
M(A) inter A:
set()
M(B) inter B:
{(3, 5, 1, 4, 2)}

AUB = 
{(2, 4, 5, 1, 3), (2, 5, 1, 4, 3), (3, 4, 5, 1, 2), (3, 1, 4, 2, 5), (3, 5, 1, 4, 2), (5, 1, 4, 2, 3), (5, 1, 3, 4, 2), (1, 4, 2, 3, 5)}
M(AUB) = 
[[5, 1, 3, 4, 2], [5, 1, 4, 2, 3], [5, 1, 4, 3, 2]]
Distance:31

(56)
A = 
{(1, 5, 3, 2, 4), (4, 3, 5, 1, 2), (1, 3, 4, 5, 2), (4, 2, 5, 3, 1)}
M(A) = 
[[3, 1, 4, 5, 2], [3, 4, 1, 5, 2], [3, 4, 5, 1, 2], [4, 3, 1, 5, 2], [4, 3, 5, 1, 2]]
Distance: 15
B = 
{(4, 3, 5, 2, 1), (4, 3, 2, 1, 5), (1, 2, 3, 4, 5), (3, 5, 1, 4, 2)}
M(B) = 
[[3, 1, 4, 5, 2], [3, 4, 1, 5, 2], [3, 4, 5, 1, 2], [4, 3, 1, 5, 2], [4, 3, 5, 1, 2]]
Distance: 14
M(A) inter A:
{(4, 3, 5, 1, 2)}
M(B) inter B:
{(4, 3, 5, 2, 1), (4, 3, 2, 1, 5)}

AUB = 
{(4, 3, 5, 1, 2), (1, 5, 3, 2, 4), (3, 5, 1, 4, 2), (1, 2, 3, 4, 5), (1, 3, 4, 5, 2), (4, 3, 5, 2, 1), (4, 3, 2, 1, 5), (4, 2, 5, 3, 1)}
M(AUB) = 
[[3, 1, 4, 5, 2], [3, 4, 1, 5, 2], [3, 4, 5, 1, 2], [4, 3, 1, 5, 2], [4, 3, 5, 1, 2]]
Distance:29

(57)
A = 
{(3, 5, 2, 1, 4), (3, 4, 5, 2, 1), (4, 5, 3, 1, 2), (5, 4, 1, 2, 3)}
M(A) = 
[[5, 3, 4, 1, 2], [5, 3, 4, 2, 1]]
Distance: 12
B = 
{(5, 3, 2, 4, 1), (3, 5, 4, 1, 2), (5, 2, 4, 3, 1), (5, 3, 1, 4, 2)}
M(B) = 
[[5, 3, 4, 1, 2], [5, 3, 4, 2, 1]]
Distance: 8
M(A) inter A:
set()
M(B) inter B:
{(5, 3, 2, 4, 1)}

AUB = 
{(5, 4, 1, 2, 3), (5, 3, 1, 4, 2), (3, 5, 4, 1, 2), (5, 3, 2, 4, 1), (4, 5, 3, 1, 2), (3, 4, 5, 2, 1), (3, 5, 2, 1, 4), (5, 2, 4, 3, 1)}
M(AUB) = 
[[5, 3, 4, 1, 2], [5, 3, 4, 2, 1]]
Distance:20

(58)
A = 
{(4, 3, 5, 1, 2), (1, 2, 4, 3, 5), (1, 5, 4, 2, 3), (2, 4, 3, 5, 1)}
M(A) = 
[[1, 4, 3, 5, 2]]
Distance: 14
B = 
{(1, 3, 4, 5, 2), (3, 4, 5, 2, 1), (3, 5, 1, 4, 2), (1, 4, 3, 5, 2)}
M(B) = 
[[1, 4, 3, 5, 2]]
Distance: 8
M(A) inter A:
set()
M(B) inter B:
{(1, 3, 4, 5, 2)}

AUB = 
{(1, 5, 4, 2, 3), (3, 5, 1, 4, 2), (1, 2, 4, 3, 5), (1, 3, 4, 5, 2), (1, 4, 3, 5, 2), (4, 3, 5, 1, 2), (2, 4, 3, 5, 1), (3, 4, 5, 2, 1)}
M(AUB) = 
[[1, 4, 3, 5, 2]]
Distance:26

(59)
A = 
{(5, 4, 1, 2, 3), (2, 3, 1, 4, 5), (3, 2, 5, 1, 4), (1, 2, 3, 5, 4)}
M(A) = 
[[1, 2, 3, 4, 5], [1, 2, 4, 3, 5], [1, 4, 2, 3, 5], [2, 3, 1, 4, 5], [2, 3, 4, 1, 5], [2, 4, 3, 1, 5], [3, 1, 2, 4, 5], [3, 1, 4, 2, 5], [3, 4, 1, 2, 5], [4, 1, 2, 3, 5], [4, 2, 3, 1, 5], [4, 3, 1, 2, 5]]
Distance: 13
B = 
{(4, 1, 5, 2, 3), (4, 3, 1, 2, 5), (2, 4, 5, 3, 1), (3, 1, 4, 5, 2)}
M(B) = 
[[1, 2, 3, 4, 5], [1, 2, 4, 3, 5], [1, 4, 2, 3, 5], [2, 3, 1, 4, 5], [2, 3, 4, 1, 5], [2, 4, 3, 1, 5], [3, 1, 2, 4, 5], [3, 1, 4, 2, 5], [3, 4, 1, 2, 5], [4, 1, 2, 3, 5], [4, 2, 3, 1, 5], [4, 3, 1, 2, 5]]
Distance: 12
M(A) inter A:
set()
M(B) inter B:
{(4, 3, 1, 2, 5)}

AUB = 
{(5, 4, 1, 2, 3), (2, 3, 1, 4, 5), (3, 2, 5, 1, 4), (1, 2, 3, 5, 4), (4, 1, 5, 2, 3), (3, 1, 4, 5, 2), (4, 3, 1, 2, 5), (2, 4, 5, 3, 1)}
M(AUB) = 
[[1, 2, 3, 4, 5], [1, 2, 4, 3, 5], [1, 4, 2, 3, 5], [2, 3, 1, 4, 5], [2, 3, 4, 1, 5], [2, 4, 3, 1, 5], [3, 1, 2, 4, 5], [3, 1, 4, 2, 5], [3, 4, 1, 2, 5], [4, 1, 2, 3, 5], [4, 2, 3, 1, 5], [4, 3, 1, 2, 5]]
Distance:35

(60)
A = 
{(3, 5, 1, 2, 4), (3, 4, 1, 2, 5), (2, 3, 5, 4, 1), (1, 2, 3, 5, 4)}
M(A) = 
[[1, 2, 3, 5, 4], [1, 2, 5, 3, 4]]
Distance: 11
B = 
{(5, 1, 3, 2, 4), (1, 2, 4, 5, 3), (1, 5, 4, 2, 3), (1, 2, 5, 3, 4)}
M(B) = 
[[1, 2, 3, 5, 4], [1, 2, 5, 3, 4]]
Distance: 8
M(A) inter A:
set()
M(B) inter B:
{(1, 2, 5, 3, 4)}

AUB = 
{(1, 2, 4, 5, 3), (1, 5, 4, 2, 3), (1, 2, 5, 3, 4), (1, 2, 3, 5, 4), (3, 4, 1, 2, 5), (5, 1, 3, 2, 4), (2, 3, 5, 4, 1), (3, 5, 1, 2, 4)}
M(AUB) = 
[[1, 2, 3, 5, 4], [1, 2, 5, 3, 4]]
Distance:25

(61)
A = 
{(1, 5, 3, 4, 2), (3, 1, 2, 4, 5), (4, 1, 5, 2, 3), (4, 5, 1, 2, 3)}
M(A) = 
[[1, 5, 3, 4, 2], [1, 5, 4, 2, 3], [1, 5, 4, 3, 2]]
Distance: 12
B = 
{(1, 5, 4, 2, 3), (5, 2, 1, 4, 3), (3, 1, 5, 4, 2), (3, 5, 1, 4, 2)}
M(B) = 
[[1, 5, 3, 4, 2], [1, 5, 4, 2, 3], [1, 5, 4, 3, 2]]
Distance: 12
M(A) inter A:
{(1, 5, 3, 4, 2)}
M(B) inter B:
{(3, 1, 5, 4, 2), (1, 5, 4, 2, 3), (3, 5, 1, 4, 2)}

AUB = 
{(5, 2, 1, 4, 3), (1, 5, 4, 2, 3), (1, 5, 3, 4, 2), (3, 5, 1, 4, 2), (4, 5, 1, 2, 3), (3, 1, 2, 4, 5), (4, 1, 5, 2, 3), (3, 1, 5, 4, 2)}
M(AUB) = 
[[1, 5, 3, 4, 2], [1, 5, 4, 2, 3], [1, 5, 4, 3, 2]]
Distance:26

(62)
A = 
{(4, 1, 5, 2, 3), (2, 5, 4, 1, 3), (5, 4, 3, 2, 1), (4, 3, 5, 1, 2)}
M(A) = 
[[5, 4, 1, 2, 3], [5, 4, 1, 3, 2], [5, 4, 3, 1, 2]]
Distance: 12
B = 
{(5, 1, 4, 3, 2), (5, 2, 3, 4, 1), (3, 1, 4, 5, 2), (1, 2, 3, 5, 4)}
M(B) = 
[[5, 4, 1, 2, 3], [5, 4, 1, 3, 2], [5, 4, 3, 1, 2]]
Distance: 15
M(A) inter A:
set()
M(B) inter B:
set()

AUB = 
{(4, 3, 5, 1, 2), (1, 2, 3, 5, 4), (4, 1, 5, 2, 3), (2, 5, 4, 1, 3), (5, 1, 4, 3, 2), (3, 1, 4, 5, 2), (5, 4, 3, 2, 1), (5, 2, 3, 4, 1)}
M(AUB) = 
[[5, 4, 1, 2, 3], [5, 4, 1, 3, 2], [5, 4, 3, 1, 2]]
Distance:31

(63)
A = 
{(2, 3, 4, 5, 1), (1, 2, 4, 5, 3), (2, 3, 1, 4, 5), (5, 4, 2, 3, 1)}
M(A) = 
[[2, 4, 5, 3, 1], [4, 2, 5, 3, 1]]
Distance: 13
B = 
{(1, 5, 3, 4, 2), (1, 3, 2, 4, 5), (4, 5, 2, 3, 1), (4, 2, 5, 3, 1)}
M(B) = 
[[2, 4, 5, 3, 1], [4, 2, 5, 3, 1]]
Distance: 17
M(A) inter A:
set()
M(B) inter B:
{(4, 5, 2, 3, 1), (4, 2, 5, 3, 1)}

AUB = 
{(1, 3, 2, 4, 5), (1, 2, 4, 5, 3), (2, 3, 1, 4, 5), (1, 5, 3, 4, 2), (2, 3, 4, 5, 1), (4, 5, 2, 3, 1), (5, 4, 2, 3, 1), (4, 2, 5, 3, 1)}
M(AUB) = 
[[2, 4, 5, 3, 1], [4, 2, 5, 3, 1]]
Distance:32

(64)
A = 
{(2, 4, 5, 3, 1), (3, 1, 4, 5, 2), (1, 2, 4, 3, 5), (5, 2, 4, 3, 1)}
M(A) = 
[[5, 1, 2, 3, 4], [5, 1, 2, 4, 3]]
Distance: 15
B = 
{(5, 1, 2, 3, 4), (5, 1, 2, 4, 3), (3, 4, 2, 5, 1), (1, 3, 2, 5, 4)}
M(B) = 
[[5, 1, 2, 3, 4], [5, 1, 2, 4, 3]]
Distance: 13
M(A) inter A:
set()
M(B) inter B:
{(5, 1, 2, 3, 4)}

AUB = 
{(3, 4, 2, 5, 1), (1, 2, 4, 3, 5), (5, 1, 2, 4, 3), (5, 1, 2, 3, 4), (3, 1, 4, 5, 2), (2, 4, 5, 3, 1), (1, 3, 2, 5, 4), (5, 2, 4, 3, 1)}
M(AUB) = 
[[5, 1, 2, 3, 4], [5, 1, 2, 4, 3]]
Distance:34

(65)
A = 
{(4, 2, 3, 5, 1), (4, 5, 1, 3, 2), (5, 4, 3, 1, 2), (1, 2, 3, 5, 4)}
M(A) = 
[[4, 2, 3, 1, 5], [4, 2, 3, 5, 1], [4, 3, 1, 2, 5], [4, 3, 2, 1, 5], [4, 3, 2, 5, 1]]
Distance: 15
B = 
{(4, 3, 5, 2, 1), (4, 3, 1, 2, 5), (2, 1, 5, 4, 3), (2, 3, 1, 5, 4)}
M(B) = 
[[4, 2, 3, 1, 5], [4, 2, 3, 5, 1], [4, 3, 1, 2, 5], [4, 3, 2, 1, 5], [4, 3, 2, 5, 1]]
Distance: 14
M(A) inter A:
set()
M(B) inter B:
set()

AUB = 
{(2, 1, 5, 4, 3), (5, 4, 3, 1, 2), (1, 2, 3, 5, 4), (4, 3, 5, 2, 1), (2, 3, 1, 5, 4), (4, 5, 1, 3, 2), (4, 3, 1, 2, 5), (4, 2, 3, 5, 1)}
M(AUB) = 
[[4, 2, 3, 1, 5], [4, 2, 3, 5, 1], [4, 3, 1, 2, 5], [4, 3, 2, 1, 5], [4, 3, 2, 5, 1]]
Distance:33

(66)
A = 
{(3, 2, 1, 4, 5), (2, 1, 3, 4, 5), (5, 4, 2, 3, 1), (4, 2, 3, 1, 5)}
M(A) = 
[[2, 1, 3, 4, 5], [2, 1, 4, 3, 5], [2, 4, 1, 3, 5], [4, 2, 1, 3, 5]]
Distance: 12
B = 
{(5, 1, 3, 4, 2), (2, 1, 3, 5, 4), (2, 4, 1, 3, 5), (4, 2, 1, 5, 3)}
M(B) = 
[[2, 1, 3, 4, 5], [2, 1, 4, 3, 5], [2, 4, 1, 3, 5], [4, 2, 1, 3, 5]]
Distance: 14
M(A) inter A:
{(2, 1, 3, 4, 5)}
M(B) inter B:
{(2, 1, 3, 5, 4), (2, 4, 1, 3, 5), (4, 2, 1, 5, 3)}

AUB = 
{(4, 2, 1, 5, 3), (2, 1, 3, 5, 4), (3, 2, 1, 4, 5), (4, 2, 3, 1, 5), (5, 1, 3, 4, 2), (5, 4, 2, 3, 1), (2, 1, 3, 4, 5), (2, 4, 1, 3, 5)}
M(AUB) = 
[[2, 1, 3, 4, 5], [2, 1, 4, 3, 5], [2, 4, 1, 3, 5], [4, 2, 1, 3, 5]]
Distance:28

(67)
A = 
{(3, 5, 2, 4, 1), (1, 5, 4, 2, 3), (1, 3, 5, 2, 4), (1, 4, 5, 3, 2)}
M(A) = 
[[1, 3, 5, 2, 4], [1, 5, 3, 2, 4]]
Distance: 12
B = 
{(1, 5, 2, 3, 4), (4, 1, 3, 2, 5), (2, 4, 3, 1, 5), (5, 3, 2, 1, 4)}
M(B) = 
[[1, 3, 5, 2, 4], [1, 5, 3, 2, 4]]
Distance: 18
M(A) inter A:
{(1, 3, 5, 2, 4)}
M(B) inter B:
{(1, 5, 2, 3, 4), (2, 4, 3, 1, 5)}

AUB = 
{(4, 1, 3, 2, 5), (1, 5, 4, 2, 3), (1, 5, 2, 3, 4), (5, 3, 2, 1, 4), (2, 4, 3, 1, 5), (3, 5, 2, 4, 1), (1, 4, 5, 3, 2), (1, 3, 5, 2, 4)}
M(AUB) = 
[[1, 3, 5, 2, 4], [1, 5, 3, 2, 4]]
Distance:30

(68)
A = 
{(2, 5, 1, 3, 4), (2, 1, 4, 3, 5), (1, 4, 5, 2, 3), (1, 3, 4, 5, 2)}
M(A) = 
[[1, 4, 2, 3, 5], [1, 4, 2, 5, 3], [1, 4, 5, 2, 3]]
Distance: 13
B = 
{(1, 4, 2, 3, 5), (4, 5, 1, 3, 2), (2, 4, 5, 1, 3), (3, 4, 1, 5, 2)}
M(B) = 
[[1, 4, 2, 3, 5], [1, 4, 2, 5, 3], [1, 4, 5, 2, 3]]
Distance: 13
M(A) inter A:
set()
M(B) inter B:
{(4, 5, 1, 3, 2)}

AUB = 
{(2, 4, 5, 1, 3), (3, 4, 1, 5, 2), (1, 3, 4, 5, 2), (2, 5, 1, 3, 4), (1, 4, 5, 2, 3), (4, 5, 1, 3, 2), (1, 4, 2, 3, 5), (2, 1, 4, 3, 5)}
M(AUB) = 
[[1, 4, 2, 3, 5], [1, 4, 2, 5, 3], [1, 4, 5, 2, 3]]
Distance:28

(69)
A = 
{(3, 1, 2, 5, 4), (1, 2, 4, 5, 3), (2, 5, 4, 1, 3), (5, 2, 4, 1, 3)}
M(A) = 
[[2, 5, 4, 3, 1]]
Distance: 12
B = 
{(2, 4, 3, 1, 5), (5, 2, 3, 4, 1), (3, 5, 2, 1, 4), (5, 2, 4, 1, 3)}
M(B) = 
[[2, 5, 4, 3, 1]]
Distance: 10
M(A) inter A:
set()
M(B) inter B:
{(5, 2, 3, 4, 1)}

AUB = 
{(1, 2, 4, 5, 3), (3, 1, 2, 5, 4), (2, 4, 3, 1, 5), (2, 5, 4, 1, 3), (5, 2, 4, 1, 3), (5, 2, 3, 4, 1), (3, 5, 2, 1, 4)}
M(AUB) = 
[[2, 5, 4, 3, 1]]
Distance:24

(70)
A = 
{(3, 5, 4, 1, 2), (1, 3, 5, 4, 2), (3, 4, 2, 5, 1), (5, 3, 1, 4, 2)}
M(A) = 
[[3, 4, 5, 1, 2], [3, 5, 1, 4, 2], [3, 5, 4, 1, 2], [5, 1, 3, 4, 2], [5, 3, 1, 4, 2], [5, 3, 4, 1, 2]]
Distance: 8
B = 
{(4, 5, 2, 1, 3), (1, 3, 4, 5, 2), (1, 4, 5, 2, 3), (2, 5, 3, 4, 1)}
M(B) = 
[[3, 4, 5, 1, 2], [3, 5, 1, 4, 2], [3, 5, 4, 1, 2], [5, 1, 3, 4, 2], [5, 3, 1, 4, 2], [5, 3, 4, 1, 2]]
Distance: 14
M(A) inter A:
set()
M(B) inter B:
{(4, 5, 2, 1, 3), (1, 4, 5, 2, 3)}

AUB = 
{(3, 5, 4, 1, 2), (1, 3, 5, 4, 2), (4, 5, 2, 1, 3), (1, 4, 5, 2, 3), (2, 5, 3, 4, 1), (5, 3, 1, 4, 2), (1, 3, 4, 5, 2), (3, 4, 2, 5, 1)}
M(AUB) = 
[[3, 4, 5, 1, 2], [3, 5, 1, 4, 2], [3, 5, 4, 1, 2], [5, 1, 3, 4, 2], [5, 3, 1, 4, 2], [5, 3, 4, 1, 2]]
Distance:30

(71)
A = 
{(3, 1, 4, 2, 5), (4, 5, 3, 1, 2), (5, 1, 2, 4, 3), (5, 1, 2, 3, 4)}
M(A) = 
[[4, 5, 1, 2, 3], [4, 5, 2, 1, 3], [4, 5, 2, 3, 1], [5, 1, 2, 4, 3], [5, 1, 4, 2, 3], [5, 2, 1, 4, 3], [5, 2, 4, 1, 3], [5, 2, 4, 3, 1], [5, 4, 1, 2, 3], [5, 4, 2, 1, 3], [5, 4, 2, 3, 1]]
Distance: 14
B = 
{(4, 5, 3, 2, 1), (2, 5, 1, 3, 4), (2, 4, 3, 5, 1), (5, 4, 2, 1, 3)}
M(B) = 
[[4, 5, 1, 2, 3], [4, 5, 2, 1, 3], [4, 5, 2, 3, 1], [5, 1, 2, 4, 3], [5, 1, 4, 2, 3], [5, 2, 1, 4, 3], [5, 2, 4, 1, 3], [5, 2, 4, 3, 1], [5, 4, 1, 2, 3], [5, 4, 2, 1, 3], [5, 4, 2, 3, 1]]
Distance: 12
M(A) inter A:
set()
M(B) inter B:
{(5, 4, 2, 1, 3)}

AUB = 
{(2, 5, 1, 3, 4), (5, 4, 2, 1, 3), (3, 1, 4, 2, 5), (5, 1, 2, 4, 3), (5, 1, 2, 3, 4), (4, 5, 3, 1, 2), (4, 5, 3, 2, 1), (2, 4, 3, 5, 1)}
M(AUB) = 
[[4, 5, 1, 2, 3], [4, 5, 2, 1, 3], [4, 5, 2, 3, 1], [5, 1, 2, 4, 3], [5, 1, 4, 2, 3], [5, 2, 1, 4, 3], [5, 2, 4, 1, 3], [5, 2, 4, 3, 1], [5, 4, 1, 2, 3], [5, 4, 2, 1, 3], [5, 4, 2, 3, 1]]
Distance:32

(72)
A = 
{(4, 3, 5, 2, 1), (4, 5, 3, 1, 2), (5, 4, 3, 2, 1), (1, 3, 5, 2, 4)}
M(A) = 
[[3, 4, 1, 5, 2], [3, 4, 5, 1, 2], [3, 5, 4, 1, 2]]
Distance: 11
B = 
{(1, 5, 2, 3, 4), (3, 4, 1, 2, 5), (2, 3, 4, 5, 1), (1, 2, 3, 5, 4)}
M(B) = 
[[3, 4, 1, 5, 2], [3, 4, 5, 1, 2], [3, 5, 4, 1, 2]]
Distance: 12
M(A) inter A:
set()
M(B) inter B:
{(1, 2, 3, 5, 4)}

AUB = 
{(1, 2, 3, 5, 4), (4, 3, 5, 2, 1), (3, 4, 1, 2, 5), (1, 5, 2, 3, 4), (4, 5, 3, 1, 2), (2, 3, 4, 5, 1), (5, 4, 3, 2, 1), (1, 3, 5, 2, 4)}
M(AUB) = 
[[3, 4, 1, 5, 2], [3, 4, 5, 1, 2], [3, 5, 4, 1, 2]]
Distance:33

(73)
A = 
{(4, 5, 1, 2, 3), (4, 1, 2, 3, 5), (5, 2, 4, 1, 3), (2, 1, 4, 5, 3)}
M(A) = 
[[1, 2, 4, 5, 3], [1, 2, 5, 4, 3], [1, 4, 2, 5, 3], [1, 4, 5, 2, 3], [1, 5, 2, 4, 3], [1, 5, 4, 2, 3], [2, 1, 4, 5, 3], [2, 1, 5, 4, 3], [2, 4, 1, 5, 3], [4, 1, 2, 5, 3], [4, 1, 5, 2, 3], [4, 2, 1, 5, 3]]
Distance: 11
B = 
{(3, 1, 2, 5, 4), (3, 4, 2, 1, 5), (1, 5, 4, 2, 3), (5, 2, 3, 1, 4)}
M(B) = 
[[1, 2, 4, 5, 3], [1, 2, 5, 4, 3], [1, 4, 2, 5, 3], [1, 4, 5, 2, 3], [1, 5, 2, 4, 3], [1, 5, 4, 2, 3], [2, 1, 4, 5, 3], [2, 1, 5, 4, 3], [2, 4, 1, 5, 3], [4, 1, 2, 5, 3], [4, 1, 5, 2, 3], [4, 2, 1, 5, 3]]
Distance: 15
M(A) inter A:
set()
M(B) inter B:
{(3, 1, 2, 5, 4)}

AUB = 
{(4, 1, 2, 3, 5), (5, 2, 4, 1, 3), (2, 1, 4, 5, 3), (5, 2, 3, 1, 4), (1, 5, 4, 2, 3), (3, 4, 2, 1, 5), (4, 5, 1, 2, 3), (3, 1, 2, 5, 4)}
M(AUB) = 
[[1, 2, 4, 5, 3], [1, 2, 5, 4, 3], [1, 4, 2, 5, 3], [1, 4, 5, 2, 3], [1, 5, 2, 4, 3], [1, 5, 4, 2, 3], [2, 1, 4, 5, 3], [2, 1, 5, 4, 3], [2, 4, 1, 5, 3], [4, 1, 2, 5, 3], [4, 1, 5, 2, 3], [4, 2, 1, 5, 3]]
Distance:34

(74)
A = 
{(1, 3, 5, 2, 4), (2, 3, 1, 4, 5), (2, 4, 3, 5, 1), (1, 3, 2, 5, 4)}
M(A) = 
[[2, 3, 1, 4, 5], [3, 1, 2, 4, 5], [3, 2, 1, 4, 5]]
Distance: 12
B = 
{(3, 1, 2, 4, 5), (3, 2, 4, 5, 1), (2, 4, 5, 3, 1), (1, 2, 3, 4, 5)}
M(B) = 
[[2, 3, 1, 4, 5], [3, 1, 2, 4, 5], [3, 2, 1, 4, 5]]
Distance: 11
M(A) inter A:
{(2, 3, 1, 4, 5)}
M(B) inter B:
{(3, 1, 2, 4, 5), (3, 2, 4, 5, 1)}

AUB = 
{(2, 3, 1, 4, 5), (3, 1, 2, 4, 5), (1, 3, 5, 2, 4), (1, 2, 3, 4, 5), (2, 4, 5, 3, 1), (2, 4, 3, 5, 1), (1, 3, 2, 5, 4), (3, 2, 4, 5, 1)}
M(AUB) = 
[[2, 3, 1, 4, 5], [3, 1, 2, 4, 5], [3, 2, 1, 4, 5]]
Distance:23

(75)
A = 
{(3, 4, 2, 5, 1), (1, 2, 4, 3, 5), (1, 4, 3, 5, 2), (3, 2, 5, 1, 4)}
M(A) = 
[[1, 2, 4, 3, 5], [2, 1, 4, 3, 5], [2, 4, 1, 3, 5]]
Distance: 14
B = 
{(4, 1, 5, 2, 3), (5, 1, 2, 4, 3), (5, 2, 4, 1, 3), (2, 3, 4, 1, 5)}
M(B) = 
[[1, 2, 4, 3, 5], [2, 1, 4, 3, 5], [2, 4, 1, 3, 5]]
Distance: 12
M(A) inter A:
set()
M(B) inter B:
{(5, 2, 4, 1, 3)}

AUB = 
{(5, 2, 4, 1, 3), (2, 3, 4, 1, 5), (3, 2, 5, 1, 4), (4, 1, 5, 2, 3), (1, 2, 4, 3, 5), (5, 1, 2, 4, 3), (1, 4, 3, 5, 2), (3, 4, 2, 5, 1)}
M(AUB) = 
[[1, 2, 4, 3, 5], [2, 1, 4, 3, 5], [2, 4, 1, 3, 5]]
Distance:34

(76)
A = 
{(4, 3, 2, 1, 5), (1, 5, 2, 3, 4), (2, 4, 1, 3, 5), (2, 5, 4, 3, 1)}
M(A) = 
[[2, 4, 1, 3, 5], [2, 4, 1, 5, 3], [2, 4, 3, 1, 5], [4, 2, 1, 3, 5], [4, 2, 1, 5, 3], [4, 2, 3, 1, 5]]
Distance: 13
B = 
{(3, 5, 4, 2, 1), (4, 5, 2, 3, 1), (1, 4, 5, 2, 3), (2, 1, 4, 3, 5)}
M(B) = 
[[2, 4, 1, 3, 5], [2, 4, 1, 5, 3], [2, 4, 3, 1, 5], [4, 2, 1, 3, 5], [4, 2, 1, 5, 3], [4, 2, 3, 1, 5]]
Distance: 14
M(A) inter A:
set()
M(B) inter B:
{(4, 5, 2, 3, 1)}

AUB = 
{(1, 5, 2, 3, 4), (2, 4, 1, 3, 5), (3, 5, 4, 2, 1), (4, 5, 2, 3, 1), (1, 4, 5, 2, 3), (2, 5, 4, 3, 1), (4, 3, 2, 1, 5), (2, 1, 4, 3, 5)}
M(AUB) = 
[[2, 4, 1, 3, 5], [2, 4, 1, 5, 3], [2, 4, 3, 1, 5], [4, 2, 1, 3, 5], [4, 2, 1, 5, 3], [4, 2, 3, 1, 5]]
Distance:31

(77)
A = 
{(3, 5, 2, 4, 1), (2, 3, 4, 1, 5), (3, 2, 4, 1, 5), (1, 3, 2, 5, 4)}
M(A) = 
[[3, 2, 4, 1, 5]]
Distance: 8
B = 
{(1, 5, 3, 4, 2), (5, 3, 1, 4, 2), (2, 4, 3, 1, 5), (4, 5, 1, 3, 2)}
M(B) = 
[[3, 2, 4, 1, 5]]
Distance: 15
M(A) inter A:
set()
M(B) inter B:
{(1, 5, 3, 4, 2), (4, 5, 1, 3, 2), (5, 3, 1, 4, 2)}

AUB = 
{(2, 3, 4, 1, 5), (1, 5, 3, 4, 2), (3, 2, 4, 1, 5), (5, 3, 1, 4, 2), (3, 5, 2, 4, 1), (4, 5, 1, 3, 2), (1, 3, 2, 5, 4), (2, 4, 3, 1, 5)}
M(AUB) = 
[[3, 2, 4, 1, 5]]
Distance:31

(78)
A = 
{(5, 1, 3, 2, 4), (5, 1, 4, 3, 2), (2, 5, 1, 3, 4), (1, 3, 2, 5, 4)}
M(A) = 
[[1, 5, 3, 2, 4], [5, 1, 3, 2, 4]]
Distance: 8
B = 
{(1, 5, 3, 4, 2), (5, 2, 4, 3, 1), (1, 4, 3, 5, 2), (1, 2, 3, 5, 4)}
M(B) = 
[[1, 5, 3, 2, 4], [5, 1, 3, 2, 4]]
Distance: 14
M(A) inter A:
set()
M(B) inter B:
{(1, 5, 3, 4, 2)}

AUB = 
{(5, 1, 4, 3, 2), (1, 2, 3, 5, 4), (1, 5, 3, 4, 2), (2, 5, 1, 3, 4), (5, 1, 3, 2, 4), (1, 4, 3, 5, 2), (5, 2, 4, 3, 1), (1, 3, 2, 5, 4)}
M(AUB) = 
[[1, 5, 3, 2, 4], [5, 1, 3, 2, 4]]
Distance:24

(79)
A = 
{(2, 3, 1, 5, 4), (3, 5, 4, 1, 2), (5, 2, 4, 1, 3), (2, 5, 4, 3, 1)}
M(A) = 
[[2, 5, 4, 3, 1], [5, 2, 4, 3, 1]]
Distance: 12
B = 
{(3, 1, 4, 2, 5), (4, 3, 5, 1, 2), (2, 4, 5, 1, 3), (5, 1, 2, 4, 3)}
M(B) = 
[[2, 5, 4, 3, 1], [5, 2, 4, 3, 1]]
Distance: 16
M(A) inter A:
set()
M(B) inter B:
{(4, 3, 5, 1, 2)}

AUB = 
{(5, 2, 4, 1, 3), (4, 3, 5, 1, 2), (3, 1, 4, 2, 5), (5, 1, 2, 4, 3), (3, 5, 4, 1, 2), (2, 4, 5, 1, 3), (2, 3, 1, 5, 4), (2, 5, 4, 3, 1)}
M(AUB) = 
[[2, 5, 4, 3, 1], [5, 2, 4, 3, 1]]
Distance:32

(80)
A = 
{(3, 1, 2, 5, 4), (1, 2, 4, 3, 5), (1, 5, 2, 4, 3), (4, 2, 3, 1, 5)}
M(A) = 
[[1, 3, 2, 5, 4], [1, 3, 5, 2, 4], [1, 3, 5, 4, 2], [3, 1, 2, 5, 4], [3, 1, 5, 2, 4], [3, 1, 5, 4, 2]]
Distance: 11
B = 
{(1, 5, 3, 4, 2), (3, 2, 1, 4, 5), (3, 5, 4, 1, 2), (5, 4, 1, 3, 2)}
M(B) = 
[[1, 3, 2, 5, 4], [1, 3, 5, 2, 4], [1, 3, 5, 4, 2], [3, 1, 2, 5, 4], [3, 1, 5, 2, 4], [3, 1, 5, 4, 2]]
Distance: 13
M(A) inter A:
set()
M(B) inter B:
{(1, 5, 3, 4, 2), (3, 5, 4, 1, 2)}

AUB = 
{(1, 5, 2, 4, 3), (5, 4, 1, 3, 2), (1, 5, 3, 4, 2), (1, 2, 4, 3, 5), (3, 5, 4, 1, 2), (4, 2, 3, 1, 5), (3, 1, 2, 5, 4), (3, 2, 1, 4, 5)}
M(AUB) = 
[[1, 3, 2, 5, 4], [1, 3, 5, 2, 4], [1, 3, 5, 4, 2], [3, 1, 2, 5, 4], [3, 1, 5, 2, 4], [3, 1, 5, 4, 2]]
Distance:32

(81)
A = 
{(5, 1, 4, 3, 2), (2, 1, 3, 4, 5), (3, 5, 4, 1, 2), (1, 3, 5, 4, 2)}
M(A) = 
[[5, 1, 3, 2, 4], [5, 1, 3, 4, 2]]
Distance: 11
B = 
{(4, 1, 5, 2, 3), (5, 3, 2, 4, 1), (2, 5, 1, 3, 4), (3, 5, 1, 2, 4)}
M(B) = 
[[5, 1, 3, 2, 4], [5, 1, 3, 4, 2]]
Distance: 14
M(A) inter A:
set()
M(B) inter B:
{(5, 3, 2, 4, 1)}

AUB = 
{(5, 3, 2, 4, 1), (3, 5, 1, 2, 4), (4, 1, 5, 2, 3), (1, 3, 5, 4, 2), (2, 5, 1, 3, 4), (3, 5, 4, 1, 2), (5, 1, 4, 3, 2), (2, 1, 3, 4, 5)}
M(AUB) = 
[[5, 1, 3, 2, 4], [5, 1, 3, 4, 2]]
Distance:29

(82)
A = 
{(2, 3, 1, 5, 4), (4, 1, 5, 2, 3), (2, 4, 1, 5, 3), (1, 3, 2, 5, 4)}
M(A) = 
[[1, 2, 3, 5, 4], [1, 2, 5, 3, 4], [1, 2, 5, 4, 3], [2, 1, 3, 5, 4], [2, 1, 5, 3, 4], [2, 1, 5, 4, 3]]
Distance: 14
B = 
{(4, 1, 3, 2, 5), (2, 5, 3, 1, 4), (3, 2, 5, 4, 1), (1, 5, 2, 4, 3)}
M(B) = 
[[1, 2, 3, 5, 4], [1, 2, 5, 3, 4], [1, 2, 5, 4, 3], [2, 1, 3, 5, 4], [2, 1, 5, 3, 4], [2, 1, 5, 4, 3]]
Distance: 17
M(A) inter A:
{(2, 3, 1, 5, 4), (1, 3, 2, 5, 4)}
M(B) inter B:
{(2, 5, 3, 1, 4), (3, 2, 5, 4, 1)}

AUB = 
{(4, 1, 3, 2, 5), (2, 5, 3, 1, 4), (2, 4, 1, 5, 3), (1, 5, 2, 4, 3), (4, 1, 5, 2, 3), (2, 3, 1, 5, 4), (3, 2, 5, 4, 1), (1, 3, 2, 5, 4)}
M(AUB) = 
[[1, 2, 3, 5, 4], [1, 2, 5, 3, 4], [1, 2, 5, 4, 3], [2, 1, 3, 5, 4], [2, 1, 5, 3, 4], [2, 1, 5, 4, 3]]
Distance:31

(83)
A = 
{(2, 1, 3, 5, 4), (2, 4, 1, 3, 5), (1, 3, 2, 5, 4), (3, 2, 4, 5, 1)}
M(A) = 
[[2, 4, 1, 3, 5]]
Distance: 10
B = 
{(4, 1, 3, 2, 5), (4, 3, 2, 5, 1), (2, 4, 5, 3, 1), (2, 1, 5, 4, 3)}
M(B) = 
[[2, 4, 1, 3, 5]]
Distance: 13
M(A) inter A:
{(2, 4, 1, 3, 5)}
M(B) inter B:
{(4, 3, 2, 5, 1), (2, 4, 5, 3, 1)}

AUB = 
{(4, 1, 3, 2, 5), (2, 1, 5, 4, 3), (2, 1, 3, 5, 4), (2, 4, 1, 3, 5), (4, 3, 2, 5, 1), (3, 2, 4, 5, 1), (1, 3, 2, 5, 4), (2, 4, 5, 3, 1)}
M(AUB) = 
[[2, 4, 1, 3, 5]]
Distance:25

(84)
A = 
{(4, 3, 5, 2, 1), (3, 4, 1, 2, 5), (2, 5, 3, 4, 1), (1, 2, 3, 4, 5)}
M(A) = 
[[4, 1, 2, 3, 5], [4, 1, 2, 5, 3], [4, 1, 3, 2, 5], [4, 1, 3, 5, 2], [4, 1, 5, 2, 3], [4, 1, 5, 3, 2], [4, 5, 1, 2, 3], [4, 5, 1, 3, 2]]
Distance: 14
B = 
{(4, 1, 2, 5, 3), (5, 1, 4, 3, 2), (5, 4, 1, 2, 3), (1, 3, 4, 5, 2)}
M(B) = 
[[4, 1, 2, 3, 5], [4, 1, 2, 5, 3], [4, 1, 3, 2, 5], [4, 1, 3, 5, 2], [4, 1, 5, 2, 3], [4, 1, 5, 3, 2], [4, 5, 1, 2, 3], [4, 5, 1, 3, 2]]
Distance: 11
M(A) inter A:
set()
M(B) inter B:
{(5, 1, 4, 3, 2), (5, 4, 1, 2, 3)}

AUB = 
{(5, 4, 1, 2, 3), (4, 3, 5, 2, 1), (3, 4, 1, 2, 5), (1, 3, 4, 5, 2), (5, 1, 4, 3, 2), (4, 1, 2, 5, 3), (2, 5, 3, 4, 1), (1, 2, 3, 4, 5)}
M(AUB) = 
[[4, 1, 2, 3, 5], [4, 1, 2, 5, 3], [4, 1, 3, 2, 5], [4, 1, 3, 5, 2], [4, 1, 5, 2, 3], [4, 1, 5, 3, 2], [4, 5, 1, 2, 3], [4, 5, 1, 3, 2]]
Distance:33

(85)
A = 
{(4, 1, 5, 2, 3), (1, 3, 4, 2, 5), (5, 2, 1, 4, 3), (2, 5, 4, 3, 1)}
M(A) = 
[[1, 4, 2, 5, 3]]
Distance: 16
B = 
{(2, 1, 3, 5, 4), (1, 4, 2, 3, 5), (4, 1, 5, 3, 2), (1, 4, 2, 5, 3)}
M(B) = 
[[1, 4, 2, 5, 3]]
Distance: 9
M(A) inter A:
set()
M(B) inter B:
{(1, 4, 2, 3, 5), (1, 4, 2, 5, 3)}

AUB = 
{(1, 3, 4, 2, 5), (5, 2, 1, 4, 3), (4, 1, 5, 2, 3), (4, 1, 5, 3, 2), (2, 1, 3, 5, 4), (1, 4, 2, 5, 3), (2, 5, 4, 3, 1), (1, 4, 2, 3, 5)}
M(AUB) = 
[[1, 4, 2, 5, 3]]
Distance:25

(86)
A = 
{(4, 3, 2, 1, 5), (2, 1, 3, 5, 4), (1, 5, 4, 3, 2), (3, 2, 1, 5, 4)}
M(A) = 
[[3, 5, 2, 1, 4], [5, 3, 2, 1, 4]]
Distance: 12
B = 
{(5, 1, 4, 2, 3), (5, 2, 4, 1, 3), (3, 5, 2, 1, 4), (5, 3, 2, 1, 4)}
M(B) = 
[[3, 5, 2, 1, 4], [5, 3, 2, 1, 4]]
Distance: 10
M(A) inter A:
set()
M(B) inter B:
{(5, 3, 2, 1, 4)}

AUB = 
{(5, 2, 4, 1, 3), (3, 2, 1, 5, 4), (2, 1, 3, 5, 4), (5, 3, 2, 1, 4), (5, 1, 4, 2, 3), (1, 5, 4, 3, 2), (4, 3, 2, 1, 5), (3, 5, 2, 1, 4)}
M(AUB) = 
[[3, 5, 2, 1, 4], [5, 3, 2, 1, 4]]
Distance:30

(87)
A = 
{(3, 5, 2, 4, 1), (2, 3, 5, 4, 1), (3, 2, 5, 4, 1), (4, 3, 1, 5, 2)}
M(A) = 
[[3, 2, 5, 1, 4], [3, 2, 5, 4, 1], [3, 5, 1, 2, 4], [3, 5, 2, 1, 4], [3, 5, 2, 4, 1]]
Distance: 8
B = 
{(2, 3, 5, 1, 4), (3, 5, 1, 4, 2), (3, 1, 5, 2, 4), (3, 1, 2, 4, 5)}
M(B) = 
[[3, 2, 5, 1, 4], [3, 2, 5, 4, 1], [3, 5, 1, 2, 4], [3, 5, 2, 1, 4], [3, 5, 2, 4, 1]]
Distance: 8
M(A) inter A:
set()
M(B) inter B:
{(3, 1, 5, 2, 4)}

AUB = 
{(2, 3, 5, 1, 4), (4, 3, 1, 5, 2), (3, 1, 2, 4, 5), (3, 5, 1, 4, 2), (3, 5, 2, 4, 1), (2, 3, 5, 4, 1), (3, 1, 5, 2, 4), (3, 2, 5, 4, 1)}
M(AUB) = 
[[3, 2, 5, 1, 4], [3, 2, 5, 4, 1], [3, 5, 1, 2, 4], [3, 5, 2, 1, 4], [3, 5, 2, 4, 1]]
Distance:22

(88)
A = 
{(1, 3, 2, 4, 5), (2, 4, 1, 5, 3), (3, 1, 2, 5, 4), (3, 4, 5, 1, 2)}
M(A) = 
[[1, 2, 3, 4, 5], [1, 2, 3, 5, 4], [2, 1, 3, 4, 5], [2, 1, 3, 5, 4], [2, 3, 1, 4, 5], [2, 3, 1, 5, 4], [2, 3, 4, 1, 5]]
Distance: 12
B = 
{(2, 5, 4, 3, 1), (2, 1, 4, 3, 5), (2, 5, 3, 4, 1), (1, 2, 3, 5, 4)}
M(B) = 
[[1, 2, 3, 4, 5], [1, 2, 3, 5, 4], [2, 1, 3, 4, 5], [2, 1, 3, 5, 4], [2, 3, 1, 4, 5], [2, 3, 1, 5, 4], [2, 3, 4, 1, 5]]
Distance: 12
M(A) inter A:
set()
M(B) inter B:
{(2, 5, 3, 4, 1), (2, 5, 4, 3, 1)}

AUB = 
{(1, 3, 2, 4, 5), (2, 4, 1, 5, 3), (3, 1, 2, 5, 4), (1, 2, 3, 5, 4), (3, 4, 5, 1, 2), (2, 5, 4, 3, 1), (2, 5, 3, 4, 1), (2, 1, 4, 3, 5)}
M(AUB) = 
[[1, 2, 3, 4, 5], [1, 2, 3, 5, 4], [2, 1, 3, 4, 5], [2, 1, 3, 5, 4], [2, 3, 1, 4, 5], [2, 3, 1, 5, 4], [2, 3, 4, 1, 5]]
Distance:30

(89)
A = 
{(5, 3, 2, 4, 1), (2, 1, 5, 3, 4), (3, 4, 1, 2, 5), (2, 5, 4, 3, 1)}
M(A) = 
[[2, 5, 3, 4, 1], [2, 5, 4, 3, 1]]
Distance: 12
B = 
{(2, 3, 5, 1, 4), (4, 3, 1, 2, 5), (2, 4, 1, 5, 3), (2, 1, 5, 4, 3)}
M(B) = 
[[2, 5, 3, 4, 1], [2, 5, 4, 3, 1]]
Distance: 13
M(A) inter A:
set()
M(B) inter B:
{(2, 4, 1, 5, 3), (2, 1, 5, 4, 3)}

AUB = 
{(2, 3, 5, 1, 4), (2, 4, 1, 5, 3), (2, 1, 5, 4, 3), (2, 1, 5, 3, 4), (3, 4, 1, 2, 5), (5, 3, 2, 4, 1), (2, 5, 4, 3, 1), (4, 3, 1, 2, 5)}
M(AUB) = 
[[2, 5, 3, 4, 1], [2, 5, 4, 3, 1]]
Distance:29

(90)
A = 
{(5, 1, 4, 3, 2), (5, 3, 4, 1, 2), (2, 3, 1, 4, 5), (2, 1, 5, 4, 3)}
M(A) = 
[[2, 1, 4, 5, 3], [2, 4, 1, 5, 3]]
Distance: 17
B = 
{(2, 4, 5, 3, 1), (2, 4, 1, 3, 5), (1, 4, 5, 2, 3), (3, 2, 4, 1, 5)}
M(B) = 
[[2, 1, 4, 5, 3], [2, 4, 1, 5, 3]]
Distance: 11
M(A) inter A:
set()
M(B) inter B:
{(2, 4, 1, 3, 5)}

AUB = 
{(2, 3, 1, 4, 5), (2, 4, 1, 3, 5), (5, 3, 4, 1, 2), (5, 1, 4, 3, 2), (1, 4, 5, 2, 3), (2, 1, 5, 4, 3), (2, 4, 5, 3, 1), (3, 2, 4, 1, 5)}
M(AUB) = 
[[2, 1, 4, 5, 3], [2, 4, 1, 5, 3]]
Distance:32

(91)
A = 
{(5, 1, 2, 4, 3), (1, 4, 5, 2, 3), (3, 5, 1, 4, 2), (5, 4, 1, 3, 2)}
M(A) = 
[[1, 3, 4, 5, 2], [1, 3, 5, 4, 2]]
Distance: 9
B = 
{(1, 3, 4, 2, 5), (1, 3, 5, 4, 2), (3, 4, 1, 2, 5), (3, 1, 4, 5, 2)}
M(B) = 
[[1, 3, 4, 5, 2], [1, 3, 5, 4, 2]]
Distance: 6
M(A) inter A:
set()
M(B) inter B:
{(1, 3, 4, 2, 5), (3, 1, 4, 5, 2)}

AUB = 
{(1, 3, 4, 2, 5), (5, 4, 1, 3, 2), (5, 1, 2, 4, 3), (3, 4, 1, 2, 5), (3, 5, 1, 4, 2), (1, 4, 5, 2, 3), (3, 1, 4, 5, 2), (1, 3, 5, 4, 2)}
M(AUB) = 
[[1, 3, 4, 5, 2], [1, 3, 5, 4, 2]]
Distance:23

(92)
A = 
{(2, 5, 1, 3, 4), (4, 5, 1, 2, 3), (1, 4, 2, 3, 5), (4, 2, 5, 3, 1)}
M(A) = 
[[1, 4, 2, 5, 3]]
Distance: 11
B = 
{(1, 5, 4, 3, 2), (1, 2, 4, 3, 5), (3, 1, 4, 5, 2), (4, 2, 1, 5, 3)}
M(B) = 
[[1, 4, 2, 5, 3]]
Distance: 12
M(A) inter A:
{(1, 4, 2, 3, 5)}
M(B) inter B:
set()

AUB = 
{(4, 5, 1, 2, 3), (4, 2, 1, 5, 3), (1, 5, 4, 3, 2), (1, 2, 4, 3, 5), (2, 5, 1, 3, 4), (3, 1, 4, 5, 2), (1, 4, 2, 3, 5), (4, 2, 5, 3, 1)}
M(AUB) = 
[[1, 4, 2, 5, 3]]
Distance:25

(93)
A = 
{(1, 3, 2, 4, 5), (3, 5, 1, 2, 4), (3, 1, 5, 2, 4), (4, 5, 1, 3, 2)}
M(A) = 
[[5, 1, 2, 3, 4], [5, 1, 3, 2, 4], [5, 3, 1, 2, 4]]
Distance: 11
B = 
{(2, 5, 3, 1, 4), (5, 2, 3, 4, 1), (5, 4, 1, 2, 3), (1, 2, 5, 3, 4)}
M(B) = 
[[5, 1, 2, 3, 4], [5, 1, 3, 2, 4], [5, 3, 1, 2, 4]]
Distance: 11
M(A) inter A:
set()
M(B) inter B:
{(2, 5, 3, 1, 4), (5, 2, 3, 4, 1)}

AUB = 
{(1, 3, 2, 4, 5), (5, 4, 1, 2, 3), (3, 1, 5, 2, 4), (1, 2, 5, 3, 4), (2, 5, 3, 1, 4), (4, 5, 1, 3, 2), (5, 2, 3, 4, 1), (3, 5, 1, 2, 4)}
M(AUB) = 
[[5, 1, 2, 3, 4], [5, 1, 3, 2, 4], [5, 3, 1, 2, 4]]
Distance:28

(94)
A = 
{(3, 5, 4, 2, 1), (5, 1, 2, 4, 3), (3, 4, 1, 5, 2), (3, 2, 5, 1, 4)}
M(A) = 
[[5, 1, 3, 2, 4], [5, 1, 3, 4, 2], [5, 1, 4, 3, 2]]
Distance: 13
B = 
{(5, 1, 3, 2, 4), (5, 1, 4, 3, 2), (1, 4, 2, 5, 3), (2, 1, 4, 3, 5)}
M(B) = 
[[5, 1, 3, 2, 4], [5, 1, 3, 4, 2], [5, 1, 4, 3, 2]]
Distance: 13
M(A) inter A:
{(5, 1, 2, 4, 3)}
M(B) inter B:
{(5, 1, 4, 3, 2), (1, 4, 2, 5, 3)}

AUB = 
{(5, 1, 3, 2, 4), (3, 4, 1, 5, 2), (3, 2, 5, 1, 4), (5, 1, 2, 4, 3), (3, 5, 4, 2, 1), (5, 1, 4, 3, 2), (1, 4, 2, 5, 3), (2, 1, 4, 3, 5)}
M(AUB) = 
[[5, 1, 3, 2, 4], [5, 1, 3, 4, 2], [5, 1, 4, 3, 2]]
Distance:32

(95)
A = 
{(4, 1, 2, 5, 3), (3, 5, 1, 2, 4), (5, 3, 1, 2, 4), (4, 3, 5, 1, 2)}
M(A) = 
[[3, 4, 5, 1, 2]]
Distance: 14
B = 
{(4, 1, 3, 2, 5), (2, 5, 3, 1, 4), (3, 4, 2, 1, 5), (3, 4, 5, 1, 2)}
M(B) = 
[[3, 4, 5, 1, 2]]
Distance: 12
M(A) inter A:
set()
M(B) inter B:
{(3, 4, 2, 1, 5)}

AUB = 
{(4, 1, 3, 2, 5), (4, 3, 5, 1, 2), (3, 4, 5, 1, 2), (4, 1, 2, 5, 3), (3, 5, 1, 2, 4), (3, 4, 2, 1, 5), (2, 5, 3, 1, 4), (5, 3, 1, 2, 4)}
M(AUB) = 
[[3, 4, 5, 1, 2]]
Distance:28

(96)
A = 
{(2, 4, 5, 1, 3), (5, 4, 1, 2, 3), (5, 4, 2, 1, 3), (1, 2, 3, 5, 4)}
M(A) = 
[[5, 1, 4, 2, 3], [5, 4, 1, 2, 3], [5, 4, 2, 1, 3]]
Distance: 11
B = 
{(1, 5, 4, 3, 2), (5, 1, 3, 4, 2), (4, 5, 2, 3, 1), (5, 2, 1, 3, 4)}
M(B) = 
[[5, 1, 4, 2, 3], [5, 4, 1, 2, 3], [5, 4, 2, 1, 3]]
Distance: 11
M(A) inter A:
set()
M(B) inter B:
{(5, 1, 3, 4, 2)}

AUB = 
{(2, 4, 5, 1, 3), (5, 4, 1, 2, 3), (1, 2, 3, 5, 4), (1, 5, 4, 3, 2), (5, 4, 2, 1, 3), (5, 1, 3, 4, 2), (4, 5, 2, 3, 1), (5, 2, 1, 3, 4)}
M(AUB) = 
[[5, 1, 4, 2, 3], [5, 4, 1, 2, 3], [5, 4, 2, 1, 3]]
Distance:24

(97)
A = 
{(2, 3, 5, 1, 4), (3, 1, 4, 2, 5), (2, 1, 5, 4, 3), (4, 1, 3, 2, 5)}
M(A) = 
[[1, 4, 3, 2, 5]]
Distance: 15
B = 
{(1, 3, 5, 4, 2), (1, 4, 3, 2, 5), (2, 1, 5, 4, 3), (1, 5, 2, 4, 3)}
M(B) = 
[[1, 4, 3, 2, 5]]
Distance: 11
M(A) inter A:
set()
M(B) inter B:
{(1, 5, 2, 4, 3)}

AUB = 
{(4, 1, 3, 2, 5), (2, 1, 5, 4, 3), (3, 1, 4, 2, 5), (1, 3, 5, 4, 2), (2, 3, 5, 1, 4), (1, 5, 2, 4, 3), (1, 4, 3, 2, 5)}
M(AUB) = 
[[1, 4, 3, 2, 5]]
Distance:23

(98)
A = 
{(3, 1, 5, 2, 4), (5, 2, 4, 3, 1), (1, 3, 2, 5, 4), (3, 2, 1, 5, 4)}
M(A) = 
[[3, 1, 2, 5, 4], [3, 1, 5, 2, 4]]
Distance: 10
B = 
{(3, 2, 1, 4, 5), (4, 5, 1, 3, 2), (1, 2, 5, 3, 4), (5, 4, 3, 1, 2)}
M(B) = 
[[3, 1, 2, 5, 4], [3, 1, 5, 2, 4]]
Distance: 17
M(A) inter A:
set()
M(B) inter B:
{(4, 5, 1, 3, 2), (5, 4, 3, 1, 2)}

AUB = 
{(3, 1, 5, 2, 4), (1, 2, 5, 3, 4), (3, 2, 1, 5, 4), (3, 2, 1, 4, 5), (5, 4, 3, 1, 2), (4, 5, 1, 3, 2), (5, 2, 4, 3, 1), (1, 3, 2, 5, 4)}
M(AUB) = 
[[3, 1, 2, 5, 4], [3, 1, 5, 2, 4]]
Distance:29

(99)
A = 
{(2, 5, 3, 4, 1), (3, 5, 2, 1, 4), (2, 3, 5, 4, 1), (3, 4, 1, 5, 2)}
M(A) = 
[[3, 5, 2, 4, 1], [5, 2, 3, 4, 1], [5, 3, 2, 4, 1]]
Distance: 10
B = 
{(4, 5, 2, 3, 1), (4, 5, 3, 1, 2), (1, 5, 3, 2, 4), (2, 3, 4, 1, 5)}
M(B) = 
[[3, 5, 2, 4, 1], [5, 2, 3, 4, 1], [5, 3, 2, 4, 1]]
Distance: 15
M(A) inter A:
set()
M(B) inter B:
{(4, 5, 2, 3, 1), (4, 5, 3, 1, 2)}

AUB = 
{(2, 3, 4, 1, 5), (3, 4, 1, 5, 2), (1, 5, 3, 2, 4), (2, 5, 3, 4, 1), (4, 5, 3, 1, 2), (4, 5, 2, 3, 1), (2, 3, 5, 4, 1), (3, 5, 2, 1, 4)}
M(AUB) = 
[[3, 5, 2, 4, 1], [5, 2, 3, 4, 1], [5, 3, 2, 4, 1]]
Distance:29

