(0)
A = 
{(1, 2, 6, 4, 5, 3), (6, 3, 2, 4, 5, 1), (2, 1, 3, 6, 4, 5), (3, 2, 6, 4, 5, 1)}
M(A) = 
[[3, 2, 1, 6, 4, 5]]
Distance: 16
B = 
{(2, 1, 4, 3, 5, 6), (3, 2, 6, 5, 4, 1), (1, 3, 2, 4, 5, 6), (3, 1, 2, 5, 4, 6)}
M(B) = 
[[3, 2, 1, 6, 4, 5]]
Distance: 13
M(A) inter A:
set()
M(B) inter B:
{(1, 3, 2, 4, 5, 6), (3, 1, 2, 5, 4, 6)}

AUB = 
{(1, 3, 2, 4, 5, 6), (3, 2, 6, 5, 4, 1), (1, 2, 6, 4, 5, 3), (3, 1, 2, 5, 4, 6), (3, 2, 6, 4, 5, 1), (2, 1, 4, 3, 5, 6), (2, 1, 3, 6, 4, 5), (6, 3, 2, 4, 5, 1)}
M(AUB) = 
[[3, 2, 1, 6, 4, 5]]
Distance:33

(1)
A = 
{(3, 6, 2, 1, 4, 5), (4, 2, 6, 5, 3, 1), (1, 6, 5, 4, 3, 2), (2, 1, 5, 4, 3, 6)}
M(A) = 
[[2, 1, 5, 4, 3, 6], [2, 5, 1, 4, 3, 6], [2, 5, 4, 1, 3, 6], [2, 5, 4, 3, 1, 6], [2, 5, 4, 3, 6, 1]]
Distance: 23
B = 
{(6, 3, 5, 2, 1, 4), (3, 2, 5, 6, 4, 1), (4, 2, 1, 5, 3, 6), (5, 2, 4, 1, 3, 6)}
M(B) = 
[[2, 1, 5, 4, 3, 6], [2, 5, 1, 4, 3, 6], [2, 5, 4, 1, 3, 6], [2, 5, 4, 3, 1, 6], [2, 5, 4, 3, 6, 1]]
Distance: 21
M(A) inter A:
set()
M(B) inter B:
{(3, 2, 5, 6, 4, 1), (5, 2, 4, 1, 3, 6)}

AUB = 
{(3, 6, 2, 1, 4, 5), (2, 1, 5, 4, 3, 6), (4, 2, 1, 5, 3, 6), (6, 3, 5, 2, 1, 4), (3, 2, 5, 6, 4, 1), (4, 2, 6, 5, 3, 1), (1, 6, 5, 4, 3, 2), (5, 2, 4, 1, 3, 6)}
M(AUB) = 
[[2, 1, 5, 4, 3, 6], [2, 5, 1, 4, 3, 6], [2, 5, 4, 1, 3, 6], [2, 5, 4, 3, 1, 6], [2, 5, 4, 3, 6, 1]]
Distance:50

(2)
A = 
{(5, 2, 1, 3, 6, 4), (6, 3, 2, 1, 5, 4), (5, 3, 4, 6, 1, 2), (3, 1, 6, 5, 2, 4)}
M(A) = 
[[1, 3, 5, 6, 2, 4], [1, 3, 5, 6, 4, 2], [1, 3, 6, 5, 2, 4], [1, 3, 6, 5, 4, 2], [1, 5, 3, 6, 2, 4], [1, 5, 3, 6, 4, 2], [1, 5, 6, 3, 2, 4], [1, 5, 6, 3, 4, 2], [1, 6, 3, 5, 2, 4], [1, 6, 3, 5, 4, 2], [1, 6, 5, 3, 2, 4], [1, 6, 5, 3, 4, 2], [3, 1, 5, 6, 2, 4], [3, 1, 5, 6, 4, 2], [3, 1, 6, 5, 2, 4], [3, 1, 6, 5, 4, 2], [3, 6, 1, 5, 2, 4], [3, 6, 1, 5, 4, 2], [6, 1, 3, 5, 2, 4], [6, 1, 3, 5, 4, 2], [6, 1, 5, 3, 2, 4], [6, 1, 5, 3, 4, 2], [6, 3, 1, 5, 2, 4], [6, 3, 1, 5, 4, 2]]
Distance: 18
B = 
{(4, 6, 2, 1, 3, 5), (1, 5, 6, 3, 4, 2), (1, 5, 2, 3, 4, 6), (6, 4, 3, 5, 2, 1)}
M(B) = 
[[1, 3, 5, 6, 2, 4], [1, 3, 5, 6, 4, 2], [1, 3, 6, 5, 2, 4], [1, 3, 6, 5, 4, 2], [1, 5, 3, 6, 2, 4], [1, 5, 3, 6, 4, 2], [1, 5, 6, 3, 2, 4], [1, 5, 6, 3, 4, 2], [1, 6, 3, 5, 2, 4], [1, 6, 3, 5, 4, 2], [1, 6, 5, 3, 2, 4], [1, 6, 5, 3, 4, 2], [3, 1, 5, 6, 2, 4], [3, 1, 5, 6, 4, 2], [3, 1, 6, 5, 2, 4], [3, 1, 6, 5, 4, 2], [3, 6, 1, 5, 2, 4], [3, 6, 1, 5, 4, 2], [6, 1, 3, 5, 2, 4], [6, 1, 3, 5, 4, 2], [6, 1, 5, 3, 2, 4], [6, 1, 5, 3, 4, 2], [6, 3, 1, 5, 2, 4], [6, 3, 1, 5, 4, 2]]
Distance: 24
M(A) inter A:
set()
M(B) inter B:
{(1, 5, 6, 3, 4, 2)}

AUB = 
{(4, 6, 2, 1, 3, 5), (6, 3, 2, 1, 5, 4), (1, 5, 2, 3, 4, 6), (3, 1, 6, 5, 2, 4), (5, 2, 1, 3, 6, 4), (5, 3, 4, 6, 1, 2), (1, 5, 6, 3, 4, 2), (6, 4, 3, 5, 2, 1)}
M(AUB) = 
[[1, 3, 5, 6, 2, 4], [1, 3, 5, 6, 4, 2], [1, 3, 6, 5, 2, 4], [1, 3, 6, 5, 4, 2], [1, 5, 3, 6, 2, 4], [1, 5, 3, 6, 4, 2], [1, 5, 6, 3, 2, 4], [1, 5, 6, 3, 4, 2], [1, 6, 3, 5, 2, 4], [1, 6, 3, 5, 4, 2], [1, 6, 5, 3, 2, 4], [1, 6, 5, 3, 4, 2], [3, 1, 5, 6, 2, 4], [3, 1, 5, 6, 4, 2], [3, 1, 6, 5, 2, 4], [3, 1, 6, 5, 4, 2], [3, 6, 1, 5, 2, 4], [3, 6, 1, 5, 4, 2], [6, 1, 3, 5, 2, 4], [6, 1, 3, 5, 4, 2], [6, 1, 5, 3, 2, 4], [6, 1, 5, 3, 4, 2], [6, 3, 1, 5, 2, 4], [6, 3, 1, 5, 4, 2]]
Distance:48

(3)
A = 
{(6, 3, 4, 2, 1, 5), (6, 1, 4, 5, 3, 2), (2, 5, 3, 1, 4, 6), (2, 5, 6, 3, 4, 1)}
M(A) = 
[[3, 5, 6, 2, 4, 1], [3, 5, 6, 4, 2, 1], [5, 3, 6, 2, 4, 1], [5, 3, 6, 4, 2, 1], [5, 6, 3, 2, 4, 1], [5, 6, 3, 4, 2, 1]]
Distance: 22
B = 
{(5, 3, 6, 4, 1, 2), (3, 5, 4, 6, 2, 1), (3, 5, 6, 2, 1, 4), (6, 3, 2, 5, 4, 1)}
M(B) = 
[[3, 5, 6, 2, 4, 1], [3, 5, 6, 4, 2, 1], [5, 3, 6, 2, 4, 1], [5, 3, 6, 4, 2, 1], [5, 6, 3, 2, 4, 1], [5, 6, 3, 4, 2, 1]]
Distance: 9
M(A) inter A:
set()
M(B) inter B:
set()

AUB = 
{(3, 5, 4, 6, 2, 1), (6, 3, 2, 5, 4, 1), (3, 5, 6, 2, 1, 4), (6, 1, 4, 5, 3, 2), (2, 5, 3, 1, 4, 6), (6, 3, 4, 2, 1, 5), (5, 3, 6, 4, 1, 2), (2, 5, 6, 3, 4, 1)}
M(AUB) = 
[[3, 5, 6, 2, 4, 1], [3, 5, 6, 4, 2, 1], [5, 3, 6, 2, 4, 1], [5, 3, 6, 4, 2, 1], [5, 6, 3, 2, 4, 1], [5, 6, 3, 4, 2, 1]]
Distance:37

(4)
A = 
{(3, 1, 5, 2, 6, 4), (1, 2, 5, 4, 6, 3), (4, 1, 5, 3, 6, 2), (5, 3, 4, 1, 2, 6)}
M(A) = 
[[1, 2, 3, 5, 4, 6], [1, 2, 5, 3, 4, 6], [1, 2, 5, 4, 3, 6], [1, 2, 5, 4, 6, 3], [1, 3, 2, 5, 4, 6], [1, 3, 5, 2, 4, 6], [1, 5, 2, 3, 4, 6], [1, 5, 2, 4, 3, 6], [1, 5, 2, 4, 6, 3], [1, 5, 3, 2, 4, 6]]
Distance: 16
B = 
{(3, 5, 1, 2, 4, 6), (4, 1, 2, 6, 3, 5), (6, 2, 1, 3, 4, 5), (2, 5, 4, 6, 1, 3)}
M(B) = 
[[1, 2, 3, 5, 4, 6], [1, 2, 5, 3, 4, 6], [1, 2, 5, 4, 3, 6], [1, 2, 5, 4, 6, 3], [1, 3, 2, 5, 4, 6], [1, 3, 5, 2, 4, 6], [1, 5, 2, 3, 4, 6], [1, 5, 2, 4, 3, 6], [1, 5, 2, 4, 6, 3], [1, 5, 3, 2, 4, 6]]
Distance: 22
M(A) inter A:
set()
M(B) inter B:
set()

AUB = 
{(3, 5, 1, 2, 4, 6), (1, 2, 5, 4, 6, 3), (4, 1, 2, 6, 3, 5), (4, 1, 5, 3, 6, 2), (5, 3, 4, 1, 2, 6), (3, 1, 5, 2, 6, 4), (2, 5, 4, 6, 1, 3), (6, 2, 1, 3, 4, 5)}
M(AUB) = 
[[1, 2, 3, 5, 4, 6], [1, 2, 5, 3, 4, 6], [1, 2, 5, 4, 3, 6], [1, 2, 5, 4, 6, 3], [1, 3, 2, 5, 4, 6], [1, 3, 5, 2, 4, 6], [1, 5, 2, 3, 4, 6], [1, 5, 2, 4, 3, 6], [1, 5, 2, 4, 6, 3], [1, 5, 3, 2, 4, 6]]
Distance:46

(5)
A = 
{(5, 2, 3, 4, 6, 1), (4, 5, 1, 3, 2, 6), (4, 3, 5, 1, 2, 6), (2, 5, 4, 1, 6, 3)}
M(A) = 
[[5, 3, 2, 4, 1, 6], [5, 3, 4, 1, 2, 6], [5, 3, 4, 2, 1, 6], [5, 4, 3, 1, 2, 6], [5, 4, 3, 2, 1, 6]]
Distance: 15
B = 
{(2, 5, 1, 4, 3, 6), (3, 6, 1, 5, 4, 2), (3, 2, 4, 5, 1, 6), (5, 3, 4, 1, 2, 6)}
M(B) = 
[[5, 3, 2, 4, 1, 6], [5, 3, 4, 1, 2, 6], [5, 3, 4, 2, 1, 6], [5, 4, 3, 1, 2, 6], [5, 4, 3, 2, 1, 6]]
Distance: 19
M(A) inter A:
set()
M(B) inter B:
{(5, 3, 4, 1, 2, 6)}

AUB = 
{(3, 2, 4, 5, 1, 6), (2, 5, 4, 1, 6, 3), (5, 3, 4, 1, 2, 6), (5, 2, 3, 4, 6, 1), (3, 6, 1, 5, 4, 2), (4, 5, 1, 3, 2, 6), (2, 5, 1, 4, 3, 6), (4, 3, 5, 1, 2, 6)}
M(AUB) = 
[[5, 3, 2, 4, 1, 6], [5, 3, 4, 1, 2, 6], [5, 3, 4, 2, 1, 6], [5, 4, 3, 1, 2, 6], [5, 4, 3, 2, 1, 6]]
Distance:36

(6)
A = 
{(2, 6, 3, 5, 1, 4), (4, 6, 5, 2, 1, 3), (6, 1, 4, 5, 3, 2), (2, 5, 3, 4, 6, 1)}
M(A) = 
[[2, 5, 3, 4, 6, 1], [2, 5, 4, 3, 6, 1], [5, 2, 3, 4, 6, 1], [5, 2, 4, 3, 6, 1], [5, 3, 2, 4, 6, 1], [5, 3, 4, 2, 6, 1], [5, 4, 2, 3, 6, 1], [5, 4, 3, 2, 6, 1]]
Distance: 22
B = 
{(5, 4, 3, 1, 2, 6), (5, 3, 1, 4, 2, 6), (3, 2, 1, 5, 4, 6), (2, 4, 5, 3, 6, 1)}
M(B) = 
[[2, 5, 3, 4, 6, 1], [2, 5, 4, 3, 6, 1], [5, 2, 3, 4, 6, 1], [5, 2, 4, 3, 6, 1], [5, 3, 2, 4, 6, 1], [5, 3, 4, 2, 6, 1], [5, 4, 2, 3, 6, 1], [5, 4, 3, 2, 6, 1]]
Distance: 15
M(A) inter A:
set()
M(B) inter B:
{(5, 4, 3, 1, 2, 6), (5, 3, 1, 4, 2, 6)}

AUB = 
{(2, 6, 3, 5, 1, 4), (5, 3, 1, 4, 2, 6), (4, 6, 5, 2, 1, 3), (2, 4, 5, 3, 6, 1), (5, 4, 3, 1, 2, 6), (6, 1, 4, 5, 3, 2), (3, 2, 1, 5, 4, 6), (2, 5, 3, 4, 6, 1)}
M(AUB) = 
[[2, 5, 3, 4, 6, 1], [2, 5, 4, 3, 6, 1], [5, 2, 3, 4, 6, 1], [5, 2, 4, 3, 6, 1], [5, 3, 2, 4, 6, 1], [5, 3, 4, 2, 6, 1], [5, 4, 2, 3, 6, 1], [5, 4, 3, 2, 6, 1]]
Distance:45

(7)
A = 
{(6, 2, 1, 5, 4, 3), (6, 2, 4, 5, 3, 1), (2, 4, 1, 3, 6, 5), (5, 2, 6, 3, 1, 4)}
M(A) = 
[[2, 1, 3, 5, 6, 4], [2, 1, 3, 6, 5, 4], [2, 1, 5, 3, 6, 4], [2, 3, 1, 5, 6, 4], [2, 3, 1, 6, 5, 4], [2, 3, 5, 1, 6, 4], [2, 3, 5, 6, 1, 4], [2, 3, 6, 1, 5, 4], [2, 3, 6, 5, 1, 4], [2, 5, 1, 3, 6, 4], [2, 5, 3, 1, 6, 4], [2, 5, 3, 6, 1, 4], [5, 2, 1, 3, 6, 4], [5, 2, 3, 1, 6, 4], [5, 2, 3, 6, 1, 4]]
Distance: 17
B = 
{(5, 2, 1, 3, 4, 6), (3, 1, 5, 6, 4, 2), (3, 5, 6, 4, 1, 2), (1, 2, 3, 6, 4, 5)}
M(B) = 
[[2, 1, 3, 5, 6, 4], [2, 1, 3, 6, 5, 4], [2, 1, 5, 3, 6, 4], [2, 3, 1, 5, 6, 4], [2, 3, 1, 6, 5, 4], [2, 3, 5, 1, 6, 4], [2, 3, 5, 6, 1, 4], [2, 3, 6, 1, 5, 4], [2, 3, 6, 5, 1, 4], [2, 5, 1, 3, 6, 4], [2, 5, 3, 1, 6, 4], [2, 5, 3, 6, 1, 4], [5, 2, 1, 3, 6, 4], [5, 2, 3, 1, 6, 4], [5, 2, 3, 6, 1, 4]]
Distance: 18
M(A) inter A:
set()
M(B) inter B:
{(3, 1, 5, 6, 4, 2)}

AUB = 
{(5, 2, 6, 3, 1, 4), (3, 1, 5, 6, 4, 2), (1, 2, 3, 6, 4, 5), (2, 4, 1, 3, 6, 5), (5, 2, 1, 3, 4, 6), (6, 2, 1, 5, 4, 3), (6, 2, 4, 5, 3, 1), (3, 5, 6, 4, 1, 2)}
M(AUB) = 
[[2, 1, 3, 5, 6, 4], [2, 1, 3, 6, 5, 4], [2, 1, 5, 3, 6, 4], [2, 3, 1, 5, 6, 4], [2, 3, 1, 6, 5, 4], [2, 3, 5, 1, 6, 4], [2, 3, 5, 6, 1, 4], [2, 3, 6, 1, 5, 4], [2, 3, 6, 5, 1, 4], [2, 5, 1, 3, 6, 4], [2, 5, 3, 1, 6, 4], [2, 5, 3, 6, 1, 4], [5, 2, 1, 3, 6, 4], [5, 2, 3, 1, 6, 4], [5, 2, 3, 6, 1, 4]]
Distance:49

(8)
A = 
{(2, 6, 3, 5, 1, 4), (2, 1, 5, 6, 4, 3), (6, 1, 3, 2, 4, 5), (1, 2, 3, 4, 5, 6)}
M(A) = 
[[1, 6, 3, 2, 4, 5], [1, 6, 3, 2, 5, 4], [1, 6, 3, 5, 2, 4], [1, 6, 5, 3, 2, 4], [6, 1, 3, 2, 4, 5], [6, 1, 3, 2, 5, 4], [6, 1, 3, 5, 2, 4], [6, 1, 5, 3, 2, 4]]
Distance: 16
B = 
{(4, 3, 1, 6, 5, 2), (6, 4, 5, 1, 3, 2), (1, 6, 5, 4, 3, 2), (5, 3, 6, 2, 1, 4)}
M(B) = 
[[1, 6, 3, 2, 4, 5], [1, 6, 3, 2, 5, 4], [1, 6, 3, 5, 2, 4], [1, 6, 5, 3, 2, 4], [6, 1, 3, 2, 4, 5], [6, 1, 3, 2, 5, 4], [6, 1, 3, 5, 2, 4], [6, 1, 5, 3, 2, 4]]
Distance: 18
M(A) inter A:
set()
M(B) inter B:
{(6, 4, 5, 1, 3, 2), (1, 6, 5, 4, 3, 2)}

AUB = 
{(2, 6, 3, 5, 1, 4), (4, 3, 1, 6, 5, 2), (2, 1, 5, 6, 4, 3), (5, 3, 6, 2, 1, 4), (6, 1, 3, 2, 4, 5), (1, 6, 5, 4, 3, 2), (6, 4, 5, 1, 3, 2), (1, 2, 3, 4, 5, 6)}
M(AUB) = 
[[1, 6, 3, 2, 4, 5], [1, 6, 3, 2, 5, 4], [1, 6, 3, 5, 2, 4], [1, 6, 5, 3, 2, 4], [6, 1, 3, 2, 4, 5], [6, 1, 3, 2, 5, 4], [6, 1, 3, 5, 2, 4], [6, 1, 5, 3, 2, 4]]
Distance:48

(9)
A = 
{(2, 4, 5, 6, 3, 1), (6, 1, 3, 4, 5, 2), (3, 5, 6, 4, 2, 1), (1, 6, 2, 4, 3, 5)}
M(A) = 
[[1, 4, 6, 2, 3, 5], [1, 4, 6, 3, 2, 5], [1, 4, 6, 3, 5, 2], [1, 6, 4, 2, 3, 5], [1, 6, 4, 3, 2, 5], [1, 6, 4, 3, 5, 2], [4, 1, 6, 2, 3, 5], [4, 1, 6, 3, 2, 5], [4, 1, 6, 3, 5, 2], [4, 6, 1, 2, 3, 5], [4, 6, 1, 3, 2, 5], [4, 6, 1, 3, 5, 2], [6, 1, 4, 2, 3, 5], [6, 1, 4, 3, 2, 5], [6, 1, 4, 3, 5, 2], [6, 4, 1, 2, 3, 5], [6, 4, 1, 3, 2, 5], [6, 4, 1, 3, 5, 2]]
Distance: 24
B = 
{(4, 1, 5, 2, 6, 3), (1, 4, 6, 3, 2, 5), (6, 3, 4, 5, 2, 1), (1, 4, 2, 5, 3, 6)}
M(B) = 
[[1, 4, 6, 2, 3, 5], [1, 4, 6, 3, 2, 5], [1, 4, 6, 3, 5, 2], [1, 6, 4, 2, 3, 5], [1, 6, 4, 3, 2, 5], [1, 6, 4, 3, 5, 2], [4, 1, 6, 2, 3, 5], [4, 1, 6, 3, 2, 5], [4, 1, 6, 3, 5, 2], [4, 6, 1, 2, 3, 5], [4, 6, 1, 3, 2, 5], [4, 6, 1, 3, 5, 2], [6, 1, 4, 2, 3, 5], [6, 1, 4, 3, 2, 5], [6, 1, 4, 3, 5, 2], [6, 4, 1, 2, 3, 5], [6, 4, 1, 3, 2, 5], [6, 4, 1, 3, 5, 2]]
Distance: 19
M(A) inter A:
set()
M(B) inter B:
{(4, 1, 5, 2, 6, 3), (1, 4, 6, 3, 2, 5)}

AUB = 
{(1, 4, 2, 5, 3, 6), (1, 4, 6, 3, 2, 5), (4, 1, 5, 2, 6, 3), (3, 5, 6, 4, 2, 1), (2, 4, 5, 6, 3, 1), (6, 3, 4, 5, 2, 1), (6, 1, 3, 4, 5, 2), (1, 6, 2, 4, 3, 5)}
M(AUB) = 
[[1, 4, 6, 2, 3, 5], [1, 4, 6, 3, 2, 5], [1, 4, 6, 3, 5, 2], [1, 6, 4, 2, 3, 5], [1, 6, 4, 3, 2, 5], [1, 6, 4, 3, 5, 2], [4, 1, 6, 2, 3, 5], [4, 1, 6, 3, 2, 5], [4, 1, 6, 3, 5, 2], [4, 6, 1, 2, 3, 5], [4, 6, 1, 3, 2, 5], [4, 6, 1, 3, 5, 2], [6, 1, 4, 2, 3, 5], [6, 1, 4, 3, 2, 5], [6, 1, 4, 3, 5, 2], [6, 4, 1, 2, 3, 5], [6, 4, 1, 3, 2, 5], [6, 4, 1, 3, 5, 2]]
Distance:47

(10)
A = 
{(2, 6, 3, 1, 5, 4), (3, 1, 2, 5, 6, 4), (5, 1, 6, 2, 3, 4), (5, 4, 6, 3, 2, 1)}
M(A) = 
[[2, 3, 5, 6, 1, 4], [2, 3, 5, 6, 4, 1], [2, 5, 6, 3, 1, 4], [2, 5, 6, 3, 4, 1], [2, 6, 3, 1, 5, 4], [2, 6, 3, 5, 1, 4], [2, 6, 3, 5, 4, 1], [3, 2, 5, 6, 1, 4], [3, 2, 5, 6, 4, 1], [6, 2, 3, 1, 5, 4], [6, 2, 3, 5, 1, 4], [6, 2, 3, 5, 4, 1], [6, 3, 2, 1, 5, 4], [6, 3, 2, 5, 1, 4], [6, 3, 2, 5, 4, 1]]
Distance: 21
B = 
{(2, 3, 4, 1, 5, 6), (6, 3, 2, 5, 1, 4), (2, 5, 3, 4, 6, 1), (6, 4, 3, 1, 2, 5)}
M(B) = 
[[2, 3, 5, 6, 1, 4], [2, 3, 5, 6, 4, 1], [2, 5, 6, 3, 1, 4], [2, 5, 6, 3, 4, 1], [2, 6, 3, 1, 5, 4], [2, 6, 3, 5, 1, 4], [2, 6, 3, 5, 4, 1], [3, 2, 5, 6, 1, 4], [3, 2, 5, 6, 4, 1], [6, 2, 3, 1, 5, 4], [6, 2, 3, 5, 1, 4], [6, 2, 3, 5, 4, 1], [6, 3, 2, 1, 5, 4], [6, 3, 2, 5, 1, 4], [6, 3, 2, 5, 4, 1]]
Distance: 20
M(A) inter A:
set()
M(B) inter B:
set()

AUB = 
{(6, 4, 3, 1, 2, 5), (2, 3, 4, 1, 5, 6), (5, 1, 6, 2, 3, 4), (2, 6, 3, 1, 5, 4), (3, 1, 2, 5, 6, 4), (6, 3, 2, 5, 1, 4), (5, 4, 6, 3, 2, 1), (2, 5, 3, 4, 6, 1)}
M(AUB) = 
[[2, 3, 5, 6, 1, 4], [2, 3, 5, 6, 4, 1], [2, 5, 6, 3, 1, 4], [2, 5, 6, 3, 4, 1], [2, 6, 3, 1, 5, 4], [2, 6, 3, 5, 1, 4], [2, 6, 3, 5, 4, 1], [3, 2, 5, 6, 1, 4], [3, 2, 5, 6, 4, 1], [6, 2, 3, 1, 5, 4], [6, 2, 3, 5, 1, 4], [6, 2, 3, 5, 4, 1], [6, 3, 2, 1, 5, 4], [6, 3, 2, 5, 1, 4], [6, 3, 2, 5, 4, 1]]
Distance:45

(11)
A = 
{(4, 6, 5, 3, 1, 2), (6, 4, 5, 2, 3, 1), (4, 5, 2, 3, 1, 6), (1, 2, 6, 3, 5, 4)}
M(A) = 
[[4, 5, 2, 6, 3, 1], [4, 6, 5, 2, 3, 1], [6, 4, 5, 2, 3, 1]]
Distance: 19
B = 
{(4, 2, 3, 1, 6, 5), (4, 5, 2, 6, 1, 3), (1, 6, 4, 5, 3, 2), (5, 3, 2, 6, 1, 4)}
M(B) = 
[[4, 5, 2, 6, 3, 1], [4, 6, 5, 2, 3, 1], [6, 4, 5, 2, 3, 1]]
Distance: 23
M(A) inter A:
{(4, 5, 2, 3, 1, 6)}
M(B) inter B:
{(4, 5, 2, 6, 1, 3)}

AUB = 
{(6, 4, 5, 2, 3, 1), (4, 2, 3, 1, 6, 5), (1, 2, 6, 3, 5, 4), (4, 6, 5, 3, 1, 2), (1, 6, 4, 5, 3, 2), (4, 5, 2, 6, 1, 3), (5, 3, 2, 6, 1, 4), (4, 5, 2, 3, 1, 6)}
M(AUB) = 
[[4, 5, 2, 6, 3, 1], [4, 6, 5, 2, 3, 1], [6, 4, 5, 2, 3, 1]]
Distance:44

(12)
A = 
{(6, 2, 5, 3, 1, 4), (1, 3, 2, 4, 5, 6), (4, 1, 2, 6, 5, 3), (3, 2, 4, 6, 1, 5)}
M(A) = 
[[6, 3, 4, 1, 2, 5], [6, 4, 1, 3, 2, 5], [6, 4, 3, 1, 2, 5]]
Distance: 21
B = 
{(6, 1, 2, 4, 3, 5), (5, 3, 6, 4, 1, 2), (5, 6, 4, 3, 2, 1), (6, 4, 1, 3, 2, 5)}
M(B) = 
[[6, 3, 4, 1, 2, 5], [6, 4, 1, 3, 2, 5], [6, 4, 3, 1, 2, 5]]
Distance: 18
M(A) inter A:
set()
M(B) inter B:
{(6, 4, 1, 3, 2, 5)}

AUB = 
{(6, 2, 5, 3, 1, 4), (1, 3, 2, 4, 5, 6), (6, 1, 2, 4, 3, 5), (6, 4, 1, 3, 2, 5), (5, 6, 4, 3, 2, 1), (5, 3, 6, 4, 1, 2), (4, 1, 2, 6, 5, 3), (3, 2, 4, 6, 1, 5)}
M(AUB) = 
[[6, 3, 4, 1, 2, 5], [6, 4, 1, 3, 2, 5], [6, 4, 3, 1, 2, 5]]
Distance:47

(13)
A = 
{(1, 6, 5, 3, 2, 4), (4, 3, 1, 2, 5, 6), (3, 6, 1, 2, 5, 4), (2, 1, 3, 4, 6, 5)}
M(A) = 
[[2, 3, 1, 6, 5, 4], [3, 1, 2, 6, 5, 4], [3, 1, 6, 2, 5, 4], [3, 2, 1, 6, 5, 4]]
Distance: 18
B = 
{(6, 2, 3, 1, 5, 4), (2, 3, 5, 4, 1, 6), (6, 3, 1, 5, 4, 2), (2, 3, 1, 4, 6, 5)}
M(B) = 
[[2, 3, 1, 6, 5, 4], [3, 1, 2, 6, 5, 4], [3, 1, 6, 2, 5, 4], [3, 2, 1, 6, 5, 4]]
Distance: 16
M(A) inter A:
set()
M(B) inter B:
{(6, 2, 3, 1, 5, 4)}

AUB = 
{(6, 2, 3, 1, 5, 4), (6, 3, 1, 5, 4, 2), (4, 3, 1, 2, 5, 6), (1, 6, 5, 3, 2, 4), (2, 3, 1, 4, 6, 5), (3, 6, 1, 2, 5, 4), (2, 3, 5, 4, 1, 6), (2, 1, 3, 4, 6, 5)}
M(AUB) = 
[[2, 3, 1, 6, 5, 4], [3, 1, 2, 6, 5, 4], [3, 1, 6, 2, 5, 4], [3, 2, 1, 6, 5, 4]]
Distance:38

(14)
A = 
{(5, 6, 2, 3, 4, 1), (6, 2, 3, 4, 5, 1), (1, 5, 4, 2, 6, 3), (6, 4, 5, 1, 2, 3)}
M(A) = 
[[4, 1, 5, 6, 2, 3], [4, 5, 1, 6, 2, 3], [4, 5, 6, 1, 2, 3], [4, 5, 6, 2, 1, 3]]
Distance: 19
B = 
{(1, 5, 6, 3, 2, 4), (1, 2, 4, 3, 5, 6), (4, 5, 6, 2, 1, 3), (4, 3, 2, 1, 5, 6)}
M(B) = 
[[4, 1, 5, 6, 2, 3], [4, 5, 1, 6, 2, 3], [4, 5, 6, 1, 2, 3], [4, 5, 6, 2, 1, 3]]
Distance: 22
M(A) inter A:
set()
M(B) inter B:
{(1, 2, 4, 3, 5, 6)}

AUB = 
{(5, 6, 2, 3, 4, 1), (1, 5, 6, 3, 2, 4), (6, 2, 3, 4, 5, 1), (6, 4, 5, 1, 2, 3), (1, 5, 4, 2, 6, 3), (4, 3, 2, 1, 5, 6), (1, 2, 4, 3, 5, 6), (4, 5, 6, 2, 1, 3)}
M(AUB) = 
[[4, 1, 5, 6, 2, 3], [4, 5, 1, 6, 2, 3], [4, 5, 6, 1, 2, 3], [4, 5, 6, 2, 1, 3]]
Distance:47

(15)
A = 
{(2, 4, 5, 1, 3, 6), (1, 2, 4, 3, 5, 6), (2, 3, 5, 4, 1, 6), (5, 2, 1, 4, 3, 6)}
M(A) = 
[[2, 3, 5, 1, 4, 6], [2, 5, 1, 3, 4, 6], [2, 5, 1, 4, 3, 6], [2, 5, 3, 1, 4, 6], [5, 2, 1, 3, 4, 6], [5, 2, 1, 4, 3, 6], [5, 2, 3, 1, 4, 6]]
Distance: 11
B = 
{(6, 4, 5, 2, 3, 1), (3, 1, 5, 2, 4, 6), (1, 5, 6, 3, 4, 2), (2, 3, 5, 1, 4, 6)}
M(B) = 
[[2, 3, 5, 1, 4, 6], [2, 5, 1, 3, 4, 6], [2, 5, 1, 4, 3, 6], [2, 5, 3, 1, 4, 6], [5, 2, 1, 3, 4, 6], [5, 2, 1, 4, 3, 6], [5, 2, 3, 1, 4, 6]]
Distance: 23
M(A) inter A:
set()
M(B) inter B:
{(3, 1, 5, 2, 4, 6)}

AUB = 
{(2, 4, 5, 1, 3, 6), (6, 4, 5, 2, 3, 1), (5, 2, 1, 4, 3, 6), (1, 5, 6, 3, 4, 2), (2, 3, 5, 1, 4, 6), (3, 1, 5, 2, 4, 6), (1, 2, 4, 3, 5, 6), (2, 3, 5, 4, 1, 6)}
M(AUB) = 
[[2, 3, 5, 1, 4, 6], [2, 5, 1, 3, 4, 6], [2, 5, 1, 4, 3, 6], [2, 5, 3, 1, 4, 6], [5, 2, 1, 3, 4, 6], [5, 2, 1, 4, 3, 6], [5, 2, 3, 1, 4, 6]]
Distance:40

(16)
A = 
{(1, 4, 5, 6, 3, 2), (4, 2, 6, 1, 5, 3), (6, 5, 1, 4, 2, 3), (6, 1, 3, 5, 2, 4)}
M(A) = 
[[4, 6, 1, 2, 3, 5], [4, 6, 1, 2, 5, 3], [4, 6, 1, 5, 2, 3], [4, 6, 2, 1, 3, 5], [4, 6, 2, 1, 5, 3], [4, 6, 2, 5, 1, 3], [4, 6, 5, 1, 2, 3], [4, 6, 5, 2, 1, 3]]
Distance: 16
B = 
{(4, 6, 2, 1, 3, 5), (2, 4, 3, 6, 5, 1), (5, 1, 6, 4, 2, 3), (4, 3, 2, 5, 6, 1)}
M(B) = 
[[4, 6, 1, 2, 3, 5], [4, 6, 1, 2, 5, 3], [4, 6, 1, 5, 2, 3], [4, 6, 2, 1, 3, 5], [4, 6, 2, 1, 5, 3], [4, 6, 2, 5, 1, 3], [4, 6, 5, 1, 2, 3], [4, 6, 5, 2, 1, 3]]
Distance: 18
M(A) inter A:
set()
M(B) inter B:
set()

AUB = 
{(1, 4, 5, 6, 3, 2), (5, 1, 6, 4, 2, 3), (6, 1, 3, 5, 2, 4), (4, 6, 2, 1, 3, 5), (4, 2, 6, 1, 5, 3), (4, 3, 2, 5, 6, 1), (6, 5, 1, 4, 2, 3), (2, 4, 3, 6, 5, 1)}
M(AUB) = 
[[4, 6, 1, 2, 3, 5], [4, 6, 1, 2, 5, 3], [4, 6, 1, 5, 2, 3], [4, 6, 2, 1, 3, 5], [4, 6, 2, 1, 5, 3], [4, 6, 2, 5, 1, 3], [4, 6, 5, 1, 2, 3], [4, 6, 5, 2, 1, 3]]
Distance:44

(17)
A = 
{(2, 5, 4, 3, 1, 6), (1, 6, 2, 4, 5, 3), (1, 3, 2, 4, 6, 5), (1, 5, 6, 4, 3, 2)}
M(A) = 
[[1, 3, 6, 2, 4, 5], [1, 3, 6, 2, 5, 4], [1, 3, 6, 4, 2, 5], [1, 3, 6, 4, 5, 2], [1, 3, 6, 5, 2, 4], [1, 3, 6, 5, 4, 2], [1, 5, 3, 6, 2, 4], [1, 5, 3, 6, 4, 2], [1, 6, 4, 5, 3, 2], [1, 6, 5, 3, 2, 4], [1, 6, 5, 3, 4, 2], [1, 6, 5, 4, 3, 2], [3, 1, 6, 2, 4, 5], [3, 1, 6, 2, 5, 4], [3, 1, 6, 4, 2, 5], [3, 1, 6, 4, 5, 2], [3, 1, 6, 5, 2, 4], [3, 1, 6, 5, 4, 2], [5, 1, 3, 6, 2, 4], [5, 1, 3, 6, 4, 2], [5, 3, 1, 6, 2, 4], [5, 3, 1, 6, 4, 2]]
Distance: 20
B = 
{(5, 3, 1, 6, 4, 2), (4, 6, 5, 3, 2, 1), (1, 3, 6, 4, 5, 2), (3, 6, 2, 5, 1, 4)}
M(B) = 
[[1, 3, 6, 2, 4, 5], [1, 3, 6, 2, 5, 4], [1, 3, 6, 4, 2, 5], [1, 3, 6, 4, 5, 2], [1, 3, 6, 5, 2, 4], [1, 3, 6, 5, 4, 2], [1, 5, 3, 6, 2, 4], [1, 5, 3, 6, 4, 2], [1, 6, 4, 5, 3, 2], [1, 6, 5, 3, 2, 4], [1, 6, 5, 3, 4, 2], [1, 6, 5, 4, 3, 2], [3, 1, 6, 2, 4, 5], [3, 1, 6, 2, 5, 4], [3, 1, 6, 4, 2, 5], [3, 1, 6, 4, 5, 2], [3, 1, 6, 5, 2, 4], [3, 1, 6, 5, 4, 2], [5, 1, 3, 6, 2, 4], [5, 1, 3, 6, 4, 2], [5, 3, 1, 6, 2, 4], [5, 3, 1, 6, 4, 2]]
Distance: 17
M(A) inter A:
set()
M(B) inter B:
set()

AUB = 
{(2, 5, 4, 3, 1, 6), (1, 6, 2, 4, 5, 3), (1, 3, 2, 4, 6, 5), (1, 3, 6, 4, 5, 2), (3, 6, 2, 5, 1, 4), (1, 5, 6, 4, 3, 2), (5, 3, 1, 6, 4, 2), (4, 6, 5, 3, 2, 1)}
M(AUB) = 
[[1, 3, 6, 2, 4, 5], [1, 3, 6, 2, 5, 4], [1, 3, 6, 4, 2, 5], [1, 3, 6, 4, 5, 2], [1, 3, 6, 5, 2, 4], [1, 3, 6, 5, 4, 2], [1, 5, 3, 6, 2, 4], [1, 5, 3, 6, 4, 2], [1, 6, 4, 5, 3, 2], [1, 6, 5, 3, 2, 4], [1, 6, 5, 3, 4, 2], [1, 6, 5, 4, 3, 2], [3, 1, 6, 2, 4, 5], [3, 1, 6, 2, 5, 4], [3, 1, 6, 4, 2, 5], [3, 1, 6, 4, 5, 2], [3, 1, 6, 5, 2, 4], [3, 1, 6, 5, 4, 2], [5, 1, 3, 6, 2, 4], [5, 1, 3, 6, 4, 2], [5, 3, 1, 6, 2, 4], [5, 3, 1, 6, 4, 2]]
Distance:49

(18)
A = 
{(2, 3, 1, 6, 5, 4), (6, 4, 1, 2, 3, 5), (6, 3, 4, 5, 2, 1), (1, 6, 5, 2, 4, 3)}
M(A) = 
[[1, 6, 2, 3, 4, 5], [6, 1, 2, 3, 4, 5], [6, 2, 1, 3, 4, 5], [6, 2, 3, 1, 4, 5], [6, 2, 3, 4, 1, 5]]
Distance: 21
B = 
{(4, 5, 3, 6, 1, 2), (6, 2, 3, 4, 1, 5), (1, 3, 2, 4, 5, 6), (2, 1, 3, 5, 6, 4)}
M(B) = 
[[1, 6, 2, 3, 4, 5], [6, 1, 2, 3, 4, 5], [6, 2, 1, 3, 4, 5], [6, 2, 3, 1, 4, 5], [6, 2, 3, 4, 1, 5]]
Distance: 22
M(A) inter A:
set()
M(B) inter B:
{(1, 3, 2, 4, 5, 6)}

AUB = 
{(2, 3, 1, 6, 5, 4), (1, 3, 2, 4, 5, 6), (6, 4, 1, 2, 3, 5), (1, 6, 5, 2, 4, 3), (6, 2, 3, 4, 1, 5), (4, 5, 3, 6, 1, 2), (6, 3, 4, 5, 2, 1), (2, 1, 3, 5, 6, 4)}
M(AUB) = 
[[1, 6, 2, 3, 4, 5], [6, 1, 2, 3, 4, 5], [6, 2, 1, 3, 4, 5], [6, 2, 3, 1, 4, 5], [6, 2, 3, 4, 1, 5]]
Distance:47

(19)
A = 
{(6, 3, 5, 2, 1, 4), (6, 4, 5, 2, 3, 1), (1, 4, 6, 5, 2, 3), (3, 2, 1, 4, 5, 6)}
M(A) = 
[[2, 1, 4, 5, 6, 3], [2, 1, 4, 6, 3, 5], [2, 1, 4, 6, 5, 3]]
Distance: 24
B = 
{(6, 4, 2, 1, 5, 3), (1, 4, 3, 5, 2, 6), (3, 1, 2, 5, 4, 6), (2, 5, 1, 4, 6, 3)}
M(B) = 
[[2, 1, 4, 5, 6, 3], [2, 1, 4, 6, 3, 5], [2, 1, 4, 6, 5, 3]]
Distance: 21
M(A) inter A:
set()
M(B) inter B:
set()

AUB = 
{(6, 4, 5, 2, 3, 1), (1, 4, 6, 5, 2, 3), (6, 3, 5, 2, 1, 4), (3, 2, 1, 4, 5, 6), (1, 4, 3, 5, 2, 6), (6, 4, 2, 1, 5, 3), (3, 1, 2, 5, 4, 6), (2, 5, 1, 4, 6, 3)}
M(AUB) = 
[[2, 1, 4, 5, 6, 3], [2, 1, 4, 6, 3, 5], [2, 1, 4, 6, 5, 3]]
Distance:51

(20)
A = 
{(3, 4, 1, 5, 2, 6), (4, 3, 1, 6, 2, 5), (6, 2, 3, 1, 4, 5), (3, 4, 2, 6, 1, 5)}
M(A) = 
[[3, 4, 6, 2, 1, 5], [3, 6, 2, 4, 1, 5], [3, 6, 4, 2, 1, 5], [6, 3, 2, 4, 1, 5], [6, 3, 4, 2, 1, 5]]
Distance: 14
B = 
{(1, 6, 3, 5, 2, 4), (4, 6, 2, 3, 5, 1), (6, 3, 5, 2, 4, 1), (3, 2, 5, 6, 4, 1)}
M(B) = 
[[3, 4, 6, 2, 1, 5], [3, 6, 2, 4, 1, 5], [3, 6, 4, 2, 1, 5], [6, 3, 2, 4, 1, 5], [6, 3, 4, 2, 1, 5]]
Distance: 15
M(A) inter A:
set()
M(B) inter B:
{(6, 3, 5, 2, 4, 1)}

AUB = 
{(4, 6, 2, 3, 5, 1), (1, 6, 3, 5, 2, 4), (3, 2, 5, 6, 4, 1), (6, 2, 3, 1, 4, 5), (3, 4, 2, 6, 1, 5), (3, 4, 1, 5, 2, 6), (4, 3, 1, 6, 2, 5), (6, 3, 5, 2, 4, 1)}
M(AUB) = 
[[3, 4, 6, 2, 1, 5], [3, 6, 2, 4, 1, 5], [3, 6, 4, 2, 1, 5], [6, 3, 2, 4, 1, 5], [6, 3, 4, 2, 1, 5]]
Distance:39

(21)
A = 
{(4, 2, 3, 5, 1, 6), (1, 3, 2, 4, 5, 6), (3, 2, 4, 1, 5, 6), (2, 5, 3, 1, 4, 6)}
M(A) = 
[[1, 2, 3, 5, 4, 6], [1, 2, 3, 5, 6, 4], [1, 2, 5, 3, 4, 6], [1, 2, 5, 3, 6, 4], [1, 2, 5, 6, 3, 4], [1, 3, 2, 5, 4, 6], [1, 3, 2, 5, 6, 4], [2, 1, 3, 5, 4, 6], [2, 1, 3, 5, 6, 4], [2, 1, 5, 3, 4, 6], [2, 1, 5, 3, 6, 4], [2, 1, 5, 6, 3, 4]]
Distance: 12
B = 
{(6, 1, 5, 4, 3, 2), (2, 1, 6, 3, 5, 4), (1, 5, 6, 4, 2, 3), (6, 1, 5, 3, 2, 4)}
M(B) = 
[[1, 2, 3, 5, 4, 6], [1, 2, 3, 5, 6, 4], [1, 2, 5, 3, 4, 6], [1, 2, 5, 3, 6, 4], [1, 2, 5, 6, 3, 4], [1, 3, 2, 5, 4, 6], [1, 3, 2, 5, 6, 4], [2, 1, 3, 5, 4, 6], [2, 1, 3, 5, 6, 4], [2, 1, 5, 3, 4, 6], [2, 1, 5, 3, 6, 4], [2, 1, 5, 6, 3, 4]]
Distance: 13
M(A) inter A:
set()
M(B) inter B:
{(6, 1, 5, 4, 3, 2), (6, 1, 5, 3, 2, 4)}

AUB = 
{(1, 3, 2, 4, 5, 6), (1, 5, 6, 4, 2, 3), (6, 1, 5, 3, 2, 4), (4, 2, 3, 5, 1, 6), (2, 1, 6, 3, 5, 4), (6, 1, 5, 4, 3, 2), (3, 2, 4, 1, 5, 6), (2, 5, 3, 1, 4, 6)}
M(AUB) = 
[[1, 2, 3, 5, 4, 6], [1, 2, 3, 5, 6, 4], [1, 2, 5, 3, 4, 6], [1, 2, 5, 3, 6, 4], [1, 2, 5, 6, 3, 4], [1, 3, 2, 5, 4, 6], [1, 3, 2, 5, 6, 4], [2, 1, 3, 5, 4, 6], [2, 1, 3, 5, 6, 4], [2, 1, 5, 3, 4, 6], [2, 1, 5, 3, 6, 4], [2, 1, 5, 6, 3, 4]]
Distance:47

(22)
A = 
{(1, 4, 3, 6, 2, 5), (2, 6, 5, 3, 4, 1), (6, 1, 2, 3, 5, 4), (1, 6, 5, 2, 3, 4)}
M(A) = 
[[6, 2, 4, 5, 1, 3], [6, 2, 5, 4, 1, 3]]
Distance: 16
B = 
{(6, 2, 4, 5, 1, 3), (4, 6, 3, 2, 5, 1), (4, 2, 5, 3, 6, 1), (2, 5, 4, 1, 3, 6)}
M(B) = 
[[6, 2, 4, 5, 1, 3], [6, 2, 5, 4, 1, 3]]
Distance: 15
M(A) inter A:
set()
M(B) inter B:
{(4, 2, 5, 3, 6, 1)}

AUB = 
{(2, 6, 5, 3, 4, 1), (6, 1, 2, 3, 5, 4), (4, 2, 5, 3, 6, 1), (1, 4, 3, 6, 2, 5), (2, 5, 4, 1, 3, 6), (6, 2, 4, 5, 1, 3), (4, 6, 3, 2, 5, 1), (1, 6, 5, 2, 3, 4)}
M(AUB) = 
[[6, 2, 4, 5, 1, 3], [6, 2, 5, 4, 1, 3]]
Distance:43

(23)
A = 
{(4, 1, 6, 2, 3, 5), (3, 5, 1, 2, 6, 4), (6, 5, 3, 1, 2, 4), (6, 3, 5, 4, 2, 1)}
M(A) = 
[[2, 3, 6, 5, 1, 4], [3, 2, 6, 5, 1, 4], [3, 5, 1, 2, 6, 4], [3, 5, 2, 1, 6, 4], [3, 5, 2, 6, 1, 4], [3, 6, 5, 1, 2, 4], [3, 6, 5, 2, 1, 4]]
Distance: 18
B = 
{(5, 2, 3, 1, 6, 4), (3, 2, 6, 1, 4, 5), (1, 2, 3, 4, 6, 5), (5, 2, 3, 6, 4, 1)}
M(B) = 
[[2, 3, 6, 5, 1, 4], [3, 2, 6, 5, 1, 4], [3, 5, 1, 2, 6, 4], [3, 5, 2, 1, 6, 4], [3, 5, 2, 6, 1, 4], [3, 6, 5, 1, 2, 4], [3, 6, 5, 2, 1, 4]]
Distance: 17
M(A) inter A:
set()
M(B) inter B:
{(5, 2, 3, 1, 6, 4)}

AUB = 
{(4, 1, 6, 2, 3, 5), (3, 5, 1, 2, 6, 4), (3, 2, 6, 1, 4, 5), (6, 3, 5, 4, 2, 1), (1, 2, 3, 4, 6, 5), (6, 5, 3, 1, 2, 4), (5, 2, 3, 1, 6, 4), (5, 2, 3, 6, 4, 1)}
M(AUB) = 
[[2, 3, 6, 5, 1, 4], [3, 2, 6, 5, 1, 4], [3, 5, 1, 2, 6, 4], [3, 5, 2, 1, 6, 4], [3, 5, 2, 6, 1, 4], [3, 6, 5, 1, 2, 4], [3, 6, 5, 2, 1, 4]]
Distance:45

(24)
A = 
{(3, 2, 1, 4, 6, 5), (1, 3, 6, 2, 4, 5), (6, 2, 4, 3, 5, 1), (4, 6, 5, 1, 3, 2)}
M(A) = 
[[4, 6, 3, 2, 5, 1]]
Distance: 21
B = 
{(4, 6, 2, 5, 1, 3), (6, 3, 4, 5, 2, 1), (5, 1, 4, 6, 2, 3), (4, 3, 2, 1, 6, 5)}
M(B) = 
[[4, 6, 3, 2, 5, 1]]
Distance: 19
M(A) inter A:
set()
M(B) inter B:
{(4, 6, 2, 5, 1, 3)}

AUB = 
{(4, 6, 5, 1, 3, 2), (4, 3, 2, 1, 6, 5), (3, 2, 1, 4, 6, 5), (6, 2, 4, 3, 5, 1), (1, 3, 6, 2, 4, 5), (5, 1, 4, 6, 2, 3), (6, 3, 4, 5, 2, 1), (4, 6, 2, 5, 1, 3)}
M(AUB) = 
[[4, 6, 3, 2, 5, 1]]
Distance:42

(25)
A = 
{(4, 1, 3, 2, 5, 6), (3, 5, 4, 6, 2, 1), (2, 3, 4, 1, 6, 5), (4, 3, 2, 5, 1, 6)}
M(A) = 
[[3, 2, 4, 1, 5, 6], [3, 4, 2, 1, 5, 6], [4, 3, 2, 1, 5, 6]]
Distance: 13
B = 
{(1, 4, 3, 2, 6, 5), (2, 1, 4, 5, 6, 3), (3, 2, 4, 5, 6, 1), (3, 6, 2, 1, 5, 4)}
M(B) = 
[[3, 2, 4, 1, 5, 6], [3, 4, 2, 1, 5, 6], [4, 3, 2, 1, 5, 6]]
Distance: 18
M(A) inter A:
set()
M(B) inter B:
set()

AUB = 
{(4, 1, 3, 2, 5, 6), (1, 4, 3, 2, 6, 5), (3, 5, 4, 6, 2, 1), (3, 6, 2, 1, 5, 4), (3, 2, 4, 5, 6, 1), (2, 3, 4, 1, 6, 5), (4, 3, 2, 5, 1, 6), (2, 1, 4, 5, 6, 3)}
M(AUB) = 
[[3, 2, 4, 1, 5, 6], [3, 4, 2, 1, 5, 6], [4, 3, 2, 1, 5, 6]]
Distance:35

(26)
A = 
{(3, 4, 2, 1, 5, 6), (1, 3, 2, 4, 6, 5), (6, 3, 1, 5, 2, 4), (2, 4, 3, 5, 6, 1)}
M(A) = 
[[3, 2, 4, 1, 5, 6], [3, 2, 4, 1, 6, 5], [3, 4, 1, 2, 5, 6], [3, 4, 1, 2, 6, 5], [3, 4, 2, 1, 5, 6], [3, 4, 2, 1, 6, 5], [4, 3, 1, 2, 5, 6], [4, 3, 1, 2, 6, 5], [4, 3, 2, 1, 5, 6], [4, 3, 2, 1, 6, 5]]
Distance: 18
B = 
{(4, 5, 2, 1, 3, 6), (4, 3, 1, 5, 2, 6), (3, 2, 4, 1, 6, 5), (4, 1, 6, 3, 2, 5)}
M(B) = 
[[3, 2, 4, 1, 5, 6], [3, 2, 4, 1, 6, 5], [3, 4, 1, 2, 5, 6], [3, 4, 1, 2, 6, 5], [3, 4, 2, 1, 5, 6], [3, 4, 2, 1, 6, 5], [4, 3, 1, 2, 5, 6], [4, 3, 1, 2, 6, 5], [4, 3, 2, 1, 5, 6], [4, 3, 2, 1, 6, 5]]
Distance: 15
M(A) inter A:
set()
M(B) inter B:
{(4, 3, 1, 5, 2, 6)}

AUB = 
{(4, 5, 2, 1, 3, 6), (3, 4, 2, 1, 5, 6), (4, 1, 6, 3, 2, 5), (6, 3, 1, 5, 2, 4), (4, 3, 1, 5, 2, 6), (1, 3, 2, 4, 6, 5), (2, 4, 3, 5, 6, 1), (3, 2, 4, 1, 6, 5)}
M(AUB) = 
[[3, 2, 4, 1, 5, 6], [3, 2, 4, 1, 6, 5], [3, 4, 1, 2, 5, 6], [3, 4, 1, 2, 6, 5], [3, 4, 2, 1, 5, 6], [3, 4, 2, 1, 6, 5], [4, 3, 1, 2, 5, 6], [4, 3, 1, 2, 6, 5], [4, 3, 2, 1, 5, 6], [4, 3, 2, 1, 6, 5]]
Distance:37

(27)
A = 
{(2, 5, 1, 6, 3, 4), (5, 4, 2, 1, 6, 3), (3, 1, 4, 5, 6, 2), (2, 4, 5, 1, 6, 3)}
M(A) = 
[[2, 1, 4, 5, 3, 6], [2, 1, 4, 5, 6, 3], [2, 1, 5, 3, 4, 6], [2, 1, 5, 4, 3, 6], [2, 1, 5, 4, 6, 3], [2, 5, 1, 3, 4, 6], [2, 5, 1, 4, 3, 6], [2, 5, 1, 4, 6, 3]]
Distance: 18
B = 
{(3, 6, 1, 5, 4, 2), (2, 1, 4, 3, 5, 6), (6, 4, 2, 5, 3, 1), (2, 1, 5, 3, 4, 6)}
M(B) = 
[[2, 1, 4, 5, 3, 6], [2, 1, 4, 5, 6, 3], [2, 1, 5, 3, 4, 6], [2, 1, 5, 4, 3, 6], [2, 1, 5, 4, 6, 3], [2, 5, 1, 3, 4, 6], [2, 5, 1, 4, 3, 6], [2, 5, 1, 4, 6, 3]]
Distance: 24
M(A) inter A:
set()
M(B) inter B:
{(2, 1, 4, 3, 5, 6), (2, 1, 5, 3, 4, 6)}

AUB = 
{(2, 1, 5, 3, 4, 6), (3, 1, 4, 5, 6, 2), (2, 1, 4, 3, 5, 6), (2, 5, 1, 6, 3, 4), (2, 4, 5, 1, 6, 3), (3, 6, 1, 5, 4, 2), (6, 4, 2, 5, 3, 1), (5, 4, 2, 1, 6, 3)}
M(AUB) = 
[[2, 1, 4, 5, 3, 6], [2, 1, 4, 5, 6, 3], [2, 1, 5, 3, 4, 6], [2, 1, 5, 4, 3, 6], [2, 1, 5, 4, 6, 3], [2, 5, 1, 3, 4, 6], [2, 5, 1, 4, 3, 6], [2, 5, 1, 4, 6, 3]]
Distance:46

(28)
A = 
{(5, 1, 3, 6, 4, 2), (1, 6, 4, 5, 2, 3), (2, 4, 1, 3, 6, 5), (5, 4, 2, 6, 3, 1)}
M(A) = 
[[2, 1, 3, 4, 6, 5], [2, 1, 3, 6, 4, 5], [2, 1, 3, 6, 5, 4], [2, 1, 6, 3, 4, 5], [2, 1, 6, 3, 5, 4], [2, 1, 6, 5, 3, 4]]
Distance: 23
B = 
{(2, 1, 3, 4, 5, 6), (3, 2, 4, 1, 6, 5), (2, 1, 6, 3, 5, 4), (6, 5, 3, 1, 4, 2)}
M(B) = 
[[2, 1, 3, 4, 6, 5], [2, 1, 3, 6, 4, 5], [2, 1, 3, 6, 5, 4], [2, 1, 6, 3, 4, 5], [2, 1, 6, 3, 5, 4], [2, 1, 6, 5, 3, 4]]
Distance: 19
M(A) inter A:
set()
M(B) inter B:
{(2, 1, 6, 3, 5, 4)}

AUB = 
{(5, 1, 3, 6, 4, 2), (3, 2, 4, 1, 6, 5), (2, 1, 3, 4, 5, 6), (2, 4, 1, 3, 6, 5), (6, 5, 3, 1, 4, 2), (1, 6, 4, 5, 2, 3), (2, 1, 6, 3, 5, 4), (5, 4, 2, 6, 3, 1)}
M(AUB) = 
[[2, 1, 3, 4, 6, 5], [2, 1, 3, 6, 4, 5], [2, 1, 3, 6, 5, 4], [2, 1, 6, 3, 4, 5], [2, 1, 6, 3, 5, 4], [2, 1, 6, 5, 3, 4]]
Distance:50

(29)
A = 
{(1, 3, 5, 6, 2, 4), (5, 2, 4, 3, 1, 6), (6, 2, 4, 5, 3, 1), (5, 6, 4, 3, 1, 2)}
M(A) = 
[[5, 6, 2, 3, 1, 4], [5, 6, 2, 3, 4, 1], [5, 6, 2, 4, 3, 1], [5, 6, 3, 2, 1, 4], [5, 6, 3, 2, 4, 1], [6, 5, 2, 3, 1, 4], [6, 5, 2, 3, 4, 1], [6, 5, 2, 4, 3, 1], [6, 5, 3, 2, 1, 4], [6, 5, 3, 2, 4, 1]]
Distance: 19
B = 
{(6, 5, 2, 3, 1, 4), (6, 3, 5, 2, 4, 1), (5, 1, 4, 3, 6, 2), (2, 1, 6, 3, 4, 5)}
M(B) = 
[[5, 6, 2, 3, 1, 4], [5, 6, 2, 3, 4, 1], [5, 6, 2, 4, 3, 1], [5, 6, 3, 2, 1, 4], [5, 6, 3, 2, 4, 1], [6, 5, 2, 3, 1, 4], [6, 5, 2, 3, 4, 1], [6, 5, 2, 4, 3, 1], [6, 5, 3, 2, 1, 4], [6, 5, 3, 2, 4, 1]]
Distance: 19
M(A) inter A:
set()
M(B) inter B:
{(6, 5, 2, 3, 1, 4)}

AUB = 
{(1, 3, 5, 6, 2, 4), (5, 2, 4, 3, 1, 6), (5, 1, 4, 3, 6, 2), (5, 6, 4, 3, 1, 2), (6, 5, 2, 3, 1, 4), (6, 3, 5, 2, 4, 1), (6, 2, 4, 5, 3, 1), (2, 1, 6, 3, 4, 5)}
M(AUB) = 
[[5, 6, 2, 3, 1, 4], [5, 6, 2, 3, 4, 1], [5, 6, 2, 4, 3, 1], [5, 6, 3, 2, 1, 4], [5, 6, 3, 2, 4, 1], [6, 5, 2, 3, 1, 4], [6, 5, 2, 3, 4, 1], [6, 5, 2, 4, 3, 1], [6, 5, 3, 2, 1, 4], [6, 5, 3, 2, 4, 1]]
Distance:44

(30)
A = 
{(6, 1, 2, 5, 3, 4), (1, 4, 5, 3, 6, 2), (4, 5, 6, 3, 1, 2), (5, 3, 2, 6, 1, 4)}
M(A) = 
[[5, 6, 1, 3, 2, 4], [5, 6, 1, 3, 4, 2], [5, 6, 1, 4, 3, 2], [5, 6, 3, 1, 2, 4], [5, 6, 3, 1, 4, 2]]
Distance: 21
B = 
{(3, 2, 5, 4, 6, 1), (1, 6, 4, 3, 2, 5), (6, 5, 3, 1, 2, 4), (4, 5, 6, 1, 2, 3)}
M(B) = 
[[5, 6, 1, 3, 2, 4], [5, 6, 1, 3, 4, 2], [5, 6, 1, 4, 3, 2], [5, 6, 3, 1, 2, 4], [5, 6, 3, 1, 4, 2]]
Distance: 24
M(A) inter A:
{(4, 5, 6, 3, 1, 2)}
M(B) inter B:
{(6, 5, 3, 1, 2, 4)}

AUB = 
{(6, 1, 2, 5, 3, 4), (3, 2, 5, 4, 6, 1), (1, 6, 4, 3, 2, 5), (6, 5, 3, 1, 2, 4), (1, 4, 5, 3, 6, 2), (4, 5, 6, 1, 2, 3), (5, 3, 2, 6, 1, 4), (4, 5, 6, 3, 1, 2)}
M(AUB) = 
[[5, 6, 1, 3, 2, 4], [5, 6, 1, 3, 4, 2], [5, 6, 1, 4, 3, 2], [5, 6, 3, 1, 2, 4], [5, 6, 3, 1, 4, 2]]
Distance:45

(31)
A = 
{(5, 1, 6, 2, 4, 3), (1, 6, 5, 3, 2, 4), (3, 6, 5, 1, 2, 4), (2, 3, 4, 6, 1, 5)}
M(A) = 
[[3, 1, 2, 5, 6, 4], [3, 1, 2, 6, 5, 4], [3, 1, 5, 2, 6, 4], [3, 1, 5, 6, 2, 4], [3, 1, 6, 2, 5, 4], [3, 1, 6, 5, 2, 4]]
Distance: 20
B = 
{(1, 2, 3, 5, 4, 6), (3, 2, 1, 5, 6, 4), (5, 3, 1, 2, 6, 4), (6, 4, 3, 1, 2, 5)}
M(B) = 
[[3, 1, 2, 5, 6, 4], [3, 1, 2, 6, 5, 4], [3, 1, 5, 2, 6, 4], [3, 1, 5, 6, 2, 4], [3, 1, 6, 2, 5, 4], [3, 1, 6, 5, 2, 4]]
Distance: 15
M(A) inter A:
set()
M(B) inter B:
set()

AUB = 
{(5, 3, 1, 2, 6, 4), (3, 2, 1, 5, 6, 4), (6, 4, 3, 1, 2, 5), (3, 6, 5, 1, 2, 4), (1, 6, 5, 3, 2, 4), (1, 2, 3, 5, 4, 6), (2, 3, 4, 6, 1, 5), (5, 1, 6, 2, 4, 3)}
M(AUB) = 
[[3, 1, 2, 5, 6, 4], [3, 1, 2, 6, 5, 4], [3, 1, 5, 2, 6, 4], [3, 1, 5, 6, 2, 4], [3, 1, 6, 2, 5, 4], [3, 1, 6, 5, 2, 4]]
Distance:41

(32)
A = 
{(5, 6, 1, 3, 2, 4), (1, 4, 6, 3, 2, 5), (4, 3, 2, 1, 5, 6), (6, 1, 4, 2, 3, 5)}
M(A) = 
[[1, 4, 3, 2, 5, 6]]
Distance: 18
B = 
{(5, 3, 1, 4, 2, 6), (4, 2, 5, 3, 1, 6), (4, 3, 5, 1, 2, 6), (1, 4, 2, 3, 6, 5)}
M(B) = 
[[1, 4, 3, 2, 5, 6]]
Distance: 14
M(A) inter A:
set()
M(B) inter B:
{(4, 3, 5, 1, 2, 6)}

AUB = 
{(5, 6, 1, 3, 2, 4), (5, 3, 1, 4, 2, 6), (1, 4, 2, 3, 6, 5), (6, 1, 4, 2, 3, 5), (1, 4, 6, 3, 2, 5), (4, 3, 2, 1, 5, 6), (4, 2, 5, 3, 1, 6), (4, 3, 5, 1, 2, 6)}
M(AUB) = 
[[1, 4, 3, 2, 5, 6]]
Distance:40

(33)
A = 
{(1, 6, 2, 3, 4, 5), (3, 6, 4, 1, 5, 2), (1, 5, 4, 6, 2, 3), (2, 4, 5, 3, 6, 1)}
M(A) = 
[[1, 3, 4, 6, 2, 5], [3, 1, 4, 6, 2, 5], [3, 4, 1, 6, 2, 5], [3, 4, 6, 1, 2, 5]]
Distance: 25
B = 
{(1, 3, 4, 6, 2, 5), (5, 4, 2, 6, 1, 3), (3, 1, 2, 5, 4, 6), (3, 6, 2, 4, 5, 1)}
M(B) = 
[[1, 3, 4, 6, 2, 5], [3, 1, 4, 6, 2, 5], [3, 4, 1, 6, 2, 5], [3, 4, 6, 1, 2, 5]]
Distance: 24
M(A) inter A:
set()
M(B) inter B:
{(3, 1, 2, 5, 4, 6), (1, 3, 4, 6, 2, 5)}

AUB = 
{(5, 4, 2, 6, 1, 3), (1, 3, 4, 6, 2, 5), (1, 5, 4, 6, 2, 3), (2, 4, 5, 3, 6, 1), (3, 6, 4, 1, 5, 2), (3, 1, 2, 5, 4, 6), (3, 6, 2, 4, 5, 1), (1, 6, 2, 3, 4, 5)}
M(AUB) = 
[[1, 3, 4, 6, 2, 5], [3, 1, 4, 6, 2, 5], [3, 4, 1, 6, 2, 5], [3, 4, 6, 1, 2, 5]]
Distance:51

(34)
A = 
{(5, 6, 4, 3, 1, 2), (4, 3, 5, 1, 2, 6), (2, 4, 3, 5, 6, 1), (2, 5, 6, 1, 4, 3)}
M(A) = 
[[2, 4, 3, 5, 6, 1], [4, 2, 3, 5, 6, 1]]
Distance: 20
B = 
{(6, 2, 1, 3, 5, 4), (6, 4, 2, 1, 5, 3), (3, 1, 4, 2, 6, 5), (2, 1, 3, 5, 4, 6)}
M(B) = 
[[2, 4, 3, 5, 6, 1], [4, 2, 3, 5, 6, 1]]
Distance: 19
M(A) inter A:
set()
M(B) inter B:
{(6, 2, 1, 3, 5, 4)}

AUB = 
{(5, 6, 4, 3, 1, 2), (6, 4, 2, 1, 5, 3), (2, 5, 6, 1, 4, 3), (2, 4, 3, 5, 6, 1), (6, 2, 1, 3, 5, 4), (4, 3, 5, 1, 2, 6), (3, 1, 4, 2, 6, 5), (2, 1, 3, 5, 4, 6)}
M(AUB) = 
[[2, 4, 3, 5, 6, 1], [4, 2, 3, 5, 6, 1]]
Distance:51

(35)
A = 
{(5, 3, 1, 6, 4, 2), (5, 3, 2, 1, 4, 6), (5, 4, 3, 2, 1, 6), (5, 6, 1, 2, 3, 4)}
M(A) = 
[[5, 1, 3, 2, 4, 6], [5, 1, 3, 2, 6, 4], [5, 3, 1, 2, 4, 6], [5, 3, 1, 2, 6, 4], [5, 3, 2, 1, 4, 6], [5, 3, 2, 1, 6, 4]]
Distance: 14
B = 
{(1, 2, 6, 5, 4, 3), (2, 1, 4, 6, 5, 3), (6, 1, 3, 4, 5, 2), (3, 2, 4, 6, 5, 1)}
M(B) = 
[[5, 1, 3, 2, 4, 6], [5, 1, 3, 2, 6, 4], [5, 3, 1, 2, 4, 6], [5, 3, 1, 2, 6, 4], [5, 3, 2, 1, 4, 6], [5, 3, 2, 1, 6, 4]]
Distance: 20
M(A) inter A:
set()
M(B) inter B:
{(2, 1, 4, 6, 5, 3)}

AUB = 
{(1, 2, 6, 5, 4, 3), (5, 6, 1, 2, 3, 4), (2, 1, 4, 6, 5, 3), (5, 3, 2, 1, 4, 6), (5, 4, 3, 2, 1, 6), (5, 3, 1, 6, 4, 2), (6, 1, 3, 4, 5, 2), (3, 2, 4, 6, 5, 1)}
M(AUB) = 
[[5, 1, 3, 2, 4, 6], [5, 1, 3, 2, 6, 4], [5, 3, 1, 2, 4, 6], [5, 3, 1, 2, 6, 4], [5, 3, 2, 1, 4, 6], [5, 3, 2, 1, 6, 4]]
Distance:48

(36)
A = 
{(2, 1, 6, 5, 3, 4), (2, 1, 4, 6, 5, 3), (3, 1, 2, 4, 5, 6), (5, 1, 4, 2, 3, 6)}
M(A) = 
[[1, 5, 2, 4, 6, 3], [1, 5, 4, 2, 6, 3], [5, 1, 2, 4, 6, 3], [5, 1, 4, 2, 6, 3], [5, 2, 1, 4, 6, 3]]
Distance: 17
B = 
{(1, 6, 3, 5, 4, 2), (4, 5, 1, 6, 3, 2), (5, 4, 2, 1, 6, 3), (6, 3, 5, 2, 1, 4)}
M(B) = 
[[1, 5, 2, 4, 6, 3], [1, 5, 4, 2, 6, 3], [5, 1, 2, 4, 6, 3], [5, 1, 4, 2, 6, 3], [5, 2, 1, 4, 6, 3]]
Distance: 19
M(A) inter A:
set()
M(B) inter B:
set()

AUB = 
{(6, 3, 5, 2, 1, 4), (2, 1, 6, 5, 3, 4), (3, 1, 2, 4, 5, 6), (4, 5, 1, 6, 3, 2), (5, 1, 4, 2, 3, 6), (2, 1, 4, 6, 5, 3), (1, 6, 3, 5, 4, 2), (5, 4, 2, 1, 6, 3)}
M(AUB) = 
[[1, 5, 2, 4, 6, 3], [1, 5, 4, 2, 6, 3], [5, 1, 2, 4, 6, 3], [5, 1, 4, 2, 6, 3], [5, 2, 1, 4, 6, 3]]
Distance:46

(37)
A = 
{(2, 3, 5, 6, 1, 4), (5, 4, 3, 1, 2, 6), (3, 4, 2, 6, 5, 1), (5, 6, 4, 1, 3, 2)}
M(A) = 
[[4, 3, 2, 6, 1, 5], [4, 3, 2, 6, 5, 1]]
Distance: 19
B = 
{(6, 1, 4, 3, 5, 2), (4, 3, 2, 6, 1, 5), (1, 3, 6, 5, 4, 2), (2, 4, 3, 1, 6, 5)}
M(B) = 
[[4, 3, 2, 6, 1, 5], [4, 3, 2, 6, 5, 1]]
Distance: 19
M(A) inter A:
set()
M(B) inter B:
{(4, 3, 2, 6, 1, 5)}

AUB = 
{(2, 3, 5, 6, 1, 4), (6, 1, 4, 3, 5, 2), (1, 3, 6, 5, 4, 2), (2, 4, 3, 1, 6, 5), (5, 6, 4, 1, 3, 2), (3, 4, 2, 6, 5, 1), (5, 4, 3, 1, 2, 6), (4, 3, 2, 6, 1, 5)}
M(AUB) = 
[[4, 3, 2, 6, 1, 5], [4, 3, 2, 6, 5, 1]]
Distance:46

(38)
A = 
{(1, 5, 4, 2, 6, 3), (3, 6, 1, 2, 5, 4), (3, 4, 2, 5, 6, 1), (5, 3, 6, 4, 2, 1)}
M(A) = 
[[2, 5, 3, 1, 4, 6], [2, 5, 3, 1, 6, 4], [2, 5, 3, 4, 1, 6], [5, 2, 3, 1, 4, 6], [5, 2, 3, 1, 6, 4], [5, 2, 3, 4, 1, 6], [5, 3, 2, 1, 4, 6], [5, 3, 2, 1, 6, 4], [5, 3, 2, 4, 1, 6], [5, 3, 4, 2, 1, 6]]
Distance: 22
B = 
{(1, 5, 3, 2, 6, 4), (2, 3, 1, 6, 5, 4), (5, 2, 4, 3, 1, 6), (4, 2, 5, 1, 3, 6)}
M(B) = 
[[2, 5, 3, 1, 4, 6], [2, 5, 3, 1, 6, 4], [2, 5, 3, 4, 1, 6], [5, 2, 3, 1, 4, 6], [5, 2, 3, 1, 6, 4], [5, 2, 3, 4, 1, 6], [5, 3, 2, 1, 4, 6], [5, 3, 2, 1, 6, 4], [5, 3, 2, 4, 1, 6], [5, 3, 4, 2, 1, 6]]
Distance: 18
M(A) inter A:
set()
M(B) inter B:
{(5, 2, 4, 3, 1, 6)}

AUB = 
{(1, 5, 3, 2, 6, 4), (2, 3, 1, 6, 5, 4), (5, 2, 4, 3, 1, 6), (3, 4, 2, 5, 6, 1), (4, 2, 5, 1, 3, 6), (5, 3, 6, 4, 2, 1), (1, 5, 4, 2, 6, 3), (3, 6, 1, 2, 5, 4)}
M(AUB) = 
[[2, 5, 3, 1, 4, 6], [2, 5, 3, 1, 6, 4], [2, 5, 3, 4, 1, 6], [5, 2, 3, 1, 4, 6], [5, 2, 3, 1, 6, 4], [5, 2, 3, 4, 1, 6], [5, 3, 2, 1, 4, 6], [5, 3, 2, 1, 6, 4], [5, 3, 2, 4, 1, 6], [5, 3, 4, 2, 1, 6]]
Distance:46

(39)
A = 
{(1, 2, 3, 5, 6, 4), (6, 2, 1, 4, 3, 5), (1, 3, 2, 5, 6, 4), (1, 2, 5, 6, 3, 4)}
M(A) = 
[[1, 2, 3, 5, 6, 4], [1, 3, 2, 5, 6, 4], [1, 3, 5, 2, 6, 4]]
Distance: 10
B = 
{(3, 5, 1, 4, 2, 6), (3, 1, 5, 4, 2, 6), (5, 4, 2, 1, 6, 3), (5, 6, 4, 1, 3, 2)}
M(B) = 
[[1, 2, 3, 5, 6, 4], [1, 3, 2, 5, 6, 4], [1, 3, 5, 2, 6, 4]]
Distance: 16
M(A) inter A:
set()
M(B) inter B:
{(3, 5, 1, 4, 2, 6)}

AUB = 
{(3, 5, 1, 4, 2, 6), (3, 1, 5, 4, 2, 6), (5, 6, 4, 1, 3, 2), (1, 2, 3, 5, 6, 4), (1, 3, 2, 5, 6, 4), (6, 2, 1, 4, 3, 5), (1, 2, 5, 6, 3, 4), (5, 4, 2, 1, 6, 3)}
M(AUB) = 
[[1, 2, 3, 5, 6, 4], [1, 3, 2, 5, 6, 4], [1, 3, 5, 2, 6, 4]]
Distance:40

(40)
A = 
{(1, 2, 3, 4, 6, 5), (4, 3, 2, 6, 5, 1), (1, 5, 4, 3, 6, 2), (1, 5, 4, 6, 3, 2)}
M(A) = 
[[1, 5, 4, 3, 2, 6]]
Distance: 19
B = 
{(5, 6, 1, 3, 2, 4), (1, 5, 4, 3, 2, 6), (1, 2, 3, 6, 4, 5), (2, 6, 5, 4, 1, 3)}
M(B) = 
[[1, 5, 4, 3, 2, 6]]
Distance: 21
M(A) inter A:
set()
M(B) inter B:
set()

AUB = 
{(5, 6, 1, 3, 2, 4), (2, 6, 5, 4, 1, 3), (1, 2, 3, 6, 4, 5), (4, 3, 2, 6, 5, 1), (1, 5, 4, 3, 6, 2), (1, 2, 3, 4, 6, 5), (1, 5, 4, 3, 2, 6), (1, 5, 4, 6, 3, 2)}
M(AUB) = 
[[1, 5, 4, 3, 2, 6]]
Distance:44

(41)
A = 
{(2, 5, 1, 4, 3, 6), (4, 2, 3, 1, 5, 6), (5, 6, 2, 1, 4, 3), (6, 4, 1, 5, 2, 3)}
M(A) = 
[[2, 4, 5, 3, 6, 1], [2, 5, 3, 6, 4, 1], [2, 5, 4, 3, 6, 1], [2, 5, 6, 4, 3, 1]]
Distance: 22
B = 
{(6, 2, 4, 5, 3, 1), (2, 3, 1, 6, 4, 5), (5, 3, 4, 2, 6, 1), (2, 5, 3, 6, 4, 1)}
M(B) = 
[[2, 4, 5, 3, 6, 1], [2, 5, 3, 6, 4, 1], [2, 5, 4, 3, 6, 1], [2, 5, 6, 4, 3, 1]]
Distance: 15
M(A) inter A:
set()
M(B) inter B:
{(2, 5, 3, 6, 4, 1)}

AUB = 
{(5, 6, 2, 1, 4, 3), (2, 5, 3, 6, 4, 1), (6, 4, 1, 5, 2, 3), (4, 2, 3, 1, 5, 6), (2, 3, 1, 6, 4, 5), (5, 3, 4, 2, 6, 1), (2, 5, 1, 4, 3, 6), (6, 2, 4, 5, 3, 1)}
M(AUB) = 
[[2, 4, 5, 3, 6, 1], [2, 5, 3, 6, 4, 1], [2, 5, 4, 3, 6, 1], [2, 5, 6, 4, 3, 1]]
Distance:43

(42)
A = 
{(5, 2, 6, 1, 4, 3), (2, 3, 6, 4, 1, 5), (5, 2, 3, 6, 4, 1), (4, 3, 2, 1, 6, 5)}
M(A) = 
[[2, 3, 5, 6, 4, 1], [2, 3, 6, 4, 1, 5], [2, 3, 6, 4, 5, 1], [2, 3, 6, 5, 4, 1], [2, 5, 3, 6, 4, 1], [5, 2, 3, 6, 4, 1]]
Distance: 19
B = 
{(5, 4, 2, 6, 3, 1), (5, 3, 6, 2, 4, 1), (2, 3, 1, 4, 6, 5), (3, 6, 2, 4, 1, 5)}
M(B) = 
[[2, 3, 5, 6, 4, 1], [2, 3, 6, 4, 1, 5], [2, 3, 6, 4, 5, 1], [2, 3, 6, 5, 4, 1], [2, 5, 3, 6, 4, 1], [5, 2, 3, 6, 4, 1]]
Distance: 21
M(A) inter A:
{(5, 2, 3, 6, 4, 1), (2, 3, 6, 4, 1, 5)}
M(B) inter B:
{(5, 3, 6, 2, 4, 1), (3, 6, 2, 4, 1, 5)}

AUB = 
{(4, 3, 2, 1, 6, 5), (2, 3, 6, 4, 1, 5), (3, 6, 2, 4, 1, 5), (5, 3, 6, 2, 4, 1), (2, 3, 1, 4, 6, 5), (5, 2, 6, 1, 4, 3), (5, 2, 3, 6, 4, 1), (5, 4, 2, 6, 3, 1)}
M(AUB) = 
[[2, 3, 5, 6, 4, 1], [2, 3, 6, 4, 1, 5], [2, 3, 6, 4, 5, 1], [2, 3, 6, 5, 4, 1], [2, 5, 3, 6, 4, 1], [5, 2, 3, 6, 4, 1]]
Distance:40

(43)
A = 
{(3, 5, 1, 2, 4, 6), (5, 1, 4, 6, 2, 3), (5, 2, 6, 4, 1, 3), (6, 2, 1, 5, 3, 4)}
M(A) = 
[[5, 1, 3, 2, 4, 6]]
Distance: 19
B = 
{(1, 5, 3, 4, 6, 2), (3, 2, 4, 5, 1, 6), (1, 4, 3, 2, 5, 6), (3, 2, 6, 4, 5, 1)}
M(B) = 
[[5, 1, 3, 2, 4, 6]]
Distance: 18
M(A) inter A:
set()
M(B) inter B:
{(3, 2, 4, 5, 1, 6)}

AUB = 
{(3, 5, 1, 2, 4, 6), (1, 5, 3, 4, 6, 2), (3, 2, 4, 5, 1, 6), (6, 2, 1, 5, 3, 4), (1, 4, 3, 2, 5, 6), (5, 1, 4, 6, 2, 3), (3, 2, 6, 4, 5, 1), (5, 2, 6, 4, 1, 3)}
M(AUB) = 
[[5, 1, 3, 2, 4, 6]]
Distance:47

(44)
A = 
{(5, 3, 6, 2, 4, 1), (4, 1, 3, 5, 2, 6), (4, 1, 2, 5, 6, 3), (3, 4, 2, 6, 5, 1)}
M(A) = 
[[2, 3, 4, 1, 5, 6], [2, 4, 1, 3, 5, 6], [2, 4, 1, 5, 3, 6], [2, 4, 3, 1, 5, 6], [4, 2, 1, 3, 5, 6], [4, 2, 1, 5, 3, 6], [4, 2, 3, 1, 5, 6]]
Distance: 21
B = 
{(5, 2, 4, 3, 6, 1), (2, 3, 4, 6, 1, 5), (2, 1, 5, 3, 4, 6), (1, 4, 2, 6, 3, 5)}
M(B) = 
[[2, 3, 4, 1, 5, 6], [2, 4, 1, 3, 5, 6], [2, 4, 1, 5, 3, 6], [2, 4, 3, 1, 5, 6], [4, 2, 1, 3, 5, 6], [4, 2, 1, 5, 3, 6], [4, 2, 3, 1, 5, 6]]
Distance: 19
M(A) inter A:
set()
M(B) inter B:
{(2, 3, 4, 6, 1, 5), (2, 1, 5, 3, 4, 6)}

AUB = 
{(4, 1, 3, 5, 2, 6), (2, 1, 5, 3, 4, 6), (3, 4, 2, 6, 5, 1), (5, 2, 4, 3, 6, 1), (4, 1, 2, 5, 6, 3), (5, 3, 6, 2, 4, 1), (2, 3, 4, 6, 1, 5), (1, 4, 2, 6, 3, 5)}
M(AUB) = 
[[2, 3, 4, 1, 5, 6], [2, 4, 1, 3, 5, 6], [2, 4, 1, 5, 3, 6], [2, 4, 3, 1, 5, 6], [4, 2, 1, 3, 5, 6], [4, 2, 1, 5, 3, 6], [4, 2, 3, 1, 5, 6]]
Distance:44

(45)
A = 
{(4, 3, 6, 2, 1, 5), (4, 5, 2, 6, 3, 1), (1, 2, 6, 4, 5, 3), (5, 4, 6, 2, 3, 1)}
M(A) = 
[[4, 2, 5, 6, 1, 3], [4, 2, 5, 6, 3, 1], [4, 5, 2, 6, 1, 3], [4, 5, 2, 6, 3, 1]]
Distance: 18
B = 
{(1, 2, 5, 4, 6, 3), (5, 4, 6, 1, 2, 3), (2, 4, 6, 3, 5, 1), (1, 3, 4, 5, 2, 6)}
M(B) = 
[[4, 2, 5, 6, 1, 3], [4, 2, 5, 6, 3, 1], [4, 5, 2, 6, 1, 3], [4, 5, 2, 6, 3, 1]]
Distance: 21
M(A) inter A:
set()
M(B) inter B:
{(1, 2, 5, 4, 6, 3)}

AUB = 
{(2, 4, 6, 3, 5, 1), (5, 4, 6, 2, 3, 1), (1, 2, 6, 4, 5, 3), (1, 2, 5, 4, 6, 3), (4, 5, 2, 6, 3, 1), (4, 3, 6, 2, 1, 5), (1, 3, 4, 5, 2, 6), (5, 4, 6, 1, 2, 3)}
M(AUB) = 
[[4, 2, 5, 6, 1, 3], [4, 2, 5, 6, 3, 1], [4, 5, 2, 6, 1, 3], [4, 5, 2, 6, 3, 1]]
Distance:43

(46)
A = 
{(3, 5, 1, 4, 2, 6), (4, 3, 5, 6, 1, 2), (4, 6, 5, 1, 3, 2), (3, 4, 1, 2, 5, 6)}
M(A) = 
[[3, 5, 1, 2, 4, 6], [3, 5, 1, 4, 2, 6], [5, 3, 1, 2, 4, 6], [5, 3, 1, 4, 2, 6]]
Distance: 14
B = 
{(2, 6, 5, 3, 1, 4), (5, 6, 1, 2, 4, 3), (5, 2, 3, 1, 6, 4), (2, 1, 3, 4, 5, 6)}
M(B) = 
[[3, 5, 1, 2, 4, 6], [3, 5, 1, 4, 2, 6], [5, 3, 1, 2, 4, 6], [5, 3, 1, 4, 2, 6]]
Distance: 16
M(A) inter A:
set()
M(B) inter B:
{(5, 2, 3, 1, 6, 4)}

AUB = 
{(3, 5, 1, 4, 2, 6), (4, 6, 5, 1, 3, 2), (3, 4, 1, 2, 5, 6), (2, 1, 3, 4, 5, 6), (2, 6, 5, 3, 1, 4), (5, 2, 3, 1, 6, 4), (4, 3, 5, 6, 1, 2), (5, 6, 1, 2, 4, 3)}
M(AUB) = 
[[3, 5, 1, 2, 4, 6], [3, 5, 1, 4, 2, 6], [5, 3, 1, 2, 4, 6], [5, 3, 1, 4, 2, 6]]
Distance:48

(47)
A = 
{(4, 6, 5, 2, 3, 1), (3, 1, 6, 4, 5, 2), (5, 3, 6, 1, 2, 4), (4, 3, 1, 6, 2, 5)}
M(A) = 
[[4, 5, 2, 3, 1, 6], [4, 5, 3, 1, 2, 6], [4, 5, 3, 1, 6, 2], [4, 5, 3, 2, 1, 6], [5, 3, 1, 4, 2, 6], [5, 3, 1, 4, 6, 2], [5, 3, 1, 6, 4, 2], [5, 3, 4, 1, 2, 6], [5, 3, 4, 1, 6, 2], [5, 3, 4, 2, 1, 6], [5, 4, 2, 3, 1, 6], [5, 4, 3, 1, 2, 6], [5, 4, 3, 1, 6, 2], [5, 4, 3, 2, 1, 6]]
Distance: 19
B = 
{(5, 4, 1, 3, 2, 6), (4, 2, 5, 1, 3, 6), (5, 2, 1, 6, 3, 4), (2, 3, 1, 5, 6, 4)}
M(B) = 
[[4, 5, 2, 3, 1, 6], [4, 5, 3, 1, 2, 6], [4, 5, 3, 1, 6, 2], [4, 5, 3, 2, 1, 6], [5, 3, 1, 4, 2, 6], [5, 3, 1, 4, 6, 2], [5, 3, 1, 6, 4, 2], [5, 3, 4, 1, 2, 6], [5, 3, 4, 1, 6, 2], [5, 3, 4, 2, 1, 6], [5, 4, 2, 3, 1, 6], [5, 4, 3, 1, 2, 6], [5, 4, 3, 1, 6, 2], [5, 4, 3, 2, 1, 6]]
Distance: 17
M(A) inter A:
set()
M(B) inter B:
set()

AUB = 
{(2, 3, 1, 5, 6, 4), (4, 2, 5, 1, 3, 6), (4, 6, 5, 2, 3, 1), (3, 1, 6, 4, 5, 2), (5, 3, 6, 1, 2, 4), (4, 3, 1, 6, 2, 5), (5, 2, 1, 6, 3, 4), (5, 4, 1, 3, 2, 6)}
M(AUB) = 
[[4, 5, 2, 3, 1, 6], [4, 5, 3, 1, 2, 6], [4, 5, 3, 1, 6, 2], [4, 5, 3, 2, 1, 6], [5, 3, 1, 4, 2, 6], [5, 3, 1, 4, 6, 2], [5, 3, 1, 6, 4, 2], [5, 3, 4, 1, 2, 6], [5, 3, 4, 1, 6, 2], [5, 3, 4, 2, 1, 6], [5, 4, 2, 3, 1, 6], [5, 4, 3, 1, 2, 6], [5, 4, 3, 1, 6, 2], [5, 4, 3, 2, 1, 6]]
Distance:50

(48)
A = 
{(3, 1, 5, 2, 6, 4), (3, 5, 2, 1, 4, 6), (3, 4, 6, 1, 5, 2), (2, 5, 4, 6, 3, 1)}
M(A) = 
[[2, 4, 3, 1, 5, 6], [4, 3, 1, 5, 2, 6]]
Distance: 18
B = 
{(4, 6, 2, 1, 3, 5), (4, 3, 1, 5, 2, 6), (1, 5, 2, 4, 6, 3), (2, 4, 3, 5, 6, 1)}
M(B) = 
[[2, 4, 3, 1, 5, 6], [4, 3, 1, 5, 2, 6]]
Distance: 19
M(A) inter A:
set()
M(B) inter B:
set()

AUB = 
{(4, 6, 2, 1, 3, 5), (3, 4, 6, 1, 5, 2), (2, 5, 4, 6, 3, 1), (2, 4, 3, 5, 6, 1), (3, 1, 5, 2, 6, 4), (3, 5, 2, 1, 4, 6), (1, 5, 2, 4, 6, 3), (4, 3, 1, 5, 2, 6)}
M(AUB) = 
[[2, 4, 3, 1, 5, 6], [4, 3, 1, 5, 2, 6]]
Distance:45

(49)
A = 
{(2, 4, 6, 3, 1, 5), (1, 2, 4, 3, 6, 5), (2, 6, 5, 4, 1, 3), (4, 3, 2, 5, 6, 1)}
M(A) = 
[[2, 4, 3, 6, 5, 1]]
Distance: 15
B = 
{(4, 6, 5, 1, 3, 2), (2, 3, 6, 4, 5, 1), (2, 4, 3, 5, 6, 1), (3, 6, 5, 4, 1, 2)}
M(B) = 
[[2, 4, 3, 6, 5, 1]]
Distance: 19
M(A) inter A:
set()
M(B) inter B:
{(2, 3, 6, 4, 5, 1)}

AUB = 
{(2, 3, 6, 4, 5, 1), (1, 2, 4, 3, 6, 5), (3, 6, 5, 4, 1, 2), (4, 3, 2, 5, 6, 1), (4, 6, 5, 1, 3, 2), (2, 4, 3, 5, 6, 1), (2, 6, 5, 4, 1, 3), (2, 4, 6, 3, 1, 5)}
M(AUB) = 
[[2, 4, 3, 6, 5, 1]]
Distance:34

(50)
A = 
{(1, 5, 3, 4, 2, 6), (2, 3, 4, 1, 5, 6), (3, 4, 2, 1, 6, 5), (3, 1, 5, 4, 6, 2)}
M(A) = 
[[2, 3, 1, 4, 6, 5], [3, 1, 2, 4, 6, 5], [3, 1, 4, 2, 6, 5], [3, 1, 4, 6, 2, 5], [3, 2, 1, 4, 6, 5]]
Distance: 14
B = 
{(6, 2, 3, 4, 5, 1), (6, 2, 3, 5, 1, 4), (1, 3, 6, 2, 5, 4), (1, 4, 2, 6, 3, 5)}
M(B) = 
[[2, 3, 1, 4, 6, 5], [3, 1, 2, 4, 6, 5], [3, 1, 4, 2, 6, 5], [3, 1, 4, 6, 2, 5], [3, 2, 1, 4, 6, 5]]
Distance: 17
M(A) inter A:
set()
M(B) inter B:
{(6, 2, 3, 5, 1, 4)}

AUB = 
{(1, 5, 3, 4, 2, 6), (6, 2, 3, 5, 1, 4), (2, 3, 4, 1, 5, 6), (3, 4, 2, 1, 6, 5), (3, 1, 5, 4, 6, 2), (6, 2, 3, 4, 5, 1), (1, 3, 6, 2, 5, 4), (1, 4, 2, 6, 3, 5)}
M(AUB) = 
[[2, 3, 1, 4, 6, 5], [3, 1, 2, 4, 6, 5], [3, 1, 4, 2, 6, 5], [3, 1, 4, 6, 2, 5], [3, 2, 1, 4, 6, 5]]
Distance:43

(51)
A = 
{(3, 4, 5, 6, 2, 1), (2, 6, 3, 1, 5, 4), (6, 5, 2, 1, 4, 3), (3, 2, 5, 4, 6, 1)}
M(A) = 
[[6, 5, 2, 3, 4, 1], [6, 5, 2, 4, 1, 3], [6, 5, 2, 4, 3, 1], [6, 5, 4, 2, 1, 3], [6, 5, 4, 2, 3, 1]]
Distance: 20
B = 
{(5, 2, 4, 1, 6, 3), (4, 6, 5, 2, 3, 1), (1, 3, 6, 5, 4, 2), (6, 4, 1, 2, 5, 3)}
M(B) = 
[[6, 5, 2, 3, 4, 1], [6, 5, 2, 4, 1, 3], [6, 5, 2, 4, 3, 1], [6, 5, 4, 2, 1, 3], [6, 5, 4, 2, 3, 1]]
Distance: 20
M(A) inter A:
set()
M(B) inter B:
set()

AUB = 
{(3, 2, 5, 4, 6, 1), (1, 3, 6, 5, 4, 2), (3, 4, 5, 6, 2, 1), (4, 6, 5, 2, 3, 1), (5, 2, 4, 1, 6, 3), (2, 6, 3, 1, 5, 4), (6, 5, 2, 1, 4, 3), (6, 4, 1, 2, 5, 3)}
M(AUB) = 
[[6, 5, 2, 3, 4, 1], [6, 5, 2, 4, 1, 3], [6, 5, 2, 4, 3, 1], [6, 5, 4, 2, 1, 3], [6, 5, 4, 2, 3, 1]]
Distance:48

(52)
A = 
{(1, 6, 3, 4, 2, 5), (3, 2, 5, 6, 1, 4), (6, 1, 5, 2, 3, 4), (3, 6, 5, 2, 1, 4)}
M(A) = 
[[6, 1, 3, 2, 5, 4], [6, 1, 3, 5, 2, 4], [6, 1, 5, 3, 2, 4], [6, 5, 1, 3, 2, 4]]
Distance: 17
B = 
{(5, 1, 3, 4, 6, 2), (6, 2, 1, 4, 5, 3), (5, 6, 1, 4, 3, 2), (3, 1, 2, 4, 6, 5)}
M(B) = 
[[6, 1, 3, 2, 5, 4], [6, 1, 3, 5, 2, 4], [6, 1, 5, 3, 2, 4], [6, 5, 1, 3, 2, 4]]
Distance: 23
M(A) inter A:
set()
M(B) inter B:
{(5, 1, 3, 4, 6, 2), (5, 6, 1, 4, 3, 2)}

AUB = 
{(3, 6, 5, 2, 1, 4), (6, 2, 1, 4, 5, 3), (5, 1, 3, 4, 6, 2), (5, 6, 1, 4, 3, 2), (1, 6, 3, 4, 2, 5), (6, 1, 5, 2, 3, 4), (3, 1, 2, 4, 6, 5), (3, 2, 5, 6, 1, 4)}
M(AUB) = 
[[6, 1, 3, 2, 5, 4], [6, 1, 3, 5, 2, 4], [6, 1, 5, 3, 2, 4], [6, 5, 1, 3, 2, 4]]
Distance:42

(53)
A = 
{(4, 6, 1, 3, 5, 2), (4, 5, 1, 6, 3, 2), (3, 4, 1, 2, 5, 6), (2, 5, 6, 3, 4, 1)}
M(A) = 
[[3, 4, 1, 5, 2, 6], [3, 4, 1, 5, 6, 2], [3, 4, 5, 1, 2, 6], [3, 4, 5, 1, 6, 2], [3, 4, 5, 2, 1, 6]]
Distance: 21
B = 
{(3, 6, 5, 4, 2, 1), (5, 2, 3, 1, 4, 6), (1, 3, 6, 4, 5, 2), (2, 1, 3, 4, 5, 6)}
M(B) = 
[[3, 4, 1, 5, 2, 6], [3, 4, 1, 5, 6, 2], [3, 4, 5, 1, 2, 6], [3, 4, 5, 1, 6, 2], [3, 4, 5, 2, 1, 6]]
Distance: 21
M(A) inter A:
set()
M(B) inter B:
set()

AUB = 
{(1, 3, 6, 4, 5, 2), (3, 4, 1, 2, 5, 6), (4, 6, 1, 3, 5, 2), (2, 1, 3, 4, 5, 6), (4, 5, 1, 6, 3, 2), (5, 2, 3, 1, 4, 6), (3, 6, 5, 4, 2, 1), (2, 5, 6, 3, 4, 1)}
M(AUB) = 
[[3, 4, 1, 5, 2, 6], [3, 4, 1, 5, 6, 2], [3, 4, 5, 1, 2, 6], [3, 4, 5, 1, 6, 2], [3, 4, 5, 2, 1, 6]]
Distance:48

(54)
A = 
{(1, 5, 3, 6, 2, 4), (4, 2, 5, 1, 3, 6), (1, 6, 5, 4, 3, 2), (3, 4, 6, 1, 2, 5)}
M(A) = 
[[1, 5, 3, 4, 6, 2], [1, 5, 3, 6, 4, 2]]
Distance: 21
B = 
{(1, 4, 5, 3, 6, 2), (1, 6, 5, 3, 4, 2), (2, 3, 5, 1, 6, 4), (3, 4, 1, 5, 6, 2)}
M(B) = 
[[1, 5, 3, 4, 6, 2], [1, 5, 3, 6, 4, 2]]
Distance: 18
M(A) inter A:
set()
M(B) inter B:
set()

AUB = 
{(3, 4, 1, 5, 6, 2), (2, 3, 5, 1, 6, 4), (1, 4, 5, 3, 6, 2), (4, 2, 5, 1, 3, 6), (1, 6, 5, 3, 4, 2), (1, 6, 5, 4, 3, 2), (3, 4, 6, 1, 2, 5), (1, 5, 3, 6, 2, 4)}
M(AUB) = 
[[1, 5, 3, 4, 6, 2], [1, 5, 3, 6, 4, 2]]
Distance:39

(55)
A = 
{(2, 6, 3, 5, 1, 4), (5, 1, 3, 6, 2, 4), (4, 3, 5, 1, 6, 2), (6, 3, 2, 5, 1, 4)}
M(A) = 
[[3, 1, 2, 6, 5, 4], [3, 1, 6, 2, 5, 4], [3, 2, 1, 6, 5, 4]]
Distance: 19
B = 
{(3, 1, 2, 5, 4, 6), (2, 4, 1, 6, 5, 3), (1, 6, 4, 2, 3, 5), (3, 2, 6, 1, 5, 4)}
M(B) = 
[[3, 1, 2, 6, 5, 4], [3, 1, 6, 2, 5, 4], [3, 2, 1, 6, 5, 4]]
Distance: 20
M(A) inter A:
set()
M(B) inter B:
set()

AUB = 
{(2, 6, 3, 5, 1, 4), (5, 1, 3, 6, 2, 4), (2, 4, 1, 6, 5, 3), (1, 6, 4, 2, 3, 5), (6, 3, 2, 5, 1, 4), (3, 2, 6, 1, 5, 4), (3, 1, 2, 5, 4, 6), (4, 3, 5, 1, 6, 2)}
M(AUB) = 
[[3, 1, 2, 6, 5, 4], [3, 1, 6, 2, 5, 4], [3, 2, 1, 6, 5, 4]]
Distance:45

(56)
A = 
{(6, 4, 1, 5, 3, 2), (1, 6, 2, 3, 4, 5), (2, 4, 1, 5, 3, 6), (4, 5, 6, 3, 1, 2)}
M(A) = 
[[1, 3, 6, 2, 4, 5], [1, 6, 3, 2, 4, 5], [3, 1, 6, 2, 4, 5]]
Distance: 20
B = 
{(3, 6, 1, 2, 4, 5), (3, 1, 2, 4, 5, 6), (3, 1, 6, 5, 4, 2), (1, 6, 2, 4, 3, 5)}
M(B) = 
[[1, 3, 6, 2, 4, 5], [1, 6, 3, 2, 4, 5], [3, 1, 6, 2, 4, 5]]
Distance: 11
M(A) inter A:
set()
M(B) inter B:
set()

AUB = 
{(3, 6, 1, 2, 4, 5), (2, 4, 1, 5, 3, 6), (3, 1, 2, 4, 5, 6), (3, 1, 6, 5, 4, 2), (6, 4, 1, 5, 3, 2), (1, 6, 2, 3, 4, 5), (4, 5, 6, 3, 1, 2), (1, 6, 2, 4, 3, 5)}
M(AUB) = 
[[1, 3, 6, 2, 4, 5], [1, 6, 3, 2, 4, 5], [3, 1, 6, 2, 4, 5]]
Distance:41

(57)
A = 
{(5, 3, 1, 2, 6, 4), (2, 1, 6, 4, 5, 3), (5, 1, 4, 6, 3, 2), (5, 4, 2, 6, 3, 1)}
M(A) = 
[[6, 5, 2, 3, 1, 4], [6, 5, 3, 1, 2, 4], [6, 5, 3, 1, 4, 2], [6, 5, 3, 2, 1, 4]]
Distance: 19
B = 
{(6, 3, 5, 4, 1, 2), (6, 2, 4, 5, 3, 1), (2, 1, 6, 3, 5, 4), (6, 5, 3, 1, 4, 2)}
M(B) = 
[[6, 5, 2, 3, 1, 4], [6, 5, 3, 1, 2, 4], [6, 5, 3, 1, 4, 2], [6, 5, 3, 2, 1, 4]]
Distance: 18
M(A) inter A:
set()
M(B) inter B:
{(6, 3, 5, 4, 1, 2), (6, 5, 3, 1, 4, 2)}

AUB = 
{(5, 3, 1, 2, 6, 4), (5, 1, 4, 6, 3, 2), (2, 1, 6, 4, 5, 3), (6, 2, 4, 5, 3, 1), (2, 1, 6, 3, 5, 4), (6, 5, 3, 1, 4, 2), (6, 3, 5, 4, 1, 2), (5, 4, 2, 6, 3, 1)}
M(AUB) = 
[[6, 5, 2, 3, 1, 4], [6, 5, 3, 1, 2, 4], [6, 5, 3, 1, 4, 2], [6, 5, 3, 2, 1, 4]]
Distance:45

(58)
A = 
{(3, 4, 1, 5, 2, 6), (5, 4, 6, 3, 1, 2), (6, 2, 1, 5, 4, 3), (2, 1, 6, 3, 4, 5)}
M(A) = 
[[1, 3, 5, 2, 4, 6], [1, 3, 5, 2, 6, 4], [1, 3, 5, 4, 2, 6], [1, 5, 3, 2, 4, 6], [1, 5, 3, 2, 6, 4], [1, 5, 3, 4, 2, 6], [3, 1, 5, 2, 4, 6], [3, 1, 5, 2, 6, 4], [3, 1, 5, 4, 2, 6]]
Distance: 28
B = 
{(1, 3, 5, 4, 2, 6), (1, 5, 3, 4, 2, 6), (2, 3, 1, 6, 5, 4), (6, 5, 3, 1, 2, 4)}
M(B) = 
[[1, 3, 5, 2, 4, 6], [1, 3, 5, 2, 6, 4], [1, 3, 5, 4, 2, 6], [1, 5, 3, 2, 4, 6], [1, 5, 3, 2, 6, 4], [1, 5, 3, 4, 2, 6], [3, 1, 5, 2, 4, 6], [3, 1, 5, 2, 6, 4], [3, 1, 5, 4, 2, 6]]
Distance: 17
M(A) inter A:
set()
M(B) inter B:
{(1, 3, 5, 4, 2, 6), (1, 5, 3, 4, 2, 6)}

AUB = 
{(1, 5, 3, 4, 2, 6), (2, 3, 1, 6, 5, 4), (1, 3, 5, 4, 2, 6), (5, 4, 6, 3, 1, 2), (3, 4, 1, 5, 2, 6), (6, 5, 3, 1, 2, 4), (6, 2, 1, 5, 4, 3), (2, 1, 6, 3, 4, 5)}
M(AUB) = 
[[1, 3, 5, 2, 4, 6], [1, 3, 5, 2, 6, 4], [1, 3, 5, 4, 2, 6], [1, 5, 3, 2, 4, 6], [1, 5, 3, 2, 6, 4], [1, 5, 3, 4, 2, 6], [3, 1, 5, 2, 4, 6], [3, 1, 5, 2, 6, 4], [3, 1, 5, 4, 2, 6]]
Distance:47

(59)
A = 
{(1, 6, 2, 5, 4, 3), (6, 2, 5, 1, 3, 4), (5, 3, 2, 4, 1, 6), (2, 5, 1, 6, 3, 4)}
M(A) = 
[[2, 5, 1, 3, 6, 4], [2, 5, 1, 6, 3, 4]]
Distance: 14
B = 
{(2, 3, 1, 6, 5, 4), (5, 1, 4, 3, 2, 6), (5, 2, 1, 6, 3, 4), (3, 2, 6, 5, 1, 4)}
M(B) = 
[[2, 5, 1, 3, 6, 4], [2, 5, 1, 6, 3, 4]]
Distance: 17
M(A) inter A:
set()
M(B) inter B:
set()

AUB = 
{(2, 3, 1, 6, 5, 4), (3, 2, 6, 5, 1, 4), (5, 1, 4, 3, 2, 6), (2, 5, 1, 6, 3, 4), (5, 2, 1, 6, 3, 4), (1, 6, 2, 5, 4, 3), (5, 3, 2, 4, 1, 6), (6, 2, 5, 1, 3, 4)}
M(AUB) = 
[[2, 5, 1, 3, 6, 4], [2, 5, 1, 6, 3, 4]]
Distance:33

(60)
A = 
{(3, 5, 1, 2, 4, 6), (1, 6, 3, 5, 2, 4), (2, 6, 5, 1, 4, 3), (3, 6, 4, 1, 5, 2)}
M(A) = 
[[1, 3, 2, 6, 4, 5], [1, 3, 2, 6, 5, 4], [1, 3, 6, 2, 4, 5], [1, 3, 6, 2, 5, 4]]
Distance: 20
B = 
{(4, 1, 2, 5, 3, 6), (6, 1, 3, 2, 4, 5), (2, 1, 3, 5, 6, 4), (3, 6, 2, 4, 5, 1)}
M(B) = 
[[1, 3, 2, 6, 4, 5], [1, 3, 2, 6, 5, 4], [1, 3, 6, 2, 4, 5], [1, 3, 6, 2, 5, 4]]
Distance: 20
M(A) inter A:
set()
M(B) inter B:
set()

AUB = 
{(3, 5, 1, 2, 4, 6), (4, 1, 2, 5, 3, 6), (2, 6, 5, 1, 4, 3), (1, 6, 3, 5, 2, 4), (6, 1, 3, 2, 4, 5), (3, 6, 2, 4, 5, 1), (3, 6, 4, 1, 5, 2), (2, 1, 3, 5, 6, 4)}
M(AUB) = 
[[1, 3, 2, 6, 4, 5], [1, 3, 2, 6, 5, 4], [1, 3, 6, 2, 4, 5], [1, 3, 6, 2, 5, 4]]
Distance:44

(61)
A = 
{(3, 2, 6, 1, 4, 5), (5, 2, 6, 3, 4, 1), (3, 2, 1, 5, 4, 6), (2, 5, 6, 1, 4, 3)}
M(A) = 
[[2, 3, 1, 5, 6, 4], [2, 3, 5, 6, 1, 4], [2, 3, 6, 1, 5, 4]]
Distance: 16
B = 
{(1, 2, 3, 5, 4, 6), (6, 2, 1, 3, 5, 4), (2, 3, 1, 4, 5, 6), (2, 3, 6, 4, 5, 1)}
M(B) = 
[[2, 3, 1, 5, 6, 4], [2, 3, 5, 6, 1, 4], [2, 3, 6, 1, 5, 4]]
Distance: 15
M(A) inter A:
set()
M(B) inter B:
{(2, 3, 1, 4, 5, 6)}

AUB = 
{(2, 3, 6, 4, 5, 1), (6, 2, 1, 3, 5, 4), (3, 2, 6, 1, 4, 5), (2, 5, 6, 1, 4, 3), (3, 2, 1, 5, 4, 6), (1, 2, 3, 5, 4, 6), (5, 2, 6, 3, 4, 1), (2, 3, 1, 4, 5, 6)}
M(AUB) = 
[[2, 3, 1, 5, 6, 4], [2, 3, 5, 6, 1, 4], [2, 3, 6, 1, 5, 4]]
Distance:33

(62)
A = 
{(6, 1, 5, 4, 3, 2), (2, 3, 5, 4, 1, 6), (4, 2, 6, 5, 1, 3), (5, 1, 4, 6, 3, 2)}
M(A) = 
[[1, 5, 4, 6, 3, 2], [5, 1, 4, 6, 3, 2]]
Distance: 22
B = 
{(1, 3, 2, 5, 4, 6), (3, 5, 2, 1, 6, 4), (1, 4, 6, 5, 2, 3), (1, 6, 4, 3, 2, 5)}
M(B) = 
[[1, 5, 4, 6, 3, 2], [5, 1, 4, 6, 3, 2]]
Distance: 21
M(A) inter A:
set()
M(B) inter B:
{(1, 6, 4, 3, 2, 5), (1, 3, 2, 5, 4, 6)}

AUB = 
{(1, 4, 6, 5, 2, 3), (5, 1, 4, 6, 3, 2), (6, 1, 5, 4, 3, 2), (1, 3, 2, 5, 4, 6), (4, 2, 6, 5, 1, 3), (3, 5, 2, 1, 6, 4), (1, 6, 4, 3, 2, 5), (2, 3, 5, 4, 1, 6)}
M(AUB) = 
[[1, 5, 4, 6, 3, 2], [5, 1, 4, 6, 3, 2]]
Distance:47

(63)
A = 
{(2, 1, 6, 4, 5, 3), (3, 6, 4, 1, 5, 2), (6, 3, 2, 5, 4, 1), (4, 1, 2, 3, 6, 5)}
M(A) = 
[[2, 3, 4, 1, 6, 5], [2, 4, 3, 1, 6, 5], [3, 2, 4, 1, 6, 5], [3, 4, 1, 2, 6, 5], [3, 4, 1, 6, 2, 5], [3, 4, 2, 1, 6, 5], [4, 2, 3, 1, 6, 5], [4, 3, 1, 2, 6, 5], [4, 3, 1, 6, 2, 5], [4, 3, 2, 1, 6, 5]]
Distance: 22
B = 
{(4, 1, 5, 3, 6, 2), (2, 5, 3, 4, 1, 6), (3, 4, 1, 6, 5, 2), (2, 4, 5, 3, 6, 1)}
M(B) = 
[[2, 3, 4, 1, 6, 5], [2, 4, 3, 1, 6, 5], [3, 2, 4, 1, 6, 5], [3, 4, 1, 2, 6, 5], [3, 4, 1, 6, 2, 5], [3, 4, 2, 1, 6, 5], [4, 2, 3, 1, 6, 5], [4, 3, 1, 2, 6, 5], [4, 3, 1, 6, 2, 5], [4, 3, 2, 1, 6, 5]]
Distance: 19
M(A) inter A:
set()
M(B) inter B:
set()

AUB = 
{(6, 3, 2, 5, 4, 1), (4, 1, 2, 3, 6, 5), (2, 1, 6, 4, 5, 3), (4, 1, 5, 3, 6, 2), (2, 5, 3, 4, 1, 6), (2, 4, 5, 3, 6, 1), (3, 6, 4, 1, 5, 2), (3, 4, 1, 6, 5, 2)}
M(AUB) = 
[[2, 3, 4, 1, 6, 5], [2, 4, 3, 1, 6, 5], [3, 2, 4, 1, 6, 5], [3, 4, 1, 2, 6, 5], [3, 4, 1, 6, 2, 5], [3, 4, 2, 1, 6, 5], [4, 2, 3, 1, 6, 5], [4, 3, 1, 2, 6, 5], [4, 3, 1, 6, 2, 5], [4, 3, 2, 1, 6, 5]]
Distance:47

(64)
A = 
{(4, 5, 2, 3, 1, 6), (5, 3, 2, 4, 1, 6), (1, 2, 5, 6, 4, 3), (1, 6, 4, 2, 3, 5)}
M(A) = 
[[1, 4, 5, 2, 3, 6], [1, 4, 5, 2, 6, 3], [1, 5, 4, 2, 3, 6], [1, 5, 4, 2, 6, 3]]
Distance: 23
B = 
{(1, 4, 5, 2, 6, 3), (3, 6, 5, 2, 4, 1), (1, 4, 6, 2, 3, 5), (1, 5, 4, 2, 3, 6)}
M(B) = 
[[1, 4, 5, 2, 3, 6], [1, 4, 5, 2, 6, 3], [1, 5, 4, 2, 3, 6], [1, 5, 4, 2, 6, 3]]
Distance: 20
M(A) inter A:
set()
M(B) inter B:
{(1, 4, 5, 2, 6, 3), (1, 5, 4, 2, 3, 6)}

AUB = 
{(1, 2, 5, 6, 4, 3), (1, 5, 4, 2, 3, 6), (1, 4, 5, 2, 6, 3), (1, 6, 4, 2, 3, 5), (3, 6, 5, 2, 4, 1), (1, 4, 6, 2, 3, 5), (5, 3, 2, 4, 1, 6), (4, 5, 2, 3, 1, 6)}
M(AUB) = 
[[1, 4, 5, 2, 3, 6], [1, 4, 5, 2, 6, 3], [1, 5, 4, 2, 3, 6], [1, 5, 4, 2, 6, 3]]
Distance:43

(65)
A = 
{(3, 1, 5, 2, 4, 6), (4, 3, 2, 6, 1, 5), (6, 5, 4, 1, 2, 3), (1, 2, 5, 3, 6, 4)}
M(A) = 
[[1, 2, 5, 3, 6, 4]]
Distance: 25
B = 
{(1, 2, 5, 4, 3, 6), (2, 6, 4, 5, 3, 1), (1, 5, 2, 6, 3, 4), (2, 3, 5, 1, 6, 4)}
M(B) = 
[[1, 2, 5, 3, 6, 4]]
Distance: 17
M(A) inter A:
{(1, 2, 5, 3, 6, 4)}
M(B) inter B:
set()

AUB = 
{(4, 3, 2, 6, 1, 5), (1, 2, 5, 3, 6, 4), (1, 2, 5, 4, 3, 6), (2, 3, 5, 1, 6, 4), (2, 6, 4, 5, 3, 1), (3, 1, 5, 2, 4, 6), (1, 5, 2, 6, 3, 4), (6, 5, 4, 1, 2, 3)}
M(AUB) = 
[[1, 2, 5, 3, 6, 4]]
Distance:42

(66)
A = 
{(4, 2, 5, 6, 3, 1), (3, 5, 4, 1, 2, 6), (6, 1, 5, 3, 2, 4), (3, 6, 2, 5, 1, 4)}
M(A) = 
[[6, 1, 5, 2, 3, 4], [6, 1, 5, 3, 2, 4], [6, 5, 1, 2, 3, 4], [6, 5, 1, 3, 2, 4]]
Distance: 24
B = 
{(6, 1, 2, 5, 3, 4), (1, 4, 5, 6, 2, 3), (1, 6, 5, 2, 3, 4), (6, 5, 1, 3, 2, 4)}
M(B) = 
[[6, 1, 5, 2, 3, 4], [6, 1, 5, 3, 2, 4], [6, 5, 1, 2, 3, 4], [6, 5, 1, 3, 2, 4]]
Distance: 10
M(A) inter A:
set()
M(B) inter B:
{(1, 6, 5, 2, 3, 4)}

AUB = 
{(6, 1, 2, 5, 3, 4), (4, 2, 5, 6, 3, 1), (6, 1, 5, 3, 2, 4), (3, 5, 4, 1, 2, 6), (3, 6, 2, 5, 1, 4), (1, 4, 5, 6, 2, 3), (6, 5, 1, 3, 2, 4), (1, 6, 5, 2, 3, 4)}
M(AUB) = 
[[6, 1, 5, 2, 3, 4], [6, 1, 5, 3, 2, 4], [6, 5, 1, 2, 3, 4], [6, 5, 1, 3, 2, 4]]
Distance:40

(67)
A = 
{(2, 3, 1, 6, 5, 4), (4, 3, 2, 6, 5, 1), (4, 5, 1, 3, 2, 6), (4, 6, 2, 5, 1, 3)}
M(A) = 
[[2, 4, 3, 6, 5, 1]]
Distance: 19
B = 
{(6, 5, 3, 2, 1, 4), (3, 5, 1, 2, 6, 4), (6, 2, 4, 5, 3, 1), (2, 4, 3, 6, 5, 1)}
M(B) = 
[[2, 4, 3, 6, 5, 1]]
Distance: 20
M(A) inter A:
set()
M(B) inter B:
{(6, 5, 3, 2, 1, 4), (6, 2, 4, 5, 3, 1)}

AUB = 
{(2, 3, 1, 6, 5, 4), (3, 5, 1, 2, 6, 4), (6, 5, 3, 2, 1, 4), (6, 2, 4, 5, 3, 1), (2, 4, 3, 6, 5, 1), (4, 5, 1, 3, 2, 6), (4, 3, 2, 6, 5, 1), (4, 6, 2, 5, 1, 3)}
M(AUB) = 
[[2, 4, 3, 6, 5, 1]]
Distance:43

(68)
A = 
{(4, 5, 6, 2, 3, 1), (2, 1, 4, 3, 5, 6), (6, 2, 4, 3, 1, 5), (1, 2, 3, 4, 5, 6)}
M(A) = 
[[2, 4, 3, 1, 5, 6]]
Distance: 18
B = 
{(5, 3, 6, 2, 4, 1), (1, 5, 2, 4, 6, 3), (2, 3, 1, 4, 5, 6), (2, 4, 3, 1, 5, 6)}
M(B) = 
[[2, 4, 3, 1, 5, 6]]
Distance: 18
M(A) inter A:
set()
M(B) inter B:
{(2, 3, 1, 4, 5, 6), (2, 4, 3, 1, 5, 6)}

AUB = 
{(4, 5, 6, 2, 3, 1), (6, 2, 4, 3, 1, 5), (5, 3, 6, 2, 4, 1), (2, 4, 3, 1, 5, 6), (2, 1, 4, 3, 5, 6), (2, 3, 1, 4, 5, 6), (1, 5, 2, 4, 6, 3), (1, 2, 3, 4, 5, 6)}
M(AUB) = 
[[2, 4, 3, 1, 5, 6]]
Distance:36

(69)
A = 
{(1, 6, 4, 3, 5, 2), (6, 5, 4, 2, 3, 1), (4, 5, 6, 1, 2, 3), (6, 3, 5, 4, 2, 1)}
M(A) = 
[[4, 5, 6, 2, 1, 3], [4, 5, 6, 2, 3, 1], [5, 4, 6, 2, 1, 3], [5, 4, 6, 2, 3, 1], [5, 6, 4, 2, 1, 3], [5, 6, 4, 2, 3, 1]]
Distance: 16
B = 
{(2, 1, 4, 3, 5, 6), (5, 6, 3, 1, 4, 2), (2, 5, 4, 1, 3, 6), (2, 4, 5, 6, 3, 1)}
M(B) = 
[[4, 5, 6, 2, 1, 3], [4, 5, 6, 2, 3, 1], [5, 4, 6, 2, 1, 3], [5, 4, 6, 2, 3, 1], [5, 6, 4, 2, 1, 3], [5, 6, 4, 2, 3, 1]]
Distance: 19
M(A) inter A:
set()
M(B) inter B:
{(2, 4, 5, 6, 3, 1), (2, 5, 4, 1, 3, 6)}

AUB = 
{(5, 6, 3, 1, 4, 2), (6, 5, 4, 2, 3, 1), (6, 3, 5, 4, 2, 1), (2, 4, 5, 6, 3, 1), (2, 5, 4, 1, 3, 6), (4, 5, 6, 1, 2, 3), (2, 1, 4, 3, 5, 6), (1, 6, 4, 3, 5, 2)}
M(AUB) = 
[[4, 5, 6, 2, 1, 3], [4, 5, 6, 2, 3, 1], [5, 4, 6, 2, 1, 3], [5, 4, 6, 2, 3, 1], [5, 6, 4, 2, 1, 3], [5, 6, 4, 2, 3, 1]]
Distance:45

(70)
A = 
{(1, 2, 6, 5, 4, 3), (4, 2, 6, 5, 3, 1), (5, 4, 1, 2, 3, 6), (1, 3, 2, 5, 4, 6)}
M(A) = 
[[1, 2, 6, 5, 4, 3], [2, 1, 6, 5, 4, 3], [2, 6, 1, 5, 4, 3]]
Distance: 19
B = 
{(6, 2, 4, 1, 5, 3), (1, 6, 3, 2, 5, 4), (2, 4, 6, 1, 3, 5), (6, 2, 5, 1, 4, 3)}
M(B) = 
[[1, 2, 6, 5, 4, 3], [2, 1, 6, 5, 4, 3], [2, 6, 1, 5, 4, 3]]
Distance: 13
M(A) inter A:
set()
M(B) inter B:
{(6, 2, 4, 1, 5, 3)}

AUB = 
{(1, 2, 6, 5, 4, 3), (6, 2, 4, 1, 5, 3), (2, 4, 6, 1, 3, 5), (5, 4, 1, 2, 3, 6), (1, 3, 2, 5, 4, 6), (4, 2, 6, 5, 3, 1), (6, 2, 5, 1, 4, 3), (1, 6, 3, 2, 5, 4)}
M(AUB) = 
[[1, 2, 6, 5, 4, 3], [2, 1, 6, 5, 4, 3], [2, 6, 1, 5, 4, 3]]
Distance:40

(71)
A = 
{(3, 1, 4, 5, 6, 2), (1, 3, 2, 4, 5, 6), (4, 6, 2, 5, 1, 3), (6, 3, 2, 1, 4, 5)}
M(A) = 
[[3, 2, 4, 1, 5, 6], [3, 2, 4, 5, 1, 6], [3, 2, 4, 5, 6, 1], [3, 4, 2, 1, 5, 6], [3, 4, 2, 5, 1, 6], [3, 4, 2, 5, 6, 1], [3, 4, 5, 6, 2, 1]]
Distance: 20
B = 
{(3, 2, 4, 1, 5, 6), (3, 5, 4, 1, 6, 2), (4, 5, 6, 3, 2, 1), (2, 4, 3, 5, 6, 1)}
M(B) = 
[[3, 2, 4, 1, 5, 6], [3, 2, 4, 5, 1, 6], [3, 2, 4, 5, 6, 1], [3, 4, 2, 1, 5, 6], [3, 4, 2, 5, 1, 6], [3, 4, 2, 5, 6, 1], [3, 4, 5, 6, 2, 1]]
Distance: 16
M(A) inter A:
set()
M(B) inter B:
set()

AUB = 
{(1, 3, 2, 4, 5, 6), (3, 5, 4, 1, 6, 2), (3, 1, 4, 5, 6, 2), (4, 5, 6, 3, 2, 1), (3, 2, 4, 1, 5, 6), (2, 4, 3, 5, 6, 1), (6, 3, 2, 1, 4, 5), (4, 6, 2, 5, 1, 3)}
M(AUB) = 
[[3, 2, 4, 1, 5, 6], [3, 2, 4, 5, 1, 6], [3, 2, 4, 5, 6, 1], [3, 4, 2, 1, 5, 6], [3, 4, 2, 5, 1, 6], [3, 4, 2, 5, 6, 1], [3, 4, 5, 6, 2, 1]]
Distance:42

(72)
A = 
{(2, 6, 5, 4, 3, 1), (3, 4, 6, 5, 1, 2), (6, 5, 2, 3, 4, 1), (3, 4, 1, 6, 5, 2)}
M(A) = 
[[6, 2, 3, 4, 1, 5], [6, 3, 2, 4, 1, 5]]
Distance: 19
B = 
{(6, 2, 4, 1, 5, 3), (1, 6, 3, 2, 4, 5), (2, 1, 5, 4, 6, 3), (6, 1, 3, 5, 4, 2)}
M(B) = 
[[6, 2, 3, 4, 1, 5], [6, 3, 2, 4, 1, 5]]
Distance: 18
M(A) inter A:
set()
M(B) inter B:
{(1, 6, 3, 2, 4, 5)}

AUB = 
{(2, 1, 5, 4, 6, 3), (6, 5, 2, 3, 4, 1), (2, 6, 5, 4, 3, 1), (6, 1, 3, 5, 4, 2), (6, 2, 4, 1, 5, 3), (1, 6, 3, 2, 4, 5), (3, 4, 1, 6, 5, 2), (3, 4, 6, 5, 1, 2)}
M(AUB) = 
[[6, 2, 3, 4, 1, 5], [6, 3, 2, 4, 1, 5]]
Distance:47

(73)
A = 
{(1, 2, 5, 4, 6, 3), (5, 3, 1, 6, 4, 2), (5, 4, 1, 6, 3, 2), (4, 5, 3, 2, 1, 6)}
M(A) = 
[[2, 5, 1, 4, 6, 3], [2, 5, 4, 1, 6, 3]]
Distance: 16
B = 
{(4, 2, 6, 1, 3, 5), (2, 5, 4, 3, 6, 1), (2, 5, 6, 1, 4, 3), (2, 5, 1, 4, 6, 3)}
M(B) = 
[[2, 5, 1, 4, 6, 3], [2, 5, 4, 1, 6, 3]]
Distance: 11
M(A) inter A:
set()
M(B) inter B:
set()

AUB = 
{(4, 2, 6, 1, 3, 5), (4, 5, 3, 2, 1, 6), (2, 5, 4, 3, 6, 1), (2, 5, 6, 1, 4, 3), (1, 2, 5, 4, 6, 3), (5, 4, 1, 6, 3, 2), (2, 5, 1, 4, 6, 3), (5, 3, 1, 6, 4, 2)}
M(AUB) = 
[[2, 5, 1, 4, 6, 3], [2, 5, 4, 1, 6, 3]]
Distance:37

(74)
A = 
{(5, 4, 1, 2, 3, 6), (2, 6, 4, 3, 1, 5), (5, 6, 1, 4, 3, 2), (5, 2, 4, 6, 3, 1)}
M(A) = 
[[1, 5, 4, 3, 2, 6], [5, 1, 4, 3, 2, 6]]
Distance: 18
B = 
{(5, 6, 3, 1, 4, 2), (1, 3, 4, 5, 2, 6), (1, 5, 4, 3, 6, 2), (1, 3, 4, 2, 6, 5)}
M(B) = 
[[1, 5, 4, 3, 2, 6], [5, 1, 4, 3, 2, 6]]
Distance: 14
M(A) inter A:
set()
M(B) inter B:
{(1, 3, 4, 5, 2, 6)}

AUB = 
{(5, 6, 1, 4, 3, 2), (1, 3, 4, 5, 2, 6), (5, 6, 3, 1, 4, 2), (5, 4, 1, 2, 3, 6), (5, 2, 4, 6, 3, 1), (2, 6, 4, 3, 1, 5), (1, 3, 4, 2, 6, 5), (1, 5, 4, 3, 6, 2)}
M(AUB) = 
[[1, 5, 4, 3, 2, 6], [5, 1, 4, 3, 2, 6]]
Distance:44

(75)
A = 
{(1, 5, 3, 6, 2, 4), (4, 6, 1, 2, 5, 3), (4, 1, 6, 3, 2, 5), (3, 6, 2, 4, 1, 5)}
M(A) = 
[[1, 3, 2, 4, 5, 6], [1, 3, 2, 5, 4, 6], [1, 3, 5, 2, 4, 6], [1, 5, 3, 2, 4, 6], [3, 2, 4, 1, 5, 6], [3, 2, 4, 5, 1, 6], [3, 2, 5, 4, 1, 6], [3, 5, 2, 4, 1, 6], [5, 1, 3, 2, 4, 6], [5, 3, 2, 4, 1, 6]]
Distance: 19
B = 
{(5, 1, 3, 2, 6, 4), (5, 2, 1, 3, 4, 6), (2, 3, 4, 5, 6, 1), (3, 5, 4, 2, 1, 6)}
M(B) = 
[[1, 3, 2, 4, 5, 6], [1, 3, 2, 5, 4, 6], [1, 3, 5, 2, 4, 6], [1, 5, 3, 2, 4, 6], [3, 2, 4, 1, 5, 6], [3, 2, 4, 5, 1, 6], [3, 2, 5, 4, 1, 6], [3, 5, 2, 4, 1, 6], [5, 1, 3, 2, 4, 6], [5, 3, 2, 4, 1, 6]]
Distance: 14
M(A) inter A:
set()
M(B) inter B:
{(5, 2, 1, 3, 4, 6)}

AUB = 
{(3, 5, 4, 2, 1, 6), (4, 1, 6, 3, 2, 5), (4, 6, 1, 2, 5, 3), (3, 6, 2, 4, 1, 5), (5, 2, 1, 3, 4, 6), (5, 1, 3, 2, 6, 4), (2, 3, 4, 5, 6, 1), (1, 5, 3, 6, 2, 4)}
M(AUB) = 
[[1, 3, 2, 4, 5, 6], [1, 3, 2, 5, 4, 6], [1, 3, 5, 2, 4, 6], [1, 5, 3, 2, 4, 6], [3, 2, 4, 1, 5, 6], [3, 2, 4, 5, 1, 6], [3, 2, 5, 4, 1, 6], [3, 5, 2, 4, 1, 6], [5, 1, 3, 2, 4, 6], [5, 3, 2, 4, 1, 6]]
Distance:51

(76)
A = 
{(1, 3, 5, 6, 4, 2), (4, 2, 5, 1, 6, 3), (6, 1, 4, 3, 2, 5), (6, 5, 1, 3, 4, 2)}
M(A) = 
[[6, 3, 4, 2, 1, 5], [6, 3, 4, 2, 5, 1]]
Distance: 20
B = 
{(6, 2, 3, 4, 1, 5), (5, 6, 2, 4, 3, 1), (2, 3, 1, 5, 6, 4), (3, 4, 6, 2, 5, 1)}
M(B) = 
[[6, 3, 4, 2, 1, 5], [6, 3, 4, 2, 5, 1]]
Distance: 17
M(A) inter A:
set()
M(B) inter B:
{(6, 2, 3, 4, 1, 5)}

AUB = 
{(1, 3, 5, 6, 4, 2), (4, 2, 5, 1, 6, 3), (3, 4, 6, 2, 5, 1), (6, 1, 4, 3, 2, 5), (6, 2, 3, 4, 1, 5), (5, 6, 2, 4, 3, 1), (2, 3, 1, 5, 6, 4), (6, 5, 1, 3, 4, 2)}
M(AUB) = 
[[6, 3, 4, 2, 1, 5], [6, 3, 4, 2, 5, 1]]
Distance:49

(77)
A = 
{(4, 3, 1, 2, 6, 5), (4, 2, 3, 6, 1, 5), (6, 1, 3, 5, 2, 4), (6, 4, 5, 1, 2, 3)}
M(A) = 
[[1, 2, 6, 4, 3, 5], [1, 6, 2, 4, 3, 5], [1, 6, 4, 2, 3, 5], [2, 1, 6, 4, 3, 5], [2, 6, 1, 4, 3, 5], [2, 6, 4, 1, 3, 5], [6, 1, 2, 4, 3, 5], [6, 1, 4, 2, 3, 5], [6, 2, 1, 4, 3, 5], [6, 2, 4, 1, 3, 5], [6, 4, 1, 2, 3, 5], [6, 4, 2, 1, 3, 5]]
Distance: 20
B = 
{(6, 4, 5, 2, 1, 3), (2, 1, 4, 5, 6, 3), (2, 1, 6, 3, 5, 4), (3, 1, 6, 2, 5, 4)}
M(B) = 
[[1, 2, 6, 4, 3, 5], [1, 6, 2, 4, 3, 5], [1, 6, 4, 2, 3, 5], [2, 1, 6, 4, 3, 5], [2, 6, 1, 4, 3, 5], [2, 6, 4, 1, 3, 5], [6, 1, 2, 4, 3, 5], [6, 1, 4, 2, 3, 5], [6, 2, 1, 4, 3, 5], [6, 2, 4, 1, 3, 5], [6, 4, 1, 2, 3, 5], [6, 4, 2, 1, 3, 5]]
Distance: 19
M(A) inter A:
set()
M(B) inter B:
{(2, 1, 6, 3, 5, 4)}

AUB = 
{(6, 4, 5, 2, 1, 3), (2, 1, 6, 3, 5, 4), (6, 4, 5, 1, 2, 3), (6, 1, 3, 5, 2, 4), (4, 3, 1, 2, 6, 5), (4, 2, 3, 6, 1, 5), (2, 1, 4, 5, 6, 3), (3, 1, 6, 2, 5, 4)}
M(AUB) = 
[[1, 2, 6, 4, 3, 5], [1, 6, 2, 4, 3, 5], [1, 6, 4, 2, 3, 5], [2, 1, 6, 4, 3, 5], [2, 6, 1, 4, 3, 5], [2, 6, 4, 1, 3, 5], [6, 1, 2, 4, 3, 5], [6, 1, 4, 2, 3, 5], [6, 2, 1, 4, 3, 5], [6, 2, 4, 1, 3, 5], [6, 4, 1, 2, 3, 5], [6, 4, 2, 1, 3, 5]]
Distance:47

(78)
A = 
{(4, 2, 1, 6, 5, 3), (4, 5, 1, 2, 6, 3), (2, 4, 3, 5, 1, 6), (1, 6, 4, 2, 3, 5)}
M(A) = 
[[4, 1, 2, 3, 5, 6], [4, 1, 2, 5, 3, 6], [4, 2, 5, 1, 3, 6], [4, 5, 1, 2, 3, 6]]
Distance: 15
B = 
{(5, 4, 1, 3, 2, 6), (4, 2, 3, 5, 6, 1), (1, 3, 4, 2, 6, 5), (5, 3, 4, 6, 1, 2)}
M(B) = 
[[4, 1, 2, 3, 5, 6], [4, 1, 2, 5, 3, 6], [4, 2, 5, 1, 3, 6], [4, 5, 1, 2, 3, 6]]
Distance: 18
M(A) inter A:
set()
M(B) inter B:
{(5, 4, 1, 3, 2, 6)}

AUB = 
{(5, 3, 4, 6, 1, 2), (1, 6, 4, 2, 3, 5), (4, 2, 1, 6, 5, 3), (4, 5, 1, 2, 6, 3), (1, 3, 4, 2, 6, 5), (5, 4, 1, 3, 2, 6), (4, 2, 3, 5, 6, 1), (2, 4, 3, 5, 1, 6)}
M(AUB) = 
[[4, 1, 2, 3, 5, 6], [4, 1, 2, 5, 3, 6], [4, 2, 5, 1, 3, 6], [4, 5, 1, 2, 3, 6]]
Distance:39

(79)
A = 
{(5, 1, 3, 4, 2, 6), (6, 3, 2, 1, 5, 4), (4, 3, 1, 5, 6, 2), (6, 4, 5, 3, 1, 2)}
M(A) = 
[[5, 4, 1, 6, 3, 2], [5, 4, 6, 1, 3, 2], [5, 4, 6, 3, 1, 2]]
Distance: 23
B = 
{(4, 1, 5, 6, 3, 2), (2, 5, 4, 1, 6, 3), (5, 3, 2, 4, 6, 1), (6, 5, 1, 3, 2, 4)}
M(B) = 
[[5, 4, 1, 6, 3, 2], [5, 4, 6, 1, 3, 2], [5, 4, 6, 3, 1, 2]]
Distance: 20
M(A) inter A:
set()
M(B) inter B:
set()

AUB = 
{(6, 3, 2, 1, 5, 4), (5, 1, 3, 4, 2, 6), (4, 3, 1, 5, 6, 2), (5, 3, 2, 4, 6, 1), (4, 1, 5, 6, 3, 2), (6, 4, 5, 3, 1, 2), (2, 5, 4, 1, 6, 3), (6, 5, 1, 3, 2, 4)}
M(AUB) = 
[[5, 4, 1, 6, 3, 2], [5, 4, 6, 1, 3, 2], [5, 4, 6, 3, 1, 2]]
Distance:45

(80)
A = 
{(6, 4, 2, 1, 5, 3), (4, 6, 1, 2, 3, 5), (1, 3, 4, 6, 2, 5), (2, 1, 3, 4, 6, 5)}
M(A) = 
[[2, 3, 4, 1, 6, 5], [2, 3, 4, 6, 1, 5], [2, 4, 1, 3, 6, 5]]
Distance: 15
B = 
{(2, 3, 6, 4, 5, 1), (5, 2, 4, 1, 6, 3), (3, 2, 4, 1, 5, 6), (5, 3, 2, 4, 6, 1)}
M(B) = 
[[2, 3, 4, 1, 6, 5], [2, 3, 4, 6, 1, 5], [2, 4, 1, 3, 6, 5]]
Distance: 16
M(A) inter A:
set()
M(B) inter B:
{(5, 3, 2, 4, 6, 1)}

AUB = 
{(2, 3, 6, 4, 5, 1), (1, 3, 4, 6, 2, 5), (6, 4, 2, 1, 5, 3), (5, 3, 2, 4, 6, 1), (5, 2, 4, 1, 6, 3), (3, 2, 4, 1, 5, 6), (4, 6, 1, 2, 3, 5), (2, 1, 3, 4, 6, 5)}
M(AUB) = 
[[2, 3, 4, 1, 6, 5], [2, 3, 4, 6, 1, 5], [2, 4, 1, 3, 6, 5]]
Distance:43

(81)
A = 
{(5, 3, 1, 4, 6, 2), (6, 5, 4, 3, 2, 1), (6, 4, 2, 1, 3, 5), (2, 5, 1, 6, 4, 3)}
M(A) = 
[[1, 6, 3, 4, 2, 5], [1, 6, 3, 4, 5, 2], [1, 6, 3, 5, 4, 2], [1, 6, 4, 2, 3, 5], [1, 6, 4, 2, 5, 3], [1, 6, 4, 3, 2, 5], [1, 6, 4, 3, 5, 2], [1, 6, 4, 5, 2, 3], [1, 6, 4, 5, 3, 2], [1, 6, 5, 3, 4, 2], [1, 6, 5, 4, 2, 3], [1, 6, 5, 4, 3, 2], [6, 1, 3, 4, 2, 5], [6, 1, 3, 4, 5, 2], [6, 1, 3, 5, 4, 2], [6, 1, 4, 2, 3, 5], [6, 1, 4, 2, 5, 3], [6, 1, 4, 3, 2, 5], [6, 1, 4, 3, 5, 2], [6, 1, 4, 5, 2, 3], [6, 1, 4, 5, 3, 2], [6, 1, 5, 3, 4, 2], [6, 1, 5, 4, 2, 3], [6, 1, 5, 4, 3, 2], [6, 5, 1, 3, 4, 2], [6, 5, 1, 4, 2, 3], [6, 5, 1, 4, 3, 2]]
Distance: 21
B = 
{(1, 4, 6, 2, 5, 3), (6, 1, 3, 4, 5, 2), (3, 6, 4, 5, 1, 2), (2, 1, 3, 5, 6, 4)}
M(B) = 
[[1, 6, 3, 4, 2, 5], [1, 6, 3, 4, 5, 2], [1, 6, 3, 5, 4, 2], [1, 6, 4, 2, 3, 5], [1, 6, 4, 2, 5, 3], [1, 6, 4, 3, 2, 5], [1, 6, 4, 3, 5, 2], [1, 6, 4, 5, 2, 3], [1, 6, 4, 5, 3, 2], [1, 6, 5, 3, 4, 2], [1, 6, 5, 4, 2, 3], [1, 6, 5, 4, 3, 2], [6, 1, 3, 4, 2, 5], [6, 1, 3, 4, 5, 2], [6, 1, 3, 5, 4, 2], [6, 1, 4, 2, 3, 5], [6, 1, 4, 2, 5, 3], [6, 1, 4, 3, 2, 5], [6, 1, 4, 3, 5, 2], [6, 1, 4, 5, 2, 3], [6, 1, 4, 5, 3, 2], [6, 1, 5, 3, 4, 2], [6, 1, 5, 4, 2, 3], [6, 1, 5, 4, 3, 2], [6, 5, 1, 3, 4, 2], [6, 5, 1, 4, 2, 3], [6, 5, 1, 4, 3, 2]]
Distance: 19
M(A) inter A:
set()
M(B) inter B:
{(6, 1, 3, 4, 5, 2)}

AUB = 
{(5, 3, 1, 4, 6, 2), (3, 6, 4, 5, 1, 2), (6, 4, 2, 1, 3, 5), (2, 5, 1, 6, 4, 3), (6, 5, 4, 3, 2, 1), (6, 1, 3, 4, 5, 2), (1, 4, 6, 2, 5, 3), (2, 1, 3, 5, 6, 4)}
M(AUB) = 
[[1, 6, 3, 4, 2, 5], [1, 6, 3, 4, 5, 2], [1, 6, 3, 5, 4, 2], [1, 6, 4, 2, 3, 5], [1, 6, 4, 2, 5, 3], [1, 6, 4, 3, 2, 5], [1, 6, 4, 3, 5, 2], [1, 6, 4, 5, 2, 3], [1, 6, 4, 5, 3, 2], [1, 6, 5, 3, 4, 2], [1, 6, 5, 4, 2, 3], [1, 6, 5, 4, 3, 2], [6, 1, 3, 4, 2, 5], [6, 1, 3, 4, 5, 2], [6, 1, 3, 5, 4, 2], [6, 1, 4, 2, 3, 5], [6, 1, 4, 2, 5, 3], [6, 1, 4, 3, 2, 5], [6, 1, 4, 3, 5, 2], [6, 1, 4, 5, 2, 3], [6, 1, 4, 5, 3, 2], [6, 1, 5, 3, 4, 2], [6, 1, 5, 4, 2, 3], [6, 1, 5, 4, 3, 2], [6, 5, 1, 3, 4, 2], [6, 5, 1, 4, 2, 3], [6, 5, 1, 4, 3, 2]]
Distance:50

(82)
A = 
{(2, 6, 1, 4, 3, 5), (3, 2, 5, 4, 6, 1), (5, 6, 4, 3, 1, 2), (6, 1, 4, 5, 2, 3)}
M(A) = 
[[3, 6, 1, 2, 4, 5], [3, 6, 1, 2, 5, 4], [3, 6, 2, 1, 4, 5], [3, 6, 2, 1, 5, 4], [3, 6, 2, 4, 1, 5], [3, 6, 2, 4, 5, 1], [3, 6, 2, 5, 1, 4], [3, 6, 2, 5, 4, 1], [6, 2, 3, 1, 4, 5], [6, 2, 3, 1, 5, 4], [6, 2, 3, 4, 1, 5], [6, 2, 3, 4, 5, 1], [6, 2, 3, 5, 1, 4], [6, 2, 3, 5, 4, 1], [6, 3, 1, 2, 4, 5], [6, 3, 1, 2, 5, 4], [6, 3, 2, 1, 4, 5], [6, 3, 2, 1, 5, 4], [6, 3, 2, 4, 1, 5], [6, 3, 2, 4, 5, 1], [6, 3, 2, 5, 1, 4], [6, 3, 2, 5, 4, 1]]
Distance: 25
B = 
{(2, 3, 5, 4, 6, 1), (3, 6, 4, 1, 2, 5), (3, 5, 6, 2, 1, 4), (6, 1, 2, 3, 4, 5)}
M(B) = 
[[3, 6, 1, 2, 4, 5], [3, 6, 1, 2, 5, 4], [3, 6, 2, 1, 4, 5], [3, 6, 2, 1, 5, 4], [3, 6, 2, 4, 1, 5], [3, 6, 2, 4, 5, 1], [3, 6, 2, 5, 1, 4], [3, 6, 2, 5, 4, 1], [6, 2, 3, 1, 4, 5], [6, 2, 3, 1, 5, 4], [6, 2, 3, 4, 1, 5], [6, 2, 3, 4, 5, 1], [6, 2, 3, 5, 1, 4], [6, 2, 3, 5, 4, 1], [6, 3, 1, 2, 4, 5], [6, 3, 1, 2, 5, 4], [6, 3, 2, 1, 4, 5], [6, 3, 2, 1, 5, 4], [6, 3, 2, 4, 1, 5], [6, 3, 2, 4, 5, 1], [6, 3, 2, 5, 1, 4], [6, 3, 2, 5, 4, 1]]
Distance: 18
M(A) inter A:
set()
M(B) inter B:
set()

AUB = 
{(2, 6, 1, 4, 3, 5), (3, 2, 5, 4, 6, 1), (5, 6, 4, 3, 1, 2), (3, 5, 6, 2, 1, 4), (6, 1, 4, 5, 2, 3), (2, 3, 5, 4, 6, 1), (6, 1, 2, 3, 4, 5), (3, 6, 4, 1, 2, 5)}
M(AUB) = 
[[3, 6, 1, 2, 4, 5], [3, 6, 1, 2, 5, 4], [3, 6, 2, 1, 4, 5], [3, 6, 2, 1, 5, 4], [3, 6, 2, 4, 1, 5], [3, 6, 2, 4, 5, 1], [3, 6, 2, 5, 1, 4], [3, 6, 2, 5, 4, 1], [6, 2, 3, 1, 4, 5], [6, 2, 3, 1, 5, 4], [6, 2, 3, 4, 1, 5], [6, 2, 3, 4, 5, 1], [6, 2, 3, 5, 1, 4], [6, 2, 3, 5, 4, 1], [6, 3, 1, 2, 4, 5], [6, 3, 1, 2, 5, 4], [6, 3, 2, 1, 4, 5], [6, 3, 2, 1, 5, 4], [6, 3, 2, 4, 1, 5], [6, 3, 2, 4, 5, 1], [6, 3, 2, 5, 1, 4], [6, 3, 2, 5, 4, 1]]
Distance:47

(83)
A = 
{(1, 2, 3, 4, 6, 5), (2, 6, 4, 3, 5, 1), (1, 5, 2, 4, 3, 6), (5, 2, 6, 4, 3, 1)}
M(A) = 
[[2, 1, 4, 5, 6, 3], [2, 1, 4, 6, 5, 3], [2, 1, 5, 4, 6, 3], [2, 1, 5, 6, 4, 3], [2, 1, 6, 4, 5, 3], [2, 1, 6, 5, 4, 3], [2, 4, 1, 5, 6, 3], [2, 4, 1, 6, 5, 3], [2, 4, 5, 1, 6, 3], [2, 5, 1, 4, 6, 3], [2, 5, 1, 6, 4, 3], [2, 5, 4, 1, 6, 3], [5, 2, 1, 4, 6, 3], [5, 2, 1, 6, 4, 3], [5, 2, 4, 1, 6, 3]]
Distance: 23
B = 
{(5, 6, 2, 3, 4, 1), (2, 4, 5, 1, 3, 6), (1, 6, 5, 4, 3, 2), (2, 1, 4, 6, 3, 5)}
M(B) = 
[[2, 1, 4, 5, 6, 3], [2, 1, 4, 6, 5, 3], [2, 1, 5, 4, 6, 3], [2, 1, 5, 6, 4, 3], [2, 1, 6, 4, 5, 3], [2, 1, 6, 5, 4, 3], [2, 4, 1, 5, 6, 3], [2, 4, 1, 6, 5, 3], [2, 4, 5, 1, 6, 3], [2, 5, 1, 4, 6, 3], [2, 5, 1, 6, 4, 3], [2, 5, 4, 1, 6, 3], [5, 2, 1, 4, 6, 3], [5, 2, 1, 6, 4, 3], [5, 2, 4, 1, 6, 3]]
Distance: 22
M(A) inter A:
set()
M(B) inter B:
set()

AUB = 
{(5, 6, 2, 3, 4, 1), (2, 4, 5, 1, 3, 6), (2, 1, 4, 6, 3, 5), (1, 5, 2, 4, 3, 6), (1, 6, 5, 4, 3, 2), (5, 2, 6, 4, 3, 1), (1, 2, 3, 4, 6, 5), (2, 6, 4, 3, 5, 1)}
M(AUB) = 
[[2, 1, 4, 5, 6, 3], [2, 1, 4, 6, 5, 3], [2, 1, 5, 4, 6, 3], [2, 1, 5, 6, 4, 3], [2, 1, 6, 4, 5, 3], [2, 1, 6, 5, 4, 3], [2, 4, 1, 5, 6, 3], [2, 4, 1, 6, 5, 3], [2, 4, 5, 1, 6, 3], [2, 5, 1, 4, 6, 3], [2, 5, 1, 6, 4, 3], [2, 5, 4, 1, 6, 3], [5, 2, 1, 4, 6, 3], [5, 2, 1, 6, 4, 3], [5, 2, 4, 1, 6, 3]]
Distance:45

(84)
A = 
{(2, 5, 6, 4, 1, 3), (5, 4, 6, 2, 1, 3), (6, 3, 5, 2, 4, 1), (1, 5, 4, 2, 3, 6)}
M(A) = 
[[5, 2, 4, 1, 3, 6], [5, 2, 4, 1, 6, 3], [5, 2, 4, 6, 1, 3]]
Distance: 17
B = 
{(4, 5, 2, 1, 3, 6), (1, 2, 5, 3, 4, 6), (2, 5, 4, 1, 6, 3), (3, 6, 5, 2, 1, 4)}
M(B) = 
[[5, 2, 4, 1, 3, 6], [5, 2, 4, 1, 6, 3], [5, 2, 4, 6, 1, 3]]
Distance: 18
M(A) inter A:
set()
M(B) inter B:
set()

AUB = 
{(2, 5, 6, 4, 1, 3), (4, 5, 2, 1, 3, 6), (3, 6, 5, 2, 1, 4), (1, 5, 4, 2, 3, 6), (5, 4, 6, 2, 1, 3), (1, 2, 5, 3, 4, 6), (6, 3, 5, 2, 4, 1), (2, 5, 4, 1, 6, 3)}
M(AUB) = 
[[5, 2, 4, 1, 3, 6], [5, 2, 4, 1, 6, 3], [5, 2, 4, 6, 1, 3]]
Distance:39

(85)
A = 
{(4, 3, 6, 2, 5, 1), (1, 2, 5, 3, 6, 4), (4, 5, 1, 2, 6, 3), (4, 6, 2, 5, 1, 3)}
M(A) = 
[[4, 5, 1, 3, 6, 2], [4, 5, 1, 6, 2, 3], [4, 5, 1, 6, 3, 2], [4, 5, 6, 1, 2, 3], [4, 5, 6, 1, 3, 2]]
Distance: 20
B = 
{(5, 6, 1, 3, 4, 2), (4, 3, 1, 5, 2, 6), (1, 6, 4, 2, 5, 3), (5, 4, 3, 6, 1, 2)}
M(B) = 
[[4, 5, 1, 3, 6, 2], [4, 5, 1, 6, 2, 3], [4, 5, 1, 6, 3, 2], [4, 5, 6, 1, 2, 3], [4, 5, 6, 1, 3, 2]]
Distance: 20
M(A) inter A:
set()
M(B) inter B:
{(5, 4, 3, 6, 1, 2)}

AUB = 
{(5, 6, 1, 3, 4, 2), (1, 2, 5, 3, 6, 4), (5, 4, 3, 6, 1, 2), (4, 3, 1, 5, 2, 6), (1, 6, 4, 2, 5, 3), (4, 3, 6, 2, 5, 1), (4, 5, 1, 2, 6, 3), (4, 6, 2, 5, 1, 3)}
M(AUB) = 
[[4, 5, 1, 3, 6, 2], [4, 5, 1, 6, 2, 3], [4, 5, 1, 6, 3, 2], [4, 5, 6, 1, 2, 3], [4, 5, 6, 1, 3, 2]]
Distance:44

(86)
A = 
{(5, 3, 1, 2, 4, 6), (6, 2, 4, 5, 1, 3), (6, 2, 5, 3, 4, 1), (1, 2, 3, 4, 5, 6)}
M(A) = 
[[1, 2, 3, 4, 5, 6], [1, 2, 3, 5, 4, 6], [1, 2, 4, 3, 5, 6], [1, 2, 4, 5, 3, 6], [1, 2, 5, 3, 4, 6], [1, 2, 5, 4, 3, 6], [2, 3, 4, 1, 5, 6], [2, 3, 4, 5, 1, 6], [2, 3, 5, 4, 1, 6], [2, 4, 1, 3, 5, 6], [2, 4, 1, 5, 3, 6], [2, 4, 3, 1, 5, 6], [2, 4, 3, 5, 1, 6], [2, 4, 5, 1, 3, 6], [2, 4, 5, 3, 1, 6], [2, 5, 3, 4, 1, 6], [2, 5, 4, 1, 3, 6], [2, 5, 4, 3, 1, 6]]
Distance: 23
B = 
{(3, 1, 5, 6, 2, 4), (5, 2, 4, 6, 1, 3), (4, 1, 2, 3, 5, 6), (4, 3, 1, 2, 6, 5)}
M(B) = 
[[1, 2, 3, 4, 5, 6], [1, 2, 3, 5, 4, 6], [1, 2, 4, 3, 5, 6], [1, 2, 4, 5, 3, 6], [1, 2, 5, 3, 4, 6], [1, 2, 5, 4, 3, 6], [2, 3, 4, 1, 5, 6], [2, 3, 4, 5, 1, 6], [2, 3, 5, 4, 1, 6], [2, 4, 1, 3, 5, 6], [2, 4, 1, 5, 3, 6], [2, 4, 3, 1, 5, 6], [2, 4, 3, 5, 1, 6], [2, 4, 5, 1, 3, 6], [2, 4, 5, 3, 1, 6], [2, 5, 3, 4, 1, 6], [2, 5, 4, 1, 3, 6], [2, 5, 4, 3, 1, 6]]
Distance: 20
M(A) inter A:
set()
M(B) inter B:
{(4, 1, 2, 3, 5, 6)}

AUB = 
{(5, 3, 1, 2, 4, 6), (3, 1, 5, 6, 2, 4), (5, 2, 4, 6, 1, 3), (6, 2, 5, 3, 4, 1), (4, 1, 2, 3, 5, 6), (6, 2, 4, 5, 1, 3), (4, 3, 1, 2, 6, 5), (1, 2, 3, 4, 5, 6)}
M(AUB) = 
[[1, 2, 3, 4, 5, 6], [1, 2, 3, 5, 4, 6], [1, 2, 4, 3, 5, 6], [1, 2, 4, 5, 3, 6], [1, 2, 5, 3, 4, 6], [1, 2, 5, 4, 3, 6], [2, 3, 4, 1, 5, 6], [2, 3, 4, 5, 1, 6], [2, 3, 5, 4, 1, 6], [2, 4, 1, 3, 5, 6], [2, 4, 1, 5, 3, 6], [2, 4, 3, 1, 5, 6], [2, 4, 3, 5, 1, 6], [2, 4, 5, 1, 3, 6], [2, 4, 5, 3, 1, 6], [2, 5, 3, 4, 1, 6], [2, 5, 4, 1, 3, 6], [2, 5, 4, 3, 1, 6]]
Distance:51

(87)
A = 
{(1, 6, 3, 5, 4, 2), (4, 2, 6, 5, 3, 1), (6, 5, 1, 2, 4, 3), (4, 5, 1, 6, 3, 2)}
M(A) = 
[[1, 4, 6, 5, 3, 2], [4, 1, 6, 5, 3, 2]]
Distance: 19
B = 
{(2, 4, 6, 1, 5, 3), (1, 4, 6, 3, 5, 2), (1, 3, 4, 6, 2, 5), (5, 3, 4, 2, 1, 6)}
M(B) = 
[[1, 4, 6, 5, 3, 2], [4, 1, 6, 5, 3, 2]]
Distance: 21
M(A) inter A:
set()
M(B) inter B:
{(1, 4, 6, 3, 5, 2), (1, 3, 4, 6, 2, 5)}

AUB = 
{(6, 5, 1, 2, 4, 3), (1, 3, 4, 6, 2, 5), (1, 6, 3, 5, 4, 2), (4, 5, 1, 6, 3, 2), (1, 4, 6, 3, 5, 2), (4, 2, 6, 5, 3, 1), (2, 4, 6, 1, 5, 3), (5, 3, 4, 2, 1, 6)}
M(AUB) = 
[[1, 4, 6, 5, 3, 2], [4, 1, 6, 5, 3, 2]]
Distance:42

(88)
A = 
{(5, 6, 2, 3, 4, 1), (4, 6, 2, 3, 1, 5), (3, 6, 1, 2, 5, 4), (2, 5, 6, 3, 4, 1)}
M(A) = 
[[5, 6, 2, 3, 4, 1], [5, 6, 2, 4, 3, 1], [5, 6, 3, 2, 4, 1], [5, 6, 3, 4, 1, 2], [5, 6, 3, 4, 2, 1], [5, 6, 4, 2, 3, 1], [5, 6, 4, 3, 1, 2], [5, 6, 4, 3, 2, 1], [6, 2, 4, 5, 3, 1], [6, 2, 5, 3, 4, 1], [6, 2, 5, 4, 3, 1], [6, 4, 2, 5, 3, 1], [6, 4, 5, 2, 3, 1], [6, 4, 5, 3, 1, 2], [6, 4, 5, 3, 2, 1], [6, 5, 2, 3, 4, 1], [6, 5, 2, 4, 3, 1], [6, 5, 3, 2, 4, 1], [6, 5, 3, 4, 1, 2], [6, 5, 3, 4, 2, 1], [6, 5, 4, 2, 3, 1], [6, 5, 4, 3, 1, 2], [6, 5, 4, 3, 2, 1]]
Distance: 16
B = 
{(5, 6, 3, 4, 2, 1), (1, 4, 6, 3, 5, 2), (4, 5, 6, 3, 1, 2), (1, 6, 2, 4, 5, 3)}
M(B) = 
[[5, 6, 2, 3, 4, 1], [5, 6, 2, 4, 3, 1], [5, 6, 3, 2, 4, 1], [5, 6, 3, 4, 1, 2], [5, 6, 3, 4, 2, 1], [5, 6, 4, 2, 3, 1], [5, 6, 4, 3, 1, 2], [5, 6, 4, 3, 2, 1], [6, 2, 4, 5, 3, 1], [6, 2, 5, 3, 4, 1], [6, 2, 5, 4, 3, 1], [6, 4, 2, 5, 3, 1], [6, 4, 5, 2, 3, 1], [6, 4, 5, 3, 1, 2], [6, 4, 5, 3, 2, 1], [6, 5, 2, 3, 4, 1], [6, 5, 2, 4, 3, 1], [6, 5, 3, 2, 4, 1], [6, 5, 3, 4, 1, 2], [6, 5, 3, 4, 2, 1], [6, 5, 4, 2, 3, 1], [6, 5, 4, 3, 1, 2], [6, 5, 4, 3, 2, 1]]
Distance: 19
M(A) inter A:
set()
M(B) inter B:
{(4, 5, 6, 3, 1, 2)}

AUB = 
{(5, 6, 2, 3, 4, 1), (1, 4, 6, 3, 5, 2), (4, 6, 2, 3, 1, 5), (1, 6, 2, 4, 5, 3), (5, 6, 3, 4, 2, 1), (3, 6, 1, 2, 5, 4), (4, 5, 6, 3, 1, 2), (2, 5, 6, 3, 4, 1)}
M(AUB) = 
[[5, 6, 2, 3, 4, 1], [5, 6, 2, 4, 3, 1], [5, 6, 3, 2, 4, 1], [5, 6, 3, 4, 1, 2], [5, 6, 3, 4, 2, 1], [5, 6, 4, 2, 3, 1], [5, 6, 4, 3, 1, 2], [5, 6, 4, 3, 2, 1], [6, 2, 4, 5, 3, 1], [6, 2, 5, 3, 4, 1], [6, 2, 5, 4, 3, 1], [6, 4, 2, 5, 3, 1], [6, 4, 5, 2, 3, 1], [6, 4, 5, 3, 1, 2], [6, 4, 5, 3, 2, 1], [6, 5, 2, 3, 4, 1], [6, 5, 2, 4, 3, 1], [6, 5, 3, 2, 4, 1], [6, 5, 3, 4, 1, 2], [6, 5, 3, 4, 2, 1], [6, 5, 4, 2, 3, 1], [6, 5, 4, 3, 1, 2], [6, 5, 4, 3, 2, 1]]
Distance:47

(89)
A = 
{(5, 4, 1, 3, 6, 2), (6, 3, 1, 2, 4, 5), (5, 2, 4, 3, 6, 1), (5, 3, 6, 2, 1, 4)}
M(A) = 
[[2, 3, 5, 1, 4, 6], [3, 2, 5, 1, 4, 6], [3, 5, 2, 1, 4, 6]]
Distance: 19
B = 
{(2, 6, 3, 5, 1, 4), (1, 2, 3, 4, 6, 5), (4, 3, 5, 2, 1, 6), (2, 1, 3, 5, 4, 6)}
M(B) = 
[[2, 3, 5, 1, 4, 6], [3, 2, 5, 1, 4, 6], [3, 5, 2, 1, 4, 6]]
Distance: 17
M(A) inter A:
set()
M(B) inter B:
{(2, 1, 3, 5, 4, 6)}

AUB = 
{(2, 6, 3, 5, 1, 4), (5, 3, 6, 2, 1, 4), (4, 3, 5, 2, 1, 6), (1, 2, 3, 4, 6, 5), (5, 2, 4, 3, 6, 1), (5, 4, 1, 3, 6, 2), (6, 3, 1, 2, 4, 5), (2, 1, 3, 5, 4, 6)}
M(AUB) = 
[[2, 3, 5, 1, 4, 6], [3, 2, 5, 1, 4, 6], [3, 5, 2, 1, 4, 6]]
Distance:46

(90)
A = 
{(3, 5, 1, 2, 4, 6), (2, 3, 6, 4, 5, 1), (4, 6, 3, 2, 5, 1), (6, 3, 5, 4, 2, 1)}
M(A) = 
[[3, 2, 1, 6, 5, 4], [3, 2, 5, 1, 6, 4], [3, 2, 6, 5, 1, 4], [3, 5, 2, 1, 6, 4]]
Distance: 18
B = 
{(2, 1, 3, 6, 5, 4), (1, 3, 6, 2, 4, 5), (3, 5, 2, 1, 6, 4), (3, 1, 5, 2, 4, 6)}
M(B) = 
[[3, 2, 1, 6, 5, 4], [3, 2, 5, 1, 6, 4], [3, 2, 6, 5, 1, 4], [3, 5, 2, 1, 6, 4]]
Distance: 13
M(A) inter A:
set()
M(B) inter B:
set()

AUB = 
{(3, 5, 1, 2, 4, 6), (3, 1, 5, 2, 4, 6), (2, 3, 6, 4, 5, 1), (2, 1, 3, 6, 5, 4), (6, 3, 5, 4, 2, 1), (1, 3, 6, 2, 4, 5), (3, 5, 2, 1, 6, 4), (4, 6, 3, 2, 5, 1)}
M(AUB) = 
[[3, 2, 1, 6, 5, 4], [3, 2, 5, 1, 6, 4], [3, 2, 6, 5, 1, 4], [3, 5, 2, 1, 6, 4]]
Distance:39

(91)
A = 
{(4, 2, 6, 3, 1, 5), (5, 6, 4, 2, 1, 3), (1, 2, 5, 6, 4, 3), (4, 5, 3, 6, 2, 1)}
M(A) = 
[[2, 4, 5, 6, 3, 1], [2, 5, 4, 6, 3, 1], [2, 5, 6, 4, 3, 1], [4, 2, 5, 6, 3, 1], [4, 5, 2, 6, 3, 1], [5, 2, 4, 6, 3, 1], [5, 2, 6, 4, 3, 1], [5, 4, 2, 6, 3, 1]]
Distance: 20
B = 
{(5, 1, 3, 4, 2, 6), (2, 6, 4, 3, 5, 1), (3, 2, 4, 5, 6, 1), (5, 6, 3, 2, 4, 1)}
M(B) = 
[[2, 4, 5, 6, 3, 1], [2, 5, 4, 6, 3, 1], [2, 5, 6, 4, 3, 1], [4, 2, 5, 6, 3, 1], [4, 5, 2, 6, 3, 1], [5, 2, 4, 6, 3, 1], [5, 2, 6, 4, 3, 1], [5, 4, 2, 6, 3, 1]]
Distance: 19
M(A) inter A:
set()
M(B) inter B:
{(3, 2, 4, 5, 6, 1)}

AUB = 
{(5, 6, 4, 2, 1, 3), (1, 2, 5, 6, 4, 3), (5, 1, 3, 4, 2, 6), (4, 5, 3, 6, 2, 1), (3, 2, 4, 5, 6, 1), (4, 2, 6, 3, 1, 5), (5, 6, 3, 2, 4, 1), (2, 6, 4, 3, 5, 1)}
M(AUB) = 
[[2, 4, 5, 6, 3, 1], [2, 5, 4, 6, 3, 1], [2, 5, 6, 4, 3, 1], [4, 2, 5, 6, 3, 1], [4, 5, 2, 6, 3, 1], [5, 2, 4, 6, 3, 1], [5, 2, 6, 4, 3, 1], [5, 4, 2, 6, 3, 1]]
Distance:45

(92)
A = 
{(3, 2, 6, 1, 4, 5), (1, 2, 4, 3, 5, 6), (1, 3, 6, 5, 2, 4), (4, 2, 3, 1, 6, 5)}
M(A) = 
[[2, 3, 1, 4, 6, 5], [3, 1, 2, 4, 6, 5], [3, 2, 1, 4, 6, 5]]
Distance: 17
B = 
{(3, 1, 5, 2, 4, 6), (4, 1, 6, 3, 5, 2), (6, 4, 2, 5, 3, 1), (2, 5, 3, 1, 4, 6)}
M(B) = 
[[2, 3, 1, 4, 6, 5], [3, 1, 2, 4, 6, 5], [3, 2, 1, 4, 6, 5]]
Distance: 27
M(A) inter A:
{(4, 2, 3, 1, 6, 5)}
M(B) inter B:
{(3, 1, 5, 2, 4, 6), (2, 5, 3, 1, 4, 6)}

AUB = 
{(4, 2, 3, 1, 6, 5), (1, 3, 6, 5, 2, 4), (3, 2, 6, 1, 4, 5), (3, 1, 5, 2, 4, 6), (4, 1, 6, 3, 5, 2), (2, 5, 3, 1, 4, 6), (6, 4, 2, 5, 3, 1), (1, 2, 4, 3, 5, 6)}
M(AUB) = 
[[2, 3, 1, 4, 6, 5], [3, 1, 2, 4, 6, 5], [3, 2, 1, 4, 6, 5]]
Distance:44

(93)
A = 
{(4, 5, 6, 2, 3, 1), (1, 2, 4, 5, 6, 3), (1, 3, 4, 2, 5, 6), (1, 3, 4, 5, 2, 6)}
M(A) = 
[[1, 4, 5, 6, 3, 2], [1, 5, 6, 3, 4, 2]]
Distance: 17
B = 
{(3, 1, 5, 2, 6, 4), (1, 6, 5, 3, 4, 2), (1, 6, 2, 4, 5, 3), (6, 5, 3, 4, 1, 2)}
M(B) = 
[[1, 4, 5, 6, 3, 2], [1, 5, 6, 3, 4, 2]]
Distance: 15
M(A) inter A:
set()
M(B) inter B:
{(1, 6, 5, 3, 4, 2)}

AUB = 
{(4, 5, 6, 2, 3, 1), (1, 6, 5, 3, 4, 2), (1, 6, 2, 4, 5, 3), (1, 3, 4, 5, 2, 6), (1, 3, 4, 2, 5, 6), (3, 1, 5, 2, 6, 4), (1, 2, 4, 5, 6, 3), (6, 5, 3, 4, 1, 2)}
M(AUB) = 
[[1, 4, 5, 6, 3, 2], [1, 5, 6, 3, 4, 2]]
Distance:44

(94)
A = 
{(3, 6, 2, 5, 4, 1), (2, 6, 4, 3, 1, 5), (5, 4, 2, 3, 1, 6), (2, 1, 4, 5, 3, 6)}
M(A) = 
[[5, 2, 4, 3, 6, 1], [5, 4, 2, 3, 6, 1]]
Distance: 20
B = 
{(5, 6, 1, 4, 2, 3), (5, 2, 1, 4, 3, 6), (5, 4, 6, 1, 2, 3), (3, 4, 6, 1, 5, 2)}
M(B) = 
[[5, 2, 4, 3, 6, 1], [5, 4, 2, 3, 6, 1]]
Distance: 16
M(A) inter A:
set()
M(B) inter B:
{(5, 4, 6, 1, 2, 3)}

AUB = 
{(3, 6, 2, 5, 4, 1), (5, 2, 1, 4, 3, 6), (2, 1, 4, 5, 3, 6), (3, 4, 6, 1, 5, 2), (5, 6, 1, 4, 2, 3), (5, 4, 2, 3, 1, 6), (2, 6, 4, 3, 1, 5), (5, 4, 6, 1, 2, 3)}
M(AUB) = 
[[5, 2, 4, 3, 6, 1], [5, 4, 2, 3, 6, 1]]
Distance:46

(95)
A = 
{(5, 4, 3, 6, 2, 1), (3, 6, 1, 5, 4, 2), (2, 1, 4, 5, 3, 6), (2, 3, 1, 4, 6, 5)}
M(A) = 
[[1, 2, 5, 3, 4, 6], [1, 5, 2, 3, 4, 6], [2, 1, 5, 3, 4, 6]]
Distance: 23
B = 
{(1, 2, 5, 3, 6, 4), (1, 2, 5, 3, 4, 6), (4, 6, 1, 5, 2, 3), (5, 6, 2, 3, 4, 1)}
M(B) = 
[[1, 2, 5, 3, 4, 6], [1, 5, 2, 3, 4, 6], [2, 1, 5, 3, 4, 6]]
Distance: 19
M(A) inter A:
set()
M(B) inter B:
{(1, 2, 5, 3, 6, 4), (1, 2, 5, 3, 4, 6)}

AUB = 
{(5, 6, 2, 3, 4, 1), (1, 2, 5, 3, 4, 6), (4, 6, 1, 5, 2, 3), (2, 1, 4, 5, 3, 6), (1, 2, 5, 3, 6, 4), (3, 6, 1, 5, 4, 2), (2, 3, 1, 4, 6, 5), (5, 4, 3, 6, 2, 1)}
M(AUB) = 
[[1, 2, 5, 3, 4, 6], [1, 5, 2, 3, 4, 6], [2, 1, 5, 3, 4, 6]]
Distance:46

(96)
A = 
{(4, 2, 3, 6, 1, 5), (4, 3, 1, 6, 2, 5), (4, 6, 5, 1, 3, 2), (2, 1, 5, 4, 6, 3)}
M(A) = 
[[2, 4, 6, 1, 5, 3], [2, 4, 6, 5, 1, 3], [4, 2, 6, 1, 5, 3], [4, 2, 6, 5, 1, 3], [4, 6, 2, 1, 5, 3], [4, 6, 2, 5, 1, 3]]
Distance: 20
B = 
{(6, 5, 2, 1, 3, 4), (2, 4, 5, 6, 1, 3), (2, 6, 1, 3, 4, 5), (5, 6, 4, 1, 2, 3)}
M(B) = 
[[2, 4, 6, 1, 5, 3], [2, 4, 6, 5, 1, 3], [4, 2, 6, 1, 5, 3], [4, 2, 6, 5, 1, 3], [4, 6, 2, 1, 5, 3], [4, 6, 2, 5, 1, 3]]
Distance: 17
M(A) inter A:
set()
M(B) inter B:
{(6, 5, 2, 1, 3, 4)}

AUB = 
{(6, 5, 2, 1, 3, 4), (4, 6, 5, 1, 3, 2), (2, 1, 5, 4, 6, 3), (4, 3, 1, 6, 2, 5), (2, 4, 5, 6, 1, 3), (5, 6, 4, 1, 2, 3), (2, 6, 1, 3, 4, 5), (4, 2, 3, 6, 1, 5)}
M(AUB) = 
[[2, 4, 6, 1, 5, 3], [2, 4, 6, 5, 1, 3], [4, 2, 6, 1, 5, 3], [4, 2, 6, 5, 1, 3], [4, 6, 2, 1, 5, 3], [4, 6, 2, 5, 1, 3]]
Distance:43

(97)
A = 
{(6, 5, 2, 1, 3, 4), (4, 6, 5, 3, 2, 1), (4, 6, 1, 5, 3, 2), (1, 3, 6, 2, 5, 4)}
M(A) = 
[[4, 6, 5, 1, 3, 2], [4, 6, 5, 3, 1, 2], [4, 6, 5, 3, 2, 1], [6, 4, 5, 1, 3, 2], [6, 4, 5, 3, 1, 2], [6, 4, 5, 3, 2, 1], [6, 5, 3, 2, 4, 1], [6, 5, 3, 4, 1, 2], [6, 5, 3, 4, 2, 1], [6, 5, 4, 1, 3, 2], [6, 5, 4, 3, 1, 2], [6, 5, 4, 3, 2, 1]]
Distance: 20
B = 
{(4, 6, 3, 5, 1, 2), (5, 6, 3, 2, 4, 1), (2, 5, 6, 3, 1, 4), (4, 1, 6, 5, 2, 3)}
M(B) = 
[[4, 6, 5, 1, 3, 2], [4, 6, 5, 3, 1, 2], [4, 6, 5, 3, 2, 1], [6, 4, 5, 1, 3, 2], [6, 4, 5, 3, 1, 2], [6, 4, 5, 3, 2, 1], [6, 5, 3, 2, 4, 1], [6, 5, 3, 4, 1, 2], [6, 5, 3, 4, 2, 1], [6, 5, 4, 1, 3, 2], [6, 5, 4, 3, 1, 2], [6, 5, 4, 3, 2, 1]]
Distance: 21
M(A) inter A:
{(4, 6, 5, 3, 2, 1)}
M(B) inter B:
{(5, 6, 3, 2, 4, 1)}

AUB = 
{(6, 5, 2, 1, 3, 4), (4, 6, 3, 5, 1, 2), (2, 5, 6, 3, 1, 4), (4, 6, 1, 5, 3, 2), (5, 6, 3, 2, 4, 1), (1, 3, 6, 2, 5, 4), (4, 6, 5, 3, 2, 1), (4, 1, 6, 5, 2, 3)}
M(AUB) = 
[[4, 6, 5, 1, 3, 2], [4, 6, 5, 3, 1, 2], [4, 6, 5, 3, 2, 1], [6, 4, 5, 1, 3, 2], [6, 4, 5, 3, 1, 2], [6, 4, 5, 3, 2, 1], [6, 5, 3, 2, 4, 1], [6, 5, 3, 4, 1, 2], [6, 5, 3, 4, 2, 1], [6, 5, 4, 1, 3, 2], [6, 5, 4, 3, 1, 2], [6, 5, 4, 3, 2, 1]]
Distance:43

(98)
A = 
{(3, 1, 2, 5, 6, 4), (2, 3, 4, 1, 6, 5), (3, 6, 5, 2, 4, 1), (2, 5, 1, 3, 4, 6)}
M(A) = 
[[3, 2, 1, 5, 4, 6], [3, 2, 1, 5, 6, 4], [3, 2, 1, 6, 5, 4], [3, 2, 5, 1, 4, 6], [3, 2, 5, 1, 6, 4], [3, 2, 5, 4, 1, 6]]
Distance: 17
B = 
{(1, 3, 5, 6, 4, 2), (4, 3, 2, 6, 5, 1), (2, 4, 5, 3, 1, 6), (6, 1, 5, 3, 4, 2)}
M(B) = 
[[3, 2, 1, 5, 4, 6], [3, 2, 1, 5, 6, 4], [3, 2, 1, 6, 5, 4], [3, 2, 5, 1, 4, 6], [3, 2, 5, 1, 6, 4], [3, 2, 5, 4, 1, 6]]
Distance: 27
M(A) inter A:
set()
M(B) inter B:
{(1, 3, 5, 6, 4, 2), (4, 3, 2, 6, 5, 1)}

AUB = 
{(1, 3, 5, 6, 4, 2), (6, 1, 5, 3, 4, 2), (3, 6, 5, 2, 4, 1), (4, 3, 2, 6, 5, 1), (3, 1, 2, 5, 6, 4), (2, 3, 4, 1, 6, 5), (2, 4, 5, 3, 1, 6), (2, 5, 1, 3, 4, 6)}
M(AUB) = 
[[3, 2, 1, 5, 4, 6], [3, 2, 1, 5, 6, 4], [3, 2, 1, 6, 5, 4], [3, 2, 5, 1, 4, 6], [3, 2, 5, 1, 6, 4], [3, 2, 5, 4, 1, 6]]
Distance:46

(99)
A = 
{(2, 3, 4, 5, 1, 6), (5, 2, 6, 1, 4, 3), (1, 3, 2, 6, 4, 5), (3, 5, 2, 6, 1, 4)}
M(A) = 
[[1, 3, 5, 2, 6, 4]]
Distance: 18
B = 
{(1, 3, 6, 2, 4, 5), (5, 6, 1, 4, 2, 3), (1, 4, 5, 2, 3, 6), (3, 6, 1, 5, 4, 2)}
M(B) = 
[[1, 3, 5, 2, 6, 4]]
Distance: 19
M(A) inter A:
set()
M(B) inter B:
set()

AUB = 
{(2, 3, 4, 5, 1, 6), (1, 3, 2, 6, 4, 5), (5, 6, 1, 4, 2, 3), (1, 3, 6, 2, 4, 5), (3, 6, 1, 5, 4, 2), (3, 5, 2, 6, 1, 4), (5, 2, 6, 1, 4, 3), (1, 4, 5, 2, 3, 6)}
M(AUB) = 
[[1, 3, 5, 2, 6, 4]]
Distance:45

