(0)
A = 
{(3, 2, 1, 4), (2, 3, 1, 4), (3, 1, 2, 4), (4, 3, 2, 1), (2, 4, 3, 1)}
M(A) = 
[[3, 2, 4, 1]]
Distance: 8
B = 
{(3, 4, 2, 1), (4, 2, 3, 1), (3, 2, 1, 4), (3, 1, 4, 2), (2, 3, 4, 1)}
M(B) = 
[[3, 2, 4, 1]]
Distance: 8
M(A) inter A:
set()
M(B) inter B:
{(3, 4, 2, 1)}

AUB = 
{(2, 3, 1, 4), (3, 1, 4, 2), (2, 3, 4, 1), (4, 2, 3, 1), (3, 1, 2, 4), (3, 4, 2, 1), (2, 4, 3, 1), (4, 3, 2, 1), (3, 2, 1, 4)}
M(AUB) = 
[[3, 2, 4, 1]]
Distance:17

(1)
A = 
{(1, 2, 4, 3), (2, 4, 3, 1), (1, 2, 3, 4), (3, 1, 4, 2), (1, 4, 3, 2)}
M(A) = 
[[1, 2, 4, 3]]
Distance: 10
B = 
{(1, 2, 4, 3), (2, 4, 1, 3), (2, 1, 4, 3), (1, 3, 4, 2), (4, 1, 3, 2)}
M(B) = 
[[1, 2, 4, 3]]
Distance: 9
M(A) inter A:
{(1, 2, 4, 3)}
M(B) inter B:
{(1, 2, 4, 3)}

AUB = 
{(2, 1, 4, 3), (1, 2, 3, 4), (1, 4, 3, 2), (1, 3, 4, 2), (1, 2, 4, 3), (2, 4, 3, 1), (4, 1, 3, 2), (2, 4, 1, 3), (3, 1, 4, 2)}
M(AUB) = 
[[1, 2, 4, 3]]
Distance:19

(2)
A = 
{(4, 3, 1, 2), (3, 4, 2, 1), (2, 4, 3, 1), (3, 2, 4, 1), (2, 3, 4, 1)}
M(A) = 
[[3, 4, 2, 1]]
Distance: 7
B = 
{(3, 4, 2, 1), (4, 3, 1, 2), (1, 4, 3, 2), (2, 4, 3, 1), (3, 1, 4, 2)}
M(B) = 
[[3, 4, 2, 1]]
Distance: 9
M(A) inter A:
{(4, 3, 1, 2)}
M(B) inter B:
{(4, 3, 1, 2)}

AUB = 
{(3, 1, 4, 2), (3, 2, 4, 1), (2, 4, 3, 1), (1, 4, 3, 2), (3, 4, 2, 1), (2, 3, 4, 1), (4, 3, 1, 2)}
M(AUB) = 
[[3, 4, 2, 1]]
Distance:14

(3)
A = 
{(3, 2, 4, 1), (4, 1, 3, 2), (4, 2, 3, 1), (3, 4, 1, 2), (2, 3, 4, 1)}
M(A) = 
[[3, 4, 1, 2]]
Distance: 9
B = 
{(1, 4, 2, 3), (4, 1, 2, 3), (4, 2, 3, 1), (3, 1, 4, 2), (3, 1, 2, 4)}
M(B) = 
[[3, 4, 1, 2]]
Distance: 11
M(A) inter A:
set()
M(B) inter B:
{(1, 4, 2, 3)}

AUB = 
{(3, 1, 4, 2), (4, 1, 2, 3), (3, 4, 1, 2), (1, 4, 2, 3), (3, 2, 4, 1), (2, 3, 4, 1), (4, 2, 3, 1), (3, 1, 2, 4), (4, 1, 3, 2)}
M(AUB) = 
[[3, 4, 1, 2]]
Distance:20

(4)
A = 
{(1, 2, 4, 3), (4, 2, 3, 1), (1, 4, 2, 3), (4, 2, 1, 3), (4, 3, 1, 2)}
M(A) = 
[[1, 4, 2, 3], [1, 4, 3, 2]]
Distance: 8
B = 
{(2, 3, 1, 4), (1, 3, 4, 2), (1, 4, 3, 2), (3, 1, 2, 4), (3, 4, 1, 2)}
M(B) = 
[[1, 4, 2, 3], [1, 4, 3, 2]]
Distance: 8
M(A) inter A:
set()
M(B) inter B:
set()

AUB = 
{(4, 2, 1, 3), (3, 4, 1, 2), (1, 4, 2, 3), (1, 3, 4, 2), (1, 4, 3, 2), (1, 2, 4, 3), (2, 3, 1, 4), (4, 2, 3, 1), (3, 1, 2, 4), (4, 3, 1, 2)}
M(AUB) = 
[[1, 4, 2, 3], [1, 4, 3, 2]]
Distance:24

(5)
A = 
{(3, 4, 2, 1), (4, 2, 3, 1), (3, 2, 1, 4), (1, 3, 4, 2), (1, 4, 3, 2)}
M(A) = 
[[1, 3, 2, 4]]
Distance: 11
B = 
{(1, 2, 3, 4), (1, 2, 4, 3), (2, 4, 3, 1), (1, 3, 2, 4), (3, 2, 1, 4)}
M(B) = 
[[1, 3, 2, 4]]
Distance: 9
M(A) inter A:
set()
M(B) inter B:
{(1, 2, 3, 4)}

AUB = 
{(1, 2, 3, 4), (1, 2, 4, 3), (1, 4, 3, 2), (1, 3, 4, 2), (3, 4, 2, 1), (2, 4, 3, 1), (4, 2, 3, 1), (3, 2, 1, 4), (1, 3, 2, 4)}
M(AUB) = 
[[1, 3, 2, 4]]
Distance:23

(6)
A = 
{(3, 4, 2, 1), (4, 2, 1, 3), (1, 2, 3, 4), (2, 4, 3, 1), (3, 1, 4, 2)}
M(A) = 
[[2, 3, 4, 1], [2, 4, 3, 1], [4, 2, 3, 1]]
Distance: 13
B = 
{(3, 4, 2, 1), (2, 3, 4, 1), (2, 1, 4, 3), (1, 2, 3, 4), (4, 3, 1, 2)}
M(B) = 
[[2, 3, 4, 1], [2, 4, 3, 1], [4, 2, 3, 1]]
Distance: 12
M(A) inter A:
set()
M(B) inter B:
{(2, 3, 4, 1)}

AUB = 
{(4, 2, 1, 3), (1, 2, 3, 4), (4, 3, 1, 2), (2, 3, 4, 1), (3, 4, 2, 1), (2, 4, 3, 1), (2, 1, 4, 3), (3, 1, 4, 2)}
M(AUB) = 
[[2, 3, 4, 1], [2, 4, 3, 1], [4, 2, 3, 1]]
Distance:20

(7)
A = 
{(3, 4, 2, 1), (4, 2, 3, 1), (4, 2, 1, 3), (3, 4, 1, 2), (3, 2, 1, 4)}
M(A) = 
[[2, 3, 1, 4], [2, 3, 4, 1], [3, 2, 1, 4], [3, 2, 4, 1], [3, 4, 2, 1]]
Distance: 8
B = 
{(2, 3, 4, 1), (2, 3, 1, 4), (1, 3, 2, 4), (3, 1, 4, 2), (1, 2, 3, 4)}
M(B) = 
[[2, 3, 1, 4], [2, 3, 4, 1], [3, 2, 1, 4], [3, 2, 4, 1], [3, 4, 2, 1]]
Distance: 9
M(A) inter A:
set()
M(B) inter B:
{(2, 3, 1, 4), (1, 2, 3, 4)}

AUB = 
{(3, 1, 4, 2), (4, 2, 1, 3), (3, 4, 1, 2), (1, 2, 3, 4), (3, 4, 2, 1), (2, 3, 1, 4), (2, 3, 4, 1), (4, 2, 3, 1), (3, 2, 1, 4), (1, 3, 2, 4)}
M(AUB) = 
[[2, 3, 1, 4], [2, 3, 4, 1], [3, 2, 1, 4], [3, 2, 4, 1], [3, 4, 2, 1]]
Distance:24

(8)
A = 
{(1, 4, 2, 3), (4, 2, 1, 3), (4, 2, 3, 1), (1, 4, 3, 2), (1, 2, 4, 3)}
M(A) = 
[[1, 4, 2, 3]]
Distance: 7
B = 
{(3, 4, 2, 1), (1, 2, 3, 4), (1, 4, 3, 2), (2, 4, 3, 1), (3, 1, 2, 4)}
M(B) = 
[[1, 4, 2, 3]]
Distance: 12
M(A) inter A:
set()
M(B) inter B:
{(3, 1, 2, 4)}

AUB = 
{(4, 2, 1, 3), (1, 2, 3, 4), (1, 2, 4, 3), (1, 4, 3, 2), (1, 4, 2, 3), (2, 4, 3, 1), (3, 4, 2, 1), (4, 2, 3, 1), (3, 1, 2, 4)}
M(AUB) = 
[[1, 4, 2, 3]]
Distance:22

(9)
A = 
{(2, 4, 1, 3), (4, 2, 3, 1), (3, 1, 2, 4), (4, 3, 1, 2), (2, 3, 4, 1)}
M(A) = 
[[1, 2, 4, 3]]
Distance: 10
B = 
{(4, 1, 2, 3), (1, 2, 4, 3), (4, 3, 1, 2), (1, 2, 3, 4), (1, 3, 2, 4)}
M(B) = 
[[1, 2, 4, 3]]
Distance: 9
M(A) inter A:
set()
M(B) inter B:
{(1, 2, 4, 3)}

AUB = 
{(2, 4, 1, 3), (4, 1, 2, 3), (1, 3, 2, 4), (1, 2, 3, 4), (1, 2, 4, 3), (2, 3, 4, 1), (4, 2, 3, 1), (3, 1, 2, 4), (4, 3, 1, 2)}
M(AUB) = 
[[1, 2, 4, 3]]
Distance:22

(10)
A = 
{(3, 4, 2, 1), (4, 1, 3, 2), (3, 2, 1, 4), (3, 1, 2, 4), (2, 1, 4, 3)}
M(A) = 
[[3, 2, 1, 4]]
Distance: 11
B = 
{(3, 4, 2, 1), (1, 2, 3, 4), (3, 2, 1, 4), (3, 1, 2, 4), (2, 3, 4, 1)}
M(B) = 
[[3, 2, 1, 4]]
Distance: 8
M(A) inter A:
{(3, 2, 1, 4)}
M(B) inter B:
{(3, 2, 1, 4)}

AUB = 
{(1, 2, 3, 4), (3, 1, 2, 4), (3, 4, 2, 1), (2, 3, 4, 1), (4, 1, 3, 2), (3, 2, 1, 4), (2, 1, 4, 3)}
M(AUB) = 
[[3, 2, 1, 4]]
Distance:16

(11)
A = 
{(2, 3, 1, 4), (4, 2, 1, 3), (1, 3, 2, 4), (1, 3, 4, 2), (4, 3, 1, 2)}
M(A) = 
[[1, 2, 3, 4], [1, 2, 4, 3], [2, 1, 3, 4], [2, 1, 4, 3]]
Distance: 12
B = 
{(4, 3, 1, 2), (1, 2, 4, 3), (4, 2, 1, 3), (2, 1, 4, 3), (2, 3, 4, 1)}
M(B) = 
[[1, 2, 3, 4], [1, 2, 4, 3], [2, 1, 3, 4], [2, 1, 4, 3]]
Distance: 10
M(A) inter A:
set()
M(B) inter B:
set()

AUB = 
{(2, 3, 1, 4), (1, 3, 2, 4), (1, 3, 4, 2), (1, 2, 4, 3), (4, 2, 1, 3), (2, 3, 4, 1), (2, 1, 4, 3), (4, 3, 1, 2)}
M(AUB) = 
[[1, 2, 3, 4], [1, 2, 4, 3], [2, 1, 3, 4], [2, 1, 4, 3]]
Distance:20

(12)
A = 
{(3, 2, 4, 1), (1, 4, 3, 2), (2, 1, 3, 4), (1, 2, 3, 4), (1, 3, 2, 4)}
M(A) = 
[[1, 3, 2, 4]]
Distance: 8
B = 
{(1, 2, 4, 3), (2, 4, 3, 1), (3, 2, 1, 4), (3, 2, 4, 1), (3, 1, 2, 4)}
M(B) = 
[[1, 3, 2, 4]]
Distance: 9
M(A) inter A:
set()
M(B) inter B:
{(3, 2, 1, 4)}

AUB = 
{(2, 1, 3, 4), (1, 3, 2, 4), (1, 2, 4, 3), (1, 4, 3, 2), (3, 1, 2, 4), (3, 2, 4, 1), (2, 4, 3, 1), (3, 2, 1, 4), (1, 2, 3, 4)}
M(AUB) = 
[[1, 3, 2, 4]]
Distance:18

(13)
A = 
{(1, 4, 2, 3), (1, 2, 3, 4), (4, 2, 1, 3), (3, 2, 1, 4), (3, 4, 2, 1)}
M(A) = 
[[3, 1, 4, 2], [3, 2, 1, 4], [3, 4, 2, 1]]
Distance: 13
B = 
{(3, 2, 4, 1), (4, 2, 1, 3), (1, 2, 3, 4), (3, 1, 4, 2), (3, 2, 1, 4)}
M(B) = 
[[3, 1, 4, 2], [3, 2, 1, 4], [3, 4, 2, 1]]
Distance: 11
M(A) inter A:
{(3, 2, 1, 4)}
M(B) inter B:
{(3, 2, 1, 4)}

AUB = 
{(4, 2, 1, 3), (1, 2, 3, 4), (1, 4, 2, 3), (3, 4, 2, 1), (3, 2, 4, 1), (3, 2, 1, 4), (3, 1, 4, 2)}
M(AUB) = 
[[3, 1, 4, 2], [3, 2, 1, 4], [3, 4, 2, 1]]
Distance:18

(14)
A = 
{(3, 2, 4, 1), (3, 2, 1, 4), (4, 2, 3, 1), (1, 4, 3, 2), (4, 3, 1, 2)}
M(A) = 
[[3, 4, 2, 1], [4, 3, 2, 1]]
Distance: 10
B = 
{(3, 4, 2, 1), (1, 2, 3, 4), (4, 2, 1, 3), (3, 4, 1, 2), (2, 4, 1, 3)}
M(B) = 
[[3, 4, 2, 1], [4, 3, 2, 1]]
Distance: 12
M(A) inter A:
set()
M(B) inter B:
{(4, 2, 1, 3)}

AUB = 
{(2, 4, 1, 3), (4, 2, 1, 3), (3, 4, 1, 2), (1, 2, 3, 4), (3, 4, 2, 1), (1, 4, 3, 2), (3, 2, 4, 1), (4, 2, 3, 1), (3, 2, 1, 4), (4, 3, 1, 2)}
M(AUB) = 
[[3, 4, 2, 1], [4, 3, 2, 1]]
Distance:24

(15)
A = 
{(4, 1, 3, 2), (4, 2, 1, 3), (1, 3, 2, 4), (2, 4, 3, 1), (2, 3, 4, 1)}
M(A) = 
[[4, 1, 2, 3]]
Distance: 11
B = 
{(4, 3, 1, 2), (1, 4, 3, 2), (4, 1, 2, 3), (1, 2, 3, 4), (2, 3, 1, 4)}
M(B) = 
[[4, 1, 2, 3]]
Distance: 11
M(A) inter A:
set()
M(B) inter B:
set()

AUB = 
{(4, 2, 1, 3), (1, 3, 2, 4), (2, 4, 3, 1), (1, 4, 3, 2), (1, 2, 3, 4), (2, 3, 1, 4), (4, 1, 2, 3), (2, 3, 4, 1), (4, 3, 1, 2), (4, 1, 3, 2)}
M(AUB) = 
[[4, 1, 2, 3]]
Distance:25

(16)
A = 
{(4, 1, 2, 3), (1, 2, 4, 3), (2, 3, 1, 4), (3, 1, 2, 4), (1, 2, 3, 4)}
M(A) = 
[[1, 2, 3, 4], [1, 2, 4, 3]]
Distance: 8
B = 
{(2, 4, 3, 1), (1, 3, 2, 4), (1, 2, 3, 4), (3, 1, 2, 4), (4, 3, 1, 2)}
M(B) = 
[[1, 2, 3, 4], [1, 2, 4, 3]]
Distance: 10
M(A) inter A:
{(3, 1, 2, 4)}
M(B) inter B:
{(3, 1, 2, 4)}

AUB = 
{(4, 1, 2, 3), (1, 2, 3, 4), (1, 2, 4, 3), (2, 3, 1, 4), (2, 4, 3, 1), (4, 3, 1, 2), (3, 1, 2, 4), (1, 3, 2, 4)}
M(AUB) = 
[[1, 2, 3, 4], [1, 2, 4, 3]]
Distance:18

(17)
A = 
{(2, 1, 3, 4), (4, 2, 3, 1), (3, 2, 1, 4), (3, 1, 2, 4), (2, 4, 3, 1)}
M(A) = 
[[2, 3, 1, 4]]
Distance: 9
B = 
{(2, 1, 3, 4), (2, 4, 3, 1), (2, 1, 4, 3), (1, 2, 3, 4), (2, 3, 4, 1)}
M(B) = 
[[2, 3, 1, 4]]
Distance: 7
M(A) inter A:
{(2, 1, 3, 4)}
M(B) inter B:
{(2, 1, 3, 4)}

AUB = 
{(2, 1, 3, 4), (1, 2, 3, 4), (2, 3, 4, 1), (3, 1, 2, 4), (2, 4, 3, 1), (4, 2, 3, 1), (3, 2, 1, 4), (2, 1, 4, 3)}
M(AUB) = 
[[2, 3, 1, 4]]
Distance:14

(18)
A = 
{(3, 4, 2, 1), (4, 1, 2, 3), (3, 1, 4, 2), (2, 4, 3, 1), (4, 2, 1, 3)}
M(A) = 
[[2, 3, 4, 1]]
Distance: 10
B = 
{(2, 4, 1, 3), (2, 3, 1, 4), (1, 3, 2, 4), (1, 3, 4, 2), (2, 3, 4, 1)}
M(B) = 
[[2, 3, 4, 1]]
Distance: 10
M(A) inter A:
set()
M(B) inter B:
set()

AUB = 
{(2, 3, 4, 1), (4, 1, 2, 3), (1, 3, 2, 4), (3, 1, 4, 2), (2, 3, 1, 4), (1, 3, 4, 2), (3, 4, 2, 1), (4, 2, 1, 3), (2, 4, 3, 1), (2, 4, 1, 3)}
M(AUB) = 
[[2, 3, 4, 1]]
Distance:26

(19)
A = 
{(3, 2, 4, 1), (1, 4, 3, 2), (4, 2, 3, 1), (1, 2, 3, 4), (4, 3, 1, 2)}
M(A) = 
[[2, 4, 1, 3], [4, 1, 2, 3], [4, 1, 3, 2], [4, 2, 1, 3]]
Distance: 12
B = 
{(4, 3, 1, 2), (3, 2, 4, 1), (2, 4, 1, 3), (2, 1, 4, 3), (4, 1, 3, 2)}
M(B) = 
[[2, 4, 1, 3], [4, 1, 2, 3], [4, 1, 3, 2], [4, 2, 1, 3]]
Distance: 11
M(A) inter A:
set()
M(B) inter B:
{(2, 4, 1, 3)}

AUB = 
{(2, 4, 1, 3), (2, 1, 4, 3), (1, 2, 3, 4), (1, 4, 3, 2), (3, 2, 4, 1), (4, 1, 3, 2), (4, 2, 3, 1), (4, 3, 1, 2)}
M(AUB) = 
[[2, 4, 1, 3], [4, 1, 2, 3], [4, 1, 3, 2], [4, 2, 1, 3]]
Distance:20

(20)
A = 
{(1, 2, 3, 4), (3, 2, 4, 1), (2, 1, 3, 4), (1, 4, 3, 2), (3, 2, 1, 4)}
M(A) = 
[[3, 1, 2, 4]]
Distance: 10
B = 
{(3, 4, 2, 1), (4, 3, 1, 2), (3, 4, 1, 2), (3, 1, 2, 4), (3, 2, 1, 4)}
M(B) = 
[[3, 1, 2, 4]]
Distance: 7
M(A) inter A:
set()
M(B) inter B:
{(3, 4, 1, 2)}

AUB = 
{(2, 1, 3, 4), (3, 4, 1, 2), (1, 2, 3, 4), (3, 4, 2, 1), (1, 4, 3, 2), (3, 1, 2, 4), (3, 2, 4, 1), (3, 2, 1, 4), (4, 3, 1, 2)}
M(AUB) = 
[[3, 1, 2, 4]]
Distance:19

(21)
A = 
{(3, 2, 4, 1), (4, 3, 2, 1), (3, 2, 1, 4), (3, 1, 2, 4), (3, 4, 1, 2)}
M(A) = 
[[3, 2, 4, 1]]
Distance: 7
B = 
{(3, 4, 2, 1), (2, 3, 1, 4), (3, 1, 2, 4), (4, 3, 2, 1), (3, 4, 1, 2)}
M(B) = 
[[3, 2, 4, 1]]
Distance: 8
M(A) inter A:
set()
M(B) inter B:
{(3, 4, 2, 1)}

AUB = 
{(2, 3, 1, 4), (3, 4, 1, 2), (3, 4, 2, 1), (3, 1, 2, 4), (3, 2, 4, 1), (4, 3, 2, 1), (3, 2, 1, 4)}
M(AUB) = 
[[3, 2, 4, 1]]
Distance:10

(22)
A = 
{(4, 3, 1, 2), (2, 3, 1, 4), (4, 2, 3, 1), (1, 3, 4, 2), (2, 1, 4, 3)}
M(A) = 
[[1, 2, 4, 3]]
Distance: 13
B = 
{(1, 4, 2, 3), (1, 2, 4, 3), (1, 2, 3, 4), (3, 1, 2, 4), (4, 3, 1, 2)}
M(B) = 
[[1, 2, 4, 3]]
Distance: 9
M(A) inter A:
set()
M(B) inter B:
{(1, 2, 4, 3)}

AUB = 
{(2, 3, 1, 4), (1, 2, 3, 4), (1, 2, 4, 3), (4, 3, 1, 2), (1, 3, 4, 2), (1, 4, 2, 3), (4, 2, 3, 1), (3, 1, 2, 4), (2, 1, 4, 3)}
M(AUB) = 
[[1, 2, 4, 3]]
Distance:20

(23)
A = 
{(4, 1, 2, 3), (3, 2, 4, 1), (4, 1, 3, 2), (4, 2, 3, 1), (4, 2, 1, 3)}
M(A) = 
[[2, 3, 4, 1], [2, 4, 1, 3], [2, 4, 3, 1], [4, 2, 1, 3], [4, 2, 3, 1]]
Distance: 8
B = 
{(1, 2, 3, 4), (3, 4, 2, 1), (2, 4, 1, 3), (3, 2, 1, 4), (2, 3, 4, 1)}
M(B) = 
[[2, 3, 4, 1], [2, 4, 1, 3], [2, 4, 3, 1], [4, 2, 1, 3], [4, 2, 3, 1]]
Distance: 9
M(A) inter A:
set()
M(B) inter B:
{(2, 3, 4, 1)}

AUB = 
{(2, 4, 1, 3), (4, 1, 2, 3), (1, 2, 3, 4), (3, 4, 2, 1), (3, 2, 4, 1), (4, 2, 1, 3), (2, 3, 4, 1), (4, 2, 3, 1), (3, 2, 1, 4), (4, 1, 3, 2)}
M(AUB) = 
[[2, 3, 4, 1], [2, 4, 1, 3], [2, 4, 3, 1], [4, 2, 1, 3], [4, 2, 3, 1]]
Distance:24

(24)
A = 
{(2, 3, 1, 4), (1, 3, 2, 4), (3, 1, 4, 2), (3, 1, 2, 4), (3, 2, 1, 4)}
M(A) = 
[[3, 1, 2, 4]]
Distance: 5
B = 
{(1, 2, 4, 3), (4, 3, 1, 2), (3, 2, 1, 4), (3, 4, 1, 2), (2, 4, 3, 1)}
M(B) = 
[[3, 1, 2, 4]]
Distance: 12
M(A) inter A:
set()
M(B) inter B:
{(4, 3, 1, 2)}

AUB = 
{(2, 3, 1, 4), (3, 4, 1, 2), (1, 3, 2, 4), (3, 1, 2, 4), (1, 2, 4, 3), (2, 4, 3, 1), (4, 3, 1, 2), (3, 2, 1, 4), (3, 1, 4, 2)}
M(AUB) = 
[[3, 1, 2, 4]]
Distance:17

(25)
A = 
{(1, 2, 4, 3), (4, 2, 1, 3), (3, 1, 4, 2), (2, 4, 3, 1), (3, 4, 1, 2)}
M(A) = 
[[4, 3, 1, 2]]
Distance: 13
B = 
{(4, 3, 1, 2), (1, 4, 2, 3), (4, 3, 2, 1), (1, 3, 2, 4), (3, 2, 1, 4)}
M(B) = 
[[4, 3, 1, 2]]
Distance: 12
M(A) inter A:
{(3, 1, 4, 2)}
M(B) inter B:
{(4, 3, 1, 2)}

AUB = 
{(4, 2, 1, 3), (1, 3, 2, 4), (3, 4, 1, 2), (1, 4, 2, 3), (1, 2, 4, 3), (4, 3, 2, 1), (2, 4, 3, 1), (4, 3, 1, 2), (3, 2, 1, 4), (3, 1, 4, 2)}
M(AUB) = 
[[4, 3, 1, 2]]
Distance:25

(26)
A = 
{(1, 2, 4, 3), (2, 3, 4, 1), (2, 1, 3, 4), (3, 1, 4, 2), (3, 4, 1, 2)}
M(A) = 
[[3, 4, 1, 2]]
Distance: 12
B = 
{(4, 1, 2, 3), (3, 4, 2, 1), (4, 2, 3, 1), (3, 1, 4, 2), (1, 4, 3, 2)}
M(B) = 
[[3, 4, 1, 2]]
Distance: 10
M(A) inter A:
set()
M(B) inter B:
set()

AUB = 
{(2, 1, 3, 4), (3, 4, 1, 2), (3, 4, 2, 1), (1, 4, 3, 2), (1, 2, 4, 3), (4, 1, 2, 3), (2, 3, 4, 1), (4, 2, 3, 1), (3, 1, 4, 2)}
M(AUB) = 
[[3, 4, 1, 2]]
Distance:24

(27)
A = 
{(2, 4, 1, 3), (3, 4, 2, 1), (4, 3, 2, 1), (3, 4, 1, 2), (4, 3, 1, 2)}
M(A) = 
[[4, 3, 2, 1]]
Distance: 7
B = 
{(1, 2, 4, 3), (4, 3, 1, 2), (4, 2, 3, 1), (4, 2, 1, 3), (4, 1, 3, 2)}
M(B) = 
[[4, 3, 2, 1]]
Distance: 8
M(A) inter A:
set()
M(B) inter B:
set()

AUB = 
{(2, 4, 1, 3), (4, 2, 3, 1), (3, 4, 1, 2), (1, 2, 4, 3), (3, 4, 2, 1), (4, 2, 1, 3), (4, 1, 3, 2), (4, 3, 2, 1), (4, 3, 1, 2)}
M(AUB) = 
[[4, 3, 2, 1]]
Distance:17

(28)
A = 
{(1, 2, 3, 4), (2, 1, 4, 3), (3, 2, 1, 4), (3, 1, 2, 4), (2, 4, 3, 1)}
M(A) = 
[[2, 1, 3, 4], [2, 1, 4, 3], [2, 3, 1, 4]]
Distance: 9
B = 
{(1, 2, 4, 3), (2, 4, 1, 3), (1, 2, 3, 4), (3, 1, 2, 4), (2, 3, 4, 1)}
M(B) = 
[[2, 1, 3, 4], [2, 1, 4, 3], [2, 3, 1, 4]]
Distance: 9
M(A) inter A:
{(1, 2, 3, 4)}
M(B) inter B:
{(1, 2, 3, 4)}

AUB = 
{(1, 2, 3, 4), (2, 3, 4, 1), (3, 1, 2, 4), (1, 2, 4, 3), (2, 4, 3, 1), (2, 4, 1, 3), (3, 2, 1, 4), (2, 1, 4, 3)}
M(AUB) = 
[[2, 1, 3, 4], [2, 1, 4, 3], [2, 3, 1, 4]]
Distance:16

(29)
A = 
{(3, 2, 1, 4), (2, 3, 1, 4), (2, 1, 4, 3), (3, 1, 2, 4), (2, 4, 1, 3)}
M(A) = 
[[1, 2, 3, 4], [1, 2, 4, 3], [1, 3, 2, 4], [2, 1, 3, 4], [2, 1, 4, 3], [2, 3, 1, 4], [3, 1, 2, 4], [3, 2, 1, 4]]
Distance: 8
B = 
{(2, 4, 1, 3), (1, 4, 2, 3), (4, 3, 1, 2), (1, 3, 2, 4), (2, 1, 4, 3)}
M(B) = 
[[1, 2, 3, 4], [1, 2, 4, 3], [1, 3, 2, 4], [2, 1, 3, 4], [2, 1, 4, 3], [2, 3, 1, 4], [3, 1, 2, 4], [3, 2, 1, 4]]
Distance: 10
M(A) inter A:
set()
M(B) inter B:
set()

AUB = 
{(2, 3, 1, 4), (1, 3, 2, 4), (4, 3, 1, 2), (3, 1, 2, 4), (1, 4, 2, 3), (2, 1, 4, 3), (3, 2, 1, 4), (2, 4, 1, 3)}
M(AUB) = 
[[1, 2, 3, 4], [1, 2, 4, 3], [1, 3, 2, 4], [2, 1, 3, 4], [2, 1, 4, 3], [2, 3, 1, 4], [3, 1, 2, 4], [3, 2, 1, 4]]
Distance:20

(30)
A = 
{(2, 4, 1, 3), (3, 2, 4, 1), (4, 2, 3, 1), (3, 2, 1, 4), (4, 3, 1, 2)}
M(A) = 
[[2, 4, 1, 3]]
Distance: 10
B = 
{(4, 1, 2, 3), (1, 2, 4, 3), (2, 1, 3, 4), (3, 2, 4, 1), (2, 1, 4, 3)}
M(B) = 
[[2, 4, 1, 3]]
Distance: 9
M(A) inter A:
set()
M(B) inter B:
{(2, 1, 4, 3)}

AUB = 
{(2, 4, 1, 3), (4, 1, 2, 3), (1, 2, 4, 3), (3, 2, 4, 1), (2, 1, 3, 4), (4, 2, 3, 1), (2, 1, 4, 3), (3, 2, 1, 4), (4, 3, 1, 2)}
M(AUB) = 
[[2, 4, 1, 3]]
Distance:20

(31)
A = 
{(1, 2, 3, 4), (2, 1, 4, 3), (3, 2, 1, 4), (1, 3, 4, 2), (4, 3, 1, 2)}
M(A) = 
[[1, 2, 3, 4], [1, 2, 4, 3], [1, 3, 2, 4], [1, 3, 4, 2], [1, 4, 2, 3], [1, 4, 3, 2], [2, 1, 3, 4], [2, 1, 4, 3], [2, 3, 1, 4], [2, 3, 4, 1], [2, 4, 1, 3], [2, 4, 3, 1], [3, 1, 2, 4], [3, 1, 4, 2], [3, 2, 1, 4], [3, 2, 4, 1], [3, 4, 1, 2], [3, 4, 2, 1], [4, 1, 2, 3], [4, 1, 3, 2], [4, 2, 1, 3], [4, 2, 3, 1], [4, 3, 1, 2], [4, 3, 2, 1]]
Distance: 11
B = 
{(3, 2, 4, 1), (4, 1, 2, 3), (4, 2, 3, 1), (1, 2, 3, 4), (2, 1, 4, 3)}
M(B) = 
[[1, 2, 3, 4], [1, 2, 4, 3], [1, 3, 2, 4], [1, 3, 4, 2], [1, 4, 2, 3], [1, 4, 3, 2], [2, 1, 3, 4], [2, 1, 4, 3], [2, 3, 1, 4], [2, 3, 4, 1], [2, 4, 1, 3], [2, 4, 3, 1], [3, 1, 2, 4], [3, 1, 4, 2], [3, 2, 1, 4], [3, 2, 4, 1], [3, 4, 1, 2], [3, 4, 2, 1], [4, 1, 2, 3], [4, 1, 3, 2], [4, 2, 1, 3], [4, 2, 3, 1], [4, 3, 1, 2], [4, 3, 2, 1]]
Distance: 11
M(A) inter A:
set()
M(B) inter B:
set()

AUB = 
{(4, 1, 2, 3), (1, 2, 3, 4), (4, 2, 3, 1), (1, 3, 4, 2), (3, 2, 4, 1), (2, 1, 4, 3), (3, 2, 1, 4), (4, 3, 1, 2)}
M(AUB) = 
[[1, 2, 3, 4], [1, 2, 4, 3], [1, 3, 2, 4], [1, 3, 4, 2], [1, 4, 2, 3], [1, 4, 3, 2], [2, 1, 3, 4], [2, 1, 4, 3], [2, 3, 1, 4], [2, 3, 4, 1], [2, 4, 1, 3], [2, 4, 3, 1], [3, 1, 2, 4], [3, 1, 4, 2], [3, 2, 1, 4], [3, 2, 4, 1], [3, 4, 1, 2], [3, 4, 2, 1], [4, 1, 2, 3], [4, 1, 3, 2], [4, 2, 1, 3], [4, 2, 3, 1], [4, 3, 1, 2], [4, 3, 2, 1]]
Distance:24

(32)
A = 
{(3, 4, 2, 1), (2, 3, 1, 4), (1, 3, 2, 4), (1, 2, 3, 4), (3, 4, 1, 2)}
M(A) = 
[[1, 2, 3, 4]]
Distance: 10
B = 
{(1, 4, 2, 3), (2, 3, 1, 4), (4, 1, 2, 3), (1, 3, 2, 4), (2, 4, 1, 3)}
M(B) = 
[[1, 2, 3, 4]]
Distance: 10
M(A) inter A:
set()
M(B) inter B:
set()

AUB = 
{(2, 3, 1, 4), (3, 4, 1, 2), (1, 4, 2, 3), (1, 2, 3, 4), (3, 4, 2, 1), (4, 1, 2, 3), (2, 4, 1, 3), (1, 3, 2, 4)}
M(AUB) = 
[[1, 2, 3, 4]]
Distance:20

(33)
A = 
{(1, 4, 2, 3), (1, 4, 3, 2), (2, 3, 1, 4), (1, 2, 3, 4), (2, 4, 3, 1)}
M(A) = 
[[1, 2, 4, 3]]
Distance: 10
B = 
{(1, 2, 4, 3), (2, 3, 1, 4), (1, 4, 2, 3), (1, 2, 3, 4), (2, 4, 3, 1)}
M(B) = 
[[1, 2, 4, 3]]
Distance: 8
M(A) inter A:
set()
M(B) inter B:
{(1, 2, 4, 3)}

AUB = 
{(2, 3, 1, 4), (1, 2, 3, 4), (1, 2, 4, 3), (1, 4, 3, 2), (1, 4, 2, 3), (2, 4, 3, 1)}
M(AUB) = 
[[1, 2, 4, 3]]
Distance:10

(34)
A = 
{(1, 2, 4, 3), (2, 3, 1, 4), (4, 1, 2, 3), (1, 3, 4, 2), (4, 2, 1, 3)}
M(A) = 
[[2, 1, 4, 3]]
Distance: 10
B = 
{(1, 2, 4, 3), (2, 1, 3, 4), (2, 1, 4, 3), (1, 3, 2, 4), (2, 4, 1, 3)}
M(B) = 
[[2, 1, 4, 3]]
Distance: 6
M(A) inter A:
set()
M(B) inter B:
{(2, 1, 4, 3)}

AUB = 
{(4, 1, 2, 3), (1, 3, 2, 4), (1, 3, 4, 2), (1, 2, 4, 3), (2, 3, 1, 4), (4, 2, 1, 3), (2, 1, 3, 4), (2, 4, 1, 3), (2, 1, 4, 3)}
M(AUB) = 
[[2, 1, 4, 3]]
Distance:17

(35)
A = 
{(1, 4, 2, 3), (1, 2, 4, 3), (4, 3, 2, 1), (1, 3, 4, 2), (1, 3, 2, 4)}
M(A) = 
[[1, 2, 3, 4], [1, 2, 4, 3], [1, 4, 2, 3], [2, 1, 3, 4], [2, 1, 4, 3]]
Distance: 9
B = 
{(2, 1, 3, 4), (1, 4, 2, 3), (1, 2, 4, 3), (4, 2, 3, 1), (2, 3, 4, 1)}
M(B) = 
[[1, 2, 3, 4], [1, 2, 4, 3], [1, 4, 2, 3], [2, 1, 3, 4], [2, 1, 4, 3]]
Distance: 10
M(A) inter A:
set()
M(B) inter B:
set()

AUB = 
{(2, 1, 3, 4), (1, 3, 2, 4), (1, 2, 4, 3), (4, 2, 3, 1), (1, 3, 4, 2), (1, 4, 2, 3), (2, 3, 4, 1), (4, 3, 2, 1)}
M(AUB) = 
[[1, 2, 3, 4], [1, 2, 4, 3], [1, 4, 2, 3], [2, 1, 3, 4], [2, 1, 4, 3]]
Distance:21

(36)
A = 
{(2, 1, 3, 4), (4, 1, 2, 3), (1, 2, 3, 4), (2, 4, 3, 1), (2, 3, 4, 1)}
M(A) = 
[[2, 4, 1, 3]]
Distance: 10
B = 
{(2, 4, 1, 3), (1, 2, 4, 3), (2, 1, 3, 4), (4, 3, 2, 1), (1, 4, 2, 3)}
M(B) = 
[[2, 4, 1, 3]]
Distance: 9
M(A) inter A:
set()
M(B) inter B:
set()

AUB = 
{(4, 1, 2, 3), (1, 2, 3, 4), (1, 4, 2, 3), (2, 4, 3, 1), (1, 2, 4, 3), (2, 1, 3, 4), (2, 3, 4, 1), (4, 3, 2, 1), (2, 4, 1, 3)}
M(AUB) = 
[[2, 4, 1, 3]]
Distance:18

(37)
A = 
{(4, 1, 2, 3), (3, 1, 4, 2), (4, 2, 1, 3), (1, 2, 3, 4), (2, 3, 4, 1)}
M(A) = 
[[3, 4, 1, 2]]
Distance: 12
B = 
{(3, 4, 2, 1), (4, 3, 1, 2), (1, 2, 3, 4), (3, 1, 4, 2), (3, 4, 1, 2)}
M(B) = 
[[3, 4, 1, 2]]
Distance: 7
M(A) inter A:
set()
M(B) inter B:
{(3, 4, 1, 2)}

AUB = 
{(4, 1, 2, 3), (3, 4, 1, 2), (1, 2, 3, 4), (3, 4, 2, 1), (4, 2, 1, 3), (2, 3, 4, 1), (4, 3, 1, 2), (3, 1, 4, 2)}
M(AUB) = 
[[3, 4, 1, 2]]
Distance:17

(38)
A = 
{(2, 4, 1, 3), (3, 4, 2, 1), (3, 2, 1, 4), (1, 3, 4, 2), (1, 4, 3, 2)}
M(A) = 
[[3, 4, 2, 1], [4, 3, 2, 1]]
Distance: 12
B = 
{(2, 3, 4, 1), (4, 2, 1, 3), (3, 1, 4, 2), (2, 4, 3, 1), (4, 1, 3, 2)}
M(B) = 
[[3, 4, 2, 1], [4, 3, 2, 1]]
Distance: 11
M(A) inter A:
set()
M(B) inter B:
set()

AUB = 
{(4, 2, 1, 3), (3, 1, 4, 2), (2, 4, 3, 1), (1, 4, 3, 2), (1, 3, 4, 2), (3, 4, 2, 1), (2, 3, 4, 1), (4, 1, 3, 2), (3, 2, 1, 4), (2, 4, 1, 3)}
M(AUB) = 
[[3, 4, 2, 1], [4, 3, 2, 1]]
Distance:26

(39)
A = 
{(4, 3, 1, 2), (1, 4, 2, 3), (2, 3, 4, 1), (1, 3, 2, 4), (1, 2, 4, 3)}
M(A) = 
[[2, 4, 3, 1]]
Distance: 11
B = 
{(3, 4, 2, 1), (4, 3, 1, 2), (3, 1, 2, 4), (2, 4, 3, 1), (2, 4, 1, 3)}
M(B) = 
[[2, 4, 3, 1]]
Distance: 11
M(A) inter A:
set()
M(B) inter B:
{(2, 4, 3, 1)}

AUB = 
{(3, 4, 2, 1), (1, 3, 2, 4), (1, 2, 4, 3), (2, 4, 3, 1), (1, 4, 2, 3), (2, 3, 4, 1), (2, 4, 1, 3), (3, 1, 2, 4), (4, 3, 1, 2)}
M(AUB) = 
[[2, 4, 3, 1]]
Distance:24

(40)
A = 
{(3, 4, 2, 1), (2, 1, 3, 4), (1, 3, 2, 4), (3, 1, 4, 2), (2, 4, 3, 1)}
M(A) = 
[[1, 4, 3, 2], [4, 1, 3, 2], [4, 3, 1, 2], [4, 3, 2, 1]]
Distance: 11
B = 
{(1, 2, 4, 3), (4, 2, 3, 1), (1, 4, 3, 2), (4, 3, 2, 1), (4, 1, 3, 2)}
M(B) = 
[[1, 4, 3, 2], [4, 1, 3, 2], [4, 3, 1, 2], [4, 3, 2, 1]]
Distance: 9
M(A) inter A:
set()
M(B) inter B:
{(4, 1, 3, 2)}

AUB = 
{(2, 1, 3, 4), (1, 3, 2, 4), (1, 2, 4, 3), (1, 4, 3, 2), (3, 4, 2, 1), (4, 3, 2, 1), (2, 4, 3, 1), (4, 1, 3, 2), (4, 2, 3, 1), (3, 1, 4, 2)}
M(AUB) = 
[[1, 4, 3, 2], [4, 1, 3, 2], [4, 3, 1, 2], [4, 3, 2, 1]]
Distance:27

(41)
A = 
{(2, 1, 3, 4), (1, 4, 2, 3), (2, 3, 1, 4), (3, 1, 2, 4), (1, 2, 4, 3)}
M(A) = 
[[2, 3, 1, 4]]
Distance: 8
B = 
{(3, 2, 4, 1), (4, 2, 1, 3), (3, 2, 1, 4), (3, 4, 1, 2), (2, 3, 4, 1)}
M(B) = 
[[2, 3, 1, 4]]
Distance: 8
M(A) inter A:
set()
M(B) inter B:
{(3, 2, 4, 1)}

AUB = 
{(2, 1, 3, 4), (3, 4, 1, 2), (1, 2, 4, 3), (2, 3, 4, 1), (3, 2, 1, 4), (1, 4, 2, 3), (2, 3, 1, 4), (3, 2, 4, 1), (4, 2, 1, 3), (3, 1, 2, 4)}
M(AUB) = 
[[2, 3, 1, 4]]
Distance:22

(42)
A = 
{(2, 1, 3, 4), (1, 2, 4, 3), (4, 1, 2, 3), (3, 4, 1, 2), (2, 3, 1, 4)}
M(A) = 
[[1, 2, 3, 4], [1, 2, 4, 3], [1, 4, 2, 3], [2, 1, 3, 4], [2, 1, 4, 3], [2, 3, 1, 4]]
Distance: 11
B = 
{(3, 4, 2, 1), (1, 4, 2, 3), (2, 4, 3, 1), (3, 2, 1, 4), (1, 4, 3, 2)}
M(B) = 
[[1, 2, 3, 4], [1, 2, 4, 3], [1, 4, 2, 3], [2, 1, 3, 4], [2, 1, 4, 3], [2, 3, 1, 4]]
Distance: 13
M(A) inter A:
set()
M(B) inter B:
set()

AUB = 
{(4, 1, 2, 3), (3, 4, 1, 2), (3, 4, 2, 1), (2, 3, 1, 4), (1, 4, 3, 2), (1, 2, 4, 3), (2, 1, 3, 4), (1, 4, 2, 3), (2, 4, 3, 1), (3, 2, 1, 4)}
M(AUB) = 
[[1, 2, 3, 4], [1, 2, 4, 3], [1, 4, 2, 3], [2, 1, 3, 4], [2, 1, 4, 3], [2, 3, 1, 4]]
Distance:28

(43)
A = 
{(1, 2, 3, 4), (4, 2, 3, 1), (3, 1, 4, 2), (3, 1, 2, 4), (2, 4, 3, 1)}
M(A) = 
[[3, 4, 1, 2]]
Distance: 12
B = 
{(4, 3, 2, 1), (1, 3, 2, 4), (3, 4, 1, 2), (2, 4, 3, 1), (4, 3, 1, 2)}
M(B) = 
[[3, 4, 1, 2]]
Distance: 9
M(A) inter A:
set()
M(B) inter B:
{(4, 3, 1, 2)}

AUB = 
{(3, 4, 1, 2), (4, 3, 2, 1), (1, 3, 2, 4), (1, 2, 3, 4), (4, 3, 1, 2), (2, 4, 3, 1), (4, 2, 3, 1), (3, 1, 2, 4), (3, 1, 4, 2)}
M(AUB) = 
[[3, 4, 1, 2]]
Distance:20

(44)
A = 
{(4, 3, 1, 2), (1, 2, 4, 3), (2, 3, 1, 4), (2, 4, 3, 1), (2, 4, 1, 3)}
M(A) = 
[[1, 2, 4, 3]]
Distance: 9
B = 
{(2, 1, 4, 3), (1, 3, 2, 4), (3, 1, 4, 2), (3, 1, 2, 4), (2, 4, 3, 1)}
M(B) = 
[[1, 2, 4, 3]]
Distance: 10
M(A) inter A:
set()
M(B) inter B:
{(3, 1, 2, 4)}

AUB = 
{(3, 1, 4, 2), (2, 3, 1, 4), (1, 3, 2, 4), (1, 2, 4, 3), (2, 4, 3, 1), (4, 3, 1, 2), (2, 1, 4, 3), (3, 1, 2, 4), (2, 4, 1, 3)}
M(AUB) = 
[[1, 2, 4, 3]]
Distance:22

(45)
A = 
{(2, 4, 1, 3), (1, 4, 2, 3), (2, 1, 3, 4), (1, 4, 3, 2), (1, 3, 4, 2)}
M(A) = 
[[1, 3, 4, 2]]
Distance: 9
B = 
{(1, 4, 2, 3), (3, 4, 2, 1), (3, 4, 1, 2), (3, 1, 4, 2), (3, 1, 2, 4)}
M(B) = 
[[1, 3, 4, 2]]
Distance: 7
M(A) inter A:
set()
M(B) inter B:
{(3, 1, 4, 2)}

AUB = 
{(3, 1, 4, 2), (2, 1, 3, 4), (3, 4, 1, 2), (3, 4, 2, 1), (1, 4, 3, 2), (1, 3, 4, 2), (1, 4, 2, 3), (3, 1, 2, 4), (2, 4, 1, 3)}
M(AUB) = 
[[1, 3, 4, 2]]
Distance:19

(46)
A = 
{(4, 1, 2, 3), (1, 4, 2, 3), (4, 2, 3, 1), (3, 1, 4, 2), (3, 4, 2, 1)}
M(A) = 
[[1, 4, 2, 3], [4, 1, 2, 3], [4, 2, 1, 3]]
Distance: 11
B = 
{(2, 4, 1, 3), (2, 1, 3, 4), (4, 2, 1, 3), (1, 4, 3, 2), (1, 3, 2, 4)}
M(B) = 
[[1, 4, 2, 3], [4, 1, 2, 3], [4, 2, 1, 3]]
Distance: 10
M(A) inter A:
set()
M(B) inter B:
set()

AUB = 
{(4, 1, 2, 3), (1, 3, 2, 4), (3, 1, 4, 2), (3, 4, 2, 1), (1, 4, 3, 2), (1, 4, 2, 3), (2, 1, 3, 4), (4, 2, 1, 3), (4, 2, 3, 1), (2, 4, 1, 3)}
M(AUB) = 
[[1, 4, 2, 3], [4, 1, 2, 3], [4, 2, 1, 3]]
Distance:24

(47)
A = 
{(1, 2, 4, 3), (1, 4, 3, 2), (2, 3, 1, 4), (1, 3, 4, 2), (2, 4, 1, 3)}
M(A) = 
[[2, 1, 4, 3]]
Distance: 10
B = 
{(4, 3, 1, 2), (2, 3, 4, 1), (4, 3, 2, 1), (3, 2, 1, 4), (2, 1, 4, 3)}
M(B) = 
[[2, 1, 4, 3]]
Distance: 11
M(A) inter A:
set()
M(B) inter B:
{(4, 3, 2, 1)}

AUB = 
{(2, 3, 1, 4), (1, 4, 3, 2), (1, 3, 4, 2), (1, 2, 4, 3), (4, 3, 2, 1), (2, 3, 4, 1), (4, 3, 1, 2), (2, 1, 4, 3), (3, 2, 1, 4), (2, 4, 1, 3)}
M(AUB) = 
[[2, 1, 4, 3]]
Distance:26

(48)
A = 
{(3, 2, 4, 1), (4, 2, 1, 3), (1, 3, 4, 2), (3, 1, 4, 2), (2, 3, 4, 1)}
M(A) = 
[[3, 4, 2, 1]]
Distance: 11
B = 
{(3, 4, 2, 1), (4, 1, 3, 2), (4, 2, 1, 3), (4, 3, 2, 1), (2, 4, 3, 1)}
M(B) = 
[[3, 4, 2, 1]]
Distance: 7
M(A) inter A:
set()
M(B) inter B:
{(4, 3, 2, 1)}

AUB = 
{(4, 2, 1, 3), (3, 1, 4, 2), (3, 4, 2, 1), (2, 4, 3, 1), (1, 3, 4, 2), (3, 2, 4, 1), (2, 3, 4, 1), (4, 3, 2, 1), (4, 1, 3, 2)}
M(AUB) = 
[[3, 4, 2, 1]]
Distance:18

(49)
A = 
{(3, 2, 4, 1), (1, 2, 4, 3), (4, 3, 2, 1), (3, 1, 2, 4), (3, 4, 1, 2)}
M(A) = 
[[3, 1, 2, 4]]
Distance: 11
B = 
{(1, 2, 4, 3), (2, 3, 1, 4), (1, 3, 2, 4), (3, 2, 4, 1), (4, 3, 1, 2)}
M(B) = 
[[3, 1, 2, 4]]
Distance: 11
M(A) inter A:
{(3, 1, 2, 4)}
M(B) inter B:
set()

AUB = 
{(2, 3, 1, 4), (3, 4, 1, 2), (1, 2, 4, 3), (4, 3, 1, 2), (3, 2, 4, 1), (4, 3, 2, 1), (3, 1, 2, 4), (1, 3, 2, 4)}
M(AUB) = 
[[3, 1, 2, 4]]
Distance:17

(50)
A = 
{(4, 3, 1, 2), (3, 2, 4, 1), (2, 3, 4, 1), (4, 2, 1, 3), (1, 2, 4, 3)}
M(A) = 
[[2, 3, 1, 4], [2, 3, 4, 1], [2, 4, 3, 1], [3, 1, 2, 4], [3, 2, 1, 4], [3, 2, 4, 1]]
Distance: 11
B = 
{(3, 2, 1, 4), (1, 2, 3, 4), (1, 4, 3, 2), (3, 1, 2, 4), (2, 4, 3, 1)}
M(B) = 
[[2, 3, 1, 4], [2, 3, 4, 1], [2, 4, 3, 1], [3, 1, 2, 4], [3, 2, 1, 4], [3, 2, 4, 1]]
Distance: 10
M(A) inter A:
set()
M(B) inter B:
{(3, 1, 2, 4)}

AUB = 
{(4, 2, 1, 3), (1, 2, 3, 4), (1, 2, 4, 3), (2, 4, 3, 1), (1, 4, 3, 2), (3, 1, 2, 4), (3, 2, 4, 1), (2, 3, 4, 1), (3, 2, 1, 4), (4, 3, 1, 2)}
M(AUB) = 
[[2, 3, 1, 4], [2, 3, 4, 1], [2, 4, 3, 1], [3, 1, 2, 4], [3, 2, 1, 4], [3, 2, 4, 1]]
Distance:27

(51)
A = 
{(4, 3, 1, 2), (4, 3, 2, 1), (4, 2, 1, 3), (3, 4, 1, 2), (2, 3, 1, 4)}
M(A) = 
[[3, 4, 1, 2], [3, 4, 2, 1]]
Distance: 9
B = 
{(3, 2, 4, 1), (2, 3, 4, 1), (1, 3, 2, 4), (3, 1, 4, 2), (4, 1, 3, 2)}
M(B) = 
[[3, 4, 1, 2], [3, 4, 2, 1]]
Distance: 11
M(A) inter A:
{(3, 4, 1, 2)}
M(B) inter B:
{(3, 2, 4, 1)}

AUB = 
{(3, 1, 4, 2), (2, 3, 1, 4), (1, 3, 2, 4), (3, 4, 1, 2), (3, 2, 4, 1), (4, 2, 1, 3), (2, 3, 4, 1), (4, 1, 3, 2), (4, 3, 2, 1), (4, 3, 1, 2)}
M(AUB) = 
[[3, 4, 1, 2], [3, 4, 2, 1]]
Distance:22

(52)
A = 
{(3, 2, 4, 1), (4, 1, 2, 3), (4, 2, 3, 1), (1, 3, 4, 2), (3, 1, 4, 2)}
M(A) = 
[[4, 1, 2, 3], [4, 2, 1, 3], [4, 2, 3, 1]]
Distance: 11
B = 
{(2, 1, 3, 4), (1, 4, 2, 3), (4, 1, 3, 2), (2, 3, 4, 1), (2, 4, 3, 1)}
M(B) = 
[[4, 1, 2, 3], [4, 2, 1, 3], [4, 2, 3, 1]]
Distance: 11
M(A) inter A:
set()
M(B) inter B:
set()

AUB = 
{(4, 1, 2, 3), (3, 1, 4, 2), (1, 4, 2, 3), (2, 4, 3, 1), (1, 3, 4, 2), (3, 2, 4, 1), (2, 1, 3, 4), (2, 3, 4, 1), (4, 2, 3, 1), (4, 1, 3, 2)}
M(AUB) = 
[[4, 1, 2, 3], [4, 2, 1, 3], [4, 2, 3, 1]]
Distance:27

(53)
A = 
{(4, 1, 2, 3), (4, 2, 3, 1), (4, 2, 1, 3), (1, 3, 4, 2), (2, 1, 4, 3)}
M(A) = 
[[1, 4, 2, 3], [1, 4, 3, 2], [4, 1, 2, 3], [4, 1, 3, 2]]
Distance: 8
B = 
{(1, 4, 2, 3), (3, 4, 2, 1), (3, 4, 1, 2), (1, 3, 2, 4), (1, 4, 3, 2)}
M(B) = 
[[1, 4, 2, 3], [1, 4, 3, 2], [4, 1, 2, 3], [4, 1, 3, 2]]
Distance: 9
M(A) inter A:
{(1, 3, 4, 2)}
M(B) inter B:
set()

AUB = 
{(4, 1, 2, 3), (1, 3, 2, 4), (3, 4, 1, 2), (3, 4, 2, 1), (1, 3, 4, 2), (1, 4, 3, 2), (1, 4, 2, 3), (4, 2, 1, 3), (4, 2, 3, 1), (2, 1, 4, 3)}
M(AUB) = 
[[1, 4, 2, 3], [1, 4, 3, 2], [4, 1, 2, 3], [4, 1, 3, 2]]
Distance:23

(54)
A = 
{(3, 4, 2, 1), (4, 2, 3, 1), (1, 2, 3, 4), (1, 3, 4, 2), (2, 1, 4, 3)}
M(A) = 
[[2, 1, 3, 4], [2, 3, 1, 4], [2, 3, 4, 1]]
Distance: 13
B = 
{(2, 1, 3, 4), (3, 2, 4, 1), (4, 2, 1, 3), (2, 4, 3, 1), (2, 3, 1, 4)}
M(B) = 
[[2, 1, 3, 4], [2, 3, 1, 4], [2, 3, 4, 1]]
Distance: 8
M(A) inter A:
set()
M(B) inter B:
set()

AUB = 
{(2, 1, 3, 4), (1, 2, 3, 4), (3, 2, 4, 1), (2, 3, 1, 4), (1, 3, 4, 2), (3, 4, 2, 1), (4, 2, 1, 3), (2, 4, 3, 1), (4, 2, 3, 1), (2, 1, 4, 3)}
M(AUB) = 
[[2, 1, 3, 4], [2, 3, 1, 4], [2, 3, 4, 1]]
Distance:23

(55)
A = 
{(1, 2, 4, 3), (2, 3, 1, 4), (4, 2, 1, 3), (3, 4, 1, 2), (2, 3, 4, 1)}
M(A) = 
[[4, 2, 3, 1]]
Distance: 11
B = 
{(4, 3, 1, 2), (1, 2, 4, 3), (4, 2, 3, 1), (1, 4, 3, 2), (2, 4, 1, 3)}
M(B) = 
[[4, 2, 3, 1]]
Distance: 10
M(A) inter A:
set()
M(B) inter B:
set()

AUB = 
{(2, 4, 1, 3), (2, 3, 1, 4), (3, 4, 1, 2), (1, 4, 3, 2), (1, 2, 4, 3), (4, 2, 1, 3), (2, 3, 4, 1), (4, 2, 3, 1), (4, 3, 1, 2)}
M(AUB) = 
[[4, 2, 3, 1]]
Distance:21

(56)
A = 
{(3, 4, 2, 1), (2, 3, 1, 4), (3, 2, 1, 4), (2, 4, 3, 1), (3, 2, 4, 1)}
M(A) = 
[[3, 2, 4, 1]]
Distance: 6
B = 
{(2, 4, 1, 3), (1, 2, 4, 3), (4, 3, 1, 2), (3, 1, 2, 4), (3, 2, 4, 1)}
M(B) = 
[[3, 2, 4, 1]]
Distance: 13
M(A) inter A:
{(3, 2, 4, 1), (2, 4, 3, 1)}
M(B) inter B:
{(3, 2, 4, 1), (3, 1, 2, 4)}

AUB = 
{(2, 3, 1, 4), (3, 2, 4, 1), (1, 2, 4, 3), (3, 1, 2, 4), (3, 4, 2, 1), (2, 4, 3, 1), (4, 3, 1, 2), (3, 2, 1, 4), (2, 4, 1, 3)}
M(AUB) = 
[[3, 2, 4, 1]]
Distance:19

(57)
A = 
{(3, 2, 4, 1), (1, 2, 4, 3), (2, 1, 3, 4), (3, 2, 1, 4), (2, 1, 4, 3)}
M(A) = 
[[2, 1, 4, 3], [2, 4, 1, 3], [2, 4, 3, 1]]
Distance: 8
B = 
{(3, 4, 2, 1), (4, 2, 3, 1), (1, 4, 3, 2), (2, 4, 3, 1), (2, 4, 1, 3)}
M(B) = 
[[2, 1, 4, 3], [2, 4, 1, 3], [2, 4, 3, 1]]
Distance: 9
M(A) inter A:
set()
M(B) inter B:
{(4, 2, 3, 1)}

AUB = 
{(2, 4, 1, 3), (2, 1, 3, 4), (1, 2, 4, 3), (1, 4, 3, 2), (3, 2, 4, 1), (2, 4, 3, 1), (3, 4, 2, 1), (4, 2, 3, 1), (3, 2, 1, 4), (2, 1, 4, 3)}
M(AUB) = 
[[2, 1, 4, 3], [2, 4, 1, 3], [2, 4, 3, 1]]
Distance:23

(58)
A = 
{(4, 3, 1, 2), (4, 2, 1, 3), (1, 3, 2, 4), (1, 3, 4, 2), (2, 4, 1, 3)}
M(A) = 
[[4, 1, 3, 2]]
Distance: 11
B = 
{(4, 1, 2, 3), (3, 4, 1, 2), (1, 3, 4, 2), (4, 3, 2, 1), (2, 3, 4, 1)}
M(B) = 
[[4, 1, 3, 2]]
Distance: 10
M(A) inter A:
set()
M(B) inter B:
{(3, 4, 1, 2)}

AUB = 
{(4, 2, 1, 3), (3, 4, 1, 2), (1, 3, 2, 4), (4, 3, 2, 1), (1, 3, 4, 2), (4, 1, 2, 3), (2, 3, 4, 1), (4, 3, 1, 2), (2, 4, 1, 3)}
M(AUB) = 
[[4, 1, 3, 2]]
Distance:21

(59)
A = 
{(3, 4, 2, 1), (4, 1, 3, 2), (4, 2, 1, 3), (3, 4, 1, 2), (4, 3, 1, 2)}
M(A) = 
[[4, 1, 3, 2], [4, 3, 1, 2], [4, 3, 2, 1]]
Distance: 7
B = 
{(2, 4, 1, 3), (2, 3, 1, 4), (2, 4, 3, 1), (1, 4, 3, 2), (1, 3, 2, 4)}
M(B) = 
[[4, 1, 3, 2], [4, 3, 1, 2], [4, 3, 2, 1]]
Distance: 11
M(A) inter A:
set()
M(B) inter B:
set()

AUB = 
{(2, 4, 1, 3), (4, 2, 1, 3), (1, 3, 2, 4), (3, 4, 1, 2), (1, 4, 3, 2), (3, 4, 2, 1), (2, 3, 1, 4), (2, 4, 3, 1), (4, 1, 3, 2), (4, 3, 1, 2)}
M(AUB) = 
[[4, 1, 3, 2], [4, 3, 1, 2], [4, 3, 2, 1]]
Distance:25

(60)
A = 
{(1, 4, 3, 2), (4, 1, 2, 3), (3, 4, 1, 2), (1, 3, 4, 2), (4, 1, 3, 2)}
M(A) = 
[[4, 1, 3, 2]]
Distance: 6
B = 
{(3, 4, 2, 1), (4, 1, 3, 2), (4, 2, 1, 3), (1, 2, 3, 4), (3, 4, 1, 2)}
M(B) = 
[[4, 1, 3, 2]]
Distance: 11
M(A) inter A:
{(3, 4, 1, 2), (4, 1, 3, 2)}
M(B) inter B:
{(3, 4, 1, 2), (4, 1, 3, 2)}

AUB = 
{(4, 1, 2, 3), (3, 4, 1, 2), (1, 2, 3, 4), (1, 4, 3, 2), (1, 3, 4, 2), (3, 4, 2, 1), (4, 2, 1, 3), (4, 1, 3, 2)}
M(AUB) = 
[[4, 1, 3, 2]]
Distance:15

(61)
A = 
{(1, 2, 4, 3), (4, 3, 2, 1), (3, 4, 1, 2), (3, 1, 2, 4), (1, 3, 4, 2)}
M(A) = 
[[1, 2, 3, 4], [1, 3, 2, 4], [2, 1, 3, 4], [2, 3, 1, 4], [3, 1, 2, 4], [3, 2, 1, 4]]
Distance: 10
B = 
{(3, 2, 1, 4), (2, 3, 1, 4), (2, 4, 1, 3), (1, 2, 3, 4), (2, 1, 4, 3)}
M(B) = 
[[1, 2, 3, 4], [1, 3, 2, 4], [2, 1, 3, 4], [2, 3, 1, 4], [3, 1, 2, 4], [3, 2, 1, 4]]
Distance: 7
M(A) inter A:
set()
M(B) inter B:
set()

AUB = 
{(2, 3, 1, 4), (3, 4, 1, 2), (1, 2, 3, 4), (1, 3, 4, 2), (3, 2, 1, 4), (1, 2, 4, 3), (4, 3, 2, 1), (2, 1, 4, 3), (3, 1, 2, 4), (2, 4, 1, 3)}
M(AUB) = 
[[1, 2, 3, 4], [1, 3, 2, 4], [2, 1, 3, 4], [2, 3, 1, 4], [3, 1, 2, 4], [3, 2, 1, 4]]
Distance:25

(62)
A = 
{(2, 1, 3, 4), (4, 1, 3, 2), (4, 1, 2, 3), (3, 1, 4, 2), (2, 3, 4, 1)}
M(A) = 
[[3, 1, 2, 4], [3, 2, 4, 1]]
Distance: 13
B = 
{(3, 2, 4, 1), (2, 1, 3, 4), (1, 3, 2, 4), (2, 4, 3, 1), (3, 1, 2, 4)}
M(B) = 
[[3, 1, 2, 4], [3, 2, 4, 1]]
Distance: 9
M(A) inter A:
set()
M(B) inter B:
set()

AUB = 
{(4, 1, 2, 3), (1, 3, 2, 4), (3, 1, 4, 2), (2, 4, 3, 1), (3, 2, 4, 1), (2, 1, 3, 4), (2, 3, 4, 1), (3, 1, 2, 4), (4, 1, 3, 2)}
M(AUB) = 
[[3, 1, 2, 4], [3, 2, 4, 1]]
Distance:23

(63)
A = 
{(1, 4, 2, 3), (2, 3, 1, 4), (1, 3, 2, 4), (3, 1, 4, 2), (2, 1, 4, 3)}
M(A) = 
[[1, 2, 3, 4]]
Distance: 10
B = 
{(4, 1, 2, 3), (2, 3, 4, 1), (2, 4, 1, 3), (3, 1, 2, 4), (1, 3, 4, 2)}
M(B) = 
[[1, 2, 3, 4]]
Distance: 13
M(A) inter A:
set()
M(B) inter B:
set()

AUB = 
{(3, 1, 4, 2), (2, 3, 1, 4), (1, 3, 2, 4), (1, 3, 4, 2), (1, 4, 2, 3), (4, 1, 2, 3), (2, 3, 4, 1), (2, 4, 1, 3), (3, 1, 2, 4), (2, 1, 4, 3)}
M(AUB) = 
[[1, 2, 3, 4]]
Distance:23

(64)
A = 
{(2, 4, 1, 3), (1, 2, 4, 3), (2, 3, 1, 4), (4, 2, 3, 1), (4, 2, 1, 3)}
M(A) = 
[[2, 4, 1, 3], [2, 4, 3, 1]]
Distance: 8
B = 
{(2, 4, 1, 3), (1, 2, 4, 3), (4, 1, 2, 3), (3, 1, 2, 4), (3, 2, 4, 1)}
M(B) = 
[[2, 4, 1, 3], [2, 4, 3, 1]]
Distance: 12
M(A) inter A:
{(1, 2, 4, 3), (2, 4, 1, 3)}
M(B) inter B:
{(1, 2, 4, 3), (2, 4, 1, 3)}

AUB = 
{(2, 3, 1, 4), (3, 2, 4, 1), (4, 1, 2, 3), (1, 2, 4, 3), (4, 2, 1, 3), (4, 2, 3, 1), (3, 1, 2, 4), (2, 4, 1, 3)}
M(AUB) = 
[[2, 4, 1, 3], [2, 4, 3, 1]]
Distance:18

(65)
A = 
{(3, 2, 4, 1), (1, 4, 3, 2), (3, 4, 2, 1), (1, 2, 3, 4), (4, 1, 3, 2)}
M(A) = 
[[1, 4, 3, 2], [4, 1, 3, 2]]
Distance: 12
B = 
{(3, 4, 2, 1), (1, 4, 2, 3), (4, 3, 1, 2), (1, 4, 3, 2), (2, 1, 4, 3)}
M(B) = 
[[1, 4, 3, 2], [4, 1, 3, 2]]
Distance: 10
M(A) inter A:
{(1, 4, 3, 2)}
M(B) inter B:
{(1, 4, 3, 2)}

AUB = 
{(2, 1, 4, 3), (1, 2, 3, 4), (3, 4, 2, 1), (1, 4, 3, 2), (3, 2, 4, 1), (1, 4, 2, 3), (4, 3, 1, 2), (4, 1, 3, 2)}
M(AUB) = 
[[1, 4, 3, 2], [4, 1, 3, 2]]
Distance:19

(66)
A = 
{(3, 2, 4, 1), (4, 2, 1, 3), (4, 2, 3, 1), (4, 3, 2, 1), (2, 1, 4, 3)}
M(A) = 
[[4, 3, 2, 1]]
Distance: 8
B = 
{(3, 2, 4, 1), (4, 1, 3, 2), (3, 4, 1, 2), (3, 1, 4, 2), (1, 2, 3, 4)}
M(B) = 
[[4, 3, 2, 1]]
Distance: 9
M(A) inter A:
set()
M(B) inter B:
{(3, 4, 1, 2)}

AUB = 
{(3, 1, 4, 2), (4, 2, 1, 3), (3, 4, 1, 2), (1, 2, 3, 4), (3, 2, 4, 1), (4, 3, 2, 1), (4, 1, 3, 2), (4, 2, 3, 1), (2, 1, 4, 3)}
M(AUB) = 
[[4, 3, 2, 1]]
Distance:22

(67)
A = 
{(1, 2, 4, 3), (4, 2, 3, 1), (3, 4, 1, 2), (2, 4, 3, 1), (2, 3, 4, 1)}
M(A) = 
[[4, 3, 1, 2]]
Distance: 9
B = 
{(4, 1, 3, 2), (4, 3, 2, 1), (1, 3, 2, 4), (1, 3, 4, 2), (4, 3, 1, 2)}
M(B) = 
[[4, 3, 1, 2]]
Distance: 8
M(A) inter A:
set()
M(B) inter B:
{(4, 1, 3, 2)}

AUB = 
{(4, 3, 2, 1), (1, 3, 2, 4), (3, 4, 1, 2), (4, 3, 1, 2), (2, 4, 3, 1), (1, 3, 4, 2), (1, 2, 4, 3), (2, 3, 4, 1), (4, 2, 3, 1), (4, 1, 3, 2)}
M(AUB) = 
[[4, 3, 1, 2]]
Distance:23

(68)
A = 
{(3, 4, 2, 1), (2, 3, 1, 4), (4, 2, 3, 1), (3, 1, 4, 2), (1, 4, 3, 2)}
M(A) = 
[[3, 2, 1, 4], [3, 4, 2, 1]]
Distance: 11
B = 
{(1, 2, 4, 3), (1, 4, 3, 2), (4, 3, 2, 1), (3, 2, 1, 4), (3, 2, 4, 1)}
M(B) = 
[[3, 2, 1, 4], [3, 4, 2, 1]]
Distance: 12
M(A) inter A:
set()
M(B) inter B:
{(3, 2, 1, 4)}

AUB = 
{(2, 3, 1, 4), (3, 1, 4, 2), (1, 2, 4, 3), (1, 4, 3, 2), (3, 4, 2, 1), (4, 3, 2, 1), (3, 2, 4, 1), (4, 2, 3, 1), (3, 2, 1, 4)}
M(AUB) = 
[[3, 2, 1, 4], [3, 4, 2, 1]]
Distance:21

(69)
A = 
{(2, 3, 4, 1), (4, 2, 1, 3), (2, 1, 4, 3), (3, 2, 1, 4), (2, 4, 1, 3)}
M(A) = 
[[2, 4, 1, 3]]
Distance: 8
B = 
{(4, 3, 1, 2), (1, 4, 3, 2), (4, 1, 2, 3), (1, 3, 2, 4), (2, 4, 1, 3)}
M(B) = 
[[2, 4, 1, 3]]
Distance: 9
M(A) inter A:
set()
M(B) inter B:
set()

AUB = 
{(4, 2, 1, 3), (1, 3, 2, 4), (4, 3, 1, 2), (1, 4, 3, 2), (4, 1, 2, 3), (2, 3, 4, 1), (2, 1, 4, 3), (3, 2, 1, 4), (2, 4, 1, 3)}
M(AUB) = 
[[2, 4, 1, 3]]
Distance:22

(70)
A = 
{(2, 1, 3, 4), (2, 3, 1, 4), (4, 1, 2, 3), (3, 1, 2, 4), (2, 4, 1, 3)}
M(A) = 
[[2, 1, 3, 4]]
Distance: 10
B = 
{(3, 2, 1, 4), (1, 3, 2, 4), (1, 4, 3, 2), (3, 1, 2, 4), (2, 1, 4, 3)}
M(B) = 
[[2, 1, 3, 4]]
Distance: 8
M(A) inter A:
set()
M(B) inter B:
{(1, 3, 2, 4)}

AUB = 
{(4, 1, 2, 3), (1, 3, 2, 4), (2, 3, 1, 4), (1, 4, 3, 2), (3, 2, 1, 4), (2, 1, 3, 4), (2, 1, 4, 3), (3, 1, 2, 4), (2, 4, 1, 3)}
M(AUB) = 
[[2, 1, 3, 4]]
Distance:19

(71)
A = 
{(4, 2, 3, 1), (3, 4, 1, 2), (3, 2, 1, 4), (1, 3, 4, 2), (3, 1, 2, 4)}
M(A) = 
[[3, 2, 4, 1]]
Distance: 9
B = 
{(3, 2, 4, 1), (4, 2, 3, 1), (1, 3, 4, 2), (3, 1, 2, 4), (2, 4, 1, 3)}
M(B) = 
[[3, 2, 4, 1]]
Distance: 12
M(A) inter A:
set()
M(B) inter B:
{(3, 2, 4, 1)}

AUB = 
{(3, 4, 1, 2), (1, 3, 4, 2), (3, 2, 1, 4), (3, 2, 4, 1), (4, 2, 3, 1), (3, 1, 2, 4), (2, 4, 1, 3)}
M(AUB) = 
[[3, 2, 4, 1]]
Distance:15

(72)
A = 
{(2, 4, 1, 3), (3, 2, 4, 1), (4, 3, 2, 1), (1, 3, 4, 2), (1, 4, 3, 2)}
M(A) = 
[[2, 1, 4, 3]]
Distance: 12
B = 
{(2, 1, 3, 4), (3, 2, 4, 1), (2, 4, 3, 1), (3, 2, 1, 4), (2, 1, 4, 3)}
M(B) = 
[[2, 1, 4, 3]]
Distance: 8
M(A) inter A:
set()
M(B) inter B:
set()

AUB = 
{(2, 1, 3, 4), (1, 4, 3, 2), (1, 3, 4, 2), (3, 2, 4, 1), (2, 4, 3, 1), (4, 3, 2, 1), (2, 1, 4, 3), (3, 2, 1, 4), (2, 4, 1, 3)}
M(AUB) = 
[[2, 1, 4, 3]]
Distance:22

(73)
A = 
{(3, 1, 4, 2), (2, 3, 1, 4), (4, 2, 1, 3), (3, 2, 1, 4), (1, 3, 2, 4)}
M(A) = 
[[2, 3, 1, 4]]
Distance: 10
B = 
{(1, 2, 3, 4), (2, 4, 3, 1), (4, 2, 1, 3), (3, 1, 4, 2), (1, 3, 2, 4)}
M(B) = 
[[2, 3, 1, 4]]
Distance: 12
M(A) inter A:
set()
M(B) inter B:
{(1, 2, 3, 4)}

AUB = 
{(2, 3, 1, 4), (1, 3, 2, 4), (1, 2, 3, 4), (4, 2, 1, 3), (2, 4, 3, 1), (3, 2, 1, 4), (3, 1, 4, 2)}
M(AUB) = 
[[2, 3, 1, 4]]
Distance:15

(74)
A = 
{(1, 2, 3, 4), (3, 4, 2, 1), (4, 1, 2, 3), (1, 3, 4, 2), (4, 2, 1, 3)}
M(A) = 
[[3, 4, 1, 2]]
Distance: 11
B = 
{(2, 4, 3, 1), (4, 1, 2, 3), (3, 4, 1, 2), (3, 1, 2, 4), (2, 3, 1, 4)}
M(B) = 
[[3, 4, 1, 2]]
Distance: 12
M(A) inter A:
set()
M(B) inter B:
set()

AUB = 
{(4, 1, 2, 3), (1, 2, 3, 4), (2, 3, 1, 4), (1, 3, 4, 2), (3, 4, 2, 1), (4, 2, 1, 3), (2, 4, 3, 1), (3, 1, 2, 4), (3, 4, 1, 2)}
M(AUB) = 
[[3, 4, 1, 2]]
Distance:24

(75)
A = 
{(1, 2, 4, 3), (4, 1, 3, 2), (3, 2, 1, 4), (1, 3, 2, 4), (1, 3, 4, 2)}
M(A) = 
[[1, 2, 4, 3], [1, 3, 2, 4], [1, 4, 3, 2], [4, 1, 3, 2]]
Distance: 8
B = 
{(4, 1, 2, 3), (2, 4, 1, 3), (4, 3, 2, 1), (3, 1, 2, 4), (2, 4, 3, 1)}
M(B) = 
[[1, 2, 4, 3], [1, 3, 2, 4], [1, 4, 3, 2], [4, 1, 3, 2]]
Distance: 10
M(A) inter A:
set()
M(B) inter B:
{(2, 4, 3, 1)}

AUB = 
{(4, 1, 2, 3), (1, 3, 2, 4), (1, 3, 4, 2), (3, 1, 2, 4), (1, 2, 4, 3), (4, 3, 2, 1), (2, 4, 3, 1), (2, 4, 1, 3), (3, 2, 1, 4), (4, 1, 3, 2)}
M(AUB) = 
[[1, 2, 4, 3], [1, 3, 2, 4], [1, 4, 3, 2], [4, 1, 3, 2]]
Distance:27

(76)
A = 
{(2, 3, 1, 4), (2, 1, 4, 3), (4, 2, 1, 3), (3, 1, 4, 2), (4, 3, 1, 2)}
M(A) = 
[[4, 3, 2, 1]]
Distance: 13
B = 
{(4, 3, 2, 1), (4, 2, 3, 1), (3, 4, 1, 2), (1, 3, 4, 2), (3, 1, 4, 2)}
M(B) = 
[[4, 3, 2, 1]]
Distance: 8
M(A) inter A:
set()
M(B) inter B:
{(3, 4, 1, 2)}

AUB = 
{(2, 3, 1, 4), (3, 4, 1, 2), (3, 1, 4, 2), (4, 3, 2, 1), (4, 2, 3, 1), (1, 3, 4, 2), (4, 2, 1, 3), (2, 1, 4, 3), (4, 3, 1, 2)}
M(AUB) = 
[[4, 3, 2, 1]]
Distance:21

(77)
A = 
{(3, 1, 4, 2), (3, 2, 1, 4), (1, 3, 2, 4), (3, 1, 2, 4), (2, 1, 4, 3)}
M(A) = 
[[1, 3, 2, 4]]
Distance: 7
B = 
{(1, 4, 3, 2), (2, 1, 3, 4), (3, 4, 1, 2), (4, 1, 3, 2), (1, 3, 2, 4)}
M(B) = 
[[1, 3, 2, 4]]
Distance: 9
M(A) inter A:
set()
M(B) inter B:
set()

AUB = 
{(3, 1, 4, 2), (2, 1, 3, 4), (3, 4, 1, 2), (1, 3, 2, 4), (1, 4, 3, 2), (3, 2, 1, 4), (4, 1, 3, 2), (3, 1, 2, 4), (2, 1, 4, 3)}
M(AUB) = 
[[1, 3, 2, 4]]
Distance:18

(78)
A = 
{(4, 1, 3, 2), (4, 1, 2, 3), (3, 1, 4, 2), (4, 3, 2, 1), (4, 2, 1, 3)}
M(A) = 
[[4, 1, 2, 3]]
Distance: 8
B = 
{(4, 1, 2, 3), (2, 1, 3, 4), (1, 3, 2, 4), (1, 2, 3, 4), (2, 4, 1, 3)}
M(B) = 
[[4, 1, 2, 3]]
Distance: 8
M(A) inter A:
set()
M(B) inter B:
{(1, 2, 3, 4)}

AUB = 
{(2, 4, 1, 3), (4, 1, 2, 3), (1, 3, 2, 4), (3, 1, 4, 2), (1, 2, 3, 4), (4, 2, 1, 3), (2, 1, 3, 4), (4, 3, 2, 1), (4, 1, 3, 2)}
M(AUB) = 
[[4, 1, 2, 3]]
Distance:22

(79)
A = 
{(1, 4, 2, 3), (2, 1, 3, 4), (1, 4, 3, 2), (4, 3, 2, 1), (3, 1, 2, 4)}
M(A) = 
[[4, 3, 2, 1]]
Distance: 11
B = 
{(1, 4, 2, 3), (3, 4, 2, 1), (3, 4, 1, 2), (2, 4, 3, 1), (2, 4, 1, 3)}
M(B) = 
[[4, 3, 2, 1]]
Distance: 11
M(A) inter A:
set()
M(B) inter B:
set()

AUB = 
{(2, 1, 3, 4), (3, 4, 1, 2), (3, 4, 2, 1), (1, 4, 3, 2), (1, 4, 2, 3), (2, 4, 3, 1), (4, 3, 2, 1), (3, 1, 2, 4), (2, 4, 1, 3)}
M(AUB) = 
[[4, 3, 2, 1]]
Distance:24

(80)
A = 
{(1, 2, 3, 4), (2, 3, 1, 4), (4, 2, 1, 3), (3, 1, 4, 2), (1, 3, 4, 2)}
M(A) = 
[[1, 4, 2, 3]]
Distance: 11
B = 
{(1, 4, 2, 3), (4, 1, 3, 2), (1, 2, 3, 4), (2, 4, 3, 1), (2, 1, 4, 3)}
M(B) = 
[[1, 4, 2, 3]]
Distance: 9
M(A) inter A:
set()
M(B) inter B:
set()

AUB = 
{(2, 3, 1, 4), (3, 1, 4, 2), (1, 3, 4, 2), (1, 4, 2, 3), (4, 2, 1, 3), (2, 4, 3, 1), (4, 1, 3, 2), (2, 1, 4, 3), (1, 2, 3, 4)}
M(AUB) = 
[[1, 4, 2, 3]]
Distance:21

(81)
A = 
{(3, 4, 2, 1), (4, 3, 2, 1), (1, 4, 3, 2), (3, 1, 4, 2), (3, 2, 1, 4)}
M(A) = 
[[1, 3, 4, 2], [1, 4, 2, 3], [1, 4, 3, 2], [2, 1, 3, 4], [2, 1, 4, 3], [2, 3, 1, 4], [3, 1, 4, 2], [3, 2, 1, 4], [3, 4, 2, 1], [4, 2, 1, 3], [4, 2, 3, 1], [4, 3, 2, 1]]
Distance: 9
B = 
{(1, 2, 4, 3), (2, 1, 3, 4), (4, 2, 3, 1), (1, 2, 3, 4), (4, 2, 1, 3)}
M(B) = 
[[1, 3, 4, 2], [1, 4, 2, 3], [1, 4, 3, 2], [2, 1, 3, 4], [2, 1, 4, 3], [2, 3, 1, 4], [3, 1, 4, 2], [3, 2, 1, 4], [3, 4, 2, 1], [4, 2, 1, 3], [4, 2, 3, 1], [4, 3, 2, 1]]
Distance: 9
M(A) inter A:
set()
M(B) inter B:
set()

AUB = 
{(2, 1, 3, 4), (3, 1, 4, 2), (1, 2, 4, 3), (4, 2, 3, 1), (1, 4, 3, 2), (3, 4, 2, 1), (4, 2, 1, 3), (4, 3, 2, 1), (3, 2, 1, 4), (1, 2, 3, 4)}
M(AUB) = 
[[1, 3, 4, 2], [1, 4, 2, 3], [1, 4, 3, 2], [2, 1, 3, 4], [2, 1, 4, 3], [2, 3, 1, 4], [3, 1, 4, 2], [3, 2, 1, 4], [3, 4, 2, 1], [4, 2, 1, 3], [4, 2, 3, 1], [4, 3, 2, 1]]
Distance:29

(82)
A = 
{(3, 2, 4, 1), (2, 4, 1, 3), (3, 4, 1, 2), (1, 2, 3, 4), (4, 1, 3, 2)}
M(A) = 
[[2, 4, 1, 3], [4, 1, 2, 3], [4, 1, 3, 2], [4, 2, 1, 3]]
Distance: 13
B = 
{(1, 2, 4, 3), (1, 4, 3, 2), (4, 2, 3, 1), (3, 2, 1, 4), (4, 2, 1, 3)}
M(B) = 
[[2, 4, 1, 3], [4, 1, 2, 3], [4, 1, 3, 2], [4, 2, 1, 3]]
Distance: 12
M(A) inter A:
set()
M(B) inter B:
{(4, 2, 1, 3)}

AUB = 
{(4, 2, 3, 1), (3, 4, 1, 2), (1, 2, 3, 4), (1, 2, 4, 3), (1, 4, 3, 2), (3, 2, 4, 1), (4, 2, 1, 3), (2, 4, 1, 3), (3, 2, 1, 4), (4, 1, 3, 2)}
M(AUB) = 
[[2, 4, 1, 3], [4, 1, 2, 3], [4, 1, 3, 2], [4, 2, 1, 3]]
Distance:27

(83)
A = 
{(1, 2, 3, 4), (4, 1, 3, 2), (4, 2, 1, 3), (1, 4, 3, 2), (2, 4, 1, 3)}
M(A) = 
[[1, 2, 4, 3]]
Distance: 9
B = 
{(1, 2, 4, 3), (4, 1, 3, 2), (2, 4, 1, 3), (1, 2, 3, 4), (2, 1, 4, 3)}
M(B) = 
[[1, 2, 4, 3]]
Distance: 7
M(A) inter A:
set()
M(B) inter B:
{(1, 2, 4, 3)}

AUB = 
{(4, 2, 1, 3), (1, 2, 3, 4), (1, 4, 3, 2), (1, 2, 4, 3), (4, 1, 3, 2), (2, 1, 4, 3), (2, 4, 1, 3)}
M(AUB) = 
[[1, 2, 4, 3]]
Distance:12

(84)
A = 
{(4, 1, 2, 3), (4, 1, 3, 2), (3, 4, 1, 2), (3, 1, 4, 2), (1, 3, 2, 4)}
M(A) = 
[[4, 1, 2, 3], [4, 1, 3, 2], [4, 3, 1, 2]]
Distance: 9
B = 
{(4, 3, 1, 2), (1, 2, 4, 3), (2, 3, 1, 4), (4, 2, 3, 1), (4, 2, 1, 3)}
M(B) = 
[[4, 1, 2, 3], [4, 1, 3, 2], [4, 3, 1, 2]]
Distance: 10
M(A) inter A:
set()
M(B) inter B:
{(4, 2, 3, 1)}

AUB = 
{(4, 1, 2, 3), (3, 4, 1, 2), (3, 1, 4, 2), (4, 3, 1, 2), (4, 2, 3, 1), (1, 2, 4, 3), (2, 3, 1, 4), (4, 2, 1, 3), (4, 1, 3, 2), (1, 3, 2, 4)}
M(AUB) = 
[[4, 1, 2, 3], [4, 1, 3, 2], [4, 3, 1, 2]]
Distance:24

(85)
A = 
{(4, 1, 2, 3), (3, 4, 2, 1), (2, 3, 1, 4), (1, 3, 4, 2), (3, 1, 2, 4)}
M(A) = 
[[3, 4, 1, 2]]
Distance: 11
B = 
{(2, 3, 4, 1), (4, 1, 3, 2), (1, 3, 4, 2), (3, 1, 2, 4), (3, 4, 1, 2)}
M(B) = 
[[3, 4, 1, 2]]
Distance: 9
M(A) inter A:
set()
M(B) inter B:
{(3, 4, 1, 2)}

AUB = 
{(4, 1, 2, 3), (3, 4, 1, 2), (1, 3, 4, 2), (3, 4, 2, 1), (2, 3, 1, 4), (2, 3, 4, 1), (3, 1, 2, 4), (4, 1, 3, 2)}
M(AUB) = 
[[3, 4, 1, 2]]
Distance:17

(86)
A = 
{(3, 4, 2, 1), (4, 1, 3, 2), (4, 2, 3, 1), (3, 1, 2, 4), (1, 3, 4, 2)}
M(A) = 
[[1, 3, 2, 4], [1, 3, 4, 2], [3, 1, 2, 4], [3, 1, 4, 2], [3, 2, 1, 4], [3, 2, 4, 1], [3, 4, 1, 2], [3, 4, 2, 1]]
Distance: 10
B = 
{(4, 1, 3, 2), (2, 1, 3, 4), (1, 3, 2, 4), (1, 3, 4, 2), (2, 3, 4, 1)}
M(B) = 
[[1, 3, 2, 4], [1, 3, 4, 2], [3, 1, 2, 4], [3, 1, 4, 2], [3, 2, 1, 4], [3, 2, 4, 1], [3, 4, 1, 2], [3, 4, 2, 1]]
Distance: 10
M(A) inter A:
set()
M(B) inter B:
{(1, 3, 2, 4)}

AUB = 
{(2, 1, 3, 4), (1, 3, 2, 4), (1, 3, 4, 2), (3, 4, 2, 1), (2, 3, 4, 1), (4, 2, 3, 1), (3, 1, 2, 4), (4, 1, 3, 2)}
M(AUB) = 
[[1, 3, 2, 4], [1, 3, 4, 2], [3, 1, 2, 4], [3, 1, 4, 2], [3, 2, 1, 4], [3, 2, 4, 1], [3, 4, 1, 2], [3, 4, 2, 1]]
Distance:21

(87)
A = 
{(4, 3, 1, 2), (3, 2, 4, 1), (4, 1, 3, 2), (3, 1, 2, 4), (2, 4, 1, 3)}
M(A) = 
[[2, 4, 1, 3]]
Distance: 11
B = 
{(3, 2, 4, 1), (2, 1, 3, 4), (4, 2, 3, 1), (1, 2, 3, 4), (2, 1, 4, 3)}
M(B) = 
[[2, 4, 1, 3]]
Distance: 9
M(A) inter A:
set()
M(B) inter B:
{(2, 1, 3, 4)}

AUB = 
{(2, 1, 3, 4), (1, 2, 3, 4), (4, 3, 1, 2), (4, 2, 3, 1), (3, 2, 4, 1), (4, 1, 3, 2), (2, 1, 4, 3), (3, 1, 2, 4), (2, 4, 1, 3)}
M(AUB) = 
[[2, 4, 1, 3]]
Distance:23

(88)
A = 
{(2, 1, 3, 4), (1, 2, 4, 3), (4, 2, 3, 1), (1, 3, 4, 2), (4, 1, 3, 2)}
M(A) = 
[[1, 2, 4, 3], [1, 4, 2, 3], [1, 4, 3, 2]]
Distance: 11
B = 
{(2, 4, 1, 3), (1, 4, 3, 2), (4, 3, 1, 2), (1, 3, 2, 4), (2, 1, 4, 3)}
M(B) = 
[[1, 2, 4, 3], [1, 4, 2, 3], [1, 4, 3, 2]]
Distance: 11
M(A) inter A:
{(1, 2, 4, 3)}
M(B) inter B:
{(1, 4, 3, 2)}

AUB = 
{(2, 4, 1, 3), (2, 1, 3, 4), (1, 3, 2, 4), (4, 3, 1, 2), (1, 3, 4, 2), (1, 4, 3, 2), (1, 2, 4, 3), (4, 2, 3, 1), (2, 1, 4, 3), (4, 1, 3, 2)}
M(AUB) = 
[[1, 2, 4, 3], [1, 4, 2, 3], [1, 4, 3, 2]]
Distance:23

(89)
A = 
{(1, 2, 4, 3), (4, 2, 1, 3), (3, 4, 1, 2), (3, 1, 4, 2), (4, 3, 1, 2)}
M(A) = 
[[2, 4, 3, 1], [4, 2, 3, 1]]
Distance: 10
B = 
{(1, 2, 3, 4), (4, 2, 3, 1), (3, 2, 1, 4), (2, 4, 3, 1), (2, 1, 4, 3)}
M(B) = 
[[2, 4, 3, 1], [4, 2, 3, 1]]
Distance: 10
M(A) inter A:
set()
M(B) inter B:
{(2, 1, 4, 3), (2, 4, 3, 1)}

AUB = 
{(3, 1, 4, 2), (4, 2, 1, 3), (3, 4, 1, 2), (1, 2, 3, 4), (1, 2, 4, 3), (2, 4, 3, 1), (4, 2, 3, 1), (2, 1, 4, 3), (3, 2, 1, 4), (4, 3, 1, 2)}
M(AUB) = 
[[2, 4, 3, 1], [4, 2, 3, 1]]
Distance:27

(90)
A = 
{(4, 1, 2, 3), (1, 2, 4, 3), (2, 1, 3, 4), (1, 3, 2, 4), (2, 3, 1, 4)}
M(A) = 
[[1, 2, 4, 3]]
Distance: 8
B = 
{(1, 2, 4, 3), (2, 1, 4, 3), (3, 1, 2, 4), (4, 3, 2, 1), (4, 1, 3, 2)}
M(B) = 
[[1, 2, 4, 3]]
Distance: 12
M(A) inter A:
{(1, 2, 4, 3)}
M(B) inter B:
{(1, 2, 4, 3)}

AUB = 
{(2, 1, 3, 4), (1, 3, 2, 4), (2, 3, 1, 4), (1, 2, 4, 3), (4, 1, 2, 3), (4, 1, 3, 2), (4, 3, 2, 1), (3, 1, 2, 4), (2, 1, 4, 3)}
M(AUB) = 
[[1, 2, 4, 3]]
Distance:21

(91)
A = 
{(3, 4, 2, 1), (2, 1, 4, 3), (3, 2, 4, 1), (4, 3, 2, 1), (4, 1, 3, 2)}
M(A) = 
[[1, 3, 2, 4], [3, 1, 2, 4], [3, 2, 1, 4]]
Distance: 9
B = 
{(1, 2, 4, 3), (2, 1, 3, 4), (1, 3, 2, 4), (3, 1, 4, 2), (3, 1, 2, 4)}
M(B) = 
[[1, 3, 2, 4], [3, 1, 2, 4], [3, 2, 1, 4]]
Distance: 7
M(A) inter A:
set()
M(B) inter B:
{(1, 3, 2, 4)}

AUB = 
{(3, 1, 4, 2), (2, 1, 4, 3), (1, 3, 2, 4), (3, 2, 4, 1), (1, 2, 4, 3), (3, 4, 2, 1), (2, 1, 3, 4), (4, 3, 2, 1), (3, 1, 2, 4), (4, 1, 3, 2)}
M(AUB) = 
[[1, 3, 2, 4], [3, 1, 2, 4], [3, 2, 1, 4]]
Distance:25

(92)
A = 
{(1, 2, 4, 3), (1, 4, 2, 3), (3, 4, 1, 2), (1, 3, 4, 2), (4, 3, 1, 2)}
M(A) = 
[[4, 1, 3, 2], [4, 3, 1, 2]]
Distance: 9
B = 
{(1, 4, 2, 3), (3, 4, 2, 1), (4, 2, 1, 3), (4, 3, 2, 1), (4, 3, 1, 2)}
M(B) = 
[[4, 1, 3, 2], [4, 3, 1, 2]]
Distance: 8
M(A) inter A:
set()
M(B) inter B:
{(4, 3, 2, 1)}

AUB = 
{(3, 4, 2, 1), (3, 4, 1, 2), (1, 4, 2, 3), (1, 3, 4, 2), (1, 2, 4, 3), (4, 2, 1, 3), (4, 3, 2, 1), (4, 3, 1, 2)}
M(AUB) = 
[[4, 1, 3, 2], [4, 3, 1, 2]]
Distance:17

(93)
A = 
{(4, 3, 1, 2), (1, 4, 2, 3), (2, 3, 1, 4), (4, 1, 2, 3), (2, 1, 4, 3)}
M(A) = 
[[1, 4, 2, 3]]
Distance: 10
B = 
{(3, 4, 2, 1), (2, 3, 1, 4), (4, 1, 2, 3), (1, 3, 4, 2), (2, 1, 4, 3)}
M(B) = 
[[1, 4, 2, 3]]
Distance: 13
M(A) inter A:
set()
M(B) inter B:
set()

AUB = 
{(4, 1, 2, 3), (3, 4, 2, 1), (1, 3, 4, 2), (1, 4, 2, 3), (2, 3, 1, 4), (4, 3, 1, 2), (2, 1, 4, 3)}
M(AUB) = 
[[1, 4, 2, 3]]
Distance:17

(94)
A = 
{(2, 1, 3, 4), (4, 2, 1, 3), (4, 2, 3, 1), (3, 1, 4, 2), (4, 1, 3, 2)}
M(A) = 
[[1, 4, 2, 3], [2, 1, 3, 4], [2, 1, 4, 3], [4, 2, 1, 3]]
Distance: 11
B = 
{(2, 1, 3, 4), (4, 2, 1, 3), (2, 1, 4, 3), (1, 3, 4, 2), (2, 3, 1, 4)}
M(B) = 
[[1, 4, 2, 3], [2, 1, 3, 4], [2, 1, 4, 3], [4, 2, 1, 3]]
Distance: 8
M(A) inter A:
{(2, 1, 3, 4)}
M(B) inter B:
{(2, 1, 3, 4)}

AUB = 
{(2, 1, 3, 4), (3, 1, 4, 2), (2, 3, 1, 4), (1, 3, 4, 2), (4, 2, 1, 3), (4, 2, 3, 1), (2, 1, 4, 3), (4, 1, 3, 2)}
M(AUB) = 
[[1, 4, 2, 3], [2, 1, 3, 4], [2, 1, 4, 3], [4, 2, 1, 3]]
Distance:21

(95)
A = 
{(4, 3, 1, 2), (4, 3, 2, 1), (3, 4, 1, 2), (3, 1, 2, 4), (2, 3, 4, 1)}
M(A) = 
[[3, 2, 4, 1], [3, 4, 1, 2]]
Distance: 8
B = 
{(3, 2, 4, 1), (2, 4, 3, 1), (3, 4, 1, 2), (1, 2, 3, 4), (1, 4, 3, 2)}
M(B) = 
[[3, 2, 4, 1], [3, 4, 1, 2]]
Distance: 13
M(A) inter A:
{(3, 1, 2, 4), (3, 4, 1, 2)}
M(B) inter B:
{(3, 2, 4, 1), (3, 4, 1, 2)}

AUB = 
{(3, 4, 1, 2), (2, 4, 3, 1), (1, 4, 3, 2), (1, 2, 3, 4), (3, 2, 4, 1), (2, 3, 4, 1), (4, 3, 2, 1), (3, 1, 2, 4), (4, 3, 1, 2)}
M(AUB) = 
[[3, 2, 4, 1], [3, 4, 1, 2]]
Distance:21

(96)
A = 
{(1, 4, 2, 3), (2, 3, 4, 1), (4, 2, 1, 3), (3, 2, 1, 4), (1, 2, 4, 3)}
M(A) = 
[[1, 2, 3, 4]]
Distance: 11
B = 
{(3, 4, 2, 1), (4, 1, 2, 3), (1, 2, 3, 4), (3, 1, 2, 4), (1, 3, 2, 4)}
M(B) = 
[[1, 2, 3, 4]]
Distance: 10
M(A) inter A:
set()
M(B) inter B:
{(1, 3, 2, 4)}

AUB = 
{(4, 2, 1, 3), (1, 2, 3, 4), (1, 2, 4, 3), (3, 1, 2, 4), (1, 4, 2, 3), (4, 1, 2, 3), (2, 3, 4, 1), (3, 4, 2, 1), (3, 2, 1, 4), (1, 3, 2, 4)}
M(AUB) = 
[[1, 2, 3, 4]]
Distance:24

(97)
A = 
{(3, 4, 2, 1), (2, 3, 1, 4), (1, 3, 2, 4), (3, 1, 4, 2), (4, 3, 1, 2)}
M(A) = 
[[3, 4, 2, 1]]
Distance: 9
B = 
{(2, 3, 4, 1), (4, 2, 3, 1), (1, 3, 4, 2), (4, 3, 2, 1), (2, 3, 1, 4)}
M(B) = 
[[3, 4, 2, 1]]
Distance: 11
M(A) inter A:
{(3, 4, 2, 1)}
M(B) inter B:
{(4, 2, 3, 1), (2, 3, 4, 1)}

AUB = 
{(3, 1, 4, 2), (2, 3, 1, 4), (1, 3, 2, 4), (1, 3, 4, 2), (3, 4, 2, 1), (4, 3, 2, 1), (2, 3, 4, 1), (4, 2, 3, 1), (4, 3, 1, 2)}
M(AUB) = 
[[3, 4, 2, 1]]
Distance:19

(98)
A = 
{(4, 1, 3, 2), (2, 1, 3, 4), (2, 1, 4, 3), (1, 4, 3, 2), (1, 2, 3, 4)}
M(A) = 
[[1, 2, 3, 4], [1, 2, 4, 3]]
Distance: 9
B = 
{(3, 2, 4, 1), (1, 2, 4, 3), (4, 1, 2, 3), (3, 4, 1, 2), (2, 3, 4, 1)}
M(B) = 
[[1, 2, 3, 4], [1, 2, 4, 3]]
Distance: 12
M(A) inter A:
set()
M(B) inter B:
{(2, 3, 4, 1)}

AUB = 
{(2, 1, 3, 4), (3, 4, 1, 2), (1, 2, 3, 4), (1, 2, 4, 3), (1, 4, 3, 2), (3, 2, 4, 1), (4, 1, 2, 3), (2, 3, 4, 1), (4, 1, 3, 2), (2, 1, 4, 3)}
M(AUB) = 
[[1, 2, 3, 4], [1, 2, 4, 3]]
Distance:25

(99)
A = 
{(2, 1, 3, 4), (4, 1, 2, 3), (3, 1, 2, 4), (3, 1, 4, 2), (2, 3, 1, 4)}
M(A) = 
[[2, 3, 1, 4]]
Distance: 11
B = 
{(4, 1, 2, 3), (3, 2, 4, 1), (4, 3, 2, 1), (2, 1, 4, 3), (2, 4, 3, 1)}
M(B) = 
[[2, 3, 1, 4]]
Distance: 9
M(A) inter A:
set()
M(B) inter B:
{(2, 4, 3, 1)}

AUB = 
{(4, 1, 2, 3), (3, 1, 4, 2), (3, 2, 4, 1), (2, 3, 1, 4), (2, 4, 3, 1), (2, 1, 3, 4), (4, 3, 2, 1), (3, 1, 2, 4), (2, 1, 4, 3)}
M(AUB) = 
[[2, 3, 1, 4]]
Distance:21

