(0)
A = 
{(3, 1, 4, 2, 5), (5, 3, 2, 1, 4), (1, 3, 5, 2, 4), (4, 2, 1, 5, 3), (4, 2, 5, 1, 3)}
M(A) = 
[[1, 2, 5, 3, 4], [2, 1, 5, 3, 4]]
Distance: 22
B = 
{(2, 3, 1, 5, 4), (2, 5, 1, 4, 3), (1, 5, 4, 2, 3), (1, 3, 2, 5, 4), (5, 3, 1, 2, 4)}
M(B) = 
[[1, 2, 5, 3, 4], [2, 1, 5, 3, 4]]
Distance: 15
M(A) inter A:
set()
M(B) inter B:
set()

AUB = 
{(1, 5, 4, 2, 3), (4, 2, 1, 5, 3), (4, 2, 5, 1, 3), (5, 3, 1, 2, 4), (3, 1, 4, 2, 5), (5, 3, 2, 1, 4), (2, 5, 1, 4, 3), (2, 3, 1, 5, 4), (1, 3, 2, 5, 4), (1, 3, 5, 2, 4)}
M(AUB) = 
[[1, 2, 5, 3, 4], [2, 1, 5, 3, 4]]
Distance:39

(1)
A = 
{(2, 3, 4, 1, 5), (3, 4, 1, 2, 5), (2, 5, 3, 4, 1), (1, 2, 5, 4, 3), (3, 2, 5, 1, 4)}
M(A) = 
[[2, 3, 1, 5, 4]]
Distance: 16
B = 
{(2, 3, 5, 1, 4), (2, 1, 5, 3, 4), (1, 2, 4, 3, 5), (1, 4, 5, 2, 3), (2, 3, 1, 5, 4)}
M(B) = 
[[2, 3, 1, 5, 4]]
Distance: 13
M(A) inter A:
set()
M(B) inter B:
set()

AUB = 
{(2, 3, 1, 5, 4), (1, 2, 5, 4, 3), (2, 3, 4, 1, 5), (3, 2, 5, 1, 4), (2, 1, 5, 3, 4), (3, 4, 1, 2, 5), (2, 3, 5, 1, 4), (1, 4, 5, 2, 3), (2, 5, 3, 4, 1), (1, 2, 4, 3, 5)}
M(AUB) = 
[[2, 3, 1, 5, 4]]
Distance:30

(2)
A = 
{(2, 5, 1, 3, 4), (2, 3, 1, 5, 4), (5, 2, 1, 4, 3), (5, 3, 1, 2, 4), (1, 5, 3, 4, 2)}
M(A) = 
[[5, 1, 3, 2, 4], [5, 3, 1, 2, 4]]
Distance: 13
B = 
{(5, 1, 3, 2, 4), (3, 1, 5, 4, 2), (5, 2, 4, 1, 3), (5, 3, 4, 1, 2), (4, 3, 5, 1, 2)}
M(B) = 
[[5, 1, 3, 2, 4], [5, 3, 1, 2, 4]]
Distance: 14
M(A) inter A:
set()
M(B) inter B:
{(5, 3, 4, 1, 2)}

AUB = 
{(2, 3, 1, 5, 4), (5, 2, 1, 4, 3), (4, 3, 5, 1, 2), (1, 5, 3, 4, 2), (5, 3, 4, 1, 2), (5, 2, 4, 1, 3), (5, 1, 3, 2, 4), (2, 5, 1, 3, 4), (3, 1, 5, 4, 2), (5, 3, 1, 2, 4)}
M(AUB) = 
[[5, 1, 3, 2, 4], [5, 3, 1, 2, 4]]
Distance:32

(3)
A = 
{(4, 5, 3, 2, 1), (3, 5, 1, 4, 2), (2, 5, 1, 3, 4), (3, 5, 1, 2, 4), (4, 2, 3, 1, 5)}
M(A) = 
[[3, 5, 4, 2, 1]]
Distance: 19
B = 
{(5, 3, 2, 4, 1), (4, 3, 5, 2, 1), (5, 4, 2, 1, 3), (3, 1, 5, 4, 2), (3, 4, 1, 5, 2)}
M(B) = 
[[3, 5, 4, 2, 1]]
Distance: 14
M(A) inter A:
set()
M(B) inter B:
set()

AUB = 
{(5, 3, 2, 4, 1), (5, 4, 2, 1, 3), (3, 4, 1, 5, 2), (4, 3, 5, 2, 1), (3, 5, 1, 4, 2), (4, 2, 3, 1, 5), (2, 5, 1, 3, 4), (3, 1, 5, 4, 2), (4, 5, 3, 2, 1), (3, 5, 1, 2, 4)}
M(AUB) = 
[[3, 5, 4, 2, 1]]
Distance:33

(4)
A = 
{(4, 1, 5, 2, 3), (4, 1, 5, 3, 2), (5, 2, 4, 1, 3), (3, 5, 2, 1, 4), (2, 1, 4, 5, 3)}
M(A) = 
[[1, 4, 5, 2, 3], [1, 5, 4, 2, 3], [5, 1, 4, 2, 3]]
Distance: 18
B = 
{(2, 5, 1, 3, 4), (5, 1, 4, 2, 3), (1, 4, 2, 5, 3), (3, 5, 4, 1, 2), (1, 4, 5, 2, 3)}
M(B) = 
[[1, 4, 5, 2, 3], [1, 5, 4, 2, 3], [5, 1, 4, 2, 3]]
Distance: 14
M(A) inter A:
set()
M(B) inter B:
{(5, 1, 4, 2, 3)}

AUB = 
{(5, 2, 4, 1, 3), (2, 1, 4, 5, 3), (4, 1, 5, 2, 3), (5, 1, 4, 2, 3), (4, 1, 5, 3, 2), (1, 4, 5, 2, 3), (2, 5, 1, 3, 4), (1, 4, 2, 5, 3), (3, 5, 2, 1, 4), (3, 5, 4, 1, 2)}
M(AUB) = 
[[1, 4, 5, 2, 3], [1, 5, 4, 2, 3], [5, 1, 4, 2, 3]]
Distance:35

(5)
A = 
{(4, 1, 3, 2, 5), (5, 1, 2, 3, 4), (3, 4, 1, 2, 5), (5, 4, 3, 2, 1), (4, 2, 1, 3, 5)}
M(A) = 
[[1, 5, 4, 2, 3], [4, 1, 5, 2, 3], [5, 4, 1, 2, 3]]
Distance: 18
B = 
{(4, 3, 2, 1, 5), (1, 5, 2, 4, 3), (5, 4, 3, 2, 1), (5, 1, 2, 4, 3), (5, 1, 4, 2, 3)}
M(B) = 
[[1, 5, 4, 2, 3], [4, 1, 5, 2, 3], [5, 4, 1, 2, 3]]
Distance: 15
M(A) inter A:
set()
M(B) inter B:
{(5, 1, 4, 2, 3)}

AUB = 
{(4, 1, 3, 2, 5), (1, 5, 2, 4, 3), (5, 1, 4, 2, 3), (3, 4, 1, 2, 5), (5, 1, 2, 4, 3), (4, 2, 1, 3, 5), (5, 1, 2, 3, 4), (4, 3, 2, 1, 5), (5, 4, 3, 2, 1)}
M(AUB) = 
[[1, 5, 4, 2, 3], [4, 1, 5, 2, 3], [5, 4, 1, 2, 3]]
Distance:36

(6)
A = 
{(5, 1, 3, 4, 2), (1, 5, 2, 3, 4), (2, 4, 5, 3, 1), (5, 4, 2, 1, 3), (1, 2, 5, 4, 3)}
M(A) = 
[[1, 2, 5, 3, 4]]
Distance: 15
B = 
{(3, 1, 2, 4, 5), (5, 1, 3, 4, 2), (1, 2, 3, 4, 5), (2, 1, 4, 3, 5), (1, 2, 5, 3, 4)}
M(B) = 
[[1, 2, 5, 3, 4]]
Distance: 12
M(A) inter A:
set()
M(B) inter B:
{(1, 2, 3, 4, 5)}

AUB = 
{(1, 2, 5, 4, 3), (1, 2, 5, 3, 4), (1, 5, 2, 3, 4), (1, 2, 3, 4, 5), (5, 4, 2, 1, 3), (5, 1, 3, 4, 2), (3, 1, 2, 4, 5), (2, 4, 5, 3, 1), (2, 1, 4, 3, 5)}
M(AUB) = 
[[1, 2, 5, 3, 4]]
Distance:28

(7)
A = 
{(4, 1, 5, 2, 3), (1, 3, 5, 2, 4), (2, 5, 1, 3, 4), (3, 1, 2, 5, 4), (4, 2, 1, 3, 5)}
M(A) = 
[[2, 4, 1, 5, 3], [2, 4, 5, 1, 3], [2, 5, 4, 1, 3], [4, 1, 2, 5, 3], [4, 1, 5, 2, 3], [4, 2, 1, 5, 3], [4, 2, 5, 1, 3], [4, 5, 1, 2, 3], [4, 5, 2, 1, 3], [5, 2, 4, 1, 3], [5, 4, 1, 2, 3], [5, 4, 2, 1, 3]]
Distance: 18
B = 
{(2, 5, 4, 1, 3), (5, 4, 2, 3, 1), (4, 5, 3, 1, 2), (2, 4, 3, 5, 1), (1, 4, 5, 3, 2)}
M(B) = 
[[2, 4, 1, 5, 3], [2, 4, 5, 1, 3], [2, 5, 4, 1, 3], [4, 1, 2, 5, 3], [4, 1, 5, 2, 3], [4, 2, 1, 5, 3], [4, 2, 5, 1, 3], [4, 5, 1, 2, 3], [4, 5, 2, 1, 3], [5, 2, 4, 1, 3], [5, 4, 1, 2, 3], [5, 4, 2, 1, 3]]
Distance: 15
M(A) inter A:
set()
M(B) inter B:
set()

AUB = 
{(3, 1, 2, 5, 4), (4, 1, 5, 2, 3), (2, 5, 4, 1, 3), (4, 2, 1, 3, 5), (2, 5, 1, 3, 4), (4, 5, 3, 1, 2), (1, 4, 5, 3, 2), (5, 4, 2, 3, 1), (1, 3, 5, 2, 4), (2, 4, 3, 5, 1)}
M(AUB) = 
[[2, 4, 1, 5, 3], [2, 4, 5, 1, 3], [2, 5, 4, 1, 3], [4, 1, 2, 5, 3], [4, 1, 5, 2, 3], [4, 2, 1, 5, 3], [4, 2, 5, 1, 3], [4, 5, 1, 2, 3], [4, 5, 2, 1, 3], [5, 2, 4, 1, 3], [5, 4, 1, 2, 3], [5, 4, 2, 1, 3]]
Distance:44

(8)
A = 
{(5, 3, 2, 4, 1), (2, 4, 1, 3, 5), (5, 2, 3, 4, 1), (3, 4, 5, 2, 1), (4, 2, 1, 5, 3)}
M(A) = 
[[5, 2, 3, 4, 1], [5, 3, 2, 4, 1], [5, 3, 4, 2, 1]]
Distance: 17
B = 
{(1, 5, 3, 2, 4), (2, 3, 4, 1, 5), (3, 4, 2, 1, 5), (5, 1, 4, 2, 3), (5, 3, 1, 4, 2)}
M(B) = 
[[5, 2, 3, 4, 1], [5, 3, 2, 4, 1], [5, 3, 4, 2, 1]]
Distance: 20
M(A) inter A:
set()
M(B) inter B:
{(5, 3, 1, 4, 2)}

AUB = 
{(2, 3, 4, 1, 5), (4, 2, 1, 5, 3), (1, 5, 3, 2, 4), (5, 3, 1, 4, 2), (2, 4, 1, 3, 5), (5, 1, 4, 2, 3), (5, 3, 2, 4, 1), (3, 4, 2, 1, 5), (3, 4, 5, 2, 1), (5, 2, 3, 4, 1)}
M(AUB) = 
[[5, 2, 3, 4, 1], [5, 3, 2, 4, 1], [5, 3, 4, 2, 1]]
Distance:41

(9)
A = 
{(5, 1, 2, 3, 4), (4, 5, 1, 2, 3), (2, 1, 4, 3, 5), (3, 1, 2, 4, 5), (3, 2, 5, 1, 4)}
M(A) = 
[[2, 3, 4, 5, 1], [2, 4, 3, 5, 1]]
Distance: 19
B = 
{(2, 5, 4, 3, 1), (4, 1, 5, 3, 2), (3, 4, 5, 2, 1), (2, 3, 4, 5, 1), (2, 4, 3, 1, 5)}
M(B) = 
[[2, 3, 4, 5, 1], [2, 4, 3, 5, 1]]
Distance: 15
M(A) inter A:
set()
M(B) inter B:
set()

AUB = 
{(4, 5, 1, 2, 3), (3, 2, 5, 1, 4), (3, 1, 2, 4, 5), (2, 4, 3, 1, 5), (4, 1, 5, 3, 2), (5, 1, 2, 3, 4), (2, 5, 4, 3, 1), (2, 3, 4, 5, 1), (3, 4, 5, 2, 1), (2, 1, 4, 3, 5)}
M(AUB) = 
[[2, 3, 4, 5, 1], [2, 4, 3, 5, 1]]
Distance:39

(10)
A = 
{(4, 1, 3, 2, 5), (4, 5, 3, 2, 1), (5, 2, 4, 1, 3), (3, 1, 5, 4, 2), (4, 2, 5, 3, 1)}
M(A) = 
[[4, 3, 5, 1, 2], [4, 5, 3, 1, 2]]
Distance: 17
B = 
{(5, 3, 4, 2, 1), (1, 3, 4, 5, 2), (4, 5, 1, 3, 2), (3, 1, 4, 5, 2), (4, 3, 5, 1, 2)}
M(B) = 
[[4, 3, 5, 1, 2], [4, 5, 3, 1, 2]]
Distance: 12
M(A) inter A:
set()
M(B) inter B:
set()

AUB = 
{(4, 1, 3, 2, 5), (5, 2, 4, 1, 3), (4, 3, 5, 1, 2), (1, 3, 4, 5, 2), (5, 3, 4, 2, 1), (3, 1, 5, 4, 2), (4, 5, 3, 2, 1), (4, 5, 1, 3, 2), (3, 1, 4, 5, 2), (4, 2, 5, 3, 1)}
M(AUB) = 
[[4, 3, 5, 1, 2], [4, 5, 3, 1, 2]]
Distance:32

(11)
A = 
{(4, 5, 2, 3, 1), (4, 3, 2, 1, 5), (5, 4, 2, 3, 1), (5, 4, 3, 2, 1), (4, 2, 3, 5, 1)}
M(A) = 
[[4, 2, 3, 1, 5], [4, 2, 3, 5, 1], [4, 2, 5, 3, 1]]
Distance: 9
B = 
{(1, 3, 2, 5, 4), (2, 4, 3, 1, 5), (3, 1, 2, 5, 4), (1, 4, 2, 5, 3), (4, 2, 5, 1, 3)}
M(B) = 
[[4, 2, 3, 1, 5], [4, 2, 3, 5, 1], [4, 2, 5, 3, 1]]
Distance: 17
M(A) inter A:
set()
M(B) inter B:
set()

AUB = 
{(3, 1, 2, 5, 4), (4, 2, 5, 1, 3), (2, 4, 3, 1, 5), (4, 3, 2, 1, 5), (1, 4, 2, 5, 3), (4, 5, 2, 3, 1), (5, 4, 2, 3, 1), (1, 3, 2, 5, 4), (5, 4, 3, 2, 1), (4, 2, 3, 5, 1)}
M(AUB) = 
[[4, 2, 3, 1, 5], [4, 2, 3, 5, 1], [4, 2, 5, 3, 1]]
Distance:35

(12)
A = 
{(5, 1, 3, 4, 2), (2, 5, 1, 4, 3), (1, 3, 2, 5, 4), (5, 4, 3, 1, 2), (3, 4, 5, 1, 2)}
M(A) = 
[[1, 3, 5, 2, 4], [1, 3, 5, 4, 2], [1, 5, 3, 2, 4], [1, 5, 3, 4, 2]]
Distance: 16
B = 
{(1, 5, 3, 2, 4), (1, 5, 2, 3, 4), (3, 1, 4, 5, 2), (1, 2, 3, 5, 4), (4, 2, 1, 3, 5)}
M(B) = 
[[1, 3, 5, 2, 4], [1, 3, 5, 4, 2], [1, 5, 3, 2, 4], [1, 5, 3, 4, 2]]
Distance: 15
M(A) inter A:
set()
M(B) inter B:
{(1, 5, 2, 3, 4), (1, 2, 3, 5, 4)}

AUB = 
{(5, 4, 3, 1, 2), (3, 4, 5, 1, 2), (1, 5, 3, 2, 4), (2, 5, 1, 4, 3), (4, 2, 1, 3, 5), (5, 1, 3, 4, 2), (1, 5, 2, 3, 4), (3, 1, 4, 5, 2), (1, 2, 3, 5, 4), (1, 3, 2, 5, 4)}
M(AUB) = 
[[1, 3, 5, 2, 4], [1, 3, 5, 4, 2], [1, 5, 3, 2, 4], [1, 5, 3, 4, 2]]
Distance:36

(13)
A = 
{(4, 3, 2, 1, 5), (4, 1, 2, 3, 5), (2, 1, 4, 3, 5), (4, 2, 5, 1, 3), (4, 1, 3, 2, 5)}
M(A) = 
[[4, 2, 5, 1, 3], [4, 5, 1, 2, 3], [4, 5, 1, 3, 2], [4, 5, 2, 1, 3]]
Distance: 9
B = 
{(5, 1, 3, 2, 4), (4, 5, 3, 2, 1), (5, 2, 3, 4, 1), (4, 5, 1, 3, 2), (5, 1, 2, 3, 4)}
M(B) = 
[[4, 2, 5, 1, 3], [4, 5, 1, 2, 3], [4, 5, 1, 3, 2], [4, 5, 2, 1, 3]]
Distance: 15
M(A) inter A:
set()
M(B) inter B:
{(5, 1, 3, 2, 4)}

AUB = 
{(4, 1, 2, 3, 5), (4, 1, 3, 2, 5), (4, 2, 5, 1, 3), (5, 1, 2, 3, 4), (5, 1, 3, 2, 4), (4, 5, 3, 2, 1), (4, 5, 1, 3, 2), (4, 3, 2, 1, 5), (5, 2, 3, 4, 1), (2, 1, 4, 3, 5)}
M(AUB) = 
[[4, 2, 5, 1, 3], [4, 5, 1, 2, 3], [4, 5, 1, 3, 2], [4, 5, 2, 1, 3]]
Distance:39

(14)
A = 
{(1, 3, 4, 2, 5), (2, 1, 5, 4, 3), (1, 4, 3, 2, 5), (4, 3, 5, 1, 2), (1, 2, 4, 3, 5)}
M(A) = 
[[1, 2, 4, 3, 5], [1, 2, 4, 5, 3], [1, 4, 2, 3, 5], [1, 4, 2, 5, 3]]
Distance: 12
B = 
{(4, 5, 1, 2, 3), (5, 2, 3, 4, 1), (2, 5, 4, 3, 1), (1, 4, 5, 2, 3), (3, 2, 5, 1, 4)}
M(B) = 
[[1, 2, 4, 3, 5], [1, 2, 4, 5, 3], [1, 4, 2, 3, 5], [1, 4, 2, 5, 3]]
Distance: 17
M(A) inter A:
set()
M(B) inter B:
set()

AUB = 
{(1, 3, 4, 2, 5), (4, 3, 5, 1, 2), (3, 2, 5, 1, 4), (1, 2, 4, 3, 5), (4, 5, 1, 2, 3), (1, 4, 5, 2, 3), (2, 5, 4, 3, 1), (2, 1, 5, 4, 3), (1, 4, 3, 2, 5), (5, 2, 3, 4, 1)}
M(AUB) = 
[[1, 2, 4, 3, 5], [1, 2, 4, 5, 3], [1, 4, 2, 3, 5], [1, 4, 2, 5, 3]]
Distance:42

(15)
A = 
{(3, 5, 1, 2, 4), (2, 4, 1, 5, 3), (3, 5, 2, 1, 4), (2, 3, 1, 4, 5), (1, 4, 3, 2, 5)}
M(A) = 
[[1, 2, 3, 4, 5], [1, 2, 4, 3, 5], [1, 4, 2, 3, 5], [2, 1, 3, 4, 5], [2, 1, 4, 3, 5]]
Distance: 17
B = 
{(4, 1, 2, 5, 3), (1, 3, 4, 5, 2), (1, 4, 5, 2, 3), (2, 3, 5, 4, 1), (4, 2, 1, 3, 5)}
M(B) = 
[[1, 2, 3, 4, 5], [1, 2, 4, 3, 5], [1, 4, 2, 3, 5], [2, 1, 3, 4, 5], [2, 1, 4, 3, 5]]
Distance: 15
M(A) inter A:
set()
M(B) inter B:
set()

AUB = 
{(2, 4, 1, 5, 3), (2, 3, 1, 4, 5), (4, 1, 2, 5, 3), (3, 5, 1, 2, 4), (1, 3, 4, 5, 2), (4, 2, 1, 3, 5), (1, 4, 5, 2, 3), (2, 3, 5, 4, 1), (1, 4, 3, 2, 5), (3, 5, 2, 1, 4)}
M(AUB) = 
[[1, 2, 3, 4, 5], [1, 2, 4, 3, 5], [1, 4, 2, 3, 5], [2, 1, 3, 4, 5], [2, 1, 4, 3, 5]]
Distance:40

(16)
A = 
{(4, 3, 2, 1, 5), (1, 5, 2, 4, 3), (3, 5, 2, 1, 4), (4, 5, 1, 3, 2), (2, 3, 1, 4, 5)}
M(A) = 
[[2, 4, 5, 1, 3]]
Distance: 22
B = 
{(5, 1, 2, 3, 4), (2, 5, 4, 1, 3), (2, 4, 3, 5, 1), (3, 5, 2, 1, 4), (4, 2, 1, 5, 3)}
M(B) = 
[[2, 4, 5, 1, 3]]
Distance: 16
M(A) inter A:
set()
M(B) inter B:
{(2, 5, 4, 1, 3)}

AUB = 
{(1, 5, 2, 4, 3), (4, 2, 1, 5, 3), (2, 5, 4, 1, 3), (5, 1, 2, 3, 4), (4, 5, 1, 3, 2), (4, 3, 2, 1, 5), (2, 3, 1, 4, 5), (2, 4, 3, 5, 1), (3, 5, 2, 1, 4)}
M(AUB) = 
[[2, 4, 5, 1, 3]]
Distance:36

(17)
A = 
{(5, 3, 4, 1, 2), (3, 4, 1, 2, 5), (3, 1, 5, 2, 4), (2, 4, 3, 1, 5), (2, 3, 4, 5, 1)}
M(A) = 
[[3, 4, 1, 2, 5]]
Distance: 16
B = 
{(4, 1, 2, 3, 5), (4, 1, 3, 2, 5), (5, 4, 3, 2, 1), (1, 3, 5, 2, 4), (3, 1, 5, 2, 4)}
M(B) = 
[[3, 4, 1, 2, 5]]
Distance: 17
M(A) inter A:
set()
M(B) inter B:
set()

AUB = 
{(4, 1, 2, 3, 5), (4, 1, 3, 2, 5), (3, 1, 5, 2, 4), (3, 4, 1, 2, 5), (5, 3, 4, 1, 2), (2, 3, 4, 5, 1), (5, 4, 3, 2, 1), (1, 3, 5, 2, 4), (2, 4, 3, 1, 5)}
M(AUB) = 
[[3, 4, 1, 2, 5]]
Distance:32

(18)
A = 
{(5, 1, 4, 3, 2), (4, 3, 2, 1, 5), (2, 4, 5, 3, 1), (1, 3, 2, 4, 5), (3, 2, 1, 5, 4)}
M(A) = 
[[5, 3, 2, 1, 4]]
Distance: 19
B = 
{(1, 5, 2, 3, 4), (4, 3, 5, 2, 1), (5, 1, 4, 3, 2), (5, 1, 2, 4, 3), (5, 3, 2, 1, 4)}
M(B) = 
[[5, 3, 2, 1, 4]]
Distance: 15
M(A) inter A:
{(5, 1, 4, 3, 2)}
M(B) inter B:
{(5, 1, 4, 3, 2), (5, 1, 2, 4, 3)}

AUB = 
{(1, 3, 2, 4, 5), (3, 2, 1, 5, 4), (1, 5, 2, 3, 4), (5, 1, 2, 4, 3), (5, 1, 4, 3, 2), (4, 3, 5, 2, 1), (4, 3, 2, 1, 5), (2, 4, 5, 3, 1), (5, 3, 2, 1, 4)}
M(AUB) = 
[[5, 3, 2, 1, 4]]
Distance:38

(19)
A = 
{(3, 1, 2, 4, 5), (3, 1, 4, 5, 2), (3, 1, 2, 5, 4), (2, 1, 4, 3, 5), (5, 4, 1, 2, 3)}
M(A) = 
[[1, 3, 5, 2, 4], [1, 5, 2, 3, 4], [1, 5, 2, 4, 3], [1, 5, 3, 2, 4], [3, 1, 5, 2, 4]]
Distance: 16
B = 
{(1, 3, 5, 2, 4), (5, 2, 3, 4, 1), (2, 1, 4, 5, 3), (5, 4, 2, 3, 1), (1, 4, 5, 3, 2)}
M(B) = 
[[1, 3, 5, 2, 4], [1, 5, 2, 3, 4], [1, 5, 2, 4, 3], [1, 5, 3, 2, 4], [3, 1, 5, 2, 4]]
Distance: 19
M(A) inter A:
set()
M(B) inter B:
set()

AUB = 
{(5, 4, 1, 2, 3), (3, 1, 2, 5, 4), (3, 1, 2, 4, 5), (1, 3, 5, 2, 4), (3, 1, 4, 5, 2), (1, 4, 5, 3, 2), (2, 1, 4, 5, 3), (5, 2, 3, 4, 1), (2, 1, 4, 3, 5), (5, 4, 2, 3, 1)}
M(AUB) = 
[[1, 3, 5, 2, 4], [1, 5, 2, 3, 4], [1, 5, 2, 4, 3], [1, 5, 3, 2, 4], [3, 1, 5, 2, 4]]
Distance:43

(20)
A = 
{(1, 3, 2, 4, 5), (1, 2, 4, 5, 3), (2, 3, 4, 5, 1), (3, 2, 5, 4, 1), (3, 2, 1, 5, 4)}
M(A) = 
[[3, 1, 2, 4, 5], [3, 2, 1, 4, 5]]
Distance: 14
B = 
{(1, 5, 4, 3, 2), (2, 3, 1, 4, 5), (3, 2, 4, 5, 1), (3, 1, 5, 4, 2), (3, 4, 1, 5, 2)}
M(B) = 
[[3, 1, 2, 4, 5], [3, 2, 1, 4, 5]]
Distance: 15
M(A) inter A:
set()
M(B) inter B:
set()

AUB = 
{(1, 3, 2, 4, 5), (1, 2, 4, 5, 3), (2, 3, 1, 4, 5), (3, 4, 1, 5, 2), (3, 2, 1, 5, 4), (1, 5, 4, 3, 2), (2, 3, 4, 5, 1), (3, 1, 5, 4, 2), (3, 2, 5, 4, 1), (3, 2, 4, 5, 1)}
M(AUB) = 
[[3, 1, 2, 4, 5], [3, 2, 1, 4, 5]]
Distance:32

(21)
A = 
{(2, 1, 5, 4, 3), (2, 5, 3, 4, 1), (3, 2, 4, 5, 1), (4, 1, 3, 5, 2), (4, 2, 5, 3, 1)}
M(A) = 
[[1, 2, 3, 4, 5], [1, 2, 3, 5, 4], [1, 2, 4, 3, 5], [1, 2, 4, 5, 3], [1, 2, 5, 3, 4], [1, 2, 5, 4, 3], [1, 4, 2, 3, 5], [1, 4, 2, 5, 3]]
Distance: 17
B = 
{(5, 1, 4, 3, 2), (3, 1, 4, 2, 5), (1, 4, 2, 3, 5), (1, 2, 3, 5, 4), (1, 2, 5, 3, 4)}
M(B) = 
[[1, 2, 3, 4, 5], [1, 2, 3, 5, 4], [1, 2, 4, 3, 5], [1, 2, 4, 5, 3], [1, 2, 5, 3, 4], [1, 2, 5, 4, 3], [1, 4, 2, 3, 5], [1, 4, 2, 5, 3]]
Distance: 14
M(A) inter A:
set()
M(B) inter B:
{(1, 2, 3, 5, 4)}

AUB = 
{(2, 1, 5, 4, 3), (1, 2, 5, 3, 4), (1, 2, 3, 5, 4), (3, 1, 4, 2, 5), (4, 1, 3, 5, 2), (5, 1, 4, 3, 2), (2, 5, 3, 4, 1), (3, 2, 4, 5, 1), (1, 4, 2, 3, 5), (4, 2, 5, 3, 1)}
M(AUB) = 
[[1, 2, 3, 4, 5], [1, 2, 3, 5, 4], [1, 2, 4, 3, 5], [1, 2, 4, 5, 3], [1, 2, 5, 3, 4], [1, 2, 5, 4, 3], [1, 4, 2, 3, 5], [1, 4, 2, 5, 3]]
Distance:42

(22)
A = 
{(4, 1, 3, 5, 2), (2, 4, 5, 3, 1), (2, 1, 3, 4, 5), (1, 2, 5, 3, 4), (4, 5, 1, 3, 2)}
M(A) = 
[[1, 2, 3, 4, 5], [1, 2, 3, 5, 4], [1, 2, 4, 3, 5], [1, 2, 4, 5, 3], [1, 2, 5, 3, 4], [1, 2, 5, 4, 3], [1, 5, 2, 3, 4], [1, 5, 2, 4, 3], [2, 1, 3, 4, 5], [2, 1, 3, 5, 4], [2, 1, 4, 3, 5], [2, 1, 4, 5, 3], [2, 1, 5, 3, 4], [2, 1, 5, 4, 3], [2, 4, 1, 3, 5], [2, 4, 1, 5, 3]]
Distance: 19
B = 
{(2, 3, 1, 5, 4), (4, 1, 5, 2, 3), (5, 4, 2, 1, 3), (3, 1, 5, 2, 4), (3, 2, 1, 5, 4)}
M(B) = 
[[1, 2, 3, 4, 5], [1, 2, 3, 5, 4], [1, 2, 4, 3, 5], [1, 2, 4, 5, 3], [1, 2, 5, 3, 4], [1, 2, 5, 4, 3], [1, 5, 2, 3, 4], [1, 5, 2, 4, 3], [2, 1, 3, 4, 5], [2, 1, 3, 5, 4], [2, 1, 4, 3, 5], [2, 1, 4, 5, 3], [2, 1, 5, 3, 4], [2, 1, 5, 4, 3], [2, 4, 1, 3, 5], [2, 4, 1, 5, 3]]
Distance: 19
M(A) inter A:
set()
M(B) inter B:
{(2, 3, 1, 5, 4)}

AUB = 
{(5, 4, 2, 1, 3), (3, 1, 5, 2, 4), (3, 2, 1, 5, 4), (1, 2, 5, 3, 4), (4, 1, 5, 2, 3), (4, 1, 3, 5, 2), (2, 3, 1, 5, 4), (4, 5, 1, 3, 2), (2, 4, 5, 3, 1), (2, 1, 3, 4, 5)}
M(AUB) = 
[[1, 2, 3, 4, 5], [1, 2, 3, 5, 4], [1, 2, 4, 3, 5], [1, 2, 4, 5, 3], [1, 2, 5, 3, 4], [1, 2, 5, 4, 3], [1, 5, 2, 3, 4], [1, 5, 2, 4, 3], [2, 1, 3, 4, 5], [2, 1, 3, 5, 4], [2, 1, 4, 3, 5], [2, 1, 4, 5, 3], [2, 1, 5, 3, 4], [2, 1, 5, 4, 3], [2, 4, 1, 3, 5], [2, 4, 1, 5, 3]]
Distance:45

(23)
A = 
{(4, 3, 5, 1, 2), (2, 4, 1, 3, 5), (3, 5, 2, 1, 4), (2, 3, 5, 4, 1), (1, 2, 3, 5, 4)}
M(A) = 
[[2, 3, 1, 5, 4], [2, 3, 4, 1, 5]]
Distance: 17
B = 
{(2, 3, 1, 5, 4), (1, 3, 5, 2, 4), (2, 4, 3, 1, 5), (3, 5, 2, 1, 4), (4, 1, 5, 3, 2)}
M(B) = 
[[2, 3, 1, 5, 4], [2, 3, 4, 1, 5]]
Distance: 18
M(A) inter A:
set()
M(B) inter B:
set()

AUB = 
{(4, 3, 5, 1, 2), (1, 2, 3, 5, 4), (1, 3, 5, 2, 4), (2, 4, 1, 3, 5), (4, 1, 5, 3, 2), (2, 3, 1, 5, 4), (2, 3, 5, 4, 1), (3, 5, 2, 1, 4), (2, 4, 3, 1, 5)}
M(AUB) = 
[[2, 3, 1, 5, 4], [2, 3, 4, 1, 5]]
Distance:35

(24)
A = 
{(4, 2, 1, 3, 5), (3, 4, 5, 2, 1), (4, 2, 5, 3, 1), (3, 2, 5, 1, 4), (1, 4, 3, 2, 5)}
M(A) = 
[[3, 4, 2, 1, 5], [3, 4, 2, 5, 1], [4, 3, 2, 1, 5], [4, 3, 2, 5, 1]]
Distance: 15
B = 
{(5, 1, 3, 4, 2), (2, 3, 5, 4, 1), (2, 1, 4, 3, 5), (4, 1, 5, 3, 2), (3, 1, 5, 2, 4)}
M(B) = 
[[3, 4, 2, 1, 5], [3, 4, 2, 5, 1], [4, 3, 2, 1, 5], [4, 3, 2, 5, 1]]
Distance: 20
M(A) inter A:
set()
M(B) inter B:
set()

AUB = 
{(3, 1, 5, 2, 4), (3, 2, 5, 1, 4), (4, 1, 5, 3, 2), (4, 2, 1, 3, 5), (5, 1, 3, 4, 2), (2, 3, 5, 4, 1), (3, 4, 5, 2, 1), (2, 1, 4, 3, 5), (1, 4, 3, 2, 5), (4, 2, 5, 3, 1)}
M(AUB) = 
[[3, 4, 2, 1, 5], [3, 4, 2, 5, 1], [4, 3, 2, 1, 5], [4, 3, 2, 5, 1]]
Distance:43

(25)
A = 
{(4, 1, 2, 3, 5), (4, 5, 2, 3, 1), (1, 4, 5, 2, 3), (3, 5, 1, 2, 4), (2, 4, 1, 5, 3)}
M(A) = 
[[4, 5, 1, 2, 3], [4, 5, 3, 1, 2]]
Distance: 17
B = 
{(4, 1, 2, 3, 5), (5, 3, 4, 1, 2), (5, 1, 4, 2, 3), (3, 4, 5, 1, 2), (5, 3, 1, 2, 4)}
M(B) = 
[[4, 5, 1, 2, 3], [4, 5, 3, 1, 2]]
Distance: 15
M(A) inter A:
set()
M(B) inter B:
{(5, 3, 4, 1, 2)}

AUB = 
{(4, 1, 2, 3, 5), (2, 4, 1, 5, 3), (3, 4, 5, 1, 2), (5, 3, 1, 2, 4), (5, 1, 4, 2, 3), (5, 3, 4, 1, 2), (1, 4, 5, 2, 3), (4, 5, 2, 3, 1), (3, 5, 1, 2, 4)}
M(AUB) = 
[[4, 5, 1, 2, 3], [4, 5, 3, 1, 2]]
Distance:34

(26)
A = 
{(2, 3, 1, 5, 4), (5, 3, 4, 1, 2), (4, 1, 3, 5, 2), (3, 2, 1, 5, 4), (2, 3, 1, 4, 5)}
M(A) = 
[[1, 3, 2, 4, 5], [1, 3, 2, 5, 4], [1, 3, 4, 2, 5], [3, 1, 2, 4, 5], [3, 1, 2, 5, 4], [3, 1, 4, 2, 5], [3, 2, 1, 4, 5], [3, 2, 1, 5, 4], [3, 2, 4, 1, 5], [3, 2, 4, 5, 1], [3, 2, 5, 1, 4], [3, 2, 5, 4, 1], [3, 4, 1, 2, 5], [3, 4, 2, 1, 5], [3, 4, 2, 5, 1]]
Distance: 16
B = 
{(1, 3, 4, 2, 5), (5, 1, 3, 4, 2), (3, 2, 4, 5, 1), (2, 4, 5, 1, 3), (5, 4, 1, 3, 2)}
M(B) = 
[[1, 3, 2, 4, 5], [1, 3, 2, 5, 4], [1, 3, 4, 2, 5], [3, 1, 2, 4, 5], [3, 1, 2, 5, 4], [3, 1, 4, 2, 5], [3, 2, 1, 4, 5], [3, 2, 1, 5, 4], [3, 2, 4, 1, 5], [3, 2, 4, 5, 1], [3, 2, 5, 1, 4], [3, 2, 5, 4, 1], [3, 4, 1, 2, 5], [3, 4, 2, 1, 5], [3, 4, 2, 5, 1]]
Distance: 19
M(A) inter A:
set()
M(B) inter B:
set()

AUB = 
{(1, 3, 4, 2, 5), (5, 1, 3, 4, 2), (2, 4, 5, 1, 3), (2, 3, 1, 4, 5), (5, 4, 1, 3, 2), (3, 2, 1, 5, 4), (5, 3, 4, 1, 2), (4, 1, 3, 5, 2), (2, 3, 1, 5, 4), (3, 2, 4, 5, 1)}
M(AUB) = 
[[1, 3, 2, 4, 5], [1, 3, 2, 5, 4], [1, 3, 4, 2, 5], [3, 1, 2, 4, 5], [3, 1, 2, 5, 4], [3, 1, 4, 2, 5], [3, 2, 1, 4, 5], [3, 2, 1, 5, 4], [3, 2, 4, 1, 5], [3, 2, 4, 5, 1], [3, 2, 5, 1, 4], [3, 2, 5, 4, 1], [3, 4, 1, 2, 5], [3, 4, 2, 1, 5], [3, 4, 2, 5, 1]]
Distance:44

(27)
A = 
{(4, 3, 2, 1, 5), (4, 5, 1, 3, 2), (1, 2, 4, 3, 5), (4, 3, 5, 1, 2), (1, 4, 5, 3, 2)}
M(A) = 
[[1, 4, 3, 5, 2], [4, 1, 3, 5, 2], [4, 3, 1, 5, 2]]
Distance: 13
B = 
{(1, 5, 4, 3, 2), (3, 5, 4, 1, 2), (5, 2, 3, 4, 1), (3, 1, 4, 5, 2), (1, 2, 3, 5, 4)}
M(B) = 
[[1, 4, 3, 5, 2], [4, 1, 3, 5, 2], [4, 3, 1, 5, 2]]
Distance: 16
M(A) inter A:
set()
M(B) inter B:
set()

AUB = 
{(4, 3, 5, 1, 2), (1, 2, 3, 5, 4), (1, 5, 4, 3, 2), (1, 2, 4, 3, 5), (3, 5, 4, 1, 2), (4, 5, 1, 3, 2), (1, 4, 5, 3, 2), (4, 3, 2, 1, 5), (3, 1, 4, 5, 2), (5, 2, 3, 4, 1)}
M(AUB) = 
[[1, 4, 3, 5, 2], [4, 1, 3, 5, 2], [4, 3, 1, 5, 2]]
Distance:37

(28)
A = 
{(4, 1, 2, 3, 5), (3, 5, 4, 2, 1), (5, 4, 3, 2, 1), (1, 3, 4, 2, 5), (5, 1, 3, 2, 4)}
M(A) = 
[[3, 5, 1, 4, 2], [5, 1, 3, 4, 2], [5, 3, 1, 4, 2]]
Distance: 19
B = 
{(2, 3, 5, 1, 4), (5, 3, 4, 2, 1), (3, 2, 1, 4, 5), (5, 1, 4, 2, 3), (5, 1, 4, 3, 2)}
M(B) = 
[[3, 5, 1, 4, 2], [5, 1, 3, 4, 2], [5, 3, 1, 4, 2]]
Distance: 18
M(A) inter A:
set()
M(B) inter B:
set()

AUB = 
{(4, 1, 2, 3, 5), (1, 3, 4, 2, 5), (2, 3, 5, 1, 4), (3, 2, 1, 4, 5), (5, 3, 4, 2, 1), (5, 1, 4, 2, 3), (5, 1, 3, 2, 4), (3, 5, 4, 2, 1), (5, 1, 4, 3, 2), (5, 4, 3, 2, 1)}
M(AUB) = 
[[3, 5, 1, 4, 2], [5, 1, 3, 4, 2], [5, 3, 1, 4, 2]]
Distance:39

(29)
A = 
{(1, 5, 3, 2, 4), (5, 2, 4, 1, 3), (3, 4, 1, 2, 5), (2, 4, 1, 3, 5), (5, 2, 3, 1, 4)}
M(A) = 
[[5, 2, 4, 1, 3]]
Distance: 21
B = 
{(4, 5, 2, 1, 3), (5, 4, 3, 2, 1), (2, 5, 3, 4, 1), (4, 2, 1, 5, 3), (5, 2, 1, 3, 4)}
M(B) = 
[[5, 2, 4, 1, 3]]
Distance: 13
M(A) inter A:
set()
M(B) inter B:
set()

AUB = 
{(5, 2, 4, 1, 3), (4, 2, 1, 5, 3), (5, 2, 3, 1, 4), (1, 5, 3, 2, 4), (2, 4, 1, 3, 5), (4, 5, 2, 1, 3), (2, 5, 3, 4, 1), (5, 4, 3, 2, 1), (5, 2, 1, 3, 4), (3, 4, 1, 2, 5)}
M(AUB) = 
[[5, 2, 4, 1, 3]]
Distance:35

(30)
A = 
{(4, 1, 5, 2, 3), (4, 5, 2, 3, 1), (4, 1, 5, 3, 2), (3, 5, 4, 1, 2), (1, 2, 3, 4, 5)}
M(A) = 
[[5, 1, 2, 4, 3], [5, 2, 4, 1, 3], [5, 4, 1, 2, 3]]
Distance: 15
B = 
{(4, 1, 5, 2, 3), (2, 1, 5, 4, 3), (5, 1, 2, 4, 3), (5, 2, 3, 1, 4), (2, 3, 5, 4, 1)}
M(B) = 
[[5, 1, 2, 4, 3], [5, 2, 4, 1, 3], [5, 4, 1, 2, 3]]
Distance: 15
M(A) inter A:
set()
M(B) inter B:
set()

AUB = 
{(5, 1, 2, 4, 3), (2, 1, 5, 4, 3), (5, 2, 3, 1, 4), (4, 1, 5, 2, 3), (3, 5, 4, 1, 2), (1, 2, 3, 4, 5), (4, 1, 5, 3, 2), (2, 3, 5, 4, 1), (4, 5, 2, 3, 1)}
M(AUB) = 
[[5, 1, 2, 4, 3], [5, 2, 4, 1, 3], [5, 4, 1, 2, 3]]
Distance:37

(31)
A = 
{(1, 2, 4, 3, 5), (5, 4, 3, 1, 2), (1, 3, 5, 2, 4), (3, 2, 5, 4, 1), (4, 2, 3, 5, 1)}
M(A) = 
[[3, 1, 2, 4, 5], [3, 1, 2, 5, 4], [3, 1, 4, 2, 5], [3, 2, 1, 4, 5], [3, 2, 1, 5, 4], [3, 2, 4, 1, 5], [3, 2, 4, 5, 1], [3, 2, 5, 1, 4], [3, 2, 5, 4, 1], [3, 4, 1, 2, 5], [3, 4, 2, 1, 5], [3, 4, 2, 5, 1], [4, 3, 1, 2, 5], [4, 3, 2, 1, 5], [4, 3, 2, 5, 1]]
Distance: 21
B = 
{(3, 4, 2, 5, 1), (1, 4, 5, 2, 3), (1, 5, 4, 2, 3), (3, 2, 4, 1, 5), (3, 2, 5, 1, 4)}
M(B) = 
[[3, 1, 2, 4, 5], [3, 1, 2, 5, 4], [3, 1, 4, 2, 5], [3, 2, 1, 4, 5], [3, 2, 1, 5, 4], [3, 2, 4, 1, 5], [3, 2, 4, 5, 1], [3, 2, 5, 1, 4], [3, 2, 5, 4, 1], [3, 4, 1, 2, 5], [3, 4, 2, 1, 5], [3, 4, 2, 5, 1], [4, 3, 1, 2, 5], [4, 3, 2, 1, 5], [4, 3, 2, 5, 1]]
Distance: 21
M(A) inter A:
set()
M(B) inter B:
set()

AUB = 
{(1, 5, 4, 2, 3), (3, 2, 4, 1, 5), (5, 4, 3, 1, 2), (1, 2, 4, 3, 5), (1, 4, 5, 2, 3), (3, 2, 5, 1, 4), (3, 2, 5, 4, 1), (1, 3, 5, 2, 4), (3, 4, 2, 5, 1), (4, 2, 3, 5, 1)}
M(AUB) = 
[[3, 1, 2, 4, 5], [3, 1, 2, 5, 4], [3, 1, 4, 2, 5], [3, 2, 1, 4, 5], [3, 2, 1, 5, 4], [3, 2, 4, 1, 5], [3, 2, 4, 5, 1], [3, 2, 5, 1, 4], [3, 2, 5, 4, 1], [3, 4, 1, 2, 5], [3, 4, 2, 1, 5], [3, 4, 2, 5, 1], [4, 3, 1, 2, 5], [4, 3, 2, 1, 5], [4, 3, 2, 5, 1]]
Distance:45

(32)
A = 
{(1, 3, 2, 5, 4), (1, 4, 2, 5, 3), (2, 4, 3, 1, 5), (4, 1, 5, 3, 2), (5, 3, 4, 1, 2)}
M(A) = 
[[1, 4, 2, 5, 3], [1, 4, 3, 2, 5], [1, 4, 5, 3, 2], [4, 1, 2, 5, 3], [4, 1, 3, 2, 5], [4, 1, 5, 3, 2], [4, 3, 1, 2, 5]]
Distance: 19
B = 
{(1, 2, 4, 5, 3), (3, 4, 1, 2, 5), (2, 3, 1, 4, 5), (1, 4, 5, 3, 2), (5, 4, 3, 1, 2)}
M(B) = 
[[1, 4, 2, 5, 3], [1, 4, 3, 2, 5], [1, 4, 5, 3, 2], [4, 1, 2, 5, 3], [4, 1, 3, 2, 5], [4, 1, 5, 3, 2], [4, 3, 1, 2, 5]]
Distance: 19
M(A) inter A:
{(1, 4, 2, 5, 3)}
M(B) inter B:
{(1, 4, 5, 3, 2)}

AUB = 
{(1, 2, 4, 5, 3), (2, 3, 1, 4, 5), (5, 4, 3, 1, 2), (5, 3, 4, 1, 2), (2, 4, 3, 1, 5), (4, 1, 5, 3, 2), (1, 4, 2, 5, 3), (1, 4, 5, 3, 2), (1, 3, 2, 5, 4), (3, 4, 1, 2, 5)}
M(AUB) = 
[[1, 4, 2, 5, 3], [1, 4, 3, 2, 5], [1, 4, 5, 3, 2], [4, 1, 2, 5, 3], [4, 1, 3, 2, 5], [4, 1, 5, 3, 2], [4, 3, 1, 2, 5]]
Distance:39

(33)
A = 
{(5, 1, 2, 3, 4), (4, 3, 1, 2, 5), (3, 2, 5, 4, 1), (1, 5, 2, 4, 3), (3, 2, 5, 1, 4)}
M(A) = 
[[1, 2, 3, 5, 4]]
Distance: 19
B = 
{(1, 5, 2, 3, 4), (1, 2, 4, 3, 5), (1, 2, 3, 5, 4), (3, 2, 5, 1, 4), (4, 2, 3, 1, 5)}
M(B) = 
[[1, 2, 3, 5, 4]]
Distance: 14
M(A) inter A:
set()
M(B) inter B:
{(1, 2, 3, 5, 4)}

AUB = 
{(1, 5, 2, 4, 3), (1, 2, 3, 5, 4), (3, 2, 5, 1, 4), (1, 5, 2, 3, 4), (1, 2, 4, 3, 5), (4, 2, 3, 1, 5), (5, 1, 2, 3, 4), (4, 3, 1, 2, 5), (3, 2, 5, 4, 1)}
M(AUB) = 
[[1, 2, 3, 5, 4]]
Distance:31

(34)
A = 
{(5, 1, 2, 3, 4), (5, 4, 3, 2, 1), (1, 5, 4, 2, 3), (3, 2, 1, 4, 5), (5, 4, 1, 3, 2)}
M(A) = 
[[1, 5, 4, 3, 2]]
Distance: 17
B = 
{(4, 1, 5, 2, 3), (4, 3, 2, 5, 1), (1, 2, 4, 5, 3), (5, 4, 3, 2, 1), (1, 5, 3, 4, 2)}
M(B) = 
[[1, 5, 4, 3, 2]]
Distance: 17
M(A) inter A:
set()
M(B) inter B:
set()

AUB = 
{(1, 2, 4, 5, 3), (1, 5, 4, 2, 3), (5, 4, 1, 3, 2), (4, 1, 5, 2, 3), (3, 2, 1, 4, 5), (5, 1, 2, 3, 4), (4, 3, 2, 5, 1), (5, 4, 3, 2, 1), (1, 5, 3, 4, 2)}
M(AUB) = 
[[1, 5, 4, 3, 2]]
Distance:33

(35)
A = 
{(2, 1, 3, 5, 4), (1, 3, 5, 4, 2), (1, 4, 3, 2, 5), (3, 1, 2, 5, 4), (1, 3, 2, 4, 5)}
M(A) = 
[[1, 2, 3, 4, 5], [1, 2, 3, 5, 4], [1, 3, 2, 4, 5], [1, 3, 2, 5, 4]]
Distance: 9
B = 
{(1, 5, 4, 2, 3), (2, 1, 4, 3, 5), (2, 1, 3, 4, 5), (5, 4, 1, 3, 2), (2, 3, 4, 5, 1)}
M(B) = 
[[1, 2, 3, 4, 5], [1, 2, 3, 5, 4], [1, 3, 2, 4, 5], [1, 3, 2, 5, 4]]
Distance: 18
M(A) inter A:
set()
M(B) inter B:
{(2, 1, 4, 3, 5)}

AUB = 
{(1, 3, 2, 4, 5), (3, 1, 2, 5, 4), (5, 4, 1, 3, 2), (2, 1, 3, 5, 4), (2, 1, 3, 4, 5), (1, 3, 5, 4, 2), (2, 3, 4, 5, 1), (1, 5, 4, 2, 3), (1, 4, 3, 2, 5), (2, 1, 4, 3, 5)}
M(AUB) = 
[[1, 2, 3, 4, 5], [1, 2, 3, 5, 4], [1, 3, 2, 4, 5], [1, 3, 2, 5, 4]]
Distance:33

(36)
A = 
{(3, 5, 4, 2, 1), (2, 3, 5, 1, 4), (5, 2, 3, 4, 1), (1, 5, 2, 3, 4), (1, 5, 4, 2, 3)}
M(A) = 
[[1, 5, 2, 3, 4], [5, 1, 2, 3, 4]]
Distance: 15
B = 
{(4, 3, 5, 1, 2), (1, 2, 5, 4, 3), (1, 3, 5, 2, 4), (5, 4, 3, 1, 2), (1, 2, 3, 5, 4)}
M(B) = 
[[1, 5, 2, 3, 4], [5, 1, 2, 3, 4]]
Distance: 18
M(A) inter A:
set()
M(B) inter B:
{(1, 3, 5, 2, 4)}

AUB = 
{(2, 3, 5, 1, 4), (1, 2, 5, 4, 3), (1, 5, 4, 2, 3), (1, 2, 3, 5, 4), (5, 4, 3, 1, 2), (1, 5, 2, 3, 4), (3, 5, 4, 2, 1), (4, 3, 5, 1, 2), (5, 2, 3, 4, 1), (1, 3, 5, 2, 4)}
M(AUB) = 
[[1, 5, 2, 3, 4], [5, 1, 2, 3, 4]]
Distance:38

(37)
A = 
{(4, 1, 3, 2, 5), (1, 3, 4, 2, 5), (3, 4, 2, 5, 1), (4, 5, 1, 3, 2), (1, 2, 4, 5, 3)}
M(A) = 
[[1, 3, 4, 2, 5], [1, 3, 4, 5, 2], [1, 3, 5, 4, 2]]
Distance: 13
B = 
{(2, 1, 3, 5, 4), (3, 1, 5, 2, 4), (3, 5, 2, 1, 4), (5, 3, 4, 1, 2), (1, 5, 4, 2, 3)}
M(B) = 
[[1, 3, 4, 2, 5], [1, 3, 4, 5, 2], [1, 3, 5, 4, 2]]
Distance: 15
M(A) inter A:
set()
M(B) inter B:
{(3, 1, 5, 2, 4)}

AUB = 
{(4, 1, 3, 2, 5), (1, 3, 4, 2, 5), (1, 2, 4, 5, 3), (3, 1, 5, 2, 4), (2, 1, 3, 5, 4), (5, 3, 4, 1, 2), (4, 5, 1, 3, 2), (1, 5, 4, 2, 3), (3, 4, 2, 5, 1), (3, 5, 2, 1, 4)}
M(AUB) = 
[[1, 3, 4, 2, 5], [1, 3, 4, 5, 2], [1, 3, 5, 4, 2]]
Distance:40

(38)
A = 
{(5, 3, 2, 4, 1), (2, 1, 3, 5, 4), (5, 3, 4, 2, 1), (1, 3, 5, 4, 2), (1, 5, 2, 4, 3)}
M(A) = 
[[1, 5, 4, 3, 2]]
Distance: 17
B = 
{(1, 5, 4, 3, 2), (1, 4, 3, 2, 5), (4, 1, 3, 5, 2), (1, 4, 5, 3, 2), (4, 2, 1, 3, 5)}
M(B) = 
[[1, 5, 4, 3, 2]]
Distance: 9
M(A) inter A:
set()
M(B) inter B:
set()

AUB = 
{(5, 3, 4, 2, 1), (1, 5, 2, 4, 3), (2, 1, 3, 5, 4), (4, 1, 3, 5, 2), (1, 3, 5, 4, 2), (4, 2, 1, 3, 5), (5, 3, 2, 4, 1), (1, 5, 4, 3, 2), (1, 4, 5, 3, 2), (1, 4, 3, 2, 5)}
M(AUB) = 
[[1, 5, 4, 3, 2]]
Distance:34

(39)
A = 
{(2, 3, 1, 4, 5), (5, 2, 1, 4, 3), (3, 1, 2, 5, 4), (5, 4, 1, 2, 3), (1, 4, 5, 3, 2)}
M(A) = 
[[2, 1, 4, 3, 5], [2, 1, 4, 5, 3], [2, 4, 1, 3, 5], [2, 4, 1, 5, 3], [2, 4, 5, 1, 3], [4, 2, 1, 3, 5], [4, 2, 1, 5, 3], [4, 2, 5, 1, 3]]
Distance: 19
B = 
{(4, 1, 3, 2, 5), (2, 5, 1, 3, 4), (2, 3, 4, 5, 1), (4, 3, 2, 5, 1), (4, 2, 1, 5, 3)}
M(B) = 
[[2, 1, 4, 3, 5], [2, 1, 4, 5, 3], [2, 4, 1, 3, 5], [2, 4, 1, 5, 3], [2, 4, 5, 1, 3], [4, 2, 1, 3, 5], [4, 2, 1, 5, 3], [4, 2, 5, 1, 3]]
Distance: 16
M(A) inter A:
set()
M(B) inter B:
set()

AUB = 
{(4, 1, 3, 2, 5), (5, 2, 1, 4, 3), (3, 1, 2, 5, 4), (4, 2, 1, 5, 3), (4, 3, 2, 5, 1), (5, 4, 1, 2, 3), (2, 5, 1, 3, 4), (2, 3, 4, 5, 1), (1, 4, 5, 3, 2), (2, 3, 1, 4, 5)}
M(AUB) = 
[[2, 1, 4, 3, 5], [2, 1, 4, 5, 3], [2, 4, 1, 3, 5], [2, 4, 1, 5, 3], [2, 4, 5, 1, 3], [4, 2, 1, 3, 5], [4, 2, 1, 5, 3], [4, 2, 5, 1, 3]]
Distance:43

(40)
A = 
{(2, 5, 4, 3, 1), (3, 4, 2, 5, 1), (3, 5, 4, 1, 2), (5, 4, 2, 3, 1), (3, 2, 5, 1, 4)}
M(A) = 
[[3, 4, 2, 5, 1]]
Distance: 14
B = 
{(4, 3, 2, 1, 5), (3, 4, 2, 1, 5), (5, 3, 4, 1, 2), (3, 2, 4, 1, 5), (4, 2, 1, 3, 5)}
M(B) = 
[[3, 4, 2, 5, 1]]
Distance: 10
M(A) inter A:
set()
M(B) inter B:
{(3, 4, 2, 1, 5)}

AUB = 
{(3, 2, 4, 1, 5), (3, 2, 5, 1, 4), (5, 3, 4, 1, 2), (3, 4, 2, 1, 5), (3, 5, 4, 1, 2), (4, 2, 1, 3, 5), (2, 5, 4, 3, 1), (4, 3, 2, 1, 5), (3, 4, 2, 5, 1), (5, 4, 2, 3, 1)}
M(AUB) = 
[[3, 4, 2, 5, 1]]
Distance:29

(41)
A = 
{(4, 3, 5, 2, 1), (4, 5, 3, 1, 2), (2, 1, 5, 4, 3), (2, 5, 4, 1, 3), (4, 3, 5, 1, 2)}
M(A) = 
[[5, 2, 4, 3, 1], [5, 4, 2, 3, 1], [5, 4, 3, 2, 1]]
Distance: 16
B = 
{(4, 5, 2, 1, 3), (2, 5, 3, 1, 4), (5, 2, 4, 3, 1), (5, 3, 1, 2, 4), (1, 3, 5, 4, 2)}
M(B) = 
[[5, 2, 4, 3, 1], [5, 4, 2, 3, 1], [5, 4, 3, 2, 1]]
Distance: 16
M(A) inter A:
set()
M(B) inter B:
set()

AUB = 
{(2, 5, 3, 1, 4), (2, 1, 5, 4, 3), (4, 3, 5, 2, 1), (1, 3, 5, 4, 2), (2, 5, 4, 1, 3), (4, 5, 2, 1, 3), (4, 5, 3, 1, 2), (4, 3, 5, 1, 2), (5, 2, 4, 3, 1), (5, 3, 1, 2, 4)}
M(AUB) = 
[[5, 2, 4, 3, 1], [5, 4, 2, 3, 1], [5, 4, 3, 2, 1]]
Distance:37

(42)
A = 
{(1, 5, 3, 2, 4), (4, 5, 1, 3, 2), (2, 1, 4, 5, 3), (3, 2, 1, 5, 4), (4, 2, 5, 3, 1)}
M(A) = 
[[1, 5, 3, 2, 4], [5, 1, 3, 2, 4]]
Distance: 20
B = 
{(1, 3, 4, 2, 5), (2, 3, 1, 5, 4), (5, 2, 4, 1, 3), (3, 5, 1, 2, 4), (5, 1, 3, 2, 4)}
M(B) = 
[[1, 5, 3, 2, 4], [5, 1, 3, 2, 4]]
Distance: 17
M(A) inter A:
set()
M(B) inter B:
{(5, 1, 3, 2, 4), (3, 5, 1, 2, 4)}

AUB = 
{(1, 3, 4, 2, 5), (5, 1, 3, 2, 4), (5, 2, 4, 1, 3), (2, 1, 4, 5, 3), (3, 2, 1, 5, 4), (1, 5, 3, 2, 4), (2, 3, 1, 5, 4), (4, 5, 1, 3, 2), (3, 5, 1, 2, 4), (4, 2, 5, 3, 1)}
M(AUB) = 
[[1, 5, 3, 2, 4], [5, 1, 3, 2, 4]]
Distance:41

(43)
A = 
{(2, 5, 1, 3, 4), (5, 1, 4, 3, 2), (2, 4, 5, 3, 1), (3, 5, 1, 4, 2), (4, 2, 5, 3, 1)}
M(A) = 
[[3, 1, 4, 2, 5], [3, 1, 4, 5, 2], [3, 4, 5, 1, 2], [3, 5, 1, 4, 2], [4, 3, 5, 1, 2], [4, 5, 3, 1, 2], [5, 3, 1, 4, 2]]
Distance: 19
B = 
{(1, 3, 2, 4, 5), (3, 5, 4, 1, 2), (1, 2, 4, 5, 3), (4, 3, 1, 5, 2), (3, 1, 4, 5, 2)}
M(B) = 
[[3, 1, 4, 2, 5], [3, 1, 4, 5, 2], [3, 4, 5, 1, 2], [3, 5, 1, 4, 2], [4, 3, 5, 1, 2], [4, 5, 3, 1, 2], [5, 3, 1, 4, 2]]
Distance: 14
M(A) inter A:
set()
M(B) inter B:
{(3, 1, 4, 5, 2)}

AUB = 
{(1, 3, 2, 4, 5), (5, 1, 4, 3, 2), (1, 2, 4, 5, 3), (4, 3, 1, 5, 2), (3, 5, 4, 1, 2), (3, 5, 1, 4, 2), (2, 5, 1, 3, 4), (3, 1, 4, 5, 2), (2, 4, 5, 3, 1), (4, 2, 5, 3, 1)}
M(AUB) = 
[[3, 1, 4, 2, 5], [3, 1, 4, 5, 2], [3, 4, 5, 1, 2], [3, 5, 1, 4, 2], [4, 3, 5, 1, 2], [4, 5, 3, 1, 2], [5, 3, 1, 4, 2]]
Distance:44

(44)
A = 
{(1, 4, 5, 3, 2), (3, 4, 2, 1, 5), (3, 1, 2, 5, 4), (5, 4, 2, 1, 3), (1, 2, 5, 3, 4)}
M(A) = 
[[1, 4, 5, 3, 2], [3, 1, 4, 5, 2]]
Distance: 20
B = 
{(4, 5, 3, 1, 2), (3, 2, 1, 4, 5), (4, 3, 5, 1, 2), (1, 4, 5, 2, 3), (5, 3, 1, 2, 4)}
M(B) = 
[[1, 4, 5, 3, 2], [3, 1, 4, 5, 2]]
Distance: 16
M(A) inter A:
set()
M(B) inter B:
{(4, 5, 3, 1, 2)}

AUB = 
{(5, 4, 2, 1, 3), (3, 1, 2, 5, 4), (1, 2, 5, 3, 4), (3, 4, 2, 1, 5), (1, 4, 5, 2, 3), (4, 5, 3, 1, 2), (1, 4, 5, 3, 2), (4, 3, 5, 1, 2), (5, 3, 1, 2, 4), (3, 2, 1, 4, 5)}
M(AUB) = 
[[1, 4, 5, 3, 2], [3, 1, 4, 5, 2]]
Distance:41

(45)
A = 
{(2, 5, 4, 1, 3), (1, 4, 2, 3, 5), (2, 3, 4, 5, 1), (5, 2, 4, 3, 1), (3, 4, 5, 1, 2)}
M(A) = 
[[2, 4, 1, 3, 5], [2, 4, 3, 1, 5], [2, 4, 3, 5, 1]]
Distance: 17
B = 
{(4, 3, 2, 1, 5), (3, 2, 1, 4, 5), (2, 1, 4, 5, 3), (2, 4, 5, 1, 3), (1, 2, 3, 5, 4)}
M(B) = 
[[2, 4, 1, 3, 5], [2, 4, 3, 1, 5], [2, 4, 3, 5, 1]]
Distance: 14
M(A) inter A:
set()
M(B) inter B:
set()

AUB = 
{(2, 4, 5, 1, 3), (2, 1, 4, 5, 3), (1, 2, 3, 5, 4), (3, 4, 5, 1, 2), (3, 2, 1, 4, 5), (2, 5, 4, 1, 3), (2, 3, 4, 5, 1), (4, 3, 2, 1, 5), (1, 4, 2, 3, 5), (5, 2, 4, 3, 1)}
M(AUB) = 
[[2, 4, 1, 3, 5], [2, 4, 3, 1, 5], [2, 4, 3, 5, 1]]
Distance:36

(46)
A = 
{(1, 5, 2, 3, 4), (2, 5, 4, 1, 3), (5, 2, 4, 1, 3), (1, 5, 2, 4, 3), (3, 1, 5, 4, 2)}
M(A) = 
[[2, 5, 4, 1, 3], [5, 2, 4, 1, 3], [5, 4, 1, 2, 3], [5, 4, 2, 1, 3]]
Distance: 13
B = 
{(4, 1, 2, 5, 3), (4, 3, 1, 2, 5), (5, 4, 3, 2, 1), (2, 5, 3, 4, 1), (4, 2, 5, 1, 3)}
M(B) = 
[[2, 5, 4, 1, 3], [5, 2, 4, 1, 3], [5, 4, 1, 2, 3], [5, 4, 2, 1, 3]]
Distance: 14
M(A) inter A:
set()
M(B) inter B:
set()

AUB = 
{(5, 2, 4, 1, 3), (1, 5, 2, 4, 3), (4, 2, 5, 1, 3), (1, 5, 2, 3, 4), (2, 5, 4, 1, 3), (4, 1, 2, 5, 3), (3, 1, 5, 4, 2), (4, 3, 1, 2, 5), (2, 5, 3, 4, 1), (5, 4, 3, 2, 1)}
M(AUB) = 
[[2, 5, 4, 1, 3], [5, 2, 4, 1, 3], [5, 4, 1, 2, 3], [5, 4, 2, 1, 3]]
Distance:38

(47)
A = 
{(4, 1, 3, 2, 5), (2, 5, 1, 4, 3), (2, 4, 5, 3, 1), (2, 5, 4, 1, 3), (3, 2, 4, 5, 1)}
M(A) = 
[[2, 1, 3, 4, 5], [2, 1, 4, 3, 5]]
Distance: 13
B = 
{(2, 1, 3, 5, 4), (3, 1, 4, 5, 2), (3, 2, 1, 4, 5), (2, 1, 3, 4, 5), (1, 5, 4, 2, 3)}
M(B) = 
[[2, 1, 3, 4, 5], [2, 1, 4, 3, 5]]
Distance: 14
M(A) inter A:
set()
M(B) inter B:
{(2, 1, 3, 4, 5)}

AUB = 
{(4, 1, 3, 2, 5), (1, 5, 4, 2, 3), (2, 1, 3, 5, 4), (2, 5, 1, 4, 3), (3, 2, 1, 4, 5), (2, 5, 4, 1, 3), (3, 1, 4, 5, 2), (2, 4, 5, 3, 1), (2, 1, 3, 4, 5), (3, 2, 4, 5, 1)}
M(AUB) = 
[[2, 1, 3, 4, 5], [2, 1, 4, 3, 5]]
Distance:37

(48)
A = 
{(4, 2, 3, 5, 1), (3, 2, 1, 4, 5), (2, 5, 3, 4, 1), (3, 4, 1, 5, 2), (5, 2, 3, 1, 4)}
M(A) = 
[[3, 2, 1, 5, 4], [3, 2, 5, 1, 4], [3, 2, 5, 4, 1], [3, 5, 2, 1, 4], [3, 5, 2, 4, 1], [5, 3, 2, 1, 4], [5, 3, 2, 4, 1]]
Distance: 16
B = 
{(4, 3, 2, 1, 5), (1, 3, 5, 2, 4), (1, 5, 3, 2, 4), (2, 5, 4, 3, 1), (5, 1, 3, 4, 2)}
M(B) = 
[[3, 2, 1, 5, 4], [3, 2, 5, 1, 4], [3, 2, 5, 4, 1], [3, 5, 2, 1, 4], [3, 5, 2, 4, 1], [5, 3, 2, 1, 4], [5, 3, 2, 4, 1]]
Distance: 18
M(A) inter A:
set()
M(B) inter B:
{(1, 5, 3, 2, 4)}

AUB = 
{(3, 4, 1, 5, 2), (5, 2, 3, 1, 4), (1, 5, 3, 2, 4), (3, 2, 1, 4, 5), (5, 1, 3, 4, 2), (2, 5, 3, 4, 1), (4, 3, 2, 1, 5), (2, 5, 4, 3, 1), (1, 3, 5, 2, 4), (4, 2, 3, 5, 1)}
M(AUB) = 
[[3, 2, 1, 5, 4], [3, 2, 5, 1, 4], [3, 2, 5, 4, 1], [3, 5, 2, 1, 4], [3, 5, 2, 4, 1], [5, 3, 2, 1, 4], [5, 3, 2, 4, 1]]
Distance:42

(49)
A = 
{(4, 1, 5, 2, 3), (4, 1, 2, 5, 3), (1, 4, 3, 2, 5), (2, 5, 3, 4, 1), (2, 1, 5, 4, 3)}
M(A) = 
[[1, 2, 4, 5, 3]]
Distance: 14
B = 
{(1, 5, 3, 2, 4), (1, 2, 4, 3, 5), (1, 2, 3, 4, 5), (3, 2, 5, 4, 1), (4, 2, 5, 1, 3)}
M(B) = 
[[1, 2, 4, 5, 3]]
Distance: 17
M(A) inter A:
set()
M(B) inter B:
{(1, 2, 3, 4, 5)}

AUB = 
{(1, 5, 3, 2, 4), (2, 1, 5, 4, 3), (4, 2, 5, 1, 3), (3, 2, 5, 4, 1), (4, 1, 5, 2, 3), (1, 2, 4, 3, 5), (4, 1, 2, 5, 3), (2, 5, 3, 4, 1), (1, 4, 3, 2, 5), (1, 2, 3, 4, 5)}
M(AUB) = 
[[1, 2, 4, 5, 3]]
Distance:35

(50)
A = 
{(4, 1, 5, 2, 3), (3, 1, 2, 4, 5), (1, 2, 4, 5, 3), (3, 5, 2, 1, 4), (4, 2, 3, 5, 1)}
M(A) = 
[[1, 2, 4, 5, 3]]
Distance: 20
B = 
{(5, 1, 3, 2, 4), (1, 3, 2, 4, 5), (5, 4, 2, 1, 3), (2, 5, 3, 4, 1), (1, 4, 5, 3, 2)}
M(B) = 
[[1, 2, 4, 5, 3]]
Distance: 18
M(A) inter A:
set()
M(B) inter B:
{(5, 1, 3, 2, 4)}

AUB = 
{(1, 3, 2, 4, 5), (1, 2, 4, 5, 3), (4, 1, 5, 2, 3), (5, 4, 2, 1, 3), (5, 1, 3, 2, 4), (3, 1, 2, 4, 5), (2, 5, 3, 4, 1), (1, 4, 5, 3, 2), (3, 5, 2, 1, 4), (4, 2, 3, 5, 1)}
M(AUB) = 
[[1, 2, 4, 5, 3]]
Distance:44

(51)
A = 
{(2, 5, 1, 4, 3), (5, 4, 2, 1, 3), (2, 1, 5, 4, 3), (1, 3, 5, 4, 2), (3, 1, 5, 2, 4)}
M(A) = 
[[1, 3, 5, 2, 4], [3, 1, 5, 2, 4]]
Distance: 17
B = 
{(3, 1, 2, 4, 5), (2, 3, 1, 5, 4), (3, 5, 1, 4, 2), (5, 2, 1, 3, 4), (4, 3, 1, 5, 2)}
M(B) = 
[[1, 3, 5, 2, 4], [3, 1, 5, 2, 4]]
Distance: 16
M(A) inter A:
{(3, 1, 5, 2, 4)}
M(B) inter B:
set()

AUB = 
{(5, 4, 2, 1, 3), (2, 1, 5, 4, 3), (5, 2, 1, 3, 4), (3, 1, 2, 4, 5), (1, 3, 5, 4, 2), (2, 5, 1, 4, 3), (2, 3, 1, 5, 4), (3, 5, 1, 4, 2), (3, 1, 5, 2, 4), (4, 3, 1, 5, 2)}
M(AUB) = 
[[1, 3, 5, 2, 4], [3, 1, 5, 2, 4]]
Distance:39

(52)
A = 
{(4, 5, 1, 2, 3), (4, 1, 2, 5, 3), (1, 4, 2, 3, 5), (1, 5, 2, 4, 3), (1, 5, 4, 2, 3)}
M(A) = 
[[1, 4, 5, 2, 3], [1, 5, 4, 2, 3], [4, 1, 5, 2, 3], [4, 5, 1, 2, 3], [5, 1, 4, 2, 3], [5, 4, 1, 2, 3]]
Distance: 9
B = 
{(2, 3, 5, 1, 4), (1, 5, 3, 4, 2), (3, 5, 4, 1, 2), (3, 4, 5, 1, 2), (2, 3, 4, 5, 1)}
M(B) = 
[[1, 4, 5, 2, 3], [1, 5, 4, 2, 3], [4, 1, 5, 2, 3], [4, 5, 1, 2, 3], [5, 1, 4, 2, 3], [5, 4, 1, 2, 3]]
Distance: 15
M(A) inter A:
set()
M(B) inter B:
{(3, 5, 4, 1, 2)}

AUB = 
{(2, 3, 5, 1, 4), (1, 5, 2, 4, 3), (3, 4, 5, 1, 2), (4, 1, 2, 5, 3), (3, 5, 4, 1, 2), (4, 5, 1, 2, 3), (1, 5, 3, 4, 2), (2, 3, 4, 5, 1), (1, 5, 4, 2, 3), (1, 4, 2, 3, 5)}
M(AUB) = 
[[1, 4, 5, 2, 3], [1, 5, 4, 2, 3], [4, 1, 5, 2, 3], [4, 5, 1, 2, 3], [5, 1, 4, 2, 3], [5, 4, 1, 2, 3]]
Distance:41

(53)
A = 
{(4, 1, 2, 3, 5), (2, 4, 1, 3, 5), (3, 1, 4, 5, 2), (1, 2, 3, 4, 5), (4, 2, 5, 1, 3)}
M(A) = 
[[1, 2, 4, 3, 5], [1, 2, 4, 5, 3]]
Distance: 13
B = 
{(1, 5, 3, 2, 4), (3, 1, 2, 4, 5), (2, 1, 5, 4, 3), (4, 5, 1, 2, 3), (2, 5, 4, 3, 1)}
M(B) = 
[[1, 2, 4, 3, 5], [1, 2, 4, 5, 3]]
Distance: 18
M(A) inter A:
set()
M(B) inter B:
set()

AUB = 
{(4, 1, 2, 3, 5), (2, 1, 5, 4, 3), (4, 2, 5, 1, 3), (1, 5, 3, 2, 4), (2, 4, 1, 3, 5), (4, 5, 1, 2, 3), (3, 1, 2, 4, 5), (3, 1, 4, 5, 2), (2, 5, 4, 3, 1), (1, 2, 3, 4, 5)}
M(AUB) = 
[[1, 2, 4, 3, 5], [1, 2, 4, 5, 3]]
Distance:37

(54)
A = 
{(3, 2, 1, 5, 4), (3, 4, 1, 2, 5), (1, 5, 4, 2, 3), (2, 4, 1, 5, 3), (1, 4, 3, 5, 2)}
M(A) = 
[[4, 2, 1, 3, 5], [4, 2, 1, 5, 3], [4, 2, 3, 1, 5], [4, 3, 2, 1, 5]]
Distance: 18
B = 
{(4, 5, 2, 3, 1), (4, 1, 2, 5, 3), (3, 4, 5, 2, 1), (2, 5, 1, 4, 3), (3, 2, 5, 1, 4)}
M(B) = 
[[4, 2, 1, 3, 5], [4, 2, 1, 5, 3], [4, 2, 3, 1, 5], [4, 3, 2, 1, 5]]
Distance: 18
M(A) inter A:
set()
M(B) inter B:
set()

AUB = 
{(2, 4, 1, 5, 3), (1, 5, 4, 2, 3), (3, 2, 5, 1, 4), (3, 2, 1, 5, 4), (4, 1, 2, 5, 3), (3, 4, 1, 2, 5), (2, 5, 1, 4, 3), (1, 4, 3, 5, 2), (4, 5, 2, 3, 1), (3, 4, 5, 2, 1)}
M(AUB) = 
[[4, 2, 1, 3, 5], [4, 2, 1, 5, 3], [4, 2, 3, 1, 5], [4, 3, 2, 1, 5]]
Distance:44

(55)
A = 
{(1, 5, 3, 4, 2), (5, 1, 2, 3, 4), (1, 2, 4, 5, 3), (3, 1, 5, 4, 2), (5, 4, 1, 3, 2)}
M(A) = 
[[1, 5, 3, 4, 2]]
Distance: 13
B = 
{(1, 2, 5, 3, 4), (5, 2, 1, 4, 3), (1, 3, 4, 5, 2), (4, 2, 1, 3, 5), (3, 4, 1, 5, 2)}
M(B) = 
[[1, 5, 3, 4, 2]]
Distance: 19
M(A) inter A:
set()
M(B) inter B:
{(1, 3, 4, 5, 2)}

AUB = 
{(1, 2, 4, 5, 3), (1, 2, 5, 3, 4), (5, 4, 1, 3, 2), (1, 5, 3, 4, 2), (1, 3, 4, 5, 2), (5, 2, 1, 4, 3), (4, 2, 1, 3, 5), (5, 1, 2, 3, 4), (3, 1, 5, 4, 2), (3, 4, 1, 5, 2)}
M(AUB) = 
[[1, 5, 3, 4, 2]]
Distance:34

(56)
A = 
{(5, 3, 2, 4, 1), (3, 5, 2, 4, 1), (2, 4, 1, 5, 3), (2, 5, 4, 1, 3), (3, 4, 1, 5, 2)}
M(A) = 
[[2, 5, 3, 4, 1], [3, 2, 5, 4, 1], [5, 3, 2, 4, 1]]
Distance: 16
B = 
{(4, 1, 2, 5, 3), (2, 5, 3, 4, 1), (3, 4, 2, 5, 1), (3, 1, 5, 4, 2), (3, 4, 1, 5, 2)}
M(B) = 
[[2, 5, 3, 4, 1], [3, 2, 5, 4, 1], [5, 3, 2, 4, 1]]
Distance: 16
M(A) inter A:
set()
M(B) inter B:
set()

AUB = 
{(3, 5, 2, 4, 1), (2, 4, 1, 5, 3), (3, 4, 1, 5, 2), (4, 1, 2, 5, 3), (2, 5, 4, 1, 3), (5, 3, 2, 4, 1), (2, 5, 3, 4, 1), (3, 1, 5, 4, 2), (3, 4, 2, 5, 1)}
M(AUB) = 
[[2, 5, 3, 4, 1], [3, 2, 5, 4, 1], [5, 3, 2, 4, 1]]
Distance:35

(57)
A = 
{(2, 5, 1, 3, 4), (1, 5, 3, 4, 2), (3, 5, 1, 4, 2), (4, 2, 3, 1, 5), (4, 5, 1, 2, 3)}
M(A) = 
[[2, 3, 4, 5, 1], [3, 4, 2, 5, 1]]
Distance: 20
B = 
{(4, 3, 1, 2, 5), (2, 3, 4, 5, 1), (3, 2, 5, 4, 1), (2, 5, 1, 3, 4), (2, 3, 4, 1, 5)}
M(B) = 
[[2, 3, 4, 5, 1], [3, 4, 2, 5, 1]]
Distance: 12
M(A) inter A:
set()
M(B) inter B:
{(2, 3, 4, 5, 1)}

AUB = 
{(4, 5, 1, 2, 3), (2, 3, 4, 1, 5), (1, 5, 3, 4, 2), (3, 5, 1, 4, 2), (4, 2, 3, 1, 5), (2, 5, 1, 3, 4), (2, 3, 4, 5, 1), (4, 3, 1, 2, 5), (3, 2, 5, 4, 1)}
M(AUB) = 
[[2, 3, 4, 5, 1], [3, 4, 2, 5, 1]]
Distance:36

(58)
A = 
{(4, 5, 2, 3, 1), (4, 3, 5, 1, 2), (3, 4, 2, 1, 5), (2, 3, 4, 5, 1), (2, 4, 1, 5, 3)}
M(A) = 
[[2, 3, 4, 5, 1]]
Distance: 14
B = 
{(3, 1, 4, 2, 5), (2, 5, 4, 1, 3), (3, 4, 2, 1, 5), (2, 1, 3, 4, 5), (2, 5, 3, 1, 4)}
M(B) = 
[[2, 3, 4, 5, 1]]
Distance: 16
M(A) inter A:
set()
M(B) inter B:
set()

AUB = 
{(2, 4, 1, 5, 3), (4, 3, 5, 1, 2), (3, 1, 4, 2, 5), (3, 4, 2, 1, 5), (2, 5, 4, 1, 3), (2, 5, 3, 1, 4), (2, 3, 4, 5, 1), (4, 5, 2, 3, 1), (2, 1, 3, 4, 5)}
M(AUB) = 
[[2, 3, 4, 5, 1]]
Distance:31

(59)
A = 
{(4, 1, 2, 3, 5), (1, 5, 2, 3, 4), (5, 4, 2, 1, 3), (2, 4, 3, 5, 1), (3, 4, 5, 1, 2)}
M(A) = 
[[2, 3, 4, 1, 5], [2, 4, 1, 3, 5], [2, 4, 3, 1, 5]]
Distance: 19
B = 
{(3, 1, 5, 2, 4), (3, 4, 2, 1, 5), (2, 4, 1, 3, 5), (3, 5, 1, 2, 4), (2, 4, 1, 5, 3)}
M(B) = 
[[2, 3, 4, 1, 5], [2, 4, 1, 3, 5], [2, 4, 3, 1, 5]]
Distance: 17
M(A) inter A:
set()
M(B) inter B:
set()

AUB = 
{(4, 1, 2, 3, 5), (5, 4, 2, 1, 3), (3, 1, 5, 2, 4), (3, 4, 5, 1, 2), (1, 5, 2, 3, 4), (3, 4, 2, 1, 5), (2, 4, 1, 5, 3), (2, 4, 3, 5, 1), (3, 5, 1, 2, 4), (2, 4, 1, 3, 5)}
M(AUB) = 
[[2, 3, 4, 1, 5], [2, 4, 1, 3, 5], [2, 4, 3, 1, 5]]
Distance:42

(60)
A = 
{(3, 1, 2, 4, 5), (4, 1, 3, 2, 5), (5, 2, 4, 3, 1), (2, 1, 5, 3, 4), (4, 5, 3, 1, 2)}
M(A) = 
[[1, 2, 4, 5, 3], [2, 1, 4, 5, 3], [2, 4, 1, 5, 3]]
Distance: 22
B = 
{(1, 4, 2, 5, 3), (2, 4, 5, 3, 1), (5, 2, 1, 4, 3), (2, 4, 3, 1, 5), (1, 2, 3, 5, 4)}
M(B) = 
[[1, 2, 4, 5, 3], [2, 1, 4, 5, 3], [2, 4, 1, 5, 3]]
Distance: 15
M(A) inter A:
set()
M(B) inter B:
set()

AUB = 
{(4, 1, 3, 2, 5), (5, 2, 1, 4, 3), (1, 2, 3, 5, 4), (3, 1, 2, 4, 5), (2, 4, 3, 1, 5), (2, 1, 5, 3, 4), (1, 4, 2, 5, 3), (4, 5, 3, 1, 2), (5, 2, 4, 3, 1), (2, 4, 5, 3, 1)}
M(AUB) = 
[[1, 2, 4, 5, 3], [2, 1, 4, 5, 3], [2, 4, 1, 5, 3]]
Distance:39

(61)
A = 
{(1, 5, 4, 3, 2), (3, 5, 4, 1, 2), (5, 2, 1, 4, 3), (5, 1, 4, 2, 3), (5, 3, 4, 1, 2)}
M(A) = 
[[5, 4, 1, 2, 3], [5, 4, 1, 3, 2], [5, 4, 3, 1, 2]]
Distance: 12
B = 
{(4, 5, 2, 1, 3), (5, 4, 2, 3, 1), (4, 1, 5, 3, 2), (2, 4, 5, 3, 1), (3, 4, 1, 5, 2)}
M(B) = 
[[5, 4, 1, 2, 3], [5, 4, 1, 3, 2], [5, 4, 3, 1, 2]]
Distance: 13
M(A) inter A:
set()
M(B) inter B:
set()

AUB = 
{(5, 2, 1, 4, 3), (3, 4, 1, 5, 2), (1, 5, 4, 3, 2), (3, 5, 4, 1, 2), (5, 1, 4, 2, 3), (5, 3, 4, 1, 2), (4, 5, 2, 1, 3), (4, 1, 5, 3, 2), (5, 4, 2, 3, 1), (2, 4, 5, 3, 1)}
M(AUB) = 
[[5, 4, 1, 2, 3], [5, 4, 1, 3, 2], [5, 4, 3, 1, 2]]
Distance:32

(62)
A = 
{(3, 5, 4, 2, 1), (2, 3, 4, 1, 5), (5, 2, 4, 1, 3), (2, 5, 1, 4, 3), (1, 4, 5, 3, 2)}
M(A) = 
[[5, 3, 4, 2, 1], [5, 4, 1, 3, 2], [5, 4, 2, 1, 3], [5, 4, 3, 2, 1]]
Distance: 19
B = 
{(3, 5, 2, 4, 1), (1, 5, 4, 3, 2), (3, 4, 1, 2, 5), (1, 5, 3, 4, 2), (4, 5, 2, 1, 3)}
M(B) = 
[[5, 3, 4, 2, 1], [5, 4, 1, 3, 2], [5, 4, 2, 1, 3], [5, 4, 3, 2, 1]]
Distance: 18
M(A) inter A:
set()
M(B) inter B:
{(1, 5, 3, 4, 2)}

AUB = 
{(3, 5, 2, 4, 1), (5, 2, 4, 1, 3), (2, 3, 4, 1, 5), (1, 5, 4, 3, 2), (3, 4, 1, 2, 5), (2, 5, 1, 4, 3), (4, 5, 2, 1, 3), (3, 5, 4, 2, 1), (1, 5, 3, 4, 2), (1, 4, 5, 3, 2)}
M(AUB) = 
[[5, 3, 4, 2, 1], [5, 4, 1, 3, 2], [5, 4, 2, 1, 3], [5, 4, 3, 2, 1]]
Distance:43

(63)
A = 
{(1, 3, 2, 4, 5), (2, 4, 3, 5, 1), (5, 4, 2, 1, 3), (3, 2, 1, 4, 5), (2, 4, 5, 1, 3)}
M(A) = 
[[2, 1, 3, 4, 5], [2, 3, 1, 4, 5]]
Distance: 17
B = 
{(3, 1, 2, 4, 5), (2, 5, 3, 4, 1), (2, 5, 1, 4, 3), (1, 2, 3, 5, 4), (2, 3, 1, 4, 5)}
M(B) = 
[[2, 1, 3, 4, 5], [2, 3, 1, 4, 5]]
Distance: 13
M(A) inter A:
set()
M(B) inter B:
set()

AUB = 
{(1, 3, 2, 4, 5), (5, 4, 2, 1, 3), (2, 3, 1, 4, 5), (1, 2, 3, 5, 4), (3, 1, 2, 4, 5), (3, 2, 1, 4, 5), (2, 5, 1, 4, 3), (2, 4, 5, 1, 3), (2, 5, 3, 4, 1), (2, 4, 3, 5, 1)}
M(AUB) = 
[[2, 1, 3, 4, 5], [2, 3, 1, 4, 5]]
Distance:34

(64)
A = 
{(4, 5, 3, 2, 1), (2, 5, 3, 4, 1), (2, 4, 5, 1, 3), (3, 1, 4, 5, 2), (5, 2, 1, 4, 3)}
M(A) = 
[[2, 4, 1, 5, 3], [2, 4, 5, 1, 3]]
Distance: 18
B = 
{(1, 2, 3, 4, 5), (2, 4, 1, 3, 5), (2, 5, 4, 1, 3), (3, 4, 2, 1, 5), (1, 2, 5, 3, 4)}
M(B) = 
[[2, 4, 1, 5, 3], [2, 4, 5, 1, 3]]
Distance: 15
M(A) inter A:
set()
M(B) inter B:
{(2, 4, 1, 3, 5)}

AUB = 
{(2, 4, 5, 1, 3), (1, 2, 5, 3, 4), (1, 2, 3, 4, 5), (2, 5, 4, 1, 3), (5, 2, 1, 4, 3), (3, 4, 2, 1, 5), (3, 1, 4, 5, 2), (4, 5, 3, 2, 1), (2, 5, 3, 4, 1), (2, 4, 1, 3, 5)}
M(AUB) = 
[[2, 4, 1, 5, 3], [2, 4, 5, 1, 3]]
Distance:38

(65)
A = 
{(3, 5, 4, 2, 1), (1, 4, 2, 5, 3), (5, 3, 1, 4, 2), (1, 4, 5, 2, 3), (4, 2, 5, 3, 1)}
M(A) = 
[[4, 5, 1, 2, 3], [4, 5, 1, 3, 2], [4, 5, 3, 1, 2], [5, 1, 4, 2, 3], [5, 1, 4, 3, 2], [5, 4, 1, 2, 3], [5, 4, 1, 3, 2], [5, 4, 3, 1, 2]]
Distance: 19
B = 
{(4, 1, 5, 3, 2), (5, 4, 2, 1, 3), (3, 5, 1, 4, 2), (1, 2, 4, 3, 5), (5, 4, 3, 1, 2)}
M(B) = 
[[4, 5, 1, 2, 3], [4, 5, 1, 3, 2], [4, 5, 3, 1, 2], [5, 1, 4, 2, 3], [5, 1, 4, 3, 2], [5, 4, 1, 2, 3], [5, 4, 1, 3, 2], [5, 4, 3, 1, 2]]
Distance: 16
M(A) inter A:
set()
M(B) inter B:
set()

AUB = 
{(5, 4, 2, 1, 3), (5, 4, 3, 1, 2), (4, 1, 5, 3, 2), (1, 2, 4, 3, 5), (5, 3, 1, 4, 2), (1, 4, 5, 2, 3), (3, 5, 4, 2, 1), (3, 5, 1, 4, 2), (1, 4, 2, 5, 3), (4, 2, 5, 3, 1)}
M(AUB) = 
[[4, 5, 1, 2, 3], [4, 5, 1, 3, 2], [4, 5, 3, 1, 2], [5, 1, 4, 2, 3], [5, 1, 4, 3, 2], [5, 4, 1, 2, 3], [5, 4, 1, 3, 2], [5, 4, 3, 1, 2]]
Distance:37

(66)
A = 
{(4, 3, 5, 2, 1), (1, 3, 5, 4, 2), (4, 1, 5, 3, 2), (4, 5, 1, 3, 2), (2, 3, 1, 4, 5)}
M(A) = 
[[1, 4, 3, 5, 2], [1, 4, 5, 3, 2]]
Distance: 16
B = 
{(5, 1, 4, 3, 2), (2, 1, 5, 3, 4), (1, 4, 2, 3, 5), (1, 3, 4, 5, 2), (2, 1, 5, 4, 3)}
M(B) = 
[[1, 4, 3, 5, 2], [1, 4, 5, 3, 2]]
Distance: 16
M(A) inter A:
set()
M(B) inter B:
set()

AUB = 
{(2, 3, 1, 4, 5), (4, 3, 5, 2, 1), (1, 3, 5, 4, 2), (4, 1, 5, 3, 2), (5, 1, 4, 3, 2), (2, 1, 5, 3, 4), (4, 5, 1, 3, 2), (1, 3, 4, 5, 2), (2, 1, 5, 4, 3), (1, 4, 2, 3, 5)}
M(AUB) = 
[[1, 4, 3, 5, 2], [1, 4, 5, 3, 2]]
Distance:36

(67)
A = 
{(4, 1, 2, 5, 3), (4, 5, 2, 1, 3), (3, 2, 4, 5, 1), (4, 5, 3, 1, 2), (4, 2, 5, 1, 3)}
M(A) = 
[[4, 5, 1, 3, 2], [4, 5, 3, 1, 2], [5, 1, 3, 4, 2], [5, 1, 4, 3, 2], [5, 3, 1, 4, 2], [5, 3, 4, 1, 2], [5, 4, 1, 3, 2], [5, 4, 3, 1, 2]]
Distance: 12
B = 
{(1, 5, 4, 3, 2), (3, 1, 2, 5, 4), (3, 1, 5, 4, 2), (3, 5, 1, 2, 4), (5, 2, 1, 3, 4)}
M(B) = 
[[4, 5, 1, 3, 2], [4, 5, 3, 1, 2], [5, 1, 3, 4, 2], [5, 1, 4, 3, 2], [5, 3, 1, 4, 2], [5, 3, 4, 1, 2], [5, 4, 1, 3, 2], [5, 4, 3, 1, 2]]
Distance: 12
M(A) inter A:
set()
M(B) inter B:
set()

AUB = 
{(3, 1, 2, 5, 4), (5, 2, 1, 3, 4), (4, 2, 5, 1, 3), (4, 1, 2, 5, 3), (4, 5, 2, 1, 3), (1, 5, 4, 3, 2), (4, 5, 3, 1, 2), (3, 1, 5, 4, 2), (3, 2, 4, 5, 1), (3, 5, 1, 2, 4)}
M(AUB) = 
[[4, 5, 1, 3, 2], [4, 5, 3, 1, 2], [5, 1, 3, 4, 2], [5, 1, 4, 3, 2], [5, 3, 1, 4, 2], [5, 3, 4, 1, 2], [5, 4, 1, 3, 2], [5, 4, 3, 1, 2]]
Distance:44

(68)
A = 
{(4, 3, 1, 5, 2), (2, 4, 3, 1, 5), (3, 2, 4, 5, 1), (1, 2, 5, 4, 3), (1, 5, 2, 4, 3)}
M(A) = 
[[2, 4, 1, 3, 5], [2, 4, 1, 5, 3]]
Distance: 18
B = 
{(5, 1, 2, 3, 4), (2, 1, 4, 3, 5), (4, 1, 5, 3, 2), (4, 2, 5, 1, 3), (4, 2, 3, 5, 1)}
M(B) = 
[[2, 4, 1, 3, 5], [2, 4, 1, 5, 3]]
Distance: 16
M(A) inter A:
set()
M(B) inter B:
{(4, 2, 5, 1, 3)}

AUB = 
{(1, 2, 5, 4, 3), (1, 5, 2, 4, 3), (4, 2, 5, 1, 3), (2, 4, 3, 1, 5), (4, 1, 5, 3, 2), (5, 1, 2, 3, 4), (4, 3, 1, 5, 2), (3, 2, 4, 5, 1), (2, 1, 4, 3, 5), (4, 2, 3, 5, 1)}
M(AUB) = 
[[2, 4, 1, 3, 5], [2, 4, 1, 5, 3]]
Distance:38

(69)
A = 
{(4, 3, 2, 1, 5), (5, 4, 2, 1, 3), (3, 1, 5, 2, 4), (3, 4, 5, 1, 2), (4, 2, 5, 3, 1)}
M(A) = 
[[4, 2, 3, 1, 5]]
Distance: 17
B = 
{(4, 1, 2, 5, 3), (2, 3, 1, 4, 5), (5, 4, 1, 2, 3), (1, 5, 2, 3, 4), (2, 3, 4, 1, 5)}
M(B) = 
[[4, 2, 3, 1, 5]]
Distance: 19
M(A) inter A:
set()
M(B) inter B:
{(4, 1, 2, 5, 3)}

AUB = 
{(5, 4, 2, 1, 3), (3, 1, 5, 2, 4), (3, 4, 5, 1, 2), (4, 1, 2, 5, 3), (5, 4, 1, 2, 3), (2, 3, 4, 1, 5), (1, 5, 2, 3, 4), (4, 3, 2, 1, 5), (2, 3, 1, 4, 5), (4, 2, 5, 3, 1)}
M(AUB) = 
[[4, 2, 3, 1, 5]]
Distance:42

(70)
A = 
{(4, 1, 5, 2, 3), (5, 4, 3, 2, 1), (5, 4, 1, 2, 3), (1, 2, 4, 3, 5), (3, 4, 5, 1, 2)}
M(A) = 
[[5, 4, 1, 2, 3]]
Distance: 15
B = 
{(2, 3, 1, 5, 4), (2, 5, 4, 1, 3), (1, 4, 3, 2, 5), (2, 5, 3, 4, 1), (5, 4, 3, 1, 2)}
M(B) = 
[[5, 4, 1, 2, 3]]
Distance: 18
M(A) inter A:
set()
M(B) inter B:
set()

AUB = 
{(5, 4, 1, 2, 3), (5, 4, 3, 1, 2), (3, 4, 5, 1, 2), (4, 1, 5, 2, 3), (1, 2, 4, 3, 5), (2, 5, 4, 1, 3), (2, 3, 1, 5, 4), (2, 5, 3, 4, 1), (5, 4, 3, 2, 1), (1, 4, 3, 2, 5)}
M(AUB) = 
[[5, 4, 1, 2, 3]]
Distance:40

(71)
A = 
{(4, 1, 2, 5, 3), (3, 1, 2, 4, 5), (4, 1, 5, 2, 3), (1, 3, 4, 5, 2), (2, 3, 5, 1, 4)}
M(A) = 
[[1, 5, 2, 3, 4], [5, 1, 2, 3, 4]]
Distance: 18
B = 
{(1, 5, 2, 3, 4), (3, 5, 2, 4, 1), (5, 2, 4, 3, 1), (3, 5, 2, 1, 4), (4, 5, 1, 2, 3)}
M(B) = 
[[1, 5, 2, 3, 4], [5, 1, 2, 3, 4]]
Distance: 15
M(A) inter A:
set()
M(B) inter B:
set()

AUB = 
{(3, 5, 2, 4, 1), (4, 1, 2, 5, 3), (4, 5, 1, 2, 3), (1, 3, 4, 5, 2), (2, 3, 5, 1, 4), (3, 1, 2, 4, 5), (4, 1, 5, 2, 3), (5, 2, 4, 3, 1), (1, 5, 2, 3, 4), (3, 5, 2, 1, 4)}
M(AUB) = 
[[1, 5, 2, 3, 4], [5, 1, 2, 3, 4]]
Distance:44

(72)
A = 
{(1, 3, 2, 4, 5), (1, 5, 3, 4, 2), (3, 4, 2, 1, 5), (2, 4, 1, 3, 5), (1, 4, 5, 3, 2)}
M(A) = 
[[1, 4, 5, 3, 2], [1, 5, 3, 4, 2], [1, 5, 4, 3, 2], [4, 1, 5, 3, 2]]
Distance: 15
B = 
{(1, 5, 4, 3, 2), (3, 5, 1, 4, 2), (5, 4, 3, 2, 1), (2, 5, 3, 4, 1), (4, 1, 5, 3, 2)}
M(B) = 
[[1, 4, 5, 3, 2], [1, 5, 3, 4, 2], [1, 5, 4, 3, 2], [4, 1, 5, 3, 2]]
Distance: 15
M(A) inter A:
set()
M(B) inter B:
set()

AUB = 
{(1, 3, 2, 4, 5), (1, 5, 3, 4, 2), (4, 1, 5, 3, 2), (3, 4, 2, 1, 5), (3, 5, 1, 4, 2), (1, 5, 4, 3, 2), (2, 5, 3, 4, 1), (1, 4, 5, 3, 2), (5, 4, 3, 2, 1), (2, 4, 1, 3, 5)}
M(AUB) = 
[[1, 4, 5, 3, 2], [1, 5, 3, 4, 2], [1, 5, 4, 3, 2], [4, 1, 5, 3, 2]]
Distance:39

(73)
A = 
{(1, 5, 3, 2, 4), (5, 3, 2, 4, 1), (2, 4, 1, 3, 5), (2, 4, 3, 5, 1), (1, 2, 3, 5, 4)}
M(A) = 
[[2, 4, 1, 3, 5], [2, 4, 1, 5, 3], [2, 4, 3, 1, 5], [2, 4, 3, 5, 1], [2, 4, 5, 1, 3], [2, 4, 5, 3, 1]]
Distance: 19
B = 
{(4, 1, 3, 2, 5), (2, 4, 5, 1, 3), (2, 3, 1, 4, 5), (4, 2, 5, 3, 1), (5, 4, 3, 1, 2)}
M(B) = 
[[2, 4, 1, 3, 5], [2, 4, 1, 5, 3], [2, 4, 3, 1, 5], [2, 4, 3, 5, 1], [2, 4, 5, 1, 3], [2, 4, 5, 3, 1]]
Distance: 16
M(A) inter A:
set()
M(B) inter B:
{(4, 2, 5, 3, 1)}

AUB = 
{(4, 1, 3, 2, 5), (2, 4, 5, 1, 3), (2, 3, 1, 4, 5), (5, 4, 3, 1, 2), (1, 2, 3, 5, 4), (1, 5, 3, 2, 4), (2, 4, 1, 3, 5), (5, 3, 2, 4, 1), (2, 4, 3, 5, 1), (4, 2, 5, 3, 1)}
M(AUB) = 
[[2, 4, 1, 3, 5], [2, 4, 1, 5, 3], [2, 4, 3, 1, 5], [2, 4, 3, 5, 1], [2, 4, 5, 1, 3], [2, 4, 5, 3, 1]]
Distance:40

(74)
A = 
{(1, 5, 3, 2, 4), (4, 5, 1, 3, 2), (2, 4, 3, 5, 1), (1, 3, 2, 5, 4), (5, 4, 3, 1, 2)}
M(A) = 
[[5, 4, 1, 3, 2]]
Distance: 19
B = 
{(5, 1, 3, 2, 4), (3, 5, 4, 2, 1), (1, 4, 3, 2, 5), (4, 1, 2, 5, 3), (2, 4, 3, 5, 1)}
M(B) = 
[[5, 4, 1, 3, 2]]
Distance: 21
M(A) inter A:
set()
M(B) inter B:
set()

AUB = 
{(3, 5, 4, 2, 1), (5, 4, 3, 1, 2), (1, 5, 3, 2, 4), (5, 1, 3, 2, 4), (4, 1, 2, 5, 3), (4, 5, 1, 3, 2), (2, 4, 3, 5, 1), (1, 3, 2, 5, 4), (1, 4, 3, 2, 5)}
M(AUB) = 
[[5, 4, 1, 3, 2]]
Distance:35

(75)
A = 
{(3, 1, 4, 2, 5), (2, 4, 1, 5, 3), (2, 5, 3, 4, 1), (5, 2, 3, 4, 1), (5, 4, 3, 1, 2)}
M(A) = 
[[2, 1, 5, 3, 4], [2, 3, 1, 5, 4], [2, 5, 3, 1, 4]]
Distance: 17
B = 
{(2, 3, 5, 1, 4), (2, 1, 4, 5, 3), (1, 4, 5, 2, 3), (1, 3, 5, 4, 2), (3, 2, 1, 5, 4)}
M(B) = 
[[2, 1, 5, 3, 4], [2, 3, 1, 5, 4], [2, 5, 3, 1, 4]]
Distance: 17
M(A) inter A:
set()
M(B) inter B:
set()

AUB = 
{(2, 4, 1, 5, 3), (2, 1, 4, 5, 3), (3, 2, 1, 5, 4), (5, 4, 3, 1, 2), (3, 1, 4, 2, 5), (1, 3, 5, 4, 2), (2, 3, 5, 1, 4), (1, 4, 5, 2, 3), (2, 5, 3, 4, 1), (5, 2, 3, 4, 1)}
M(AUB) = 
[[2, 1, 5, 3, 4], [2, 3, 1, 5, 4], [2, 5, 3, 1, 4]]
Distance:42

(76)
A = 
{(5, 1, 3, 2, 4), (4, 5, 1, 2, 3), (5, 4, 2, 3, 1), (5, 2, 3, 1, 4), (5, 1, 4, 3, 2)}
M(A) = 
[[4, 5, 1, 2, 3], [4, 5, 2, 1, 3], [5, 1, 2, 3, 4], [5, 1, 2, 4, 3], [5, 1, 4, 2, 3], [5, 2, 1, 3, 4], [5, 2, 1, 4, 3], [5, 2, 4, 1, 3], [5, 4, 1, 2, 3], [5, 4, 2, 1, 3]]
Distance: 13
B = 
{(2, 3, 4, 5, 1), (1, 2, 3, 4, 5), (5, 3, 1, 2, 4), (4, 2, 1, 5, 3), (4, 2, 5, 1, 3)}
M(B) = 
[[4, 5, 1, 2, 3], [4, 5, 2, 1, 3], [5, 1, 2, 3, 4], [5, 1, 2, 4, 3], [5, 1, 4, 2, 3], [5, 2, 1, 3, 4], [5, 2, 1, 4, 3], [5, 2, 4, 1, 3], [5, 4, 1, 2, 3], [5, 4, 2, 1, 3]]
Distance: 18
M(A) inter A:
set()
M(B) inter B:
set()

AUB = 
{(4, 5, 1, 2, 3), (4, 2, 1, 5, 3), (5, 2, 3, 1, 4), (1, 2, 3, 4, 5), (5, 1, 3, 2, 4), (5, 1, 4, 3, 2), (2, 3, 4, 5, 1), (4, 2, 5, 1, 3), (5, 4, 2, 3, 1), (5, 3, 1, 2, 4)}
M(AUB) = 
[[4, 5, 1, 2, 3], [4, 5, 2, 1, 3], [5, 1, 2, 3, 4], [5, 1, 2, 4, 3], [5, 1, 4, 2, 3], [5, 2, 1, 3, 4], [5, 2, 1, 4, 3], [5, 2, 4, 1, 3], [5, 4, 1, 2, 3], [5, 4, 2, 1, 3]]
Distance:40

(77)
A = 
{(4, 5, 3, 2, 1), (3, 1, 5, 2, 4), (3, 1, 4, 5, 2), (1, 3, 5, 2, 4), (3, 4, 1, 5, 2)}
M(A) = 
[[3, 1, 4, 5, 2], [3, 4, 1, 5, 2]]
Distance: 11
B = 
{(4, 3, 2, 1, 5), (4, 1, 3, 5, 2), (3, 1, 4, 5, 2), (4, 5, 3, 2, 1), (5, 1, 3, 2, 4)}
M(B) = 
[[3, 1, 4, 5, 2], [3, 4, 1, 5, 2]]
Distance: 15
M(A) inter A:
set()
M(B) inter B:
set()

AUB = 
{(3, 1, 5, 2, 4), (3, 4, 1, 5, 2), (4, 1, 3, 5, 2), (5, 1, 3, 2, 4), (4, 3, 2, 1, 5), (3, 1, 4, 5, 2), (4, 5, 3, 2, 1), (1, 3, 5, 2, 4)}
M(AUB) = 
[[3, 1, 4, 5, 2], [3, 4, 1, 5, 2]]
Distance:23

(78)
A = 
{(4, 5, 1, 2, 3), (1, 5, 2, 4, 3), (3, 4, 5, 2, 1), (4, 3, 1, 5, 2), (3, 4, 2, 1, 5)}
M(A) = 
[[4, 1, 5, 2, 3], [4, 1, 5, 3, 2], [4, 5, 1, 2, 3], [4, 5, 1, 3, 2]]
Distance: 16
B = 
{(4, 1, 3, 2, 5), (5, 1, 2, 3, 4), (2, 4, 1, 5, 3), (5, 3, 4, 1, 2), (4, 2, 5, 1, 3)}
M(B) = 
[[4, 1, 5, 2, 3], [4, 1, 5, 3, 2], [4, 5, 1, 2, 3], [4, 5, 1, 3, 2]]
Distance: 18
M(A) inter A:
{(4, 5, 1, 2, 3)}
M(B) inter B:
{(4, 2, 5, 1, 3)}

AUB = 
{(4, 1, 3, 2, 5), (5, 1, 2, 3, 4), (2, 4, 1, 5, 3), (4, 3, 1, 5, 2), (4, 2, 5, 1, 3), (3, 4, 2, 1, 5), (5, 3, 4, 1, 2), (4, 5, 1, 2, 3), (1, 5, 2, 4, 3), (3, 4, 5, 2, 1)}
M(AUB) = 
[[4, 1, 5, 2, 3], [4, 1, 5, 3, 2], [4, 5, 1, 2, 3], [4, 5, 1, 3, 2]]
Distance:38

(79)
A = 
{(2, 3, 5, 1, 4), (3, 5, 4, 1, 2), (1, 3, 5, 4, 2), (5, 3, 1, 4, 2), (4, 5, 2, 1, 3)}
M(A) = 
[[3, 5, 2, 1, 4], [5, 3, 2, 1, 4]]
Distance: 15
B = 
{(2, 3, 5, 1, 4), (5, 3, 2, 1, 4), (2, 4, 1, 5, 3), (3, 5, 4, 1, 2), (3, 2, 1, 5, 4)}
M(B) = 
[[3, 5, 2, 1, 4], [5, 3, 2, 1, 4]]
Distance: 15
M(A) inter A:
set()
M(B) inter B:
set()

AUB = 
{(4, 5, 2, 1, 3), (2, 4, 1, 5, 3), (3, 2, 1, 5, 4), (3, 5, 4, 1, 2), (1, 3, 5, 4, 2), (2, 3, 5, 1, 4), (5, 3, 1, 4, 2), (5, 3, 2, 1, 4)}
M(AUB) = 
[[3, 5, 2, 1, 4], [5, 3, 2, 1, 4]]
Distance:30

(80)
A = 
{(2, 1, 5, 3, 4), (2, 5, 3, 1, 4), (5, 2, 4, 3, 1), (3, 5, 1, 4, 2), (1, 2, 5, 3, 4)}
M(A) = 
[[1, 5, 2, 3, 4], [5, 1, 2, 3, 4]]
Distance: 13
B = 
{(1, 5, 4, 3, 2), (5, 3, 2, 4, 1), (1, 2, 3, 4, 5), (3, 1, 4, 5, 2), (5, 4, 1, 2, 3)}
M(B) = 
[[1, 5, 2, 3, 4], [5, 1, 2, 3, 4]]
Distance: 18
M(A) inter A:
set()
M(B) inter B:
set()

AUB = 
{(5, 3, 2, 4, 1), (5, 4, 1, 2, 3), (1, 2, 5, 3, 4), (2, 1, 5, 3, 4), (1, 2, 3, 4, 5), (3, 5, 1, 4, 2), (2, 5, 3, 1, 4), (1, 5, 4, 3, 2), (3, 1, 4, 5, 2), (5, 2, 4, 3, 1)}
M(AUB) = 
[[1, 5, 2, 3, 4], [5, 1, 2, 3, 4]]
Distance:37

(81)
A = 
{(2, 4, 3, 1, 5), (3, 4, 2, 1, 5), (2, 1, 4, 5, 3), (5, 2, 3, 4, 1), (3, 2, 1, 5, 4)}
M(A) = 
[[2, 3, 1, 5, 4]]
Distance: 14
B = 
{(1, 3, 2, 5, 4), (2, 5, 3, 4, 1), (1, 2, 4, 3, 5), (5, 3, 1, 2, 4), (2, 5, 1, 4, 3)}
M(B) = 
[[2, 3, 1, 5, 4]]
Distance: 16
M(A) inter A:
set()
M(B) inter B:
set()

AUB = 
{(2, 1, 4, 5, 3), (3, 2, 1, 5, 4), (5, 3, 1, 2, 4), (2, 4, 3, 1, 5), (2, 5, 1, 4, 3), (1, 2, 4, 3, 5), (2, 5, 3, 4, 1), (5, 2, 3, 4, 1), (1, 3, 2, 5, 4), (3, 4, 2, 1, 5)}
M(AUB) = 
[[2, 3, 1, 5, 4]]
Distance:35

(82)
A = 
{(4, 3, 2, 5, 1), (1, 3, 2, 4, 5), (2, 4, 1, 5, 3), (5, 3, 1, 4, 2), (4, 3, 1, 5, 2)}
M(A) = 
[[3, 1, 2, 4, 5], [3, 2, 1, 4, 5], [3, 2, 4, 1, 5], [3, 2, 4, 5, 1]]
Distance: 18
B = 
{(3, 1, 2, 4, 5), (2, 3, 1, 5, 4), (3, 4, 2, 5, 1), (5, 1, 2, 4, 3), (3, 2, 4, 5, 1)}
M(B) = 
[[3, 1, 2, 4, 5], [3, 2, 1, 4, 5], [3, 2, 4, 1, 5], [3, 2, 4, 5, 1]]
Distance: 16
M(A) inter A:
set()
M(B) inter B:
{(3, 2, 4, 5, 1)}

AUB = 
{(1, 3, 2, 4, 5), (2, 4, 1, 5, 3), (4, 3, 1, 5, 2), (4, 3, 2, 5, 1), (5, 1, 2, 4, 3), (5, 3, 1, 4, 2), (2, 3, 1, 5, 4), (3, 1, 2, 4, 5), (3, 4, 2, 5, 1), (3, 2, 4, 5, 1)}
M(AUB) = 
[[3, 1, 2, 4, 5], [3, 2, 1, 4, 5], [3, 2, 4, 1, 5], [3, 2, 4, 5, 1]]
Distance:38

(83)
A = 
{(3, 4, 1, 2, 5), (2, 4, 3, 5, 1), (5, 4, 1, 2, 3), (1, 3, 5, 2, 4), (3, 4, 2, 5, 1)}
M(A) = 
[[2, 3, 5, 4, 1], [2, 5, 3, 4, 1], [3, 2, 5, 4, 1]]
Distance: 19
B = 
{(5, 1, 3, 2, 4), (2, 5, 4, 1, 3), (1, 2, 5, 4, 3), (2, 3, 4, 5, 1), (5, 3, 1, 4, 2)}
M(B) = 
[[2, 3, 5, 4, 1], [2, 5, 3, 4, 1], [3, 2, 5, 4, 1]]
Distance: 17
M(A) inter A:
set()
M(B) inter B:
set()

AUB = 
{(5, 4, 1, 2, 3), (5, 3, 1, 4, 2), (3, 4, 1, 2, 5), (2, 5, 4, 1, 3), (1, 2, 5, 4, 3), (5, 1, 3, 2, 4), (2, 3, 4, 5, 1), (3, 4, 2, 5, 1), (1, 3, 5, 2, 4), (2, 4, 3, 5, 1)}
M(AUB) = 
[[2, 3, 5, 4, 1], [2, 5, 3, 4, 1], [3, 2, 5, 4, 1]]
Distance:44

(84)
A = 
{(5, 3, 2, 4, 1), (4, 5, 1, 3, 2), (3, 2, 4, 1, 5), (2, 1, 4, 3, 5), (3, 2, 5, 4, 1)}
M(A) = 
[[2, 4, 3, 5, 1], [3, 2, 4, 5, 1]]
Distance: 16
B = 
{(3, 5, 2, 4, 1), (5, 3, 2, 4, 1), (2, 4, 3, 1, 5), (2, 1, 4, 5, 3), (5, 2, 4, 1, 3)}
M(B) = 
[[2, 4, 3, 5, 1], [3, 2, 4, 5, 1]]
Distance: 15
M(A) inter A:
set()
M(B) inter B:
set()

AUB = 
{(3, 5, 2, 4, 1), (5, 2, 4, 1, 3), (2, 1, 4, 5, 3), (3, 2, 4, 1, 5), (5, 3, 2, 4, 1), (4, 5, 1, 3, 2), (3, 2, 5, 4, 1), (2, 1, 4, 3, 5), (2, 4, 3, 1, 5)}
M(AUB) = 
[[2, 4, 3, 5, 1], [3, 2, 4, 5, 1]]
Distance:33

(85)
A = 
{(5, 1, 3, 2, 4), (4, 1, 5, 3, 2), (5, 1, 4, 2, 3), (4, 5, 2, 3, 1), (4, 2, 1, 3, 5)}
M(A) = 
[[1, 4, 2, 3, 5], [1, 4, 3, 2, 5], [1, 4, 3, 5, 2]]
Distance: 15
B = 
{(3, 1, 2, 4, 5), (2, 1, 3, 4, 5), (3, 4, 2, 1, 5), (2, 1, 4, 3, 5), (1, 4, 3, 5, 2)}
M(B) = 
[[1, 4, 2, 3, 5], [1, 4, 3, 2, 5], [1, 4, 3, 5, 2]]
Distance: 13
M(A) inter A:
set()
M(B) inter B:
{(2, 1, 3, 4, 5)}

AUB = 
{(3, 1, 2, 4, 5), (4, 1, 5, 3, 2), (3, 4, 2, 1, 5), (5, 1, 4, 2, 3), (4, 2, 1, 3, 5), (5, 1, 3, 2, 4), (1, 4, 3, 5, 2), (4, 5, 2, 3, 1), (2, 1, 4, 3, 5), (2, 1, 3, 4, 5)}
M(AUB) = 
[[1, 4, 2, 3, 5], [1, 4, 3, 2, 5], [1, 4, 3, 5, 2]]
Distance:39

(86)
A = 
{(1, 4, 5, 3, 2), (1, 4, 2, 3, 5), (4, 3, 5, 1, 2), (5, 4, 2, 1, 3), (3, 2, 1, 5, 4)}
M(A) = 
[[1, 5, 4, 3, 2]]
Distance: 18
B = 
{(4, 5, 3, 2, 1), (1, 5, 4, 3, 2), (1, 5, 3, 2, 4), (1, 5, 4, 2, 3), (1, 2, 5, 3, 4)}
M(B) = 
[[1, 5, 4, 3, 2]]
Distance: 12
M(A) inter A:
set()
M(B) inter B:
{(1, 5, 4, 3, 2)}

AUB = 
{(5, 4, 2, 1, 3), (4, 3, 5, 1, 2), (1, 2, 5, 3, 4), (3, 2, 1, 5, 4), (1, 5, 4, 3, 2), (1, 5, 3, 2, 4), (1, 4, 5, 3, 2), (4, 5, 3, 2, 1), (1, 5, 4, 2, 3), (1, 4, 2, 3, 5)}
M(AUB) = 
[[1, 5, 4, 3, 2]]
Distance:32

(87)
A = 
{(1, 3, 2, 4, 5), (2, 3, 4, 5, 1), (5, 4, 2, 1, 3), (5, 3, 2, 4, 1), (3, 1, 5, 4, 2)}
M(A) = 
[[2, 3, 4, 5, 1]]
Distance: 19
B = 
{(2, 5, 1, 4, 3), (5, 4, 2, 1, 3), (2, 3, 4, 1, 5), (3, 4, 2, 5, 1), (1, 4, 2, 3, 5)}
M(B) = 
[[2, 3, 4, 5, 1]]
Distance: 18
M(A) inter A:
set()
M(B) inter B:
set()

AUB = 
{(1, 3, 2, 4, 5), (5, 4, 2, 1, 3), (2, 3, 4, 1, 5), (2, 5, 1, 4, 3), (5, 3, 2, 4, 1), (2, 3, 4, 5, 1), (3, 1, 5, 4, 2), (3, 4, 2, 5, 1), (1, 4, 2, 3, 5)}
M(AUB) = 
[[2, 3, 4, 5, 1]]
Distance:36

(88)
A = 
{(4, 1, 2, 3, 5), (5, 4, 2, 1, 3), (3, 2, 5, 4, 1), (3, 2, 5, 1, 4), (5, 4, 2, 3, 1)}
M(A) = 
[[3, 5, 4, 2, 1]]
Distance: 18
B = 
{(3, 5, 2, 1, 4), (3, 2, 5, 4, 1), (1, 5, 4, 2, 3), (3, 2, 4, 1, 5), (3, 4, 1, 5, 2)}
M(B) = 
[[3, 5, 4, 2, 1]]
Distance: 17
M(A) inter A:
set()
M(B) inter B:
set()

AUB = 
{(4, 1, 2, 3, 5), (5, 4, 2, 1, 3), (1, 5, 4, 2, 3), (3, 4, 1, 5, 2), (3, 2, 5, 1, 4), (3, 2, 4, 1, 5), (3, 2, 5, 4, 1), (3, 5, 2, 1, 4), (5, 4, 2, 3, 1)}
M(AUB) = 
[[3, 5, 4, 2, 1]]
Distance:35

(89)
A = 
{(4, 5, 3, 2, 1), (1, 5, 4, 3, 2), (5, 4, 2, 3, 1), (3, 5, 1, 4, 2), (1, 4, 3, 5, 2)}
M(A) = 
[[3, 1, 4, 5, 2], [3, 1, 5, 4, 2]]
Distance: 15
B = 
{(1, 3, 2, 4, 5), (2, 1, 3, 4, 5), (5, 4, 3, 2, 1), (2, 3, 4, 1, 5), (3, 1, 5, 2, 4)}
M(B) = 
[[3, 1, 4, 5, 2], [3, 1, 5, 4, 2]]
Distance: 16
M(A) inter A:
set()
M(B) inter B:
set()

AUB = 
{(1, 3, 2, 4, 5), (2, 3, 4, 1, 5), (1, 5, 4, 3, 2), (3, 5, 1, 4, 2), (1, 4, 3, 5, 2), (4, 5, 3, 2, 1), (3, 1, 5, 2, 4), (5, 4, 2, 3, 1), (2, 1, 3, 4, 5), (5, 4, 3, 2, 1)}
M(AUB) = 
[[3, 1, 4, 5, 2], [3, 1, 5, 4, 2]]
Distance:41

(90)
A = 
{(4, 2, 5, 3, 1), (2, 4, 1, 3, 5), (3, 5, 1, 4, 2), (3, 2, 1, 5, 4), (4, 2, 3, 5, 1)}
M(A) = 
[[3, 1, 4, 2, 5], [3, 2, 1, 4, 5], [3, 4, 2, 1, 5]]
Distance: 16
B = 
{(1, 3, 4, 2, 5), (2, 3, 1, 4, 5), (3, 2, 5, 4, 1), (3, 1, 5, 4, 2), (1, 4, 3, 2, 5)}
M(B) = 
[[3, 1, 4, 2, 5], [3, 2, 1, 4, 5], [3, 4, 2, 1, 5]]
Distance: 13
M(A) inter A:
set()
M(B) inter B:
set()

AUB = 
{(1, 3, 4, 2, 5), (2, 3, 1, 4, 5), (3, 2, 1, 5, 4), (2, 4, 1, 3, 5), (3, 5, 1, 4, 2), (3, 1, 5, 4, 2), (4, 2, 5, 3, 1), (3, 2, 5, 4, 1), (1, 4, 3, 2, 5), (4, 2, 3, 5, 1)}
M(AUB) = 
[[3, 1, 4, 2, 5], [3, 2, 1, 4, 5], [3, 4, 2, 1, 5]]
Distance:36

(91)
A = 
{(1, 5, 2, 3, 4), (5, 1, 2, 3, 4), (3, 4, 1, 2, 5), (5, 2, 3, 1, 4), (4, 5, 1, 2, 3)}
M(A) = 
[[5, 1, 2, 3, 4]]
Distance: 15
B = 
{(4, 3, 2, 1, 5), (4, 5, 2, 1, 3), (5, 2, 3, 4, 1), (1, 5, 3, 2, 4), (5, 2, 3, 1, 4)}
M(B) = 
[[5, 1, 2, 3, 4]]
Distance: 17
M(A) inter A:
set()
M(B) inter B:
{(5, 2, 3, 4, 1)}

AUB = 
{(4, 5, 1, 2, 3), (5, 2, 3, 1, 4), (1, 5, 2, 3, 4), (3, 4, 1, 2, 5), (4, 5, 2, 1, 3), (5, 1, 2, 3, 4), (1, 5, 3, 2, 4), (4, 3, 2, 1, 5), (5, 2, 3, 4, 1)}
M(AUB) = 
[[5, 1, 2, 3, 4]]
Distance:35

(92)
A = 
{(4, 3, 5, 1, 2), (1, 4, 3, 2, 5), (2, 1, 4, 5, 3), (5, 2, 1, 3, 4), (1, 4, 5, 3, 2)}
M(A) = 
[[1, 2, 4, 3, 5], [1, 2, 4, 5, 3], [1, 4, 2, 3, 5], [1, 4, 2, 5, 3], [1, 4, 3, 2, 5], [2, 1, 4, 3, 5], [2, 1, 4, 5, 3]]
Distance: 16
B = 
{(3, 1, 2, 4, 5), (1, 3, 4, 2, 5), (5, 2, 4, 1, 3), (2, 3, 4, 5, 1), (4, 2, 5, 3, 1)}
M(B) = 
[[1, 2, 4, 3, 5], [1, 2, 4, 5, 3], [1, 4, 2, 3, 5], [1, 4, 2, 5, 3], [1, 4, 3, 2, 5], [2, 1, 4, 3, 5], [2, 1, 4, 5, 3]]
Distance: 18
M(A) inter A:
set()
M(B) inter B:
{(2, 3, 4, 5, 1)}

AUB = 
{(1, 3, 4, 2, 5), (5, 2, 4, 1, 3), (2, 1, 4, 5, 3), (5, 2, 1, 3, 4), (3, 1, 2, 4, 5), (2, 3, 4, 5, 1), (1, 4, 5, 3, 2), (4, 3, 5, 1, 2), (1, 4, 3, 2, 5), (4, 2, 5, 3, 1)}
M(AUB) = 
[[1, 2, 4, 3, 5], [1, 2, 4, 5, 3], [1, 4, 2, 3, 5], [1, 4, 2, 5, 3], [1, 4, 3, 2, 5], [2, 1, 4, 3, 5], [2, 1, 4, 5, 3]]
Distance:43

(93)
A = 
{(3, 1, 5, 2, 4), (1, 2, 5, 4, 3), (4, 3, 1, 5, 2), (4, 2, 1, 3, 5), (4, 2, 3, 5, 1)}
M(A) = 
[[4, 3, 1, 5, 2], [4, 3, 2, 1, 5], [4, 3, 5, 2, 1]]
Distance: 18
B = 
{(2, 1, 5, 3, 4), (3, 5, 2, 1, 4), (3, 4, 5, 2, 1), (4, 1, 5, 3, 2), (5, 4, 3, 2, 1)}
M(B) = 
[[4, 3, 1, 5, 2], [4, 3, 2, 1, 5], [4, 3, 5, 2, 1]]
Distance: 17
M(A) inter A:
set()
M(B) inter B:
set()

AUB = 
{(1, 2, 5, 4, 3), (4, 3, 1, 5, 2), (2, 1, 5, 3, 4), (4, 1, 5, 3, 2), (4, 2, 1, 3, 5), (3, 1, 5, 2, 4), (3, 4, 5, 2, 1), (3, 5, 2, 1, 4), (5, 4, 3, 2, 1), (4, 2, 3, 5, 1)}
M(AUB) = 
[[4, 3, 1, 5, 2], [4, 3, 2, 1, 5], [4, 3, 5, 2, 1]]
Distance:43

(94)
A = 
{(5, 1, 3, 4, 2), (3, 5, 2, 1, 4), (5, 2, 4, 1, 3), (1, 3, 5, 4, 2), (4, 2, 5, 1, 3)}
M(A) = 
[[5, 1, 3, 4, 2]]
Distance: 17
B = 
{(1, 5, 3, 2, 4), (5, 1, 3, 2, 4), (5, 2, 4, 1, 3), (4, 5, 2, 3, 1), (3, 5, 4, 2, 1)}
M(B) = 
[[5, 1, 3, 4, 2]]
Distance: 16
M(A) inter A:
set()
M(B) inter B:
set()

AUB = 
{(5, 1, 3, 2, 4), (5, 2, 4, 1, 3), (4, 2, 5, 1, 3), (3, 5, 4, 2, 1), (1, 5, 3, 2, 4), (1, 3, 5, 4, 2), (5, 1, 3, 4, 2), (4, 5, 2, 3, 1), (3, 5, 2, 1, 4)}
M(AUB) = 
[[5, 1, 3, 4, 2]]
Distance:30

(95)
A = 
{(4, 1, 2, 3, 5), (3, 2, 4, 1, 5), (2, 5, 4, 1, 3), (1, 4, 3, 5, 2), (4, 2, 5, 3, 1)}
M(A) = 
[[4, 2, 3, 1, 5]]
Distance: 16
B = 
{(2, 3, 1, 4, 5), (2, 4, 3, 1, 5), (5, 1, 4, 2, 3), (4, 2, 3, 5, 1), (4, 2, 5, 3, 1)}
M(B) = 
[[4, 2, 3, 1, 5]]
Distance: 13
M(A) inter A:
set()
M(B) inter B:
{(4, 2, 3, 5, 1)}

AUB = 
{(4, 1, 2, 3, 5), (2, 3, 1, 4, 5), (5, 1, 4, 2, 3), (3, 2, 4, 1, 5), (2, 5, 4, 1, 3), (4, 2, 3, 5, 1), (1, 4, 3, 5, 2), (2, 4, 3, 1, 5), (4, 2, 5, 3, 1)}
M(AUB) = 
[[4, 2, 3, 1, 5]]
Distance:29

(96)
A = 
{(4, 3, 2, 1, 5), (1, 2, 3, 4, 5), (3, 5, 1, 2, 4), (5, 4, 2, 1, 3), (3, 2, 5, 4, 1)}
M(A) = 
[[2, 4, 3, 5, 1], [2, 5, 1, 4, 3], [2, 5, 4, 1, 3], [2, 5, 4, 3, 1]]
Distance: 19
B = 
{(2, 5, 1, 4, 3), (2, 4, 3, 5, 1), (2, 5, 4, 3, 1), (1, 4, 3, 5, 2), (1, 5, 2, 4, 3)}
M(B) = 
[[2, 4, 3, 5, 1], [2, 5, 1, 4, 3], [2, 5, 4, 1, 3], [2, 5, 4, 3, 1]]
Distance: 16
M(A) inter A:
set()
M(B) inter B:
{(2, 5, 1, 4, 3)}

AUB = 
{(5, 4, 2, 1, 3), (1, 5, 2, 4, 3), (1, 2, 3, 4, 5), (2, 5, 1, 4, 3), (2, 5, 4, 3, 1), (1, 4, 3, 5, 2), (4, 3, 2, 1, 5), (3, 2, 5, 4, 1), (3, 5, 1, 2, 4), (2, 4, 3, 5, 1)}
M(AUB) = 
[[2, 4, 3, 5, 1], [2, 5, 1, 4, 3], [2, 5, 4, 1, 3], [2, 5, 4, 3, 1]]
Distance:42

(97)
A = 
{(5, 1, 2, 3, 4), (1, 3, 5, 2, 4), (1, 4, 3, 2, 5), (3, 5, 1, 2, 4), (4, 3, 5, 2, 1)}
M(A) = 
[[3, 5, 1, 2, 4]]
Distance: 16
B = 
{(2, 5, 1, 3, 4), (3, 5, 2, 1, 4), (1, 4, 2, 3, 5), (2, 3, 5, 4, 1), (5, 4, 3, 1, 2)}
M(B) = 
[[3, 5, 1, 2, 4]]
Distance: 18
M(A) inter A:
set()
M(B) inter B:
set()

AUB = 
{(2, 5, 1, 3, 4), (5, 4, 3, 1, 2), (4, 3, 5, 2, 1), (1, 3, 5, 2, 4), (3, 5, 2, 1, 4), (5, 1, 2, 3, 4), (2, 3, 5, 4, 1), (1, 4, 3, 2, 5), (3, 5, 1, 2, 4), (1, 4, 2, 3, 5)}
M(AUB) = 
[[3, 5, 1, 2, 4]]
Distance:37

(98)
A = 
{(4, 5, 2, 1, 3), (2, 3, 4, 1, 5), (1, 3, 5, 2, 4), (1, 2, 5, 3, 4), (1, 2, 3, 5, 4)}
M(A) = 
[[1, 2, 3, 4, 5], [2, 1, 3, 4, 5]]
Distance: 15
B = 
{(3, 5, 2, 4, 1), (2, 4, 1, 3, 5), (1, 2, 3, 4, 5), (1, 4, 5, 2, 3), (4, 2, 5, 1, 3)}
M(B) = 
[[1, 2, 3, 4, 5], [2, 1, 3, 4, 5]]
Distance: 17
M(A) inter A:
set()
M(B) inter B:
{(2, 4, 1, 3, 5)}

AUB = 
{(3, 5, 2, 4, 1), (2, 3, 4, 1, 5), (1, 2, 5, 3, 4), (1, 2, 3, 5, 4), (2, 4, 1, 3, 5), (4, 5, 2, 1, 3), (1, 4, 5, 2, 3), (4, 2, 5, 1, 3), (1, 3, 5, 2, 4), (1, 2, 3, 4, 5)}
M(AUB) = 
[[1, 2, 3, 4, 5], [2, 1, 3, 4, 5]]
Distance:36

(99)
A = 
{(2, 3, 1, 5, 4), (1, 3, 4, 5, 2), (5, 2, 4, 1, 3), (2, 5, 3, 4, 1), (3, 4, 1, 5, 2)}
M(A) = 
[[5, 2, 3, 4, 1]]
Distance: 21
B = 
{(4, 3, 1, 2, 5), (1, 3, 4, 5, 2), (5, 4, 2, 3, 1), (5, 3, 2, 1, 4), (1, 2, 5, 3, 4)}
M(B) = 
[[5, 2, 3, 4, 1]]
Distance: 21
M(A) inter A:
set()
M(B) inter B:
set()

AUB = 
{(5, 2, 4, 1, 3), (1, 2, 5, 3, 4), (3, 4, 1, 5, 2), (1, 3, 4, 5, 2), (2, 3, 1, 5, 4), (2, 5, 3, 4, 1), (4, 3, 1, 2, 5), (5, 4, 2, 3, 1), (5, 3, 2, 1, 4)}
M(AUB) = 
[[5, 2, 3, 4, 1]]
Distance:38

