(0)
A = 
{(3, 4, 5, 6, 2, 1), (2, 6, 5, 4, 1, 3), (5, 4, 1, 6, 3, 2), (5, 3, 4, 2, 6, 1), (5, 4, 1, 2, 3, 6)}
M(A) = 
[[5, 4, 1, 3, 2, 6]]
Distance: 21
B = 
{(1, 3, 5, 2, 4, 6), (5, 1, 3, 2, 6, 4), (3, 1, 6, 2, 4, 5), (4, 2, 1, 5, 3, 6), (5, 2, 6, 4, 1, 3)}
M(B) = 
[[5, 4, 1, 3, 2, 6]]
Distance: 24
M(A) inter A:
set()
M(B) inter B:
set()

AUB = 
{(2, 6, 5, 4, 1, 3), (3, 4, 5, 6, 2, 1), (5, 4, 1, 2, 3, 6), (1, 3, 5, 2, 4, 6), (5, 4, 1, 6, 3, 2), (5, 3, 4, 2, 6, 1), (3, 1, 6, 2, 4, 5), (4, 2, 1, 5, 3, 6), (5, 1, 3, 2, 6, 4), (5, 2, 6, 4, 1, 3)}
M(AUB) = 
[[5, 4, 1, 3, 2, 6]]
Distance:53

(1)
A = 
{(2, 1, 4, 5, 3, 6), (3, 1, 2, 4, 5, 6), (5, 1, 2, 4, 6, 3), (6, 5, 1, 2, 4, 3), (5, 1, 6, 4, 3, 2)}
M(A) = 
[[1, 6, 2, 4, 5, 3], [1, 6, 4, 2, 5, 3], [6, 1, 2, 4, 5, 3], [6, 1, 4, 2, 5, 3]]
Distance: 21
B = 
{(1, 5, 4, 3, 2, 6), (6, 3, 2, 4, 5, 1), (6, 4, 2, 3, 5, 1), (3, 6, 4, 2, 1, 5), (6, 4, 1, 2, 5, 3)}
M(B) = 
[[1, 6, 2, 4, 5, 3], [1, 6, 4, 2, 5, 3], [6, 1, 2, 4, 5, 3], [6, 1, 4, 2, 5, 3]]
Distance: 22
M(A) inter A:
set()
M(B) inter B:
set()

AUB = 
{(6, 5, 1, 2, 4, 3), (5, 1, 2, 4, 6, 3), (6, 4, 1, 2, 5, 3), (3, 1, 2, 4, 5, 6), (3, 6, 4, 2, 1, 5), (1, 5, 4, 3, 2, 6), (2, 1, 4, 5, 3, 6), (6, 4, 2, 3, 5, 1), (6, 3, 2, 4, 5, 1), (5, 1, 6, 4, 3, 2)}
M(AUB) = 
[[1, 6, 2, 4, 5, 3], [1, 6, 4, 2, 5, 3], [6, 1, 2, 4, 5, 3], [6, 1, 4, 2, 5, 3]]
Distance:64

(2)
A = 
{(6, 1, 5, 4, 3, 2), (2, 5, 4, 1, 3, 6), (5, 3, 6, 4, 1, 2), (2, 3, 6, 1, 5, 4), (6, 1, 4, 3, 2, 5)}
M(A) = 
[[4, 3, 6, 1, 2, 5], [4, 3, 6, 1, 5, 2], [4, 6, 1, 3, 2, 5], [4, 6, 1, 3, 5, 2], [4, 6, 1, 5, 3, 2], [4, 6, 3, 1, 2, 5], [4, 6, 3, 1, 5, 2], [6, 4, 1, 3, 2, 5], [6, 4, 1, 3, 5, 2], [6, 4, 1, 5, 3, 2], [6, 4, 3, 1, 2, 5], [6, 4, 3, 1, 5, 2]]
Distance: 29
B = 
{(4, 5, 3, 6, 1, 2), (4, 6, 3, 1, 5, 2), (2, 3, 4, 5, 6, 1), (4, 1, 6, 3, 2, 5), (1, 5, 6, 4, 3, 2)}
M(B) = 
[[4, 3, 6, 1, 2, 5], [4, 3, 6, 1, 5, 2], [4, 6, 1, 3, 2, 5], [4, 6, 1, 3, 5, 2], [4, 6, 1, 5, 3, 2], [4, 6, 3, 1, 2, 5], [4, 6, 3, 1, 5, 2], [6, 4, 1, 3, 2, 5], [6, 4, 1, 3, 5, 2], [6, 4, 1, 5, 3, 2], [6, 4, 3, 1, 2, 5], [6, 4, 3, 1, 5, 2]]
Distance: 23
M(A) inter A:
set()
M(B) inter B:
{(4, 6, 3, 1, 5, 2)}

AUB = 
{(4, 6, 3, 1, 5, 2), (6, 1, 4, 3, 2, 5), (4, 1, 6, 3, 2, 5), (6, 1, 5, 4, 3, 2), (2, 3, 6, 1, 5, 4), (2, 3, 4, 5, 6, 1), (2, 5, 4, 1, 3, 6), (1, 5, 6, 4, 3, 2), (4, 5, 3, 6, 1, 2), (5, 3, 6, 4, 1, 2)}
M(AUB) = 
[[4, 3, 6, 1, 2, 5], [4, 3, 6, 1, 5, 2], [4, 6, 1, 3, 2, 5], [4, 6, 1, 3, 5, 2], [4, 6, 1, 5, 3, 2], [4, 6, 3, 1, 2, 5], [4, 6, 3, 1, 5, 2], [6, 4, 1, 3, 2, 5], [6, 4, 1, 3, 5, 2], [6, 4, 1, 5, 3, 2], [6, 4, 3, 1, 2, 5], [6, 4, 3, 1, 5, 2]]
Distance:61

(3)
A = 
{(6, 2, 3, 4, 5, 1), (5, 6, 4, 1, 2, 3), (6, 2, 4, 5, 1, 3), (3, 5, 4, 1, 6, 2), (6, 4, 5, 2, 1, 3)}
M(A) = 
[[3, 5, 4, 1, 6, 2], [5, 4, 1, 6, 2, 3]]
Distance: 20
B = 
{(5, 4, 3, 1, 2, 6), (2, 3, 5, 4, 1, 6), (1, 2, 3, 5, 4, 6), (4, 1, 6, 3, 5, 2), (3, 1, 5, 4, 6, 2)}
M(B) = 
[[3, 5, 4, 1, 6, 2], [5, 4, 1, 6, 2, 3]]
Distance: 22
M(A) inter A:
set()
M(B) inter B:
set()

AUB = 
{(3, 1, 5, 4, 6, 2), (6, 2, 3, 4, 5, 1), (2, 3, 5, 4, 1, 6), (3, 5, 4, 1, 6, 2), (5, 4, 3, 1, 2, 6), (1, 2, 3, 5, 4, 6), (5, 6, 4, 1, 2, 3), (6, 2, 4, 5, 1, 3), (4, 1, 6, 3, 5, 2), (6, 4, 5, 2, 1, 3)}
M(AUB) = 
[[3, 5, 4, 1, 6, 2], [5, 4, 1, 6, 2, 3]]
Distance:61

(4)
A = 
{(4, 5, 6, 2, 3, 1), (5, 1, 6, 2, 4, 3), (2, 5, 3, 6, 4, 1), (3, 1, 6, 5, 4, 2), (5, 1, 6, 2, 3, 4)}
M(A) = 
[[5, 2, 1, 3, 6, 4], [5, 2, 1, 6, 3, 4], [5, 2, 1, 6, 4, 3], [5, 2, 3, 1, 6, 4]]
Distance: 23
B = 
{(2, 4, 1, 3, 5, 6), (5, 2, 1, 4, 3, 6), (6, 3, 4, 2, 5, 1), (5, 2, 6, 3, 1, 4), (2, 5, 4, 1, 3, 6)}
M(B) = 
[[5, 2, 1, 3, 6, 4], [5, 2, 1, 6, 3, 4], [5, 2, 1, 6, 4, 3], [5, 2, 3, 1, 6, 4]]
Distance: 23
M(A) inter A:
set()
M(B) inter B:
{(2, 5, 4, 1, 3, 6)}

AUB = 
{(4, 5, 6, 2, 3, 1), (2, 5, 3, 6, 4, 1), (5, 2, 6, 3, 1, 4), (6, 3, 4, 2, 5, 1), (5, 1, 6, 2, 3, 4), (3, 1, 6, 5, 4, 2), (5, 2, 1, 4, 3, 6), (2, 5, 4, 1, 3, 6), (5, 1, 6, 2, 4, 3), (2, 4, 1, 3, 5, 6)}
M(AUB) = 
[[5, 2, 1, 3, 6, 4], [5, 2, 1, 6, 3, 4], [5, 2, 1, 6, 4, 3], [5, 2, 3, 1, 6, 4]]
Distance:55

(5)
A = 
{(6, 5, 2, 4, 1, 3), (5, 6, 4, 2, 1, 3), (3, 6, 5, 2, 4, 1), (3, 5, 2, 6, 1, 4), (2, 3, 6, 1, 4, 5)}
M(A) = 
[[3, 6, 5, 2, 4, 1]]
Distance: 21
B = 
{(4, 6, 3, 5, 1, 2), (5, 1, 3, 6, 2, 4), (4, 5, 3, 6, 2, 1), (2, 3, 6, 1, 4, 5), (3, 4, 6, 2, 5, 1)}
M(B) = 
[[3, 6, 5, 2, 4, 1]]
Distance: 23
M(A) inter A:
set()
M(B) inter B:
set()

AUB = 
{(5, 1, 3, 6, 2, 4), (5, 6, 4, 2, 1, 3), (3, 4, 6, 2, 5, 1), (6, 5, 2, 4, 1, 3), (4, 5, 3, 6, 2, 1), (4, 6, 3, 5, 1, 2), (3, 6, 5, 2, 4, 1), (3, 5, 2, 6, 1, 4), (2, 3, 6, 1, 4, 5)}
M(AUB) = 
[[3, 6, 5, 2, 4, 1]]
Distance:43

(6)
A = 
{(1, 3, 5, 4, 6, 2), (4, 2, 5, 3, 1, 6), (4, 1, 3, 2, 6, 5), (4, 3, 2, 5, 1, 6), (3, 6, 1, 4, 5, 2)}
M(A) = 
[[1, 3, 4, 2, 6, 5], [3, 1, 4, 2, 6, 5]]
Distance: 21
B = 
{(2, 1, 6, 4, 5, 3), (2, 6, 1, 3, 4, 5), (1, 2, 3, 6, 4, 5), (3, 1, 4, 6, 5, 2), (6, 3, 4, 5, 2, 1)}
M(B) = 
[[1, 3, 4, 2, 6, 5], [3, 1, 4, 2, 6, 5]]
Distance: 21
M(A) inter A:
set()
M(B) inter B:
set()

AUB = 
{(3, 1, 4, 6, 5, 2), (3, 6, 1, 4, 5, 2), (1, 3, 5, 4, 6, 2), (1, 2, 3, 6, 4, 5), (2, 1, 6, 4, 5, 3), (4, 1, 3, 2, 6, 5), (4, 2, 5, 3, 1, 6), (2, 6, 1, 3, 4, 5), (4, 3, 2, 5, 1, 6), (6, 3, 4, 5, 2, 1)}
M(AUB) = 
[[1, 3, 4, 2, 6, 5], [3, 1, 4, 2, 6, 5]]
Distance:53

(7)
A = 
{(1, 3, 6, 2, 4, 5), (1, 5, 2, 6, 3, 4), (4, 3, 1, 2, 6, 5), (3, 6, 4, 5, 1, 2), (3, 4, 5, 2, 1, 6)}
M(A) = 
[[1, 3, 4, 5, 2, 6], [3, 4, 1, 5, 2, 6], [4, 1, 3, 5, 2, 6], [4, 1, 5, 3, 2, 6]]
Distance: 25
B = 
{(4, 1, 3, 6, 5, 2), (2, 1, 5, 6, 3, 4), (5, 3, 4, 2, 6, 1), (5, 1, 2, 4, 3, 6), (4, 1, 6, 5, 2, 3)}
M(B) = 
[[1, 3, 4, 5, 2, 6], [3, 4, 1, 5, 2, 6], [4, 1, 3, 5, 2, 6], [4, 1, 5, 3, 2, 6]]
Distance: 26
M(A) inter A:
set()
M(B) inter B:
set()

AUB = 
{(3, 6, 4, 5, 1, 2), (3, 4, 5, 2, 1, 6), (2, 1, 5, 6, 3, 4), (1, 3, 6, 2, 4, 5), (1, 5, 2, 6, 3, 4), (5, 3, 4, 2, 6, 1), (5, 1, 2, 4, 3, 6), (4, 1, 3, 6, 5, 2), (4, 3, 1, 2, 6, 5), (4, 1, 6, 5, 2, 3)}
M(AUB) = 
[[1, 3, 4, 5, 2, 6], [3, 4, 1, 5, 2, 6], [4, 1, 3, 5, 2, 6], [4, 1, 5, 3, 2, 6]]
Distance:59

(8)
A = 
{(5, 3, 1, 2, 4, 6), (3, 5, 2, 1, 4, 6), (6, 1, 3, 2, 4, 5), (1, 3, 2, 5, 6, 4), (2, 1, 5, 3, 4, 6)}
M(A) = 
[[1, 3, 2, 5, 4, 6]]
Distance: 18
B = 
{(5, 3, 1, 2, 4, 6), (2, 1, 3, 4, 5, 6), (1, 2, 4, 3, 6, 5), (1, 5, 6, 3, 4, 2), (6, 1, 2, 3, 4, 5)}
M(B) = 
[[1, 3, 2, 5, 4, 6]]
Distance: 22
M(A) inter A:
set()
M(B) inter B:
set()

AUB = 
{(5, 3, 1, 2, 4, 6), (6, 1, 3, 2, 4, 5), (1, 2, 4, 3, 6, 5), (6, 1, 2, 3, 4, 5), (2, 1, 3, 4, 5, 6), (1, 3, 2, 5, 6, 4), (3, 5, 2, 1, 4, 6), (2, 1, 5, 3, 4, 6), (1, 5, 6, 3, 4, 2)}
M(AUB) = 
[[1, 3, 2, 5, 4, 6]]
Distance:38

(9)
A = 
{(1, 4, 5, 6, 2, 3), (4, 3, 1, 5, 2, 6), (1, 6, 4, 3, 2, 5), (2, 1, 5, 3, 6, 4), (2, 5, 6, 3, 4, 1)}
M(A) = 
[[2, 1, 5, 3, 6, 4], [2, 1, 5, 6, 3, 4], [2, 1, 6, 5, 3, 4]]
Distance: 28
B = 
{(1, 5, 3, 6, 4, 2), (6, 2, 5, 1, 3, 4), (2, 3, 1, 6, 4, 5), (2, 6, 5, 1, 3, 4), (3, 4, 6, 2, 1, 5)}
M(B) = 
[[2, 1, 5, 3, 6, 4], [2, 1, 5, 6, 3, 4], [2, 1, 6, 5, 3, 4]]
Distance: 24
M(A) inter A:
set()
M(B) inter B:
set()

AUB = 
{(1, 6, 4, 3, 2, 5), (3, 4, 6, 2, 1, 5), (4, 3, 1, 5, 2, 6), (2, 6, 5, 1, 3, 4), (1, 4, 5, 6, 2, 3), (2, 3, 1, 6, 4, 5), (2, 1, 5, 3, 6, 4), (1, 5, 3, 6, 4, 2), (6, 2, 5, 1, 3, 4), (2, 5, 6, 3, 4, 1)}
M(AUB) = 
[[2, 1, 5, 3, 6, 4], [2, 1, 5, 6, 3, 4], [2, 1, 6, 5, 3, 4]]
Distance:60

(10)
A = 
{(4, 2, 1, 3, 5, 6), (1, 3, 2, 6, 4, 5), (3, 2, 4, 5, 1, 6), (3, 5, 4, 1, 2, 6), (4, 6, 1, 3, 2, 5)}
M(A) = 
[[2, 4, 1, 3, 5, 6], [2, 4, 1, 3, 6, 5], [4, 1, 2, 3, 5, 6], [4, 1, 2, 3, 6, 5], [4, 2, 1, 3, 5, 6], [4, 2, 1, 3, 6, 5]]
Distance: 21
B = 
{(4, 5, 2, 1, 3, 6), (6, 5, 4, 1, 2, 3), (6, 2, 1, 5, 4, 3), (5, 6, 1, 2, 3, 4), (2, 4, 1, 3, 6, 5)}
M(B) = 
[[2, 4, 1, 3, 5, 6], [2, 4, 1, 3, 6, 5], [4, 1, 2, 3, 5, 6], [4, 1, 2, 3, 6, 5], [4, 2, 1, 3, 5, 6], [4, 2, 1, 3, 6, 5]]
Distance: 24
M(A) inter A:
set()
M(B) inter B:
set()

AUB = 
{(1, 3, 2, 6, 4, 5), (4, 5, 2, 1, 3, 6), (3, 2, 4, 5, 1, 6), (6, 2, 1, 5, 4, 3), (3, 5, 4, 1, 2, 6), (5, 6, 1, 2, 3, 4), (2, 4, 1, 3, 6, 5), (4, 2, 1, 3, 5, 6), (4, 6, 1, 3, 2, 5), (6, 5, 4, 1, 2, 3)}
M(AUB) = 
[[2, 4, 1, 3, 5, 6], [2, 4, 1, 3, 6, 5], [4, 1, 2, 3, 5, 6], [4, 1, 2, 3, 6, 5], [4, 2, 1, 3, 5, 6], [4, 2, 1, 3, 6, 5]]
Distance:61

(11)
A = 
{(1, 3, 5, 6, 2, 4), (3, 4, 2, 1, 6, 5), (5, 1, 2, 3, 6, 4), (6, 1, 3, 4, 5, 2), (2, 1, 3, 4, 5, 6)}
M(A) = 
[[1, 3, 2, 6, 4, 5], [1, 3, 5, 2, 6, 4], [1, 3, 5, 6, 2, 4], [1, 3, 6, 2, 4, 5], [1, 3, 6, 4, 5, 2], [1, 3, 6, 5, 2, 4]]
Distance: 23
B = 
{(1, 5, 3, 2, 6, 4), (4, 6, 5, 1, 2, 3), (6, 2, 4, 3, 5, 1), (1, 3, 4, 2, 5, 6), (6, 5, 1, 3, 2, 4)}
M(B) = 
[[1, 3, 2, 6, 4, 5], [1, 3, 5, 2, 6, 4], [1, 3, 5, 6, 2, 4], [1, 3, 6, 2, 4, 5], [1, 3, 6, 4, 5, 2], [1, 3, 6, 5, 2, 4]]
Distance: 29
M(A) inter A:
set()
M(B) inter B:
{(6, 5, 1, 3, 2, 4)}

AUB = 
{(1, 3, 5, 6, 2, 4), (1, 5, 3, 2, 6, 4), (2, 1, 3, 4, 5, 6), (1, 3, 4, 2, 5, 6), (3, 4, 2, 1, 6, 5), (5, 1, 2, 3, 6, 4), (4, 6, 5, 1, 2, 3), (6, 1, 3, 4, 5, 2), (6, 2, 4, 3, 5, 1), (6, 5, 1, 3, 2, 4)}
M(AUB) = 
[[1, 3, 2, 6, 4, 5], [1, 3, 5, 2, 6, 4], [1, 3, 5, 6, 2, 4], [1, 3, 6, 2, 4, 5], [1, 3, 6, 4, 5, 2], [1, 3, 6, 5, 2, 4]]
Distance:58

(12)
A = 
{(3, 2, 6, 5, 4, 1), (3, 6, 5, 4, 2, 1), (5, 3, 2, 1, 6, 4), (5, 4, 3, 1, 6, 2), (4, 1, 3, 6, 5, 2)}
M(A) = 
[[3, 4, 1, 6, 5, 2]]
Distance: 22
B = 
{(1, 5, 6, 2, 4, 3), (3, 4, 2, 1, 6, 5), (3, 1, 4, 5, 6, 2), (3, 4, 1, 2, 6, 5), (6, 4, 3, 1, 5, 2)}
M(B) = 
[[3, 4, 1, 6, 5, 2]]
Distance: 21
M(A) inter A:
set()
M(B) inter B:
set()

AUB = 
{(3, 4, 1, 2, 6, 5), (1, 5, 6, 2, 4, 3), (3, 2, 6, 5, 4, 1), (3, 1, 4, 5, 6, 2), (3, 4, 2, 1, 6, 5), (5, 4, 3, 1, 6, 2), (4, 1, 3, 6, 5, 2), (5, 3, 2, 1, 6, 4), (3, 6, 5, 4, 2, 1), (6, 4, 3, 1, 5, 2)}
M(AUB) = 
[[3, 4, 1, 6, 5, 2]]
Distance:50

(13)
A = 
{(2, 5, 3, 4, 1, 6), (2, 4, 1, 3, 5, 6), (1, 6, 5, 4, 3, 2), (5, 3, 4, 1, 2, 6), (1, 4, 2, 3, 6, 5)}
M(A) = 
[[1, 2, 4, 5, 3, 6], [1, 2, 5, 3, 4, 6], [1, 2, 5, 4, 3, 6], [1, 4, 2, 5, 3, 6], [2, 1, 4, 5, 3, 6], [2, 1, 5, 3, 4, 6], [2, 1, 5, 4, 3, 6], [2, 4, 1, 5, 3, 6], [2, 4, 5, 1, 3, 6], [2, 5, 1, 3, 4, 6], [2, 5, 1, 4, 3, 6], [2, 5, 4, 1, 3, 6], [4, 1, 2, 5, 3, 6], [4, 2, 1, 5, 3, 6], [4, 2, 5, 1, 3, 6]]
Distance: 26
B = 
{(2, 5, 1, 6, 4, 3), (5, 3, 6, 1, 2, 4), (4, 2, 5, 1, 6, 3), (1, 2, 3, 4, 5, 6), (3, 4, 2, 6, 1, 5)}
M(B) = 
[[1, 2, 4, 5, 3, 6], [1, 2, 5, 3, 4, 6], [1, 2, 5, 4, 3, 6], [1, 4, 2, 5, 3, 6], [2, 1, 4, 5, 3, 6], [2, 1, 5, 3, 4, 6], [2, 1, 5, 4, 3, 6], [2, 4, 1, 5, 3, 6], [2, 4, 5, 1, 3, 6], [2, 5, 1, 3, 4, 6], [2, 5, 1, 4, 3, 6], [2, 5, 4, 1, 3, 6], [4, 1, 2, 5, 3, 6], [4, 2, 1, 5, 3, 6], [4, 2, 5, 1, 3, 6]]
Distance: 28
M(A) inter A:
set()
M(B) inter B:
set()

AUB = 
{(4, 2, 5, 1, 6, 3), (1, 4, 2, 3, 6, 5), (2, 5, 3, 4, 1, 6), (2, 5, 1, 6, 4, 3), (5, 3, 4, 1, 2, 6), (3, 4, 2, 6, 1, 5), (5, 3, 6, 1, 2, 4), (1, 6, 5, 4, 3, 2), (2, 4, 1, 3, 5, 6), (1, 2, 3, 4, 5, 6)}
M(AUB) = 
[[1, 2, 4, 5, 3, 6], [1, 2, 5, 3, 4, 6], [1, 2, 5, 4, 3, 6], [1, 4, 2, 5, 3, 6], [2, 1, 4, 5, 3, 6], [2, 1, 5, 3, 4, 6], [2, 1, 5, 4, 3, 6], [2, 4, 1, 5, 3, 6], [2, 4, 5, 1, 3, 6], [2, 5, 1, 3, 4, 6], [2, 5, 1, 4, 3, 6], [2, 5, 4, 1, 3, 6], [4, 1, 2, 5, 3, 6], [4, 2, 1, 5, 3, 6], [4, 2, 5, 1, 3, 6]]
Distance:58

(14)
A = 
{(2, 4, 5, 6, 3, 1), (6, 4, 2, 1, 3, 5), (2, 5, 1, 3, 4, 6), (3, 4, 6, 2, 5, 1), (2, 3, 5, 1, 6, 4)}
M(A) = 
[[2, 5, 1, 3, 6, 4], [2, 5, 1, 6, 3, 4], [2, 5, 6, 1, 3, 4], [2, 6, 5, 1, 3, 4]]
Distance: 24
B = 
{(5, 1, 3, 4, 2, 6), (6, 2, 5, 1, 4, 3), (6, 2, 1, 5, 3, 4), (1, 2, 6, 4, 3, 5), (2, 1, 3, 5, 6, 4)}
M(B) = 
[[2, 5, 1, 3, 6, 4], [2, 5, 1, 6, 3, 4], [2, 5, 6, 1, 3, 4], [2, 6, 5, 1, 3, 4]]
Distance: 21
M(A) inter A:
set()
M(B) inter B:
set()

AUB = 
{(6, 4, 2, 1, 3, 5), (2, 3, 5, 1, 6, 4), (3, 4, 6, 2, 5, 1), (5, 1, 3, 4, 2, 6), (1, 2, 6, 4, 3, 5), (6, 2, 5, 1, 4, 3), (2, 1, 3, 5, 6, 4), (2, 4, 5, 6, 3, 1), (6, 2, 1, 5, 3, 4), (2, 5, 1, 3, 4, 6)}
M(AUB) = 
[[2, 5, 1, 3, 6, 4], [2, 5, 1, 6, 3, 4], [2, 5, 6, 1, 3, 4], [2, 6, 5, 1, 3, 4]]
Distance:54

(15)
A = 
{(3, 2, 4, 5, 1, 6), (2, 5, 3, 4, 6, 1), (2, 4, 5, 3, 1, 6), (5, 1, 4, 2, 3, 6), (1, 2, 6, 4, 3, 5)}
M(A) = 
[[2, 4, 5, 3, 1, 6], [4, 2, 5, 3, 1, 6]]
Distance: 20
B = 
{(4, 3, 1, 2, 5, 6), (2, 4, 3, 5, 1, 6), (4, 5, 1, 2, 6, 3), (5, 3, 6, 4, 2, 1), (5, 1, 4, 6, 3, 2)}
M(B) = 
[[2, 4, 5, 3, 1, 6], [4, 2, 5, 3, 1, 6]]
Distance: 22
M(A) inter A:
set()
M(B) inter B:
set()

AUB = 
{(3, 2, 4, 5, 1, 6), (5, 1, 4, 6, 3, 2), (1, 2, 6, 4, 3, 5), (4, 3, 1, 2, 5, 6), (2, 4, 3, 5, 1, 6), (5, 3, 6, 4, 2, 1), (5, 1, 4, 2, 3, 6), (4, 5, 1, 2, 6, 3), (2, 4, 5, 3, 1, 6), (2, 5, 3, 4, 6, 1)}
M(AUB) = 
[[2, 4, 5, 3, 1, 6], [4, 2, 5, 3, 1, 6]]
Distance:48

(16)
A = 
{(6, 4, 1, 5, 3, 2), (1, 4, 5, 6, 2, 3), (5, 1, 6, 2, 3, 4), (4, 5, 1, 3, 2, 6), (5, 6, 2, 4, 3, 1)}
M(A) = 
[[4, 5, 6, 1, 2, 3]]
Distance: 21
B = 
{(2, 6, 3, 4, 1, 5), (4, 6, 1, 5, 2, 3), (3, 6, 4, 2, 1, 5), (2, 3, 5, 1, 4, 6), (3, 4, 5, 6, 1, 2)}
M(B) = 
[[4, 5, 6, 1, 2, 3]]
Distance: 25
M(A) inter A:
set()
M(B) inter B:
set()

AUB = 
{(2, 6, 3, 4, 1, 5), (1, 4, 5, 6, 2, 3), (4, 6, 1, 5, 2, 3), (2, 3, 5, 1, 4, 6), (5, 1, 6, 2, 3, 4), (3, 6, 4, 2, 1, 5), (6, 4, 1, 5, 3, 2), (4, 5, 1, 3, 2, 6), (3, 4, 5, 6, 1, 2), (5, 6, 2, 4, 3, 1)}
M(AUB) = 
[[4, 5, 6, 1, 2, 3]]
Distance:60

(17)
A = 
{(4, 6, 3, 2, 1, 5), (2, 1, 4, 5, 3, 6), (5, 4, 2, 6, 1, 3), (6, 1, 5, 2, 3, 4), (2, 3, 1, 5, 4, 6)}
M(A) = 
[[2, 4, 6, 3, 1, 5], [2, 6, 3, 1, 4, 5], [2, 6, 3, 1, 5, 4], [2, 6, 3, 4, 1, 5], [2, 6, 4, 3, 1, 5], [4, 2, 6, 3, 1, 5], [4, 6, 2, 3, 1, 5], [6, 2, 3, 1, 4, 5], [6, 2, 3, 1, 5, 4], [6, 2, 3, 4, 1, 5], [6, 2, 4, 3, 1, 5], [6, 4, 2, 3, 1, 5]]
Distance: 27
B = 
{(6, 4, 3, 2, 1, 5), (2, 3, 5, 6, 1, 4), (3, 6, 4, 5, 1, 2), (2, 6, 3, 5, 1, 4), (4, 6, 3, 1, 5, 2)}
M(B) = 
[[2, 4, 6, 3, 1, 5], [2, 6, 3, 1, 4, 5], [2, 6, 3, 1, 5, 4], [2, 6, 3, 4, 1, 5], [2, 6, 4, 3, 1, 5], [4, 2, 6, 3, 1, 5], [4, 6, 2, 3, 1, 5], [6, 2, 3, 1, 4, 5], [6, 2, 3, 1, 5, 4], [6, 2, 3, 4, 1, 5], [6, 2, 4, 3, 1, 5], [6, 4, 2, 3, 1, 5]]
Distance: 22
M(A) inter A:
set()
M(B) inter B:
set()

AUB = 
{(2, 3, 5, 6, 1, 4), (2, 6, 3, 5, 1, 4), (5, 4, 2, 6, 1, 3), (2, 1, 4, 5, 3, 6), (4, 6, 3, 1, 5, 2), (3, 6, 4, 5, 1, 2), (4, 6, 3, 2, 1, 5), (2, 3, 1, 5, 4, 6), (6, 4, 3, 2, 1, 5), (6, 1, 5, 2, 3, 4)}
M(AUB) = 
[[2, 4, 6, 3, 1, 5], [2, 6, 3, 1, 4, 5], [2, 6, 3, 1, 5, 4], [2, 6, 3, 4, 1, 5], [2, 6, 4, 3, 1, 5], [4, 2, 6, 3, 1, 5], [4, 6, 2, 3, 1, 5], [6, 2, 3, 1, 4, 5], [6, 2, 3, 1, 5, 4], [6, 2, 3, 4, 1, 5], [6, 2, 4, 3, 1, 5], [6, 4, 2, 3, 1, 5]]
Distance:61

(18)
A = 
{(1, 6, 2, 5, 4, 3), (4, 2, 6, 5, 1, 3), (2, 6, 1, 4, 5, 3), (3, 4, 6, 2, 5, 1), (2, 6, 4, 3, 1, 5)}
M(A) = 
[[2, 4, 6, 3, 1, 5], [2, 6, 4, 3, 1, 5]]
Distance: 20
B = 
{(2, 6, 3, 4, 1, 5), (3, 4, 6, 5, 1, 2), (2, 4, 3, 1, 5, 6), (6, 1, 3, 2, 4, 5), (2, 4, 5, 3, 6, 1)}
M(B) = 
[[2, 4, 6, 3, 1, 5], [2, 6, 4, 3, 1, 5]]
Distance: 22
M(A) inter A:
set()
M(B) inter B:
set()

AUB = 
{(2, 6, 3, 4, 1, 5), (6, 1, 3, 2, 4, 5), (3, 4, 6, 2, 5, 1), (4, 2, 6, 5, 1, 3), (2, 4, 5, 3, 6, 1), (2, 6, 1, 4, 5, 3), (2, 4, 3, 1, 5, 6), (1, 6, 2, 5, 4, 3), (2, 6, 4, 3, 1, 5), (3, 4, 6, 5, 1, 2)}
M(AUB) = 
[[2, 4, 6, 3, 1, 5], [2, 6, 4, 3, 1, 5]]
Distance:47

(19)
A = 
{(3, 2, 6, 1, 4, 5), (4, 3, 1, 6, 5, 2), (5, 2, 6, 4, 1, 3), (5, 3, 4, 2, 1, 6), (5, 6, 4, 2, 3, 1)}
M(A) = 
[[6, 4, 5, 2, 3, 1], [6, 5, 2, 4, 3, 1], [6, 5, 4, 2, 3, 1]]
Distance: 27
B = 
{(1, 6, 5, 4, 2, 3), (1, 6, 5, 2, 4, 3), (2, 4, 5, 3, 1, 6), (6, 3, 4, 2, 5, 1), (2, 3, 4, 6, 1, 5)}
M(B) = 
[[6, 4, 5, 2, 3, 1], [6, 5, 2, 4, 3, 1], [6, 5, 4, 2, 3, 1]]
Distance: 30
M(A) inter A:
set()
M(B) inter B:
set()

AUB = 
{(4, 3, 1, 6, 5, 2), (1, 6, 5, 4, 2, 3), (5, 3, 4, 2, 1, 6), (3, 2, 6, 1, 4, 5), (6, 3, 4, 2, 5, 1), (1, 6, 5, 2, 4, 3), (2, 3, 4, 6, 1, 5), (5, 2, 6, 4, 1, 3), (2, 4, 5, 3, 1, 6), (5, 6, 4, 2, 3, 1)}
M(AUB) = 
[[6, 4, 5, 2, 3, 1], [6, 5, 2, 4, 3, 1], [6, 5, 4, 2, 3, 1]]
Distance:63

(20)
A = 
{(2, 5, 1, 6, 3, 4), (2, 3, 4, 1, 6, 5), (5, 1, 4, 3, 6, 2), (2, 1, 5, 3, 4, 6), (5, 4, 2, 6, 3, 1)}
M(A) = 
[[2, 1, 3, 6, 5, 4], [2, 1, 6, 3, 5, 4]]
Distance: 22
B = 
{(2, 6, 3, 4, 1, 5), (2, 1, 3, 6, 4, 5), (1, 6, 4, 3, 5, 2), (6, 3, 5, 1, 2, 4), (1, 3, 6, 2, 5, 4)}
M(B) = 
[[2, 1, 3, 6, 5, 4], [2, 1, 6, 3, 5, 4]]
Distance: 20
M(A) inter A:
set()
M(B) inter B:
set()

AUB = 
{(2, 6, 3, 4, 1, 5), (6, 3, 5, 1, 2, 4), (1, 6, 4, 3, 5, 2), (1, 3, 6, 2, 5, 4), (2, 5, 1, 6, 3, 4), (2, 1, 5, 3, 4, 6), (2, 3, 4, 1, 6, 5), (5, 1, 4, 3, 6, 2), (2, 1, 3, 6, 4, 5), (5, 4, 2, 6, 3, 1)}
M(AUB) = 
[[2, 1, 3, 6, 5, 4], [2, 1, 6, 3, 5, 4]]
Distance:57

(21)
A = 
{(3, 1, 5, 4, 6, 2), (5, 1, 3, 2, 4, 6), (4, 1, 5, 3, 6, 2), (2, 6, 1, 5, 4, 3), (5, 4, 3, 6, 1, 2)}
M(A) = 
[[4, 5, 3, 6, 2, 1], [4, 5, 6, 2, 3, 1], [4, 5, 6, 3, 2, 1], [5, 4, 3, 6, 2, 1], [5, 4, 6, 2, 3, 1], [5, 4, 6, 3, 2, 1]]
Distance: 22
B = 
{(2, 4, 6, 5, 3, 1), (5, 4, 6, 2, 1, 3), (4, 5, 2, 3, 1, 6), (4, 6, 3, 5, 2, 1), (6, 4, 2, 5, 3, 1)}
M(B) = 
[[4, 5, 3, 6, 2, 1], [4, 5, 6, 2, 3, 1], [4, 5, 6, 3, 2, 1], [5, 4, 3, 6, 2, 1], [5, 4, 6, 2, 3, 1], [5, 4, 6, 3, 2, 1]]
Distance: 14
M(A) inter A:
set()
M(B) inter B:
set()

AUB = 
{(5, 4, 6, 2, 1, 3), (5, 4, 3, 6, 1, 2), (5, 1, 3, 2, 4, 6), (4, 1, 5, 3, 6, 2), (3, 1, 5, 4, 6, 2), (2, 4, 6, 5, 3, 1), (6, 4, 2, 5, 3, 1), (4, 6, 3, 5, 2, 1), (4, 5, 2, 3, 1, 6), (2, 6, 1, 5, 4, 3)}
M(AUB) = 
[[4, 5, 3, 6, 2, 1], [4, 5, 6, 2, 3, 1], [4, 5, 6, 3, 2, 1], [5, 4, 3, 6, 2, 1], [5, 4, 6, 2, 3, 1], [5, 4, 6, 3, 2, 1]]
Distance:53

(22)
A = 
{(3, 6, 5, 1, 4, 2), (5, 6, 4, 3, 2, 1), (3, 2, 4, 1, 5, 6), (2, 4, 5, 3, 1, 6), (6, 3, 1, 5, 4, 2)}
M(A) = 
[[3, 6, 2, 1, 5, 4], [6, 2, 3, 1, 5, 4], [6, 3, 2, 1, 5, 4]]
Distance: 27
B = 
{(6, 2, 1, 4, 3, 5), (6, 2, 1, 3, 5, 4), (4, 2, 3, 1, 6, 5), (2, 3, 6, 1, 5, 4), (6, 5, 1, 3, 2, 4)}
M(B) = 
[[3, 6, 2, 1, 5, 4], [6, 2, 3, 1, 5, 4], [6, 3, 2, 1, 5, 4]]
Distance: 19
M(A) inter A:
set()
M(B) inter B:
{(6, 2, 1, 3, 5, 4)}

AUB = 
{(4, 2, 3, 1, 6, 5), (6, 3, 1, 5, 4, 2), (3, 6, 5, 1, 4, 2), (2, 3, 6, 1, 5, 4), (6, 2, 1, 4, 3, 5), (3, 2, 4, 1, 5, 6), (5, 6, 4, 3, 2, 1), (6, 2, 1, 3, 5, 4), (2, 4, 5, 3, 1, 6), (6, 5, 1, 3, 2, 4)}
M(AUB) = 
[[3, 6, 2, 1, 5, 4], [6, 2, 3, 1, 5, 4], [6, 3, 2, 1, 5, 4]]
Distance:56

(23)
A = 
{(1, 5, 3, 6, 2, 4), (2, 3, 6, 4, 1, 5), (3, 5, 1, 6, 4, 2), (1, 4, 2, 3, 6, 5), (3, 5, 2, 6, 1, 4)}
M(A) = 
[[3, 4, 5, 1, 2, 6], [3, 4, 5, 2, 1, 6], [3, 4, 5, 2, 6, 1]]
Distance: 24
B = 
{(5, 4, 3, 1, 6, 2), (2, 4, 3, 6, 5, 1), (4, 5, 1, 2, 6, 3), (3, 2, 4, 6, 1, 5), (3, 4, 5, 2, 6, 1)}
M(B) = 
[[3, 4, 5, 1, 2, 6], [3, 4, 5, 2, 1, 6], [3, 4, 5, 2, 6, 1]]
Distance: 21
M(A) inter A:
set()
M(B) inter B:
set()

AUB = 
{(3, 4, 5, 2, 6, 1), (1, 4, 2, 3, 6, 5), (2, 4, 3, 6, 5, 1), (5, 4, 3, 1, 6, 2), (3, 5, 1, 6, 4, 2), (4, 5, 1, 2, 6, 3), (3, 5, 2, 6, 1, 4), (1, 5, 3, 6, 2, 4), (2, 3, 6, 4, 1, 5), (3, 2, 4, 6, 1, 5)}
M(AUB) = 
[[3, 4, 5, 1, 2, 6], [3, 4, 5, 2, 1, 6], [3, 4, 5, 2, 6, 1]]
Distance:57

(24)
A = 
{(1, 2, 3, 5, 6, 4), (3, 2, 6, 1, 4, 5), (6, 3, 1, 2, 5, 4), (2, 5, 4, 6, 3, 1), (2, 5, 3, 6, 1, 4)}
M(A) = 
[[2, 5, 3, 6, 1, 4], [2, 5, 6, 3, 1, 4]]
Distance: 20
B = 
{(4, 5, 2, 3, 6, 1), (5, 4, 2, 6, 1, 3), (4, 5, 2, 3, 1, 6), (5, 6, 1, 2, 3, 4), (1, 2, 6, 3, 5, 4)}
M(B) = 
[[2, 5, 3, 6, 1, 4], [2, 5, 6, 3, 1, 4]]
Distance: 23
M(A) inter A:
set()
M(B) inter B:
{(5, 4, 2, 6, 1, 3)}

AUB = 
{(5, 4, 2, 6, 1, 3), (1, 2, 6, 3, 5, 4), (1, 2, 3, 5, 6, 4), (2, 5, 4, 6, 3, 1), (4, 5, 2, 3, 6, 1), (2, 5, 3, 6, 1, 4), (3, 2, 6, 1, 4, 5), (6, 3, 1, 2, 5, 4), (5, 6, 1, 2, 3, 4), (4, 5, 2, 3, 1, 6)}
M(AUB) = 
[[2, 5, 3, 6, 1, 4], [2, 5, 6, 3, 1, 4]]
Distance:53

(25)
A = 
{(4, 1, 2, 6, 3, 5), (1, 5, 3, 6, 4, 2), (3, 2, 1, 4, 6, 5), (2, 5, 3, 1, 4, 6), (3, 5, 1, 2, 4, 6)}
M(A) = 
[[2, 1, 5, 3, 4, 6], [2, 1, 5, 3, 6, 4], [2, 3, 1, 5, 4, 6], [2, 3, 1, 5, 6, 4], [2, 5, 3, 1, 4, 6], [2, 5, 3, 1, 6, 4], [3, 2, 1, 5, 4, 6], [3, 2, 1, 5, 6, 4], [5, 2, 3, 1, 4, 6], [5, 2, 3, 1, 6, 4], [5, 3, 2, 1, 4, 6], [5, 3, 2, 1, 6, 4]]
Distance: 23
B = 
{(6, 2, 4, 1, 5, 3), (5, 6, 4, 3, 2, 1), (6, 2, 1, 5, 3, 4), (5, 2, 3, 1, 4, 6), (3, 1, 5, 6, 2, 4)}
M(B) = 
[[2, 1, 5, 3, 4, 6], [2, 1, 5, 3, 6, 4], [2, 3, 1, 5, 4, 6], [2, 3, 1, 5, 6, 4], [2, 5, 3, 1, 4, 6], [2, 5, 3, 1, 6, 4], [3, 2, 1, 5, 4, 6], [3, 2, 1, 5, 6, 4], [5, 2, 3, 1, 4, 6], [5, 2, 3, 1, 6, 4], [5, 3, 2, 1, 4, 6], [5, 3, 2, 1, 6, 4]]
Distance: 25
M(A) inter A:
set()
M(B) inter B:
set()

AUB = 
{(3, 5, 1, 2, 4, 6), (6, 2, 1, 5, 3, 4), (3, 1, 5, 6, 2, 4), (4, 1, 2, 6, 3, 5), (6, 2, 4, 1, 5, 3), (3, 2, 1, 4, 6, 5), (5, 6, 4, 3, 2, 1), (2, 5, 3, 1, 4, 6), (1, 5, 3, 6, 4, 2), (5, 2, 3, 1, 4, 6)}
M(AUB) = 
[[2, 1, 5, 3, 4, 6], [2, 1, 5, 3, 6, 4], [2, 3, 1, 5, 4, 6], [2, 3, 1, 5, 6, 4], [2, 5, 3, 1, 4, 6], [2, 5, 3, 1, 6, 4], [3, 2, 1, 5, 4, 6], [3, 2, 1, 5, 6, 4], [5, 2, 3, 1, 4, 6], [5, 2, 3, 1, 6, 4], [5, 3, 2, 1, 4, 6], [5, 3, 2, 1, 6, 4]]
Distance:61

(26)
A = 
{(2, 4, 1, 5, 3, 6), (4, 1, 2, 3, 5, 6), (4, 6, 3, 1, 2, 5), (1, 4, 6, 5, 2, 3), (2, 5, 1, 4, 3, 6)}
M(A) = 
[[1, 5, 4, 2, 3, 6], [1, 5, 4, 3, 6, 2], [1, 5, 4, 6, 2, 3]]
Distance: 20
B = 
{(1, 3, 5, 2, 6, 4), (5, 1, 3, 4, 6, 2), (5, 1, 4, 3, 6, 2), (6, 1, 5, 2, 3, 4), (5, 6, 4, 1, 2, 3)}
M(B) = 
[[1, 5, 4, 2, 3, 6], [1, 5, 4, 3, 6, 2], [1, 5, 4, 6, 2, 3]]
Distance: 18
M(A) inter A:
set()
M(B) inter B:
set()

AUB = 
{(5, 1, 3, 4, 6, 2), (1, 4, 6, 5, 2, 3), (2, 4, 1, 5, 3, 6), (1, 3, 5, 2, 6, 4), (4, 6, 3, 1, 2, 5), (4, 1, 2, 3, 5, 6), (2, 5, 1, 4, 3, 6), (6, 1, 5, 2, 3, 4), (5, 1, 4, 3, 6, 2), (5, 6, 4, 1, 2, 3)}
M(AUB) = 
[[1, 5, 4, 2, 3, 6], [1, 5, 4, 3, 6, 2], [1, 5, 4, 6, 2, 3]]
Distance:52

(27)
A = 
{(5, 3, 6, 2, 4, 1), (1, 6, 5, 4, 2, 3), (6, 4, 5, 2, 3, 1), (2, 5, 6, 3, 1, 4), (5, 4, 1, 2, 6, 3)}
M(A) = 
[[5, 6, 2, 3, 4, 1], [5, 6, 2, 4, 1, 3], [5, 6, 2, 4, 3, 1], [6, 5, 2, 3, 4, 1], [6, 5, 2, 4, 1, 3], [6, 5, 2, 4, 3, 1]]
Distance: 22
B = 
{(6, 2, 4, 1, 5, 3), (5, 2, 4, 3, 1, 6), (6, 3, 4, 2, 1, 5), (2, 5, 1, 3, 4, 6), (6, 1, 3, 5, 2, 4)}
M(B) = 
[[5, 6, 2, 3, 4, 1], [5, 6, 2, 4, 1, 3], [5, 6, 2, 4, 3, 1], [6, 5, 2, 3, 4, 1], [6, 5, 2, 4, 1, 3], [6, 5, 2, 4, 3, 1]]
Distance: 29
M(A) inter A:
set()
M(B) inter B:
set()

AUB = 
{(1, 6, 5, 4, 2, 3), (6, 4, 5, 2, 3, 1), (5, 2, 4, 3, 1, 6), (2, 5, 6, 3, 1, 4), (6, 1, 3, 5, 2, 4), (6, 2, 4, 1, 5, 3), (5, 4, 1, 2, 6, 3), (6, 3, 4, 2, 1, 5), (5, 3, 6, 2, 4, 1), (2, 5, 1, 3, 4, 6)}
M(AUB) = 
[[5, 6, 2, 3, 4, 1], [5, 6, 2, 4, 1, 3], [5, 6, 2, 4, 3, 1], [6, 5, 2, 3, 4, 1], [6, 5, 2, 4, 1, 3], [6, 5, 2, 4, 3, 1]]
Distance:56

(28)
A = 
{(1, 6, 3, 5, 2, 4), (5, 1, 6, 4, 2, 3), (1, 2, 4, 3, 5, 6), (1, 3, 2, 5, 4, 6), (4, 1, 2, 5, 6, 3)}
M(A) = 
[[1, 6, 3, 2, 5, 4], [1, 6, 3, 5, 2, 4], [1, 6, 3, 5, 4, 2]]
Distance: 22
B = 
{(2, 1, 6, 5, 3, 4), (6, 3, 5, 1, 4, 2), (3, 4, 6, 5, 1, 2), (5, 6, 3, 4, 1, 2), (3, 2, 6, 4, 1, 5)}
M(B) = 
[[1, 6, 3, 2, 5, 4], [1, 6, 3, 5, 2, 4], [1, 6, 3, 5, 4, 2]]
Distance: 23
M(A) inter A:
set()
M(B) inter B:
set()

AUB = 
{(6, 3, 5, 1, 4, 2), (5, 6, 3, 4, 1, 2), (1, 6, 3, 5, 2, 4), (5, 1, 6, 4, 2, 3), (1, 3, 2, 5, 4, 6), (2, 1, 6, 5, 3, 4), (3, 2, 6, 4, 1, 5), (4, 1, 2, 5, 6, 3), (1, 2, 4, 3, 5, 6), (3, 4, 6, 5, 1, 2)}
M(AUB) = 
[[1, 6, 3, 2, 5, 4], [1, 6, 3, 5, 2, 4], [1, 6, 3, 5, 4, 2]]
Distance:61

(29)
A = 
{(4, 3, 2, 6, 1, 5), (1, 4, 5, 6, 2, 3), (3, 2, 4, 5, 1, 6), (3, 2, 4, 1, 6, 5), (1, 4, 2, 5, 6, 3)}
M(A) = 
[[3, 4, 1, 2, 5, 6]]
Distance: 22
B = 
{(1, 4, 5, 6, 2, 3), (3, 2, 5, 1, 6, 4), (1, 4, 6, 2, 5, 3), (5, 3, 4, 1, 2, 6), (5, 3, 4, 6, 1, 2)}
M(B) = 
[[3, 4, 1, 2, 5, 6]]
Distance: 24
M(A) inter A:
set()
M(B) inter B:
set()

AUB = 
{(4, 3, 2, 6, 1, 5), (3, 2, 4, 5, 1, 6), (3, 2, 5, 1, 6, 4), (5, 3, 4, 1, 2, 6), (1, 4, 5, 6, 2, 3), (5, 3, 4, 6, 1, 2), (1, 4, 2, 5, 6, 3), (1, 4, 6, 2, 5, 3), (3, 2, 4, 1, 6, 5)}
M(AUB) = 
[[3, 4, 1, 2, 5, 6]]
Distance:48

(30)
A = 
{(1, 4, 3, 2, 6, 5), (3, 6, 1, 5, 2, 4), (6, 3, 5, 1, 4, 2), (4, 5, 6, 3, 2, 1), (3, 1, 5, 4, 6, 2)}
M(A) = 
[[1, 2, 5, 4, 3, 6], [1, 5, 2, 4, 3, 6], [1, 5, 4, 2, 3, 6], [1, 5, 4, 3, 2, 6], [2, 1, 5, 4, 3, 6], [2, 5, 1, 4, 3, 6], [5, 1, 2, 4, 3, 6], [5, 1, 4, 2, 3, 6], [5, 1, 4, 3, 2, 6], [5, 2, 1, 4, 3, 6]]
Distance: 22
B = 
{(1, 2, 6, 5, 4, 3), (2, 5, 3, 6, 1, 4), (2, 4, 5, 1, 3, 6), (2, 1, 6, 4, 3, 5), (5, 4, 2, 1, 3, 6)}
M(B) = 
[[1, 2, 5, 4, 3, 6], [1, 5, 2, 4, 3, 6], [1, 5, 4, 2, 3, 6], [1, 5, 4, 3, 2, 6], [2, 1, 5, 4, 3, 6], [2, 5, 1, 4, 3, 6], [5, 1, 2, 4, 3, 6], [5, 1, 4, 2, 3, 6], [5, 1, 4, 3, 2, 6], [5, 2, 1, 4, 3, 6]]
Distance: 20
M(A) inter A:
set()
M(B) inter B:
set()

AUB = 
{(1, 4, 3, 2, 6, 5), (1, 2, 6, 5, 4, 3), (2, 1, 6, 4, 3, 5), (4, 5, 6, 3, 2, 1), (3, 1, 5, 4, 6, 2), (2, 5, 3, 6, 1, 4), (5, 4, 2, 1, 3, 6), (6, 3, 5, 1, 4, 2), (3, 6, 1, 5, 2, 4), (2, 4, 5, 1, 3, 6)}
M(AUB) = 
[[1, 2, 5, 4, 3, 6], [1, 5, 2, 4, 3, 6], [1, 5, 4, 2, 3, 6], [1, 5, 4, 3, 2, 6], [2, 1, 5, 4, 3, 6], [2, 5, 1, 4, 3, 6], [5, 1, 2, 4, 3, 6], [5, 1, 4, 2, 3, 6], [5, 1, 4, 3, 2, 6], [5, 2, 1, 4, 3, 6]]
Distance:68

(31)
A = 
{(1, 4, 5, 3, 6, 2), (4, 6, 1, 3, 2, 5), (5, 3, 6, 1, 2, 4), (1, 3, 4, 6, 5, 2), (3, 4, 6, 2, 1, 5)}
M(A) = 
[[4, 6, 1, 3, 2, 5], [4, 6, 1, 3, 5, 2], [4, 6, 1, 5, 3, 2], [4, 6, 5, 1, 3, 2]]
Distance: 21
B = 
{(4, 5, 6, 2, 3, 1), (5, 4, 1, 2, 6, 3), (6, 2, 5, 1, 3, 4), (2, 4, 1, 3, 6, 5), (6, 3, 2, 5, 4, 1)}
M(B) = 
[[4, 6, 1, 3, 2, 5], [4, 6, 1, 3, 5, 2], [4, 6, 1, 5, 3, 2], [4, 6, 5, 1, 3, 2]]
Distance: 26
M(A) inter A:
set()
M(B) inter B:
set()

AUB = 
{(4, 5, 6, 2, 3, 1), (6, 3, 2, 5, 4, 1), (3, 4, 6, 2, 1, 5), (1, 4, 5, 3, 6, 2), (5, 3, 6, 1, 2, 4), (2, 4, 1, 3, 6, 5), (5, 4, 1, 2, 6, 3), (4, 6, 1, 3, 2, 5), (6, 2, 5, 1, 3, 4), (1, 3, 4, 6, 5, 2)}
M(AUB) = 
[[4, 6, 1, 3, 2, 5], [4, 6, 1, 3, 5, 2], [4, 6, 1, 5, 3, 2], [4, 6, 5, 1, 3, 2]]
Distance:63

(32)
A = 
{(1, 3, 5, 4, 2, 6), (4, 1, 3, 6, 2, 5), (6, 5, 3, 1, 4, 2), (5, 4, 6, 2, 3, 1), (5, 6, 1, 2, 3, 4)}
M(A) = 
[[5, 1, 4, 6, 3, 2], [5, 1, 6, 4, 3, 2], [5, 6, 1, 4, 3, 2]]
Distance: 26
B = 
{(4, 2, 5, 6, 3, 1), (4, 5, 3, 1, 2, 6), (3, 1, 2, 5, 6, 4), (6, 2, 5, 1, 4, 3), (5, 1, 6, 4, 3, 2)}
M(B) = 
[[5, 1, 4, 6, 3, 2], [5, 1, 6, 4, 3, 2], [5, 6, 1, 4, 3, 2]]
Distance: 29
M(A) inter A:
set()
M(B) inter B:
{(5, 1, 6, 4, 3, 2)}

AUB = 
{(4, 2, 5, 6, 3, 1), (5, 4, 6, 2, 3, 1), (1, 3, 5, 4, 2, 6), (4, 1, 3, 6, 2, 5), (5, 6, 1, 2, 3, 4), (6, 2, 5, 1, 4, 3), (3, 1, 2, 5, 6, 4), (6, 5, 3, 1, 4, 2), (4, 5, 3, 1, 2, 6), (5, 1, 6, 4, 3, 2)}
M(AUB) = 
[[5, 1, 4, 6, 3, 2], [5, 1, 6, 4, 3, 2], [5, 6, 1, 4, 3, 2]]
Distance:57

(33)
A = 
{(6, 1, 4, 2, 5, 3), (6, 4, 3, 2, 5, 1), (6, 2, 5, 3, 4, 1), (3, 1, 6, 5, 4, 2), (5, 4, 2, 3, 6, 1)}
M(A) = 
[[6, 4, 2, 3, 1, 5], [6, 4, 2, 5, 3, 1], [6, 4, 5, 2, 3, 1]]
Distance: 25
B = 
{(4, 2, 6, 3, 1, 5), (3, 1, 6, 2, 4, 5), (4, 6, 5, 3, 2, 1), (6, 1, 4, 5, 2, 3), (1, 6, 5, 2, 3, 4)}
M(B) = 
[[6, 4, 2, 3, 1, 5], [6, 4, 2, 5, 3, 1], [6, 4, 5, 2, 3, 1]]
Distance: 25
M(A) inter A:
set()
M(B) inter B:
{(6, 1, 4, 5, 2, 3)}

AUB = 
{(6, 4, 3, 2, 5, 1), (5, 4, 2, 3, 6, 1), (6, 1, 4, 5, 2, 3), (3, 1, 6, 5, 4, 2), (6, 1, 4, 2, 5, 3), (3, 1, 6, 2, 4, 5), (6, 2, 5, 3, 4, 1), (4, 2, 6, 3, 1, 5), (4, 6, 5, 3, 2, 1), (1, 6, 5, 2, 3, 4)}
M(AUB) = 
[[6, 4, 2, 3, 1, 5], [6, 4, 2, 5, 3, 1], [6, 4, 5, 2, 3, 1]]
Distance:55

(34)
A = 
{(3, 5, 1, 4, 2, 6), (6, 1, 5, 4, 3, 2), (6, 1, 3, 2, 4, 5), (2, 5, 1, 6, 3, 4), (3, 2, 1, 4, 5, 6)}
M(A) = 
[[1, 2, 4, 6, 3, 5], [1, 2, 4, 6, 5, 3], [1, 2, 6, 3, 4, 5], [1, 2, 6, 3, 5, 4], [1, 2, 6, 4, 3, 5], [1, 2, 6, 4, 5, 3], [1, 2, 6, 5, 3, 4], [1, 2, 6, 5, 4, 3], [1, 3, 2, 4, 6, 5], [1, 3, 2, 6, 4, 5], [1, 3, 2, 6, 5, 4], [1, 6, 3, 2, 4, 5], [1, 6, 3, 2, 5, 4]]
Distance: 27
B = 
{(3, 1, 2, 6, 4, 5), (5, 4, 6, 3, 2, 1), (1, 2, 4, 6, 5, 3), (1, 4, 2, 3, 6, 5), (6, 5, 2, 1, 4, 3)}
M(B) = 
[[1, 2, 4, 6, 3, 5], [1, 2, 4, 6, 5, 3], [1, 2, 6, 3, 4, 5], [1, 2, 6, 3, 5, 4], [1, 2, 6, 4, 3, 5], [1, 2, 6, 4, 5, 3], [1, 2, 6, 5, 3, 4], [1, 2, 6, 5, 4, 3], [1, 3, 2, 4, 6, 5], [1, 3, 2, 6, 4, 5], [1, 3, 2, 6, 5, 4], [1, 6, 3, 2, 4, 5], [1, 6, 3, 2, 5, 4]]
Distance: 27
M(A) inter A:
set()
M(B) inter B:
{(1, 2, 4, 6, 5, 3)}

AUB = 
{(3, 5, 1, 4, 2, 6), (6, 1, 3, 2, 4, 5), (1, 4, 2, 3, 6, 5), (6, 1, 5, 4, 3, 2), (1, 2, 4, 6, 5, 3), (3, 2, 1, 4, 5, 6), (3, 1, 2, 6, 4, 5), (2, 5, 1, 6, 3, 4), (6, 5, 2, 1, 4, 3), (5, 4, 6, 3, 2, 1)}
M(AUB) = 
[[1, 2, 4, 6, 3, 5], [1, 2, 4, 6, 5, 3], [1, 2, 6, 3, 4, 5], [1, 2, 6, 3, 5, 4], [1, 2, 6, 4, 3, 5], [1, 2, 6, 4, 5, 3], [1, 2, 6, 5, 3, 4], [1, 2, 6, 5, 4, 3], [1, 3, 2, 4, 6, 5], [1, 3, 2, 6, 4, 5], [1, 3, 2, 6, 5, 4], [1, 6, 3, 2, 4, 5], [1, 6, 3, 2, 5, 4]]
Distance:63

(35)
A = 
{(1, 5, 6, 4, 2, 3), (5, 4, 1, 2, 3, 6), (2, 1, 4, 6, 3, 5), (2, 3, 5, 4, 6, 1), (1, 6, 5, 2, 3, 4)}
M(A) = 
[[2, 5, 1, 4, 6, 3], [2, 5, 1, 6, 4, 3], [2, 5, 6, 1, 4, 3], [5, 1, 2, 4, 6, 3], [5, 1, 2, 6, 4, 3], [5, 1, 6, 2, 4, 3], [5, 2, 1, 4, 6, 3], [5, 2, 1, 6, 4, 3], [5, 2, 6, 1, 4, 3], [5, 6, 1, 2, 4, 3], [5, 6, 2, 1, 4, 3]]
Distance: 25
B = 
{(6, 2, 3, 5, 1, 4), (2, 5, 6, 1, 3, 4), (2, 5, 6, 4, 3, 1), (5, 4, 3, 6, 1, 2), (5, 1, 4, 3, 6, 2)}
M(B) = 
[[2, 5, 1, 4, 6, 3], [2, 5, 1, 6, 4, 3], [2, 5, 6, 1, 4, 3], [5, 1, 2, 4, 6, 3], [5, 1, 2, 6, 4, 3], [5, 1, 6, 2, 4, 3], [5, 2, 1, 4, 6, 3], [5, 2, 1, 6, 4, 3], [5, 2, 6, 1, 4, 3], [5, 6, 1, 2, 4, 3], [5, 6, 2, 1, 4, 3]]
Distance: 25
M(A) inter A:
set()
M(B) inter B:
{(2, 5, 6, 4, 3, 1)}

AUB = 
{(1, 5, 6, 4, 2, 3), (5, 4, 3, 6, 1, 2), (5, 4, 1, 2, 3, 6), (2, 1, 4, 6, 3, 5), (2, 3, 5, 4, 6, 1), (6, 2, 3, 5, 1, 4), (2, 5, 6, 1, 3, 4), (2, 5, 6, 4, 3, 1), (5, 1, 4, 3, 6, 2), (1, 6, 5, 2, 3, 4)}
M(AUB) = 
[[2, 5, 1, 4, 6, 3], [2, 5, 1, 6, 4, 3], [2, 5, 6, 1, 4, 3], [5, 1, 2, 4, 6, 3], [5, 1, 2, 6, 4, 3], [5, 1, 6, 2, 4, 3], [5, 2, 1, 4, 6, 3], [5, 2, 1, 6, 4, 3], [5, 2, 6, 1, 4, 3], [5, 6, 1, 2, 4, 3], [5, 6, 2, 1, 4, 3]]
Distance:57

(36)
A = 
{(4, 6, 1, 3, 5, 2), (2, 1, 6, 3, 5, 4), (5, 6, 3, 2, 1, 4), (1, 6, 4, 5, 2, 3), (4, 1, 5, 6, 2, 3)}
M(A) = 
[[6, 1, 4, 5, 2, 3], [6, 1, 4, 5, 3, 2], [6, 4, 1, 5, 2, 3], [6, 4, 1, 5, 3, 2]]
Distance: 24
B = 
{(4, 6, 5, 3, 1, 2), (3, 6, 1, 2, 4, 5), (2, 6, 1, 3, 4, 5), (2, 5, 4, 6, 3, 1), (5, 6, 3, 4, 1, 2)}
M(B) = 
[[6, 1, 4, 5, 2, 3], [6, 1, 4, 5, 3, 2], [6, 4, 1, 5, 2, 3], [6, 4, 1, 5, 3, 2]]
Distance: 28
M(A) inter A:
set()
M(B) inter B:
set()

AUB = 
{(5, 6, 3, 2, 1, 4), (3, 6, 1, 2, 4, 5), (5, 6, 3, 4, 1, 2), (4, 6, 1, 3, 5, 2), (2, 5, 4, 6, 3, 1), (2, 1, 6, 3, 5, 4), (4, 6, 5, 3, 1, 2), (4, 1, 5, 6, 2, 3), (1, 6, 4, 5, 2, 3), (2, 6, 1, 3, 4, 5)}
M(AUB) = 
[[6, 1, 4, 5, 2, 3], [6, 1, 4, 5, 3, 2], [6, 4, 1, 5, 2, 3], [6, 4, 1, 5, 3, 2]]
Distance:60

(37)
A = 
{(4, 1, 3, 2, 5, 6), (3, 1, 6, 4, 2, 5), (5, 6, 3, 4, 2, 1), (1, 3, 4, 6, 2, 5), (4, 2, 3, 1, 5, 6)}
M(A) = 
[[1, 3, 6, 4, 2, 5], [1, 6, 3, 4, 2, 5], [1, 6, 4, 3, 2, 5], [3, 1, 6, 4, 2, 5]]
Distance: 22
B = 
{(4, 6, 3, 5, 1, 2), (1, 2, 6, 4, 5, 3), (6, 3, 4, 2, 5, 1), (1, 3, 6, 2, 5, 4), (1, 6, 4, 5, 3, 2)}
M(B) = 
[[1, 3, 6, 4, 2, 5], [1, 6, 3, 4, 2, 5], [1, 6, 4, 3, 2, 5], [3, 1, 6, 4, 2, 5]]
Distance: 22
M(A) inter A:
set()
M(B) inter B:
set()

AUB = 
{(4, 1, 3, 2, 5, 6), (1, 3, 4, 6, 2, 5), (4, 6, 3, 5, 1, 2), (1, 2, 6, 4, 5, 3), (1, 6, 4, 5, 3, 2), (4, 2, 3, 1, 5, 6), (3, 1, 6, 4, 2, 5), (1, 3, 6, 2, 5, 4), (5, 6, 3, 4, 2, 1), (6, 3, 4, 2, 5, 1)}
M(AUB) = 
[[1, 3, 6, 4, 2, 5], [1, 6, 3, 4, 2, 5], [1, 6, 4, 3, 2, 5], [3, 1, 6, 4, 2, 5]]
Distance:51

(38)
A = 
{(6, 2, 3, 5, 1, 4), (5, 3, 1, 6, 4, 2), (2, 1, 4, 5, 6, 3), (5, 2, 4, 3, 6, 1), (2, 5, 1, 4, 6, 3)}
M(A) = 
[[2, 5, 3, 6, 1, 4], [2, 5, 6, 3, 1, 4]]
Distance: 23
B = 
{(2, 5, 6, 4, 1, 3), (2, 3, 6, 5, 1, 4), (3, 5, 6, 1, 2, 4), (6, 3, 4, 2, 1, 5), (2, 5, 3, 1, 4, 6)}
M(B) = 
[[2, 5, 3, 6, 1, 4], [2, 5, 6, 3, 1, 4]]
Distance: 21
M(A) inter A:
set()
M(B) inter B:
set()

AUB = 
{(2, 5, 6, 4, 1, 3), (3, 5, 6, 1, 2, 4), (2, 5, 1, 4, 6, 3), (6, 2, 3, 5, 1, 4), (5, 2, 4, 3, 6, 1), (2, 5, 3, 1, 4, 6), (5, 3, 1, 6, 4, 2), (6, 3, 4, 2, 1, 5), (2, 1, 4, 5, 6, 3), (2, 3, 6, 5, 1, 4)}
M(AUB) = 
[[2, 5, 3, 6, 1, 4], [2, 5, 6, 3, 1, 4]]
Distance:48

(39)
A = 
{(6, 1, 2, 4, 5, 3), (6, 4, 5, 1, 3, 2), (2, 4, 3, 5, 1, 6), (1, 4, 5, 3, 2, 6), (2, 5, 6, 3, 4, 1)}
M(A) = 
[[2, 5, 6, 1, 4, 3], [2, 6, 1, 4, 5, 3], [2, 6, 1, 5, 4, 3], [2, 6, 5, 1, 4, 3], [6, 2, 1, 4, 5, 3], [6, 2, 1, 5, 4, 3], [6, 2, 5, 1, 4, 3]]
Distance: 29
B = 
{(2, 6, 5, 1, 3, 4), (6, 2, 1, 5, 3, 4), (6, 4, 2, 3, 1, 5), (3, 5, 6, 2, 1, 4), (1, 5, 4, 3, 2, 6)}
M(B) = 
[[2, 5, 6, 1, 4, 3], [2, 6, 1, 4, 5, 3], [2, 6, 1, 5, 4, 3], [2, 6, 5, 1, 4, 3], [6, 2, 1, 4, 5, 3], [6, 2, 1, 5, 4, 3], [6, 2, 5, 1, 4, 3]]
Distance: 25
M(A) inter A:
set()
M(B) inter B:
{(6, 2, 1, 5, 3, 4)}

AUB = 
{(6, 1, 2, 4, 5, 3), (6, 2, 1, 5, 3, 4), (3, 5, 6, 2, 1, 4), (1, 4, 5, 3, 2, 6), (6, 4, 2, 3, 1, 5), (2, 6, 5, 1, 3, 4), (1, 5, 4, 3, 2, 6), (6, 4, 5, 1, 3, 2), (2, 4, 3, 5, 1, 6), (2, 5, 6, 3, 4, 1)}
M(AUB) = 
[[2, 5, 6, 1, 4, 3], [2, 6, 1, 4, 5, 3], [2, 6, 1, 5, 4, 3], [2, 6, 5, 1, 4, 3], [6, 2, 1, 4, 5, 3], [6, 2, 1, 5, 4, 3], [6, 2, 5, 1, 4, 3]]
Distance:61

(40)
A = 
{(3, 2, 4, 1, 5, 6), (6, 2, 1, 3, 4, 5), (6, 2, 5, 1, 3, 4), (3, 5, 4, 2, 1, 6), (6, 1, 5, 4, 2, 3)}
M(A) = 
[[4, 1, 5, 6, 3, 2], [4, 1, 6, 5, 3, 2]]
Distance: 28
B = 
{(4, 1, 3, 6, 5, 2), (6, 4, 1, 5, 3, 2), (5, 3, 2, 4, 1, 6), (1, 5, 4, 2, 6, 3), (4, 5, 1, 6, 3, 2)}
M(B) = 
[[4, 1, 5, 6, 3, 2], [4, 1, 6, 5, 3, 2]]
Distance: 19
M(A) inter A:
set()
M(B) inter B:
set()

AUB = 
{(3, 5, 4, 2, 1, 6), (6, 2, 1, 3, 4, 5), (4, 5, 1, 6, 3, 2), (6, 4, 1, 5, 3, 2), (3, 2, 4, 1, 5, 6), (1, 5, 4, 2, 6, 3), (4, 1, 3, 6, 5, 2), (5, 3, 2, 4, 1, 6), (6, 2, 5, 1, 3, 4), (6, 1, 5, 4, 2, 3)}
M(AUB) = 
[[4, 1, 5, 6, 3, 2], [4, 1, 6, 5, 3, 2]]
Distance:62

(41)
A = 
{(2, 1, 4, 6, 5, 3), (5, 3, 2, 6, 4, 1), (1, 2, 6, 4, 5, 3), (1, 3, 2, 5, 4, 6), (5, 2, 1, 4, 6, 3)}
M(A) = 
[[1, 2, 5, 3, 4, 6], [1, 2, 5, 3, 6, 4], [1, 2, 5, 4, 3, 6]]
Distance: 22
B = 
{(1, 2, 5, 3, 6, 4), (4, 3, 2, 5, 1, 6), (1, 4, 2, 3, 6, 5), (6, 1, 3, 5, 4, 2), (5, 1, 2, 3, 6, 4)}
M(B) = 
[[1, 2, 5, 3, 4, 6], [1, 2, 5, 3, 6, 4], [1, 2, 5, 4, 3, 6]]
Distance: 25
M(A) inter A:
set()
M(B) inter B:
set()

AUB = 
{(5, 2, 1, 4, 6, 3), (1, 4, 2, 3, 6, 5), (5, 3, 2, 6, 4, 1), (1, 2, 6, 4, 5, 3), (1, 3, 2, 5, 4, 6), (6, 1, 3, 5, 4, 2), (2, 1, 4, 6, 5, 3), (5, 1, 2, 3, 6, 4), (4, 3, 2, 5, 1, 6), (1, 2, 5, 3, 6, 4)}
M(AUB) = 
[[1, 2, 5, 3, 4, 6], [1, 2, 5, 3, 6, 4], [1, 2, 5, 4, 3, 6]]
Distance:52

(42)
A = 
{(6, 4, 5, 1, 3, 2), (1, 6, 5, 3, 4, 2), (4, 1, 5, 3, 2, 6), (4, 2, 3, 6, 1, 5), (6, 1, 4, 3, 2, 5)}
M(A) = 
[[4, 1, 5, 2, 3, 6], [4, 1, 5, 2, 6, 3], [4, 5, 1, 2, 3, 6], [4, 5, 1, 2, 6, 3], [4, 5, 2, 1, 3, 6], [4, 5, 2, 1, 6, 3], [4, 5, 2, 6, 1, 3]]
Distance: 21
B = 
{(2, 4, 1, 5, 3, 6), (4, 5, 2, 3, 1, 6), (5, 1, 2, 6, 3, 4), (2, 5, 6, 4, 3, 1), (5, 2, 3, 6, 1, 4)}
M(B) = 
[[4, 1, 5, 2, 3, 6], [4, 1, 5, 2, 6, 3], [4, 5, 1, 2, 3, 6], [4, 5, 1, 2, 6, 3], [4, 5, 2, 1, 3, 6], [4, 5, 2, 1, 6, 3], [4, 5, 2, 6, 1, 3]]
Distance: 20
M(A) inter A:
set()
M(B) inter B:
set()

AUB = 
{(6, 1, 4, 3, 2, 5), (2, 5, 6, 4, 3, 1), (2, 4, 1, 5, 3, 6), (4, 5, 2, 3, 1, 6), (4, 1, 5, 3, 2, 6), (1, 6, 5, 3, 4, 2), (6, 4, 5, 1, 3, 2), (5, 1, 2, 6, 3, 4), (4, 2, 3, 6, 1, 5), (5, 2, 3, 6, 1, 4)}
M(AUB) = 
[[4, 1, 5, 2, 3, 6], [4, 1, 5, 2, 6, 3], [4, 5, 1, 2, 3, 6], [4, 5, 1, 2, 6, 3], [4, 5, 2, 1, 3, 6], [4, 5, 2, 1, 6, 3], [4, 5, 2, 6, 1, 3]]
Distance:62

(43)
A = 
{(5, 6, 1, 4, 2, 3), (2, 4, 1, 5, 3, 6), (5, 6, 3, 2, 1, 4), (2, 1, 4, 6, 3, 5), (2, 6, 3, 5, 4, 1)}
M(A) = 
[[2, 5, 6, 1, 4, 3], [5, 2, 6, 1, 4, 3], [5, 6, 2, 1, 4, 3]]
Distance: 26
B = 
{(2, 4, 5, 6, 3, 1), (5, 1, 2, 3, 4, 6), (6, 1, 2, 4, 3, 5), (1, 5, 4, 6, 3, 2), (6, 5, 2, 1, 4, 3)}
M(B) = 
[[2, 5, 6, 1, 4, 3], [5, 2, 6, 1, 4, 3], [5, 6, 2, 1, 4, 3]]
Distance: 24
M(A) inter A:
set()
M(B) inter B:
set()

AUB = 
{(5, 6, 3, 2, 1, 4), (2, 4, 1, 5, 3, 6), (2, 1, 4, 6, 3, 5), (5, 6, 1, 4, 2, 3), (2, 6, 3, 5, 4, 1), (5, 1, 2, 3, 4, 6), (6, 5, 2, 1, 4, 3), (2, 4, 5, 6, 3, 1), (6, 1, 2, 4, 3, 5), (1, 5, 4, 6, 3, 2)}
M(AUB) = 
[[2, 5, 6, 1, 4, 3], [5, 2, 6, 1, 4, 3], [5, 6, 2, 1, 4, 3]]
Distance:53

(44)
A = 
{(2, 1, 6, 4, 5, 3), (4, 2, 6, 1, 5, 3), (6, 5, 2, 3, 1, 4), (6, 1, 2, 4, 3, 5), (6, 5, 1, 3, 2, 4)}
M(A) = 
[[6, 4, 5, 2, 3, 1], [6, 4, 5, 3, 1, 2], [6, 4, 5, 3, 2, 1], [6, 5, 2, 3, 1, 4], [6, 5, 2, 3, 4, 1], [6, 5, 2, 4, 3, 1], [6, 5, 3, 1, 2, 4], [6, 5, 3, 1, 4, 2], [6, 5, 3, 2, 1, 4], [6, 5, 3, 2, 4, 1], [6, 5, 3, 4, 1, 2], [6, 5, 3, 4, 2, 1], [6, 5, 4, 2, 3, 1], [6, 5, 4, 3, 1, 2], [6, 5, 4, 3, 2, 1]]
Distance: 19
B = 
{(2, 5, 4, 6, 3, 1), (6, 4, 5, 3, 1, 2), (3, 1, 6, 5, 4, 2), (5, 3, 4, 1, 6, 2), (3, 6, 4, 5, 2, 1)}
M(B) = 
[[6, 4, 5, 2, 3, 1], [6, 4, 5, 3, 1, 2], [6, 4, 5, 3, 2, 1], [6, 5, 2, 3, 1, 4], [6, 5, 2, 3, 4, 1], [6, 5, 2, 4, 3, 1], [6, 5, 3, 1, 2, 4], [6, 5, 3, 1, 4, 2], [6, 5, 3, 2, 1, 4], [6, 5, 3, 2, 4, 1], [6, 5, 3, 4, 1, 2], [6, 5, 3, 4, 2, 1], [6, 5, 4, 2, 3, 1], [6, 5, 4, 3, 1, 2], [6, 5, 4, 3, 2, 1]]
Distance: 23
M(A) inter A:
set()
M(B) inter B:
set()

AUB = 
{(2, 1, 6, 4, 5, 3), (6, 4, 5, 3, 1, 2), (3, 6, 4, 5, 2, 1), (2, 5, 4, 6, 3, 1), (5, 3, 4, 1, 6, 2), (6, 5, 2, 3, 1, 4), (4, 2, 6, 1, 5, 3), (3, 1, 6, 5, 4, 2), (6, 1, 2, 4, 3, 5), (6, 5, 1, 3, 2, 4)}
M(AUB) = 
[[6, 4, 5, 2, 3, 1], [6, 4, 5, 3, 1, 2], [6, 4, 5, 3, 2, 1], [6, 5, 2, 3, 1, 4], [6, 5, 2, 3, 4, 1], [6, 5, 2, 4, 3, 1], [6, 5, 3, 1, 2, 4], [6, 5, 3, 1, 4, 2], [6, 5, 3, 2, 1, 4], [6, 5, 3, 2, 4, 1], [6, 5, 3, 4, 1, 2], [6, 5, 3, 4, 2, 1], [6, 5, 4, 2, 3, 1], [6, 5, 4, 3, 1, 2], [6, 5, 4, 3, 2, 1]]
Distance:59

(45)
A = 
{(5, 2, 1, 3, 6, 4), (5, 2, 1, 3, 4, 6), (4, 6, 1, 3, 2, 5), (2, 1, 4, 5, 3, 6), (4, 6, 2, 3, 1, 5)}
M(A) = 
[[2, 1, 3, 4, 5, 6], [2, 1, 3, 5, 4, 6], [2, 1, 4, 3, 5, 6], [2, 1, 4, 5, 3, 6], [2, 1, 5, 3, 4, 6], [2, 1, 5, 4, 3, 6]]
Distance: 26
B = 
{(6, 2, 1, 3, 5, 4), (5, 4, 3, 2, 6, 1), (1, 3, 2, 4, 6, 5), (3, 1, 4, 5, 2, 6), (5, 1, 4, 6, 3, 2)}
M(B) = 
[[2, 1, 3, 4, 5, 6], [2, 1, 3, 5, 4, 6], [2, 1, 4, 3, 5, 6], [2, 1, 4, 5, 3, 6], [2, 1, 5, 3, 4, 6], [2, 1, 5, 4, 3, 6]]
Distance: 27
M(A) inter A:
set()
M(B) inter B:
set()

AUB = 
{(5, 2, 1, 3, 4, 6), (2, 1, 4, 5, 3, 6), (5, 1, 4, 6, 3, 2), (4, 6, 2, 3, 1, 5), (3, 1, 4, 5, 2, 6), (1, 3, 2, 4, 6, 5), (5, 2, 1, 3, 6, 4), (5, 4, 3, 2, 6, 1), (6, 2, 1, 3, 5, 4), (4, 6, 1, 3, 2, 5)}
M(AUB) = 
[[2, 1, 3, 4, 5, 6], [2, 1, 3, 5, 4, 6], [2, 1, 4, 3, 5, 6], [2, 1, 4, 5, 3, 6], [2, 1, 5, 3, 4, 6], [2, 1, 5, 4, 3, 6]]
Distance:62

(46)
A = 
{(6, 2, 3, 4, 5, 1), (2, 3, 4, 6, 5, 1), (4, 3, 1, 2, 6, 5), (1, 2, 5, 6, 4, 3), (5, 6, 3, 4, 1, 2)}
M(A) = 
[[5, 3, 1, 2, 6, 4]]
Distance: 28
B = 
{(5, 1, 2, 6, 4, 3), (5, 6, 3, 1, 4, 2), (3, 1, 6, 5, 2, 4), (5, 3, 2, 1, 4, 6), (1, 5, 2, 4, 3, 6)}
M(B) = 
[[5, 3, 1, 2, 6, 4]]
Distance: 19
M(A) inter A:
set()
M(B) inter B:
set()

AUB = 
{(1, 2, 5, 6, 4, 3), (5, 6, 3, 4, 1, 2), (6, 2, 3, 4, 5, 1), (3, 1, 6, 5, 2, 4), (5, 6, 3, 1, 4, 2), (1, 5, 2, 4, 3, 6), (5, 1, 2, 6, 4, 3), (5, 3, 2, 1, 4, 6), (4, 3, 1, 2, 6, 5), (2, 3, 4, 6, 5, 1)}
M(AUB) = 
[[5, 3, 1, 2, 6, 4]]
Distance:58

(47)
A = 
{(6, 4, 2, 3, 5, 1), (4, 1, 2, 6, 5, 3), (1, 4, 5, 6, 3, 2), (2, 4, 6, 3, 1, 5), (5, 2, 1, 3, 4, 6)}
M(A) = 
[[2, 1, 4, 5, 6, 3], [2, 1, 4, 6, 5, 3], [2, 1, 6, 4, 5, 3], [2, 4, 1, 5, 6, 3], [2, 4, 1, 6, 5, 3], [2, 4, 5, 1, 6, 3], [2, 4, 5, 6, 1, 3], [2, 4, 5, 6, 3, 1], [2, 4, 6, 1, 5, 3], [2, 4, 6, 5, 1, 3], [2, 4, 6, 5, 3, 1], [2, 6, 1, 4, 5, 3], [2, 6, 4, 1, 5, 3], [2, 6, 4, 5, 1, 3], [2, 6, 4, 5, 3, 1]]
Distance: 25
B = 
{(2, 6, 5, 3, 1, 4), (6, 2, 3, 4, 1, 5), (4, 2, 1, 5, 6, 3), (5, 3, 6, 1, 2, 4), (5, 2, 1, 3, 6, 4)}
M(B) = 
[[2, 1, 4, 5, 6, 3], [2, 1, 4, 6, 5, 3], [2, 1, 6, 4, 5, 3], [2, 4, 1, 5, 6, 3], [2, 4, 1, 6, 5, 3], [2, 4, 5, 1, 6, 3], [2, 4, 5, 6, 1, 3], [2, 4, 5, 6, 3, 1], [2, 4, 6, 1, 5, 3], [2, 4, 6, 5, 1, 3], [2, 4, 6, 5, 3, 1], [2, 6, 1, 4, 5, 3], [2, 6, 4, 1, 5, 3], [2, 6, 4, 5, 1, 3], [2, 6, 4, 5, 3, 1]]
Distance: 24
M(A) inter A:
set()
M(B) inter B:
set()

AUB = 
{(2, 6, 5, 3, 1, 4), (1, 4, 5, 6, 3, 2), (6, 4, 2, 3, 5, 1), (2, 4, 6, 3, 1, 5), (6, 2, 3, 4, 1, 5), (5, 2, 1, 3, 4, 6), (5, 2, 1, 3, 6, 4), (5, 3, 6, 1, 2, 4), (4, 2, 1, 5, 6, 3), (4, 1, 2, 6, 5, 3)}
M(AUB) = 
[[2, 1, 4, 5, 6, 3], [2, 1, 4, 6, 5, 3], [2, 1, 6, 4, 5, 3], [2, 4, 1, 5, 6, 3], [2, 4, 1, 6, 5, 3], [2, 4, 5, 1, 6, 3], [2, 4, 5, 6, 1, 3], [2, 4, 5, 6, 3, 1], [2, 4, 6, 1, 5, 3], [2, 4, 6, 5, 1, 3], [2, 4, 6, 5, 3, 1], [2, 6, 1, 4, 5, 3], [2, 6, 4, 1, 5, 3], [2, 6, 4, 5, 1, 3], [2, 6, 4, 5, 3, 1]]
Distance:62

(48)
A = 
{(4, 1, 3, 6, 5, 2), (3, 1, 6, 2, 4, 5), (3, 1, 6, 5, 2, 4), (2, 6, 1, 5, 3, 4), (5, 2, 1, 6, 3, 4)}
M(A) = 
[[1, 3, 6, 2, 4, 5], [1, 3, 6, 2, 5, 4], [1, 3, 6, 5, 2, 4]]
Distance: 23
B = 
{(4, 3, 6, 5, 2, 1), (2, 1, 3, 4, 6, 5), (1, 4, 6, 3, 2, 5), (2, 1, 3, 5, 4, 6), (6, 5, 3, 4, 2, 1)}
M(B) = 
[[1, 3, 6, 2, 4, 5], [1, 3, 6, 2, 5, 4], [1, 3, 6, 5, 2, 4]]
Distance: 29
M(A) inter A:
set()
M(B) inter B:
{(2, 1, 3, 4, 6, 5)}

AUB = 
{(2, 1, 3, 5, 4, 6), (1, 4, 6, 3, 2, 5), (3, 1, 6, 5, 2, 4), (6, 5, 3, 4, 2, 1), (3, 1, 6, 2, 4, 5), (2, 6, 1, 5, 3, 4), (2, 1, 3, 4, 6, 5), (5, 2, 1, 6, 3, 4), (4, 1, 3, 6, 5, 2), (4, 3, 6, 5, 2, 1)}
M(AUB) = 
[[1, 3, 6, 2, 4, 5], [1, 3, 6, 2, 5, 4], [1, 3, 6, 5, 2, 4]]
Distance:58

(49)
A = 
{(3, 1, 5, 2, 4, 6), (1, 3, 2, 4, 6, 5), (2, 1, 4, 3, 6, 5), (5, 4, 2, 1, 6, 3), (1, 6, 4, 2, 3, 5)}
M(A) = 
[[1, 2, 3, 4, 6, 5], [1, 2, 3, 6, 4, 5], [1, 2, 3, 6, 5, 4], [1, 2, 4, 3, 6, 5], [1, 2, 4, 6, 3, 5], [1, 2, 6, 3, 4, 5], [1, 2, 6, 3, 5, 4], [1, 2, 6, 4, 3, 5], [1, 3, 2, 4, 6, 5], [1, 3, 2, 6, 4, 5], [1, 3, 2, 6, 5, 4]]
Distance: 22
B = 
{(2, 6, 4, 5, 1, 3), (5, 1, 6, 2, 4, 3), (1, 6, 3, 2, 5, 4), (1, 3, 4, 5, 2, 6), (3, 1, 6, 5, 4, 2)}
M(B) = 
[[1, 2, 3, 4, 6, 5], [1, 2, 3, 6, 4, 5], [1, 2, 3, 6, 5, 4], [1, 2, 4, 3, 6, 5], [1, 2, 4, 6, 3, 5], [1, 2, 6, 3, 4, 5], [1, 2, 6, 3, 5, 4], [1, 2, 6, 4, 3, 5], [1, 3, 2, 4, 6, 5], [1, 3, 2, 6, 4, 5], [1, 3, 2, 6, 5, 4]]
Distance: 25
M(A) inter A:
set()
M(B) inter B:
set()

AUB = 
{(1, 3, 4, 5, 2, 6), (2, 6, 4, 5, 1, 3), (3, 1, 6, 5, 4, 2), (2, 1, 4, 3, 6, 5), (1, 3, 2, 4, 6, 5), (1, 6, 4, 2, 3, 5), (3, 1, 5, 2, 4, 6), (5, 1, 6, 2, 4, 3), (5, 4, 2, 1, 6, 3), (1, 6, 3, 2, 5, 4)}
M(AUB) = 
[[1, 2, 3, 4, 6, 5], [1, 2, 3, 6, 4, 5], [1, 2, 3, 6, 5, 4], [1, 2, 4, 3, 6, 5], [1, 2, 4, 6, 3, 5], [1, 2, 6, 3, 4, 5], [1, 2, 6, 3, 5, 4], [1, 2, 6, 4, 3, 5], [1, 3, 2, 4, 6, 5], [1, 3, 2, 6, 4, 5], [1, 3, 2, 6, 5, 4]]
Distance:56

(50)
A = 
{(1, 5, 3, 2, 6, 4), (3, 4, 5, 2, 6, 1), (1, 2, 4, 3, 5, 6), (4, 1, 2, 5, 6, 3), (3, 2, 1, 4, 5, 6)}
M(A) = 
[[1, 3, 2, 5, 4, 6], [1, 3, 5, 2, 4, 6], [1, 5, 3, 2, 4, 6]]
Distance: 21
B = 
{(5, 1, 3, 4, 2, 6), (3, 2, 5, 6, 1, 4), (1, 5, 4, 6, 2, 3), (6, 5, 3, 1, 2, 4), (1, 3, 2, 6, 5, 4)}
M(B) = 
[[1, 3, 2, 5, 4, 6], [1, 3, 5, 2, 4, 6], [1, 5, 3, 2, 4, 6]]
Distance: 23
M(A) inter A:
set()
M(B) inter B:
set()

AUB = 
{(1, 5, 3, 2, 6, 4), (6, 5, 3, 1, 2, 4), (1, 3, 2, 6, 5, 4), (5, 1, 3, 4, 2, 6), (1, 5, 4, 6, 2, 3), (3, 2, 1, 4, 5, 6), (4, 1, 2, 5, 6, 3), (3, 4, 5, 2, 6, 1), (1, 2, 4, 3, 5, 6), (3, 2, 5, 6, 1, 4)}
M(AUB) = 
[[1, 3, 2, 5, 4, 6], [1, 3, 5, 2, 4, 6], [1, 5, 3, 2, 4, 6]]
Distance:51

(51)
A = 
{(4, 1, 6, 2, 3, 5), (5, 3, 1, 4, 2, 6), (6, 1, 4, 3, 2, 5), (1, 2, 3, 5, 4, 6), (5, 4, 1, 6, 3, 2)}
M(A) = 
[[1, 3, 4, 2, 5, 6], [1, 3, 4, 2, 6, 5], [1, 3, 4, 6, 2, 5], [1, 4, 2, 3, 5, 6], [1, 4, 2, 3, 6, 5], [1, 4, 3, 2, 5, 6], [1, 4, 3, 2, 6, 5], [1, 4, 3, 6, 2, 5], [3, 1, 4, 2, 5, 6], [3, 1, 4, 2, 6, 5], [3, 1, 4, 6, 2, 5], [3, 4, 1, 2, 5, 6], [3, 4, 1, 2, 6, 5], [3, 4, 1, 6, 2, 5], [4, 1, 2, 3, 5, 6], [4, 1, 2, 3, 6, 5], [4, 1, 3, 2, 5, 6], [4, 1, 3, 2, 6, 5], [4, 1, 3, 6, 2, 5], [4, 3, 1, 2, 5, 6], [4, 3, 1, 2, 6, 5], [4, 3, 1, 6, 2, 5]]
Distance: 26
B = 
{(3, 6, 2, 5, 4, 1), (6, 4, 1, 2, 3, 5), (2, 3, 1, 4, 5, 6), (4, 3, 5, 2, 1, 6), (2, 3, 1, 4, 6, 5)}
M(B) = 
[[1, 3, 4, 2, 5, 6], [1, 3, 4, 2, 6, 5], [1, 3, 4, 6, 2, 5], [1, 4, 2, 3, 5, 6], [1, 4, 2, 3, 6, 5], [1, 4, 3, 2, 5, 6], [1, 4, 3, 2, 6, 5], [1, 4, 3, 6, 2, 5], [3, 1, 4, 2, 5, 6], [3, 1, 4, 2, 6, 5], [3, 1, 4, 6, 2, 5], [3, 4, 1, 2, 5, 6], [3, 4, 1, 2, 6, 5], [3, 4, 1, 6, 2, 5], [4, 1, 2, 3, 5, 6], [4, 1, 2, 3, 6, 5], [4, 1, 3, 2, 5, 6], [4, 1, 3, 2, 6, 5], [4, 1, 3, 6, 2, 5], [4, 3, 1, 2, 5, 6], [4, 3, 1, 2, 6, 5], [4, 3, 1, 6, 2, 5]]
Distance: 23
M(A) inter A:
set()
M(B) inter B:
set()

AUB = 
{(4, 1, 6, 2, 3, 5), (5, 3, 1, 4, 2, 6), (6, 1, 4, 3, 2, 5), (2, 3, 1, 4, 5, 6), (1, 2, 3, 5, 4, 6), (4, 3, 5, 2, 1, 6), (6, 4, 1, 2, 3, 5), (5, 4, 1, 6, 3, 2), (3, 6, 2, 5, 4, 1), (2, 3, 1, 4, 6, 5)}
M(AUB) = 
[[1, 3, 4, 2, 5, 6], [1, 3, 4, 2, 6, 5], [1, 3, 4, 6, 2, 5], [1, 4, 2, 3, 5, 6], [1, 4, 2, 3, 6, 5], [1, 4, 3, 2, 5, 6], [1, 4, 3, 2, 6, 5], [1, 4, 3, 6, 2, 5], [3, 1, 4, 2, 5, 6], [3, 1, 4, 2, 6, 5], [3, 1, 4, 6, 2, 5], [3, 4, 1, 2, 5, 6], [3, 4, 1, 2, 6, 5], [3, 4, 1, 6, 2, 5], [4, 1, 2, 3, 5, 6], [4, 1, 2, 3, 6, 5], [4, 1, 3, 2, 5, 6], [4, 1, 3, 2, 6, 5], [4, 1, 3, 6, 2, 5], [4, 3, 1, 2, 5, 6], [4, 3, 1, 2, 6, 5], [4, 3, 1, 6, 2, 5]]
Distance:61

(52)
A = 
{(3, 1, 5, 6, 4, 2), (3, 4, 5, 6, 2, 1), (3, 4, 5, 1, 2, 6), (2, 5, 4, 6, 3, 1), (6, 2, 1, 4, 5, 3)}
M(A) = 
[[3, 4, 2, 6, 1, 5]]
Distance: 28
B = 
{(4, 2, 6, 3, 1, 5), (6, 3, 2, 1, 5, 4), (4, 1, 5, 2, 3, 6), (3, 4, 2, 6, 5, 1), (3, 1, 2, 6, 5, 4)}
M(B) = 
[[3, 4, 2, 6, 1, 5]]
Distance: 24
M(A) inter A:
set()
M(B) inter B:
set()

AUB = 
{(3, 4, 5, 1, 2, 6), (6, 2, 1, 4, 5, 3), (3, 1, 5, 6, 4, 2), (2, 5, 4, 6, 3, 1), (3, 4, 2, 6, 5, 1), (3, 4, 5, 6, 2, 1), (4, 1, 5, 2, 3, 6), (3, 1, 2, 6, 5, 4), (4, 2, 6, 3, 1, 5), (6, 3, 2, 1, 5, 4)}
M(AUB) = 
[[3, 4, 2, 6, 1, 5]]
Distance:58

(53)
A = 
{(4, 6, 5, 3, 1, 2), (1, 5, 6, 3, 4, 2), (3, 4, 6, 1, 2, 5), (6, 1, 3, 4, 2, 5), (2, 1, 5, 3, 6, 4)}
M(A) = 
[[6, 4, 1, 2, 5, 3], [6, 4, 1, 5, 3, 2]]
Distance: 25
B = 
{(1, 6, 5, 3, 4, 2), (2, 6, 5, 4, 3, 1), (4, 3, 5, 6, 1, 2), (2, 6, 4, 1, 5, 3), (2, 4, 5, 1, 3, 6)}
M(B) = 
[[6, 4, 1, 2, 5, 3], [6, 4, 1, 5, 3, 2]]
Distance: 27
M(A) inter A:
set()
M(B) inter B:
set()

AUB = 
{(2, 6, 4, 1, 5, 3), (2, 4, 5, 1, 3, 6), (1, 5, 6, 3, 4, 2), (4, 6, 5, 3, 1, 2), (6, 1, 3, 4, 2, 5), (1, 6, 5, 3, 4, 2), (2, 6, 5, 4, 3, 1), (3, 4, 6, 1, 2, 5), (2, 1, 5, 3, 6, 4), (4, 3, 5, 6, 1, 2)}
M(AUB) = 
[[6, 4, 1, 2, 5, 3], [6, 4, 1, 5, 3, 2]]
Distance:62

(54)
A = 
{(5, 2, 1, 4, 3, 6), (2, 3, 4, 1, 6, 5), (1, 3, 2, 4, 6, 5), (3, 2, 5, 6, 1, 4), (1, 2, 5, 6, 3, 4)}
M(A) = 
[[2, 3, 4, 1, 5, 6], [2, 3, 4, 1, 6, 5], [3, 2, 4, 1, 5, 6], [3, 2, 4, 1, 6, 5]]
Distance: 21
B = 
{(3, 4, 1, 6, 2, 5), (2, 4, 5, 3, 1, 6), (4, 1, 5, 2, 6, 3), (3, 6, 4, 5, 2, 1), (4, 1, 3, 6, 5, 2)}
M(B) = 
[[2, 3, 4, 1, 5, 6], [2, 3, 4, 1, 6, 5], [3, 2, 4, 1, 5, 6], [3, 2, 4, 1, 6, 5]]
Distance: 22
M(A) inter A:
set()
M(B) inter B:
set()

AUB = 
{(5, 2, 1, 4, 3, 6), (4, 1, 5, 2, 6, 3), (1, 3, 2, 4, 6, 5), (3, 4, 1, 6, 2, 5), (3, 6, 4, 5, 2, 1), (1, 2, 5, 6, 3, 4), (4, 1, 3, 6, 5, 2), (2, 3, 4, 1, 6, 5), (2, 4, 5, 3, 1, 6), (3, 2, 5, 6, 1, 4)}
M(AUB) = 
[[2, 3, 4, 1, 5, 6], [2, 3, 4, 1, 6, 5], [3, 2, 4, 1, 5, 6], [3, 2, 4, 1, 6, 5]]
Distance:57

(55)
A = 
{(6, 1, 4, 3, 5, 2), (1, 6, 3, 5, 4, 2), (4, 1, 5, 6, 2, 3), (1, 3, 6, 2, 4, 5), (2, 6, 4, 1, 3, 5)}
M(A) = 
[[6, 1, 3, 4, 5, 2], [6, 1, 3, 5, 2, 4], [6, 1, 3, 5, 4, 2], [6, 3, 4, 1, 5, 2], [6, 4, 1, 3, 5, 2]]
Distance: 19
B = 
{(1, 6, 5, 3, 2, 4), (3, 2, 6, 5, 4, 1), (6, 5, 4, 3, 2, 1), (3, 4, 5, 6, 1, 2), (6, 5, 2, 3, 4, 1)}
M(B) = 
[[6, 1, 3, 4, 5, 2], [6, 1, 3, 5, 2, 4], [6, 1, 3, 5, 4, 2], [6, 3, 4, 1, 5, 2], [6, 4, 1, 3, 5, 2]]
Distance: 19
M(A) inter A:
set()
M(B) inter B:
set()

AUB = 
{(1, 3, 6, 2, 4, 5), (6, 5, 2, 3, 4, 1), (1, 6, 3, 5, 4, 2), (1, 6, 5, 3, 2, 4), (6, 1, 4, 3, 5, 2), (3, 2, 6, 5, 4, 1), (3, 4, 5, 6, 1, 2), (4, 1, 5, 6, 2, 3), (2, 6, 4, 1, 3, 5), (6, 5, 4, 3, 2, 1)}
M(AUB) = 
[[6, 1, 3, 4, 5, 2], [6, 1, 3, 5, 2, 4], [6, 1, 3, 5, 4, 2], [6, 3, 4, 1, 5, 2], [6, 4, 1, 3, 5, 2]]
Distance:55

(56)
A = 
{(5, 2, 6, 1, 4, 3), (4, 6, 2, 3, 1, 5), (3, 5, 4, 6, 1, 2), (6, 3, 2, 5, 1, 4), (5, 6, 3, 1, 4, 2)}
M(A) = 
[[6, 2, 3, 1, 5, 4], [6, 2, 3, 5, 1, 4], [6, 3, 1, 2, 5, 4], [6, 3, 1, 5, 2, 4], [6, 3, 2, 1, 5, 4], [6, 3, 2, 5, 1, 4], [6, 3, 5, 1, 2, 4], [6, 3, 5, 2, 1, 4]]
Distance: 25
B = 
{(2, 6, 1, 4, 3, 5), (4, 1, 3, 6, 5, 2), (3, 6, 1, 2, 5, 4), (6, 2, 4, 3, 5, 1), (1, 6, 5, 2, 3, 4)}
M(B) = 
[[6, 2, 3, 1, 5, 4], [6, 2, 3, 5, 1, 4], [6, 3, 1, 2, 5, 4], [6, 3, 1, 5, 2, 4], [6, 3, 2, 1, 5, 4], [6, 3, 2, 5, 1, 4], [6, 3, 5, 1, 2, 4], [6, 3, 5, 2, 1, 4]]
Distance: 23
M(A) inter A:
set()
M(B) inter B:
set()

AUB = 
{(2, 6, 1, 4, 3, 5), (4, 6, 2, 3, 1, 5), (4, 1, 3, 6, 5, 2), (6, 2, 4, 3, 5, 1), (5, 6, 3, 1, 4, 2), (3, 5, 4, 6, 1, 2), (6, 3, 2, 5, 1, 4), (5, 2, 6, 1, 4, 3), (3, 6, 1, 2, 5, 4), (1, 6, 5, 2, 3, 4)}
M(AUB) = 
[[6, 2, 3, 1, 5, 4], [6, 2, 3, 5, 1, 4], [6, 3, 1, 2, 5, 4], [6, 3, 1, 5, 2, 4], [6, 3, 2, 1, 5, 4], [6, 3, 2, 5, 1, 4], [6, 3, 5, 1, 2, 4], [6, 3, 5, 2, 1, 4]]
Distance:57

(57)
A = 
{(6, 5, 2, 4, 1, 3), (1, 5, 2, 3, 4, 6), (3, 1, 4, 6, 5, 2), (3, 6, 4, 1, 2, 5), (3, 1, 4, 5, 6, 2)}
M(A) = 
[[1, 4, 5, 2, 3, 6], [1, 4, 5, 3, 6, 2], [1, 4, 5, 6, 2, 3], [1, 4, 6, 5, 2, 3]]
Distance: 24
B = 
{(2, 3, 4, 1, 5, 6), (1, 4, 5, 2, 3, 6), (2, 5, 4, 6, 3, 1), (1, 4, 6, 5, 3, 2), (6, 5, 2, 1, 4, 3)}
M(B) = 
[[1, 4, 5, 2, 3, 6], [1, 4, 5, 3, 6, 2], [1, 4, 5, 6, 2, 3], [1, 4, 6, 5, 2, 3]]
Distance: 27
M(A) inter A:
set()
M(B) inter B:
set()

AUB = 
{(3, 1, 4, 6, 5, 2), (6, 5, 2, 1, 4, 3), (6, 5, 2, 4, 1, 3), (3, 1, 4, 5, 6, 2), (1, 5, 2, 3, 4, 6), (2, 5, 4, 6, 3, 1), (2, 3, 4, 1, 5, 6), (1, 4, 6, 5, 3, 2), (1, 4, 5, 2, 3, 6), (3, 6, 4, 1, 2, 5)}
M(AUB) = 
[[1, 4, 5, 2, 3, 6], [1, 4, 5, 3, 6, 2], [1, 4, 5, 6, 2, 3], [1, 4, 6, 5, 2, 3]]
Distance:63

(58)
A = 
{(3, 6, 1, 5, 2, 4), (3, 5, 1, 6, 2, 4), (1, 6, 4, 3, 5, 2), (3, 1, 4, 6, 2, 5), (5, 4, 1, 2, 6, 3)}
M(A) = 
[[3, 1, 4, 5, 2, 6], [3, 1, 5, 2, 4, 6], [3, 1, 5, 4, 2, 6], [3, 5, 1, 2, 4, 6], [3, 5, 1, 4, 2, 6]]
Distance: 22
B = 
{(3, 5, 1, 2, 4, 6), (3, 4, 2, 5, 1, 6), (4, 1, 2, 5, 6, 3), (5, 2, 1, 6, 3, 4), (2, 4, 3, 1, 6, 5)}
M(B) = 
[[3, 1, 4, 5, 2, 6], [3, 1, 5, 2, 4, 6], [3, 1, 5, 4, 2, 6], [3, 5, 1, 2, 4, 6], [3, 5, 1, 4, 2, 6]]
Distance: 24
M(A) inter A:
set()
M(B) inter B:
set()

AUB = 
{(3, 5, 1, 2, 4, 6), (5, 2, 1, 6, 3, 4), (2, 4, 3, 1, 6, 5), (3, 1, 4, 6, 2, 5), (3, 5, 1, 6, 2, 4), (3, 4, 2, 5, 1, 6), (4, 1, 2, 5, 6, 3), (3, 6, 1, 5, 2, 4), (1, 6, 4, 3, 5, 2), (5, 4, 1, 2, 6, 3)}
M(AUB) = 
[[3, 1, 4, 5, 2, 6], [3, 1, 5, 2, 4, 6], [3, 1, 5, 4, 2, 6], [3, 5, 1, 2, 4, 6], [3, 5, 1, 4, 2, 6]]
Distance:58

(59)
A = 
{(4, 6, 5, 3, 1, 2), (3, 2, 4, 5, 1, 6), (4, 6, 2, 5, 1, 3), (1, 2, 5, 6, 3, 4), (6, 3, 1, 5, 2, 4)}
M(A) = 
[[2, 6, 5, 3, 4, 1], [2, 6, 5, 4, 3, 1], [6, 2, 5, 3, 4, 1], [6, 2, 5, 4, 3, 1]]
Distance: 32
B = 
{(6, 3, 1, 2, 5, 4), (6, 4, 2, 3, 5, 1), (2, 5, 4, 1, 6, 3), (1, 2, 5, 6, 4, 3), (2, 6, 5, 3, 4, 1)}
M(B) = 
[[2, 6, 5, 3, 4, 1], [2, 6, 5, 4, 3, 1], [6, 2, 5, 3, 4, 1], [6, 2, 5, 4, 3, 1]]
Distance: 22
M(A) inter A:
set()
M(B) inter B:
set()

AUB = 
{(3, 2, 4, 5, 1, 6), (6, 4, 2, 3, 5, 1), (6, 3, 1, 5, 2, 4), (4, 6, 5, 3, 1, 2), (2, 5, 4, 1, 6, 3), (2, 6, 5, 3, 4, 1), (6, 3, 1, 2, 5, 4), (1, 2, 5, 6, 3, 4), (1, 2, 5, 6, 4, 3), (4, 6, 2, 5, 1, 3)}
M(AUB) = 
[[2, 6, 5, 3, 4, 1], [2, 6, 5, 4, 3, 1], [6, 2, 5, 3, 4, 1], [6, 2, 5, 4, 3, 1]]
Distance:57

(60)
A = 
{(2, 5, 6, 3, 1, 4), (1, 6, 4, 2, 5, 3), (3, 1, 2, 5, 6, 4), (5, 2, 6, 4, 1, 3), (2, 1, 6, 5, 4, 3)}
M(A) = 
[[1, 2, 6, 4, 5, 3], [1, 2, 6, 5, 4, 3], [1, 6, 2, 4, 5, 3], [1, 6, 2, 5, 4, 3], [2, 1, 6, 4, 5, 3], [2, 1, 6, 5, 4, 3], [2, 6, 1, 4, 5, 3], [2, 6, 1, 5, 4, 3], [6, 1, 2, 4, 5, 3], [6, 1, 2, 5, 4, 3], [6, 2, 1, 4, 5, 3], [6, 2, 1, 5, 4, 3]]
Distance: 20
B = 
{(2, 6, 4, 1, 5, 3), (1, 4, 5, 3, 6, 2), (1, 6, 2, 4, 5, 3), (6, 3, 2, 4, 1, 5), (6, 5, 4, 3, 1, 2)}
M(B) = 
[[1, 2, 6, 4, 5, 3], [1, 2, 6, 5, 4, 3], [1, 6, 2, 4, 5, 3], [1, 6, 2, 5, 4, 3], [2, 1, 6, 4, 5, 3], [2, 1, 6, 5, 4, 3], [2, 6, 1, 4, 5, 3], [2, 6, 1, 5, 4, 3], [6, 1, 2, 4, 5, 3], [6, 1, 2, 5, 4, 3], [6, 2, 1, 4, 5, 3], [6, 2, 1, 5, 4, 3]]
Distance: 24
M(A) inter A:
set()
M(B) inter B:
set()

AUB = 
{(2, 6, 4, 1, 5, 3), (1, 6, 2, 4, 5, 3), (1, 4, 5, 3, 6, 2), (2, 5, 6, 3, 1, 4), (6, 5, 4, 3, 1, 2), (1, 6, 4, 2, 5, 3), (3, 1, 2, 5, 6, 4), (6, 3, 2, 4, 1, 5), (5, 2, 6, 4, 1, 3), (2, 1, 6, 5, 4, 3)}
M(AUB) = 
[[1, 2, 6, 4, 5, 3], [1, 2, 6, 5, 4, 3], [1, 6, 2, 4, 5, 3], [1, 6, 2, 5, 4, 3], [2, 1, 6, 4, 5, 3], [2, 1, 6, 5, 4, 3], [2, 6, 1, 4, 5, 3], [2, 6, 1, 5, 4, 3], [6, 1, 2, 4, 5, 3], [6, 1, 2, 5, 4, 3], [6, 2, 1, 4, 5, 3], [6, 2, 1, 5, 4, 3]]
Distance:53

(61)
A = 
{(5, 6, 2, 1, 4, 3), (2, 3, 1, 4, 5, 6), (1, 3, 4, 2, 5, 6), (1, 5, 4, 3, 6, 2), (2, 4, 1, 5, 6, 3)}
M(A) = 
[[1, 3, 4, 5, 6, 2]]
Distance: 23
B = 
{(4, 3, 6, 2, 5, 1), (1, 6, 3, 5, 2, 4), (6, 5, 2, 3, 1, 4), (6, 3, 1, 4, 5, 2), (2, 4, 1, 5, 6, 3)}
M(B) = 
[[1, 3, 4, 5, 6, 2]]
Distance: 28
M(A) inter A:
set()
M(B) inter B:
set()

AUB = 
{(5, 6, 2, 1, 4, 3), (2, 3, 1, 4, 5, 6), (1, 6, 3, 5, 2, 4), (1, 3, 4, 2, 5, 6), (4, 3, 6, 2, 5, 1), (1, 5, 4, 3, 6, 2), (6, 5, 2, 3, 1, 4), (6, 3, 1, 4, 5, 2), (2, 4, 1, 5, 6, 3)}
M(AUB) = 
[[1, 3, 4, 5, 6, 2]]
Distance:59

(62)
A = 
{(4, 6, 1, 3, 5, 2), (6, 3, 4, 5, 2, 1), (4, 5, 2, 6, 1, 3), (1, 2, 4, 3, 5, 6), (3, 2, 6, 4, 5, 1)}
M(A) = 
[[1, 2, 4, 3, 5, 6], [1, 2, 4, 3, 6, 5], [1, 2, 4, 6, 3, 5], [1, 4, 2, 3, 5, 6], [1, 4, 2, 3, 6, 5], [1, 4, 2, 6, 3, 5], [1, 4, 3, 5, 2, 6], [1, 4, 3, 5, 6, 2], [1, 4, 3, 6, 5, 2], [1, 4, 5, 2, 3, 6], [1, 4, 5, 2, 6, 3], [1, 4, 5, 6, 2, 3], [1, 4, 6, 2, 3, 5], [1, 4, 6, 3, 5, 2], [1, 4, 6, 5, 2, 3]]
Distance: 27
B = 
{(1, 4, 5, 6, 2, 3), (5, 1, 6, 2, 4, 3), (1, 2, 3, 6, 4, 5), (2, 1, 3, 4, 6, 5), (5, 1, 4, 3, 6, 2)}
M(B) = 
[[1, 2, 4, 3, 5, 6], [1, 2, 4, 3, 6, 5], [1, 2, 4, 6, 3, 5], [1, 4, 2, 3, 5, 6], [1, 4, 2, 3, 6, 5], [1, 4, 2, 6, 3, 5], [1, 4, 3, 5, 2, 6], [1, 4, 3, 5, 6, 2], [1, 4, 3, 6, 5, 2], [1, 4, 5, 2, 3, 6], [1, 4, 5, 2, 6, 3], [1, 4, 5, 6, 2, 3], [1, 4, 6, 2, 3, 5], [1, 4, 6, 3, 5, 2], [1, 4, 6, 5, 2, 3]]
Distance: 24
M(A) inter A:
set()
M(B) inter B:
{(1, 4, 5, 6, 2, 3)}

AUB = 
{(4, 6, 1, 3, 5, 2), (1, 2, 3, 6, 4, 5), (1, 4, 5, 6, 2, 3), (4, 5, 2, 6, 1, 3), (3, 2, 6, 4, 5, 1), (5, 1, 6, 2, 4, 3), (6, 3, 4, 5, 2, 1), (5, 1, 4, 3, 6, 2), (1, 2, 4, 3, 5, 6), (2, 1, 3, 4, 6, 5)}
M(AUB) = 
[[1, 2, 4, 3, 5, 6], [1, 2, 4, 3, 6, 5], [1, 2, 4, 6, 3, 5], [1, 4, 2, 3, 5, 6], [1, 4, 2, 3, 6, 5], [1, 4, 2, 6, 3, 5], [1, 4, 3, 5, 2, 6], [1, 4, 3, 5, 6, 2], [1, 4, 3, 6, 5, 2], [1, 4, 5, 2, 3, 6], [1, 4, 5, 2, 6, 3], [1, 4, 5, 6, 2, 3], [1, 4, 6, 2, 3, 5], [1, 4, 6, 3, 5, 2], [1, 4, 6, 5, 2, 3]]
Distance:63

(63)
A = 
{(4, 2, 1, 3, 5, 6), (6, 2, 4, 5, 3, 1), (5, 4, 6, 3, 2, 1), (2, 5, 4, 3, 1, 6), (1, 3, 6, 2, 5, 4)}
M(A) = 
[[6, 2, 5, 4, 3, 1]]
Distance: 27
B = 
{(4, 6, 2, 1, 3, 5), (5, 4, 3, 1, 2, 6), (6, 2, 3, 5, 4, 1), (3, 1, 5, 6, 4, 2), (6, 5, 1, 3, 2, 4)}
M(B) = 
[[6, 2, 5, 4, 3, 1]]
Distance: 28
M(A) inter A:
set()
M(B) inter B:
set()

AUB = 
{(2, 5, 4, 3, 1, 6), (5, 4, 3, 1, 2, 6), (6, 2, 3, 5, 4, 1), (3, 1, 5, 6, 4, 2), (6, 2, 4, 5, 3, 1), (4, 6, 2, 1, 3, 5), (1, 3, 6, 2, 5, 4), (4, 2, 1, 3, 5, 6), (5, 4, 6, 3, 2, 1), (6, 5, 1, 3, 2, 4)}
M(AUB) = 
[[6, 2, 5, 4, 3, 1]]
Distance:64

(64)
A = 
{(4, 5, 2, 6, 3, 1), (3, 1, 4, 5, 6, 2), (5, 2, 6, 4, 1, 3), (6, 5, 3, 4, 1, 2), (3, 2, 1, 4, 6, 5)}
M(A) = 
[[5, 6, 3, 2, 4, 1], [6, 5, 3, 2, 4, 1]]
Distance: 30
B = 
{(6, 1, 3, 2, 5, 4), (3, 2, 6, 5, 4, 1), (5, 6, 4, 3, 1, 2), (5, 3, 2, 1, 4, 6), (6, 5, 2, 3, 4, 1)}
M(B) = 
[[5, 6, 3, 2, 4, 1], [6, 5, 3, 2, 4, 1]]
Distance: 21
M(A) inter A:
set()
M(B) inter B:
set()

AUB = 
{(5, 6, 4, 3, 1, 2), (6, 5, 2, 3, 4, 1), (3, 2, 1, 4, 6, 5), (3, 1, 4, 5, 6, 2), (6, 1, 3, 2, 5, 4), (3, 2, 6, 5, 4, 1), (5, 3, 2, 1, 4, 6), (4, 5, 2, 6, 3, 1), (5, 2, 6, 4, 1, 3), (6, 5, 3, 4, 1, 2)}
M(AUB) = 
[[5, 6, 3, 2, 4, 1], [6, 5, 3, 2, 4, 1]]
Distance:54

(65)
A = 
{(4, 3, 1, 2, 5, 6), (4, 1, 2, 5, 3, 6), (3, 6, 1, 2, 5, 4), (2, 3, 6, 4, 1, 5), (3, 4, 2, 6, 5, 1)}
M(A) = 
[[3, 1, 4, 2, 5, 6], [3, 1, 4, 2, 6, 5], [3, 4, 1, 2, 5, 6], [3, 4, 1, 2, 6, 5], [4, 3, 1, 2, 5, 6], [4, 3, 1, 2, 6, 5]]
Distance: 21
B = 
{(2, 5, 6, 1, 3, 4), (2, 1, 4, 6, 5, 3), (4, 5, 3, 1, 2, 6), (3, 5, 6, 1, 4, 2), (1, 6, 4, 2, 5, 3)}
M(B) = 
[[3, 1, 4, 2, 5, 6], [3, 1, 4, 2, 6, 5], [3, 4, 1, 2, 5, 6], [3, 4, 1, 2, 6, 5], [4, 3, 1, 2, 5, 6], [4, 3, 1, 2, 6, 5]]
Distance: 30
M(A) inter A:
set()
M(B) inter B:
set()

AUB = 
{(4, 1, 2, 5, 3, 6), (4, 3, 1, 2, 5, 6), (3, 5, 6, 1, 4, 2), (3, 4, 2, 6, 5, 1), (2, 1, 4, 6, 5, 3), (1, 6, 4, 2, 5, 3), (2, 5, 6, 1, 3, 4), (3, 6, 1, 2, 5, 4), (2, 3, 6, 4, 1, 5), (4, 5, 3, 1, 2, 6)}
M(AUB) = 
[[3, 1, 4, 2, 5, 6], [3, 1, 4, 2, 6, 5], [3, 4, 1, 2, 5, 6], [3, 4, 1, 2, 6, 5], [4, 3, 1, 2, 5, 6], [4, 3, 1, 2, 6, 5]]
Distance:62

(66)
A = 
{(6, 2, 4, 1, 5, 3), (4, 5, 1, 3, 6, 2), (6, 4, 2, 1, 3, 5), (6, 1, 4, 3, 2, 5), (5, 6, 1, 2, 3, 4)}
M(A) = 
[[6, 4, 2, 1, 3, 5], [6, 4, 2, 1, 5, 3]]
Distance: 21
B = 
{(3, 2, 1, 5, 6, 4), (4, 6, 2, 1, 3, 5), (1, 6, 4, 2, 5, 3), (2, 1, 4, 5, 3, 6), (4, 2, 6, 3, 5, 1)}
M(B) = 
[[6, 4, 2, 1, 3, 5], [6, 4, 2, 1, 5, 3]]
Distance: 24
M(A) inter A:
set()
M(B) inter B:
set()

AUB = 
{(4, 6, 2, 1, 3, 5), (6, 1, 4, 3, 2, 5), (6, 4, 2, 1, 3, 5), (4, 2, 6, 3, 5, 1), (1, 6, 4, 2, 5, 3), (5, 6, 1, 2, 3, 4), (6, 2, 4, 1, 5, 3), (4, 5, 1, 3, 6, 2), (3, 2, 1, 5, 6, 4), (2, 1, 4, 5, 3, 6)}
M(AUB) = 
[[6, 4, 2, 1, 3, 5], [6, 4, 2, 1, 5, 3]]
Distance:50

(67)
A = 
{(5, 1, 3, 4, 6, 2), (1, 3, 5, 4, 6, 2), (4, 2, 6, 3, 1, 5), (6, 4, 3, 1, 2, 5), (5, 4, 6, 2, 3, 1)}
M(A) = 
[[4, 2, 6, 1, 3, 5], [4, 6, 2, 1, 3, 5], [6, 4, 2, 1, 3, 5]]
Distance: 28
B = 
{(2, 6, 1, 3, 5, 4), (2, 5, 6, 1, 3, 4), (5, 2, 6, 4, 1, 3), (2, 6, 4, 3, 1, 5), (1, 4, 6, 2, 3, 5)}
M(B) = 
[[4, 2, 6, 1, 3, 5], [4, 6, 2, 1, 3, 5], [6, 4, 2, 1, 3, 5]]
Distance: 20
M(A) inter A:
set()
M(B) inter B:
{(2, 6, 1, 3, 5, 4)}

AUB = 
{(6, 4, 3, 1, 2, 5), (5, 4, 6, 2, 3, 1), (5, 1, 3, 4, 6, 2), (1, 3, 5, 4, 6, 2), (2, 5, 6, 1, 3, 4), (2, 6, 4, 3, 1, 5), (2, 6, 1, 3, 5, 4), (1, 4, 6, 2, 3, 5), (4, 2, 6, 3, 1, 5), (5, 2, 6, 4, 1, 3)}
M(AUB) = 
[[4, 2, 6, 1, 3, 5], [4, 6, 2, 1, 3, 5], [6, 4, 2, 1, 3, 5]]
Distance:62

(68)
A = 
{(4, 6, 2, 3, 5, 1), (1, 5, 4, 2, 6, 3), (3, 1, 2, 5, 4, 6), (4, 1, 6, 3, 2, 5), (1, 2, 3, 5, 6, 4)}
M(A) = 
[[1, 4, 2, 3, 5, 6], [1, 4, 2, 3, 6, 5], [1, 4, 2, 6, 3, 5], [1, 4, 6, 2, 3, 5]]
Distance: 26
B = 
{(1, 5, 4, 3, 6, 2), (5, 2, 4, 3, 1, 6), (2, 6, 1, 4, 5, 3), (1, 4, 6, 2, 3, 5), (3, 4, 6, 2, 5, 1)}
M(B) = 
[[1, 4, 2, 3, 5, 6], [1, 4, 2, 3, 6, 5], [1, 4, 2, 6, 3, 5], [1, 4, 6, 2, 3, 5]]
Distance: 30
M(A) inter A:
set()
M(B) inter B:
set()

AUB = 
{(4, 6, 2, 3, 5, 1), (5, 2, 4, 3, 1, 6), (3, 4, 6, 2, 5, 1), (4, 1, 6, 3, 2, 5), (1, 2, 3, 5, 6, 4), (1, 5, 4, 3, 6, 2), (3, 1, 2, 5, 4, 6), (1, 4, 6, 2, 3, 5), (2, 6, 1, 4, 5, 3), (1, 5, 4, 2, 6, 3)}
M(AUB) = 
[[1, 4, 2, 3, 5, 6], [1, 4, 2, 3, 6, 5], [1, 4, 2, 6, 3, 5], [1, 4, 6, 2, 3, 5]]
Distance:58

(69)
A = 
{(2, 1, 3, 5, 4, 6), (2, 4, 1, 3, 5, 6), (3, 6, 4, 5, 2, 1), (5, 2, 6, 4, 3, 1), (4, 5, 2, 1, 6, 3)}
M(A) = 
[[2, 1, 3, 5, 6, 4], [2, 1, 5, 3, 6, 4], [2, 1, 5, 6, 3, 4], [2, 3, 1, 5, 6, 4], [2, 3, 5, 1, 6, 4], [2, 3, 5, 6, 1, 4], [2, 3, 5, 6, 4, 1], [2, 5, 1, 3, 6, 4], [2, 5, 1, 6, 3, 4], [2, 5, 3, 1, 6, 4], [2, 5, 3, 6, 1, 4], [2, 5, 3, 6, 4, 1], [2, 5, 6, 1, 3, 4], [2, 5, 6, 3, 1, 4], [2, 5, 6, 3, 4, 1], [5, 2, 1, 3, 6, 4], [5, 2, 1, 6, 3, 4], [5, 2, 3, 1, 6, 4], [5, 2, 3, 6, 1, 4], [5, 2, 3, 6, 4, 1], [5, 2, 6, 1, 3, 4], [5, 2, 6, 3, 1, 4], [5, 2, 6, 3, 4, 1]]
Distance: 26
B = 
{(5, 6, 2, 3, 4, 1), (3, 1, 4, 2, 6, 5), (3, 6, 5, 2, 1, 4), (6, 2, 1, 5, 3, 4), (1, 2, 5, 6, 3, 4)}
M(B) = 
[[2, 1, 3, 5, 6, 4], [2, 1, 5, 3, 6, 4], [2, 1, 5, 6, 3, 4], [2, 3, 1, 5, 6, 4], [2, 3, 5, 1, 6, 4], [2, 3, 5, 6, 1, 4], [2, 3, 5, 6, 4, 1], [2, 5, 1, 3, 6, 4], [2, 5, 1, 6, 3, 4], [2, 5, 3, 1, 6, 4], [2, 5, 3, 6, 1, 4], [2, 5, 3, 6, 4, 1], [2, 5, 6, 1, 3, 4], [2, 5, 6, 3, 1, 4], [2, 5, 6, 3, 4, 1], [5, 2, 1, 3, 6, 4], [5, 2, 1, 6, 3, 4], [5, 2, 3, 1, 6, 4], [5, 2, 3, 6, 1, 4], [5, 2, 3, 6, 4, 1], [5, 2, 6, 1, 3, 4], [5, 2, 6, 3, 1, 4], [5, 2, 6, 3, 4, 1]]
Distance: 25
M(A) inter A:
set()
M(B) inter B:
{(6, 2, 1, 5, 3, 4)}

AUB = 
{(5, 6, 2, 3, 4, 1), (3, 6, 5, 2, 1, 4), (6, 2, 1, 5, 3, 4), (5, 2, 6, 4, 3, 1), (3, 1, 4, 2, 6, 5), (1, 2, 5, 6, 3, 4), (3, 6, 4, 5, 2, 1), (4, 5, 2, 1, 6, 3), (2, 4, 1, 3, 5, 6), (2, 1, 3, 5, 4, 6)}
M(AUB) = 
[[2, 1, 3, 5, 6, 4], [2, 1, 5, 3, 6, 4], [2, 1, 5, 6, 3, 4], [2, 3, 1, 5, 6, 4], [2, 3, 5, 1, 6, 4], [2, 3, 5, 6, 1, 4], [2, 3, 5, 6, 4, 1], [2, 5, 1, 3, 6, 4], [2, 5, 1, 6, 3, 4], [2, 5, 3, 1, 6, 4], [2, 5, 3, 6, 1, 4], [2, 5, 3, 6, 4, 1], [2, 5, 6, 1, 3, 4], [2, 5, 6, 3, 1, 4], [2, 5, 6, 3, 4, 1], [5, 2, 1, 3, 6, 4], [5, 2, 1, 6, 3, 4], [5, 2, 3, 1, 6, 4], [5, 2, 3, 6, 1, 4], [5, 2, 3, 6, 4, 1], [5, 2, 6, 1, 3, 4], [5, 2, 6, 3, 1, 4], [5, 2, 6, 3, 4, 1]]
Distance:62

(70)
A = 
{(6, 1, 4, 3, 5, 2), (5, 2, 3, 1, 4, 6), (5, 4, 2, 3, 1, 6), (1, 5, 6, 2, 4, 3), (4, 3, 1, 6, 5, 2)}
M(A) = 
[[5, 4, 2, 3, 1, 6], [5, 4, 3, 1, 6, 2], [5, 4, 3, 2, 1, 6]]
Distance: 28
B = 
{(5, 2, 3, 1, 6, 4), (6, 5, 2, 4, 1, 3), (5, 3, 4, 2, 1, 6), (4, 3, 6, 5, 2, 1), (5, 1, 3, 4, 6, 2)}
M(B) = 
[[5, 4, 2, 3, 1, 6], [5, 4, 3, 1, 6, 2], [5, 4, 3, 2, 1, 6]]
Distance: 23
M(A) inter A:
set()
M(B) inter B:
{(5, 3, 4, 2, 1, 6)}

AUB = 
{(4, 3, 1, 6, 5, 2), (1, 5, 6, 2, 4, 3), (5, 3, 4, 2, 1, 6), (6, 5, 2, 4, 1, 3), (6, 1, 4, 3, 5, 2), (5, 2, 3, 1, 6, 4), (5, 4, 2, 3, 1, 6), (5, 2, 3, 1, 4, 6), (4, 3, 6, 5, 2, 1), (5, 1, 3, 4, 6, 2)}
M(AUB) = 
[[5, 4, 2, 3, 1, 6], [5, 4, 3, 1, 6, 2], [5, 4, 3, 2, 1, 6]]
Distance:55

(71)
A = 
{(3, 5, 1, 2, 6, 4), (1, 4, 3, 5, 6, 2), (1, 2, 6, 4, 5, 3), (3, 1, 6, 4, 2, 5), (3, 2, 5, 6, 1, 4)}
M(A) = 
[[1, 3, 2, 6, 4, 5], [3, 1, 2, 6, 4, 5]]
Distance: 23
B = 
{(4, 2, 5, 1, 6, 3), (2, 6, 3, 5, 4, 1), (4, 1, 6, 3, 5, 2), (6, 5, 3, 1, 2, 4), (1, 4, 3, 2, 5, 6)}
M(B) = 
[[1, 3, 2, 6, 4, 5], [3, 1, 2, 6, 4, 5]]
Distance: 31
M(A) inter A:
set()
M(B) inter B:
set()

AUB = 
{(3, 5, 1, 2, 6, 4), (4, 2, 5, 1, 6, 3), (1, 4, 3, 2, 5, 6), (1, 2, 6, 4, 5, 3), (1, 4, 3, 5, 6, 2), (2, 6, 3, 5, 4, 1), (3, 1, 6, 4, 2, 5), (6, 5, 3, 1, 2, 4), (4, 1, 6, 3, 5, 2), (3, 2, 5, 6, 1, 4)}
M(AUB) = 
[[1, 3, 2, 6, 4, 5], [3, 1, 2, 6, 4, 5]]
Distance:61

(72)
A = 
{(6, 2, 1, 4, 5, 3), (1, 6, 2, 4, 5, 3), (5, 6, 3, 2, 4, 1), (1, 2, 4, 5, 6, 3), (5, 6, 1, 2, 3, 4)}
M(A) = 
[[6, 1, 2, 4, 5, 3], [6, 2, 1, 4, 5, 3]]
Distance: 20
B = 
{(3, 6, 2, 1, 4, 5), (3, 4, 2, 5, 6, 1), (4, 1, 3, 5, 6, 2), (4, 1, 2, 3, 5, 6), (5, 6, 3, 2, 1, 4)}
M(B) = 
[[6, 1, 2, 4, 5, 3], [6, 2, 1, 4, 5, 3]]
Distance: 27
M(A) inter A:
set()
M(B) inter B:
{(3, 4, 2, 5, 6, 1)}

AUB = 
{(3, 6, 2, 1, 4, 5), (5, 6, 3, 2, 1, 4), (1, 6, 2, 4, 5, 3), (6, 2, 1, 4, 5, 3), (4, 1, 2, 3, 5, 6), (4, 1, 3, 5, 6, 2), (5, 6, 1, 2, 3, 4), (3, 4, 2, 5, 6, 1), (5, 6, 3, 2, 4, 1), (1, 2, 4, 5, 6, 3)}
M(AUB) = 
[[6, 1, 2, 4, 5, 3], [6, 2, 1, 4, 5, 3]]
Distance:63

(73)
A = 
{(4, 3, 6, 2, 5, 1), (4, 2, 5, 3, 1, 6), (1, 5, 6, 2, 3, 4), (2, 5, 4, 6, 1, 3), (5, 6, 2, 4, 3, 1)}
M(A) = 
[[2, 4, 1, 5, 6, 3], [2, 4, 5, 1, 6, 3], [2, 5, 4, 1, 6, 3]]
Distance: 24
B = 
{(5, 2, 3, 1, 6, 4), (1, 4, 5, 2, 6, 3), (1, 6, 2, 5, 3, 4), (4, 3, 2, 1, 5, 6), (2, 4, 1, 6, 3, 5)}
M(B) = 
[[2, 4, 1, 5, 6, 3], [2, 4, 5, 1, 6, 3], [2, 5, 4, 1, 6, 3]]
Distance: 25
M(A) inter A:
set()
M(B) inter B:
set()

AUB = 
{(2, 4, 1, 6, 3, 5), (1, 5, 6, 2, 3, 4), (2, 5, 4, 6, 1, 3), (1, 6, 2, 5, 3, 4), (1, 4, 5, 2, 6, 3), (4, 3, 6, 2, 5, 1), (5, 2, 3, 1, 6, 4), (4, 3, 2, 1, 5, 6), (4, 2, 5, 3, 1, 6), (5, 6, 2, 4, 3, 1)}
M(AUB) = 
[[2, 4, 1, 5, 6, 3], [2, 4, 5, 1, 6, 3], [2, 5, 4, 1, 6, 3]]
Distance:56

(74)
A = 
{(2, 6, 5, 1, 3, 4), (4, 6, 2, 5, 1, 3), (1, 2, 5, 4, 3, 6), (5, 3, 4, 6, 2, 1), (3, 2, 1, 6, 5, 4)}
M(A) = 
[[2, 6, 1, 5, 3, 4], [2, 6, 5, 1, 3, 4], [2, 6, 5, 3, 1, 4], [6, 2, 1, 5, 3, 4], [6, 2, 5, 1, 3, 4], [6, 2, 5, 3, 1, 4]]
Distance: 28
B = 
{(1, 3, 5, 2, 6, 4), (6, 2, 5, 3, 1, 4), (5, 6, 2, 3, 1, 4), (6, 4, 3, 1, 2, 5), (1, 4, 2, 6, 3, 5)}
M(B) = 
[[2, 6, 1, 5, 3, 4], [2, 6, 5, 1, 3, 4], [2, 6, 5, 3, 1, 4], [6, 2, 1, 5, 3, 4], [6, 2, 5, 1, 3, 4], [6, 2, 5, 3, 1, 4]]
Distance: 28
M(A) inter A:
set()
M(B) inter B:
set()

AUB = 
{(6, 2, 5, 3, 1, 4), (1, 2, 5, 4, 3, 6), (5, 3, 4, 6, 2, 1), (6, 4, 3, 1, 2, 5), (1, 3, 5, 2, 6, 4), (2, 6, 5, 1, 3, 4), (5, 6, 2, 3, 1, 4), (3, 2, 1, 6, 5, 4), (4, 6, 2, 5, 1, 3), (1, 4, 2, 6, 3, 5)}
M(AUB) = 
[[2, 6, 1, 5, 3, 4], [2, 6, 5, 1, 3, 4], [2, 6, 5, 3, 1, 4], [6, 2, 1, 5, 3, 4], [6, 2, 5, 1, 3, 4], [6, 2, 5, 3, 1, 4]]
Distance:60

(75)
A = 
{(2, 1, 5, 6, 3, 4), (1, 5, 6, 3, 2, 4), (2, 5, 1, 4, 3, 6), (4, 6, 1, 5, 3, 2), (5, 4, 6, 1, 3, 2)}
M(A) = 
[[5, 1, 4, 6, 3, 2], [5, 1, 6, 4, 3, 2], [5, 6, 1, 4, 3, 2]]
Distance: 24
B = 
{(3, 5, 1, 2, 6, 4), (3, 4, 5, 2, 6, 1), (6, 2, 5, 1, 4, 3), (4, 5, 6, 2, 1, 3), (1, 5, 6, 4, 3, 2)}
M(B) = 
[[5, 1, 4, 6, 3, 2], [5, 1, 6, 4, 3, 2], [5, 6, 1, 4, 3, 2]]
Distance: 28
M(A) inter A:
set()
M(B) inter B:
set()

AUB = 
{(3, 5, 1, 2, 6, 4), (1, 5, 6, 3, 2, 4), (4, 6, 1, 5, 3, 2), (2, 1, 5, 6, 3, 4), (5, 4, 6, 1, 3, 2), (3, 4, 5, 2, 6, 1), (6, 2, 5, 1, 4, 3), (1, 5, 6, 4, 3, 2), (2, 5, 1, 4, 3, 6), (4, 5, 6, 2, 1, 3)}
M(AUB) = 
[[5, 1, 4, 6, 3, 2], [5, 1, 6, 4, 3, 2], [5, 6, 1, 4, 3, 2]]
Distance:55

(76)
A = 
{(2, 1, 3, 5, 6, 4), (1, 6, 3, 2, 5, 4), (2, 1, 6, 3, 5, 4), (1, 4, 6, 2, 5, 3), (1, 6, 5, 2, 3, 4)}
M(A) = 
[[1, 6, 2, 3, 5, 4]]
Distance: 14
B = 
{(2, 5, 6, 1, 3, 4), (3, 1, 5, 2, 4, 6), (1, 5, 4, 6, 2, 3), (4, 3, 6, 2, 5, 1), (1, 4, 6, 2, 3, 5)}
M(B) = 
[[1, 6, 2, 3, 5, 4]]
Distance: 30
M(A) inter A:
set()
M(B) inter B:
{(1, 5, 4, 6, 2, 3), (1, 4, 6, 2, 3, 5)}

AUB = 
{(4, 3, 6, 2, 5, 1), (1, 5, 4, 6, 2, 3), (1, 6, 3, 2, 5, 4), (2, 1, 6, 3, 5, 4), (3, 1, 5, 2, 4, 6), (2, 1, 3, 5, 6, 4), (1, 4, 6, 2, 3, 5), (2, 5, 6, 1, 3, 4), (1, 4, 6, 2, 5, 3), (1, 6, 5, 2, 3, 4)}
M(AUB) = 
[[1, 6, 2, 3, 5, 4]]
Distance:48

(77)
A = 
{(2, 4, 3, 5, 1, 6), (1, 3, 4, 6, 5, 2), (3, 4, 6, 1, 2, 5), (1, 3, 6, 4, 2, 5), (2, 3, 5, 1, 4, 6)}
M(A) = 
[[3, 4, 6, 2, 1, 5], [3, 6, 2, 1, 4, 5], [3, 6, 2, 4, 1, 5], [3, 6, 4, 2, 1, 5]]
Distance: 21
B = 
{(6, 3, 1, 2, 5, 4), (2, 3, 6, 4, 1, 5), (5, 4, 6, 2, 1, 3), (6, 4, 3, 2, 1, 5), (2, 5, 1, 6, 3, 4)}
M(B) = 
[[3, 4, 6, 2, 1, 5], [3, 6, 2, 1, 4, 5], [3, 6, 2, 4, 1, 5], [3, 6, 4, 2, 1, 5]]
Distance: 26
M(A) inter A:
set()
M(B) inter B:
set()

AUB = 
{(2, 3, 5, 1, 4, 6), (6, 3, 1, 2, 5, 4), (2, 3, 6, 4, 1, 5), (5, 4, 6, 2, 1, 3), (1, 3, 6, 4, 2, 5), (3, 4, 6, 1, 2, 5), (6, 4, 3, 2, 1, 5), (2, 5, 1, 6, 3, 4), (1, 3, 4, 6, 5, 2), (2, 4, 3, 5, 1, 6)}
M(AUB) = 
[[3, 4, 6, 2, 1, 5], [3, 6, 2, 1, 4, 5], [3, 6, 2, 4, 1, 5], [3, 6, 4, 2, 1, 5]]
Distance:60

(78)
A = 
{(5, 4, 3, 1, 2, 6), (5, 1, 3, 2, 6, 4), (4, 6, 1, 3, 2, 5), (3, 5, 4, 2, 6, 1), (1, 6, 2, 4, 3, 5)}
M(A) = 
[[4, 1, 3, 5, 2, 6], [4, 1, 3, 5, 6, 2], [4, 1, 3, 6, 5, 2]]
Distance: 29
B = 
{(1, 5, 3, 2, 6, 4), (3, 5, 6, 4, 1, 2), (6, 2, 4, 1, 3, 5), (4, 6, 1, 5, 2, 3), (2, 4, 3, 1, 6, 5)}
M(B) = 
[[4, 1, 3, 5, 2, 6], [4, 1, 3, 5, 6, 2], [4, 1, 3, 6, 5, 2]]
Distance: 31
M(A) inter A:
set()
M(B) inter B:
{(6, 2, 4, 1, 3, 5)}

AUB = 
{(1, 5, 3, 2, 6, 4), (4, 6, 1, 5, 2, 3), (2, 4, 3, 1, 6, 5), (5, 1, 3, 2, 6, 4), (6, 2, 4, 1, 3, 5), (5, 4, 3, 1, 2, 6), (3, 5, 4, 2, 6, 1), (4, 6, 1, 3, 2, 5), (3, 5, 6, 4, 1, 2), (1, 6, 2, 4, 3, 5)}
M(AUB) = 
[[4, 1, 3, 5, 2, 6], [4, 1, 3, 5, 6, 2], [4, 1, 3, 6, 5, 2]]
Distance:64

(79)
A = 
{(3, 1, 2, 6, 4, 5), (4, 5, 1, 2, 6, 3), (3, 5, 2, 4, 6, 1), (4, 5, 3, 2, 6, 1), (2, 3, 5, 1, 4, 6)}
M(A) = 
[[4, 5, 3, 2, 1, 6], [4, 5, 3, 2, 6, 1], [5, 3, 4, 2, 1, 6], [5, 3, 4, 2, 6, 1], [5, 4, 3, 2, 1, 6], [5, 4, 3, 2, 6, 1]]
Distance: 24
B = 
{(6, 4, 2, 1, 5, 3), (5, 3, 4, 2, 6, 1), (1, 5, 6, 3, 4, 2), (6, 4, 3, 2, 5, 1), (1, 5, 4, 3, 6, 2)}
M(B) = 
[[4, 5, 3, 2, 1, 6], [4, 5, 3, 2, 6, 1], [5, 3, 4, 2, 1, 6], [5, 3, 4, 2, 6, 1], [5, 4, 3, 2, 1, 6], [5, 4, 3, 2, 6, 1]]
Distance: 27
M(A) inter A:
set()
M(B) inter B:
set()

AUB = 
{(4, 5, 3, 2, 6, 1), (1, 5, 6, 3, 4, 2), (2, 3, 5, 1, 4, 6), (3, 1, 2, 6, 4, 5), (3, 5, 2, 4, 6, 1), (6, 4, 3, 2, 5, 1), (6, 4, 2, 1, 5, 3), (4, 5, 1, 2, 6, 3), (5, 3, 4, 2, 6, 1), (1, 5, 4, 3, 6, 2)}
M(AUB) = 
[[4, 5, 3, 2, 1, 6], [4, 5, 3, 2, 6, 1], [5, 3, 4, 2, 1, 6], [5, 3, 4, 2, 6, 1], [5, 4, 3, 2, 1, 6], [5, 4, 3, 2, 6, 1]]
Distance:60

(80)
A = 
{(4, 3, 6, 2, 5, 1), (1, 2, 5, 3, 4, 6), (3, 4, 6, 1, 2, 5), (5, 4, 1, 6, 2, 3), (4, 2, 1, 5, 3, 6)}
M(A) = 
[[4, 1, 5, 3, 6, 2]]
Distance: 25
B = 
{(1, 4, 3, 5, 2, 6), (5, 2, 3, 6, 1, 4), (4, 1, 3, 5, 6, 2), (1, 6, 2, 5, 3, 4), (5, 4, 3, 6, 1, 2)}
M(B) = 
[[4, 1, 5, 3, 6, 2]]
Distance: 26
M(A) inter A:
set()
M(B) inter B:
set()

AUB = 
{(5, 4, 1, 6, 2, 3), (1, 2, 5, 3, 4, 6), (4, 1, 3, 5, 6, 2), (4, 2, 1, 5, 3, 6), (5, 4, 3, 6, 1, 2), (5, 2, 3, 6, 1, 4), (1, 4, 3, 5, 2, 6), (4, 3, 6, 2, 5, 1), (3, 4, 6, 1, 2, 5), (1, 6, 2, 5, 3, 4)}
M(AUB) = 
[[4, 1, 5, 3, 6, 2]]
Distance:56

(81)
A = 
{(5, 6, 3, 4, 2, 1), (3, 6, 2, 5, 4, 1), (5, 3, 6, 1, 2, 4), (5, 4, 6, 1, 3, 2), (5, 6, 4, 2, 3, 1)}
M(A) = 
[[3, 5, 6, 4, 2, 1], [5, 3, 6, 4, 2, 1], [5, 6, 3, 4, 2, 1]]
Distance: 15
B = 
{(1, 3, 5, 4, 6, 2), (3, 6, 5, 4, 2, 1), (2, 3, 1, 4, 5, 6), (6, 5, 3, 4, 2, 1), (1, 4, 6, 2, 3, 5)}
M(B) = 
[[3, 5, 6, 4, 2, 1], [5, 3, 6, 4, 2, 1], [5, 6, 3, 4, 2, 1]]
Distance: 28
M(A) inter A:
set()
M(B) inter B:
set()

AUB = 
{(3, 6, 2, 5, 4, 1), (2, 3, 1, 4, 5, 6), (1, 3, 5, 4, 6, 2), (5, 3, 6, 1, 2, 4), (5, 4, 6, 1, 3, 2), (3, 6, 5, 4, 2, 1), (6, 5, 3, 4, 2, 1), (1, 4, 6, 2, 3, 5), (5, 6, 3, 4, 2, 1), (5, 6, 4, 2, 3, 1)}
M(AUB) = 
[[3, 5, 6, 4, 2, 1], [5, 3, 6, 4, 2, 1], [5, 6, 3, 4, 2, 1]]
Distance:50

(82)
A = 
{(5, 2, 1, 3, 4, 6), (1, 2, 3, 5, 6, 4), (2, 5, 3, 4, 1, 6), (6, 4, 1, 3, 2, 5), (5, 2, 6, 4, 3, 1)}
M(A) = 
[[2, 4, 5, 1, 3, 6], [2, 5, 4, 1, 3, 6]]
Distance: 26
B = 
{(3, 2, 5, 1, 6, 4), (4, 2, 3, 5, 1, 6), (4, 1, 5, 6, 2, 3), (4, 2, 6, 5, 1, 3), (1, 3, 2, 4, 5, 6)}
M(B) = 
[[2, 4, 5, 1, 3, 6], [2, 5, 4, 1, 3, 6]]
Distance: 25
M(A) inter A:
set()
M(B) inter B:
{(4, 2, 3, 5, 1, 6)}

AUB = 
{(4, 2, 3, 5, 1, 6), (1, 3, 2, 4, 5, 6), (1, 2, 3, 5, 6, 4), (4, 2, 6, 5, 1, 3), (2, 5, 3, 4, 1, 6), (6, 4, 1, 3, 2, 5), (5, 2, 1, 3, 4, 6), (3, 2, 5, 1, 6, 4), (5, 2, 6, 4, 3, 1), (4, 1, 5, 6, 2, 3)}
M(AUB) = 
[[2, 4, 5, 1, 3, 6], [2, 5, 4, 1, 3, 6]]
Distance:56

(83)
A = 
{(4, 6, 5, 2, 1, 3), (2, 4, 1, 3, 5, 6), (5, 3, 2, 1, 6, 4), (4, 3, 2, 5, 1, 6), (1, 4, 6, 2, 3, 5)}
M(A) = 
[[2, 4, 1, 3, 5, 6], [2, 4, 3, 1, 5, 6], [2, 4, 3, 5, 1, 6], [4, 2, 1, 3, 5, 6], [4, 2, 3, 1, 5, 6], [4, 2, 3, 5, 1, 6], [4, 3, 2, 1, 5, 6], [4, 3, 2, 5, 1, 6]]
Distance: 26
B = 
{(4, 5, 3, 6, 1, 2), (1, 6, 2, 3, 4, 5), (4, 2, 1, 5, 6, 3), (3, 5, 6, 2, 4, 1), (3, 2, 4, 6, 1, 5)}
M(B) = 
[[2, 4, 1, 3, 5, 6], [2, 4, 3, 1, 5, 6], [2, 4, 3, 5, 1, 6], [4, 2, 1, 3, 5, 6], [4, 2, 3, 1, 5, 6], [4, 2, 3, 5, 1, 6], [4, 3, 2, 1, 5, 6], [4, 3, 2, 5, 1, 6]]
Distance: 30
M(A) inter A:
set()
M(B) inter B:
{(3, 2, 4, 6, 1, 5)}

AUB = 
{(3, 5, 6, 2, 4, 1), (4, 6, 5, 2, 1, 3), (4, 3, 2, 5, 1, 6), (1, 6, 2, 3, 4, 5), (5, 3, 2, 1, 6, 4), (1, 4, 6, 2, 3, 5), (4, 5, 3, 6, 1, 2), (4, 2, 1, 5, 6, 3), (2, 4, 1, 3, 5, 6), (3, 2, 4, 6, 1, 5)}
M(AUB) = 
[[2, 4, 1, 3, 5, 6], [2, 4, 3, 1, 5, 6], [2, 4, 3, 5, 1, 6], [4, 2, 1, 3, 5, 6], [4, 2, 3, 1, 5, 6], [4, 2, 3, 5, 1, 6], [4, 3, 2, 1, 5, 6], [4, 3, 2, 5, 1, 6]]
Distance:60

(84)
A = 
{(1, 6, 3, 5, 2, 4), (5, 2, 6, 1, 3, 4), (5, 4, 3, 2, 1, 6), (4, 3, 6, 1, 2, 5), (5, 6, 2, 4, 3, 1)}
M(A) = 
[[5, 2, 4, 6, 1, 3], [5, 2, 6, 1, 4, 3], [5, 2, 6, 4, 1, 3], [5, 6, 2, 1, 4, 3], [5, 6, 2, 4, 1, 3]]
Distance: 29
B = 
{(2, 4, 6, 1, 5, 3), (6, 1, 5, 3, 4, 2), (5, 4, 2, 1, 6, 3), (5, 6, 1, 2, 3, 4), (2, 1, 5, 4, 6, 3)}
M(B) = 
[[5, 2, 4, 6, 1, 3], [5, 2, 6, 1, 4, 3], [5, 2, 6, 4, 1, 3], [5, 6, 2, 1, 4, 3], [5, 6, 2, 4, 1, 3]]
Distance: 24
M(A) inter A:
set()
M(B) inter B:
{(2, 1, 5, 4, 6, 3)}

AUB = 
{(2, 1, 5, 4, 6, 3), (6, 1, 5, 3, 4, 2), (4, 3, 6, 1, 2, 5), (1, 6, 3, 5, 2, 4), (5, 2, 6, 1, 3, 4), (5, 6, 1, 2, 3, 4), (2, 4, 6, 1, 5, 3), (5, 4, 3, 2, 1, 6), (5, 4, 2, 1, 6, 3), (5, 6, 2, 4, 3, 1)}
M(AUB) = 
[[5, 2, 4, 6, 1, 3], [5, 2, 6, 1, 4, 3], [5, 2, 6, 4, 1, 3], [5, 6, 2, 1, 4, 3], [5, 6, 2, 4, 1, 3]]
Distance:56

(85)
A = 
{(5, 1, 3, 6, 4, 2), (3, 5, 6, 4, 1, 2), (1, 3, 6, 5, 2, 4), (5, 3, 4, 6, 1, 2), (6, 1, 3, 4, 2, 5)}
M(A) = 
[[6, 5, 1, 2, 3, 4], [6, 5, 1, 3, 2, 4], [6, 5, 1, 3, 4, 2]]
Distance: 18
B = 
{(6, 2, 5, 3, 1, 4), (4, 6, 5, 2, 1, 3), (6, 2, 5, 1, 4, 3), (1, 2, 4, 3, 6, 5), (2, 6, 3, 4, 5, 1)}
M(B) = 
[[6, 5, 1, 2, 3, 4], [6, 5, 1, 3, 2, 4], [6, 5, 1, 3, 4, 2]]
Distance: 21
M(A) inter A:
set()
M(B) inter B:
{(6, 2, 5, 1, 4, 3)}

AUB = 
{(5, 1, 3, 6, 4, 2), (6, 2, 5, 3, 1, 4), (1, 3, 6, 5, 2, 4), (4, 6, 5, 2, 1, 3), (6, 2, 5, 1, 4, 3), (6, 1, 3, 4, 2, 5), (5, 3, 4, 6, 1, 2), (2, 6, 3, 4, 5, 1), (1, 2, 4, 3, 6, 5), (3, 5, 6, 4, 1, 2)}
M(AUB) = 
[[6, 5, 1, 2, 3, 4], [6, 5, 1, 3, 2, 4], [6, 5, 1, 3, 4, 2]]
Distance:58

(86)
A = 
{(6, 5, 2, 4, 1, 3), (6, 2, 5, 4, 1, 3), (5, 6, 2, 4, 1, 3), (6, 2, 4, 1, 3, 5), (3, 2, 4, 5, 1, 6)}
M(A) = 
[[5, 6, 2, 4, 1, 3]]
Distance: 16
B = 
{(5, 6, 3, 2, 1, 4), (2, 3, 4, 5, 6, 1), (1, 3, 2, 4, 6, 5), (1, 5, 6, 3, 4, 2), (1, 4, 5, 6, 3, 2)}
M(B) = 
[[5, 6, 2, 4, 1, 3]]
Distance: 28
M(A) inter A:
set()
M(B) inter B:
set()

AUB = 
{(5, 6, 3, 2, 1, 4), (5, 6, 2, 4, 1, 3), (1, 5, 6, 3, 4, 2), (6, 5, 2, 4, 1, 3), (1, 3, 2, 4, 6, 5), (1, 4, 5, 6, 3, 2), (6, 2, 4, 1, 3, 5), (3, 2, 4, 5, 1, 6), (2, 3, 4, 5, 6, 1), (6, 2, 5, 4, 1, 3)}
M(AUB) = 
[[5, 6, 2, 4, 1, 3]]
Distance:58

(87)
A = 
{(4, 3, 5, 6, 1, 2), (6, 3, 2, 4, 1, 5), (1, 2, 5, 6, 4, 3), (6, 4, 3, 1, 2, 5), (5, 6, 2, 4, 3, 1)}
M(A) = 
[[2, 6, 1, 4, 3, 5], [2, 6, 4, 1, 3, 5], [2, 6, 4, 3, 1, 5]]
Distance: 25
B = 
{(4, 2, 6, 1, 3, 5), (2, 6, 1, 4, 3, 5), (2, 5, 1, 6, 3, 4), (5, 3, 2, 6, 1, 4), (1, 2, 6, 3, 5, 4)}
M(B) = 
[[2, 6, 1, 4, 3, 5], [2, 6, 4, 1, 3, 5], [2, 6, 4, 3, 1, 5]]
Distance: 20
M(A) inter A:
set()
M(B) inter B:
set()

AUB = 
{(4, 2, 6, 1, 3, 5), (2, 6, 1, 4, 3, 5), (1, 2, 5, 6, 4, 3), (1, 2, 6, 3, 5, 4), (6, 4, 3, 1, 2, 5), (6, 3, 2, 4, 1, 5), (5, 3, 2, 6, 1, 4), (4, 3, 5, 6, 1, 2), (2, 5, 1, 6, 3, 4), (5, 6, 2, 4, 3, 1)}
M(AUB) = 
[[2, 6, 1, 4, 3, 5], [2, 6, 4, 1, 3, 5], [2, 6, 4, 3, 1, 5]]
Distance:57

(88)
A = 
{(2, 4, 5, 6, 3, 1), (1, 2, 6, 5, 3, 4), (1, 3, 6, 4, 2, 5), (3, 2, 6, 4, 5, 1), (4, 5, 6, 3, 2, 1)}
M(A) = 
[[6, 3, 2, 4, 5, 1]]
Distance: 30
B = 
{(4, 2, 3, 5, 1, 6), (6, 5, 3, 2, 1, 4), (4, 6, 3, 1, 2, 5), (6, 5, 2, 4, 3, 1), (6, 3, 2, 1, 4, 5)}
M(B) = 
[[6, 3, 2, 4, 5, 1]]
Distance: 24
M(A) inter A:
set()
M(B) inter B:
set()

AUB = 
{(6, 3, 2, 1, 4, 5), (4, 2, 3, 5, 1, 6), (6, 5, 2, 4, 3, 1), (1, 3, 6, 4, 2, 5), (4, 6, 3, 1, 2, 5), (4, 5, 6, 3, 2, 1), (6, 5, 3, 2, 1, 4), (1, 2, 6, 5, 3, 4), (3, 2, 6, 4, 5, 1), (2, 4, 5, 6, 3, 1)}
M(AUB) = 
[[6, 3, 2, 4, 5, 1]]
Distance:54

(89)
A = 
{(2, 4, 5, 3, 1, 6), (2, 1, 6, 3, 5, 4), (3, 6, 4, 5, 2, 1), (2, 3, 1, 5, 4, 6), (4, 3, 2, 5, 6, 1)}
M(A) = 
[[2, 3, 4, 1, 5, 6], [2, 3, 4, 1, 6, 5], [2, 3, 4, 5, 1, 6], [2, 4, 3, 1, 5, 6], [2, 4, 3, 1, 6, 5], [2, 4, 3, 5, 1, 6], [3, 2, 4, 1, 5, 6], [3, 2, 4, 1, 6, 5], [3, 2, 4, 5, 1, 6], [3, 4, 2, 1, 5, 6], [3, 4, 2, 1, 6, 5], [3, 4, 2, 5, 1, 6], [4, 2, 3, 1, 5, 6], [4, 2, 3, 1, 6, 5], [4, 2, 3, 5, 1, 6], [4, 3, 2, 1, 5, 6], [4, 3, 2, 1, 6, 5], [4, 3, 2, 5, 1, 6]]
Distance: 23
B = 
{(5, 2, 3, 1, 6, 4), (3, 1, 2, 6, 4, 5), (4, 1, 6, 2, 5, 3), (4, 6, 1, 3, 5, 2), (5, 4, 3, 1, 6, 2)}
M(B) = 
[[2, 3, 4, 1, 5, 6], [2, 3, 4, 1, 6, 5], [2, 3, 4, 5, 1, 6], [2, 4, 3, 1, 5, 6], [2, 4, 3, 1, 6, 5], [2, 4, 3, 5, 1, 6], [3, 2, 4, 1, 5, 6], [3, 2, 4, 1, 6, 5], [3, 2, 4, 5, 1, 6], [3, 4, 2, 1, 5, 6], [3, 4, 2, 1, 6, 5], [3, 4, 2, 5, 1, 6], [4, 2, 3, 1, 5, 6], [4, 2, 3, 1, 6, 5], [4, 2, 3, 5, 1, 6], [4, 3, 2, 1, 5, 6], [4, 3, 2, 1, 6, 5], [4, 3, 2, 5, 1, 6]]
Distance: 29
M(A) inter A:
set()
M(B) inter B:
set()

AUB = 
{(3, 1, 2, 6, 4, 5), (2, 1, 6, 3, 5, 4), (4, 3, 2, 5, 6, 1), (5, 4, 3, 1, 6, 2), (4, 6, 1, 3, 5, 2), (3, 6, 4, 5, 2, 1), (2, 3, 1, 5, 4, 6), (5, 2, 3, 1, 6, 4), (4, 1, 6, 2, 5, 3), (2, 4, 5, 3, 1, 6)}
M(AUB) = 
[[2, 3, 4, 1, 5, 6], [2, 3, 4, 1, 6, 5], [2, 3, 4, 5, 1, 6], [2, 4, 3, 1, 5, 6], [2, 4, 3, 1, 6, 5], [2, 4, 3, 5, 1, 6], [3, 2, 4, 1, 5, 6], [3, 2, 4, 1, 6, 5], [3, 2, 4, 5, 1, 6], [3, 4, 2, 1, 5, 6], [3, 4, 2, 1, 6, 5], [3, 4, 2, 5, 1, 6], [4, 2, 3, 1, 5, 6], [4, 2, 3, 1, 6, 5], [4, 2, 3, 5, 1, 6], [4, 3, 2, 1, 5, 6], [4, 3, 2, 1, 6, 5], [4, 3, 2, 5, 1, 6]]
Distance:62

(90)
A = 
{(5, 1, 3, 6, 2, 4), (6, 5, 1, 4, 2, 3), (3, 6, 1, 2, 4, 5), (6, 4, 3, 1, 2, 5), (1, 6, 2, 3, 5, 4)}
M(A) = 
[[3, 6, 1, 2, 4, 5], [3, 6, 1, 2, 5, 4], [3, 6, 1, 5, 2, 4], [3, 6, 5, 1, 2, 4], [6, 1, 3, 2, 4, 5], [6, 1, 3, 2, 5, 4], [6, 1, 3, 5, 2, 4], [6, 3, 1, 2, 4, 5], [6, 3, 1, 2, 5, 4], [6, 3, 1, 5, 2, 4], [6, 3, 5, 1, 2, 4]]
Distance: 22
B = 
{(2, 4, 6, 5, 1, 3), (3, 5, 2, 6, 4, 1), (2, 1, 4, 6, 3, 5), (3, 5, 6, 2, 4, 1), (4, 3, 1, 5, 2, 6)}
M(B) = 
[[3, 6, 1, 2, 4, 5], [3, 6, 1, 2, 5, 4], [3, 6, 1, 5, 2, 4], [3, 6, 5, 1, 2, 4], [6, 1, 3, 2, 4, 5], [6, 1, 3, 2, 5, 4], [6, 1, 3, 5, 2, 4], [6, 3, 1, 2, 4, 5], [6, 3, 1, 2, 5, 4], [6, 3, 1, 5, 2, 4], [6, 3, 5, 1, 2, 4]]
Distance: 27
M(A) inter A:
set()
M(B) inter B:
set()

AUB = 
{(5, 1, 3, 6, 2, 4), (3, 6, 1, 2, 4, 5), (6, 4, 3, 1, 2, 5), (3, 5, 2, 6, 4, 1), (4, 3, 1, 5, 2, 6), (2, 1, 4, 6, 3, 5), (2, 4, 6, 5, 1, 3), (6, 5, 1, 4, 2, 3), (3, 5, 6, 2, 4, 1), (1, 6, 2, 3, 5, 4)}
M(AUB) = 
[[3, 6, 1, 2, 4, 5], [3, 6, 1, 2, 5, 4], [3, 6, 1, 5, 2, 4], [3, 6, 5, 1, 2, 4], [6, 1, 3, 2, 4, 5], [6, 1, 3, 2, 5, 4], [6, 1, 3, 5, 2, 4], [6, 3, 1, 2, 4, 5], [6, 3, 1, 2, 5, 4], [6, 3, 1, 5, 2, 4], [6, 3, 5, 1, 2, 4]]
Distance:64

(91)
A = 
{(2, 6, 1, 5, 4, 3), (3, 6, 4, 2, 1, 5), (2, 3, 5, 4, 6, 1), (5, 4, 3, 2, 1, 6), (2, 3, 5, 6, 4, 1)}
M(A) = 
[[2, 5, 3, 6, 4, 1]]
Distance: 21
B = 
{(4, 2, 1, 6, 5, 3), (5, 3, 6, 4, 2, 1), (1, 2, 5, 4, 3, 6), (5, 6, 3, 2, 4, 1), (5, 6, 1, 4, 3, 2)}
M(B) = 
[[2, 5, 3, 6, 4, 1]]
Distance: 27
M(A) inter A:
set()
M(B) inter B:
set()

AUB = 
{(1, 2, 5, 4, 3, 6), (2, 6, 1, 5, 4, 3), (5, 3, 6, 4, 2, 1), (5, 6, 1, 4, 3, 2), (2, 3, 5, 4, 6, 1), (4, 2, 1, 6, 5, 3), (2, 3, 5, 6, 4, 1), (5, 6, 3, 2, 4, 1), (3, 6, 4, 2, 1, 5), (5, 4, 3, 2, 1, 6)}
M(AUB) = 
[[2, 5, 3, 6, 4, 1]]
Distance:55

(92)
A = 
{(6, 4, 2, 5, 1, 3), (6, 2, 3, 5, 4, 1), (5, 3, 2, 4, 1, 6), (5, 3, 4, 1, 2, 6), (1, 2, 4, 3, 5, 6)}
M(A) = 
[[2, 4, 5, 3, 1, 6], [2, 4, 5, 3, 6, 1], [2, 5, 4, 3, 1, 6], [2, 5, 4, 3, 6, 1], [4, 2, 5, 3, 1, 6], [4, 2, 5, 3, 6, 1]]
Distance: 28
B = 
{(4, 2, 3, 5, 1, 6), (2, 4, 5, 1, 3, 6), (4, 5, 6, 3, 1, 2), (3, 2, 6, 5, 1, 4), (5, 6, 4, 1, 2, 3)}
M(B) = 
[[2, 4, 5, 3, 1, 6], [2, 4, 5, 3, 6, 1], [2, 5, 4, 3, 1, 6], [2, 5, 4, 3, 6, 1], [4, 2, 5, 3, 1, 6], [4, 2, 5, 3, 6, 1]]
Distance: 25
M(A) inter A:
set()
M(B) inter B:
set()

AUB = 
{(2, 4, 5, 1, 3, 6), (6, 2, 3, 5, 4, 1), (4, 2, 3, 5, 1, 6), (5, 3, 4, 1, 2, 6), (6, 4, 2, 5, 1, 3), (5, 6, 4, 1, 2, 3), (3, 2, 6, 5, 1, 4), (1, 2, 4, 3, 5, 6), (4, 5, 6, 3, 1, 2), (5, 3, 2, 4, 1, 6)}
M(AUB) = 
[[2, 4, 5, 3, 1, 6], [2, 4, 5, 3, 6, 1], [2, 5, 4, 3, 1, 6], [2, 5, 4, 3, 6, 1], [4, 2, 5, 3, 1, 6], [4, 2, 5, 3, 6, 1]]
Distance:57

(93)
A = 
{(2, 4, 5, 6, 3, 1), (1, 3, 5, 4, 6, 2), (2, 6, 1, 5, 4, 3), (6, 3, 4, 2, 1, 5), (2, 6, 3, 5, 4, 1)}
M(A) = 
[[2, 6, 3, 1, 5, 4], [2, 6, 3, 5, 1, 4], [2, 6, 3, 5, 4, 1]]
Distance: 27
B = 
{(1, 2, 5, 4, 6, 3), (4, 2, 3, 6, 5, 1), (5, 1, 2, 6, 3, 4), (3, 5, 6, 4, 2, 1), (2, 6, 3, 1, 4, 5)}
M(B) = 
[[2, 6, 3, 1, 5, 4], [2, 6, 3, 5, 1, 4], [2, 6, 3, 5, 4, 1]]
Distance: 29
M(A) inter A:
set()
M(B) inter B:
set()

AUB = 
{(2, 6, 3, 1, 4, 5), (4, 2, 3, 6, 5, 1), (1, 3, 5, 4, 6, 2), (2, 6, 1, 5, 4, 3), (3, 5, 6, 4, 2, 1), (1, 2, 5, 4, 6, 3), (2, 6, 3, 5, 4, 1), (6, 3, 4, 2, 1, 5), (2, 4, 5, 6, 3, 1), (5, 1, 2, 6, 3, 4)}
M(AUB) = 
[[2, 6, 3, 1, 5, 4], [2, 6, 3, 5, 1, 4], [2, 6, 3, 5, 4, 1]]
Distance:57

(94)
A = 
{(5, 3, 1, 4, 2, 6), (2, 1, 5, 4, 6, 3), (1, 5, 6, 3, 4, 2), (6, 5, 1, 4, 2, 3), (6, 1, 5, 3, 2, 4)}
M(A) = 
[[1, 5, 6, 3, 4, 2], [1, 5, 6, 4, 3, 2], [5, 1, 6, 3, 4, 2], [5, 1, 6, 4, 3, 2], [5, 6, 1, 3, 4, 2], [5, 6, 1, 4, 3, 2], [5, 6, 3, 1, 4, 2]]
Distance: 20
B = 
{(3, 1, 5, 6, 2, 4), (4, 3, 5, 1, 6, 2), (3, 6, 2, 4, 5, 1), (5, 6, 4, 2, 3, 1), (6, 1, 5, 4, 2, 3)}
M(B) = 
[[1, 5, 6, 3, 4, 2], [1, 5, 6, 4, 3, 2], [5, 1, 6, 3, 4, 2], [5, 1, 6, 4, 3, 2], [5, 6, 1, 3, 4, 2], [5, 6, 1, 4, 3, 2], [5, 6, 3, 1, 4, 2]]
Distance: 26
M(A) inter A:
set()
M(B) inter B:
set()

AUB = 
{(5, 3, 1, 4, 2, 6), (1, 5, 6, 3, 4, 2), (6, 1, 5, 3, 2, 4), (2, 1, 5, 4, 6, 3), (3, 1, 5, 6, 2, 4), (3, 6, 2, 4, 5, 1), (6, 1, 5, 4, 2, 3), (6, 5, 1, 4, 2, 3), (4, 3, 5, 1, 6, 2), (5, 6, 4, 2, 3, 1)}
M(AUB) = 
[[1, 5, 6, 3, 4, 2], [1, 5, 6, 4, 3, 2], [5, 1, 6, 3, 4, 2], [5, 1, 6, 4, 3, 2], [5, 6, 1, 3, 4, 2], [5, 6, 1, 4, 3, 2], [5, 6, 3, 1, 4, 2]]
Distance:54

(95)
A = 
{(5, 6, 1, 4, 2, 3), (3, 5, 4, 2, 1, 6), (2, 4, 5, 1, 6, 3), (2, 5, 4, 3, 6, 1), (2, 3, 6, 1, 4, 5)}
M(A) = 
[[2, 3, 5, 6, 1, 4], [2, 3, 6, 5, 1, 4]]
Distance: 25
B = 
{(2, 1, 4, 3, 5, 6), (6, 2, 3, 5, 1, 4), (3, 6, 5, 1, 2, 4), (6, 2, 5, 3, 1, 4), (2, 3, 6, 1, 5, 4)}
M(B) = 
[[2, 3, 5, 6, 1, 4], [2, 3, 6, 5, 1, 4]]
Distance: 17
M(A) inter A:
set()
M(B) inter B:
{(6, 2, 3, 5, 1, 4)}

AUB = 
{(6, 2, 5, 3, 1, 4), (6, 2, 3, 5, 1, 4), (3, 5, 4, 2, 1, 6), (3, 6, 5, 1, 2, 4), (2, 3, 6, 1, 5, 4), (5, 6, 1, 4, 2, 3), (2, 5, 4, 3, 6, 1), (2, 4, 5, 1, 6, 3), (2, 1, 4, 3, 5, 6), (2, 3, 6, 1, 4, 5)}
M(AUB) = 
[[2, 3, 5, 6, 1, 4], [2, 3, 6, 5, 1, 4]]
Distance:49

(96)
A = 
{(1, 3, 5, 6, 2, 4), (5, 1, 6, 2, 4, 3), (4, 3, 6, 1, 5, 2), (1, 5, 2, 6, 4, 3), (2, 3, 1, 5, 4, 6)}
M(A) = 
[[1, 2, 3, 5, 4, 6], [1, 2, 3, 5, 6, 4], [1, 3, 5, 2, 4, 6], [1, 3, 5, 2, 6, 4], [1, 5, 2, 3, 4, 6], [1, 5, 2, 3, 6, 4]]
Distance: 24
B = 
{(4, 1, 2, 6, 3, 5), (5, 3, 1, 2, 4, 6), (1, 5, 2, 6, 3, 4), (1, 3, 4, 2, 6, 5), (2, 3, 5, 6, 1, 4)}
M(B) = 
[[1, 2, 3, 5, 4, 6], [1, 2, 3, 5, 6, 4], [1, 3, 5, 2, 4, 6], [1, 3, 5, 2, 6, 4], [1, 5, 2, 3, 4, 6], [1, 5, 2, 3, 6, 4]]
Distance: 24
M(A) inter A:
set()
M(B) inter B:
set()

AUB = 
{(1, 3, 5, 6, 2, 4), (1, 5, 2, 6, 4, 3), (4, 1, 2, 6, 3, 5), (1, 5, 2, 6, 3, 4), (4, 3, 6, 1, 5, 2), (2, 3, 1, 5, 4, 6), (5, 1, 6, 2, 4, 3), (1, 3, 4, 2, 6, 5), (5, 3, 1, 2, 4, 6), (2, 3, 5, 6, 1, 4)}
M(AUB) = 
[[1, 2, 3, 5, 4, 6], [1, 2, 3, 5, 6, 4], [1, 3, 5, 2, 4, 6], [1, 3, 5, 2, 6, 4], [1, 5, 2, 3, 4, 6], [1, 5, 2, 3, 6, 4]]
Distance:52

(97)
A = 
{(5, 2, 6, 3, 4, 1), (3, 5, 1, 2, 4, 6), (6, 1, 4, 3, 2, 5), (6, 5, 3, 4, 2, 1), (1, 4, 3, 2, 5, 6)}
M(A) = 
[[3, 2, 1, 5, 6, 4], [3, 2, 1, 6, 4, 5], [3, 2, 1, 6, 5, 4], [3, 2, 5, 1, 6, 4], [3, 2, 5, 6, 1, 4], [3, 2, 5, 6, 4, 1], [3, 2, 6, 1, 4, 5], [3, 2, 6, 1, 5, 4], [3, 2, 6, 4, 1, 5], [3, 2, 6, 4, 5, 1], [3, 2, 6, 5, 1, 4], [3, 2, 6, 5, 4, 1], [3, 5, 2, 1, 6, 4], [3, 5, 2, 6, 1, 4], [3, 5, 2, 6, 4, 1], [3, 5, 6, 2, 1, 4], [3, 5, 6, 2, 4, 1], [3, 5, 6, 4, 2, 1], [3, 6, 2, 1, 4, 5], [3, 6, 2, 1, 5, 4], [3, 6, 2, 4, 1, 5], [3, 6, 2, 4, 5, 1], [3, 6, 2, 5, 1, 4], [3, 6, 2, 5, 4, 1], [3, 6, 4, 2, 1, 5], [3, 6, 4, 2, 5, 1], [3, 6, 4, 5, 2, 1], [3, 6, 5, 2, 1, 4], [3, 6, 5, 2, 4, 1], [3, 6, 5, 4, 2, 1], [6, 3, 2, 1, 4, 5], [6, 3, 2, 1, 5, 4], [6, 3, 2, 4, 1, 5], [6, 3, 2, 4, 5, 1], [6, 3, 2, 5, 1, 4], [6, 3, 2, 5, 4, 1], [6, 3, 4, 2, 1, 5], [6, 3, 4, 2, 5, 1], [6, 3, 4, 5, 2, 1], [6, 3, 5, 2, 1, 4], [6, 3, 5, 2, 4, 1], [6, 3, 5, 4, 2, 1]]
Distance: 31
B = 
{(1, 3, 6, 2, 4, 5), (3, 4, 2, 1, 6, 5), (5, 6, 3, 2, 4, 1), (6, 4, 5, 2, 1, 3), (2, 3, 1, 5, 4, 6)}
M(B) = 
[[3, 2, 1, 5, 6, 4], [3, 2, 1, 6, 4, 5], [3, 2, 1, 6, 5, 4], [3, 2, 5, 1, 6, 4], [3, 2, 5, 6, 1, 4], [3, 2, 5, 6, 4, 1], [3, 2, 6, 1, 4, 5], [3, 2, 6, 1, 5, 4], [3, 2, 6, 4, 1, 5], [3, 2, 6, 4, 5, 1], [3, 2, 6, 5, 1, 4], [3, 2, 6, 5, 4, 1], [3, 5, 2, 1, 6, 4], [3, 5, 2, 6, 1, 4], [3, 5, 2, 6, 4, 1], [3, 5, 6, 2, 1, 4], [3, 5, 6, 2, 4, 1], [3, 5, 6, 4, 2, 1], [3, 6, 2, 1, 4, 5], [3, 6, 2, 1, 5, 4], [3, 6, 2, 4, 1, 5], [3, 6, 2, 4, 5, 1], [3, 6, 2, 5, 1, 4], [3, 6, 2, 5, 4, 1], [3, 6, 4, 2, 1, 5], [3, 6, 4, 2, 5, 1], [3, 6, 4, 5, 2, 1], [3, 6, 5, 2, 1, 4], [3, 6, 5, 2, 4, 1], [3, 6, 5, 4, 2, 1], [6, 3, 2, 1, 4, 5], [6, 3, 2, 1, 5, 4], [6, 3, 2, 4, 1, 5], [6, 3, 2, 4, 5, 1], [6, 3, 2, 5, 1, 4], [6, 3, 2, 5, 4, 1], [6, 3, 4, 2, 1, 5], [6, 3, 4, 2, 5, 1], [6, 3, 4, 5, 2, 1], [6, 3, 5, 2, 1, 4], [6, 3, 5, 2, 4, 1], [6, 3, 5, 4, 2, 1]]
Distance: 29
M(A) inter A:
set()
M(B) inter B:
set()

AUB = 
{(3, 5, 1, 2, 4, 6), (6, 1, 4, 3, 2, 5), (1, 4, 3, 2, 5, 6), (3, 4, 2, 1, 6, 5), (6, 5, 3, 4, 2, 1), (1, 3, 6, 2, 4, 5), (5, 6, 3, 2, 4, 1), (2, 3, 1, 5, 4, 6), (5, 2, 6, 3, 4, 1), (6, 4, 5, 2, 1, 3)}
M(AUB) = 
[[3, 2, 1, 5, 6, 4], [3, 2, 1, 6, 4, 5], [3, 2, 1, 6, 5, 4], [3, 2, 5, 1, 6, 4], [3, 2, 5, 6, 1, 4], [3, 2, 5, 6, 4, 1], [3, 2, 6, 1, 4, 5], [3, 2, 6, 1, 5, 4], [3, 2, 6, 4, 1, 5], [3, 2, 6, 4, 5, 1], [3, 2, 6, 5, 1, 4], [3, 2, 6, 5, 4, 1], [3, 5, 2, 1, 6, 4], [3, 5, 2, 6, 1, 4], [3, 5, 2, 6, 4, 1], [3, 5, 6, 2, 1, 4], [3, 5, 6, 2, 4, 1], [3, 5, 6, 4, 2, 1], [3, 6, 2, 1, 4, 5], [3, 6, 2, 1, 5, 4], [3, 6, 2, 4, 1, 5], [3, 6, 2, 4, 5, 1], [3, 6, 2, 5, 1, 4], [3, 6, 2, 5, 4, 1], [3, 6, 4, 2, 1, 5], [3, 6, 4, 2, 5, 1], [3, 6, 4, 5, 2, 1], [3, 6, 5, 2, 1, 4], [3, 6, 5, 2, 4, 1], [3, 6, 5, 4, 2, 1], [6, 3, 2, 1, 4, 5], [6, 3, 2, 1, 5, 4], [6, 3, 2, 4, 1, 5], [6, 3, 2, 4, 5, 1], [6, 3, 2, 5, 1, 4], [6, 3, 2, 5, 4, 1], [6, 3, 4, 2, 1, 5], [6, 3, 4, 2, 5, 1], [6, 3, 4, 5, 2, 1], [6, 3, 5, 2, 1, 4], [6, 3, 5, 2, 4, 1], [6, 3, 5, 4, 2, 1]]
Distance:67

(98)
A = 
{(5, 3, 1, 2, 6, 4), (4, 2, 1, 5, 3, 6), (4, 2, 1, 3, 6, 5), (4, 1, 6, 2, 5, 3), (1, 2, 4, 5, 3, 6)}
M(A) = 
[[2, 4, 1, 5, 3, 6], [4, 2, 1, 5, 3, 6]]
Distance: 18
B = 
{(1, 3, 5, 2, 6, 4), (5, 3, 6, 2, 4, 1), (2, 5, 6, 4, 1, 3), (3, 6, 4, 2, 1, 5), (4, 5, 2, 1, 6, 3)}
M(B) = 
[[2, 4, 1, 5, 3, 6], [4, 2, 1, 5, 3, 6]]
Distance: 27
M(A) inter A:
set()
M(B) inter B:
set()

AUB = 
{(5, 3, 1, 2, 6, 4), (2, 5, 6, 4, 1, 3), (4, 2, 1, 5, 3, 6), (1, 2, 4, 5, 3, 6), (1, 3, 5, 2, 6, 4), (4, 2, 1, 3, 6, 5), (3, 6, 4, 2, 1, 5), (4, 1, 6, 2, 5, 3), (4, 5, 2, 1, 6, 3), (5, 3, 6, 2, 4, 1)}
M(AUB) = 
[[2, 4, 1, 5, 3, 6], [4, 2, 1, 5, 3, 6]]
Distance:55

(99)
A = 
{(1, 4, 5, 3, 2, 6), (2, 1, 3, 6, 5, 4), (1, 6, 4, 3, 5, 2), (5, 2, 1, 4, 6, 3), (3, 2, 6, 4, 1, 5)}
M(A) = 
[[1, 3, 2, 4, 6, 5], [1, 3, 4, 2, 6, 5], [1, 4, 3, 2, 6, 5]]
Distance: 28
B = 
{(1, 2, 5, 3, 4, 6), (4, 3, 1, 6, 5, 2), (4, 2, 1, 3, 6, 5), (3, 6, 1, 2, 4, 5), (5, 3, 4, 2, 1, 6)}
M(B) = 
[[1, 3, 2, 4, 6, 5], [1, 3, 4, 2, 6, 5], [1, 4, 3, 2, 6, 5]]
Distance: 25
M(A) inter A:
set()
M(B) inter B:
set()

AUB = 
{(4, 3, 1, 6, 5, 2), (1, 2, 5, 3, 4, 6), (5, 3, 4, 2, 1, 6), (3, 6, 1, 2, 4, 5), (1, 4, 5, 3, 2, 6), (4, 2, 1, 3, 6, 5), (5, 2, 1, 4, 6, 3), (2, 1, 3, 6, 5, 4), (3, 2, 6, 4, 1, 5), (1, 6, 4, 3, 5, 2)}
M(AUB) = 
[[1, 3, 2, 4, 6, 5], [1, 3, 4, 2, 6, 5], [1, 4, 3, 2, 6, 5]]
Distance:57

