(0)
A = 
{(4, 3, 2, 1), (3, 2, 4, 1), (2, 3, 4, 1), (4, 2, 3, 1), (3, 1, 2, 4), (4, 1, 3, 2)}
M(A) = 
[[2, 4, 3, 1], [4, 2, 3, 1], [4, 3, 1, 2], [4, 3, 2, 1]]
Distance: 12
B = 
{(4, 1, 2, 3), (1, 2, 4, 3), (2, 3, 4, 1), (4, 2, 3, 1), (3, 1, 2, 4), (4, 1, 3, 2)}
M(B) = 
[[2, 4, 3, 1], [4, 2, 3, 1], [4, 3, 1, 2], [4, 3, 2, 1]]
Distance: 14
M(A) inter A:
set()
M(B) inter B:
{(4, 1, 2, 3)}

AUB = 
{(4, 3, 2, 1), (1, 2, 4, 3), (3, 2, 4, 1), (4, 1, 2, 3), (2, 3, 4, 1), (4, 2, 3, 1), (3, 1, 2, 4), (4, 1, 3, 2)}
M(AUB) = 
[[2, 4, 3, 1], [4, 2, 3, 1], [4, 3, 1, 2], [4, 3, 2, 1]]
Distance:20

(1)
A = 
{(2, 1, 3, 4), (3, 4, 1, 2), (1, 4, 2, 3), (4, 2, 1, 3), (2, 4, 3, 1), (3, 2, 1, 4)}
M(A) = 
[[2, 1, 4, 3], [2, 3, 1, 4], [2, 4, 3, 1]]
Distance: 16
B = 
{(3, 2, 1, 4), (1, 2, 4, 3), (2, 3, 4, 1), (4, 3, 2, 1), (3, 1, 2, 4), (2, 1, 4, 3)}
M(B) = 
[[2, 1, 4, 3], [2, 3, 1, 4], [2, 4, 3, 1]]
Distance: 13
M(A) inter A:
{(3, 2, 1, 4)}
M(B) inter B:
{(3, 2, 1, 4)}

AUB = 
{(2, 1, 3, 4), (3, 4, 1, 2), (1, 2, 4, 3), (2, 3, 4, 1), (3, 1, 2, 4), (1, 4, 2, 3), (4, 2, 1, 3), (2, 4, 3, 1), (4, 3, 2, 1), (3, 2, 1, 4), (2, 1, 4, 3)}
M(AUB) = 
[[2, 1, 4, 3], [2, 3, 1, 4], [2, 4, 3, 1]]
Distance:28

(2)
A = 
{(2, 3, 1, 4), (1, 3, 2, 4), (1, 2, 4, 3), (3, 2, 4, 1), (2, 4, 3, 1), (1, 2, 3, 4)}
M(A) = 
[[3, 2, 1, 4]]
Distance: 12
B = 
{(4, 3, 2, 1), (3, 1, 4, 2), (3, 2, 1, 4), (1, 2, 4, 3), (4, 2, 3, 1), (3, 1, 2, 4)}
M(B) = 
[[3, 2, 1, 4]]
Distance: 14
M(A) inter A:
set()
M(B) inter B:
{(3, 1, 4, 2), (3, 2, 1, 4), (3, 1, 2, 4)}

AUB = 
{(3, 1, 4, 2), (2, 3, 1, 4), (1, 3, 2, 4), (3, 2, 4, 1), (4, 2, 3, 1), (3, 1, 2, 4), (1, 2, 4, 3), (2, 4, 3, 1), (4, 3, 2, 1), (3, 2, 1, 4), (1, 2, 3, 4)}
M(AUB) = 
[[3, 2, 1, 4]]
Distance:24

(3)
A = 
{(4, 1, 2, 3), (3, 4, 1, 2), (2, 3, 1, 4), (3, 2, 4, 1), (4, 3, 2, 1), (4, 2, 3, 1)}
M(A) = 
[[3, 4, 1, 2]]
Distance: 12
B = 
{(1, 3, 2, 4), (1, 2, 4, 3), (3, 2, 4, 1), (4, 3, 1, 2), (3, 1, 2, 4), (3, 1, 4, 2)}
M(B) = 
[[3, 4, 1, 2]]
Distance: 10
M(A) inter A:
set()
M(B) inter B:
{(3, 1, 2, 4)}

AUB = 
{(3, 1, 4, 2), (4, 1, 2, 3), (3, 4, 1, 2), (1, 2, 4, 3), (4, 3, 1, 2), (4, 2, 3, 1), (3, 2, 4, 1), (2, 3, 1, 4), (4, 3, 2, 1), (3, 1, 2, 4), (1, 3, 2, 4)}
M(AUB) = 
[[3, 4, 1, 2]]
Distance:26

(4)
A = 
{(4, 2, 1, 3), (3, 4, 1, 2), (1, 2, 3, 4), (1, 3, 4, 2), (2, 3, 4, 1), (4, 3, 1, 2)}
M(A) = 
[[3, 4, 1, 2], [3, 4, 2, 1], [4, 3, 1, 2], [4, 3, 2, 1]]
Distance: 14
B = 
{(4, 3, 2, 1), (4, 2, 3, 1), (3, 4, 2, 1), (2, 3, 4, 1), (4, 1, 3, 2), (4, 3, 1, 2)}
M(B) = 
[[3, 4, 1, 2], [3, 4, 2, 1], [4, 3, 1, 2], [4, 3, 2, 1]]
Distance: 8
M(A) inter A:
set()
M(B) inter B:
{(4, 3, 2, 1)}

AUB = 
{(4, 2, 1, 3), (3, 4, 1, 2), (1, 2, 3, 4), (4, 2, 3, 1), (1, 3, 4, 2), (3, 4, 2, 1), (2, 3, 4, 1), (4, 1, 3, 2), (4, 3, 2, 1), (4, 3, 1, 2)}
M(AUB) = 
[[3, 4, 1, 2], [3, 4, 2, 1], [4, 3, 1, 2], [4, 3, 2, 1]]
Distance:22

(5)
A = 
{(4, 2, 1, 3), (3, 4, 1, 2), (3, 4, 2, 1), (3, 2, 4, 1), (4, 2, 3, 1), (2, 4, 1, 3)}
M(A) = 
[[3, 4, 2, 1], [4, 2, 3, 1], [4, 3, 2, 1]]
Distance: 11
B = 
{(4, 1, 2, 3), (3, 4, 1, 2), (1, 4, 3, 2), (2, 3, 1, 4), (4, 2, 1, 3), (3, 1, 4, 2)}
M(B) = 
[[3, 4, 2, 1], [4, 2, 3, 1], [4, 3, 2, 1]]
Distance: 15
M(A) inter A:
{(3, 4, 1, 2)}
M(B) inter B:
{(3, 1, 4, 2), (4, 1, 2, 3), (3, 4, 1, 2), (1, 4, 3, 2)}

AUB = 
{(3, 1, 4, 2), (4, 2, 1, 3), (3, 4, 1, 2), (3, 2, 4, 1), (2, 3, 1, 4), (1, 4, 3, 2), (3, 4, 2, 1), (4, 1, 2, 3), (4, 2, 3, 1), (2, 4, 1, 3)}
M(AUB) = 
[[3, 4, 2, 1], [4, 2, 3, 1], [4, 3, 2, 1]]
Distance:24

(6)
A = 
{(2, 1, 3, 4), (3, 1, 4, 2), (1, 4, 2, 3), (4, 3, 2, 1), (4, 2, 3, 1), (3, 1, 2, 4)}
M(A) = 
[[3, 4, 2, 1]]
Distance: 15
B = 
{(2, 1, 3, 4), (1, 3, 2, 4), (3, 2, 4, 1), (3, 4, 2, 1), (2, 3, 4, 1), (4, 1, 3, 2)}
M(B) = 
[[3, 4, 2, 1]]
Distance: 12
M(A) inter A:
set()
M(B) inter B:
{(3, 2, 4, 1)}

AUB = 
{(2, 1, 3, 4), (3, 1, 4, 2), (3, 2, 4, 1), (4, 2, 3, 1), (1, 4, 2, 3), (2, 3, 4, 1), (3, 4, 2, 1), (4, 1, 3, 2), (4, 3, 2, 1), (3, 1, 2, 4), (1, 3, 2, 4)}
M(AUB) = 
[[3, 4, 2, 1]]
Distance:27

(7)
A = 
{(2, 1, 3, 4), (3, 4, 1, 2), (3, 2, 4, 1), (1, 2, 4, 3), (2, 3, 1, 4), (4, 3, 2, 1)}
M(A) = 
[[2, 3, 4, 1]]
Distance: 14
B = 
{(2, 3, 1, 4), (3, 4, 1, 2), (4, 2, 1, 3), (2, 3, 4, 1), (4, 3, 2, 1), (4, 3, 1, 2)}
M(B) = 
[[2, 3, 4, 1]]
Distance: 12
M(A) inter A:
{(4, 3, 2, 1)}
M(B) inter B:
{(4, 3, 2, 1)}

AUB = 
{(2, 1, 3, 4), (3, 4, 1, 2), (1, 2, 4, 3), (2, 3, 4, 1), (3, 2, 4, 1), (2, 3, 1, 4), (4, 2, 1, 3), (4, 3, 2, 1), (4, 3, 1, 2)}
M(AUB) = 
[[2, 3, 4, 1]]
Distance:21

(8)
A = 
{(2, 1, 3, 4), (1, 3, 4, 2), (3, 4, 2, 1), (2, 3, 1, 4), (2, 1, 4, 3), (2, 4, 1, 3)}
M(A) = 
[[2, 1, 3, 4], [2, 3, 1, 4], [3, 2, 1, 4]]
Distance: 11
B = 
{(3, 4, 1, 2), (3, 1, 2, 4), (4, 1, 3, 2), (4, 2, 3, 1), (3, 2, 1, 4), (1, 2, 3, 4)}
M(B) = 
[[2, 1, 3, 4], [2, 3, 1, 4], [3, 2, 1, 4]]
Distance: 14
M(A) inter A:
set()
M(B) inter B:
{(3, 4, 1, 2), (3, 1, 2, 4)}

AUB = 
{(2, 1, 3, 4), (3, 4, 1, 2), (1, 2, 3, 4), (4, 2, 3, 1), (1, 3, 4, 2), (3, 2, 1, 4), (3, 4, 2, 1), (2, 3, 1, 4), (4, 1, 3, 2), (2, 1, 4, 3), (3, 1, 2, 4), (2, 4, 1, 3)}
M(AUB) = 
[[2, 1, 3, 4], [2, 3, 1, 4], [3, 2, 1, 4]]
Distance:31

(9)
A = 
{(4, 2, 3, 1), (3, 4, 1, 2), (2, 4, 3, 1), (4, 3, 2, 1), (3, 1, 2, 4), (4, 1, 3, 2)}
M(A) = 
[[4, 3, 2, 1]]
Distance: 11
B = 
{(4, 2, 1, 3), (3, 1, 4, 2), (3, 2, 4, 1), (4, 3, 2, 1), (3, 2, 1, 4), (4, 3, 1, 2)}
M(B) = 
[[4, 3, 2, 1]]
Distance: 11
M(A) inter A:
{(4, 3, 2, 1)}
M(B) inter B:
{(4, 3, 2, 1)}

AUB = 
{(3, 1, 4, 2), (4, 2, 3, 1), (3, 4, 1, 2), (4, 3, 1, 2), (3, 2, 1, 4), (3, 2, 4, 1), (4, 2, 1, 3), (2, 4, 3, 1), (4, 3, 2, 1), (3, 1, 2, 4), (4, 1, 3, 2)}
M(AUB) = 
[[4, 3, 2, 1]]
Distance:22

(10)
A = 
{(4, 2, 1, 3), (3, 4, 1, 2), (1, 4, 2, 3), (3, 4, 2, 1), (4, 3, 2, 1), (2, 4, 1, 3)}
M(A) = 
[[3, 4, 2, 1]]
Distance: 12
B = 
{(3, 1, 4, 2), (3, 2, 4, 1), (2, 3, 4, 1), (4, 3, 2, 1), (3, 2, 1, 4), (4, 3, 1, 2)}
M(B) = 
[[3, 4, 2, 1]]
Distance: 10
M(A) inter A:
{(3, 4, 2, 1)}
M(B) inter B:
{(3, 2, 4, 1)}

AUB = 
{(3, 1, 4, 2), (4, 2, 1, 3), (3, 4, 1, 2), (3, 4, 2, 1), (4, 3, 1, 2), (1, 4, 2, 3), (3, 2, 4, 1), (2, 3, 4, 1), (4, 3, 2, 1), (3, 2, 1, 4), (2, 4, 1, 3)}
M(AUB) = 
[[3, 4, 2, 1]]
Distance:23

(11)
A = 
{(2, 3, 1, 4), (1, 2, 3, 4), (4, 2, 3, 1), (2, 1, 4, 3), (3, 2, 1, 4), (3, 1, 4, 2)}
M(A) = 
[[2, 3, 1, 4]]
Distance: 11
B = 
{(4, 1, 2, 3), (2, 3, 4, 1), (4, 2, 3, 1), (2, 4, 3, 1), (4, 3, 2, 1), (3, 1, 2, 4)}
M(B) = 
[[2, 3, 1, 4]]
Distance: 11
M(A) inter A:
{(4, 2, 3, 1)}
M(B) inter B:
{(4, 2, 3, 1), (2, 4, 3, 1)}

AUB = 
{(2, 3, 1, 4), (3, 1, 4, 2), (4, 3, 2, 1), (2, 4, 3, 1), (3, 1, 2, 4), (4, 1, 2, 3), (2, 3, 4, 1), (4, 2, 3, 1), (2, 1, 4, 3), (3, 2, 1, 4), (1, 2, 3, 4)}
M(AUB) = 
[[2, 3, 1, 4]]
Distance:25

(12)
A = 
{(3, 1, 4, 2), (1, 4, 3, 2), (3, 2, 1, 4), (1, 2, 4, 3), (3, 1, 2, 4), (1, 3, 2, 4)}
M(A) = 
[[1, 2, 4, 3], [1, 3, 2, 4], [1, 4, 3, 2], [3, 1, 2, 4], [4, 1, 3, 2], [4, 3, 1, 2]]
Distance: 9
B = 
{(4, 1, 2, 3), (3, 2, 4, 1), (4, 2, 1, 3), (2, 4, 3, 1), (2, 4, 1, 3), (4, 3, 1, 2)}
M(B) = 
[[1, 2, 4, 3], [1, 3, 2, 4], [1, 4, 3, 2], [3, 1, 2, 4], [4, 1, 3, 2], [4, 3, 1, 2]]
Distance: 11
M(A) inter A:
set()
M(B) inter B:
{(2, 4, 1, 3), (4, 2, 1, 3), (2, 4, 3, 1)}

AUB = 
{(4, 1, 2, 3), (1, 3, 2, 4), (3, 2, 4, 1), (4, 3, 1, 2), (1, 4, 3, 2), (3, 2, 1, 4), (1, 2, 4, 3), (4, 2, 1, 3), (2, 4, 3, 1), (2, 4, 1, 3), (3, 1, 2, 4), (3, 1, 4, 2)}
M(AUB) = 
[[1, 2, 4, 3], [1, 3, 2, 4], [1, 4, 3, 2], [3, 1, 2, 4], [4, 1, 3, 2], [4, 3, 1, 2]]
Distance:34

(13)
A = 
{(4, 1, 2, 3), (1, 2, 3, 4), (3, 2, 4, 1), (2, 4, 3, 1), (3, 1, 2, 4), (4, 3, 1, 2)}
M(A) = 
[[3, 1, 2, 4], [3, 4, 1, 2], [4, 3, 1, 2]]
Distance: 16
B = 
{(3, 4, 1, 2), (1, 2, 4, 3), (3, 1, 2, 4), (3, 2, 4, 1), (3, 2, 1, 4), (4, 1, 3, 2)}
M(B) = 
[[3, 1, 2, 4], [3, 4, 1, 2], [4, 3, 1, 2]]
Distance: 12
M(A) inter A:
{(3, 1, 2, 4)}
M(B) inter B:
{(3, 1, 2, 4)}

AUB = 
{(4, 1, 2, 3), (3, 4, 1, 2), (1, 2, 3, 4), (1, 2, 4, 3), (3, 2, 1, 4), (3, 2, 4, 1), (2, 4, 3, 1), (4, 1, 3, 2), (3, 1, 2, 4), (4, 3, 1, 2)}
M(AUB) = 
[[3, 1, 2, 4], [3, 4, 1, 2], [4, 3, 1, 2]]
Distance:26

(14)
A = 
{(3, 1, 4, 2), (3, 2, 4, 1), (1, 2, 4, 3), (2, 3, 4, 1), (3, 2, 1, 4), (3, 4, 1, 2)}
M(A) = 
[[2, 3, 1, 4], [2, 3, 4, 1], [2, 4, 3, 1]]
Distance: 12
B = 
{(2, 1, 3, 4), (1, 4, 2, 3), (4, 2, 1, 3), (2, 4, 3, 1), (4, 3, 2, 1), (2, 1, 4, 3)}
M(B) = 
[[2, 3, 1, 4], [2, 3, 4, 1], [2, 4, 3, 1]]
Distance: 11
M(A) inter A:
set()
M(B) inter B:
{(4, 2, 1, 3), (2, 1, 4, 3)}

AUB = 
{(2, 1, 3, 4), (3, 1, 4, 2), (1, 2, 4, 3), (2, 4, 3, 1), (3, 2, 4, 1), (4, 2, 1, 3), (1, 4, 2, 3), (2, 3, 4, 1), (4, 3, 2, 1), (2, 1, 4, 3), (3, 2, 1, 4), (3, 4, 1, 2)}
M(AUB) = 
[[2, 3, 1, 4], [2, 3, 4, 1], [2, 4, 3, 1]]
Distance:31

(15)
A = 
{(2, 1, 3, 4), (3, 4, 1, 2), (1, 3, 4, 2), (3, 4, 2, 1), (4, 2, 1, 3), (2, 4, 1, 3)}
M(A) = 
[[4, 2, 1, 3]]
Distance: 15
B = 
{(4, 1, 2, 3), (3, 4, 2, 1), (4, 3, 2, 1), (4, 2, 1, 3), (4, 2, 3, 1), (4, 1, 3, 2)}
M(B) = 
[[4, 2, 1, 3]]
Distance: 9
M(A) inter A:
{(4, 2, 1, 3)}
M(B) inter B:
{(4, 2, 1, 3), (4, 2, 3, 1), (4, 3, 2, 1)}

AUB = 
{(2, 1, 3, 4), (3, 4, 1, 2), (4, 2, 3, 1), (1, 3, 4, 2), (4, 1, 2, 3), (3, 4, 2, 1), (4, 2, 1, 3), (4, 1, 3, 2), (4, 3, 2, 1), (2, 4, 1, 3)}
M(AUB) = 
[[4, 2, 1, 3]]
Distance:21

(16)
A = 
{(4, 2, 1, 3), (1, 4, 3, 2), (1, 4, 2, 3), (2, 4, 1, 3), (3, 2, 1, 4), (2, 1, 4, 3)}
M(A) = 
[[2, 1, 4, 3]]
Distance: 11
B = 
{(2, 3, 1, 4), (3, 2, 4, 1), (1, 4, 3, 2), (3, 1, 2, 4), (1, 2, 4, 3), (3, 2, 1, 4)}
M(B) = 
[[2, 1, 4, 3]]
Distance: 11
M(A) inter A:
{(3, 2, 1, 4)}
M(B) inter B:
{(3, 1, 2, 4), (3, 2, 1, 4)}

AUB = 
{(4, 2, 1, 3), (3, 2, 4, 1), (1, 2, 4, 3), (1, 4, 3, 2), (3, 1, 2, 4), (1, 4, 2, 3), (2, 3, 1, 4), (2, 4, 1, 3), (3, 2, 1, 4), (2, 1, 4, 3)}
M(AUB) = 
[[2, 1, 4, 3]]
Distance:22

(17)
A = 
{(4, 1, 2, 3), (1, 3, 2, 4), (2, 4, 3, 1), (2, 3, 1, 4), (4, 2, 1, 3), (2, 1, 4, 3)}
M(A) = 
[[2, 1, 3, 4], [2, 1, 4, 3], [2, 4, 1, 3]]
Distance: 12
B = 
{(2, 1, 3, 4), (1, 2, 3, 4), (4, 1, 2, 3), (2, 3, 1, 4), (2, 4, 1, 3), (3, 4, 1, 2)}
M(B) = 
[[2, 1, 3, 4], [2, 1, 4, 3], [2, 4, 1, 3]]
Distance: 13
M(A) inter A:
set()
M(B) inter B:
{(2, 1, 3, 4), (1, 2, 3, 4)}

AUB = 
{(4, 1, 2, 3), (3, 4, 1, 2), (1, 3, 2, 4), (1, 2, 3, 4), (2, 3, 1, 4), (4, 2, 1, 3), (2, 4, 3, 1), (2, 1, 3, 4), (2, 4, 1, 3), (2, 1, 4, 3)}
M(AUB) = 
[[2, 1, 3, 4], [2, 1, 4, 3], [2, 4, 1, 3]]
Distance:22

(18)
A = 
{(1, 2, 3, 4), (2, 4, 3, 1), (1, 2, 4, 3), (2, 3, 4, 1), (3, 1, 2, 4), (3, 4, 1, 2)}
M(A) = 
[[2, 4, 3, 1]]
Distance: 14
B = 
{(2, 1, 4, 3), (4, 3, 1, 2), (3, 2, 4, 1), (2, 4, 3, 1), (4, 1, 3, 2), (2, 4, 1, 3)}
M(B) = 
[[2, 4, 3, 1]]
Distance: 12
M(A) inter A:
{(2, 4, 3, 1)}
M(B) inter B:
{(2, 4, 1, 3), (2, 4, 3, 1)}

AUB = 
{(2, 4, 1, 3), (1, 2, 3, 4), (3, 2, 4, 1), (4, 3, 1, 2), (2, 3, 4, 1), (1, 2, 4, 3), (2, 4, 3, 1), (4, 1, 3, 2), (2, 1, 4, 3), (3, 1, 2, 4), (3, 4, 1, 2)}
M(AUB) = 
[[2, 4, 3, 1]]
Distance:28

(19)
A = 
{(4, 2, 1, 3), (3, 1, 4, 2), (2, 3, 4, 1), (4, 1, 3, 2), (3, 2, 1, 4), (1, 2, 3, 4)}
M(A) = 
[[1, 3, 4, 2]]
Distance: 17
B = 
{(4, 1, 2, 3), (1, 2, 3, 4), (1, 3, 4, 2), (3, 4, 2, 1), (2, 1, 4, 3), (3, 1, 4, 2)}
M(B) = 
[[1, 3, 4, 2]]
Distance: 13
M(A) inter A:
set()
M(B) inter B:
{(1, 3, 4, 2)}

AUB = 
{(4, 2, 1, 3), (3, 1, 4, 2), (1, 3, 4, 2), (3, 4, 2, 1), (4, 1, 2, 3), (2, 3, 4, 1), (4, 1, 3, 2), (2, 1, 4, 3), (3, 2, 1, 4), (1, 2, 3, 4)}
M(AUB) = 
[[1, 3, 4, 2]]
Distance:27

(20)
A = 
{(2, 1, 3, 4), (4, 3, 2, 1), (1, 4, 3, 2), (1, 2, 4, 3), (4, 1, 2, 3), (4, 2, 3, 1)}
M(A) = 
[[2, 1, 4, 3], [2, 4, 1, 3]]
Distance: 13
B = 
{(2, 4, 1, 3), (2, 3, 1, 4), (1, 2, 4, 3), (2, 3, 4, 1), (4, 2, 3, 1), (2, 1, 4, 3)}
M(B) = 
[[2, 1, 4, 3], [2, 4, 1, 3]]
Distance: 10
M(A) inter A:
set()
M(B) inter B:
{(2, 1, 4, 3), (2, 4, 1, 3)}

AUB = 
{(4, 1, 2, 3), (2, 3, 1, 4), (4, 2, 3, 1), (1, 4, 3, 2), (1, 2, 4, 3), (2, 1, 3, 4), (2, 3, 4, 1), (4, 3, 2, 1), (2, 1, 4, 3), (2, 4, 1, 3)}
M(AUB) = 
[[2, 1, 4, 3], [2, 4, 1, 3]]
Distance:21

(21)
A = 
{(2, 1, 3, 4), (1, 3, 2, 4), (1, 2, 4, 3), (3, 2, 4, 1), (4, 3, 2, 1), (3, 1, 2, 4)}
M(A) = 
[[1, 3, 2, 4]]
Distance: 13
B = 
{(2, 1, 3, 4), (3, 1, 4, 2), (1, 4, 3, 2), (3, 2, 4, 1), (4, 3, 2, 1), (2, 1, 4, 3)}
M(B) = 
[[1, 3, 2, 4]]
Distance: 15
M(A) inter A:
set()
M(B) inter B:
set()

AUB = 
{(2, 1, 3, 4), (1, 3, 2, 4), (3, 2, 4, 1), (1, 4, 3, 2), (1, 2, 4, 3), (4, 3, 2, 1), (2, 1, 4, 3), (3, 1, 2, 4), (3, 1, 4, 2)}
M(AUB) = 
[[1, 3, 2, 4]]
Distance:20

(22)
A = 
{(4, 2, 1, 3), (1, 4, 2, 3), (2, 4, 3, 1), (4, 3, 2, 1), (3, 2, 1, 4), (2, 4, 1, 3)}
M(A) = 
[[4, 2, 3, 1]]
Distance: 12
B = 
{(2, 1, 3, 4), (3, 4, 1, 2), (3, 4, 2, 1), (2, 4, 3, 1), (4, 2, 3, 1), (3, 1, 2, 4)}
M(B) = 
[[4, 2, 3, 1]]
Distance: 13
M(A) inter A:
set()
M(B) inter B:
{(3, 4, 2, 1)}

AUB = 
{(4, 2, 1, 3), (3, 4, 1, 2), (3, 4, 2, 1), (4, 2, 3, 1), (3, 1, 2, 4), (1, 4, 2, 3), (2, 1, 3, 4), (2, 4, 3, 1), (4, 3, 2, 1), (3, 2, 1, 4), (2, 4, 1, 3)}
M(AUB) = 
[[4, 2, 3, 1]]
Distance:26

(23)
A = 
{(2, 3, 1, 4), (1, 2, 3, 4), (1, 3, 4, 2), (3, 2, 4, 1), (2, 3, 4, 1), (3, 1, 2, 4)}
M(A) = 
[[3, 2, 4, 1]]
Distance: 11
B = 
{(2, 1, 3, 4), (3, 4, 1, 2), (3, 4, 2, 1), (4, 3, 2, 1), (2, 3, 4, 1), (4, 2, 3, 1)}
M(B) = 
[[3, 2, 4, 1]]
Distance: 10
M(A) inter A:
set()
M(B) inter B:
{(3, 4, 2, 1)}

AUB = 
{(2, 3, 1, 4), (1, 2, 3, 4), (3, 4, 2, 1), (4, 2, 3, 1), (1, 3, 4, 2), (3, 2, 4, 1), (2, 1, 3, 4), (2, 3, 4, 1), (4, 3, 2, 1), (3, 1, 2, 4), (3, 4, 1, 2)}
M(AUB) = 
[[3, 2, 4, 1]]
Distance:24

(24)
A = 
{(2, 1, 3, 4), (1, 2, 3, 4), (1, 4, 3, 2), (3, 4, 2, 1), (4, 2, 1, 3), (4, 1, 3, 2)}
M(A) = 
[[1, 4, 2, 3]]
Distance: 15
B = 
{(4, 2, 1, 3), (3, 1, 4, 2), (1, 2, 3, 4), (1, 4, 2, 3), (4, 2, 3, 1), (2, 1, 4, 3)}
M(B) = 
[[1, 4, 2, 3]]
Distance: 12
M(A) inter A:
set()
M(B) inter B:
{(1, 4, 2, 3)}

AUB = 
{(3, 1, 4, 2), (2, 1, 3, 4), (1, 2, 3, 4), (1, 4, 2, 3), (1, 4, 3, 2), (3, 4, 2, 1), (4, 2, 1, 3), (4, 2, 3, 1), (2, 1, 4, 3), (4, 1, 3, 2)}
M(AUB) = 
[[1, 4, 2, 3]]
Distance:23

(25)
A = 
{(2, 3, 1, 4), (4, 3, 1, 2), (1, 3, 4, 2), (2, 3, 4, 1), (4, 2, 3, 1), (2, 4, 1, 3)}
M(A) = 
[[3, 1, 2, 4], [3, 1, 4, 2], [3, 4, 1, 2], [4, 3, 1, 2]]
Distance: 14
B = 
{(4, 1, 2, 3), (3, 1, 4, 2), (3, 2, 4, 1), (1, 4, 3, 2), (1, 2, 4, 3), (3, 1, 2, 4)}
M(B) = 
[[3, 1, 2, 4], [3, 1, 4, 2], [3, 4, 1, 2], [4, 3, 1, 2]]
Distance: 14
M(A) inter A:
{(1, 3, 4, 2)}
M(B) inter B:
{(3, 1, 4, 2), (3, 1, 2, 4), (1, 4, 3, 2)}

AUB = 
{(2, 3, 1, 4), (3, 1, 4, 2), (1, 2, 4, 3), (4, 3, 1, 2), (1, 3, 4, 2), (1, 4, 3, 2), (3, 2, 4, 1), (4, 1, 2, 3), (2, 3, 4, 1), (4, 2, 3, 1), (3, 1, 2, 4), (2, 4, 1, 3)}
M(AUB) = 
[[3, 1, 2, 4], [3, 1, 4, 2], [3, 4, 1, 2], [4, 3, 1, 2]]
Distance:34

(26)
A = 
{(4, 1, 2, 3), (3, 1, 4, 2), (1, 3, 4, 2), (4, 3, 2, 1), (2, 1, 4, 3), (1, 3, 2, 4)}
M(A) = 
[[1, 4, 3, 2]]
Distance: 13
B = 
{(4, 1, 2, 3), (1, 3, 4, 2), (1, 4, 3, 2), (1, 2, 4, 3), (3, 1, 2, 4), (4, 1, 3, 2)}
M(B) = 
[[1, 4, 3, 2]]
Distance: 9
M(A) inter A:
set()
M(B) inter B:
{(1, 4, 3, 2)}

AUB = 
{(4, 1, 2, 3), (1, 3, 2, 4), (1, 3, 4, 2), (1, 4, 3, 2), (1, 2, 4, 3), (4, 1, 3, 2), (4, 3, 2, 1), (2, 1, 4, 3), (3, 1, 2, 4), (3, 1, 4, 2)}
M(AUB) = 
[[1, 4, 3, 2]]
Distance:19

(27)
A = 
{(2, 3, 1, 4), (3, 1, 4, 2), (3, 2, 4, 1), (4, 2, 1, 3), (2, 4, 3, 1), (3, 2, 1, 4)}
M(A) = 
[[2, 3, 4, 1]]
Distance: 12
B = 
{(2, 3, 1, 4), (3, 1, 4, 2), (1, 4, 2, 3), (2, 4, 3, 1), (3, 4, 2, 1), (2, 3, 4, 1)}
M(B) = 
[[2, 3, 4, 1]]
Distance: 13
M(A) inter A:
{(2, 3, 1, 4)}
M(B) inter B:
{(2, 3, 1, 4), (2, 3, 4, 1)}

AUB = 
{(2, 3, 1, 4), (3, 1, 4, 2), (1, 4, 2, 3), (2, 3, 4, 1), (3, 2, 4, 1), (4, 2, 1, 3), (2, 4, 3, 1), (3, 4, 2, 1), (3, 2, 1, 4)}
M(AUB) = 
[[2, 3, 4, 1]]
Distance:19

(28)
A = 
{(4, 1, 2, 3), (4, 3, 1, 2), (3, 4, 2, 1), (4, 2, 1, 3), (4, 3, 2, 1), (4, 1, 3, 2)}
M(A) = 
[[4, 3, 1, 2], [4, 3, 2, 1]]
Distance: 9
B = 
{(2, 3, 1, 4), (3, 4, 1, 2), (4, 3, 2, 1), (1, 4, 3, 2), (4, 1, 2, 3), (4, 2, 3, 1)}
M(B) = 
[[4, 3, 1, 2], [4, 3, 2, 1]]
Distance: 13
M(A) inter A:
{(4, 3, 2, 1), (4, 3, 1, 2)}
M(B) inter B:
{(4, 2, 3, 1), (4, 3, 2, 1)}

AUB = 
{(4, 1, 2, 3), (3, 4, 1, 2), (4, 3, 1, 2), (2, 3, 1, 4), (4, 2, 3, 1), (1, 4, 3, 2), (3, 4, 2, 1), (4, 2, 1, 3), (4, 3, 2, 1), (4, 1, 3, 2)}
M(AUB) = 
[[4, 3, 1, 2], [4, 3, 2, 1]]
Distance:19

(29)
A = 
{(2, 1, 3, 4), (1, 3, 4, 2), (1, 4, 2, 3), (2, 3, 4, 1), (3, 2, 1, 4), (2, 4, 1, 3)}
M(A) = 
[[2, 1, 3, 4]]
Distance: 12
B = 
{(2, 1, 3, 4), (1, 2, 3, 4), (1, 3, 4, 2), (4, 2, 1, 3), (2, 3, 4, 1), (2, 1, 4, 3)}
M(B) = 
[[2, 1, 3, 4]]
Distance: 10
M(A) inter A:
{(2, 1, 3, 4)}
M(B) inter B:
{(2, 1, 3, 4)}

AUB = 
{(2, 1, 3, 4), (1, 2, 3, 4), (1, 3, 4, 2), (1, 4, 2, 3), (4, 2, 1, 3), (2, 3, 4, 1), (2, 1, 4, 3), (3, 2, 1, 4), (2, 4, 1, 3)}
M(AUB) = 
[[2, 1, 3, 4]]
Distance:17

(30)
A = 
{(2, 3, 1, 4), (1, 2, 3, 4), (2, 3, 4, 1), (4, 2, 3, 1), (3, 1, 2, 4), (2, 4, 1, 3)}
M(A) = 
[[2, 3, 1, 4]]
Distance: 11
B = 
{(3, 4, 1, 2), (1, 2, 4, 3), (1, 4, 2, 3), (2, 3, 4, 1), (4, 3, 2, 1), (3, 2, 1, 4)}
M(B) = 
[[2, 3, 1, 4]]
Distance: 17
M(A) inter A:
{(2, 3, 1, 4), (4, 2, 3, 1), (3, 1, 2, 4), (2, 3, 4, 1)}
M(B) inter B:
{(3, 2, 1, 4), (4, 3, 2, 1), (3, 4, 1, 2), (2, 3, 4, 1)}

AUB = 
{(2, 3, 1, 4), (3, 4, 1, 2), (1, 2, 3, 4), (1, 4, 2, 3), (3, 2, 1, 4), (1, 2, 4, 3), (4, 3, 2, 1), (2, 3, 4, 1), (4, 2, 3, 1), (3, 1, 2, 4), (2, 4, 1, 3)}
M(AUB) = 
[[2, 3, 1, 4]]
Distance:27

(31)
A = 
{(3, 1, 4, 2), (3, 1, 2, 4), (3, 2, 4, 1), (4, 3, 2, 1), (3, 2, 1, 4), (1, 3, 2, 4)}
M(A) = 
[[1, 3, 2, 4], [3, 1, 2, 4], [3, 2, 1, 4]]
Distance: 9
B = 
{(2, 1, 3, 4), (1, 3, 4, 2), (3, 2, 4, 1), (4, 1, 2, 3), (4, 3, 2, 1), (2, 4, 1, 3)}
M(B) = 
[[1, 3, 2, 4], [3, 1, 2, 4], [3, 2, 1, 4]]
Distance: 15
M(A) inter A:
set()
M(B) inter B:
{(2, 4, 1, 3)}

AUB = 
{(2, 4, 1, 3), (2, 1, 3, 4), (1, 3, 2, 4), (1, 3, 4, 2), (3, 2, 1, 4), (3, 2, 4, 1), (4, 1, 2, 3), (4, 3, 2, 1), (3, 1, 2, 4), (3, 1, 4, 2)}
M(AUB) = 
[[1, 3, 2, 4], [3, 1, 2, 4], [3, 2, 1, 4]]
Distance:24

(32)
A = 
{(4, 2, 1, 3), (1, 4, 3, 2), (3, 4, 2, 1), (4, 2, 3, 1), (3, 2, 1, 4), (2, 4, 1, 3)}
M(A) = 
[[3, 4, 2, 1]]
Distance: 13
B = 
{(4, 2, 1, 3), (1, 3, 2, 4), (1, 3, 4, 2), (3, 2, 4, 1), (4, 3, 1, 2), (3, 4, 1, 2)}
M(B) = 
[[3, 4, 2, 1]]
Distance: 12
M(A) inter A:
set()
M(B) inter B:
{(3, 4, 1, 2)}

AUB = 
{(4, 2, 1, 3), (3, 4, 1, 2), (1, 3, 2, 4), (3, 2, 4, 1), (4, 3, 1, 2), (1, 4, 3, 2), (1, 3, 4, 2), (3, 4, 2, 1), (4, 2, 3, 1), (3, 2, 1, 4), (2, 4, 1, 3)}
M(AUB) = 
[[3, 4, 2, 1]]
Distance:26

(33)
A = 
{(4, 1, 2, 3), (3, 1, 4, 2), (1, 4, 3, 2), (3, 4, 2, 1), (4, 2, 3, 1), (2, 1, 4, 3)}
M(A) = 
[[1, 3, 4, 2]]
Distance: 15
B = 
{(2, 1, 3, 4), (1, 3, 2, 4), (3, 2, 4, 1), (3, 4, 2, 1), (4, 1, 2, 3), (2, 1, 4, 3)}
M(B) = 
[[1, 3, 4, 2]]
Distance: 14
M(A) inter A:
set()
M(B) inter B:
{(2, 1, 3, 4)}

AUB = 
{(4, 1, 2, 3), (1, 3, 2, 4), (3, 1, 4, 2), (3, 2, 4, 1), (1, 4, 3, 2), (3, 4, 2, 1), (2, 1, 3, 4), (4, 2, 3, 1), (2, 1, 4, 3)}
M(AUB) = 
[[1, 3, 4, 2]]
Distance:25

(34)
A = 
{(2, 1, 3, 4), (3, 1, 4, 2), (1, 4, 2, 3), (4, 1, 3, 2), (4, 3, 2, 1), (1, 3, 2, 4)}
M(A) = 
[[1, 4, 3, 2]]
Distance: 13
B = 
{(2, 3, 1, 4), (4, 3, 2, 1), (1, 3, 4, 2), (4, 2, 1, 3), (4, 2, 3, 1), (4, 3, 1, 2)}
M(B) = 
[[1, 4, 3, 2]]
Distance: 12
M(A) inter A:
{(4, 3, 2, 1)}
M(B) inter B:
{(4, 2, 3, 1), (4, 3, 2, 1)}

AUB = 
{(2, 1, 3, 4), (1, 3, 2, 4), (4, 3, 1, 2), (4, 2, 3, 1), (1, 3, 4, 2), (1, 4, 2, 3), (2, 3, 1, 4), (4, 2, 1, 3), (4, 1, 3, 2), (4, 3, 2, 1), (3, 1, 4, 2)}
M(AUB) = 
[[1, 4, 3, 2]]
Distance:28

(35)
A = 
{(2, 3, 4, 1), (3, 4, 1, 2), (1, 2, 3, 4), (3, 4, 2, 1), (2, 4, 3, 1), (4, 3, 1, 2)}
M(A) = 
[[4, 2, 3, 1]]
Distance: 13
B = 
{(4, 1, 2, 3), (1, 3, 4, 2), (3, 4, 2, 1), (4, 3, 2, 1), (4, 2, 3, 1), (2, 4, 1, 3)}
M(B) = 
[[4, 2, 3, 1]]
Distance: 12
M(A) inter A:
set()
M(B) inter B:
{(4, 2, 3, 1), (4, 3, 2, 1)}

AUB = 
{(2, 4, 1, 3), (4, 1, 2, 3), (3, 4, 1, 2), (2, 4, 3, 1), (4, 2, 3, 1), (1, 3, 4, 2), (1, 2, 3, 4), (3, 4, 2, 1), (2, 3, 4, 1), (4, 3, 2, 1), (4, 3, 1, 2)}
M(AUB) = 
[[4, 2, 3, 1]]
Distance:25

(36)
A = 
{(2, 1, 3, 4), (3, 1, 4, 2), (1, 4, 3, 2), (1, 2, 4, 3), (4, 2, 1, 3), (4, 1, 3, 2)}
M(A) = 
[[1, 3, 4, 2], [1, 4, 3, 2]]
Distance: 12
B = 
{(4, 2, 1, 3), (1, 3, 2, 4), (1, 4, 3, 2), (1, 4, 2, 3), (3, 2, 1, 4), (3, 4, 1, 2)}
M(B) = 
[[1, 3, 4, 2], [1, 4, 3, 2]]
Distance: 13
M(A) inter A:
{(1, 4, 3, 2)}
M(B) inter B:
{(1, 4, 3, 2)}

AUB = 
{(3, 4, 1, 2), (2, 1, 3, 4), (1, 3, 2, 4), (3, 1, 4, 2), (1, 4, 2, 3), (1, 4, 3, 2), (1, 2, 4, 3), (4, 2, 1, 3), (3, 2, 1, 4), (4, 1, 3, 2)}
M(AUB) = 
[[1, 3, 4, 2], [1, 4, 3, 2]]
Distance:22

(37)
A = 
{(4, 3, 2, 1), (1, 4, 3, 2), (1, 2, 4, 3), (2, 4, 3, 1), (4, 2, 3, 1), (2, 1, 4, 3)}
M(A) = 
[[2, 1, 4, 3], [2, 4, 1, 3], [2, 4, 3, 1]]
Distance: 13
B = 
{(2, 3, 1, 4), (1, 2, 4, 3), (4, 2, 1, 3), (2, 4, 3, 1), (3, 2, 1, 4), (2, 4, 1, 3)}
M(B) = 
[[2, 1, 4, 3], [2, 4, 1, 3], [2, 4, 3, 1]]
Distance: 11
M(A) inter A:
{(2, 1, 4, 3), (2, 4, 3, 1)}
M(B) inter B:
{(2, 4, 3, 1), (2, 4, 1, 3)}

AUB = 
{(2, 4, 1, 3), (4, 3, 2, 1), (1, 4, 3, 2), (1, 2, 4, 3), (2, 3, 1, 4), (4, 2, 1, 3), (2, 4, 3, 1), (4, 2, 3, 1), (3, 2, 1, 4), (2, 1, 4, 3)}
M(AUB) = 
[[2, 1, 4, 3], [2, 4, 1, 3], [2, 4, 3, 1]]
Distance:21

(38)
A = 
{(2, 3, 1, 4), (3, 4, 2, 1), (1, 3, 4, 2), (1, 4, 2, 3), (4, 3, 2, 1), (4, 3, 1, 2)}
M(A) = 
[[3, 4, 2, 1]]
Distance: 14
B = 
{(2, 1, 3, 4), (3, 4, 1, 2), (2, 3, 1, 4), (4, 3, 2, 1), (3, 2, 1, 4), (2, 4, 1, 3)}
M(B) = 
[[3, 4, 2, 1]]
Distance: 13
M(A) inter A:
{(2, 3, 1, 4)}
M(B) inter B:
{(2, 3, 1, 4), (3, 2, 1, 4)}

AUB = 
{(2, 4, 1, 3), (2, 3, 1, 4), (3, 4, 1, 2), (1, 4, 2, 3), (1, 3, 4, 2), (3, 4, 2, 1), (2, 1, 3, 4), (4, 3, 2, 1), (3, 2, 1, 4), (4, 3, 1, 2)}
M(AUB) = 
[[3, 4, 2, 1]]
Distance:25

(39)
A = 
{(3, 4, 1, 2), (3, 1, 2, 4), (1, 2, 4, 3), (2, 4, 3, 1), (3, 2, 1, 4), (4, 3, 1, 2)}
M(A) = 
[[3, 2, 4, 1]]
Distance: 13
B = 
{(4, 3, 2, 1), (3, 4, 1, 2), (1, 3, 4, 2), (3, 2, 4, 1), (2, 3, 4, 1), (4, 2, 3, 1)}
M(B) = 
[[3, 2, 4, 1]]
Distance: 10
M(A) inter A:
set()
M(B) inter B:
set()

AUB = 
{(4, 2, 3, 1), (3, 4, 1, 2), (3, 2, 4, 1), (2, 3, 4, 1), (1, 3, 4, 2), (3, 2, 1, 4), (1, 2, 4, 3), (2, 4, 3, 1), (4, 3, 2, 1), (3, 1, 2, 4), (4, 3, 1, 2)}
M(AUB) = 
[[3, 2, 4, 1]]
Distance:25

(40)
A = 
{(2, 1, 3, 4), (3, 4, 1, 2), (3, 4, 2, 1), (4, 1, 2, 3), (2, 4, 3, 1), (4, 1, 3, 2)}
M(A) = 
[[4, 1, 2, 3]]
Distance: 15
B = 
{(1, 4, 2, 3), (3, 4, 2, 1), (2, 4, 3, 1), (2, 4, 1, 3), (3, 1, 2, 4), (4, 1, 3, 2)}
M(B) = 
[[4, 1, 2, 3]]
Distance: 16
M(A) inter A:
{(4, 1, 3, 2), (4, 1, 2, 3), (2, 4, 3, 1)}
M(B) inter B:
{(4, 1, 3, 2), (2, 4, 1, 3), (2, 4, 3, 1)}

AUB = 
{(4, 1, 2, 3), (3, 4, 1, 2), (1, 4, 2, 3), (3, 4, 2, 1), (2, 1, 3, 4), (2, 4, 3, 1), (2, 4, 1, 3), (3, 1, 2, 4), (4, 1, 3, 2)}
M(AUB) = 
[[4, 1, 2, 3]]
Distance:23

(41)
A = 
{(4, 2, 1, 3), (3, 4, 1, 2), (3, 2, 4, 1), (2, 3, 4, 1), (4, 2, 3, 1), (3, 2, 1, 4)}
M(A) = 
[[3, 4, 2, 1], [4, 2, 3, 1], [4, 3, 2, 1]]
Distance: 11
B = 
{(4, 1, 2, 3), (4, 2, 3, 1), (1, 4, 3, 2), (2, 1, 3, 4), (4, 2, 1, 3), (4, 3, 2, 1)}
M(B) = 
[[3, 4, 2, 1], [4, 2, 3, 1], [4, 3, 2, 1]]
Distance: 10
M(A) inter A:
{(4, 2, 1, 3)}
M(B) inter B:
{(4, 2, 1, 3)}

AUB = 
{(4, 2, 1, 3), (3, 4, 1, 2), (4, 3, 2, 1), (1, 4, 3, 2), (3, 2, 4, 1), (4, 1, 2, 3), (2, 3, 4, 1), (2, 1, 3, 4), (4, 2, 3, 1), (3, 2, 1, 4)}
M(AUB) = 
[[3, 4, 2, 1], [4, 2, 3, 1], [4, 3, 2, 1]]
Distance:24

(42)
A = 
{(3, 4, 1, 2), (3, 1, 4, 2), (1, 4, 3, 2), (4, 3, 2, 1), (3, 1, 2, 4), (4, 1, 3, 2)}
M(A) = 
[[3, 2, 4, 1], [3, 4, 1, 2], [3, 4, 2, 1], [4, 3, 1, 2], [4, 3, 2, 1]]
Distance: 10
B = 
{(2, 3, 1, 4), (3, 2, 4, 1), (2, 3, 4, 1), (1, 2, 4, 3), (2, 4, 3, 1), (4, 2, 3, 1)}
M(B) = 
[[3, 2, 4, 1], [3, 4, 1, 2], [3, 4, 2, 1], [4, 3, 1, 2], [4, 3, 2, 1]]
Distance: 9
M(A) inter A:
set()
M(B) inter B:
{(2, 3, 4, 1), (2, 4, 3, 1)}

AUB = 
{(3, 1, 4, 2), (2, 3, 1, 4), (3, 4, 1, 2), (1, 2, 4, 3), (2, 4, 3, 1), (4, 2, 3, 1), (1, 4, 3, 2), (3, 2, 4, 1), (2, 3, 4, 1), (4, 3, 2, 1), (3, 1, 2, 4), (4, 1, 3, 2)}
M(AUB) = 
[[3, 2, 4, 1], [3, 4, 1, 2], [3, 4, 2, 1], [4, 3, 1, 2], [4, 3, 2, 1]]
Distance:31

(43)
A = 
{(2, 1, 3, 4), (1, 4, 3, 2), (4, 1, 2, 3), (1, 4, 2, 3), (2, 3, 1, 4), (2, 4, 1, 3)}
M(A) = 
[[1, 4, 2, 3]]
Distance: 12
B = 
{(1, 2, 3, 4), (4, 3, 1, 2), (1, 3, 4, 2), (4, 1, 3, 2), (4, 2, 3, 1), (2, 1, 4, 3)}
M(B) = 
[[1, 4, 2, 3]]
Distance: 14
M(A) inter A:
{(1, 4, 2, 3), (4, 1, 2, 3), (1, 4, 3, 2)}
M(B) inter B:
{(4, 1, 3, 2)}

AUB = 
{(4, 1, 2, 3), (1, 2, 3, 4), (2, 3, 1, 4), (4, 2, 3, 1), (1, 4, 3, 2), (1, 3, 4, 2), (1, 4, 2, 3), (2, 1, 3, 4), (4, 1, 3, 2), (4, 3, 1, 2), (2, 1, 4, 3), (2, 4, 1, 3)}
M(AUB) = 
[[1, 4, 2, 3]]
Distance:26

(44)
A = 
{(2, 3, 1, 4), (1, 3, 2, 4), (1, 2, 4, 3), (4, 1, 2, 3), (2, 3, 4, 1), (3, 4, 1, 2)}
M(A) = 
[[1, 2, 3, 4]]
Distance: 14
B = 
{(2, 1, 3, 4), (1, 3, 4, 2), (1, 4, 2, 3), (2, 3, 4, 1), (4, 2, 3, 1), (2, 4, 1, 3)}
M(B) = 
[[1, 2, 3, 4]]
Distance: 14
M(A) inter A:
set()
M(B) inter B:
{(2, 1, 3, 4), (2, 4, 1, 3)}

AUB = 
{(2, 4, 1, 3), (4, 1, 2, 3), (1, 3, 2, 4), (1, 4, 2, 3), (1, 3, 4, 2), (1, 2, 4, 3), (2, 3, 1, 4), (2, 3, 4, 1), (2, 1, 3, 4), (4, 2, 3, 1), (3, 4, 1, 2)}
M(AUB) = 
[[1, 2, 3, 4]]
Distance:27

(45)
A = 
{(4, 2, 1, 3), (2, 4, 3, 1), (4, 1, 3, 2), (4, 2, 3, 1), (3, 2, 1, 4), (2, 4, 1, 3)}
M(A) = 
[[2, 4, 1, 3], [2, 4, 3, 1]]
Distance: 11
B = 
{(2, 1, 3, 4), (1, 2, 4, 3), (4, 1, 2, 3), (3, 2, 4, 1), (2, 3, 1, 4), (2, 3, 4, 1)}
M(B) = 
[[2, 4, 1, 3], [2, 4, 3, 1]]
Distance: 12
M(A) inter A:
set()
M(B) inter B:
{(2, 3, 1, 4), (2, 1, 3, 4), (2, 3, 4, 1)}

AUB = 
{(2, 3, 4, 1), (4, 2, 1, 3), (3, 2, 4, 1), (2, 3, 1, 4), (4, 1, 2, 3), (1, 2, 4, 3), (2, 1, 3, 4), (2, 4, 3, 1), (4, 1, 3, 2), (4, 2, 3, 1), (3, 2, 1, 4), (2, 4, 1, 3)}
M(AUB) = 
[[2, 4, 1, 3], [2, 4, 3, 1]]
Distance:25

(46)
A = 
{(4, 1, 2, 3), (1, 3, 2, 4), (1, 4, 3, 2), (1, 3, 4, 2), (1, 4, 2, 3), (2, 1, 3, 4)}
M(A) = 
[[1, 2, 3, 4], [1, 2, 4, 3], [2, 1, 3, 4], [2, 1, 4, 3]]
Distance: 10
B = 
{(1, 2, 3, 4), (3, 4, 2, 1), (3, 2, 4, 1), (2, 4, 3, 1), (2, 1, 4, 3), (2, 4, 1, 3)}
M(B) = 
[[1, 2, 3, 4], [1, 2, 4, 3], [2, 1, 3, 4], [2, 1, 4, 3]]
Distance: 12
M(A) inter A:
set()
M(B) inter B:
{(2, 4, 3, 1), (2, 4, 1, 3)}

AUB = 
{(2, 4, 1, 3), (4, 1, 2, 3), (1, 3, 2, 4), (3, 4, 2, 1), (1, 4, 3, 2), (1, 3, 4, 2), (1, 4, 2, 3), (2, 1, 3, 4), (3, 2, 4, 1), (2, 4, 3, 1), (2, 1, 4, 3), (1, 2, 3, 4)}
M(AUB) = 
[[1, 2, 3, 4], [1, 2, 4, 3], [2, 1, 3, 4], [2, 1, 4, 3]]
Distance:30

(47)
A = 
{(4, 1, 2, 3), (1, 3, 2, 4), (1, 4, 3, 2), (1, 3, 4, 2), (2, 3, 1, 4), (2, 1, 4, 3)}
M(A) = 
[[1, 2, 3, 4], [1, 2, 4, 3], [1, 3, 2, 4]]
Distance: 13
B = 
{(2, 3, 1, 4), (3, 4, 1, 2), (1, 4, 3, 2), (1, 2, 4, 3), (3, 2, 1, 4), (2, 4, 1, 3)}
M(B) = 
[[1, 2, 3, 4], [1, 2, 4, 3], [1, 3, 2, 4]]
Distance: 16
M(A) inter A:
{(2, 3, 1, 4), (1, 3, 2, 4), (2, 1, 4, 3)}
M(B) inter B:
{(1, 2, 4, 3), (2, 3, 1, 4), (3, 2, 1, 4)}

AUB = 
{(4, 1, 2, 3), (3, 4, 1, 2), (1, 3, 2, 4), (1, 4, 3, 2), (1, 3, 4, 2), (1, 2, 4, 3), (2, 3, 1, 4), (2, 4, 1, 3), (3, 2, 1, 4), (2, 1, 4, 3)}
M(AUB) = 
[[1, 2, 3, 4], [1, 2, 4, 3], [1, 3, 2, 4]]
Distance:24

(48)
A = 
{(4, 3, 2, 1), (1, 3, 4, 2), (1, 4, 3, 2), (2, 1, 4, 3), (3, 2, 1, 4), (2, 4, 1, 3)}
M(A) = 
[[2, 1, 3, 4]]
Distance: 15
B = 
{(2, 1, 3, 4), (3, 4, 1, 2), (3, 2, 4, 1), (2, 3, 1, 4), (4, 2, 1, 3), (1, 2, 3, 4)}
M(B) = 
[[2, 1, 3, 4]]
Distance: 13
M(A) inter A:
set()
M(B) inter B:
{(2, 1, 3, 4), (2, 3, 1, 4)}

AUB = 
{(1, 2, 3, 4), (4, 3, 2, 1), (3, 4, 1, 2), (2, 3, 1, 4), (1, 3, 4, 2), (1, 4, 3, 2), (3, 2, 4, 1), (2, 1, 3, 4), (4, 2, 1, 3), (2, 1, 4, 3), (3, 2, 1, 4), (2, 4, 1, 3)}
M(AUB) = 
[[2, 1, 3, 4]]
Distance:30

(49)
A = 
{(2, 1, 3, 4), (3, 1, 4, 2), (1, 4, 2, 3), (2, 3, 1, 4), (4, 3, 2, 1), (3, 2, 1, 4)}
M(A) = 
[[2, 3, 1, 4]]
Distance: 13
B = 
{(2, 3, 1, 4), (1, 3, 4, 2), (3, 2, 4, 1), (2, 3, 4, 1), (4, 2, 3, 1), (2, 1, 4, 3)}
M(B) = 
[[2, 3, 1, 4]]
Distance: 12
M(A) inter A:
{(2, 3, 1, 4)}
M(B) inter B:
{(2, 3, 1, 4), (2, 3, 4, 1)}

AUB = 
{(2, 1, 3, 4), (3, 1, 4, 2), (3, 2, 4, 1), (4, 2, 3, 1), (1, 3, 4, 2), (1, 4, 2, 3), (2, 3, 1, 4), (2, 3, 4, 1), (4, 3, 2, 1), (3, 2, 1, 4), (2, 1, 4, 3)}
M(AUB) = 
[[2, 3, 1, 4]]
Distance:25

(50)
A = 
{(2, 1, 3, 4), (3, 4, 1, 2), (1, 2, 4, 3), (4, 2, 1, 3), (2, 3, 4, 1), (2, 4, 1, 3)}
M(A) = 
[[2, 3, 4, 1]]
Distance: 12
B = 
{(2, 3, 1, 4), (3, 4, 2, 1), (3, 2, 4, 1), (2, 4, 3, 1), (3, 2, 1, 4), (4, 3, 1, 2)}
M(B) = 
[[2, 3, 4, 1]]
Distance: 9
M(A) inter A:
set()
M(B) inter B:
{(3, 2, 4, 1)}

AUB = 
{(2, 1, 3, 4), (3, 4, 1, 2), (3, 4, 2, 1), (2, 3, 1, 4), (1, 2, 4, 3), (4, 2, 1, 3), (3, 2, 4, 1), (2, 4, 3, 1), (2, 3, 4, 1), (4, 3, 1, 2), (3, 2, 1, 4), (2, 4, 1, 3)}
M(AUB) = 
[[2, 3, 4, 1]]
Distance:25

(51)
A = 
{(4, 2, 1, 3), (1, 4, 2, 3), (2, 4, 3, 1), (3, 4, 2, 1), (2, 3, 4, 1), (4, 1, 3, 2)}
M(A) = 
[[4, 2, 1, 3]]
Distance: 12
B = 
{(2, 3, 1, 4), (1, 3, 2, 4), (1, 4, 3, 2), (3, 4, 2, 1), (4, 3, 2, 1), (2, 4, 1, 3)}
M(B) = 
[[4, 2, 1, 3]]
Distance: 16
M(A) inter A:
{(3, 4, 2, 1)}
M(B) inter B:
{(3, 4, 2, 1), (4, 3, 2, 1)}

AUB = 
{(2, 4, 1, 3), (4, 2, 1, 3), (1, 3, 2, 4), (3, 4, 2, 1), (2, 3, 4, 1), (1, 4, 3, 2), (1, 4, 2, 3), (2, 3, 1, 4), (2, 4, 3, 1), (4, 3, 2, 1), (4, 1, 3, 2)}
M(AUB) = 
[[4, 2, 1, 3]]
Distance:27

(52)
A = 
{(2, 1, 3, 4), (1, 3, 2, 4), (1, 4, 3, 2), (3, 2, 4, 1), (4, 3, 2, 1), (2, 1, 4, 3)}
M(A) = 
[[1, 2, 3, 4], [1, 2, 4, 3], [2, 1, 3, 4], [2, 1, 4, 3]]
Distance: 15
B = 
{(4, 1, 2, 3), (1, 2, 3, 4), (1, 4, 3, 2), (1, 2, 4, 3), (2, 3, 1, 4), (2, 1, 4, 3)}
M(B) = 
[[1, 2, 3, 4], [1, 2, 4, 3], [2, 1, 3, 4], [2, 1, 4, 3]]
Distance: 9
M(A) inter A:
set()
M(B) inter B:
{(1, 2, 4, 3)}

AUB = 
{(2, 1, 3, 4), (1, 3, 2, 4), (1, 2, 4, 3), (1, 2, 3, 4), (1, 4, 3, 2), (3, 2, 4, 1), (2, 3, 1, 4), (4, 1, 2, 3), (4, 3, 2, 1), (2, 1, 4, 3)}
M(AUB) = 
[[1, 2, 3, 4], [1, 2, 4, 3], [2, 1, 3, 4], [2, 1, 4, 3]]
Distance:23

(53)
A = 
{(4, 2, 1, 3), (1, 2, 3, 4), (1, 2, 4, 3), (2, 3, 4, 1), (4, 2, 3, 1), (2, 4, 1, 3)}
M(A) = 
[[2, 1, 3, 4], [2, 3, 1, 4]]
Distance: 10
B = 
{(2, 3, 1, 4), (1, 3, 2, 4), (1, 4, 3, 2), (3, 1, 2, 4), (3, 4, 2, 1), (3, 2, 1, 4)}
M(B) = 
[[2, 1, 3, 4], [2, 3, 1, 4]]
Distance: 10
M(A) inter A:
set()
M(B) inter B:
{(3, 1, 2, 4), (3, 2, 1, 4)}

AUB = 
{(4, 2, 1, 3), (1, 3, 2, 4), (1, 2, 3, 4), (3, 4, 2, 1), (1, 4, 3, 2), (3, 2, 1, 4), (1, 2, 4, 3), (2, 3, 1, 4), (2, 3, 4, 1), (4, 2, 3, 1), (3, 1, 2, 4), (2, 4, 1, 3)}
M(AUB) = 
[[2, 1, 3, 4], [2, 3, 1, 4]]
Distance:30

(54)
A = 
{(4, 2, 1, 3), (1, 2, 3, 4), (1, 4, 3, 2), (4, 1, 3, 2), (2, 1, 4, 3), (3, 1, 4, 2)}
M(A) = 
[[1, 2, 4, 3], [1, 4, 2, 3], [1, 4, 3, 2]]
Distance: 12
B = 
{(3, 1, 4, 2), (1, 2, 4, 3), (2, 3, 4, 1), (4, 3, 1, 2), (3, 1, 2, 4), (4, 1, 3, 2)}
M(B) = 
[[1, 2, 4, 3], [1, 4, 2, 3], [1, 4, 3, 2]]
Distance: 14
M(A) inter A:
{(3, 1, 4, 2)}
M(B) inter B:
{(3, 1, 4, 2), (3, 1, 2, 4), (4, 3, 1, 2)}

AUB = 
{(4, 2, 1, 3), (3, 1, 4, 2), (4, 3, 1, 2), (1, 4, 3, 2), (1, 2, 4, 3), (2, 3, 4, 1), (4, 1, 3, 2), (2, 1, 4, 3), (3, 1, 2, 4), (1, 2, 3, 4)}
M(AUB) = 
[[1, 2, 4, 3], [1, 4, 2, 3], [1, 4, 3, 2]]
Distance:25

(55)
A = 
{(2, 4, 1, 3), (2, 3, 1, 4), (1, 4, 2, 3), (4, 2, 3, 1), (3, 1, 2, 4), (2, 1, 4, 3)}
M(A) = 
[[2, 1, 4, 3], [2, 3, 1, 4], [2, 4, 3, 1]]
Distance: 12
B = 
{(3, 1, 4, 2), (3, 1, 2, 4), (1, 2, 4, 3), (2, 4, 3, 1), (3, 2, 1, 4), (4, 3, 1, 2)}
M(B) = 
[[2, 1, 4, 3], [2, 3, 1, 4], [2, 4, 3, 1]]
Distance: 12
M(A) inter A:
{(3, 1, 2, 4)}
M(B) inter B:
{(3, 1, 2, 4)}

AUB = 
{(2, 4, 1, 3), (2, 3, 1, 4), (3, 1, 4, 2), (1, 2, 4, 3), (4, 3, 1, 2), (3, 2, 1, 4), (1, 4, 2, 3), (2, 4, 3, 1), (4, 2, 3, 1), (3, 1, 2, 4), (2, 1, 4, 3)}
M(AUB) = 
[[2, 1, 4, 3], [2, 3, 1, 4], [2, 4, 3, 1]]
Distance:28

(56)
A = 
{(4, 3, 2, 1), (1, 2, 4, 3), (2, 4, 3, 1), (4, 2, 3, 1), (3, 2, 1, 4), (4, 3, 1, 2)}
M(A) = 
[[4, 3, 1, 2]]
Distance: 12
B = 
{(3, 1, 4, 2), (4, 1, 2, 3), (3, 4, 1, 2), (1, 2, 4, 3), (3, 1, 2, 4), (1, 2, 3, 4)}
M(B) = 
[[4, 3, 1, 2]]
Distance: 13
M(A) inter A:
set()
M(B) inter B:
{(1, 2, 3, 4), (3, 1, 4, 2), (3, 1, 2, 4)}

AUB = 
{(4, 3, 2, 1), (3, 4, 1, 2), (3, 1, 4, 2), (1, 2, 3, 4), (3, 1, 2, 4), (1, 2, 4, 3), (4, 1, 2, 3), (2, 4, 3, 1), (4, 2, 3, 1), (3, 2, 1, 4), (4, 3, 1, 2)}
M(AUB) = 
[[4, 3, 1, 2]]
Distance:27

(57)
A = 
{(4, 1, 2, 3), (1, 2, 3, 4), (2, 3, 1, 4), (2, 4, 1, 3), (3, 1, 2, 4), (1, 3, 2, 4)}
M(A) = 
[[2, 3, 4, 1]]
Distance: 11
B = 
{(2, 3, 1, 4), (1, 2, 3, 4), (3, 2, 4, 1), (2, 4, 3, 1), (3, 1, 2, 4), (4, 3, 1, 2)}
M(B) = 
[[2, 3, 4, 1]]
Distance: 13
M(A) inter A:
{(2, 3, 1, 4), (3, 1, 2, 4)}
M(B) inter B:
{(3, 2, 4, 1), (2, 3, 1, 4), (3, 1, 2, 4)}

AUB = 
{(4, 1, 2, 3), (1, 3, 2, 4), (4, 3, 1, 2), (3, 2, 4, 1), (2, 3, 1, 4), (2, 4, 3, 1), (2, 4, 1, 3), (3, 1, 2, 4), (1, 2, 3, 4)}
M(AUB) = 
[[2, 3, 4, 1]]
Distance:23

(58)
A = 
{(1, 3, 4, 2), (1, 2, 4, 3), (4, 1, 3, 2), (4, 2, 3, 1), (3, 1, 2, 4), (2, 4, 1, 3)}
M(A) = 
[[4, 2, 3, 1], [4, 3, 1, 2], [4, 3, 2, 1]]
Distance: 15
B = 
{(4, 2, 1, 3), (3, 1, 4, 2), (2, 3, 4, 1), (3, 4, 2, 1), (2, 4, 3, 1), (4, 3, 1, 2)}
M(B) = 
[[4, 2, 3, 1], [4, 3, 1, 2], [4, 3, 2, 1]]
Distance: 12
M(A) inter A:
{(4, 2, 3, 1)}
M(B) inter B:
{(3, 4, 2, 1)}

AUB = 
{(4, 2, 1, 3), (3, 1, 4, 2), (3, 4, 2, 1), (4, 3, 1, 2), (2, 4, 3, 1), (1, 3, 4, 2), (1, 2, 4, 3), (2, 3, 4, 1), (4, 1, 3, 2), (4, 2, 3, 1), (3, 1, 2, 4), (2, 4, 1, 3)}
M(AUB) = 
[[4, 2, 3, 1], [4, 3, 1, 2], [4, 3, 2, 1]]
Distance:31

(59)
A = 
{(2, 1, 3, 4), (3, 4, 1, 2), (2, 3, 1, 4), (4, 2, 1, 3), (2, 3, 4, 1), (3, 2, 1, 4)}
M(A) = 
[[2, 1, 3, 4]]
Distance: 11
B = 
{(4, 1, 2, 3), (3, 1, 4, 2), (1, 3, 4, 2), (2, 1, 3, 4), (2, 1, 4, 3), (4, 1, 3, 2)}
M(B) = 
[[2, 1, 3, 4]]
Distance: 13
M(A) inter A:
set()
M(B) inter B:
{(1, 3, 4, 2)}

AUB = 
{(2, 1, 3, 4), (3, 4, 1, 2), (2, 3, 1, 4), (1, 3, 4, 2), (4, 1, 2, 3), (4, 2, 1, 3), (2, 3, 4, 1), (4, 1, 3, 2), (2, 1, 4, 3), (3, 2, 1, 4), (3, 1, 4, 2)}
M(AUB) = 
[[2, 1, 3, 4]]
Distance:30

(60)
A = 
{(4, 1, 2, 3), (1, 2, 3, 4), (1, 2, 4, 3), (4, 3, 1, 2), (3, 1, 2, 4), (4, 1, 3, 2)}
M(A) = 
[[3, 1, 2, 4]]
Distance: 13
B = 
{(2, 3, 1, 4), (3, 1, 4, 2), (3, 2, 4, 1), (1, 2, 4, 3), (3, 2, 1, 4), (4, 3, 1, 2)}
M(B) = 
[[3, 1, 2, 4]]
Distance: 12
M(A) inter A:
{(3, 1, 2, 4)}
M(B) inter B:
{(3, 2, 1, 4)}

AUB = 
{(3, 1, 4, 2), (4, 1, 2, 3), (1, 2, 3, 4), (3, 2, 4, 1), (3, 2, 1, 4), (1, 2, 4, 3), (2, 3, 1, 4), (4, 3, 1, 2), (3, 1, 2, 4), (4, 1, 3, 2)}
M(AUB) = 
[[3, 1, 2, 4]]
Distance:23

(61)
A = 
{(1, 2, 3, 4), (2, 3, 4, 1), (1, 2, 4, 3), (2, 4, 3, 1), (4, 3, 1, 2), (4, 1, 3, 2)}
M(A) = 
[[2, 4, 1, 3]]
Distance: 15
B = 
{(4, 2, 1, 3), (1, 2, 3, 4), (3, 2, 4, 1), (4, 1, 2, 3), (4, 2, 3, 1), (2, 1, 4, 3)}
M(B) = 
[[2, 4, 1, 3]]
Distance: 12
M(A) inter A:
set()
M(B) inter B:
{(4, 2, 1, 3)}

AUB = 
{(4, 2, 1, 3), (1, 2, 3, 4), (3, 2, 4, 1), (2, 4, 3, 1), (4, 2, 3, 1), (1, 2, 4, 3), (4, 1, 2, 3), (2, 3, 4, 1), (4, 3, 1, 2), (2, 1, 4, 3), (4, 1, 3, 2)}
M(AUB) = 
[[2, 4, 1, 3]]
Distance:24

(62)
A = 
{(4, 1, 2, 3), (3, 4, 1, 2), (3, 2, 4, 1), (1, 3, 4, 2), (1, 2, 4, 3), (4, 3, 2, 1)}
M(A) = 
[[4, 1, 2, 3], [4, 1, 3, 2], [4, 2, 1, 3]]
Distance: 14
B = 
{(4, 2, 1, 3), (3, 2, 4, 1), (1, 4, 3, 2), (1, 2, 4, 3), (4, 2, 3, 1), (2, 1, 4, 3)}
M(B) = 
[[4, 1, 2, 3], [4, 1, 3, 2], [4, 2, 1, 3]]
Distance: 13
M(A) inter A:
set()
M(B) inter B:
{(4, 2, 1, 3), (2, 1, 4, 3)}

AUB = 
{(4, 1, 2, 3), (3, 4, 1, 2), (1, 2, 4, 3), (4, 2, 3, 1), (1, 3, 4, 2), (1, 4, 3, 2), (3, 2, 4, 1), (4, 2, 1, 3), (4, 3, 2, 1), (2, 1, 4, 3)}
M(AUB) = 
[[4, 1, 2, 3], [4, 1, 3, 2], [4, 2, 1, 3]]
Distance:24

(63)
A = 
{(4, 2, 1, 3), (1, 3, 2, 4), (1, 4, 2, 3), (2, 4, 3, 1), (3, 2, 1, 4), (4, 1, 3, 2)}
M(A) = 
[[1, 2, 4, 3], [2, 1, 4, 3], [2, 4, 1, 3]]
Distance: 16
B = 
{(1, 3, 2, 4), (1, 4, 2, 3), (1, 2, 4, 3), (2, 3, 4, 1), (3, 1, 2, 4), (2, 4, 1, 3)}
M(B) = 
[[1, 2, 4, 3], [2, 1, 4, 3], [2, 4, 1, 3]]
Distance: 12
M(A) inter A:
set()
M(B) inter B:
{(1, 2, 4, 3)}

AUB = 
{(4, 2, 1, 3), (1, 3, 2, 4), (1, 2, 4, 3), (2, 3, 4, 1), (3, 1, 2, 4), (1, 4, 2, 3), (2, 4, 3, 1), (2, 4, 1, 3), (3, 2, 1, 4), (4, 1, 3, 2)}
M(AUB) = 
[[1, 2, 4, 3], [2, 1, 4, 3], [2, 4, 1, 3]]
Distance:25

(64)
A = 
{(1, 3, 2, 4), (1, 2, 4, 3), (3, 2, 4, 1), (2, 3, 4, 1), (4, 1, 3, 2), (2, 1, 4, 3)}
M(A) = 
[[1, 3, 2, 4]]
Distance: 15
B = 
{(3, 4, 1, 2), (1, 4, 2, 3), (1, 2, 4, 3), (4, 1, 3, 2), (3, 2, 1, 4), (1, 3, 2, 4)}
M(B) = 
[[1, 3, 2, 4]]
Distance: 13
M(A) inter A:
{(1, 3, 2, 4)}
M(B) inter B:
{(1, 3, 2, 4)}

AUB = 
{(3, 4, 1, 2), (1, 3, 2, 4), (3, 2, 4, 1), (1, 2, 4, 3), (1, 4, 2, 3), (2, 3, 4, 1), (4, 1, 3, 2), (3, 2, 1, 4), (2, 1, 4, 3)}
M(AUB) = 
[[1, 3, 2, 4]]
Distance:23

(65)
A = 
{(3, 1, 4, 2), (3, 2, 4, 1), (1, 2, 4, 3), (2, 4, 3, 1), (3, 2, 1, 4), (4, 1, 3, 2)}
M(A) = 
[[1, 2, 4, 3], [2, 1, 4, 3]]
Distance: 15
B = 
{(2, 1, 3, 4), (3, 1, 4, 2), (1, 4, 3, 2), (1, 4, 2, 3), (2, 4, 3, 1), (2, 1, 4, 3)}
M(B) = 
[[1, 2, 4, 3], [2, 1, 4, 3]]
Distance: 13
M(A) inter A:
{(1, 2, 4, 3)}
M(B) inter B:
{(1, 4, 2, 3), (2, 1, 4, 3)}

AUB = 
{(2, 1, 3, 4), (3, 1, 4, 2), (1, 2, 4, 3), (1, 4, 3, 2), (3, 2, 4, 1), (1, 4, 2, 3), (2, 4, 3, 1), (2, 1, 4, 3), (3, 2, 1, 4), (4, 1, 3, 2)}
M(AUB) = 
[[1, 2, 4, 3], [2, 1, 4, 3]]
Distance:25

(66)
A = 
{(2, 1, 3, 4), (3, 4, 2, 1), (1, 4, 3, 2), (1, 4, 2, 3), (4, 2, 3, 1), (3, 2, 1, 4)}
M(A) = 
[[2, 1, 4, 3]]
Distance: 17
B = 
{(2, 3, 1, 4), (1, 2, 3, 4), (1, 2, 4, 3), (4, 2, 1, 3), (2, 4, 1, 3), (4, 3, 1, 2)}
M(B) = 
[[2, 1, 4, 3]]
Distance: 13
M(A) inter A:
set()
M(B) inter B:
{(1, 2, 4, 3), (2, 4, 1, 3)}

AUB = 
{(2, 1, 3, 4), (1, 2, 3, 4), (1, 4, 2, 3), (4, 3, 1, 2), (1, 2, 4, 3), (1, 4, 3, 2), (3, 4, 2, 1), (2, 3, 1, 4), (4, 2, 1, 3), (4, 2, 3, 1), (3, 2, 1, 4), (2, 4, 1, 3)}
M(AUB) = 
[[2, 1, 4, 3]]
Distance:30

(67)
A = 
{(2, 1, 3, 4), (1, 2, 3, 4), (2, 4, 3, 1), (1, 4, 2, 3), (2, 3, 4, 1), (2, 1, 4, 3)}
M(A) = 
[[2, 4, 1, 3]]
Distance: 10
B = 
{(4, 2, 1, 3), (1, 2, 4, 3), (3, 2, 4, 1), (4, 2, 3, 1), (2, 1, 4, 3), (2, 4, 1, 3)}
M(B) = 
[[2, 4, 1, 3]]
Distance: 9
M(A) inter A:
set()
M(B) inter B:
{(2, 4, 1, 3)}

AUB = 
{(2, 4, 1, 3), (2, 1, 3, 4), (1, 2, 3, 4), (1, 2, 4, 3), (2, 3, 4, 1), (1, 4, 2, 3), (4, 2, 1, 3), (3, 2, 4, 1), (2, 4, 3, 1), (4, 2, 3, 1), (2, 1, 4, 3)}
M(AUB) = 
[[2, 4, 1, 3]]
Distance:20

(68)
A = 
{(2, 1, 3, 4), (1, 2, 3, 4), (3, 2, 4, 1), (1, 2, 4, 3), (2, 4, 3, 1), (3, 4, 1, 2)}
M(A) = 
[[2, 1, 3, 4]]
Distance: 14
B = 
{(4, 1, 2, 3), (3, 4, 2, 1), (1, 3, 4, 2), (3, 2, 4, 1), (2, 3, 1, 4), (2, 1, 4, 3)}
M(B) = 
[[2, 1, 3, 4]]
Distance: 16
M(A) inter A:
{(3, 2, 4, 1), (2, 1, 3, 4)}
M(B) inter B:
{(3, 2, 4, 1), (2, 3, 1, 4), (3, 4, 2, 1)}

AUB = 
{(2, 1, 3, 4), (1, 2, 3, 4), (1, 2, 4, 3), (2, 3, 1, 4), (1, 3, 4, 2), (3, 2, 4, 1), (4, 1, 2, 3), (2, 4, 3, 1), (3, 4, 2, 1), (2, 1, 4, 3), (3, 4, 1, 2)}
M(AUB) = 
[[2, 1, 3, 4]]
Distance:27

(69)
A = 
{(1, 3, 2, 4), (1, 4, 2, 3), (1, 4, 3, 2), (1, 2, 4, 3), (2, 4, 3, 1), (3, 1, 4, 2)}
M(A) = 
[[1, 2, 4, 3], [1, 4, 2, 3], [1, 4, 3, 2], [2, 1, 4, 3], [2, 4, 1, 3], [2, 4, 3, 1], [4, 1, 2, 3], [4, 1, 3, 2], [4, 2, 1, 3], [4, 2, 3, 1], [4, 3, 1, 2], [4, 3, 2, 1]]
Distance: 12
B = 
{(4, 2, 3, 1), (3, 4, 2, 1), (3, 2, 4, 1), (2, 4, 1, 3), (2, 1, 4, 3), (4, 3, 1, 2)}
M(B) = 
[[1, 2, 4, 3], [1, 4, 2, 3], [1, 4, 3, 2], [2, 1, 4, 3], [2, 4, 1, 3], [2, 4, 3, 1], [4, 1, 2, 3], [4, 1, 3, 2], [4, 2, 1, 3], [4, 2, 3, 1], [4, 3, 1, 2], [4, 3, 2, 1]]
Distance: 12
M(A) inter A:
{(2, 4, 3, 1)}
M(B) inter B:
{(4, 2, 3, 1)}

AUB = 
{(2, 4, 1, 3), (3, 4, 2, 1), (1, 3, 2, 4), (1, 2, 4, 3), (4, 3, 1, 2), (1, 4, 3, 2), (1, 4, 2, 3), (3, 2, 4, 1), (2, 4, 3, 1), (4, 2, 3, 1), (2, 1, 4, 3), (3, 1, 4, 2)}
M(AUB) = 
[[1, 2, 4, 3], [1, 4, 2, 3], [1, 4, 3, 2], [2, 1, 4, 3], [2, 4, 1, 3], [2, 4, 3, 1], [4, 1, 2, 3], [4, 1, 3, 2], [4, 2, 1, 3], [4, 2, 3, 1], [4, 3, 1, 2], [4, 3, 2, 1]]
Distance:34

(70)
A = 
{(2, 1, 3, 4), (2, 3, 1, 4), (1, 4, 3, 2), (4, 1, 2, 3), (4, 2, 1, 3), (4, 2, 3, 1)}
M(A) = 
[[1, 2, 4, 3], [1, 4, 2, 3], [2, 1, 4, 3]]
Distance: 12
B = 
{(1, 4, 2, 3), (1, 3, 4, 2), (3, 1, 2, 4), (1, 2, 4, 3), (3, 2, 1, 4), (2, 4, 1, 3)}
M(B) = 
[[1, 2, 4, 3], [1, 4, 2, 3], [2, 1, 4, 3]]
Distance: 13
M(A) inter A:
set()
M(B) inter B:
{(1, 2, 4, 3)}

AUB = 
{(3, 2, 1, 4), (4, 1, 2, 3), (1, 2, 4, 3), (2, 3, 1, 4), (1, 4, 3, 2), (1, 3, 4, 2), (1, 4, 2, 3), (2, 1, 3, 4), (4, 2, 1, 3), (4, 2, 3, 1), (3, 1, 2, 4), (2, 4, 1, 3)}
M(AUB) = 
[[1, 2, 4, 3], [1, 4, 2, 3], [2, 1, 4, 3]]
Distance:29

(71)
A = 
{(4, 2, 1, 3), (1, 2, 3, 4), (1, 4, 3, 2), (1, 2, 4, 3), (4, 2, 3, 1), (4, 3, 1, 2)}
M(A) = 
[[1, 2, 4, 3]]
Distance: 12
B = 
{(4, 2, 1, 3), (1, 3, 2, 4), (1, 2, 3, 4), (2, 3, 1, 4), (2, 3, 4, 1), (4, 3, 1, 2)}
M(B) = 
[[1, 2, 4, 3]]
Distance: 15
M(A) inter A:
{(1, 2, 3, 4)}
M(B) inter B:
{(2, 3, 1, 4), (1, 2, 3, 4), (2, 3, 4, 1)}

AUB = 
{(4, 2, 1, 3), (1, 3, 2, 4), (1, 2, 3, 4), (1, 4, 3, 2), (1, 2, 4, 3), (2, 3, 1, 4), (2, 3, 4, 1), (4, 2, 3, 1), (4, 3, 1, 2)}
M(AUB) = 
[[1, 2, 4, 3]]
Distance:23

(72)
A = 
{(1, 2, 4, 3), (1, 4, 2, 3), (2, 3, 4, 1), (4, 2, 3, 1), (3, 1, 2, 4), (4, 1, 3, 2)}
M(A) = 
[[1, 2, 3, 4], [1, 2, 4, 3], [1, 3, 2, 4], [1, 3, 4, 2], [1, 4, 2, 3], [1, 4, 3, 2]]
Distance: 15
B = 
{(1, 2, 3, 4), (1, 4, 3, 2), (1, 3, 4, 2), (3, 4, 2, 1), (3, 2, 1, 4), (2, 4, 1, 3)}
M(B) = 
[[1, 2, 3, 4], [1, 2, 4, 3], [1, 3, 2, 4], [1, 3, 4, 2], [1, 4, 2, 3], [1, 4, 3, 2]]
Distance: 14
M(A) inter A:
set()
M(B) inter B:
{(1, 3, 4, 2)}

AUB = 
{(2, 4, 1, 3), (3, 4, 2, 1), (1, 2, 3, 4), (1, 4, 2, 3), (3, 2, 1, 4), (1, 4, 3, 2), (1, 3, 4, 2), (1, 2, 4, 3), (2, 3, 4, 1), (4, 2, 3, 1), (3, 1, 2, 4), (4, 1, 3, 2)}
M(AUB) = 
[[1, 2, 3, 4], [1, 2, 4, 3], [1, 3, 2, 4], [1, 3, 4, 2], [1, 4, 2, 3], [1, 4, 3, 2]]
Distance:33

(73)
A = 
{(4, 2, 1, 3), (1, 4, 3, 2), (1, 2, 4, 3), (4, 1, 2, 3), (4, 2, 3, 1), (4, 3, 1, 2)}
M(A) = 
[[4, 2, 1, 3]]
Distance: 9
B = 
{(1, 3, 4, 2), (3, 2, 4, 1), (2, 3, 4, 1), (4, 2, 3, 1), (3, 2, 1, 4), (2, 4, 1, 3)}
M(B) = 
[[4, 2, 1, 3]]
Distance: 12
M(A) inter A:
set()
M(B) inter B:
{(3, 2, 4, 1), (2, 3, 4, 1)}

AUB = 
{(2, 4, 1, 3), (4, 1, 2, 3), (3, 2, 4, 1), (1, 4, 3, 2), (1, 3, 4, 2), (1, 2, 4, 3), (4, 2, 1, 3), (2, 3, 4, 1), (4, 2, 3, 1), (3, 2, 1, 4), (4, 3, 1, 2)}
M(AUB) = 
[[4, 2, 1, 3]]
Distance:28

(74)
A = 
{(3, 1, 4, 2), (3, 2, 4, 1), (2, 4, 3, 1), (4, 3, 2, 1), (3, 1, 2, 4), (2, 1, 4, 3)}
M(A) = 
[[3, 2, 1, 4], [3, 2, 4, 1], [3, 4, 2, 1], [4, 3, 2, 1]]
Distance: 13
B = 
{(3, 2, 4, 1), (1, 4, 3, 2), (3, 4, 2, 1), (2, 4, 3, 1), (3, 2, 1, 4), (4, 1, 3, 2)}
M(B) = 
[[3, 2, 1, 4], [3, 2, 4, 1], [3, 4, 2, 1], [4, 3, 2, 1]]
Distance: 13
M(A) inter A:
{(3, 2, 4, 1), (4, 3, 2, 1)}
M(B) inter B:
{(3, 2, 4, 1), (3, 4, 2, 1)}

AUB = 
{(3, 1, 4, 2), (3, 4, 2, 1), (1, 4, 3, 2), (3, 2, 1, 4), (3, 2, 4, 1), (2, 4, 3, 1), (4, 1, 3, 2), (4, 3, 2, 1), (3, 1, 2, 4), (2, 1, 4, 3)}
M(AUB) = 
[[3, 2, 1, 4], [3, 2, 4, 1], [3, 4, 2, 1], [4, 3, 2, 1]]
Distance:24

(75)
A = 
{(4, 2, 3, 1), (1, 4, 3, 2), (4, 1, 3, 2), (4, 3, 2, 1), (3, 2, 1, 4), (2, 4, 1, 3)}
M(A) = 
[[1, 4, 3, 2]]
Distance: 12
B = 
{(1, 3, 4, 2), (1, 2, 4, 3), (4, 1, 3, 2), (4, 2, 3, 1), (3, 1, 2, 4), (2, 1, 4, 3)}
M(B) = 
[[1, 4, 3, 2]]
Distance: 14
M(A) inter A:
{(1, 4, 3, 2)}
M(B) inter B:
{(1, 2, 4, 3)}

AUB = 
{(4, 2, 3, 1), (1, 4, 3, 2), (1, 3, 4, 2), (1, 2, 4, 3), (3, 1, 2, 4), (4, 1, 3, 2), (4, 3, 2, 1), (2, 1, 4, 3), (3, 2, 1, 4), (2, 4, 1, 3)}
M(AUB) = 
[[1, 4, 3, 2]]
Distance:25

(76)
A = 
{(2, 1, 3, 4), (1, 3, 2, 4), (1, 2, 4, 3), (4, 1, 3, 2), (3, 2, 1, 4), (2, 4, 1, 3)}
M(A) = 
[[1, 2, 4, 3], [2, 1, 4, 3]]
Distance: 13
B = 
{(2, 1, 3, 4), (1, 3, 2, 4), (1, 4, 2, 3), (1, 2, 4, 3), (4, 3, 2, 1), (3, 2, 1, 4)}
M(B) = 
[[1, 2, 4, 3], [2, 1, 4, 3]]
Distance: 14
M(A) inter A:
{(1, 2, 4, 3), (2, 1, 3, 4), (1, 3, 2, 4)}
M(B) inter B:
{(1, 2, 4, 3), (2, 1, 3, 4), (1, 3, 2, 4)}

AUB = 
{(2, 1, 3, 4), (1, 3, 2, 4), (1, 4, 2, 3), (1, 2, 4, 3), (4, 3, 2, 1), (4, 1, 3, 2), (3, 2, 1, 4), (2, 4, 1, 3)}
M(AUB) = 
[[1, 2, 4, 3], [2, 1, 4, 3]]
Distance:19

(77)
A = 
{(2, 1, 3, 4), (1, 3, 2, 4), (3, 4, 2, 1), (4, 2, 1, 3), (2, 3, 4, 1), (2, 1, 4, 3)}
M(A) = 
[[3, 2, 4, 1]]
Distance: 12
B = 
{(2, 1, 4, 3), (1, 3, 2, 4), (3, 2, 4, 1), (4, 3, 1, 2), (3, 2, 1, 4), (4, 1, 3, 2)}
M(B) = 
[[3, 2, 4, 1]]
Distance: 15
M(A) inter A:
{(1, 3, 2, 4)}
M(B) inter B:
{(3, 2, 4, 1), (3, 2, 1, 4), (1, 3, 2, 4)}

AUB = 
{(2, 1, 3, 4), (1, 3, 2, 4), (3, 2, 4, 1), (3, 4, 2, 1), (4, 2, 1, 3), (2, 3, 4, 1), (4, 1, 3, 2), (4, 3, 1, 2), (3, 2, 1, 4), (2, 1, 4, 3)}
M(AUB) = 
[[3, 2, 4, 1]]
Distance:24

(78)
A = 
{(4, 1, 2, 3), (1, 3, 2, 4), (3, 4, 2, 1), (4, 2, 1, 3), (2, 1, 4, 3), (3, 1, 4, 2)}
M(A) = 
[[1, 3, 4, 2]]
Distance: 16
B = 
{(4, 2, 1, 3), (1, 4, 3, 2), (1, 3, 4, 2), (3, 2, 4, 1), (3, 2, 1, 4), (4, 3, 1, 2)}
M(B) = 
[[1, 3, 4, 2]]
Distance: 15
M(A) inter A:
{(3, 4, 2, 1), (3, 1, 4, 2)}
M(B) inter B:
{(4, 3, 1, 2), (1, 4, 3, 2), (1, 3, 4, 2)}

AUB = 
{(4, 1, 2, 3), (1, 3, 2, 4), (3, 2, 4, 1), (4, 3, 1, 2), (1, 4, 3, 2), (1, 3, 4, 2), (3, 4, 2, 1), (4, 2, 1, 3), (2, 1, 4, 3), (3, 2, 1, 4), (3, 1, 4, 2)}
M(AUB) = 
[[1, 3, 4, 2]]
Distance:27

(79)
A = 
{(2, 3, 1, 4), (1, 3, 2, 4), (1, 2, 4, 3), (1, 3, 4, 2), (3, 2, 4, 1), (2, 3, 4, 1)}
M(A) = 
[[3, 2, 4, 1]]
Distance: 13
B = 
{(1, 3, 2, 4), (1, 3, 4, 2), (3, 4, 2, 1), (2, 3, 4, 1), (2, 4, 1, 3), (4, 3, 1, 2)}
M(B) = 
[[3, 2, 4, 1]]
Distance: 15
M(A) inter A:
{(3, 2, 4, 1)}
M(B) inter B:
{(3, 4, 2, 1)}

AUB = 
{(2, 3, 1, 4), (1, 3, 2, 4), (3, 2, 4, 1), (1, 3, 4, 2), (1, 2, 4, 3), (2, 3, 4, 1), (3, 4, 2, 1), (4, 3, 1, 2), (2, 4, 1, 3)}
M(AUB) = 
[[3, 2, 4, 1]]
Distance:22

(80)
A = 
{(2, 1, 3, 4), (1, 2, 4, 3), (2, 3, 1, 4), (4, 2, 1, 3), (4, 3, 2, 1), (2, 1, 4, 3)}
M(A) = 
[[2, 1, 3, 4], [2, 3, 1, 4], [3, 2, 1, 4]]
Distance: 10
B = 
{(4, 2, 1, 3), (3, 4, 1, 2), (1, 3, 4, 2), (3, 2, 4, 1), (4, 3, 2, 1), (3, 2, 1, 4)}
M(B) = 
[[2, 1, 3, 4], [2, 3, 1, 4], [3, 2, 1, 4]]
Distance: 11
M(A) inter A:
set()
M(B) inter B:
set()

AUB = 
{(2, 1, 3, 4), (3, 4, 1, 2), (3, 2, 4, 1), (2, 3, 1, 4), (1, 3, 4, 2), (1, 2, 4, 3), (4, 2, 1, 3), (4, 3, 2, 1), (3, 2, 1, 4), (2, 1, 4, 3)}
M(AUB) = 
[[2, 1, 3, 4], [2, 3, 1, 4], [3, 2, 1, 4]]
Distance:25

(81)
A = 
{(4, 2, 3, 1), (3, 1, 4, 2), (1, 4, 2, 3), (2, 4, 3, 1), (4, 3, 2, 1), (3, 1, 2, 4)}
M(A) = 
[[4, 3, 2, 1]]
Distance: 14
B = 
{(3, 4, 2, 1), (1, 4, 2, 3), (4, 1, 3, 2), (4, 3, 2, 1), (3, 2, 1, 4), (2, 4, 1, 3)}
M(B) = 
[[4, 3, 2, 1]]
Distance: 13
M(A) inter A:
{(4, 3, 2, 1)}
M(B) inter B:
{(4, 3, 2, 1)}

AUB = 
{(2, 4, 1, 3), (4, 2, 3, 1), (3, 1, 4, 2), (3, 4, 2, 1), (3, 2, 1, 4), (1, 4, 2, 3), (2, 4, 3, 1), (4, 3, 2, 1), (3, 1, 2, 4), (4, 1, 3, 2)}
M(AUB) = 
[[4, 3, 2, 1]]
Distance:23

(82)
A = 
{(2, 1, 3, 4), (1, 3, 2, 4), (3, 4, 1, 2), (1, 4, 3, 2), (1, 4, 2, 3), (2, 4, 1, 3)}
M(A) = 
[[1, 4, 3, 2]]
Distance: 14
B = 
{(2, 1, 3, 4), (3, 4, 1, 2), (1, 4, 3, 2), (4, 3, 2, 1), (3, 2, 1, 4), (4, 1, 3, 2)}
M(B) = 
[[1, 4, 3, 2]]
Distance: 15
M(A) inter A:
{(3, 4, 1, 2), (1, 4, 3, 2)}
M(B) inter B:
{(4, 1, 3, 2), (4, 3, 2, 1), (3, 4, 1, 2), (1, 4, 3, 2)}

AUB = 
{(2, 1, 3, 4), (3, 4, 1, 2), (1, 3, 2, 4), (1, 4, 3, 2), (1, 4, 2, 3), (4, 1, 3, 2), (4, 3, 2, 1), (3, 2, 1, 4), (2, 4, 1, 3)}
M(AUB) = 
[[1, 4, 3, 2]]
Distance:22

(83)
A = 
{(2, 1, 3, 4), (1, 2, 3, 4), (1, 3, 4, 2), (3, 2, 4, 1), (3, 2, 1, 4), (1, 3, 2, 4)}
M(A) = 
[[1, 3, 2, 4], [2, 1, 3, 4]]
Distance: 9
B = 
{(2, 3, 1, 4), (1, 3, 2, 4), (1, 4, 3, 2), (1, 2, 4, 3), (4, 3, 2, 1), (2, 4, 1, 3)}
M(B) = 
[[1, 3, 2, 4], [2, 1, 3, 4]]
Distance: 14
M(A) inter A:
set()
M(B) inter B:
{(1, 2, 4, 3)}

AUB = 
{(2, 4, 1, 3), (2, 1, 3, 4), (1, 3, 2, 4), (1, 2, 4, 3), (1, 3, 4, 2), (1, 4, 3, 2), (3, 2, 4, 1), (2, 3, 1, 4), (4, 3, 2, 1), (3, 2, 1, 4), (1, 2, 3, 4)}
M(AUB) = 
[[1, 3, 2, 4], [2, 1, 3, 4]]
Distance:25

(84)
A = 
{(3, 4, 1, 2), (4, 3, 1, 2), (1, 4, 3, 2), (3, 2, 4, 1), (4, 1, 3, 2), (2, 4, 1, 3)}
M(A) = 
[[4, 3, 1, 2]]
Distance: 11
B = 
{(4, 1, 2, 3), (3, 1, 4, 2), (1, 4, 3, 2), (3, 4, 2, 1), (4, 2, 3, 1), (4, 3, 1, 2)}
M(B) = 
[[4, 3, 1, 2]]
Distance: 10
M(A) inter A:
{(4, 3, 1, 2)}
M(B) inter B:
{(4, 3, 1, 2)}

AUB = 
{(3, 1, 4, 2), (4, 1, 2, 3), (3, 4, 1, 2), (3, 4, 2, 1), (4, 3, 1, 2), (4, 2, 3, 1), (1, 4, 3, 2), (3, 2, 4, 1), (4, 1, 3, 2), (2, 4, 1, 3)}
M(AUB) = 
[[4, 3, 1, 2]]
Distance:19

(85)
A = 
{(2, 3, 1, 4), (1, 4, 3, 2), (1, 3, 4, 2), (3, 4, 2, 1), (4, 3, 2, 1), (4, 2, 3, 1)}
M(A) = 
[[3, 1, 4, 2]]
Distance: 13
B = 
{(1, 3, 2, 4), (1, 4, 3, 2), (3, 4, 2, 1), (4, 3, 2, 1), (3, 1, 2, 4), (4, 1, 3, 2)}
M(B) = 
[[3, 1, 4, 2]]
Distance: 13
M(A) inter A:
{(1, 3, 4, 2), (1, 4, 3, 2)}
M(B) inter B:
{(1, 4, 3, 2), (4, 1, 3, 2)}

AUB = 
{(2, 3, 1, 4), (1, 3, 2, 4), (4, 2, 3, 1), (1, 4, 3, 2), (1, 3, 4, 2), (3, 4, 2, 1), (4, 3, 2, 1), (3, 1, 2, 4), (4, 1, 3, 2)}
M(AUB) = 
[[3, 1, 4, 2]]
Distance:21

(86)
A = 
{(1, 3, 2, 4), (3, 1, 4, 2), (2, 3, 4, 1), (4, 3, 2, 1), (3, 1, 2, 4), (2, 1, 4, 3)}
M(A) = 
[[2, 1, 3, 4], [2, 1, 4, 3], [2, 3, 1, 4], [2, 3, 4, 1], [2, 4, 1, 3], [2, 4, 3, 1]]
Distance: 13
B = 
{(2, 1, 3, 4), (4, 3, 2, 1), (4, 2, 1, 3), (2, 3, 4, 1), (4, 2, 3, 1), (2, 4, 1, 3)}
M(B) = 
[[2, 1, 3, 4], [2, 1, 4, 3], [2, 3, 1, 4], [2, 3, 4, 1], [2, 4, 1, 3], [2, 4, 3, 1]]
Distance: 10
M(A) inter A:
set()
M(B) inter B:
{(2, 4, 1, 3), (4, 2, 3, 1), (4, 2, 1, 3)}

AUB = 
{(2, 4, 1, 3), (3, 1, 4, 2), (2, 1, 3, 4), (1, 3, 2, 4), (4, 2, 3, 1), (4, 2, 1, 3), (2, 3, 4, 1), (4, 3, 2, 1), (3, 1, 2, 4), (2, 1, 4, 3)}
M(AUB) = 
[[2, 1, 3, 4], [2, 1, 4, 3], [2, 3, 1, 4], [2, 3, 4, 1], [2, 4, 1, 3], [2, 4, 3, 1]]
Distance:26

(87)
A = 
{(2, 1, 3, 4), (3, 1, 4, 2), (1, 4, 3, 2), (3, 4, 2, 1), (4, 1, 2, 3), (1, 3, 2, 4)}
M(A) = 
[[2, 3, 1, 4]]
Distance: 12
B = 
{(2, 3, 1, 4), (3, 1, 4, 2), (2, 4, 3, 1), (1, 4, 2, 3), (2, 3, 4, 1), (4, 2, 3, 1)}
M(B) = 
[[2, 3, 1, 4]]
Distance: 13
M(A) inter A:
set()
M(B) inter B:
{(2, 3, 4, 1), (2, 3, 1, 4), (4, 2, 3, 1), (2, 4, 3, 1)}

AUB = 
{(2, 3, 4, 1), (4, 1, 2, 3), (3, 1, 4, 2), (1, 4, 2, 3), (2, 3, 1, 4), (1, 4, 3, 2), (3, 4, 2, 1), (2, 1, 3, 4), (2, 4, 3, 1), (4, 2, 3, 1), (1, 3, 2, 4)}
M(AUB) = 
[[2, 3, 1, 4]]
Distance:30

(88)
A = 
{(1, 3, 2, 4), (3, 2, 4, 1), (1, 3, 4, 2), (1, 2, 4, 3), (4, 3, 1, 2), (1, 2, 3, 4)}
M(A) = 
[[1, 3, 2, 4]]
Distance: 11
B = 
{(3, 4, 1, 2), (4, 3, 1, 2), (3, 4, 2, 1), (2, 4, 1, 3), (3, 2, 1, 4), (4, 1, 3, 2)}
M(B) = 
[[1, 3, 2, 4]]
Distance: 12
M(A) inter A:
{(4, 3, 1, 2)}
M(B) inter B:
{(3, 4, 2, 1), (3, 4, 1, 2), (4, 3, 1, 2)}

AUB = 
{(2, 4, 1, 3), (3, 4, 2, 1), (3, 4, 1, 2), (1, 3, 2, 4), (1, 2, 4, 3), (1, 3, 4, 2), (3, 2, 4, 1), (4, 1, 3, 2), (4, 3, 1, 2), (3, 2, 1, 4), (1, 2, 3, 4)}
M(AUB) = 
[[1, 3, 2, 4]]
Distance:27

(89)
A = 
{(4, 2, 1, 3), (1, 2, 3, 4), (1, 2, 4, 3), (2, 4, 3, 1), (4, 3, 1, 2), (1, 3, 2, 4)}
M(A) = 
[[1, 3, 2, 4]]
Distance: 13
B = 
{(3, 1, 4, 2), (1, 2, 3, 4), (1, 3, 4, 2), (3, 4, 2, 1), (3, 2, 1, 4), (2, 1, 4, 3)}
M(B) = 
[[1, 3, 2, 4]]
Distance: 13
M(A) inter A:
{(1, 3, 2, 4)}
M(B) inter B:
{(3, 1, 4, 2), (1, 3, 4, 2), (3, 2, 1, 4)}

AUB = 
{(3, 1, 4, 2), (4, 2, 1, 3), (1, 3, 2, 4), (3, 4, 2, 1), (1, 3, 4, 2), (1, 2, 4, 3), (2, 4, 3, 1), (4, 3, 1, 2), (2, 1, 4, 3), (3, 2, 1, 4), (1, 2, 3, 4)}
M(AUB) = 
[[1, 3, 2, 4]]
Distance:29

(90)
A = 
{(2, 1, 3, 4), (3, 4, 1, 2), (2, 3, 4, 1), (2, 4, 3, 1), (4, 3, 2, 1), (3, 1, 4, 2)}
M(A) = 
[[3, 4, 2, 1]]
Distance: 13
B = 
{(2, 1, 3, 4), (3, 4, 1, 2), (1, 4, 2, 3), (3, 4, 2, 1), (4, 3, 2, 1), (4, 1, 3, 2)}
M(B) = 
[[3, 4, 2, 1]]
Distance: 14
M(A) inter A:
{(4, 3, 2, 1), (3, 4, 1, 2)}
M(B) inter B:
{(3, 4, 2, 1), (4, 3, 2, 1), (3, 4, 1, 2), (4, 1, 3, 2)}

AUB = 
{(2, 1, 3, 4), (3, 4, 1, 2), (3, 4, 2, 1), (2, 4, 3, 1), (1, 4, 2, 3), (2, 3, 4, 1), (4, 1, 3, 2), (4, 3, 2, 1), (3, 1, 4, 2)}
M(AUB) = 
[[3, 4, 2, 1]]
Distance:21

(91)
A = 
{(4, 1, 2, 3), (4, 2, 3, 1), (1, 4, 3, 2), (1, 4, 2, 3), (2, 4, 3, 1), (4, 3, 2, 1)}
M(A) = 
[[1, 4, 2, 3]]
Distance: 11
B = 
{(2, 3, 1, 4), (3, 4, 1, 2), (1, 4, 2, 3), (1, 3, 4, 2), (1, 2, 4, 3), (1, 2, 3, 4)}
M(B) = 
[[1, 4, 2, 3]]
Distance: 11
M(A) inter A:
set()
M(B) inter B:
{(1, 2, 3, 4)}

AUB = 
{(4, 1, 2, 3), (3, 4, 1, 2), (1, 2, 4, 3), (4, 2, 3, 1), (1, 4, 3, 2), (1, 3, 4, 2), (1, 4, 2, 3), (2, 3, 1, 4), (2, 4, 3, 1), (4, 3, 2, 1), (1, 2, 3, 4)}
M(AUB) = 
[[1, 4, 2, 3]]
Distance:26

(92)
A = 
{(2, 1, 3, 4), (1, 3, 2, 4), (1, 4, 2, 3), (1, 3, 4, 2), (3, 4, 2, 1), (2, 4, 1, 3)}
M(A) = 
[[4, 1, 2, 3]]
Distance: 14
B = 
{(4, 1, 2, 3), (3, 4, 1, 2), (1, 2, 3, 4), (4, 2, 1, 3), (2, 3, 4, 1), (4, 3, 1, 2)}
M(B) = 
[[4, 1, 2, 3]]
Distance: 13
M(A) inter A:
set()
M(B) inter B:
{(4, 1, 2, 3)}

AUB = 
{(2, 3, 4, 1), (2, 1, 3, 4), (3, 4, 1, 2), (1, 3, 2, 4), (3, 4, 2, 1), (1, 2, 3, 4), (1, 3, 4, 2), (1, 4, 2, 3), (4, 1, 2, 3), (4, 2, 1, 3), (4, 3, 1, 2), (2, 4, 1, 3)}
M(AUB) = 
[[4, 1, 2, 3]]
Distance:31

(93)
A = 
{(2, 1, 3, 4), (3, 1, 4, 2), (1, 4, 3, 2), (2, 3, 1, 4), (3, 1, 2, 4), (1, 3, 2, 4)}
M(A) = 
[[1, 2, 3, 4], [1, 3, 2, 4], [1, 3, 4, 2]]
Distance: 10
B = 
{(2, 1, 3, 4), (2, 3, 1, 4), (1, 3, 4, 2), (1, 2, 4, 3), (4, 2, 1, 3), (4, 2, 3, 1)}
M(B) = 
[[1, 2, 3, 4], [1, 3, 2, 4], [1, 3, 4, 2]]
Distance: 13
M(A) inter A:
{(2, 1, 3, 4)}
M(B) inter B:
{(2, 1, 3, 4)}

AUB = 
{(2, 1, 3, 4), (1, 3, 2, 4), (1, 4, 3, 2), (1, 3, 4, 2), (1, 2, 4, 3), (2, 3, 1, 4), (4, 2, 1, 3), (4, 2, 3, 1), (3, 1, 2, 4), (3, 1, 4, 2)}
M(AUB) = 
[[1, 2, 3, 4], [1, 3, 2, 4], [1, 3, 4, 2]]
Distance:24

(94)
A = 
{(3, 4, 1, 2), (1, 3, 2, 4), (1, 4, 3, 2), (1, 3, 4, 2), (4, 1, 3, 2), (3, 1, 4, 2)}
M(A) = 
[[1, 3, 4, 2], [3, 1, 4, 2], [3, 4, 1, 2]]
Distance: 7
B = 
{(1, 2, 3, 4), (3, 2, 4, 1), (1, 3, 4, 2), (3, 4, 2, 1), (2, 3, 4, 1), (4, 1, 3, 2)}
M(B) = 
[[1, 3, 4, 2], [3, 1, 4, 2], [3, 4, 1, 2]]
Distance: 14
M(A) inter A:
{(3, 4, 1, 2)}
M(B) inter B:
{(3, 2, 4, 1), (3, 4, 2, 1)}

AUB = 
{(1, 3, 2, 4), (3, 1, 4, 2), (3, 4, 2, 1), (1, 2, 3, 4), (1, 4, 3, 2), (1, 3, 4, 2), (3, 2, 4, 1), (2, 3, 4, 1), (4, 1, 3, 2), (3, 4, 1, 2)}
M(AUB) = 
[[1, 3, 4, 2], [3, 1, 4, 2], [3, 4, 1, 2]]
Distance:21

(95)
A = 
{(4, 1, 2, 3), (3, 4, 2, 1), (2, 1, 3, 4), (2, 3, 4, 1), (4, 3, 2, 1), (3, 1, 2, 4)}
M(A) = 
[[3, 2, 4, 1]]
Distance: 14
B = 
{(2, 1, 3, 4), (3, 4, 1, 2), (1, 2, 3, 4), (3, 2, 4, 1), (2, 4, 3, 1), (3, 1, 4, 2)}
M(B) = 
[[3, 2, 4, 1]]
Distance: 14
M(A) inter A:
{(3, 1, 2, 4), (2, 3, 4, 1)}
M(B) inter B:
{(3, 2, 4, 1)}

AUB = 
{(3, 1, 4, 2), (4, 1, 2, 3), (3, 4, 1, 2), (3, 2, 4, 1), (2, 4, 3, 1), (3, 4, 2, 1), (2, 1, 3, 4), (2, 3, 4, 1), (4, 3, 2, 1), (3, 1, 2, 4), (1, 2, 3, 4)}
M(AUB) = 
[[3, 2, 4, 1]]
Distance:25

(96)
A = 
{(4, 2, 1, 3), (1, 4, 3, 2), (1, 4, 2, 3), (2, 4, 3, 1), (3, 2, 1, 4), (4, 1, 3, 2)}
M(A) = 
[[1, 3, 4, 2], [1, 4, 3, 2], [4, 1, 3, 2]]
Distance: 14
B = 
{(1, 3, 2, 4), (3, 4, 2, 1), (1, 3, 4, 2), (3, 2, 4, 1), (3, 2, 1, 4), (4, 1, 3, 2)}
M(B) = 
[[1, 3, 4, 2], [1, 4, 3, 2], [4, 1, 3, 2]]
Distance: 13
M(A) inter A:
{(3, 2, 1, 4)}
M(B) inter B:
{(3, 4, 2, 1), (3, 2, 1, 4), (1, 3, 2, 4), (3, 2, 4, 1), (1, 3, 4, 2)}

AUB = 
{(4, 2, 1, 3), (1, 3, 2, 4), (3, 4, 2, 1), (1, 4, 3, 2), (1, 3, 4, 2), (1, 4, 2, 3), (3, 2, 4, 1), (2, 4, 3, 1), (3, 2, 1, 4), (4, 1, 3, 2)}
M(AUB) = 
[[1, 3, 4, 2], [1, 4, 3, 2], [4, 1, 3, 2]]
Distance:26

(97)
A = 
{(3, 4, 1, 2), (3, 2, 1, 4), (1, 2, 4, 3), (4, 3, 2, 1), (3, 1, 2, 4), (1, 3, 2, 4)}
M(A) = 
[[3, 1, 2, 4]]
Distance: 11
B = 
{(2, 1, 3, 4), (1, 3, 2, 4), (4, 3, 2, 1), (2, 1, 4, 3), (3, 2, 1, 4), (3, 1, 4, 2)}
M(B) = 
[[3, 1, 2, 4]]
Distance: 12
M(A) inter A:
{(3, 2, 1, 4)}
M(B) inter B:
{(3, 2, 1, 4)}

AUB = 
{(3, 1, 4, 2), (2, 1, 3, 4), (1, 3, 2, 4), (3, 1, 2, 4), (1, 2, 4, 3), (4, 3, 2, 1), (2, 1, 4, 3), (3, 2, 1, 4), (3, 4, 1, 2)}
M(AUB) = 
[[3, 1, 2, 4]]
Distance:19

(98)
A = 
{(4, 1, 2, 3), (4, 3, 1, 2), (4, 2, 1, 3), (2, 4, 3, 1), (4, 2, 3, 1), (2, 4, 1, 3)}
M(A) = 
[[2, 4, 3, 1]]
Distance: 8
B = 
{(4, 1, 2, 3), (1, 2, 4, 3), (2, 3, 1, 4), (2, 4, 3, 1), (3, 1, 2, 4), (2, 4, 1, 3)}
M(B) = 
[[2, 4, 3, 1]]
Distance: 13
M(A) inter A:
{(2, 4, 3, 1), (2, 4, 1, 3)}
M(B) inter B:
{(1, 2, 4, 3), (2, 4, 3, 1), (2, 4, 1, 3)}

AUB = 
{(4, 1, 2, 3), (4, 3, 1, 2), (2, 3, 1, 4), (1, 2, 4, 3), (4, 2, 1, 3), (2, 4, 3, 1), (4, 2, 3, 1), (3, 1, 2, 4), (2, 4, 1, 3)}
M(AUB) = 
[[2, 4, 3, 1]]
Distance:19

(99)
A = 
{(2, 4, 1, 3), (4, 2, 1, 3), (1, 4, 3, 2), (3, 4, 2, 1), (4, 3, 2, 1), (4, 1, 3, 2)}
M(A) = 
[[4, 1, 3, 2], [4, 2, 1, 3]]
Distance: 11
B = 
{(4, 2, 1, 3), (1, 3, 4, 2), (1, 4, 2, 3), (4, 3, 2, 1), (4, 2, 3, 1), (4, 1, 3, 2)}
M(B) = 
[[4, 1, 3, 2], [4, 2, 1, 3]]
Distance: 11
M(A) inter A:
{(4, 2, 1, 3), (4, 1, 3, 2)}
M(B) inter B:
{(4, 2, 1, 3), (4, 1, 3, 2)}

AUB = 
{(2, 4, 1, 3), (4, 2, 1, 3), (1, 4, 2, 3), (4, 2, 3, 1), (1, 4, 3, 2), (1, 3, 4, 2), (3, 4, 2, 1), (4, 3, 2, 1), (4, 1, 3, 2)}
M(AUB) = 
[[4, 1, 3, 2], [4, 2, 1, 3]]
Distance:18

