(0)
A = 
{(1, 2, 4, 5, 3), (1, 2, 3, 5, 4), (5, 4, 3, 1, 2), (2, 3, 1, 5, 4), (1, 4, 3, 2, 5), (2, 1, 4, 3, 5)}
M(A) = 
[[1, 3, 2, 5, 4], [1, 3, 5, 2, 4]]
Distance: 18
B = 
{(5, 4, 1, 3, 2), (5, 2, 3, 1, 4), (1, 3, 5, 2, 4), (4, 1, 5, 3, 2), (3, 4, 5, 2, 1), (1, 3, 2, 5, 4)}
M(B) = 
[[1, 3, 2, 5, 4], [1, 3, 5, 2, 4]]
Distance: 22
M(A) inter A:
set()
M(B) inter B:
{(1, 3, 5, 2, 4)}

AUB = 
{(1, 2, 4, 5, 3), (5, 4, 1, 3, 2), (1, 2, 3, 5, 4), (5, 4, 3, 1, 2), (1, 3, 5, 2, 4), (5, 2, 3, 1, 4), (4, 1, 5, 3, 2), (2, 3, 1, 5, 4), (1, 3, 2, 5, 4), (1, 4, 3, 2, 5), (2, 1, 4, 3, 5), (3, 4, 5, 2, 1)}
M(AUB) = 
[[1, 3, 2, 5, 4], [1, 3, 5, 2, 4]]
Distance:48

(1)
A = 
{(1, 3, 2, 4, 5), (5, 4, 1, 2, 3), (2, 3, 5, 4, 1), (1, 4, 3, 5, 2), (5, 2, 4, 3, 1), (3, 2, 4, 5, 1)}
M(A) = 
[[2, 4, 5, 1, 3], [2, 5, 4, 1, 3], [5, 2, 4, 1, 3]]
Distance: 26
B = 
{(2, 4, 1, 5, 3), (5, 2, 1, 3, 4), (5, 4, 1, 3, 2), (2, 3, 5, 4, 1), (4, 3, 2, 1, 5), (3, 2, 4, 5, 1)}
M(B) = 
[[2, 4, 5, 1, 3], [2, 5, 4, 1, 3], [5, 2, 4, 1, 3]]
Distance: 23
M(A) inter A:
{(3, 2, 4, 5, 1), (2, 3, 5, 4, 1)}
M(B) inter B:
{(3, 2, 4, 5, 1), (2, 3, 5, 4, 1)}

AUB = 
{(1, 3, 2, 4, 5), (5, 4, 1, 2, 3), (5, 4, 1, 3, 2), (5, 2, 1, 3, 4), (2, 4, 1, 5, 3), (2, 3, 5, 4, 1), (1, 4, 3, 5, 2), (4, 3, 2, 1, 5), (5, 2, 4, 3, 1), (3, 2, 4, 5, 1)}
M(AUB) = 
[[2, 4, 5, 1, 3], [2, 5, 4, 1, 3], [5, 2, 4, 1, 3]]
Distance:43

(2)
A = 
{(3, 4, 1, 5, 2), (5, 4, 1, 3, 2), (4, 2, 1, 3, 5), (2, 3, 1, 5, 4), (1, 4, 2, 5, 3), (5, 2, 4, 3, 1)}
M(A) = 
[[3, 4, 5, 2, 1], [3, 5, 2, 4, 1], [3, 5, 4, 2, 1], [4, 3, 5, 2, 1], [4, 5, 2, 3, 1], [4, 5, 3, 2, 1], [5, 2, 3, 4, 1], [5, 2, 4, 3, 1], [5, 3, 2, 4, 1], [5, 3, 4, 2, 1], [5, 4, 2, 3, 1], [5, 4, 3, 2, 1]]
Distance: 25
B = 
{(5, 1, 3, 2, 4), (4, 3, 5, 1, 2), (3, 2, 1, 4, 5), (5, 3, 4, 2, 1), (2, 4, 3, 5, 1), (5, 2, 3, 4, 1)}
M(B) = 
[[3, 4, 5, 2, 1], [3, 5, 2, 4, 1], [3, 5, 4, 2, 1], [4, 3, 5, 2, 1], [4, 5, 2, 3, 1], [4, 5, 3, 2, 1], [5, 2, 3, 4, 1], [5, 2, 4, 3, 1], [5, 3, 2, 4, 1], [5, 3, 4, 2, 1], [5, 4, 2, 3, 1], [5, 4, 3, 2, 1]]
Distance: 20
M(A) inter A:
set()
M(B) inter B:
set()

AUB = 
{(5, 1, 3, 2, 4), (4, 3, 5, 1, 2), (3, 4, 1, 5, 2), (5, 4, 1, 3, 2), (3, 2, 1, 4, 5), (5, 3, 4, 2, 1), (4, 2, 1, 3, 5), (2, 3, 1, 5, 4), (1, 4, 2, 5, 3), (5, 2, 3, 4, 1), (5, 2, 4, 3, 1), (2, 4, 3, 5, 1)}
M(AUB) = 
[[3, 4, 5, 2, 1], [3, 5, 2, 4, 1], [3, 5, 4, 2, 1], [4, 3, 5, 2, 1], [4, 5, 2, 3, 1], [4, 5, 3, 2, 1], [5, 2, 3, 4, 1], [5, 2, 4, 3, 1], [5, 3, 2, 4, 1], [5, 3, 4, 2, 1], [5, 4, 2, 3, 1], [5, 4, 3, 2, 1]]
Distance:53

(3)
A = 
{(2, 1, 3, 5, 4), (2, 4, 3, 1, 5), (1, 5, 2, 3, 4), (3, 1, 5, 4, 2), (3, 2, 4, 5, 1), (1, 2, 4, 3, 5)}
M(A) = 
[[3, 2, 1, 4, 5]]
Distance: 20
B = 
{(4, 3, 5, 2, 1), (1, 2, 4, 3, 5), (1, 3, 5, 4, 2), (5, 3, 2, 4, 1), (1, 4, 3, 5, 2), (4, 2, 5, 3, 1)}
M(B) = 
[[3, 2, 1, 4, 5]]
Distance: 24
M(A) inter A:
set()
M(B) inter B:
{(4, 3, 5, 2, 1), (1, 4, 3, 5, 2)}

AUB = 
{(4, 3, 5, 2, 1), (1, 5, 2, 3, 4), (1, 2, 4, 3, 5), (1, 3, 5, 4, 2), (5, 3, 2, 4, 1), (2, 1, 3, 5, 4), (3, 1, 5, 4, 2), (1, 4, 3, 5, 2), (3, 2, 4, 5, 1), (2, 4, 3, 1, 5), (4, 2, 5, 3, 1)}
M(AUB) = 
[[3, 2, 1, 4, 5]]
Distance:48

(4)
A = 
{(2, 1, 3, 5, 4), (2, 5, 1, 4, 3), (4, 3, 2, 5, 1), (1, 4, 3, 5, 2), (4, 3, 2, 1, 5), (3, 5, 1, 2, 4)}
M(A) = 
[[3, 2, 5, 1, 4]]
Distance: 25
B = 
{(4, 3, 5, 1, 2), (4, 2, 5, 1, 3), (1, 2, 3, 4, 5), (3, 5, 1, 4, 2), (2, 3, 1, 5, 4), (5, 3, 1, 2, 4)}
M(B) = 
[[3, 2, 5, 1, 4]]
Distance: 24
M(A) inter A:
{(3, 5, 1, 2, 4)}
M(B) inter B:
{(3, 5, 1, 4, 2)}

AUB = 
{(4, 3, 5, 1, 2), (4, 2, 5, 1, 3), (5, 3, 1, 2, 4), (4, 3, 2, 5, 1), (3, 5, 1, 4, 2), (1, 2, 3, 4, 5), (2, 5, 1, 4, 3), (2, 3, 1, 5, 4), (2, 1, 3, 5, 4), (1, 4, 3, 5, 2), (4, 3, 2, 1, 5), (3, 5, 1, 2, 4)}
M(AUB) = 
[[3, 2, 5, 1, 4]]
Distance:51

(5)
A = 
{(5, 2, 4, 1, 3), (2, 5, 4, 1, 3), (5, 1, 3, 4, 2), (1, 4, 2, 5, 3), (2, 3, 4, 5, 1), (5, 3, 1, 2, 4)}
M(A) = 
[[4, 5, 3, 2, 1]]
Distance: 22
B = 
{(4, 3, 1, 5, 2), (3, 4, 5, 1, 2), (3, 2, 1, 5, 4), (4, 3, 2, 5, 1), (2, 5, 4, 1, 3), (4, 5, 3, 2, 1)}
M(B) = 
[[4, 5, 3, 2, 1]]
Distance: 18
M(A) inter A:
set()
M(B) inter B:
{(4, 3, 2, 5, 1)}

AUB = 
{(5, 2, 4, 1, 3), (4, 3, 1, 5, 2), (3, 2, 1, 5, 4), (3, 4, 5, 1, 2), (4, 3, 2, 5, 1), (2, 5, 4, 1, 3), (5, 1, 3, 4, 2), (1, 4, 2, 5, 3), (2, 3, 4, 5, 1), (4, 5, 3, 2, 1), (5, 3, 1, 2, 4)}
M(AUB) = 
[[4, 5, 3, 2, 1]]
Distance:45

(6)
A = 
{(4, 1, 2, 3, 5), (1, 5, 2, 3, 4), (5, 3, 1, 4, 2), (4, 5, 1, 3, 2), (4, 3, 1, 2, 5), (3, 4, 5, 2, 1)}
M(A) = 
[[5, 1, 3, 4, 2]]
Distance: 22
B = 
{(2, 5, 1, 3, 4), (5, 2, 1, 3, 4), (4, 5, 2, 1, 3), (2, 5, 3, 1, 4), (3, 4, 2, 5, 1), (1, 3, 5, 2, 4)}
M(B) = 
[[5, 1, 3, 4, 2]]
Distance: 18
M(A) inter A:
set()
M(B) inter B:
{(2, 5, 1, 3, 4), (5, 2, 1, 3, 4)}

AUB = 
{(4, 1, 2, 3, 5), (4, 5, 2, 1, 3), (5, 2, 1, 3, 4), (1, 5, 2, 3, 4), (5, 3, 1, 4, 2), (2, 5, 1, 3, 4), (4, 5, 1, 3, 2), (4, 3, 1, 2, 5), (2, 5, 3, 1, 4), (3, 4, 5, 2, 1), (1, 3, 5, 2, 4), (3, 4, 2, 5, 1)}
M(AUB) = 
[[5, 1, 3, 4, 2]]
Distance:52

(7)
A = 
{(3, 1, 2, 5, 4), (4, 2, 5, 1, 3), (1, 5, 4, 3, 2), (4, 1, 3, 5, 2), (3, 5, 2, 4, 1), (3, 1, 2, 4, 5)}
M(A) = 
[[1, 3, 2, 5, 4], [1, 3, 5, 2, 4], [1, 3, 5, 4, 2], [1, 5, 3, 2, 4], [1, 5, 3, 4, 2], [3, 1, 2, 5, 4], [3, 1, 5, 2, 4], [3, 1, 5, 4, 2], [3, 2, 1, 5, 4]]
Distance: 25
B = 
{(2, 5, 3, 1, 4), (4, 2, 1, 5, 3), (3, 4, 2, 1, 5), (5, 1, 4, 3, 2), (5, 3, 2, 4, 1), (1, 3, 5, 2, 4)}
M(B) = 
[[1, 3, 2, 5, 4], [1, 3, 5, 2, 4], [1, 3, 5, 4, 2], [1, 5, 3, 2, 4], [1, 5, 3, 4, 2], [3, 1, 2, 5, 4], [3, 1, 5, 2, 4], [3, 1, 5, 4, 2], [3, 2, 1, 5, 4]]
Distance: 25
M(A) inter A:
set()
M(B) inter B:
{(5, 3, 2, 4, 1)}

AUB = 
{(2, 5, 3, 1, 4), (3, 1, 2, 5, 4), (4, 2, 1, 5, 3), (4, 2, 5, 1, 3), (3, 1, 2, 4, 5), (3, 4, 2, 1, 5), (4, 1, 3, 5, 2), (5, 1, 4, 3, 2), (3, 5, 2, 4, 1), (1, 5, 4, 3, 2), (5, 3, 2, 4, 1), (1, 3, 5, 2, 4)}
M(AUB) = 
[[1, 3, 2, 5, 4], [1, 3, 5, 2, 4], [1, 3, 5, 4, 2], [1, 5, 3, 2, 4], [1, 5, 3, 4, 2], [3, 1, 2, 5, 4], [3, 1, 5, 2, 4], [3, 1, 5, 4, 2], [3, 2, 1, 5, 4]]
Distance:54

(8)
A = 
{(4, 5, 2, 1, 3), (4, 5, 1, 2, 3), (4, 2, 3, 1, 5), (5, 3, 2, 4, 1), (4, 3, 2, 1, 5), (5, 4, 3, 2, 1)}
M(A) = 
[[4, 1, 5, 3, 2], [4, 5, 1, 3, 2], [4, 5, 3, 1, 2]]
Distance: 16
B = 
{(4, 1, 3, 2, 5), (1, 2, 4, 5, 3), (5, 1, 3, 4, 2), (4, 5, 3, 1, 2), (4, 3, 1, 2, 5), (1, 4, 3, 2, 5)}
M(B) = 
[[4, 1, 5, 3, 2], [4, 5, 1, 3, 2], [4, 5, 3, 1, 2]]
Distance: 16
M(A) inter A:
set()
M(B) inter B:
{(4, 1, 3, 2, 5), (1, 4, 3, 2, 5)}

AUB = 
{(4, 1, 3, 2, 5), (4, 5, 1, 2, 3), (1, 2, 4, 5, 3), (5, 1, 3, 4, 2), (4, 2, 3, 1, 5), (4, 5, 2, 1, 3), (4, 3, 1, 2, 5), (4, 5, 3, 1, 2), (4, 3, 2, 1, 5), (5, 4, 3, 2, 1), (5, 3, 2, 4, 1), (1, 4, 3, 2, 5)}
M(AUB) = 
[[4, 1, 5, 3, 2], [4, 5, 1, 3, 2], [4, 5, 3, 1, 2]]
Distance:42

(9)
A = 
{(5, 1, 4, 3, 2), (2, 1, 5, 4, 3), (4, 3, 5, 2, 1), (3, 5, 4, 2, 1), (4, 5, 3, 1, 2), (3, 5, 1, 2, 4)}
M(A) = 
[[5, 4, 3, 2, 1]]
Distance: 20
B = 
{(5, 2, 4, 1, 3), (2, 1, 5, 4, 3), (5, 2, 3, 1, 4), (1, 5, 3, 4, 2), (3, 5, 4, 1, 2), (5, 2, 4, 3, 1)}
M(B) = 
[[5, 4, 3, 2, 1]]
Distance: 19
M(A) inter A:
set()
M(B) inter B:
{(5, 2, 4, 1, 3), (5, 2, 4, 3, 1), (5, 2, 3, 1, 4)}

AUB = 
{(3, 5, 4, 2, 1), (5, 2, 4, 1, 3), (2, 1, 5, 4, 3), (5, 2, 3, 1, 4), (4, 3, 5, 2, 1), (3, 5, 4, 1, 2), (5, 1, 4, 3, 2), (1, 5, 3, 4, 2), (4, 5, 3, 1, 2), (5, 2, 4, 3, 1), (3, 5, 1, 2, 4)}
M(AUB) = 
[[5, 4, 3, 2, 1]]
Distance:37

(10)
A = 
{(2, 4, 5, 1, 3), (4, 3, 5, 1, 2), (4, 1, 5, 3, 2), (2, 4, 3, 5, 1), (5, 3, 1, 2, 4), (3, 2, 5, 4, 1)}
M(A) = 
[[3, 5, 1, 2, 4], [5, 1, 3, 2, 4], [5, 3, 1, 2, 4]]
Distance: 23
B = 
{(1, 3, 2, 4, 5), (3, 1, 2, 5, 4), (5, 4, 3, 1, 2), (2, 5, 1, 4, 3), (5, 1, 3, 2, 4), (1, 4, 3, 5, 2)}
M(B) = 
[[3, 5, 1, 2, 4], [5, 1, 3, 2, 4], [5, 3, 1, 2, 4]]
Distance: 21
M(A) inter A:
set()
M(B) inter B:
{(5, 1, 3, 2, 4)}

AUB = 
{(1, 3, 2, 4, 5), (2, 4, 5, 1, 3), (4, 3, 5, 1, 2), (5, 4, 3, 1, 2), (2, 5, 1, 4, 3), (4, 1, 5, 3, 2), (5, 1, 3, 2, 4), (1, 4, 3, 5, 2), (3, 1, 2, 5, 4), (2, 4, 3, 5, 1), (5, 3, 1, 2, 4), (3, 2, 5, 4, 1)}
M(AUB) = 
[[3, 5, 1, 2, 4], [5, 1, 3, 2, 4], [5, 3, 1, 2, 4]]
Distance:52

(11)
A = 
{(2, 1, 5, 3, 4), (1, 3, 5, 4, 2), (2, 4, 3, 5, 1), (3, 5, 2, 1, 4), (3, 2, 5, 4, 1), (4, 2, 5, 3, 1)}
M(A) = 
[[2, 5, 4, 3, 1]]
Distance: 21
B = 
{(2, 1, 5, 4, 3), (4, 1, 2, 5, 3), (2, 5, 4, 1, 3), (4, 3, 2, 5, 1), (2, 4, 3, 5, 1), (5, 3, 2, 1, 4)}
M(B) = 
[[2, 5, 4, 3, 1]]
Distance: 19
M(A) inter A:
set()
M(B) inter B:
{(2, 5, 4, 1, 3)}

AUB = 
{(2, 1, 5, 4, 3), (2, 1, 5, 3, 4), (2, 5, 4, 1, 3), (1, 3, 5, 4, 2), (5, 3, 2, 1, 4), (4, 1, 2, 5, 3), (4, 3, 2, 5, 1), (2, 4, 3, 5, 1), (3, 5, 2, 1, 4), (3, 2, 5, 4, 1), (4, 2, 5, 3, 1)}
M(AUB) = 
[[2, 5, 4, 3, 1]]
Distance:42

(12)
A = 
{(1, 5, 4, 2, 3), (4, 1, 3, 5, 2), (3, 2, 1, 4, 5), (3, 5, 4, 1, 2), (2, 5, 3, 4, 1), (2, 1, 3, 4, 5)}
M(A) = 
[[1, 2, 3, 4, 5]]
Distance: 27
B = 
{(5, 2, 3, 1, 4), (3, 4, 1, 2, 5), (4, 1, 3, 5, 2), (5, 1, 2, 3, 4), (1, 4, 5, 2, 3), (2, 4, 1, 3, 5)}
M(B) = 
[[1, 2, 3, 4, 5]]
Distance: 24
M(A) inter A:
set()
M(B) inter B:
{(1, 4, 5, 2, 3)}

AUB = 
{(1, 5, 4, 2, 3), (5, 2, 3, 1, 4), (4, 1, 3, 5, 2), (3, 2, 1, 4, 5), (3, 5, 4, 1, 2), (5, 1, 2, 3, 4), (1, 4, 5, 2, 3), (2, 5, 3, 4, 1), (2, 4, 1, 3, 5), (2, 1, 3, 4, 5), (3, 4, 1, 2, 5)}
M(AUB) = 
[[1, 2, 3, 4, 5]]
Distance:48

(13)
A = 
{(3, 2, 1, 5, 4), (3, 2, 1, 4, 5), (2, 5, 1, 4, 3), (5, 1, 3, 2, 4), (5, 4, 2, 3, 1), (3, 2, 5, 4, 1)}
M(A) = 
[[3, 2, 1, 5, 4]]
Distance: 18
B = 
{(3, 4, 1, 5, 2), (1, 2, 3, 4, 5), (1, 4, 5, 2, 3), (2, 4, 3, 5, 1), (1, 3, 2, 5, 4), (3, 2, 1, 4, 5)}
M(B) = 
[[3, 2, 1, 5, 4]]
Distance: 19
M(A) inter A:
set()
M(B) inter B:
{(1, 2, 3, 4, 5)}

AUB = 
{(2, 4, 3, 5, 1), (3, 4, 1, 5, 2), (3, 2, 1, 5, 4), (3, 2, 1, 4, 5), (2, 5, 1, 4, 3), (5, 1, 3, 2, 4), (1, 4, 5, 2, 3), (1, 2, 3, 4, 5), (3, 2, 5, 4, 1), (1, 3, 2, 5, 4), (5, 4, 2, 3, 1)}
M(AUB) = 
[[3, 2, 1, 5, 4]]
Distance:44

(14)
A = 
{(5, 4, 1, 3, 2), (4, 1, 2, 5, 3), (2, 4, 1, 3, 5), (5, 3, 4, 1, 2), (5, 1, 3, 4, 2), (3, 4, 2, 5, 1)}
M(A) = 
[[1, 3, 5, 4, 2], [1, 5, 3, 4, 2], [3, 5, 4, 1, 2], [5, 1, 3, 4, 2], [5, 3, 4, 1, 2], [5, 4, 1, 3, 2]]
Distance: 21
B = 
{(3, 1, 5, 2, 4), (5, 4, 3, 1, 2), (1, 5, 3, 4, 2), (3, 5, 2, 4, 1), (1, 4, 3, 5, 2), (1, 3, 5, 2, 4)}
M(B) = 
[[1, 3, 5, 4, 2], [1, 5, 3, 4, 2], [3, 5, 4, 1, 2], [5, 1, 3, 4, 2], [5, 3, 4, 1, 2], [5, 4, 1, 3, 2]]
Distance: 16
M(A) inter A:
set()
M(B) inter B:
{(3, 1, 5, 2, 4), (1, 3, 5, 2, 4)}

AUB = 
{(3, 5, 2, 4, 1), (3, 1, 5, 2, 4), (5, 4, 3, 1, 2), (5, 4, 1, 3, 2), (4, 1, 2, 5, 3), (2, 4, 1, 3, 5), (5, 3, 4, 1, 2), (5, 1, 3, 4, 2), (1, 5, 3, 4, 2), (1, 4, 3, 5, 2), (3, 4, 2, 5, 1), (1, 3, 5, 2, 4)}
M(AUB) = 
[[1, 3, 5, 4, 2], [1, 5, 3, 4, 2], [3, 5, 4, 1, 2], [5, 1, 3, 4, 2], [5, 3, 4, 1, 2], [5, 4, 1, 3, 2]]
Distance:45

(15)
A = 
{(4, 1, 3, 2, 5), (1, 5, 2, 3, 4), (2, 1, 5, 3, 4), (3, 1, 5, 4, 2), (4, 5, 3, 2, 1), (2, 4, 5, 3, 1)}
M(A) = 
[[4, 3, 1, 5, 2]]
Distance: 28
B = 
{(3, 4, 1, 5, 2), (4, 1, 5, 3, 2), (4, 2, 3, 1, 5), (1, 4, 3, 5, 2), (5, 4, 2, 3, 1), (3, 4, 5, 2, 1)}
M(B) = 
[[4, 3, 1, 5, 2]]
Distance: 16
M(A) inter A:
set()
M(B) inter B:
set()

AUB = 
{(4, 1, 3, 2, 5), (3, 4, 5, 2, 1), (3, 4, 1, 5, 2), (2, 1, 5, 3, 4), (4, 1, 5, 3, 2), (4, 2, 3, 1, 5), (1, 5, 2, 3, 4), (3, 1, 5, 4, 2), (1, 4, 3, 5, 2), (4, 5, 3, 2, 1), (2, 4, 5, 3, 1), (5, 4, 2, 3, 1)}
M(AUB) = 
[[4, 3, 1, 5, 2]]
Distance:46

(16)
A = 
{(2, 3, 4, 1, 5), (1, 2, 3, 5, 4), (3, 5, 2, 4, 1), (1, 4, 5, 2, 3), (3, 1, 4, 5, 2), (2, 5, 4, 3, 1)}
M(A) = 
[[2, 3, 5, 4, 1], [3, 5, 2, 4, 1], [5, 2, 3, 4, 1]]
Distance: 24
B = 
{(5, 2, 4, 1, 3), (5, 4, 1, 3, 2), (2, 5, 1, 4, 3), (3, 5, 4, 2, 1), (2, 3, 4, 5, 1), (3, 1, 5, 4, 2)}
M(B) = 
[[2, 3, 5, 4, 1], [3, 5, 2, 4, 1], [5, 2, 3, 4, 1]]
Distance: 23
M(A) inter A:
{(3, 5, 2, 4, 1)}
M(B) inter B:
{(3, 5, 4, 2, 1), (5, 2, 4, 1, 3)}

AUB = 
{(3, 5, 4, 2, 1), (5, 2, 4, 1, 3), (2, 3, 4, 1, 5), (5, 4, 1, 3, 2), (1, 2, 3, 5, 4), (2, 3, 4, 5, 1), (3, 1, 5, 4, 2), (2, 5, 1, 4, 3), (3, 5, 2, 4, 1), (1, 4, 5, 2, 3), (2, 5, 4, 3, 1), (3, 1, 4, 5, 2)}
M(AUB) = 
[[2, 3, 5, 4, 1], [3, 5, 2, 4, 1], [5, 2, 3, 4, 1]]
Distance:51

(17)
A = 
{(2, 1, 5, 3, 4), (5, 3, 4, 2, 1), (4, 3, 5, 2, 1), (2, 3, 5, 4, 1), (2, 1, 3, 4, 5), (4, 2, 5, 3, 1)}
M(A) = 
[[2, 3, 1, 4, 5], [2, 3, 1, 5, 4], [2, 3, 4, 1, 5]]
Distance: 21
B = 
{(1, 2, 5, 4, 3), (2, 3, 4, 1, 5), (2, 4, 3, 1, 5), (3, 5, 1, 4, 2), (3, 1, 4, 5, 2), (1, 5, 2, 4, 3)}
M(B) = 
[[2, 3, 1, 4, 5], [2, 3, 1, 5, 4], [2, 3, 4, 1, 5]]
Distance: 24
M(A) inter A:
set()
M(B) inter B:
set()

AUB = 
{(1, 2, 5, 4, 3), (2, 3, 4, 1, 5), (4, 3, 5, 2, 1), (2, 4, 3, 1, 5), (3, 5, 1, 4, 2), (5, 3, 4, 2, 1), (2, 1, 5, 3, 4), (2, 3, 5, 4, 1), (1, 5, 2, 4, 3), (3, 1, 4, 5, 2), (2, 1, 3, 4, 5), (4, 2, 5, 3, 1)}
M(AUB) = 
[[2, 3, 1, 4, 5], [2, 3, 1, 5, 4], [2, 3, 4, 1, 5]]
Distance:49

(18)
A = 
{(2, 1, 5, 4, 3), (1, 5, 3, 2, 4), (2, 5, 1, 4, 3), (3, 1, 4, 5, 2), (2, 5, 4, 3, 1), (3, 2, 4, 5, 1)}
M(A) = 
[[2, 5, 1, 4, 3], [5, 1, 2, 4, 3], [5, 2, 1, 4, 3]]
Distance: 23
B = 
{(5, 3, 4, 2, 1), (5, 4, 3, 1, 2), (5, 1, 2, 3, 4), (5, 1, 4, 3, 2), (1, 4, 2, 5, 3), (2, 4, 5, 3, 1)}
M(B) = 
[[2, 5, 1, 4, 3], [5, 1, 2, 4, 3], [5, 2, 1, 4, 3]]
Distance: 20
M(A) inter A:
set()
M(B) inter B:
{(5, 1, 4, 3, 2), (5, 4, 3, 1, 2)}

AUB = 
{(5, 1, 2, 3, 4), (2, 1, 5, 4, 3), (5, 4, 3, 1, 2), (1, 5, 3, 2, 4), (2, 5, 1, 4, 3), (5, 3, 4, 2, 1), (5, 1, 4, 3, 2), (1, 4, 2, 5, 3), (2, 5, 4, 3, 1), (3, 1, 4, 5, 2), (3, 2, 4, 5, 1), (2, 4, 5, 3, 1)}
M(AUB) = 
[[2, 5, 1, 4, 3], [5, 1, 2, 4, 3], [5, 2, 1, 4, 3]]
Distance:49

(19)
A = 
{(2, 3, 1, 5, 4), (5, 2, 3, 1, 4), (5, 1, 3, 4, 2), (1, 4, 2, 5, 3), (2, 5, 3, 4, 1), (5, 3, 1, 2, 4)}
M(A) = 
[[3, 1, 2, 5, 4], [3, 1, 5, 2, 4], [3, 5, 1, 2, 4], [5, 3, 1, 2, 4]]
Distance: 18
B = 
{(1, 3, 4, 2, 5), (3, 1, 5, 2, 4), (1, 5, 2, 3, 4), (1, 2, 3, 4, 5), (3, 5, 1, 4, 2), (3, 2, 4, 5, 1)}
M(B) = 
[[3, 1, 2, 5, 4], [3, 1, 5, 2, 4], [3, 5, 1, 2, 4], [5, 3, 1, 2, 4]]
Distance: 18
M(A) inter A:
set()
M(B) inter B:
{(3, 1, 5, 2, 4)}

AUB = 
{(1, 3, 4, 2, 5), (5, 1, 3, 4, 2), (3, 1, 5, 2, 4), (5, 2, 3, 1, 4), (1, 5, 2, 3, 4), (1, 2, 3, 4, 5), (3, 5, 1, 4, 2), (2, 3, 1, 5, 4), (1, 4, 2, 5, 3), (2, 5, 3, 4, 1), (3, 2, 4, 5, 1), (5, 3, 1, 2, 4)}
M(AUB) = 
[[3, 1, 2, 5, 4], [3, 1, 5, 2, 4], [3, 5, 1, 2, 4], [5, 3, 1, 2, 4]]
Distance:44

(20)
A = 
{(2, 1, 5, 4, 3), (3, 2, 4, 1, 5), (5, 3, 4, 1, 2), (3, 5, 2, 4, 1), (3, 2, 5, 4, 1), (1, 2, 3, 4, 5)}
M(A) = 
[[3, 2, 5, 4, 1]]
Distance: 19
B = 
{(3, 5, 2, 4, 1), (2, 4, 1, 5, 3), (2, 1, 5, 4, 3), (3, 2, 1, 4, 5), (3, 5, 4, 1, 2), (2, 5, 1, 3, 4)}
M(B) = 
[[3, 2, 5, 4, 1]]
Distance: 23
M(A) inter A:
{(3, 2, 5, 4, 1)}
M(B) inter B:
{(2, 5, 1, 3, 4)}

AUB = 
{(2, 5, 1, 3, 4), (2, 4, 1, 5, 3), (3, 2, 1, 4, 5), (2, 1, 5, 4, 3), (3, 5, 4, 1, 2), (1, 2, 3, 4, 5), (5, 3, 4, 1, 2), (3, 5, 2, 4, 1), (3, 2, 5, 4, 1), (3, 2, 4, 1, 5)}
M(AUB) = 
[[3, 2, 5, 4, 1]]
Distance:35

(21)
A = 
{(5, 4, 2, 1, 3), (4, 3, 5, 2, 1), (3, 5, 4, 1, 2), (1, 2, 4, 5, 3), (3, 2, 4, 5, 1), (2, 4, 1, 5, 3)}
M(A) = 
[[3, 4, 5, 2, 1], [4, 3, 5, 2, 1]]
Distance: 24
B = 
{(5, 4, 1, 2, 3), (3, 4, 5, 1, 2), (3, 2, 4, 1, 5), (5, 3, 4, 2, 1), (4, 3, 2, 1, 5), (3, 5, 1, 2, 4)}
M(B) = 
[[3, 4, 5, 2, 1], [4, 3, 5, 2, 1]]
Distance: 19
M(A) inter A:
{(3, 5, 4, 1, 2)}
M(B) inter B:
{(3, 4, 5, 1, 2)}

AUB = 
{(5, 4, 2, 1, 3), (5, 4, 1, 2, 3), (3, 4, 5, 1, 2), (4, 3, 5, 2, 1), (3, 2, 4, 1, 5), (3, 5, 4, 1, 2), (2, 4, 1, 5, 3), (5, 3, 4, 2, 1), (1, 2, 4, 5, 3), (4, 3, 2, 1, 5), (3, 2, 4, 5, 1), (3, 5, 1, 2, 4)}
M(AUB) = 
[[3, 4, 5, 2, 1], [4, 3, 5, 2, 1]]
Distance:45

(22)
A = 
{(4, 3, 5, 1, 2), (5, 2, 1, 3, 4), (1, 2, 4, 3, 5), (2, 3, 5, 1, 4), (4, 5, 1, 3, 2), (3, 1, 4, 5, 2)}
M(A) = 
[[1, 2, 4, 3, 5], [1, 4, 2, 3, 5], [2, 1, 4, 3, 5], [2, 4, 3, 5, 1], [4, 2, 3, 5, 1]]
Distance: 26
B = 
{(1, 2, 4, 5, 3), (4, 3, 5, 2, 1), (1, 3, 5, 4, 2), (2, 4, 3, 5, 1), (2, 1, 4, 3, 5), (4, 2, 3, 5, 1)}
M(B) = 
[[1, 2, 4, 3, 5], [1, 4, 2, 3, 5], [2, 1, 4, 3, 5], [2, 4, 3, 5, 1], [4, 2, 3, 5, 1]]
Distance: 21
M(A) inter A:
set()
M(B) inter B:
{(2, 4, 3, 5, 1), (2, 1, 4, 3, 5), (4, 2, 3, 5, 1)}

AUB = 
{(1, 2, 4, 5, 3), (4, 3, 5, 1, 2), (5, 2, 1, 3, 4), (4, 3, 5, 2, 1), (1, 2, 4, 3, 5), (1, 3, 5, 4, 2), (2, 3, 5, 1, 4), (4, 5, 1, 3, 2), (3, 1, 4, 5, 2), (2, 4, 3, 5, 1), (2, 1, 4, 3, 5), (4, 2, 3, 5, 1)}
M(AUB) = 
[[1, 2, 4, 3, 5], [1, 4, 2, 3, 5], [2, 1, 4, 3, 5], [2, 4, 3, 5, 1], [4, 2, 3, 5, 1]]
Distance:51

(23)
A = 
{(4, 3, 1, 5, 2), (1, 5, 4, 3, 2), (1, 2, 3, 4, 5), (1, 3, 5, 4, 2), (3, 1, 5, 2, 4), (1, 4, 2, 3, 5)}
M(A) = 
[[1, 4, 2, 3, 5], [1, 4, 3, 2, 5], [1, 4, 3, 5, 2], [4, 1, 2, 3, 5], [4, 1, 3, 2, 5], [4, 1, 3, 5, 2]]
Distance: 16
B = 
{(2, 4, 1, 5, 3), (5, 4, 1, 3, 2), (1, 2, 3, 5, 4), (2, 5, 4, 1, 3), (4, 5, 2, 3, 1), (4, 3, 1, 2, 5)}
M(B) = 
[[1, 4, 2, 3, 5], [1, 4, 3, 2, 5], [1, 4, 3, 5, 2], [4, 1, 2, 3, 5], [4, 1, 3, 2, 5], [4, 1, 3, 5, 2]]
Distance: 22
M(A) inter A:
set()
M(B) inter B:
{(2, 4, 1, 5, 3), (2, 5, 4, 1, 3)}

AUB = 
{(2, 4, 1, 5, 3), (4, 3, 1, 5, 2), (1, 2, 3, 5, 4), (5, 4, 1, 3, 2), (1, 5, 4, 3, 2), (2, 5, 4, 1, 3), (1, 2, 3, 4, 5), (1, 3, 5, 4, 2), (4, 3, 1, 2, 5), (4, 5, 2, 3, 1), (3, 1, 5, 2, 4), (1, 4, 2, 3, 5)}
M(AUB) = 
[[1, 4, 2, 3, 5], [1, 4, 3, 2, 5], [1, 4, 3, 5, 2], [4, 1, 2, 3, 5], [4, 1, 3, 2, 5], [4, 1, 3, 5, 2]]
Distance:48

(24)
A = 
{(1, 2, 4, 5, 3), (3, 2, 5, 1, 4), (1, 3, 4, 5, 2), (3, 2, 1, 4, 5), (4, 1, 3, 5, 2), (3, 2, 4, 1, 5)}
M(A) = 
[[3, 2, 1, 4, 5], [3, 2, 4, 1, 5], [3, 2, 4, 5, 1]]
Distance: 18
B = 
{(2, 4, 1, 3, 5), (3, 5, 1, 4, 2), (5, 1, 2, 3, 4), (2, 5, 3, 4, 1), (2, 5, 4, 3, 1), (3, 4, 2, 5, 1)}
M(B) = 
[[3, 2, 1, 4, 5], [3, 2, 4, 1, 5], [3, 2, 4, 5, 1]]
Distance: 20
M(A) inter A:
set()
M(B) inter B:
{(2, 5, 3, 4, 1)}

AUB = 
{(2, 5, 4, 3, 1), (1, 2, 4, 5, 3), (3, 2, 5, 1, 4), (1, 3, 4, 5, 2), (3, 2, 1, 4, 5), (4, 1, 3, 5, 2), (5, 1, 2, 3, 4), (3, 5, 1, 4, 2), (2, 5, 3, 4, 1), (2, 4, 1, 3, 5), (3, 4, 2, 5, 1), (3, 2, 4, 1, 5)}
M(AUB) = 
[[3, 2, 1, 4, 5], [3, 2, 4, 1, 5], [3, 2, 4, 5, 1]]
Distance:48

(25)
A = 
{(4, 1, 3, 2, 5), (3, 2, 1, 5, 4), (1, 2, 3, 5, 4), (4, 1, 5, 2, 3), (3, 4, 2, 5, 1), (5, 3, 1, 2, 4)}
M(A) = 
[[3, 1, 2, 4, 5], [3, 1, 4, 2, 5], [3, 4, 1, 2, 5], [4, 3, 1, 2, 5]]
Distance: 24
B = 
{(1, 2, 4, 5, 3), (2, 3, 1, 4, 5), (5, 4, 3, 1, 2), (2, 3, 1, 5, 4), (4, 3, 1, 5, 2), (4, 2, 3, 5, 1)}
M(B) = 
[[3, 1, 2, 4, 5], [3, 1, 4, 2, 5], [3, 4, 1, 2, 5], [4, 3, 1, 2, 5]]
Distance: 22
M(A) inter A:
set()
M(B) inter B:
set()

AUB = 
{(4, 1, 3, 2, 5), (1, 2, 4, 5, 3), (2, 3, 1, 4, 5), (3, 2, 1, 5, 4), (1, 2, 3, 5, 4), (4, 1, 5, 2, 3), (2, 3, 1, 5, 4), (5, 4, 3, 1, 2), (4, 3, 1, 5, 2), (3, 4, 2, 5, 1), (5, 3, 1, 2, 4), (4, 2, 3, 5, 1)}
M(AUB) = 
[[3, 1, 2, 4, 5], [3, 1, 4, 2, 5], [3, 4, 1, 2, 5], [4, 3, 1, 2, 5]]
Distance:50

(26)
A = 
{(1, 2, 4, 5, 3), (3, 4, 2, 1, 5), (2, 5, 1, 3, 4), (1, 4, 2, 5, 3), (3, 4, 5, 2, 1), (1, 3, 5, 2, 4)}
M(A) = 
[[3, 4, 2, 1, 5], [3, 4, 2, 5, 1]]
Distance: 24
B = 
{(1, 3, 4, 2, 5), (1, 3, 5, 4, 2), (5, 3, 4, 2, 1), (2, 3, 5, 4, 1), (4, 5, 3, 2, 1), (2, 5, 4, 3, 1)}
M(B) = 
[[3, 4, 2, 1, 5], [3, 4, 2, 5, 1]]
Distance: 22
M(A) inter A:
set()
M(B) inter B:
{(5, 3, 4, 2, 1)}

AUB = 
{(1, 3, 4, 2, 5), (5, 3, 4, 2, 1), (1, 2, 4, 5, 3), (3, 4, 2, 1, 5), (1, 3, 5, 4, 2), (2, 5, 1, 3, 4), (1, 4, 2, 5, 3), (2, 3, 5, 4, 1), (4, 5, 3, 2, 1), (2, 5, 4, 3, 1), (3, 4, 5, 2, 1), (1, 3, 5, 2, 4)}
M(AUB) = 
[[3, 4, 2, 1, 5], [3, 4, 2, 5, 1]]
Distance:54

(27)
A = 
{(4, 3, 5, 1, 2), (3, 4, 5, 1, 2), (5, 1, 3, 4, 2), (3, 1, 4, 5, 2), (3, 1, 5, 4, 2), (5, 2, 3, 4, 1)}
M(A) = 
[[3, 1, 4, 5, 2], [3, 4, 1, 5, 2], [3, 4, 5, 1, 2]]
Distance: 15
B = 
{(3, 1, 2, 5, 4), (3, 4, 1, 5, 2), (4, 3, 2, 5, 1), (3, 2, 1, 4, 5), (1, 3, 2, 5, 4), (4, 2, 5, 3, 1)}
M(B) = 
[[3, 1, 4, 5, 2], [3, 4, 1, 5, 2], [3, 4, 5, 1, 2]]
Distance: 19
M(A) inter A:
set()
M(B) inter B:
{(3, 2, 1, 4, 5)}

AUB = 
{(3, 1, 2, 5, 4), (4, 3, 5, 1, 2), (3, 4, 1, 5, 2), (3, 4, 5, 1, 2), (4, 3, 2, 5, 1), (3, 2, 1, 4, 5), (5, 1, 3, 4, 2), (3, 1, 4, 5, 2), (3, 1, 5, 4, 2), (5, 2, 3, 4, 1), (1, 3, 2, 5, 4), (4, 2, 5, 3, 1)}
M(AUB) = 
[[3, 1, 4, 5, 2], [3, 4, 1, 5, 2], [3, 4, 5, 1, 2]]
Distance:40

(28)
A = 
{(5, 1, 3, 4, 2), (4, 3, 5, 1, 2), (2, 5, 1, 3, 4), (5, 1, 2, 3, 4), (4, 5, 3, 2, 1), (5, 4, 2, 3, 1)}
M(A) = 
[[3, 4, 5, 2, 1], [5, 3, 4, 2, 1]]
Distance: 21
B = 
{(2, 3, 4, 1, 5), (4, 1, 2, 5, 3), (1, 3, 4, 5, 2), (3, 5, 2, 4, 1), (4, 3, 5, 1, 2), (3, 2, 4, 5, 1)}
M(B) = 
[[3, 4, 5, 2, 1], [5, 3, 4, 2, 1]]
Distance: 21
M(A) inter A:
set()
M(B) inter B:
{(3, 2, 4, 5, 1)}

AUB = 
{(2, 5, 1, 3, 4), (4, 3, 5, 1, 2), (5, 1, 2, 3, 4), (4, 1, 2, 5, 3), (1, 3, 4, 5, 2), (5, 1, 3, 4, 2), (3, 5, 2, 4, 1), (4, 5, 3, 2, 1), (2, 3, 4, 1, 5), (5, 4, 2, 3, 1), (3, 2, 4, 5, 1)}
M(AUB) = 
[[3, 4, 5, 2, 1], [5, 3, 4, 2, 1]]
Distance:46

(29)
A = 
{(4, 3, 1, 5, 2), (1, 3, 2, 5, 4), (1, 2, 3, 4, 5), (5, 1, 4, 3, 2), (2, 5, 4, 3, 1), (2, 1, 4, 3, 5)}
M(A) = 
[[1, 2, 4, 3, 5], [1, 3, 2, 4, 5], [1, 3, 2, 5, 4], [1, 3, 5, 2, 4]]
Distance: 22
B = 
{(4, 1, 2, 3, 5), (3, 1, 5, 2, 4), (4, 1, 5, 3, 2), (5, 1, 3, 2, 4), (2, 4, 3, 5, 1), (3, 5, 2, 1, 4)}
M(B) = 
[[1, 2, 4, 3, 5], [1, 3, 2, 4, 5], [1, 3, 2, 5, 4], [1, 3, 5, 2, 4]]
Distance: 25
M(A) inter A:
set()
M(B) inter B:
{(3, 1, 5, 2, 4)}

AUB = 
{(4, 1, 2, 3, 5), (5, 1, 3, 2, 4), (4, 3, 1, 5, 2), (1, 3, 2, 5, 4), (1, 2, 3, 4, 5), (3, 5, 2, 1, 4), (4, 1, 5, 3, 2), (5, 1, 4, 3, 2), (2, 5, 4, 3, 1), (3, 1, 5, 2, 4), (2, 4, 3, 5, 1), (2, 1, 4, 3, 5)}
M(AUB) = 
[[1, 2, 4, 3, 5], [1, 3, 2, 4, 5], [1, 3, 2, 5, 4], [1, 3, 5, 2, 4]]
Distance:51

(30)
A = 
{(2, 4, 5, 1, 3), (2, 3, 4, 1, 5), (4, 1, 3, 5, 2), (4, 1, 5, 3, 2), (5, 1, 4, 2, 3), (2, 5, 1, 3, 4)}
M(A) = 
[[4, 2, 3, 5, 1], [4, 2, 5, 1, 3]]
Distance: 23
B = 
{(5, 4, 1, 2, 3), (3, 1, 5, 2, 4), (3, 2, 5, 1, 4), (5, 1, 4, 2, 3), (3, 4, 2, 5, 1), (4, 2, 3, 5, 1)}
M(B) = 
[[4, 2, 3, 5, 1], [4, 2, 5, 1, 3]]
Distance: 24
M(A) inter A:
set()
M(B) inter B:
set()

AUB = 
{(2, 4, 5, 1, 3), (2, 3, 4, 1, 5), (3, 2, 5, 1, 4), (4, 1, 3, 5, 2), (4, 1, 5, 3, 2), (5, 1, 4, 2, 3), (5, 4, 1, 2, 3), (2, 5, 1, 3, 4), (3, 1, 5, 2, 4), (3, 4, 2, 5, 1), (4, 2, 3, 5, 1)}
M(AUB) = 
[[4, 2, 3, 5, 1], [4, 2, 5, 1, 3]]
Distance:49

(31)
A = 
{(5, 2, 3, 1, 4), (1, 5, 2, 3, 4), (1, 2, 4, 3, 5), (5, 3, 1, 4, 2), (5, 3, 2, 4, 1), (1, 4, 2, 5, 3)}
M(A) = 
[[3, 1, 4, 5, 2]]
Distance: 20
B = 
{(4, 3, 5, 1, 2), (3, 1, 2, 4, 5), (3, 2, 4, 1, 5), (3, 5, 4, 1, 2), (4, 5, 2, 3, 1), (1, 4, 2, 3, 5)}
M(B) = 
[[3, 1, 4, 5, 2]]
Distance: 20
M(A) inter A:
set()
M(B) inter B:
{(4, 3, 5, 1, 2)}

AUB = 
{(4, 3, 5, 1, 2), (5, 2, 3, 1, 4), (1, 5, 2, 3, 4), (3, 5, 4, 1, 2), (1, 2, 4, 3, 5), (5, 3, 1, 4, 2), (5, 3, 2, 4, 1), (3, 1, 2, 4, 5), (1, 4, 2, 5, 3), (4, 5, 2, 3, 1), (1, 4, 2, 3, 5), (3, 2, 4, 1, 5)}
M(AUB) = 
[[3, 1, 4, 5, 2]]
Distance:52

(32)
A = 
{(2, 3, 1, 4, 5), (3, 2, 5, 1, 4), (5, 2, 3, 1, 4), (3, 1, 2, 4, 5), (5, 1, 2, 4, 3), (2, 1, 4, 5, 3)}
M(A) = 
[[2, 5, 1, 3, 4], [2, 5, 3, 1, 4]]
Distance: 19
B = 
{(5, 4, 1, 3, 2), (1, 2, 5, 3, 4), (5, 2, 1, 3, 4), (2, 5, 4, 1, 3), (5, 3, 4, 2, 1), (2, 4, 3, 5, 1)}
M(B) = 
[[2, 5, 1, 3, 4], [2, 5, 3, 1, 4]]
Distance: 19
M(A) inter A:
set()
M(B) inter B:
{(2, 5, 4, 1, 3)}

AUB = 
{(5, 4, 1, 3, 2), (2, 3, 1, 4, 5), (3, 2, 5, 1, 4), (5, 2, 3, 1, 4), (3, 1, 2, 4, 5), (2, 5, 4, 1, 3), (5, 1, 2, 4, 3), (5, 3, 4, 2, 1), (1, 2, 5, 3, 4), (2, 1, 4, 5, 3), (2, 4, 3, 5, 1), (5, 2, 1, 3, 4)}
M(AUB) = 
[[2, 5, 1, 3, 4], [2, 5, 3, 1, 4]]
Distance:42

(33)
A = 
{(2, 1, 4, 5, 3), (3, 4, 1, 5, 2), (1, 2, 4, 3, 5), (5, 2, 3, 4, 1), (3, 5, 1, 2, 4), (5, 4, 2, 3, 1)}
M(A) = 
[[2, 4, 3, 1, 5]]
Distance: 26
B = 
{(1, 2, 5, 4, 3), (4, 3, 5, 1, 2), (3, 2, 4, 1, 5), (4, 5, 3, 2, 1), (5, 2, 3, 4, 1), (2, 1, 4, 3, 5)}
M(B) = 
[[2, 4, 3, 1, 5]]
Distance: 24
M(A) inter A:
set()
M(B) inter B:
set()

AUB = 
{(1, 2, 5, 4, 3), (2, 1, 4, 5, 3), (3, 2, 4, 1, 5), (3, 4, 1, 5, 2), (2, 1, 4, 3, 5), (1, 2, 4, 3, 5), (4, 5, 3, 2, 1), (4, 3, 5, 1, 2), (5, 4, 2, 3, 1), (3, 5, 1, 2, 4), (5, 2, 3, 4, 1)}
M(AUB) = 
[[2, 4, 3, 1, 5]]
Distance:47

(34)
A = 
{(5, 3, 2, 4, 1), (3, 1, 5, 2, 4), (3, 5, 2, 4, 1), (4, 3, 1, 2, 5), (2, 5, 3, 1, 4), (5, 4, 2, 3, 1)}
M(A) = 
[[5, 3, 2, 4, 1]]
Distance: 18
B = 
{(1, 5, 3, 2, 4), (1, 2, 3, 4, 5), (5, 3, 2, 4, 1), (2, 5, 4, 3, 1), (1, 4, 3, 2, 5), (5, 2, 4, 3, 1)}
M(B) = 
[[5, 3, 2, 4, 1]]
Distance: 26
M(A) inter A:
{(5, 3, 2, 4, 1), (2, 5, 3, 1, 4)}
M(B) inter B:
{(1, 5, 3, 2, 4), (5, 3, 2, 4, 1), (5, 2, 4, 3, 1), (2, 5, 4, 3, 1)}

AUB = 
{(3, 5, 2, 4, 1), (3, 1, 5, 2, 4), (1, 5, 3, 2, 4), (1, 2, 3, 4, 5), (5, 2, 4, 3, 1), (5, 3, 2, 4, 1), (2, 5, 4, 3, 1), (4, 3, 1, 2, 5), (2, 5, 3, 1, 4), (5, 4, 2, 3, 1), (1, 4, 3, 2, 5)}
M(AUB) = 
[[5, 3, 2, 4, 1]]
Distance:44

(35)
A = 
{(2, 1, 3, 5, 4), (3, 4, 2, 1, 5), (2, 5, 1, 4, 3), (5, 1, 3, 4, 2), (3, 4, 5, 2, 1), (2, 1, 4, 3, 5)}
M(A) = 
[[3, 2, 4, 5, 1], [3, 4, 2, 5, 1]]
Distance: 23
B = 
{(1, 3, 2, 4, 5), (3, 4, 5, 1, 2), (2, 5, 4, 1, 3), (4, 2, 3, 1, 5), (4, 5, 3, 2, 1), (5, 3, 1, 2, 4)}
M(B) = 
[[3, 2, 4, 5, 1], [3, 4, 2, 5, 1]]
Distance: 25
M(A) inter A:
{(3, 4, 5, 2, 1)}
M(B) inter B:
{(4, 5, 3, 2, 1), (3, 4, 5, 1, 2)}

AUB = 
{(1, 3, 2, 4, 5), (3, 4, 5, 1, 2), (5, 3, 1, 2, 4), (2, 1, 3, 5, 4), (2, 5, 4, 1, 3), (3, 4, 2, 1, 5), (2, 5, 1, 4, 3), (4, 2, 3, 1, 5), (5, 1, 3, 4, 2), (4, 5, 3, 2, 1), (3, 4, 5, 2, 1), (2, 1, 4, 3, 5)}
M(AUB) = 
[[3, 2, 4, 5, 1], [3, 4, 2, 5, 1]]
Distance:52

(36)
A = 
{(1, 3, 4, 2, 5), (3, 1, 5, 2, 4), (3, 2, 5, 1, 4), (4, 3, 5, 2, 1), (3, 5, 1, 4, 2), (3, 5, 1, 2, 4)}
M(A) = 
[[3, 1, 4, 5, 2], [3, 1, 5, 2, 4], [3, 1, 5, 4, 2], [3, 5, 1, 2, 4], [3, 5, 1, 4, 2]]
Distance: 14
B = 
{(3, 4, 1, 5, 2), (5, 2, 1, 3, 4), (3, 2, 1, 4, 5), (4, 1, 3, 5, 2), (1, 4, 2, 5, 3), (2, 3, 5, 4, 1)}
M(B) = 
[[3, 1, 4, 5, 2], [3, 1, 5, 2, 4], [3, 1, 5, 4, 2], [3, 5, 1, 2, 4], [3, 5, 1, 4, 2]]
Distance: 26
M(A) inter A:
{(1, 3, 4, 2, 5)}
M(B) inter B:
{(3, 2, 1, 4, 5), (3, 4, 1, 5, 2)}

AUB = 
{(1, 3, 4, 2, 5), (3, 1, 5, 2, 4), (3, 4, 1, 5, 2), (3, 2, 5, 1, 4), (4, 3, 5, 2, 1), (4, 1, 3, 5, 2), (3, 2, 1, 4, 5), (3, 5, 1, 4, 2), (1, 4, 2, 5, 3), (2, 3, 5, 4, 1), (5, 2, 1, 3, 4), (3, 5, 1, 2, 4)}
M(AUB) = 
[[3, 1, 4, 5, 2], [3, 1, 5, 2, 4], [3, 1, 5, 4, 2], [3, 5, 1, 2, 4], [3, 5, 1, 4, 2]]
Distance:44

(37)
A = 
{(5, 2, 1, 4, 3), (1, 5, 2, 4, 3), (3, 2, 1, 4, 5), (2, 4, 3, 5, 1), (3, 5, 1, 2, 4), (3, 4, 5, 2, 1)}
M(A) = 
[[2, 1, 3, 5, 4]]
Distance: 22
B = 
{(1, 5, 4, 3, 2), (3, 2, 1, 4, 5), (2, 5, 1, 3, 4), (2, 1, 5, 3, 4), (2, 1, 4, 3, 5), (3, 2, 4, 1, 5)}
M(B) = 
[[2, 1, 3, 5, 4]]
Distance: 18
M(A) inter A:
set()
M(B) inter B:
{(2, 1, 5, 3, 4)}

AUB = 
{(5, 2, 1, 4, 3), (1, 5, 2, 4, 3), (3, 2, 4, 1, 5), (1, 5, 4, 3, 2), (2, 1, 4, 3, 5), (3, 2, 1, 4, 5), (2, 5, 1, 3, 4), (2, 1, 5, 3, 4), (3, 4, 5, 2, 1), (3, 5, 1, 2, 4), (2, 4, 3, 5, 1)}
M(AUB) = 
[[2, 1, 3, 5, 4]]
Distance:43

(38)
A = 
{(4, 3, 1, 5, 2), (4, 1, 5, 2, 3), (1, 4, 2, 5, 3), (2, 3, 4, 5, 1), (4, 5, 1, 3, 2), (1, 4, 2, 3, 5)}
M(A) = 
[[4, 1, 2, 3, 5]]
Distance: 17
B = 
{(1, 3, 4, 2, 5), (1, 2, 4, 5, 3), (3, 4, 1, 5, 2), (3, 1, 4, 2, 5), (4, 5, 1, 2, 3), (4, 2, 3, 5, 1)}
M(B) = 
[[4, 1, 2, 3, 5]]
Distance: 20
M(A) inter A:
{(1, 4, 2, 3, 5)}
M(B) inter B:
{(1, 3, 4, 2, 5), (3, 1, 4, 2, 5)}

AUB = 
{(1, 3, 4, 2, 5), (1, 2, 4, 5, 3), (4, 3, 1, 5, 2), (3, 4, 1, 5, 2), (4, 1, 5, 2, 3), (4, 5, 1, 2, 3), (3, 1, 4, 2, 5), (1, 4, 2, 5, 3), (4, 5, 1, 3, 2), (2, 3, 4, 5, 1), (1, 4, 2, 3, 5), (4, 2, 3, 5, 1)}
M(AUB) = 
[[4, 1, 2, 3, 5]]
Distance:37

(39)
A = 
{(2, 3, 4, 1, 5), (5, 3, 1, 2, 4), (1, 4, 5, 2, 3), (3, 4, 2, 5, 1), (1, 3, 5, 2, 4), (2, 4, 3, 5, 1)}
M(A) = 
[[5, 2, 3, 1, 4], [5, 2, 3, 4, 1]]
Distance: 25
B = 
{(4, 5, 2, 1, 3), (5, 2, 1, 4, 3), (5, 3, 4, 1, 2), (2, 5, 3, 1, 4), (2, 5, 4, 3, 1), (5, 3, 2, 1, 4)}
M(B) = 
[[5, 2, 3, 1, 4], [5, 2, 3, 4, 1]]
Distance: 16
M(A) inter A:
set()
M(B) inter B:
set()

AUB = 
{(2, 5, 3, 1, 4), (5, 2, 1, 4, 3), (2, 3, 4, 1, 5), (5, 3, 1, 2, 4), (5, 3, 4, 1, 2), (5, 3, 2, 1, 4), (4, 5, 2, 1, 3), (1, 4, 5, 2, 3), (2, 5, 4, 3, 1), (3, 4, 2, 5, 1), (1, 3, 5, 2, 4), (2, 4, 3, 5, 1)}
M(AUB) = 
[[5, 2, 3, 1, 4], [5, 2, 3, 4, 1]]
Distance:45

(40)
A = 
{(5, 1, 2, 3, 4), (1, 2, 4, 5, 3), (1, 5, 4, 3, 2), (3, 2, 4, 1, 5), (5, 3, 4, 2, 1), (1, 4, 2, 5, 3)}
M(A) = 
[[3, 1, 4, 5, 2], [3, 4, 1, 5, 2], [4, 3, 1, 5, 2]]
Distance: 24
B = 
{(4, 3, 1, 5, 2), (3, 4, 1, 5, 2), (3, 1, 5, 4, 2), (4, 5, 3, 2, 1), (3, 1, 4, 5, 2), (4, 2, 3, 5, 1)}
M(B) = 
[[3, 1, 4, 5, 2], [3, 4, 1, 5, 2], [4, 3, 1, 5, 2]]
Distance: 13
M(A) inter A:
set()
M(B) inter B:
{(4, 3, 1, 5, 2), (3, 4, 1, 5, 2)}

AUB = 
{(5, 3, 4, 2, 1), (1, 2, 4, 5, 3), (4, 3, 1, 5, 2), (3, 4, 1, 5, 2), (1, 5, 4, 3, 2), (3, 2, 4, 1, 5), (5, 1, 2, 3, 4), (1, 4, 2, 5, 3), (3, 1, 5, 4, 2), (4, 5, 3, 2, 1), (3, 1, 4, 5, 2), (4, 2, 3, 5, 1)}
M(AUB) = 
[[3, 1, 4, 5, 2], [3, 4, 1, 5, 2], [4, 3, 1, 5, 2]]
Distance:45

(41)
A = 
{(2, 1, 5, 3, 4), (2, 4, 1, 3, 5), (3, 2, 4, 1, 5), (3, 1, 4, 5, 2), (2, 5, 4, 3, 1), (3, 4, 1, 2, 5)}
M(A) = 
[[4, 3, 2, 1, 5]]
Distance: 19
B = 
{(4, 1, 2, 3, 5), (4, 3, 5, 2, 1), (4, 1, 3, 5, 2), (1, 4, 3, 2, 5), (3, 5, 2, 1, 4), (2, 4, 3, 5, 1)}
M(B) = 
[[4, 3, 2, 1, 5]]
Distance: 20
M(A) inter A:
set()
M(B) inter B:
{(4, 3, 5, 2, 1), (4, 1, 3, 5, 2)}

AUB = 
{(4, 1, 2, 3, 5), (3, 2, 4, 1, 5), (2, 1, 5, 3, 4), (2, 4, 1, 3, 5), (4, 1, 3, 5, 2), (4, 3, 5, 2, 1), (3, 1, 4, 5, 2), (2, 4, 3, 5, 1), (2, 5, 4, 3, 1), (1, 4, 3, 2, 5), (3, 5, 2, 1, 4), (3, 4, 1, 2, 5)}
M(AUB) = 
[[4, 3, 2, 1, 5]]
Distance:43

(42)
A = 
{(5, 4, 1, 2, 3), (2, 1, 4, 5, 3), (4, 1, 2, 5, 3), (3, 5, 1, 4, 2), (2, 3, 5, 1, 4), (1, 5, 4, 3, 2)}
M(A) = 
[[1, 4, 2, 5, 3]]
Distance: 22
B = 
{(4, 1, 3, 2, 5), (1, 5, 4, 2, 3), (2, 5, 1, 4, 3), (1, 4, 2, 5, 3), (4, 3, 5, 1, 2), (3, 4, 2, 5, 1)}
M(B) = 
[[1, 4, 2, 5, 3]]
Distance: 22
M(A) inter A:
{(4, 1, 2, 5, 3)}
M(B) inter B:
{(4, 1, 3, 2, 5), (1, 4, 2, 5, 3)}

AUB = 
{(4, 1, 3, 2, 5), (5, 4, 1, 2, 3), (2, 1, 4, 5, 3), (1, 5, 4, 3, 2), (2, 5, 1, 4, 3), (3, 5, 1, 4, 2), (2, 3, 5, 1, 4), (4, 1, 2, 5, 3), (1, 4, 2, 5, 3), (1, 5, 4, 2, 3), (3, 4, 2, 5, 1), (4, 3, 5, 1, 2)}
M(AUB) = 
[[1, 4, 2, 5, 3]]
Distance:46

(43)
A = 
{(2, 1, 5, 4, 3), (1, 2, 3, 5, 4), (2, 3, 5, 1, 4), (4, 3, 1, 2, 5), (2, 4, 3, 5, 1), (1, 3, 5, 2, 4)}
M(A) = 
[[2, 1, 4, 3, 5], [2, 1, 4, 5, 3], [2, 1, 5, 4, 3], [2, 4, 1, 3, 5], [2, 4, 1, 5, 3], [2, 4, 3, 1, 5], [2, 4, 3, 5, 1], [2, 4, 5, 1, 3], [2, 4, 5, 3, 1], [2, 5, 1, 4, 3], [2, 5, 4, 1, 3], [2, 5, 4, 3, 1]]
Distance: 20
B = 
{(4, 1, 2, 5, 3), (2, 5, 1, 4, 3), (4, 2, 1, 3, 5), (2, 5, 3, 1, 4), (2, 4, 5, 3, 1), (4, 2, 5, 3, 1)}
M(B) = 
[[2, 1, 4, 3, 5], [2, 1, 4, 5, 3], [2, 1, 5, 4, 3], [2, 4, 1, 3, 5], [2, 4, 1, 5, 3], [2, 4, 3, 1, 5], [2, 4, 3, 5, 1], [2, 4, 5, 1, 3], [2, 4, 5, 3, 1], [2, 5, 1, 4, 3], [2, 5, 4, 1, 3], [2, 5, 4, 3, 1]]
Distance: 15
M(A) inter A:
set()
M(B) inter B:
{(2, 4, 5, 3, 1), (4, 2, 5, 3, 1)}

AUB = 
{(2, 5, 3, 1, 4), (2, 1, 5, 4, 3), (1, 2, 3, 5, 4), (4, 1, 2, 5, 3), (2, 5, 1, 4, 3), (4, 2, 1, 3, 5), (2, 3, 5, 1, 4), (4, 3, 1, 2, 5), (2, 4, 3, 5, 1), (1, 3, 5, 2, 4), (2, 4, 5, 3, 1), (4, 2, 5, 3, 1)}
M(AUB) = 
[[2, 1, 4, 3, 5], [2, 1, 4, 5, 3], [2, 1, 5, 4, 3], [2, 4, 1, 3, 5], [2, 4, 1, 5, 3], [2, 4, 3, 1, 5], [2, 4, 3, 5, 1], [2, 4, 5, 1, 3], [2, 4, 5, 3, 1], [2, 5, 1, 4, 3], [2, 5, 4, 1, 3], [2, 5, 4, 3, 1]]
Distance:45

(44)
A = 
{(5, 2, 1, 3, 4), (2, 1, 5, 3, 4), (3, 5, 4, 1, 2), (1, 3, 5, 4, 2), (4, 2, 3, 1, 5), (4, 5, 2, 1, 3)}
M(A) = 
[[1, 3, 5, 4, 2]]
Distance: 25
B = 
{(2, 4, 1, 5, 3), (4, 3, 5, 2, 1), (1, 3, 4, 5, 2), (5, 1, 4, 2, 3), (4, 5, 2, 1, 3), (1, 3, 2, 5, 4)}
M(B) = 
[[1, 3, 5, 4, 2]]
Distance: 24
M(A) inter A:
{(4, 5, 2, 1, 3)}
M(B) inter B:
{(4, 5, 2, 1, 3)}

AUB = 
{(2, 4, 1, 5, 3), (5, 2, 1, 3, 4), (2, 1, 5, 3, 4), (3, 5, 4, 1, 2), (1, 3, 5, 4, 2), (4, 2, 3, 1, 5), (4, 5, 2, 1, 3), (4, 3, 5, 2, 1), (5, 1, 4, 2, 3), (1, 3, 4, 5, 2), (1, 3, 2, 5, 4)}
M(AUB) = 
[[1, 3, 5, 4, 2]]
Distance:48

(45)
A = 
{(5, 2, 1, 3, 4), (5, 4, 3, 1, 2), (4, 1, 5, 2, 3), (4, 1, 2, 5, 3), (5, 2, 3, 4, 1), (3, 5, 1, 2, 4)}
M(A) = 
[[5, 1, 2, 4, 3], [5, 1, 4, 2, 3], [5, 4, 1, 2, 3]]
Distance: 21
B = 
{(5, 2, 1, 4, 3), (1, 2, 3, 5, 4), (4, 3, 5, 2, 1), (5, 1, 2, 4, 3), (4, 1, 5, 3, 2), (1, 4, 5, 2, 3)}
M(B) = 
[[5, 1, 2, 4, 3], [5, 1, 4, 2, 3], [5, 4, 1, 2, 3]]
Distance: 20
M(A) inter A:
set()
M(B) inter B:
{(1, 4, 5, 2, 3), (5, 1, 2, 4, 3)}

AUB = 
{(5, 2, 1, 4, 3), (5, 2, 1, 3, 4), (5, 4, 3, 1, 2), (4, 1, 2, 5, 3), (4, 1, 5, 3, 2), (5, 1, 2, 4, 3), (4, 1, 5, 2, 3), (1, 4, 5, 2, 3), (1, 2, 3, 5, 4), (5, 2, 3, 4, 1), (3, 5, 1, 2, 4), (4, 3, 5, 2, 1)}
M(AUB) = 
[[5, 1, 2, 4, 3], [5, 1, 4, 2, 3], [5, 4, 1, 2, 3]]
Distance:43

(46)
A = 
{(2, 4, 3, 1, 5), (5, 1, 4, 3, 2), (4, 5, 3, 1, 2), (4, 5, 2, 3, 1), (2, 4, 3, 5, 1), (3, 4, 2, 5, 1)}
M(A) = 
[[4, 2, 3, 5, 1], [4, 2, 5, 3, 1], [4, 3, 2, 5, 1], [4, 3, 5, 2, 1], [4, 5, 2, 3, 1], [4, 5, 3, 2, 1]]
Distance: 18
B = 
{(3, 5, 1, 4, 2), (2, 3, 4, 5, 1), (1, 4, 5, 3, 2), (4, 3, 2, 1, 5), (2, 5, 4, 3, 1), (5, 4, 2, 3, 1)}
M(B) = 
[[4, 2, 3, 5, 1], [4, 2, 5, 3, 1], [4, 3, 2, 5, 1], [4, 3, 5, 2, 1], [4, 5, 2, 3, 1], [4, 5, 3, 2, 1]]
Distance: 23
M(A) inter A:
{(4, 5, 2, 3, 1)}
M(B) inter B:
{(5, 4, 2, 3, 1)}

AUB = 
{(5, 4, 2, 3, 1), (2, 5, 4, 3, 1), (2, 4, 3, 1, 5), (3, 5, 1, 4, 2), (5, 1, 4, 3, 2), (4, 3, 2, 1, 5), (4, 5, 3, 1, 2), (1, 4, 5, 3, 2), (4, 5, 2, 3, 1), (2, 3, 4, 5, 1), (3, 4, 2, 5, 1), (2, 4, 3, 5, 1)}
M(AUB) = 
[[4, 2, 3, 5, 1], [4, 2, 5, 3, 1], [4, 3, 2, 5, 1], [4, 3, 5, 2, 1], [4, 5, 2, 3, 1], [4, 5, 3, 2, 1]]
Distance:41

(47)
A = 
{(5, 4, 2, 1, 3), (4, 3, 5, 2, 1), (2, 5, 1, 4, 3), (3, 5, 1, 4, 2), (3, 4, 5, 2, 1), (4, 2, 5, 3, 1)}
M(A) = 
[[4, 3, 5, 2, 1], [4, 5, 2, 1, 3], [5, 4, 2, 1, 3]]
Distance: 19
B = 
{(4, 1, 3, 2, 5), (1, 5, 2, 4, 3), (1, 2, 4, 3, 5), (4, 1, 3, 5, 2), (3, 5, 4, 2, 1), (2, 1, 5, 4, 3)}
M(B) = 
[[4, 3, 5, 2, 1], [4, 5, 2, 1, 3], [5, 4, 2, 1, 3]]
Distance: 22
M(A) inter A:
set()
M(B) inter B:
{(4, 1, 3, 2, 5), (1, 2, 4, 3, 5), (4, 1, 3, 5, 2)}

AUB = 
{(4, 1, 3, 2, 5), (5, 4, 2, 1, 3), (1, 5, 2, 4, 3), (4, 1, 3, 5, 2), (4, 3, 5, 2, 1), (2, 5, 1, 4, 3), (1, 2, 4, 3, 5), (3, 5, 1, 4, 2), (3, 5, 4, 2, 1), (2, 1, 5, 4, 3), (3, 4, 5, 2, 1), (4, 2, 5, 3, 1)}
M(AUB) = 
[[4, 3, 5, 2, 1], [4, 5, 2, 1, 3], [5, 4, 2, 1, 3]]
Distance:51

(48)
A = 
{(2, 1, 3, 5, 4), (3, 2, 4, 1, 5), (4, 2, 1, 3, 5), (4, 3, 2, 5, 1), (4, 5, 2, 3, 1), (1, 4, 3, 2, 5)}
M(A) = 
[[2, 1, 3, 4, 5], [2, 1, 4, 3, 5], [2, 3, 1, 4, 5], [2, 3, 4, 1, 5], [2, 4, 1, 3, 5], [2, 4, 3, 1, 5], [4, 2, 1, 3, 5], [4, 2, 3, 1, 5]]
Distance: 18
B = 
{(1, 2, 5, 3, 4), (1, 5, 3, 2, 4), (2, 3, 5, 1, 4), (1, 4, 2, 5, 3), (3, 4, 5, 2, 1), (2, 4, 5, 3, 1)}
M(B) = 
[[2, 1, 3, 4, 5], [2, 1, 4, 3, 5], [2, 3, 1, 4, 5], [2, 3, 4, 1, 5], [2, 4, 1, 3, 5], [2, 4, 3, 1, 5], [4, 2, 1, 3, 5], [4, 2, 3, 1, 5]]
Distance: 24
M(A) inter A:
set()
M(B) inter B:
{(1, 2, 5, 3, 4)}

AUB = 
{(1, 5, 3, 2, 4), (1, 2, 5, 3, 4), (4, 3, 2, 5, 1), (3, 2, 4, 1, 5), (4, 2, 1, 3, 5), (2, 3, 5, 1, 4), (2, 1, 3, 5, 4), (1, 4, 2, 5, 3), (2, 4, 5, 3, 1), (4, 5, 2, 3, 1), (1, 4, 3, 2, 5), (3, 4, 5, 2, 1)}
M(AUB) = 
[[2, 1, 3, 4, 5], [2, 1, 4, 3, 5], [2, 3, 1, 4, 5], [2, 3, 4, 1, 5], [2, 4, 1, 3, 5], [2, 4, 3, 1, 5], [4, 2, 1, 3, 5], [4, 2, 3, 1, 5]]
Distance:50

(49)
A = 
{(1, 5, 4, 3, 2), (3, 5, 1, 2, 4), (4, 1, 3, 5, 2), (5, 1, 4, 2, 3), (2, 1, 3, 4, 5), (4, 2, 5, 3, 1)}
M(A) = 
[[1, 2, 3, 4, 5], [1, 2, 3, 5, 4], [1, 3, 2, 4, 5], [1, 3, 2, 5, 4], [2, 1, 3, 4, 5], [2, 1, 3, 5, 4]]
Distance: 24
B = 
{(3, 5, 4, 2, 1), (3, 1, 2, 4, 5), (2, 4, 1, 3, 5), (2, 5, 1, 3, 4), (3, 2, 5, 4, 1), (1, 2, 3, 4, 5)}
M(B) = 
[[1, 2, 3, 4, 5], [1, 2, 3, 5, 4], [1, 3, 2, 4, 5], [1, 3, 2, 5, 4], [2, 1, 3, 4, 5], [2, 1, 3, 5, 4]]
Distance: 21
M(A) inter A:
{(2, 1, 3, 4, 5)}
M(B) inter B:
{(3, 2, 5, 4, 1)}

AUB = 
{(2, 5, 1, 3, 4), (2, 1, 3, 4, 5), (1, 5, 4, 3, 2), (4, 1, 3, 5, 2), (2, 4, 1, 3, 5), (5, 1, 4, 2, 3), (3, 5, 4, 2, 1), (3, 1, 2, 4, 5), (3, 2, 5, 4, 1), (3, 5, 1, 2, 4), (1, 2, 3, 4, 5), (4, 2, 5, 3, 1)}
M(AUB) = 
[[1, 2, 3, 4, 5], [1, 2, 3, 5, 4], [1, 3, 2, 4, 5], [1, 3, 2, 5, 4], [2, 1, 3, 4, 5], [2, 1, 3, 5, 4]]
Distance:53

(50)
A = 
{(1, 2, 3, 4, 5), (5, 1, 2, 4, 3), (4, 2, 3, 1, 5), (2, 3, 5, 1, 4), (1, 4, 5, 2, 3), (2, 5, 3, 4, 1)}
M(A) = 
[[1, 2, 3, 4, 5], [2, 3, 4, 5, 1]]
Distance: 24
B = 
{(1, 3, 2, 4, 5), (4, 1, 3, 2, 5), (2, 4, 5, 1, 3), (5, 3, 4, 1, 2), (3, 2, 4, 5, 1), (3, 5, 1, 2, 4)}
M(B) = 
[[1, 2, 3, 4, 5], [2, 3, 4, 5, 1]]
Distance: 22
M(A) inter A:
set()
M(B) inter B:
{(3, 2, 4, 5, 1)}

AUB = 
{(1, 3, 2, 4, 5), (4, 1, 3, 2, 5), (2, 4, 5, 1, 3), (5, 3, 4, 1, 2), (1, 2, 3, 4, 5), (5, 1, 2, 4, 3), (4, 2, 3, 1, 5), (2, 3, 5, 1, 4), (1, 4, 5, 2, 3), (2, 5, 3, 4, 1), (3, 2, 4, 5, 1), (3, 5, 1, 2, 4)}
M(AUB) = 
[[1, 2, 3, 4, 5], [2, 3, 4, 5, 1]]
Distance:52

(51)
A = 
{(2, 4, 5, 1, 3), (4, 2, 5, 1, 3), (1, 2, 5, 3, 4), (3, 4, 1, 2, 5), (2, 3, 4, 5, 1), (5, 4, 3, 2, 1)}
M(A) = 
[[2, 3, 4, 1, 5], [2, 3, 4, 5, 1], [2, 4, 3, 1, 5], [2, 4, 3, 5, 1], [4, 2, 3, 1, 5], [4, 2, 3, 5, 1]]
Distance: 21
B = 
{(4, 1, 3, 2, 5), (4, 3, 5, 1, 2), (2, 4, 3, 1, 5), (1, 3, 4, 5, 2), (2, 3, 1, 5, 4), (2, 3, 5, 4, 1)}
M(B) = 
[[2, 3, 4, 1, 5], [2, 3, 4, 5, 1], [2, 4, 3, 1, 5], [2, 4, 3, 5, 1], [4, 2, 3, 1, 5], [4, 2, 3, 5, 1]]
Distance: 22
M(A) inter A:
{(3, 4, 1, 2, 5)}
M(B) inter B:
{(2, 4, 3, 1, 5)}

AUB = 
{(4, 1, 3, 2, 5), (2, 4, 5, 1, 3), (4, 3, 5, 1, 2), (4, 2, 5, 1, 3), (1, 2, 5, 3, 4), (3, 4, 1, 2, 5), (1, 3, 4, 5, 2), (2, 3, 1, 5, 4), (2, 3, 4, 5, 1), (2, 3, 5, 4, 1), (5, 4, 3, 2, 1), (2, 4, 3, 1, 5)}
M(AUB) = 
[[2, 3, 4, 1, 5], [2, 3, 4, 5, 1], [2, 4, 3, 1, 5], [2, 4, 3, 5, 1], [4, 2, 3, 1, 5], [4, 2, 3, 5, 1]]
Distance:47

(52)
A = 
{(5, 2, 1, 4, 3), (4, 2, 5, 1, 3), (1, 3, 5, 4, 2), (2, 3, 5, 1, 4), (2, 3, 4, 5, 1), (3, 2, 4, 5, 1)}
M(A) = 
[[3, 2, 4, 5, 1], [3, 2, 5, 1, 4], [3, 2, 5, 4, 1], [3, 4, 2, 5, 1], [3, 4, 5, 1, 2], [3, 4, 5, 2, 1], [3, 5, 1, 2, 4], [3, 5, 1, 4, 2], [3, 5, 2, 1, 4], [3, 5, 2, 4, 1], [3, 5, 4, 1, 2], [3, 5, 4, 2, 1], [4, 3, 2, 5, 1], [4, 3, 5, 1, 2], [4, 3, 5, 2, 1], [4, 5, 1, 3, 2], [4, 5, 3, 1, 2], [4, 5, 3, 2, 1], [5, 1, 3, 2, 4], [5, 1, 3, 4, 2], [5, 1, 4, 3, 2], [5, 3, 1, 2, 4], [5, 3, 1, 4, 2], [5, 3, 2, 1, 4], [5, 3, 2, 4, 1], [5, 3, 4, 1, 2], [5, 3, 4, 2, 1], [5, 4, 1, 3, 2], [5, 4, 3, 1, 2], [5, 4, 3, 2, 1]]
Distance: 21
B = 
{(1, 3, 4, 2, 5), (5, 4, 3, 1, 2), (5, 1, 2, 4, 3), (4, 5, 1, 3, 2), (4, 3, 2, 1, 5), (5, 3, 1, 2, 4)}
M(B) = 
[[3, 2, 4, 5, 1], [3, 2, 5, 1, 4], [3, 2, 5, 4, 1], [3, 4, 2, 5, 1], [3, 4, 5, 1, 2], [3, 4, 5, 2, 1], [3, 5, 1, 2, 4], [3, 5, 1, 4, 2], [3, 5, 2, 1, 4], [3, 5, 2, 4, 1], [3, 5, 4, 1, 2], [3, 5, 4, 2, 1], [4, 3, 2, 5, 1], [4, 3, 5, 1, 2], [4, 3, 5, 2, 1], [4, 5, 1, 3, 2], [4, 5, 3, 1, 2], [4, 5, 3, 2, 1], [5, 1, 3, 2, 4], [5, 1, 3, 4, 2], [5, 1, 4, 3, 2], [5, 3, 1, 2, 4], [5, 3, 1, 4, 2], [5, 3, 2, 1, 4], [5, 3, 2, 4, 1], [5, 3, 4, 1, 2], [5, 3, 4, 2, 1], [5, 4, 1, 3, 2], [5, 4, 3, 1, 2], [5, 4, 3, 2, 1]]
Distance: 21
M(A) inter A:
set()
M(B) inter B:
{(4, 5, 1, 3, 2), (5, 4, 3, 1, 2)}

AUB = 
{(1, 3, 4, 2, 5), (5, 2, 1, 4, 3), (5, 4, 3, 1, 2), (4, 2, 5, 1, 3), (5, 1, 2, 4, 3), (1, 3, 5, 4, 2), (2, 3, 5, 1, 4), (2, 3, 4, 5, 1), (4, 3, 2, 1, 5), (4, 5, 1, 3, 2), (3, 2, 4, 5, 1), (5, 3, 1, 2, 4)}
M(AUB) = 
[[3, 2, 4, 5, 1], [3, 2, 5, 1, 4], [3, 2, 5, 4, 1], [3, 4, 2, 5, 1], [3, 4, 5, 1, 2], [3, 4, 5, 2, 1], [3, 5, 1, 2, 4], [3, 5, 1, 4, 2], [3, 5, 2, 1, 4], [3, 5, 2, 4, 1], [3, 5, 4, 1, 2], [3, 5, 4, 2, 1], [4, 3, 2, 5, 1], [4, 3, 5, 1, 2], [4, 3, 5, 2, 1], [4, 5, 1, 3, 2], [4, 5, 3, 1, 2], [4, 5, 3, 2, 1], [5, 1, 3, 2, 4], [5, 1, 3, 4, 2], [5, 1, 4, 3, 2], [5, 3, 1, 2, 4], [5, 3, 1, 4, 2], [5, 3, 2, 1, 4], [5, 3, 2, 4, 1], [5, 3, 4, 1, 2], [5, 3, 4, 2, 1], [5, 4, 1, 3, 2], [5, 4, 3, 1, 2], [5, 4, 3, 2, 1]]
Distance:56

(53)
A = 
{(1, 2, 4, 5, 3), (2, 1, 4, 5, 3), (4, 2, 5, 1, 3), (3, 1, 4, 2, 5), (4, 2, 1, 3, 5), (2, 5, 1, 3, 4)}
M(A) = 
[[4, 2, 1, 5, 3]]
Distance: 16
B = 
{(3, 2, 4, 1, 5), (2, 5, 1, 3, 4), (1, 4, 2, 5, 3), (4, 3, 2, 1, 5), (5, 4, 3, 2, 1), (5, 2, 3, 4, 1)}
M(B) = 
[[4, 2, 1, 5, 3]]
Distance: 24
M(A) inter A:
set()
M(B) inter B:
set()

AUB = 
{(1, 2, 4, 5, 3), (2, 1, 4, 5, 3), (4, 2, 5, 1, 3), (3, 1, 4, 2, 5), (3, 2, 4, 1, 5), (4, 2, 1, 3, 5), (2, 5, 1, 3, 4), (1, 4, 2, 5, 3), (4, 3, 2, 1, 5), (5, 4, 3, 2, 1), (5, 2, 3, 4, 1)}
M(AUB) = 
[[4, 2, 1, 5, 3]]
Distance:39

(54)
A = 
{(4, 2, 5, 1, 3), (3, 4, 2, 1, 5), (3, 5, 2, 4, 1), (3, 4, 2, 5, 1), (1, 3, 5, 2, 4), (5, 2, 3, 4, 1)}
M(A) = 
[[3, 5, 4, 1, 2]]
Distance: 20
B = 
{(3, 1, 2, 5, 4), (1, 4, 3, 5, 2), (4, 2, 5, 1, 3), (5, 3, 4, 1, 2), (5, 1, 2, 4, 3), (1, 3, 4, 5, 2)}
M(B) = 
[[3, 5, 4, 1, 2]]
Distance: 23
M(A) inter A:
set()
M(B) inter B:
{(1, 3, 4, 5, 2), (1, 4, 3, 5, 2)}

AUB = 
{(3, 1, 2, 5, 4), (4, 2, 5, 1, 3), (5, 1, 2, 4, 3), (3, 4, 2, 1, 5), (5, 3, 4, 1, 2), (3, 5, 2, 4, 1), (1, 3, 4, 5, 2), (1, 4, 3, 5, 2), (5, 2, 3, 4, 1), (1, 3, 5, 2, 4), (3, 4, 2, 5, 1)}
M(AUB) = 
[[3, 5, 4, 1, 2]]
Distance:44

(55)
A = 
{(5, 2, 1, 4, 3), (3, 1, 4, 2, 5), (2, 4, 1, 3, 5), (5, 1, 2, 4, 3), (5, 4, 1, 2, 3), (2, 5, 3, 4, 1)}
M(A) = 
[[2, 3, 5, 4, 1], [3, 5, 2, 4, 1], [5, 2, 3, 4, 1]]
Distance: 22
B = 
{(3, 2, 5, 1, 4), (2, 4, 1, 3, 5), (5, 3, 4, 1, 2), (4, 2, 1, 3, 5), (3, 5, 2, 4, 1), (3, 5, 1, 2, 4)}
M(B) = 
[[2, 3, 5, 4, 1], [3, 5, 2, 4, 1], [5, 2, 3, 4, 1]]
Distance: 20
M(A) inter A:
set()
M(B) inter B:
{(3, 5, 2, 4, 1)}

AUB = 
{(5, 2, 1, 4, 3), (3, 2, 5, 1, 4), (3, 1, 4, 2, 5), (5, 3, 4, 1, 2), (2, 4, 1, 3, 5), (5, 1, 2, 4, 3), (5, 4, 1, 2, 3), (4, 2, 1, 3, 5), (3, 5, 2, 4, 1), (2, 5, 3, 4, 1), (3, 5, 1, 2, 4)}
M(AUB) = 
[[2, 3, 5, 4, 1], [3, 5, 2, 4, 1], [5, 2, 3, 4, 1]]
Distance:46

(56)
A = 
{(4, 2, 1, 5, 3), (3, 4, 1, 5, 2), (1, 3, 4, 5, 2), (1, 4, 5, 3, 2), (2, 1, 4, 3, 5), (4, 2, 5, 3, 1)}
M(A) = 
[[2, 1, 4, 5, 3]]
Distance: 21
B = 
{(2, 3, 1, 5, 4), (2, 1, 4, 5, 3), (1, 5, 3, 2, 4), (2, 5, 1, 3, 4), (4, 5, 3, 1, 2), (2, 1, 3, 4, 5)}
M(B) = 
[[2, 1, 4, 5, 3]]
Distance: 19
M(A) inter A:
set()
M(B) inter B:
set()

AUB = 
{(2, 5, 1, 3, 4), (2, 1, 4, 5, 3), (4, 2, 1, 5, 3), (3, 4, 1, 5, 2), (1, 5, 3, 2, 4), (2, 1, 3, 4, 5), (1, 3, 4, 5, 2), (2, 3, 1, 5, 4), (4, 5, 3, 1, 2), (1, 4, 5, 3, 2), (2, 1, 4, 3, 5), (4, 2, 5, 3, 1)}
M(AUB) = 
[[2, 1, 4, 5, 3]]
Distance:46

(57)
A = 
{(1, 2, 4, 5, 3), (3, 2, 5, 1, 4), (3, 2, 4, 1, 5), (3, 2, 4, 5, 1), (5, 4, 2, 3, 1), (1, 4, 2, 3, 5)}
M(A) = 
[[1, 2, 4, 3, 5]]
Distance: 23
B = 
{(2, 3, 1, 4, 5), (3, 4, 1, 5, 2), (4, 1, 5, 2, 3), (1, 2, 4, 3, 5), (1, 4, 2, 5, 3), (3, 2, 4, 5, 1)}
M(B) = 
[[1, 2, 4, 3, 5]]
Distance: 21
M(A) inter A:
{(1, 4, 2, 3, 5)}
M(B) inter B:
{(1, 2, 4, 3, 5)}

AUB = 
{(1, 2, 4, 5, 3), (2, 3, 1, 4, 5), (3, 4, 1, 5, 2), (3, 2, 5, 1, 4), (4, 1, 5, 2, 3), (3, 2, 4, 1, 5), (3, 2, 4, 5, 1), (1, 2, 4, 3, 5), (1, 4, 2, 5, 3), (5, 4, 2, 3, 1), (1, 4, 2, 3, 5)}
M(AUB) = 
[[1, 2, 4, 3, 5]]
Distance:42

(58)
A = 
{(1, 3, 2, 4, 5), (1, 5, 4, 2, 3), (3, 2, 5, 1, 4), (4, 2, 5, 1, 3), (5, 1, 4, 2, 3), (4, 2, 1, 5, 3)}
M(A) = 
[[1, 2, 4, 5, 3], [1, 2, 5, 4, 3], [1, 4, 2, 5, 3], [2, 1, 4, 5, 3], [2, 1, 5, 4, 3], [2, 4, 1, 5, 3], [4, 1, 2, 5, 3], [4, 2, 1, 5, 3]]
Distance: 22
B = 
{(2, 1, 5, 4, 3), (1, 5, 3, 2, 4), (2, 4, 1, 3, 5), (2, 5, 4, 3, 1), (4, 3, 1, 2, 5), (4, 5, 3, 1, 2)}
M(B) = 
[[1, 2, 4, 5, 3], [1, 2, 5, 4, 3], [1, 4, 2, 5, 3], [2, 1, 4, 5, 3], [2, 1, 5, 4, 3], [2, 4, 1, 5, 3], [4, 1, 2, 5, 3], [4, 2, 1, 5, 3]]
Distance: 23
M(A) inter A:
set()
M(B) inter B:
set()

AUB = 
{(1, 3, 2, 4, 5), (1, 5, 4, 2, 3), (3, 2, 5, 1, 4), (4, 2, 5, 1, 3), (1, 5, 3, 2, 4), (2, 4, 1, 3, 5), (5, 1, 4, 2, 3), (4, 3, 1, 2, 5), (2, 5, 4, 3, 1), (4, 5, 3, 1, 2), (4, 2, 1, 5, 3), (2, 1, 5, 4, 3)}
M(AUB) = 
[[1, 2, 4, 5, 3], [1, 2, 5, 4, 3], [1, 4, 2, 5, 3], [2, 1, 4, 5, 3], [2, 1, 5, 4, 3], [2, 4, 1, 5, 3], [4, 1, 2, 5, 3], [4, 2, 1, 5, 3]]
Distance:49

(59)
A = 
{(2, 4, 5, 1, 3), (2, 3, 4, 1, 5), (5, 3, 2, 1, 4), (4, 5, 1, 3, 2), (3, 1, 4, 5, 2), (5, 3, 1, 2, 4)}
M(A) = 
[[5, 1, 3, 2, 4]]
Distance: 24
B = 
{(5, 2, 4, 1, 3), (5, 4, 1, 3, 2), (3, 1, 2, 4, 5), (5, 4, 1, 2, 3), (2, 1, 5, 3, 4), (4, 5, 1, 3, 2)}
M(B) = 
[[5, 1, 3, 2, 4]]
Distance: 20
M(A) inter A:
set()
M(B) inter B:
{(5, 4, 1, 2, 3), (5, 4, 1, 3, 2)}

AUB = 
{(2, 4, 5, 1, 3), (2, 3, 4, 1, 5), (5, 4, 1, 2, 3), (5, 4, 1, 3, 2), (3, 1, 2, 4, 5), (5, 3, 2, 1, 4), (5, 2, 4, 1, 3), (2, 1, 5, 3, 4), (4, 5, 1, 3, 2), (3, 1, 4, 5, 2), (5, 3, 1, 2, 4)}
M(AUB) = 
[[5, 1, 3, 2, 4]]
Distance:46

(60)
A = 
{(5, 4, 1, 2, 3), (3, 4, 2, 1, 5), (5, 1, 2, 3, 4), (3, 1, 4, 5, 2), (2, 5, 3, 4, 1), (4, 2, 3, 5, 1)}
M(A) = 
[[3, 4, 5, 1, 2], [3, 5, 4, 1, 2], [5, 3, 4, 1, 2]]
Distance: 26
B = 
{(3, 1, 4, 2, 5), (5, 3, 4, 1, 2), (5, 1, 3, 4, 2), (4, 1, 5, 2, 3), (3, 4, 2, 5, 1), (3, 2, 5, 4, 1)}
M(B) = 
[[3, 4, 5, 1, 2], [3, 5, 4, 1, 2], [5, 3, 4, 1, 2]]
Distance: 20
M(A) inter A:
set()
M(B) inter B:
{(5, 3, 4, 1, 2)}

AUB = 
{(5, 1, 3, 4, 2), (5, 4, 1, 2, 3), (3, 1, 4, 2, 5), (3, 4, 2, 1, 5), (5, 3, 4, 1, 2), (5, 1, 2, 3, 4), (4, 1, 5, 2, 3), (3, 1, 4, 5, 2), (2, 5, 3, 4, 1), (3, 4, 2, 5, 1), (3, 2, 5, 4, 1), (4, 2, 3, 5, 1)}
M(AUB) = 
[[3, 4, 5, 1, 2], [3, 5, 4, 1, 2], [5, 3, 4, 1, 2]]
Distance:46

(61)
A = 
{(4, 1, 3, 2, 5), (1, 2, 5, 3, 4), (2, 1, 5, 3, 4), (3, 5, 4, 1, 2), (2, 4, 3, 5, 1), (5, 4, 2, 3, 1)}
M(A) = 
[[2, 3, 1, 5, 4], [2, 3, 5, 1, 4], [3, 1, 2, 5, 4], [3, 2, 1, 5, 4], [3, 2, 5, 1, 4]]
Distance: 26
B = 
{(2, 3, 1, 5, 4), (3, 1, 2, 4, 5), (5, 1, 3, 2, 4), (3, 5, 2, 4, 1), (1, 4, 2, 3, 5), (5, 3, 2, 1, 4)}
M(B) = 
[[2, 3, 1, 5, 4], [2, 3, 5, 1, 4], [3, 1, 2, 5, 4], [3, 2, 1, 5, 4], [3, 2, 5, 1, 4]]
Distance: 20
M(A) inter A:
set()
M(B) inter B:
set()

AUB = 
{(4, 1, 3, 2, 5), (5, 1, 3, 2, 4), (1, 4, 2, 3, 5), (1, 2, 5, 3, 4), (2, 1, 5, 3, 4), (3, 5, 4, 1, 2), (2, 3, 1, 5, 4), (3, 1, 2, 4, 5), (3, 5, 2, 4, 1), (2, 4, 3, 5, 1), (5, 3, 2, 1, 4), (5, 4, 2, 3, 1)}
M(AUB) = 
[[2, 3, 1, 5, 4], [2, 3, 5, 1, 4], [3, 1, 2, 5, 4], [3, 2, 1, 5, 4], [3, 2, 5, 1, 4]]
Distance:50

(62)
A = 
{(1, 3, 4, 2, 5), (2, 1, 3, 5, 4), (1, 5, 3, 4, 2), (3, 5, 4, 1, 2), (2, 1, 5, 3, 4), (3, 1, 5, 4, 2)}
M(A) = 
[[3, 1, 4, 2, 5], [3, 1, 5, 4, 2]]
Distance: 16
B = 
{(1, 3, 2, 4, 5), (2, 3, 4, 1, 5), (5, 3, 1, 4, 2), (4, 2, 3, 1, 5), (3, 5, 4, 2, 1), (4, 3, 2, 1, 5)}
M(B) = 
[[3, 1, 4, 2, 5], [3, 1, 5, 4, 2]]
Distance: 18
M(A) inter A:
set()
M(B) inter B:
set()

AUB = 
{(1, 3, 4, 2, 5), (1, 3, 2, 4, 5), (2, 1, 3, 5, 4), (1, 5, 3, 4, 2), (5, 3, 1, 4, 2), (3, 5, 4, 1, 2), (4, 2, 3, 1, 5), (3, 5, 4, 2, 1), (2, 1, 5, 3, 4), (3, 1, 5, 4, 2), (4, 3, 2, 1, 5), (2, 3, 4, 1, 5)}
M(AUB) = 
[[3, 1, 4, 2, 5], [3, 1, 5, 4, 2]]
Distance:44

(63)
A = 
{(1, 2, 5, 3, 4), (5, 2, 1, 3, 4), (1, 5, 3, 4, 2), (2, 4, 3, 1, 5), (1, 4, 3, 5, 2), (4, 3, 2, 1, 5)}
M(A) = 
[[1, 3, 2, 4, 5]]
Distance: 26
B = 
{(1, 2, 5, 4, 3), (4, 3, 5, 2, 1), (3, 2, 4, 1, 5), (1, 4, 3, 5, 2), (3, 5, 1, 2, 4), (1, 2, 3, 4, 5)}
M(B) = 
[[1, 3, 2, 4, 5]]
Distance: 22
M(A) inter A:
set()
M(B) inter B:
set()

AUB = 
{(1, 2, 5, 4, 3), (1, 2, 5, 3, 4), (5, 2, 1, 3, 4), (1, 5, 3, 4, 2), (2, 4, 3, 1, 5), (1, 2, 3, 4, 5), (4, 3, 5, 2, 1), (1, 4, 3, 5, 2), (4, 3, 2, 1, 5), (3, 5, 1, 2, 4), (3, 2, 4, 1, 5)}
M(AUB) = 
[[1, 3, 2, 4, 5]]
Distance:45

(64)
A = 
{(4, 3, 2, 5, 1), (3, 4, 2, 1, 5), (3, 5, 4, 1, 2), (4, 2, 1, 3, 5), (1, 4, 3, 5, 2), (3, 4, 2, 5, 1)}
M(A) = 
[[3, 4, 1, 2, 5], [3, 4, 1, 5, 2], [3, 4, 2, 1, 5], [3, 4, 2, 5, 1], [3, 4, 5, 1, 2], [3, 4, 5, 2, 1], [4, 3, 1, 2, 5], [4, 3, 1, 5, 2], [4, 3, 2, 1, 5], [4, 3, 2, 5, 1], [4, 3, 5, 1, 2], [4, 3, 5, 2, 1]]
Distance: 15
B = 
{(3, 2, 5, 1, 4), (5, 3, 1, 4, 2), (4, 1, 3, 5, 2), (4, 2, 1, 3, 5), (1, 4, 5, 2, 3), (1, 4, 3, 5, 2)}
M(B) = 
[[3, 4, 1, 2, 5], [3, 4, 1, 5, 2], [3, 4, 2, 1, 5], [3, 4, 2, 5, 1], [3, 4, 5, 1, 2], [3, 4, 5, 2, 1], [4, 3, 1, 2, 5], [4, 3, 1, 5, 2], [4, 3, 2, 1, 5], [4, 3, 2, 5, 1], [4, 3, 5, 1, 2], [4, 3, 5, 2, 1]]
Distance: 19
M(A) inter A:
{(1, 4, 3, 5, 2)}
M(B) inter B:
{(1, 4, 3, 5, 2)}

AUB = 
{(4, 1, 3, 5, 2), (3, 2, 5, 1, 4), (4, 3, 2, 5, 1), (5, 3, 1, 4, 2), (3, 4, 2, 1, 5), (3, 5, 4, 1, 2), (4, 2, 1, 3, 5), (1, 4, 5, 2, 3), (1, 4, 3, 5, 2), (3, 4, 2, 5, 1)}
M(AUB) = 
[[3, 4, 1, 2, 5], [3, 4, 1, 5, 2], [3, 4, 2, 1, 5], [3, 4, 2, 5, 1], [3, 4, 5, 1, 2], [3, 4, 5, 2, 1], [4, 3, 1, 2, 5], [4, 3, 1, 5, 2], [4, 3, 2, 1, 5], [4, 3, 2, 5, 1], [4, 3, 5, 1, 2], [4, 3, 5, 2, 1]]
Distance:36

(65)
A = 
{(3, 1, 4, 2, 5), (2, 5, 4, 1, 3), (4, 1, 3, 5, 2), (5, 1, 4, 3, 2), (1, 4, 5, 2, 3), (1, 3, 2, 5, 4)}
M(A) = 
[[5, 1, 4, 3, 2]]
Distance: 21
B = 
{(2, 4, 5, 1, 3), (3, 5, 1, 4, 2), (5, 3, 1, 4, 2), (5, 2, 4, 3, 1), (1, 3, 2, 5, 4), (3, 4, 5, 2, 1)}
M(B) = 
[[5, 1, 4, 3, 2]]
Distance: 23
M(A) inter A:
set()
M(B) inter B:
{(5, 3, 1, 4, 2), (3, 5, 1, 4, 2)}

AUB = 
{(2, 4, 5, 1, 3), (3, 1, 4, 2, 5), (2, 5, 4, 1, 3), (4, 1, 3, 5, 2), (5, 1, 4, 3, 2), (3, 5, 1, 4, 2), (1, 4, 5, 2, 3), (5, 3, 1, 4, 2), (5, 2, 4, 3, 1), (1, 3, 2, 5, 4), (3, 4, 5, 2, 1)}
M(AUB) = 
[[5, 1, 4, 3, 2]]
Distance:45

(66)
A = 
{(2, 4, 5, 1, 3), (4, 3, 1, 5, 2), (1, 2, 3, 5, 4), (3, 2, 5, 1, 4), (2, 1, 3, 5, 4), (1, 3, 2, 5, 4)}
M(A) = 
[[3, 2, 5, 4, 1]]
Distance: 19
B = 
{(5, 4, 1, 3, 2), (3, 4, 1, 2, 5), (4, 2, 3, 1, 5), (3, 5, 2, 4, 1), (5, 2, 4, 3, 1), (3, 5, 1, 2, 4)}
M(B) = 
[[3, 2, 5, 4, 1]]
Distance: 21
M(A) inter A:
set()
M(B) inter B:
{(3, 5, 2, 4, 1)}

AUB = 
{(2, 4, 5, 1, 3), (5, 4, 1, 3, 2), (4, 3, 1, 5, 2), (1, 2, 3, 5, 4), (3, 2, 5, 1, 4), (2, 1, 3, 5, 4), (3, 5, 1, 2, 4), (3, 4, 1, 2, 5), (4, 2, 3, 1, 5), (3, 5, 2, 4, 1), (5, 2, 4, 3, 1), (1, 3, 2, 5, 4)}
M(AUB) = 
[[3, 2, 5, 4, 1]]
Distance:48

(67)
A = 
{(4, 3, 5, 2, 1), (4, 1, 3, 5, 2), (2, 3, 5, 1, 4), (1, 4, 5, 3, 2), (2, 4, 3, 5, 1), (5, 3, 2, 1, 4)}
M(A) = 
[[4, 2, 3, 5, 1], [4, 3, 2, 5, 1], [4, 3, 5, 1, 2], [4, 3, 5, 2, 1]]
Distance: 22
B = 
{(5, 4, 1, 2, 3), (4, 1, 2, 5, 3), (2, 4, 1, 3, 5), (4, 5, 1, 3, 2), (4, 3, 1, 2, 5), (2, 3, 4, 5, 1)}
M(B) = 
[[4, 2, 3, 5, 1], [4, 3, 2, 5, 1], [4, 3, 5, 1, 2], [4, 3, 5, 2, 1]]
Distance: 18
M(A) inter A:
set()
M(B) inter B:
{(4, 1, 2, 5, 3)}

AUB = 
{(5, 4, 1, 2, 3), (4, 3, 5, 2, 1), (2, 4, 1, 3, 5), (4, 1, 3, 5, 2), (2, 3, 5, 1, 4), (4, 1, 2, 5, 3), (4, 5, 1, 3, 2), (1, 4, 5, 3, 2), (4, 3, 1, 2, 5), (2, 3, 4, 5, 1), (2, 4, 3, 5, 1), (5, 3, 2, 1, 4)}
M(AUB) = 
[[4, 2, 3, 5, 1], [4, 3, 2, 5, 1], [4, 3, 5, 1, 2], [4, 3, 5, 2, 1]]
Distance:48

(68)
A = 
{(4, 3, 1, 5, 2), (5, 3, 1, 4, 2), (5, 1, 4, 3, 2), (1, 4, 5, 3, 2), (4, 5, 3, 2, 1), (4, 2, 5, 3, 1)}
M(A) = 
[[1, 4, 5, 3, 2]]
Distance: 15
B = 
{(4, 3, 1, 5, 2), (1, 2, 5, 3, 4), (5, 2, 3, 1, 4), (1, 4, 2, 5, 3), (4, 5, 3, 1, 2), (1, 4, 2, 3, 5)}
M(B) = 
[[1, 4, 5, 3, 2]]
Distance: 21
M(A) inter A:
set()
M(B) inter B:
{(1, 4, 2, 5, 3)}

AUB = 
{(4, 3, 1, 5, 2), (5, 2, 3, 1, 4), (1, 2, 5, 3, 4), (5, 3, 1, 4, 2), (5, 1, 4, 3, 2), (1, 4, 2, 5, 3), (4, 5, 3, 1, 2), (1, 4, 5, 3, 2), (4, 5, 3, 2, 1), (1, 4, 2, 3, 5), (4, 2, 5, 3, 1)}
M(AUB) = 
[[1, 4, 5, 3, 2]]
Distance:39

(69)
A = 
{(3, 1, 2, 5, 4), (2, 1, 4, 3, 5), (3, 4, 1, 2, 5), (3, 1, 5, 4, 2), (1, 3, 2, 5, 4), (3, 4, 2, 1, 5)}
M(A) = 
[[3, 1, 2, 4, 5], [3, 1, 2, 5, 4], [3, 1, 4, 2, 5], [3, 2, 1, 4, 5], [3, 2, 1, 5, 4]]
Distance: 15
B = 
{(4, 3, 5, 1, 2), (1, 2, 5, 3, 4), (2, 5, 1, 4, 3), (4, 3, 2, 1, 5), (5, 4, 3, 2, 1), (2, 1, 3, 4, 5)}
M(B) = 
[[3, 1, 2, 4, 5], [3, 1, 2, 5, 4], [3, 1, 4, 2, 5], [3, 2, 1, 4, 5], [3, 2, 1, 5, 4]]
Distance: 27
M(A) inter A:
{(2, 1, 4, 3, 5)}
M(B) inter B:
{(4, 3, 2, 1, 5), (2, 5, 1, 4, 3)}

AUB = 
{(2, 1, 3, 4, 5), (3, 1, 2, 5, 4), (1, 2, 5, 3, 4), (2, 1, 4, 3, 5), (3, 4, 1, 2, 5), (2, 5, 1, 4, 3), (3, 1, 5, 4, 2), (4, 3, 2, 1, 5), (4, 3, 5, 1, 2), (5, 4, 3, 2, 1), (1, 3, 2, 5, 4), (3, 4, 2, 1, 5)}
M(AUB) = 
[[3, 1, 2, 4, 5], [3, 1, 2, 5, 4], [3, 1, 4, 2, 5], [3, 2, 1, 4, 5], [3, 2, 1, 5, 4]]
Distance:46

(70)
A = 
{(2, 4, 1, 5, 3), (1, 5, 4, 2, 3), (2, 5, 4, 1, 3), (4, 5, 3, 2, 1), (1, 3, 2, 5, 4), (4, 2, 5, 3, 1)}
M(A) = 
[[2, 4, 5, 1, 3], [2, 5, 4, 1, 3], [4, 2, 5, 1, 3]]
Distance: 21
B = 
{(2, 4, 1, 5, 3), (2, 5, 1, 4, 3), (5, 3, 4, 2, 1), (4, 5, 3, 2, 1), (3, 4, 5, 2, 1), (2, 1, 3, 4, 5)}
M(B) = 
[[2, 4, 5, 1, 3], [2, 5, 4, 1, 3], [4, 2, 5, 1, 3]]
Distance: 23
M(A) inter A:
{(4, 5, 3, 2, 1), (4, 2, 5, 3, 1)}
M(B) inter B:
{(4, 5, 3, 2, 1)}

AUB = 
{(2, 4, 1, 5, 3), (2, 1, 3, 4, 5), (1, 5, 4, 2, 3), (2, 5, 1, 4, 3), (2, 5, 4, 1, 3), (5, 3, 4, 2, 1), (4, 5, 3, 2, 1), (3, 4, 5, 2, 1), (1, 3, 2, 5, 4), (4, 2, 5, 3, 1)}
M(AUB) = 
[[2, 4, 5, 1, 3], [2, 5, 4, 1, 3], [4, 2, 5, 1, 3]]
Distance:39

(71)
A = 
{(1, 2, 3, 4, 5), (5, 1, 3, 4, 2), (2, 5, 4, 3, 1), (2, 3, 5, 4, 1), (5, 2, 4, 3, 1), (4, 2, 5, 3, 1)}
M(A) = 
[[2, 4, 5, 3, 1], [2, 5, 4, 3, 1], [4, 2, 5, 3, 1]]
Distance: 19
B = 
{(2, 4, 1, 5, 3), (5, 4, 3, 1, 2), (4, 3, 2, 5, 1), (4, 2, 1, 3, 5), (2, 5, 3, 4, 1), (1, 4, 5, 3, 2)}
M(B) = 
[[2, 4, 5, 3, 1], [2, 5, 4, 3, 1], [4, 2, 5, 3, 1]]
Distance: 21
M(A) inter A:
{(4, 2, 5, 3, 1)}
M(B) inter B:
set()

AUB = 
{(2, 4, 1, 5, 3), (5, 4, 3, 1, 2), (4, 3, 2, 5, 1), (1, 2, 3, 4, 5), (4, 2, 1, 3, 5), (5, 1, 3, 4, 2), (2, 5, 3, 4, 1), (2, 5, 4, 3, 1), (1, 4, 5, 3, 2), (2, 3, 5, 4, 1), (5, 2, 4, 3, 1), (4, 2, 5, 3, 1)}
M(AUB) = 
[[2, 4, 5, 3, 1], [2, 5, 4, 3, 1], [4, 2, 5, 3, 1]]
Distance:44

(72)
A = 
{(3, 5, 4, 2, 1), (2, 3, 4, 1, 5), (3, 4, 1, 5, 2), (3, 5, 4, 1, 2), (4, 5, 1, 2, 3), (3, 1, 5, 2, 4)}
M(A) = 
[[4, 3, 1, 5, 2], [4, 3, 5, 1, 2], [4, 3, 5, 2, 1]]
Distance: 17
B = 
{(1, 5, 2, 4, 3), (4, 2, 1, 5, 3), (4, 3, 2, 5, 1), (4, 5, 2, 1, 3), (4, 3, 5, 2, 1), (1, 4, 5, 3, 2)}
M(B) = 
[[4, 3, 1, 5, 2], [4, 3, 5, 1, 2], [4, 3, 5, 2, 1]]
Distance: 18
M(A) inter A:
set()
M(B) inter B:
{(4, 5, 2, 1, 3)}

AUB = 
{(4, 5, 1, 2, 3), (2, 3, 4, 1, 5), (4, 2, 1, 5, 3), (3, 4, 1, 5, 2), (4, 3, 2, 5, 1), (3, 5, 4, 1, 2), (4, 5, 2, 1, 3), (3, 5, 4, 2, 1), (4, 3, 5, 2, 1), (1, 4, 5, 3, 2), (1, 5, 2, 4, 3), (3, 1, 5, 2, 4)}
M(AUB) = 
[[4, 3, 1, 5, 2], [4, 3, 5, 1, 2], [4, 3, 5, 2, 1]]
Distance:45

(73)
A = 
{(2, 4, 1, 5, 3), (3, 1, 2, 5, 4), (1, 2, 4, 5, 3), (4, 5, 1, 2, 3), (5, 2, 3, 4, 1), (1, 3, 5, 2, 4)}
M(A) = 
[[5, 2, 4, 1, 3]]
Distance: 23
B = 
{(5, 4, 2, 1, 3), (4, 3, 5, 1, 2), (5, 2, 4, 1, 3), (5, 1, 3, 2, 4), (5, 2, 4, 3, 1), (3, 5, 2, 1, 4)}
M(B) = 
[[5, 2, 4, 1, 3]]
Distance: 17
M(A) inter A:
set()
M(B) inter B:
{(5, 2, 4, 1, 3), (5, 2, 4, 3, 1)}

AUB = 
{(5, 1, 3, 2, 4), (2, 4, 1, 5, 3), (3, 1, 2, 5, 4), (3, 5, 2, 1, 4), (5, 2, 4, 1, 3), (1, 2, 4, 5, 3), (5, 2, 4, 3, 1), (4, 5, 1, 2, 3), (4, 3, 5, 1, 2), (5, 2, 3, 4, 1), (1, 3, 5, 2, 4), (5, 4, 2, 1, 3)}
M(AUB) = 
[[5, 2, 4, 1, 3]]
Distance:44

(74)
A = 
{(3, 2, 1, 5, 4), (5, 4, 1, 3, 2), (1, 5, 2, 3, 4), (3, 4, 2, 1, 5), (1, 3, 2, 5, 4), (3, 4, 1, 2, 5)}
M(A) = 
[[2, 1, 3, 5, 4], [2, 1, 5, 3, 4], [2, 3, 1, 5, 4], [3, 2, 1, 5, 4]]
Distance: 20
B = 
{(2, 1, 4, 5, 3), (4, 3, 2, 5, 1), (2, 5, 1, 3, 4), (5, 2, 3, 4, 1), (2, 1, 3, 4, 5), (5, 2, 4, 3, 1)}
M(B) = 
[[2, 1, 3, 5, 4], [2, 1, 5, 3, 4], [2, 3, 1, 5, 4], [3, 2, 1, 5, 4]]
Distance: 20
M(A) inter A:
set()
M(B) inter B:
{(2, 5, 1, 3, 4)}

AUB = 
{(2, 1, 4, 5, 3), (3, 2, 1, 5, 4), (5, 4, 1, 3, 2), (1, 5, 2, 3, 4), (2, 1, 3, 4, 5), (3, 4, 2, 1, 5), (5, 2, 4, 3, 1), (2, 5, 1, 3, 4), (4, 3, 2, 5, 1), (5, 2, 3, 4, 1), (1, 3, 2, 5, 4), (3, 4, 1, 2, 5)}
M(AUB) = 
[[2, 1, 3, 5, 4], [2, 1, 5, 3, 4], [2, 3, 1, 5, 4], [3, 2, 1, 5, 4]]
Distance:50

(75)
A = 
{(5, 4, 1, 2, 3), (2, 1, 4, 5, 3), (5, 2, 1, 3, 4), (1, 5, 3, 2, 4), (1, 5, 4, 3, 2), (3, 1, 4, 5, 2)}
M(A) = 
[[1, 5, 2, 3, 4], [5, 1, 2, 3, 4], [5, 2, 1, 3, 4]]
Distance: 19
B = 
{(2, 5, 1, 3, 4), (2, 3, 1, 4, 5), (1, 2, 3, 5, 4), (3, 5, 4, 1, 2), (4, 5, 2, 1, 3), (4, 5, 2, 3, 1)}
M(B) = 
[[1, 5, 2, 3, 4], [5, 1, 2, 3, 4], [5, 2, 1, 3, 4]]
Distance: 25
M(A) inter A:
{(5, 2, 1, 3, 4)}
M(B) inter B:
{(2, 5, 1, 3, 4)}

AUB = 
{(4, 5, 2, 1, 3), (5, 4, 1, 2, 3), (2, 1, 4, 5, 3), (1, 2, 3, 5, 4), (5, 2, 1, 3, 4), (1, 5, 4, 3, 2), (3, 5, 4, 1, 2), (2, 5, 1, 3, 4), (1, 5, 3, 2, 4), (3, 1, 4, 5, 2), (4, 5, 2, 3, 1), (2, 3, 1, 4, 5)}
M(AUB) = 
[[1, 5, 2, 3, 4], [5, 1, 2, 3, 4], [5, 2, 1, 3, 4]]
Distance:48

(76)
A = 
{(5, 2, 3, 1, 4), (5, 4, 1, 3, 2), (3, 4, 2, 1, 5), (5, 3, 1, 4, 2), (5, 2, 3, 4, 1), (1, 3, 5, 2, 4)}
M(A) = 
[[1, 3, 4, 5, 2], [1, 3, 5, 4, 2], [3, 1, 4, 5, 2], [3, 1, 5, 4, 2]]
Distance: 20
B = 
{(2, 3, 4, 1, 5), (1, 2, 3, 4, 5), (1, 3, 4, 5, 2), (4, 2, 3, 1, 5), (5, 1, 3, 4, 2), (1, 4, 3, 5, 2)}
M(B) = 
[[1, 3, 4, 5, 2], [1, 3, 5, 4, 2], [3, 1, 4, 5, 2], [3, 1, 5, 4, 2]]
Distance: 19
M(A) inter A:
set()
M(B) inter B:
{(1, 3, 4, 5, 2)}

AUB = 
{(2, 3, 4, 1, 5), (5, 2, 3, 1, 4), (5, 4, 1, 3, 2), (1, 3, 4, 5, 2), (3, 4, 2, 1, 5), (5, 3, 1, 4, 2), (4, 2, 3, 1, 5), (5, 1, 3, 4, 2), (1, 4, 3, 5, 2), (5, 2, 3, 4, 1), (1, 3, 5, 2, 4), (1, 2, 3, 4, 5)}
M(AUB) = 
[[1, 3, 4, 5, 2], [1, 3, 5, 4, 2], [3, 1, 4, 5, 2], [3, 1, 5, 4, 2]]
Distance:49

(77)
A = 
{(5, 2, 4, 1, 3), (3, 4, 1, 5, 2), (2, 4, 3, 1, 5), (5, 4, 1, 2, 3), (1, 4, 3, 5, 2), (2, 1, 3, 4, 5)}
M(A) = 
[[2, 4, 1, 3, 5]]
Distance: 24
B = 
{(2, 3, 1, 5, 4), (2, 4, 1, 5, 3), (2, 1, 3, 5, 4), (4, 5, 2, 1, 3), (4, 5, 2, 3, 1), (1, 3, 5, 2, 4)}
M(B) = 
[[2, 4, 1, 3, 5]]
Distance: 23
M(A) inter A:
{(2, 1, 3, 4, 5)}
M(B) inter B:
{(2, 1, 3, 5, 4), (2, 4, 1, 5, 3)}

AUB = 
{(4, 5, 2, 1, 3), (5, 2, 4, 1, 3), (3, 4, 1, 5, 2), (2, 1, 3, 5, 4), (1, 3, 5, 2, 4), (2, 4, 3, 1, 5), (5, 4, 1, 2, 3), (2, 3, 1, 5, 4), (1, 4, 3, 5, 2), (4, 5, 2, 3, 1), (2, 4, 1, 5, 3), (2, 1, 3, 4, 5)}
M(AUB) = 
[[2, 4, 1, 3, 5]]
Distance:47

(78)
A = 
{(5, 4, 1, 3, 2), (3, 2, 1, 5, 4), (3, 1, 2, 4, 5), (1, 3, 4, 5, 2), (4, 5, 1, 3, 2), (1, 4, 2, 3, 5)}
M(A) = 
[[1, 3, 2, 4, 5], [1, 3, 4, 2, 5], [1, 3, 4, 5, 2], [1, 4, 3, 2, 5], [1, 4, 3, 5, 2], [4, 1, 3, 2, 5], [4, 1, 3, 5, 2]]
Distance: 20
B = 
{(1, 5, 2, 3, 4), (2, 4, 1, 3, 5), (4, 2, 3, 1, 5), (3, 5, 2, 4, 1), (4, 3, 5, 2, 1), (1, 3, 2, 5, 4)}
M(B) = 
[[1, 3, 2, 4, 5], [1, 3, 4, 2, 5], [1, 3, 4, 5, 2], [1, 4, 3, 2, 5], [1, 4, 3, 5, 2], [4, 1, 3, 2, 5], [4, 1, 3, 5, 2]]
Distance: 24
M(A) inter A:
set()
M(B) inter B:
{(2, 4, 1, 3, 5)}

AUB = 
{(5, 4, 1, 3, 2), (3, 2, 1, 5, 4), (3, 1, 2, 4, 5), (2, 4, 1, 3, 5), (1, 3, 4, 5, 2), (4, 2, 3, 1, 5), (3, 5, 2, 4, 1), (1, 5, 2, 3, 4), (4, 5, 1, 3, 2), (1, 4, 2, 3, 5), (1, 3, 2, 5, 4), (4, 3, 5, 2, 1)}
M(AUB) = 
[[1, 3, 2, 4, 5], [1, 3, 4, 2, 5], [1, 3, 4, 5, 2], [1, 4, 3, 2, 5], [1, 4, 3, 5, 2], [4, 1, 3, 2, 5], [4, 1, 3, 5, 2]]
Distance:50

(79)
A = 
{(4, 1, 2, 3, 5), (5, 3, 1, 4, 2), (1, 2, 4, 3, 5), (5, 1, 4, 2, 3), (5, 1, 2, 3, 4), (4, 5, 2, 3, 1)}
M(A) = 
[[1, 4, 5, 2, 3], [5, 1, 4, 2, 3]]
Distance: 19
B = 
{(4, 3, 5, 1, 2), (1, 2, 5, 3, 4), (1, 5, 3, 2, 4), (5, 1, 4, 2, 3), (3, 4, 2, 5, 1), (2, 1, 4, 3, 5)}
M(B) = 
[[1, 4, 5, 2, 3], [5, 1, 4, 2, 3]]
Distance: 27
M(A) inter A:
{(5, 1, 2, 3, 4), (1, 2, 4, 3, 5), (5, 1, 4, 2, 3)}
M(B) inter B:
{(1, 5, 3, 2, 4), (5, 1, 4, 2, 3), (1, 2, 5, 3, 4)}

AUB = 
{(4, 1, 2, 3, 5), (4, 3, 5, 1, 2), (1, 2, 5, 3, 4), (1, 5, 3, 2, 4), (5, 3, 1, 4, 2), (1, 2, 4, 3, 5), (5, 1, 4, 2, 3), (5, 1, 2, 3, 4), (4, 5, 2, 3, 1), (3, 4, 2, 5, 1), (2, 1, 4, 3, 5)}
M(AUB) = 
[[1, 4, 5, 2, 3], [5, 1, 4, 2, 3]]
Distance:46

(80)
A = 
{(4, 1, 3, 2, 5), (5, 2, 4, 1, 3), (3, 4, 1, 5, 2), (1, 5, 3, 4, 2), (4, 3, 2, 5, 1), (1, 3, 2, 5, 4)}
M(A) = 
[[1, 3, 4, 2, 5]]
Distance: 22
B = 
{(1, 3, 2, 4, 5), (1, 3, 4, 2, 5), (3, 2, 1, 4, 5), (1, 3, 4, 5, 2), (4, 3, 1, 2, 5), (3, 5, 2, 1, 4)}
M(B) = 
[[1, 3, 4, 2, 5]]
Distance: 14
M(A) inter A:
set()
M(B) inter B:
{(1, 3, 2, 4, 5), (1, 3, 4, 2, 5)}

AUB = 
{(4, 1, 3, 2, 5), (1, 3, 2, 4, 5), (5, 2, 4, 1, 3), (3, 4, 1, 5, 2), (4, 3, 2, 5, 1), (3, 5, 2, 1, 4), (3, 2, 1, 4, 5), (1, 3, 4, 5, 2), (1, 3, 4, 2, 5), (1, 5, 3, 4, 2), (4, 3, 1, 2, 5), (1, 3, 2, 5, 4)}
M(AUB) = 
[[1, 3, 4, 2, 5]]
Distance:38

(81)
A = 
{(5, 2, 1, 4, 3), (4, 3, 1, 5, 2), (5, 3, 2, 1, 4), (1, 4, 3, 5, 2), (1, 4, 3, 2, 5), (2, 1, 3, 4, 5)}
M(A) = 
[[1, 3, 5, 2, 4], [3, 1, 5, 2, 4]]
Distance: 21
B = 
{(2, 1, 5, 4, 3), (5, 2, 3, 1, 4), (4, 1, 5, 3, 2), (3, 1, 5, 4, 2), (3, 1, 2, 5, 4), (3, 2, 5, 4, 1)}
M(B) = 
[[1, 3, 5, 2, 4], [3, 1, 5, 2, 4]]
Distance: 22
M(A) inter A:
set()
M(B) inter B:
{(3, 1, 2, 5, 4)}

AUB = 
{(3, 1, 2, 5, 4), (5, 2, 1, 4, 3), (4, 3, 1, 5, 2), (5, 2, 3, 1, 4), (5, 3, 2, 1, 4), (4, 1, 5, 3, 2), (3, 1, 5, 4, 2), (1, 4, 3, 5, 2), (2, 1, 5, 4, 3), (1, 4, 3, 2, 5), (2, 1, 3, 4, 5), (3, 2, 5, 4, 1)}
M(AUB) = 
[[1, 3, 5, 2, 4], [3, 1, 5, 2, 4]]
Distance:49

(82)
A = 
{(1, 3, 4, 2, 5), (4, 1, 2, 3, 5), (4, 1, 5, 3, 2), (4, 5, 3, 2, 1), (3, 2, 4, 5, 1), (2, 1, 4, 3, 5)}
M(A) = 
[[3, 4, 5, 1, 2], [3, 4, 5, 2, 1]]
Distance: 19
B = 
{(3, 4, 5, 1, 2), (2, 1, 3, 4, 5), (3, 5, 2, 1, 4), (5, 3, 4, 1, 2), (5, 1, 4, 3, 2), (5, 3, 2, 1, 4)}
M(B) = 
[[3, 4, 5, 1, 2], [3, 4, 5, 2, 1]]
Distance: 19
M(A) inter A:
set()
M(B) inter B:
{(5, 3, 2, 1, 4), (3, 5, 2, 1, 4)}

AUB = 
{(1, 3, 4, 2, 5), (4, 1, 2, 3, 5), (3, 4, 5, 1, 2), (2, 1, 3, 4, 5), (3, 5, 2, 1, 4), (4, 1, 5, 3, 2), (5, 3, 4, 1, 2), (5, 3, 2, 1, 4), (5, 1, 4, 3, 2), (4, 5, 3, 2, 1), (3, 2, 4, 5, 1), (2, 1, 4, 3, 5)}
M(AUB) = 
[[3, 4, 5, 1, 2], [3, 4, 5, 2, 1]]
Distance:50

(83)
A = 
{(3, 5, 4, 2, 1), (2, 1, 4, 5, 3), (4, 2, 1, 5, 3), (2, 5, 1, 3, 4), (3, 2, 4, 5, 1), (4, 2, 3, 5, 1)}
M(A) = 
[[2, 3, 4, 5, 1], [4, 2, 3, 5, 1]]
Distance: 21
B = 
{(4, 2, 1, 5, 3), (2, 1, 3, 5, 4), (3, 4, 2, 1, 5), (3, 5, 1, 4, 2), (1, 4, 2, 5, 3), (2, 5, 4, 3, 1)}
M(B) = 
[[2, 3, 4, 5, 1], [4, 2, 3, 5, 1]]
Distance: 24
M(A) inter A:
{(4, 2, 1, 5, 3)}
M(B) inter B:
{(4, 2, 1, 5, 3)}

AUB = 
{(2, 5, 1, 3, 4), (2, 1, 4, 5, 3), (4, 2, 1, 5, 3), (2, 1, 3, 5, 4), (3, 4, 2, 1, 5), (3, 5, 1, 4, 2), (3, 5, 4, 2, 1), (1, 4, 2, 5, 3), (2, 5, 4, 3, 1), (3, 2, 4, 5, 1), (4, 2, 3, 5, 1)}
M(AUB) = 
[[2, 3, 4, 5, 1], [4, 2, 3, 5, 1]]
Distance:44

(84)
A = 
{(2, 3, 5, 1, 4), (2, 4, 5, 1, 3), (4, 1, 5, 2, 3), (5, 2, 4, 1, 3), (4, 5, 2, 1, 3), (1, 3, 5, 2, 4)}
M(A) = 
[[5, 2, 4, 1, 3]]
Distance: 19
B = 
{(3, 5, 4, 2, 1), (5, 4, 1, 2, 3), (1, 5, 4, 2, 3), (5, 1, 2, 4, 3), (2, 3, 1, 5, 4), (2, 5, 4, 3, 1)}
M(B) = 
[[5, 2, 4, 1, 3]]
Distance: 21
M(A) inter A:
{(5, 2, 4, 1, 3)}
M(B) inter B:
{(5, 4, 1, 2, 3), (5, 1, 2, 4, 3)}

AUB = 
{(4, 5, 2, 1, 3), (2, 4, 5, 1, 3), (1, 5, 4, 2, 3), (5, 4, 1, 2, 3), (3, 5, 4, 2, 1), (4, 1, 5, 2, 3), (5, 1, 2, 4, 3), (5, 2, 4, 1, 3), (2, 3, 5, 1, 4), (2, 5, 4, 3, 1), (2, 3, 1, 5, 4), (1, 3, 5, 2, 4)}
M(AUB) = 
[[5, 2, 4, 1, 3]]
Distance:40

(85)
A = 
{(3, 1, 2, 5, 4), (3, 1, 4, 2, 5), (2, 5, 1, 4, 3), (5, 1, 4, 2, 3), (2, 5, 3, 4, 1), (5, 4, 2, 3, 1)}
M(A) = 
[[2, 5, 3, 1, 4], [2, 5, 3, 4, 1]]
Distance: 22
B = 
{(3, 5, 2, 4, 1), (1, 5, 3, 4, 2), (2, 5, 3, 1, 4), (2, 3, 4, 5, 1), (2, 5, 4, 3, 1), (3, 4, 2, 5, 1)}
M(B) = 
[[2, 5, 3, 1, 4], [2, 5, 3, 4, 1]]
Distance: 18
M(A) inter A:
{(2, 5, 3, 4, 1)}
M(B) inter B:
set()

AUB = 
{(2, 5, 4, 3, 1), (2, 5, 3, 1, 4), (3, 1, 2, 5, 4), (3, 1, 4, 2, 5), (2, 5, 1, 4, 3), (5, 1, 4, 2, 3), (3, 5, 2, 4, 1), (1, 5, 3, 4, 2), (2, 5, 3, 4, 1), (2, 3, 4, 5, 1), (5, 4, 2, 3, 1), (3, 4, 2, 5, 1)}
M(AUB) = 
[[2, 5, 3, 1, 4], [2, 5, 3, 4, 1]]
Distance:42

(86)
A = 
{(4, 1, 2, 3, 5), (2, 4, 5, 1, 3), (1, 5, 2, 4, 3), (4, 2, 1, 3, 5), (4, 5, 1, 2, 3), (1, 4, 5, 2, 3)}
M(A) = 
[[1, 4, 2, 5, 3], [1, 4, 5, 2, 3], [4, 1, 2, 5, 3], [4, 1, 5, 2, 3]]
Distance: 14
B = 
{(1, 5, 2, 4, 3), (1, 5, 4, 3, 2), (1, 4, 5, 2, 3), (1, 5, 4, 2, 3), (2, 1, 4, 3, 5), (4, 2, 5, 3, 1)}
M(B) = 
[[1, 4, 2, 5, 3], [1, 4, 5, 2, 3], [4, 1, 2, 5, 3], [4, 1, 5, 2, 3]]
Distance: 14
M(A) inter A:
{(1, 4, 5, 2, 3)}
M(B) inter B:
{(1, 4, 5, 2, 3), (1, 5, 4, 2, 3)}

AUB = 
{(4, 1, 2, 3, 5), (2, 4, 5, 1, 3), (1, 5, 2, 4, 3), (1, 5, 4, 3, 2), (4, 2, 1, 3, 5), (4, 5, 1, 2, 3), (1, 4, 5, 2, 3), (1, 5, 4, 2, 3), (2, 1, 4, 3, 5), (4, 2, 5, 3, 1)}
M(AUB) = 
[[1, 4, 2, 5, 3], [1, 4, 5, 2, 3], [4, 1, 2, 5, 3], [4, 1, 5, 2, 3]]
Distance:28

(87)
A = 
{(1, 5, 4, 2, 3), (3, 4, 5, 1, 2), (2, 3, 5, 1, 4), (1, 4, 5, 3, 2), (3, 4, 5, 2, 1), (2, 4, 5, 3, 1)}
M(A) = 
[[3, 1, 2, 4, 5], [3, 1, 4, 2, 5], [3, 4, 1, 2, 5]]
Distance: 25
B = 
{(4, 1, 3, 2, 5), (3, 1, 2, 5, 4), (5, 4, 3, 1, 2), (3, 1, 2, 4, 5), (3, 2, 1, 4, 5), (3, 2, 4, 5, 1)}
M(B) = 
[[3, 1, 2, 4, 5], [3, 1, 4, 2, 5], [3, 4, 1, 2, 5]]
Distance: 16
M(A) inter A:
set()
M(B) inter B:
{(3, 1, 2, 4, 5)}

AUB = 
{(4, 1, 3, 2, 5), (1, 5, 4, 2, 3), (5, 4, 3, 1, 2), (3, 4, 5, 1, 2), (3, 1, 2, 4, 5), (3, 2, 1, 4, 5), (3, 2, 4, 5, 1), (2, 3, 5, 1, 4), (1, 4, 5, 3, 2), (3, 1, 2, 5, 4), (3, 4, 5, 2, 1), (2, 4, 5, 3, 1)}
M(AUB) = 
[[3, 1, 2, 4, 5], [3, 1, 4, 2, 5], [3, 4, 1, 2, 5]]
Distance:47

(88)
A = 
{(3, 4, 1, 5, 2), (5, 1, 4, 2, 3), (2, 3, 5, 1, 4), (2, 3, 4, 5, 1), (3, 2, 4, 5, 1), (2, 1, 4, 3, 5)}
M(A) = 
[[2, 3, 4, 1, 5], [3, 4, 2, 1, 5], [4, 2, 3, 1, 5]]
Distance: 20
B = 
{(4, 1, 2, 3, 5), (5, 4, 2, 1, 3), (4, 3, 1, 5, 2), (3, 1, 4, 2, 5), (3, 4, 2, 1, 5), (2, 3, 1, 5, 4)}
M(B) = 
[[2, 3, 4, 1, 5], [3, 4, 2, 1, 5], [4, 2, 3, 1, 5]]
Distance: 20
M(A) inter A:
set()
M(B) inter B:
{(3, 4, 2, 1, 5)}

AUB = 
{(4, 1, 2, 3, 5), (2, 3, 1, 5, 4), (5, 4, 2, 1, 3), (4, 3, 1, 5, 2), (3, 4, 1, 5, 2), (3, 1, 4, 2, 5), (3, 4, 2, 1, 5), (5, 1, 4, 2, 3), (2, 3, 5, 1, 4), (2, 3, 4, 5, 1), (3, 2, 4, 5, 1), (2, 1, 4, 3, 5)}
M(AUB) = 
[[2, 3, 4, 1, 5], [3, 4, 2, 1, 5], [4, 2, 3, 1, 5]]
Distance:46

(89)
A = 
{(1, 3, 4, 2, 5), (2, 1, 4, 5, 3), (2, 1, 3, 5, 4), (5, 1, 2, 4, 3), (1, 5, 4, 2, 3), (4, 3, 1, 5, 2)}
M(A) = 
[[1, 4, 2, 3, 5]]
Distance: 21
B = 
{(1, 3, 4, 2, 5), (4, 1, 2, 3, 5), (5, 4, 1, 2, 3), (3, 2, 5, 1, 4), (1, 4, 2, 3, 5), (3, 5, 1, 2, 4)}
M(B) = 
[[1, 4, 2, 3, 5]]
Distance: 22
M(A) inter A:
{(1, 3, 4, 2, 5)}
M(B) inter B:
{(1, 3, 4, 2, 5), (1, 4, 2, 3, 5)}

AUB = 
{(1, 3, 4, 2, 5), (4, 1, 2, 3, 5), (5, 4, 1, 2, 3), (2, 1, 4, 5, 3), (3, 2, 5, 1, 4), (2, 1, 3, 5, 4), (5, 1, 2, 4, 3), (1, 5, 4, 2, 3), (1, 4, 2, 3, 5), (3, 5, 1, 2, 4), (4, 3, 1, 5, 2)}
M(AUB) = 
[[1, 4, 2, 3, 5]]
Distance:41

(90)
A = 
{(2, 1, 4, 5, 3), (4, 3, 2, 5, 1), (3, 4, 2, 1, 5), (5, 2, 3, 4, 1), (3, 5, 1, 2, 4), (3, 2, 4, 5, 1)}
M(A) = 
[[4, 5, 3, 2, 1], [5, 4, 3, 2, 1]]
Distance: 18
B = 
{(5, 4, 2, 1, 3), (2, 1, 5, 3, 4), (5, 1, 4, 3, 2), (1, 4, 3, 5, 2), (4, 5, 3, 2, 1), (5, 2, 4, 3, 1)}
M(B) = 
[[4, 5, 3, 2, 1], [5, 4, 3, 2, 1]]
Distance: 19
M(A) inter A:
set()
M(B) inter B:
{(5, 4, 2, 1, 3)}

AUB = 
{(5, 4, 2, 1, 3), (2, 1, 4, 5, 3), (4, 3, 2, 5, 1), (3, 4, 2, 1, 5), (5, 2, 4, 3, 1), (5, 1, 4, 3, 2), (2, 1, 5, 3, 4), (1, 4, 3, 5, 2), (4, 5, 3, 2, 1), (3, 2, 4, 5, 1), (3, 5, 1, 2, 4), (5, 2, 3, 4, 1)}
M(AUB) = 
[[4, 5, 3, 2, 1], [5, 4, 3, 2, 1]]
Distance:49

(91)
A = 
{(2, 4, 1, 5, 3), (4, 2, 5, 1, 3), (4, 2, 3, 1, 5), (2, 3, 4, 5, 1), (4, 5, 3, 1, 2), (3, 2, 4, 5, 1)}
M(A) = 
[[4, 2, 5, 1, 3], [4, 2, 5, 3, 1]]
Distance: 16
B = 
{(4, 1, 2, 3, 5), (5, 2, 1, 3, 4), (4, 2, 1, 5, 3), (3, 5, 1, 4, 2), (4, 5, 1, 2, 3), (5, 3, 1, 2, 4)}
M(B) = 
[[4, 2, 5, 1, 3], [4, 2, 5, 3, 1]]
Distance: 23
M(A) inter A:
set()
M(B) inter B:
{(4, 5, 1, 2, 3)}

AUB = 
{(4, 1, 2, 3, 5), (2, 4, 1, 5, 3), (5, 2, 1, 3, 4), (4, 2, 5, 1, 3), (3, 5, 1, 4, 2), (4, 2, 3, 1, 5), (4, 5, 1, 2, 3), (2, 3, 4, 5, 1), (4, 2, 1, 5, 3), (4, 5, 3, 1, 2), (3, 2, 4, 5, 1), (5, 3, 1, 2, 4)}
M(AUB) = 
[[4, 2, 5, 1, 3], [4, 2, 5, 3, 1]]
Distance:45

(92)
A = 
{(4, 1, 2, 5, 3), (4, 1, 5, 3, 2), (2, 5, 1, 3, 4), (1, 5, 4, 3, 2), (4, 5, 3, 2, 1), (5, 2, 4, 3, 1)}
M(A) = 
[[4, 5, 2, 3, 1]]
Distance: 21
B = 
{(1, 2, 3, 4, 5), (4, 5, 3, 2, 1), (5, 2, 3, 4, 1), (3, 5, 2, 1, 4), (3, 4, 1, 2, 5), (4, 2, 3, 5, 1)}
M(B) = 
[[4, 5, 2, 3, 1]]
Distance: 22
M(A) inter A:
set()
M(B) inter B:
set()

AUB = 
{(1, 5, 4, 3, 2), (1, 2, 3, 4, 5), (4, 1, 5, 3, 2), (2, 5, 1, 3, 4), (4, 1, 2, 5, 3), (4, 5, 3, 2, 1), (5, 2, 4, 3, 1), (3, 4, 1, 2, 5), (3, 5, 2, 1, 4), (5, 2, 3, 4, 1), (4, 2, 3, 5, 1)}
M(AUB) = 
[[4, 5, 2, 3, 1]]
Distance:48

(93)
A = 
{(2, 1, 4, 5, 3), (5, 2, 3, 1, 4), (5, 3, 4, 2, 1), (1, 4, 3, 5, 2), (4, 3, 2, 1, 5), (2, 1, 5, 4, 3)}
M(A) = 
[[5, 3, 2, 1, 4]]
Distance: 24
B = 
{(5, 4, 1, 2, 3), (1, 5, 3, 2, 4), (5, 1, 3, 4, 2), (4, 3, 5, 2, 1), (3, 2, 4, 5, 1), (5, 3, 2, 1, 4)}
M(B) = 
[[5, 3, 2, 1, 4]]
Distance: 21
M(A) inter A:
{(5, 3, 4, 2, 1)}
M(B) inter B:
{(5, 1, 3, 4, 2), (5, 3, 2, 1, 4)}

AUB = 
{(5, 1, 3, 4, 2), (5, 4, 1, 2, 3), (2, 1, 4, 5, 3), (5, 2, 3, 1, 4), (1, 5, 3, 2, 4), (5, 3, 4, 2, 1), (4, 3, 5, 2, 1), (1, 4, 3, 5, 2), (4, 3, 2, 1, 5), (2, 1, 5, 4, 3), (3, 2, 4, 5, 1), (5, 3, 2, 1, 4)}
M(AUB) = 
[[5, 3, 2, 1, 4]]
Distance:49

(94)
A = 
{(4, 1, 3, 5, 2), (3, 2, 1, 5, 4), (1, 2, 3, 5, 4), (3, 5, 4, 1, 2), (3, 2, 4, 1, 5), (2, 5, 4, 1, 3)}
M(A) = 
[[2, 3, 1, 5, 4], [2, 3, 4, 1, 5], [2, 3, 5, 4, 1]]
Distance: 23
B = 
{(2, 1, 4, 5, 3), (5, 2, 3, 1, 4), (1, 5, 2, 3, 4), (2, 4, 3, 1, 5), (3, 5, 4, 2, 1), (2, 4, 5, 3, 1)}
M(B) = 
[[2, 3, 1, 5, 4], [2, 3, 4, 1, 5], [2, 3, 5, 4, 1]]
Distance: 22
M(A) inter A:
set()
M(B) inter B:
{(2, 4, 5, 3, 1), (5, 2, 3, 1, 4)}

AUB = 
{(2, 1, 4, 5, 3), (3, 2, 1, 5, 4), (1, 2, 3, 5, 4), (1, 5, 2, 3, 4), (4, 1, 3, 5, 2), (3, 2, 4, 1, 5), (5, 2, 3, 1, 4), (3, 5, 4, 1, 2), (2, 5, 4, 1, 3), (3, 5, 4, 2, 1), (2, 4, 5, 3, 1), (2, 4, 3, 1, 5)}
M(AUB) = 
[[2, 3, 1, 5, 4], [2, 3, 4, 1, 5], [2, 3, 5, 4, 1]]
Distance:49

(95)
A = 
{(3, 4, 1, 5, 2), (5, 4, 1, 3, 2), (5, 3, 2, 4, 1), (2, 4, 3, 5, 1), (1, 3, 5, 2, 4), (2, 4, 5, 3, 1)}
M(A) = 
[[3, 2, 4, 1, 5]]
Distance: 23
B = 
{(2, 3, 4, 1, 5), (1, 2, 5, 3, 4), (3, 4, 1, 5, 2), (3, 2, 1, 4, 5), (4, 2, 1, 3, 5), (3, 4, 2, 5, 1)}
M(B) = 
[[3, 2, 4, 1, 5]]
Distance: 17
M(A) inter A:
set()
M(B) inter B:
{(2, 3, 4, 1, 5)}

AUB = 
{(2, 3, 4, 1, 5), (3, 4, 1, 5, 2), (5, 4, 1, 3, 2), (3, 4, 2, 5, 1), (3, 2, 1, 4, 5), (4, 2, 1, 3, 5), (5, 3, 2, 4, 1), (1, 2, 5, 3, 4), (2, 4, 3, 5, 1), (1, 3, 5, 2, 4), (2, 4, 5, 3, 1)}
M(AUB) = 
[[3, 2, 4, 1, 5]]
Distance:41

(96)
A = 
{(5, 2, 4, 1, 3), (1, 5, 2, 4, 3), (3, 2, 4, 1, 5), (4, 1, 3, 5, 2), (1, 4, 2, 3, 5), (1, 2, 4, 3, 5)}
M(A) = 
[[2, 4, 1, 3, 5], [4, 1, 2, 3, 5], [4, 2, 1, 3, 5]]
Distance: 19
B = 
{(4, 2, 1, 5, 3), (3, 4, 5, 1, 2), (1, 2, 3, 4, 5), (4, 2, 1, 3, 5), (5, 2, 3, 4, 1), (3, 4, 2, 1, 5)}
M(B) = 
[[2, 4, 1, 3, 5], [4, 1, 2, 3, 5], [4, 2, 1, 3, 5]]
Distance: 21
M(A) inter A:
set()
M(B) inter B:
{(3, 4, 2, 1, 5), (4, 2, 1, 3, 5)}

AUB = 
{(5, 2, 4, 1, 3), (1, 5, 2, 4, 3), (3, 4, 5, 1, 2), (4, 2, 1, 5, 3), (1, 2, 4, 3, 5), (4, 1, 3, 5, 2), (4, 2, 1, 3, 5), (3, 4, 2, 1, 5), (5, 2, 3, 4, 1), (1, 2, 3, 4, 5), (1, 4, 2, 3, 5), (3, 2, 4, 1, 5)}
M(AUB) = 
[[2, 4, 1, 3, 5], [4, 1, 2, 3, 5], [4, 2, 1, 3, 5]]
Distance:44

(97)
A = 
{(2, 1, 4, 5, 3), (4, 1, 5, 3, 2), (3, 1, 4, 5, 2), (4, 5, 1, 3, 2), (1, 4, 2, 3, 5), (1, 3, 5, 2, 4)}
M(A) = 
[[1, 4, 3, 5, 2], [1, 4, 5, 3, 2]]
Distance: 17
B = 
{(5, 1, 4, 3, 2), (4, 3, 5, 1, 2), (1, 2, 3, 4, 5), (5, 1, 3, 4, 2), (4, 5, 3, 1, 2), (1, 4, 3, 5, 2)}
M(B) = 
[[1, 4, 3, 5, 2], [1, 4, 5, 3, 2]]
Distance: 18
M(A) inter A:
{(4, 5, 1, 3, 2)}
M(B) inter B:
{(5, 1, 4, 3, 2), (1, 4, 3, 5, 2)}

AUB = 
{(5, 1, 3, 4, 2), (2, 1, 4, 5, 3), (1, 2, 3, 4, 5), (4, 1, 5, 3, 2), (5, 1, 4, 3, 2), (4, 5, 1, 3, 2), (1, 4, 3, 5, 2), (4, 5, 3, 1, 2), (3, 1, 4, 5, 2), (1, 4, 2, 3, 5), (1, 3, 5, 2, 4), (4, 3, 5, 1, 2)}
M(AUB) = 
[[1, 4, 3, 5, 2], [1, 4, 5, 3, 2]]
Distance:35

(98)
A = 
{(5, 3, 2, 4, 1), (2, 1, 3, 5, 4), (5, 3, 2, 1, 4), (2, 5, 4, 1, 3), (4, 5, 2, 1, 3), (2, 1, 3, 4, 5)}
M(A) = 
[[2, 1, 3, 4, 5]]
Distance: 19
B = 
{(1, 3, 2, 4, 5), (2, 5, 1, 3, 4), (3, 1, 4, 2, 5), (1, 3, 4, 5, 2), (4, 1, 3, 5, 2), (5, 3, 2, 4, 1)}
M(B) = 
[[2, 1, 3, 4, 5]]
Distance: 20
M(A) inter A:
set()
M(B) inter B:
{(1, 3, 2, 4, 5), (1, 3, 4, 5, 2)}

AUB = 
{(1, 3, 2, 4, 5), (4, 5, 2, 1, 3), (4, 1, 3, 5, 2), (2, 1, 3, 5, 4), (5, 3, 2, 1, 4), (2, 5, 1, 3, 4), (2, 5, 4, 1, 3), (5, 3, 2, 4, 1), (3, 1, 4, 2, 5), (1, 3, 4, 5, 2), (2, 1, 3, 4, 5)}
M(AUB) = 
[[2, 1, 3, 4, 5]]
Distance:44

(99)
A = 
{(2, 1, 4, 5, 3), (1, 5, 3, 4, 2), (3, 5, 4, 2, 1), (4, 5, 1, 3, 2), (1, 4, 3, 5, 2), (3, 2, 4, 5, 1)}
M(A) = 
[[2, 3, 4, 5, 1], [2, 4, 5, 1, 3], [3, 2, 4, 5, 1], [3, 4, 5, 2, 1], [3, 5, 2, 4, 1], [4, 5, 2, 1, 3], [5, 2, 1, 3, 4], [5, 2, 3, 4, 1], [5, 2, 4, 1, 3], [5, 3, 2, 4, 1]]
Distance: 24
B = 
{(5, 2, 4, 1, 3), (5, 2, 3, 1, 4), (3, 2, 4, 1, 5), (4, 5, 1, 2, 3), (2, 3, 5, 4, 1), (2, 1, 3, 4, 5)}
M(B) = 
[[2, 3, 4, 5, 1], [2, 4, 5, 1, 3], [3, 2, 4, 5, 1], [3, 4, 5, 2, 1], [3, 5, 2, 4, 1], [4, 5, 2, 1, 3], [5, 2, 1, 3, 4], [5, 2, 3, 4, 1], [5, 2, 4, 1, 3], [5, 3, 2, 4, 1]]
Distance: 21
M(A) inter A:
set()
M(B) inter B:
{(2, 3, 5, 4, 1)}

AUB = 
{(4, 5, 1, 2, 3), (5, 2, 4, 1, 3), (2, 1, 4, 5, 3), (5, 2, 3, 1, 4), (1, 5, 3, 4, 2), (3, 2, 4, 1, 5), (3, 5, 4, 2, 1), (4, 5, 1, 3, 2), (1, 4, 3, 5, 2), (2, 3, 5, 4, 1), (3, 2, 4, 5, 1), (2, 1, 3, 4, 5)}
M(AUB) = 
[[2, 3, 4, 5, 1], [2, 4, 5, 1, 3], [3, 2, 4, 5, 1], [3, 4, 5, 2, 1], [3, 5, 2, 4, 1], [4, 5, 2, 1, 3], [5, 2, 1, 3, 4], [5, 2, 3, 4, 1], [5, 2, 4, 1, 3], [5, 3, 2, 4, 1]]
Distance:55

