(0)
A = 
{(2, 6, 3, 5, 1, 4), (3, 5, 1, 4, 2, 6), (3, 2, 4, 5, 1, 6), (3, 1, 2, 4, 5, 6), (6, 2, 3, 4, 1, 5), (5, 3, 2, 6, 1, 4)}
M(A) = 
[[2, 3, 1, 4, 6, 5], [3, 1, 2, 4, 6, 5], [3, 2, 1, 4, 6, 5]]
Distance: 26
B = 
{(3, 4, 1, 2, 6, 5), (5, 1, 2, 4, 6, 3), (1, 6, 3, 2, 5, 4), (4, 2, 1, 6, 5, 3), (2, 3, 6, 1, 4, 5), (4, 1, 6, 5, 2, 3)}
M(B) = 
[[2, 3, 1, 4, 6, 5], [3, 1, 2, 4, 6, 5], [3, 2, 1, 4, 6, 5]]
Distance: 31
M(A) inter A:
set()
M(B) inter B:
set()

AUB = 
{(2, 6, 3, 5, 1, 4), (3, 5, 1, 4, 2, 6), (3, 2, 4, 5, 1, 6), (5, 1, 2, 4, 6, 3), (4, 2, 1, 6, 5, 3), (3, 1, 2, 4, 5, 6), (3, 4, 1, 2, 6, 5), (6, 2, 3, 4, 1, 5), (4, 1, 6, 5, 2, 3), (5, 3, 2, 6, 1, 4), (1, 6, 3, 2, 5, 4), (2, 3, 6, 1, 4, 5)}
M(AUB) = 
[[2, 3, 1, 4, 6, 5], [3, 1, 2, 4, 6, 5], [3, 2, 1, 4, 6, 5]]
Distance:69

(1)
A = 
{(3, 2, 5, 1, 4, 6), (6, 2, 3, 4, 1, 5), (4, 5, 1, 3, 2, 6), (5, 6, 4, 1, 2, 3), (1, 4, 6, 5, 3, 2), (2, 1, 3, 4, 6, 5)}
M(A) = 
[[1, 3, 4, 5, 2, 6], [1, 4, 3, 5, 2, 6], [1, 4, 5, 2, 3, 6], [1, 4, 5, 2, 6, 3], [1, 4, 5, 3, 2, 6], [4, 1, 3, 5, 2, 6], [4, 1, 5, 2, 3, 6], [4, 1, 5, 2, 6, 3], [4, 1, 5, 3, 2, 6], [4, 5, 1, 2, 3, 6], [4, 5, 1, 2, 6, 3], [4, 5, 1, 3, 2, 6], [4, 5, 2, 1, 3, 6], [4, 5, 2, 1, 6, 3]]
Distance: 41
B = 
{(5, 2, 4, 3, 1, 6), (1, 5, 6, 3, 4, 2), (2, 6, 3, 1, 4, 5), (5, 4, 2, 1, 3, 6), (4, 3, 5, 1, 2, 6), (6, 1, 3, 4, 5, 2)}
M(B) = 
[[1, 3, 4, 5, 2, 6], [1, 4, 3, 5, 2, 6], [1, 4, 5, 2, 3, 6], [1, 4, 5, 2, 6, 3], [1, 4, 5, 3, 2, 6], [4, 1, 3, 5, 2, 6], [4, 1, 5, 2, 3, 6], [4, 1, 5, 2, 6, 3], [4, 1, 5, 3, 2, 6], [4, 5, 1, 2, 3, 6], [4, 5, 1, 2, 6, 3], [4, 5, 1, 3, 2, 6], [4, 5, 2, 1, 3, 6], [4, 5, 2, 1, 6, 3]]
Distance: 39
M(A) inter A:
{(4, 5, 1, 3, 2, 6)}
M(B) inter B:
{(4, 3, 5, 1, 2, 6), (5, 4, 2, 1, 3, 6)}

AUB = 
{(5, 2, 4, 3, 1, 6), (1, 5, 6, 3, 4, 2), (3, 2, 5, 1, 4, 6), (2, 6, 3, 1, 4, 5), (5, 4, 2, 1, 3, 6), (6, 2, 3, 4, 1, 5), (4, 5, 1, 3, 2, 6), (5, 6, 4, 1, 2, 3), (1, 4, 6, 5, 3, 2), (4, 3, 5, 1, 2, 6), (6, 1, 3, 4, 5, 2), (2, 1, 3, 4, 6, 5)}
M(AUB) = 
[[1, 3, 4, 5, 2, 6], [1, 4, 3, 5, 2, 6], [1, 4, 5, 2, 3, 6], [1, 4, 5, 2, 6, 3], [1, 4, 5, 3, 2, 6], [4, 1, 3, 5, 2, 6], [4, 1, 5, 2, 3, 6], [4, 1, 5, 2, 6, 3], [4, 1, 5, 3, 2, 6], [4, 5, 1, 2, 3, 6], [4, 5, 1, 2, 6, 3], [4, 5, 1, 3, 2, 6], [4, 5, 2, 1, 3, 6], [4, 5, 2, 1, 6, 3]]
Distance:80

(2)
A = 
{(3, 5, 6, 2, 1, 4), (1, 5, 2, 6, 3, 4), (5, 6, 3, 2, 4, 1), (3, 4, 5, 2, 6, 1), (5, 3, 2, 4, 1, 6), (2, 3, 6, 4, 1, 5)}
M(A) = 
[[3, 5, 2, 4, 1, 6]]
Distance: 24
B = 
{(2, 5, 4, 3, 1, 6), (1, 2, 4, 3, 6, 5), (5, 1, 3, 2, 6, 4), (3, 1, 5, 2, 4, 6), (4, 1, 6, 3, 5, 2), (3, 2, 4, 6, 1, 5)}
M(B) = 
[[3, 5, 2, 4, 1, 6]]
Distance: 31
M(A) inter A:
set()
M(B) inter B:
{(3, 1, 5, 2, 4, 6)}

AUB = 
{(2, 5, 4, 3, 1, 6), (1, 2, 4, 3, 6, 5), (3, 5, 6, 2, 1, 4), (5, 1, 3, 2, 6, 4), (3, 1, 5, 2, 4, 6), (1, 5, 2, 6, 3, 4), (5, 6, 3, 2, 4, 1), (3, 4, 5, 2, 6, 1), (4, 1, 6, 3, 5, 2), (5, 3, 2, 4, 1, 6), (2, 3, 6, 4, 1, 5), (3, 2, 4, 6, 1, 5)}
M(AUB) = 
[[3, 5, 2, 4, 1, 6]]
Distance:63

(3)
A = 
{(6, 2, 3, 1, 5, 4), (4, 3, 5, 2, 6, 1), (5, 1, 6, 4, 2, 3), (5, 4, 2, 1, 3, 6), (3, 6, 2, 4, 5, 1), (5, 4, 3, 2, 1, 6)}
M(A) = 
[[4, 2, 3, 5, 1, 6], [4, 2, 5, 1, 3, 6], [4, 2, 5, 1, 6, 3], [4, 2, 5, 3, 1, 6], [4, 5, 2, 1, 3, 6], [4, 5, 2, 1, 6, 3], [4, 5, 2, 3, 1, 6]]
Distance: 33
B = 
{(1, 6, 4, 3, 2, 5), (4, 1, 2, 3, 6, 5), (1, 3, 2, 4, 6, 5), (1, 5, 6, 2, 4, 3), (2, 4, 6, 5, 3, 1), (4, 5, 2, 6, 3, 1)}
M(B) = 
[[4, 2, 3, 5, 1, 6], [4, 2, 5, 1, 3, 6], [4, 2, 5, 1, 6, 3], [4, 2, 5, 3, 1, 6], [4, 5, 2, 1, 3, 6], [4, 5, 2, 1, 6, 3], [4, 5, 2, 3, 1, 6]]
Distance: 31
M(A) inter A:
set()
M(B) inter B:
set()

AUB = 
{(6, 2, 3, 1, 5, 4), (4, 3, 5, 2, 6, 1), (1, 6, 4, 3, 2, 5), (4, 1, 2, 3, 6, 5), (1, 3, 2, 4, 6, 5), (5, 1, 6, 4, 2, 3), (3, 6, 2, 4, 5, 1), (1, 5, 6, 2, 4, 3), (2, 4, 6, 5, 3, 1), (5, 4, 2, 1, 3, 6), (5, 4, 3, 2, 1, 6), (4, 5, 2, 6, 3, 1)}
M(AUB) = 
[[4, 2, 3, 5, 1, 6], [4, 2, 5, 1, 3, 6], [4, 2, 5, 1, 6, 3], [4, 2, 5, 3, 1, 6], [4, 5, 2, 1, 3, 6], [4, 5, 2, 1, 6, 3], [4, 5, 2, 3, 1, 6]]
Distance:78

(4)
A = 
{(6, 5, 4, 1, 3, 2), (5, 4, 6, 3, 1, 2), (1, 2, 5, 3, 6, 4), (3, 2, 4, 1, 5, 6), (6, 5, 2, 3, 1, 4), (5, 2, 6, 1, 4, 3)}
M(A) = 
[[3, 2, 5, 4, 6, 1], [3, 2, 5, 6, 4, 1], [3, 5, 2, 4, 6, 1], [3, 5, 2, 6, 4, 1], [3, 5, 6, 2, 4, 1]]
Distance: 34
B = 
{(4, 3, 1, 5, 6, 2), (3, 5, 2, 4, 6, 1), (3, 6, 2, 4, 1, 5), (3, 1, 2, 5, 4, 6), (3, 2, 5, 4, 1, 6), (6, 1, 2, 4, 3, 5)}
M(B) = 
[[3, 2, 5, 4, 6, 1], [3, 2, 5, 6, 4, 1], [3, 5, 2, 4, 6, 1], [3, 5, 2, 6, 4, 1], [3, 5, 6, 2, 4, 1]]
Distance: 28
M(A) inter A:
{(3, 2, 4, 1, 5, 6)}
M(B) inter B:
set()

AUB = 
{(6, 5, 4, 1, 3, 2), (5, 4, 6, 3, 1, 2), (3, 5, 2, 4, 6, 1), (3, 6, 2, 4, 1, 5), (1, 2, 5, 3, 6, 4), (3, 2, 4, 1, 5, 6), (6, 5, 2, 3, 1, 4), (3, 2, 5, 4, 1, 6), (5, 2, 6, 1, 4, 3), (3, 1, 2, 5, 4, 6), (6, 1, 2, 4, 3, 5), (4, 3, 1, 5, 6, 2)}
M(AUB) = 
[[3, 2, 5, 4, 6, 1], [3, 2, 5, 6, 4, 1], [3, 5, 2, 4, 6, 1], [3, 5, 2, 6, 4, 1], [3, 5, 6, 2, 4, 1]]
Distance:74

(5)
A = 
{(5, 4, 1, 6, 2, 3), (5, 2, 4, 3, 1, 6), (6, 3, 1, 5, 4, 2), (6, 1, 4, 3, 5, 2), (4, 1, 5, 2, 3, 6), (1, 6, 4, 3, 5, 2)}
M(A) = 
[[5, 1, 6, 4, 3, 2]]
Distance: 31
B = 
{(5, 1, 3, 6, 4, 2), (3, 6, 5, 2, 1, 4), (2, 5, 4, 6, 1, 3), (5, 1, 6, 3, 2, 4), (1, 3, 2, 5, 6, 4), (5, 4, 2, 1, 6, 3)}
M(B) = 
[[5, 1, 6, 4, 3, 2]]
Distance: 28
M(A) inter A:
set()
M(B) inter B:
{(5, 1, 6, 3, 2, 4)}

AUB = 
{(5, 4, 1, 6, 2, 3), (5, 1, 3, 6, 4, 2), (5, 2, 4, 3, 1, 6), (6, 3, 1, 5, 4, 2), (2, 5, 4, 6, 1, 3), (1, 3, 2, 5, 6, 4), (5, 1, 6, 3, 2, 4), (3, 6, 5, 2, 1, 4), (6, 1, 4, 3, 5, 2), (4, 1, 5, 2, 3, 6), (1, 6, 4, 3, 5, 2), (5, 4, 2, 1, 6, 3)}
M(AUB) = 
[[5, 1, 6, 4, 3, 2]]
Distance:65

(6)
A = 
{(5, 1, 2, 4, 6, 3), (5, 2, 4, 6, 3, 1), (3, 5, 2, 1, 6, 4), (3, 1, 6, 4, 2, 5), (1, 6, 4, 3, 5, 2), (5, 2, 4, 1, 3, 6)}
M(A) = 
[[3, 5, 1, 2, 4, 6], [3, 5, 1, 4, 2, 6]]
Distance: 34
B = 
{(3, 5, 1, 4, 6, 2), (2, 3, 4, 6, 5, 1), (3, 1, 6, 4, 5, 2), (1, 3, 2, 5, 6, 4), (4, 2, 6, 5, 3, 1), (5, 1, 4, 3, 6, 2)}
M(B) = 
[[3, 5, 1, 2, 4, 6], [3, 5, 1, 4, 2, 6]]
Distance: 33
M(A) inter A:
set()
M(B) inter B:
{(3, 5, 1, 4, 6, 2)}

AUB = 
{(3, 5, 1, 4, 6, 2), (5, 1, 2, 4, 6, 3), (5, 1, 4, 3, 6, 2), (3, 1, 6, 4, 5, 2), (1, 3, 2, 5, 6, 4), (5, 2, 4, 6, 3, 1), (4, 2, 6, 5, 3, 1), (3, 1, 6, 4, 2, 5), (3, 5, 2, 1, 6, 4), (1, 6, 4, 3, 5, 2), (2, 3, 4, 6, 5, 1), (5, 2, 4, 1, 3, 6)}
M(AUB) = 
[[3, 5, 1, 2, 4, 6], [3, 5, 1, 4, 2, 6]]
Distance:71

(7)
A = 
{(1, 4, 2, 3, 6, 5), (5, 6, 1, 2, 4, 3), (2, 3, 4, 5, 6, 1), (2, 4, 5, 6, 3, 1), (1, 4, 6, 2, 5, 3), (6, 5, 3, 4, 1, 2)}
M(A) = 
[[5, 2, 4, 1, 3, 6]]
Distance: 36
B = 
{(5, 2, 1, 4, 3, 6), (1, 5, 4, 2, 3, 6), (5, 4, 6, 1, 3, 2), (2, 5, 4, 1, 3, 6), (5, 2, 3, 6, 4, 1), (5, 2, 4, 1, 3, 6)}
M(B) = 
[[5, 2, 4, 1, 3, 6]]
Distance: 16
M(A) inter A:
set()
M(B) inter B:
{(5, 2, 4, 1, 3, 6)}

AUB = 
{(5, 2, 3, 6, 4, 1), (5, 2, 1, 4, 3, 6), (1, 4, 2, 3, 6, 5), (1, 5, 4, 2, 3, 6), (5, 6, 1, 2, 4, 3), (5, 4, 6, 1, 3, 2), (2, 3, 4, 5, 6, 1), (2, 5, 4, 1, 3, 6), (2, 4, 5, 6, 3, 1), (1, 4, 6, 2, 5, 3), (6, 5, 3, 4, 1, 2), (5, 2, 4, 1, 3, 6)}
M(AUB) = 
[[5, 2, 4, 1, 3, 6]]
Distance:60

(8)
A = 
{(2, 5, 4, 6, 3, 1), (4, 2, 6, 3, 5, 1), (5, 2, 6, 3, 4, 1), (3, 2, 6, 4, 1, 5), (6, 2, 4, 5, 1, 3), (5, 3, 2, 4, 1, 6)}
M(A) = 
[[2, 5, 4, 1, 6, 3], [2, 5, 4, 6, 1, 3], [2, 5, 4, 6, 3, 1], [5, 2, 4, 1, 6, 3], [5, 2, 4, 6, 1, 3], [5, 2, 4, 6, 3, 1]]
Distance: 25
B = 
{(1, 3, 6, 4, 5, 2), (2, 4, 1, 6, 5, 3), (1, 2, 3, 5, 6, 4), (5, 4, 6, 1, 3, 2), (3, 5, 2, 4, 1, 6), (5, 4, 2, 1, 6, 3)}
M(B) = 
[[2, 5, 4, 1, 6, 3], [2, 5, 4, 6, 1, 3], [2, 5, 4, 6, 3, 1], [5, 2, 4, 1, 6, 3], [5, 2, 4, 6, 1, 3], [5, 2, 4, 6, 3, 1]]
Distance: 35
M(A) inter A:
set()
M(B) inter B:
{(5, 4, 2, 1, 6, 3)}

AUB = 
{(1, 3, 6, 4, 5, 2), (2, 4, 1, 6, 5, 3), (1, 2, 3, 5, 6, 4), (2, 5, 4, 6, 3, 1), (5, 4, 6, 1, 3, 2), (4, 2, 6, 3, 5, 1), (5, 2, 6, 3, 4, 1), (3, 2, 6, 4, 1, 5), (6, 2, 4, 5, 1, 3), (5, 3, 2, 4, 1, 6), (5, 4, 2, 1, 6, 3), (3, 5, 2, 4, 1, 6)}
M(AUB) = 
[[2, 5, 4, 1, 6, 3], [2, 5, 4, 6, 1, 3], [2, 5, 4, 6, 3, 1], [5, 2, 4, 1, 6, 3], [5, 2, 4, 6, 1, 3], [5, 2, 4, 6, 3, 1]]
Distance:70

(9)
A = 
{(6, 1, 3, 2, 4, 5), (1, 3, 2, 6, 5, 4), (5, 1, 3, 2, 4, 6), (6, 4, 1, 3, 2, 5), (3, 5, 2, 6, 1, 4), (2, 3, 6, 5, 1, 4)}
M(A) = 
[[1, 3, 2, 6, 4, 5], [1, 3, 2, 6, 5, 4]]
Distance: 27
B = 
{(3, 1, 4, 6, 5, 2), (2, 1, 6, 4, 3, 5), (5, 4, 3, 6, 1, 2), (1, 2, 6, 4, 5, 3), (3, 5, 4, 2, 6, 1), (6, 2, 1, 4, 5, 3)}
M(B) = 
[[1, 3, 2, 6, 4, 5], [1, 3, 2, 6, 5, 4]]
Distance: 40
M(A) inter A:
set()
M(B) inter B:
{(6, 2, 1, 4, 5, 3), (1, 2, 6, 4, 5, 3), (2, 1, 6, 4, 3, 5)}

AUB = 
{(6, 1, 3, 2, 4, 5), (2, 1, 6, 4, 3, 5), (5, 4, 3, 6, 1, 2), (1, 3, 2, 6, 5, 4), (5, 1, 3, 2, 4, 6), (1, 2, 6, 4, 5, 3), (3, 1, 4, 6, 5, 2), (6, 4, 1, 3, 2, 5), (3, 5, 4, 2, 6, 1), (3, 5, 2, 6, 1, 4), (6, 2, 1, 4, 5, 3), (2, 3, 6, 5, 1, 4)}
M(AUB) = 
[[1, 3, 2, 6, 4, 5], [1, 3, 2, 6, 5, 4]]
Distance:71

(10)
A = 
{(1, 5, 3, 2, 6, 4), (1, 2, 4, 5, 3, 6), (3, 4, 5, 6, 2, 1), (1, 6, 3, 2, 5, 4), (1, 3, 6, 2, 5, 4), (5, 3, 2, 4, 1, 6)}
M(A) = 
[[1, 3, 2, 5, 4, 6], [1, 3, 2, 5, 6, 4], [1, 3, 5, 2, 4, 6], [1, 3, 5, 2, 6, 4], [1, 3, 5, 6, 2, 4]]
Distance: 29
B = 
{(5, 6, 1, 3, 2, 4), (1, 3, 2, 4, 5, 6), (5, 3, 4, 6, 2, 1), (3, 2, 5, 1, 6, 4), (3, 6, 5, 1, 2, 4), (2, 1, 3, 4, 6, 5)}
M(B) = 
[[1, 3, 2, 5, 4, 6], [1, 3, 2, 5, 6, 4], [1, 3, 5, 2, 4, 6], [1, 3, 5, 2, 6, 4], [1, 3, 5, 6, 2, 4]]
Distance: 30
M(A) inter A:
set()
M(B) inter B:
{(3, 2, 5, 1, 6, 4)}

AUB = 
{(1, 5, 3, 2, 6, 4), (5, 6, 1, 3, 2, 4), (1, 3, 2, 4, 5, 6), (3, 6, 5, 1, 2, 4), (5, 3, 4, 6, 2, 1), (1, 2, 4, 5, 3, 6), (3, 4, 5, 6, 2, 1), (1, 6, 3, 2, 5, 4), (3, 2, 5, 1, 6, 4), (1, 3, 6, 2, 5, 4), (5, 3, 2, 4, 1, 6), (2, 1, 3, 4, 6, 5)}
M(AUB) = 
[[1, 3, 2, 5, 4, 6], [1, 3, 2, 5, 6, 4], [1, 3, 5, 2, 4, 6], [1, 3, 5, 2, 6, 4], [1, 3, 5, 6, 2, 4]]
Distance:61

(11)
A = 
{(1, 3, 4, 5, 2, 6), (6, 3, 1, 4, 2, 5), (3, 4, 5, 2, 1, 6), (1, 3, 5, 2, 4, 6), (4, 3, 5, 6, 2, 1), (3, 2, 5, 6, 4, 1)}
M(A) = 
[[3, 1, 4, 5, 2, 6]]
Distance: 27
B = 
{(6, 1, 2, 4, 5, 3), (2, 4, 3, 6, 1, 5), (1, 4, 2, 3, 6, 5), (3, 1, 5, 4, 2, 6), (3, 6, 5, 2, 4, 1), (1, 5, 2, 4, 6, 3)}
M(B) = 
[[3, 1, 4, 5, 2, 6]]
Distance: 33
M(A) inter A:
set()
M(B) inter B:
set()

AUB = 
{(6, 1, 2, 4, 5, 3), (2, 4, 3, 6, 1, 5), (1, 3, 4, 5, 2, 6), (6, 3, 1, 4, 2, 5), (3, 4, 5, 2, 1, 6), (1, 3, 5, 2, 4, 6), (4, 3, 5, 6, 2, 1), (3, 2, 5, 6, 4, 1), (3, 1, 5, 4, 2, 6), (3, 6, 5, 2, 4, 1), (1, 4, 2, 3, 6, 5), (1, 5, 2, 4, 6, 3)}
M(AUB) = 
[[3, 1, 4, 5, 2, 6]]
Distance:68

(12)
A = 
{(4, 1, 2, 3, 6, 5), (2, 6, 1, 5, 4, 3), (5, 1, 2, 3, 4, 6), (1, 6, 3, 4, 5, 2), (5, 2, 6, 4, 1, 3), (3, 1, 6, 2, 5, 4)}
M(A) = 
[[1, 2, 3, 6, 5, 4], [1, 2, 6, 3, 5, 4], [1, 2, 6, 5, 3, 4], [1, 6, 2, 3, 5, 4], [1, 6, 2, 5, 3, 4], [1, 6, 5, 2, 3, 4]]
Distance: 33
B = 
{(6, 2, 3, 1, 5, 4), (2, 1, 6, 4, 5, 3), (1, 3, 4, 2, 5, 6), (1, 3, 5, 4, 6, 2), (4, 6, 5, 2, 1, 3), (5, 3, 1, 6, 4, 2)}
M(B) = 
[[1, 2, 3, 6, 5, 4], [1, 2, 6, 3, 5, 4], [1, 2, 6, 5, 3, 4], [1, 6, 2, 3, 5, 4], [1, 6, 2, 5, 3, 4], [1, 6, 5, 2, 3, 4]]
Distance: 37
M(A) inter A:
{(1, 6, 3, 4, 5, 2)}
M(B) inter B:
{(1, 3, 5, 4, 6, 2)}

AUB = 
{(6, 2, 3, 1, 5, 4), (4, 1, 2, 3, 6, 5), (2, 1, 6, 4, 5, 3), (2, 6, 1, 5, 4, 3), (1, 3, 5, 4, 6, 2), (4, 6, 5, 2, 1, 3), (5, 1, 2, 3, 4, 6), (1, 6, 3, 4, 5, 2), (5, 3, 1, 6, 4, 2), (5, 2, 6, 4, 1, 3), (1, 3, 4, 2, 5, 6), (3, 1, 6, 2, 5, 4)}
M(AUB) = 
[[1, 2, 3, 6, 5, 4], [1, 2, 6, 3, 5, 4], [1, 2, 6, 5, 3, 4], [1, 6, 2, 3, 5, 4], [1, 6, 2, 5, 3, 4], [1, 6, 5, 2, 3, 4]]
Distance:74

(13)
A = 
{(4, 3, 5, 2, 6, 1), (6, 4, 2, 1, 5, 3), (3, 5, 2, 4, 6, 1), (5, 4, 2, 6, 1, 3), (1, 3, 4, 2, 6, 5), (3, 5, 2, 4, 1, 6)}
M(A) = 
[[4, 1, 3, 5, 2, 6]]
Distance: 29
B = 
{(4, 1, 3, 2, 5, 6), (4, 6, 3, 1, 5, 2), (1, 3, 2, 4, 5, 6), (5, 1, 6, 3, 4, 2), (4, 5, 1, 3, 6, 2), (2, 3, 1, 4, 6, 5)}
M(B) = 
[[4, 1, 3, 5, 2, 6]]
Distance: 29
M(A) inter A:
set()
M(B) inter B:
{(4, 1, 3, 2, 5, 6)}

AUB = 
{(4, 1, 3, 2, 5, 6), (4, 6, 3, 1, 5, 2), (4, 3, 5, 2, 6, 1), (2, 3, 1, 4, 6, 5), (6, 4, 2, 1, 5, 3), (5, 1, 6, 3, 4, 2), (3, 5, 2, 4, 6, 1), (5, 4, 2, 6, 1, 3), (4, 5, 1, 3, 6, 2), (1, 3, 4, 2, 6, 5), (1, 3, 2, 4, 5, 6), (3, 5, 2, 4, 1, 6)}
M(AUB) = 
[[4, 1, 3, 5, 2, 6]]
Distance:66

(14)
A = 
{(6, 3, 2, 5, 4, 1), (1, 2, 3, 6, 4, 5), (3, 2, 1, 5, 6, 4), (6, 3, 2, 5, 1, 4), (5, 4, 3, 6, 2, 1), (6, 1, 4, 5, 3, 2)}
M(A) = 
[[6, 5, 1, 3, 2, 4]]
Distance: 30
B = 
{(5, 3, 1, 2, 4, 6), (1, 4, 6, 3, 5, 2), (6, 1, 4, 2, 5, 3), (5, 6, 2, 1, 3, 4), (3, 2, 1, 5, 6, 4), (5, 1, 4, 3, 2, 6)}
M(B) = 
[[6, 5, 1, 3, 2, 4]]
Distance: 34
M(A) inter A:
set()
M(B) inter B:
{(5, 1, 4, 3, 2, 6)}

AUB = 
{(5, 3, 1, 2, 4, 6), (1, 4, 6, 3, 5, 2), (6, 3, 2, 5, 4, 1), (1, 2, 3, 6, 4, 5), (6, 1, 4, 2, 5, 3), (3, 2, 1, 5, 6, 4), (5, 6, 2, 1, 3, 4), (6, 3, 2, 5, 1, 4), (5, 4, 3, 6, 2, 1), (6, 1, 4, 5, 3, 2), (5, 1, 4, 3, 2, 6)}
M(AUB) = 
[[6, 5, 1, 3, 2, 4]]
Distance:67

(15)
A = 
{(5, 3, 1, 2, 6, 4), (5, 4, 2, 6, 1, 3), (1, 2, 5, 6, 3, 4), (3, 4, 2, 6, 1, 5), (4, 5, 2, 6, 1, 3), (5, 2, 1, 6, 3, 4)}
M(A) = 
[[1, 3, 2, 4, 5, 6], [1, 3, 2, 5, 4, 6], [1, 3, 5, 2, 4, 6]]
Distance: 30
B = 
{(3, 2, 1, 4, 6, 5), (6, 1, 3, 5, 2, 4), (1, 4, 3, 5, 2, 6), (1, 3, 4, 2, 6, 5), (3, 1, 2, 5, 4, 6), (2, 4, 1, 3, 5, 6)}
M(B) = 
[[1, 3, 2, 4, 5, 6], [1, 3, 2, 5, 4, 6], [1, 3, 5, 2, 4, 6]]
Distance: 21
M(A) inter A:
set()
M(B) inter B:
set()

AUB = 
{(5, 3, 1, 2, 6, 4), (5, 4, 2, 6, 1, 3), (1, 2, 5, 6, 3, 4), (3, 2, 1, 4, 6, 5), (3, 1, 2, 5, 4, 6), (3, 4, 2, 6, 1, 5), (1, 4, 3, 5, 2, 6), (4, 5, 2, 6, 1, 3), (6, 1, 3, 5, 2, 4), (5, 2, 1, 6, 3, 4), (1, 3, 4, 2, 6, 5), (2, 4, 1, 3, 5, 6)}
M(AUB) = 
[[1, 3, 2, 4, 5, 6], [1, 3, 2, 5, 4, 6], [1, 3, 5, 2, 4, 6]]
Distance:67

(16)
A = 
{(3, 4, 5, 1, 6, 2), (6, 5, 4, 1, 3, 2), (3, 2, 6, 5, 4, 1), (4, 5, 1, 2, 6, 3), (2, 3, 6, 4, 1, 5), (3, 1, 6, 2, 5, 4)}
M(A) = 
[[5, 3, 4, 1, 2, 6], [5, 4, 1, 3, 2, 6], [5, 4, 3, 1, 2, 6]]
Distance: 34
B = 
{(3, 4, 1, 2, 5, 6), (1, 4, 5, 3, 2, 6), (2, 5, 1, 6, 4, 3), (5, 4, 3, 1, 2, 6), (1, 5, 2, 4, 6, 3), (1, 6, 5, 2, 3, 4)}
M(B) = 
[[5, 3, 4, 1, 2, 6], [5, 4, 1, 3, 2, 6], [5, 4, 3, 1, 2, 6]]
Distance: 27
M(A) inter A:
set()
M(B) inter B:
{(1, 5, 2, 4, 6, 3)}

AUB = 
{(3, 4, 5, 1, 6, 2), (6, 5, 4, 1, 3, 2), (3, 4, 1, 2, 5, 6), (3, 2, 6, 5, 4, 1), (1, 5, 2, 4, 6, 3), (2, 5, 1, 6, 4, 3), (5, 4, 3, 1, 2, 6), (1, 4, 5, 3, 2, 6), (4, 5, 1, 2, 6, 3), (1, 6, 5, 2, 3, 4), (2, 3, 6, 4, 1, 5), (3, 1, 6, 2, 5, 4)}
M(AUB) = 
[[5, 3, 4, 1, 2, 6], [5, 4, 1, 3, 2, 6], [5, 4, 3, 1, 2, 6]]
Distance:75

(17)
A = 
{(6, 4, 5, 2, 3, 1), (5, 6, 1, 4, 3, 2), (2, 1, 6, 4, 3, 5), (6, 2, 4, 3, 5, 1), (1, 6, 4, 2, 3, 5), (1, 4, 5, 2, 3, 6)}
M(A) = 
[[1, 6, 4, 5, 2, 3]]
Distance: 29
B = 
{(5, 6, 1, 3, 4, 2), (6, 3, 4, 5, 1, 2), (3, 1, 2, 6, 4, 5), (5, 4, 2, 3, 1, 6), (1, 5, 4, 2, 6, 3), (2, 1, 5, 3, 4, 6)}
M(B) = 
[[1, 6, 4, 5, 2, 3]]
Distance: 35
M(A) inter A:
set()
M(B) inter B:
set()

AUB = 
{(6, 4, 5, 2, 3, 1), (5, 6, 1, 3, 4, 2), (5, 6, 1, 4, 3, 2), (2, 1, 6, 4, 3, 5), (6, 3, 4, 5, 1, 2), (6, 2, 4, 3, 5, 1), (1, 6, 4, 2, 3, 5), (3, 1, 2, 6, 4, 5), (5, 4, 2, 3, 1, 6), (1, 5, 4, 2, 6, 3), (2, 1, 5, 3, 4, 6), (1, 4, 5, 2, 3, 6)}
M(AUB) = 
[[1, 6, 4, 5, 2, 3]]
Distance:72

(18)
A = 
{(6, 2, 3, 5, 1, 4), (4, 1, 5, 6, 3, 2), (1, 2, 4, 5, 3, 6), (6, 4, 2, 1, 5, 3), (1, 6, 5, 3, 2, 4), (6, 5, 4, 3, 2, 1)}
M(A) = 
[[1, 6, 5, 2, 4, 3], [1, 6, 5, 4, 2, 3]]
Distance: 34
B = 
{(1, 6, 5, 4, 2, 3), (2, 1, 3, 6, 5, 4), (4, 6, 1, 5, 3, 2), (6, 5, 3, 2, 1, 4), (4, 1, 5, 2, 3, 6), (2, 5, 1, 3, 6, 4)}
M(B) = 
[[1, 6, 5, 2, 4, 3], [1, 6, 5, 4, 2, 3]]
Distance: 33
M(A) inter A:
set()
M(B) inter B:
{(1, 6, 5, 4, 2, 3)}

AUB = 
{(1, 6, 5, 4, 2, 3), (1, 6, 5, 3, 2, 4), (4, 1, 5, 6, 3, 2), (1, 2, 4, 5, 3, 6), (6, 4, 2, 1, 5, 3), (4, 6, 1, 5, 3, 2), (6, 2, 3, 5, 1, 4), (2, 1, 3, 6, 5, 4), (4, 1, 5, 2, 3, 6), (6, 5, 3, 2, 1, 4), (6, 5, 4, 3, 2, 1), (2, 5, 1, 3, 6, 4)}
M(AUB) = 
[[1, 6, 5, 2, 4, 3], [1, 6, 5, 4, 2, 3]]
Distance:67

(19)
A = 
{(6, 2, 5, 3, 1, 4), (2, 6, 4, 5, 3, 1), (4, 6, 2, 1, 3, 5), (6, 1, 4, 5, 3, 2), (6, 2, 1, 5, 4, 3), (1, 2, 4, 6, 3, 5)}
M(A) = 
[[2, 4, 6, 1, 5, 3], [2, 4, 6, 5, 1, 3]]
Distance: 22
B = 
{(4, 2, 5, 6, 3, 1), (3, 1, 4, 5, 2, 6), (2, 4, 1, 3, 6, 5), (2, 3, 5, 4, 6, 1), (2, 4, 5, 1, 6, 3), (6, 4, 5, 1, 3, 2)}
M(B) = 
[[2, 4, 6, 1, 5, 3], [2, 4, 6, 5, 1, 3]]
Distance: 31
M(A) inter A:
set()
M(B) inter B:
{(4, 2, 5, 6, 3, 1), (2, 4, 5, 1, 6, 3)}

AUB = 
{(6, 2, 5, 3, 1, 4), (4, 2, 5, 6, 3, 1), (3, 1, 4, 5, 2, 6), (2, 6, 4, 5, 3, 1), (2, 4, 1, 3, 6, 5), (4, 6, 2, 1, 3, 5), (6, 1, 4, 5, 3, 2), (2, 3, 5, 4, 6, 1), (2, 4, 5, 1, 6, 3), (6, 4, 5, 1, 3, 2), (6, 2, 1, 5, 4, 3), (1, 2, 4, 6, 3, 5)}
M(AUB) = 
[[2, 4, 6, 1, 5, 3], [2, 4, 6, 5, 1, 3]]
Distance:63

(20)
A = 
{(6, 1, 2, 3, 5, 4), (6, 4, 3, 5, 1, 2), (5, 2, 4, 6, 3, 1), (3, 4, 1, 5, 2, 6), (1, 2, 4, 5, 6, 3), (1, 5, 4, 6, 3, 2)}
M(A) = 
[[4, 1, 5, 6, 3, 2]]
Distance: 36
B = 
{(4, 1, 6, 5, 3, 2), (3, 6, 2, 4, 5, 1), (5, 6, 4, 3, 2, 1), (4, 1, 2, 5, 6, 3), (5, 3, 2, 1, 4, 6), (2, 1, 3, 4, 6, 5)}
M(B) = 
[[4, 1, 5, 6, 3, 2]]
Distance: 38
M(A) inter A:
set()
M(B) inter B:
set()

AUB = 
{(5, 3, 2, 1, 4, 6), (6, 1, 2, 3, 5, 4), (4, 1, 6, 5, 3, 2), (2, 1, 3, 4, 6, 5), (6, 4, 3, 5, 1, 2), (5, 2, 4, 6, 3, 1), (3, 4, 1, 5, 2, 6), (1, 2, 4, 5, 6, 3), (3, 6, 2, 4, 5, 1), (4, 1, 2, 5, 6, 3), (5, 6, 4, 3, 2, 1), (1, 5, 4, 6, 3, 2)}
M(AUB) = 
[[4, 1, 5, 6, 3, 2]]
Distance:76

(21)
A = 
{(6, 2, 3, 5, 4, 1), (6, 1, 5, 3, 2, 4), (3, 2, 5, 4, 1, 6), (3, 4, 1, 5, 2, 6), (6, 2, 1, 3, 5, 4), (1, 6, 5, 2, 3, 4)}
M(A) = 
[[2, 6, 3, 5, 4, 1], [2, 6, 5, 3, 4, 1]]
Distance: 32
B = 
{(5, 3, 1, 2, 6, 4), (2, 4, 6, 3, 5, 1), (2, 6, 5, 4, 3, 1), (2, 4, 1, 6, 3, 5), (2, 6, 1, 5, 3, 4), (4, 6, 5, 1, 3, 2)}
M(B) = 
[[2, 6, 3, 5, 4, 1], [2, 6, 5, 3, 4, 1]]
Distance: 29
M(A) inter A:
set()
M(B) inter B:
{(2, 6, 5, 4, 3, 1)}

AUB = 
{(5, 3, 1, 2, 6, 4), (2, 4, 1, 6, 3, 5), (6, 2, 3, 5, 4, 1), (2, 4, 6, 3, 5, 1), (6, 1, 5, 3, 2, 4), (2, 6, 5, 4, 3, 1), (3, 2, 5, 4, 1, 6), (3, 4, 1, 5, 2, 6), (2, 6, 1, 5, 3, 4), (6, 2, 1, 3, 5, 4), (4, 6, 5, 1, 3, 2), (1, 6, 5, 2, 3, 4)}
M(AUB) = 
[[2, 6, 3, 5, 4, 1], [2, 6, 5, 3, 4, 1]]
Distance:69

(22)
A = 
{(4, 1, 3, 5, 6, 2), (4, 3, 6, 1, 2, 5), (2, 3, 4, 1, 5, 6), (4, 5, 1, 3, 2, 6), (4, 1, 3, 6, 5, 2), (2, 3, 6, 5, 1, 4)}
M(A) = 
[[1, 3, 2, 4, 5, 6], [1, 3, 4, 2, 5, 6]]
Distance: 28
B = 
{(1, 5, 3, 2, 4, 6), (1, 4, 5, 3, 6, 2), (2, 1, 5, 6, 3, 4), (1, 3, 4, 2, 5, 6), (2, 1, 3, 4, 5, 6), (3, 2, 1, 6, 4, 5)}
M(B) = 
[[1, 3, 2, 4, 5, 6], [1, 3, 4, 2, 5, 6]]
Distance: 21
M(A) inter A:
set()
M(B) inter B:
set()

AUB = 
{(1, 5, 3, 2, 4, 6), (4, 1, 3, 5, 6, 2), (4, 3, 6, 1, 2, 5), (2, 3, 4, 1, 5, 6), (2, 1, 3, 4, 5, 6), (1, 3, 4, 2, 5, 6), (2, 1, 5, 6, 3, 4), (1, 4, 5, 3, 6, 2), (4, 5, 1, 3, 2, 6), (4, 1, 3, 6, 5, 2), (3, 2, 1, 6, 4, 5), (2, 3, 6, 5, 1, 4)}
M(AUB) = 
[[1, 3, 2, 4, 5, 6], [1, 3, 4, 2, 5, 6]]
Distance:57

(23)
A = 
{(6, 4, 5, 2, 3, 1), (1, 3, 5, 6, 4, 2), (5, 2, 6, 3, 1, 4), (5, 1, 3, 4, 6, 2), (5, 4, 3, 2, 6, 1), (1, 2, 4, 6, 3, 5)}
M(A) = 
[[5, 1, 3, 4, 2, 6], [5, 1, 3, 4, 6, 2], [5, 1, 4, 3, 2, 6], [5, 1, 4, 3, 6, 2]]
Distance: 37
B = 
{(1, 5, 3, 4, 2, 6), (3, 2, 4, 5, 1, 6), (1, 5, 6, 4, 2, 3), (5, 2, 1, 3, 6, 4), (5, 4, 1, 6, 3, 2), (1, 4, 3, 6, 5, 2)}
M(B) = 
[[5, 1, 3, 4, 2, 6], [5, 1, 3, 4, 6, 2], [5, 1, 4, 3, 2, 6], [5, 1, 4, 3, 6, 2]]
Distance: 28
M(A) inter A:
{(5, 1, 3, 4, 6, 2)}
M(B) inter B:
{(1, 5, 3, 4, 2, 6)}

AUB = 
{(6, 4, 5, 2, 3, 1), (1, 3, 5, 6, 4, 2), (3, 2, 4, 5, 1, 6), (1, 5, 6, 4, 2, 3), (5, 2, 6, 3, 1, 4), (5, 1, 3, 4, 6, 2), (5, 2, 1, 3, 6, 4), (5, 4, 3, 2, 6, 1), (5, 4, 1, 6, 3, 2), (1, 5, 3, 4, 2, 6), (1, 4, 3, 6, 5, 2), (1, 2, 4, 6, 3, 5)}
M(AUB) = 
[[5, 1, 3, 4, 2, 6], [5, 1, 3, 4, 6, 2], [5, 1, 4, 3, 2, 6], [5, 1, 4, 3, 6, 2]]
Distance:65

(24)
A = 
{(4, 5, 6, 2, 3, 1), (2, 3, 5, 1, 6, 4), (3, 4, 6, 1, 5, 2), (1, 6, 4, 2, 3, 5), (2, 6, 3, 5, 4, 1), (5, 6, 3, 4, 2, 1)}
M(A) = 
[[5, 2, 6, 3, 4, 1]]
Distance: 34
B = 
{(2, 5, 4, 3, 1, 6), (5, 3, 4, 2, 1, 6), (2, 3, 5, 1, 6, 4), (2, 6, 3, 1, 5, 4), (5, 1, 4, 6, 2, 3), (5, 2, 1, 6, 3, 4)}
M(B) = 
[[5, 2, 6, 3, 4, 1]]
Distance: 25
M(A) inter A:
set()
M(B) inter B:
set()

AUB = 
{(4, 5, 6, 2, 3, 1), (2, 5, 4, 3, 1, 6), (5, 3, 4, 2, 1, 6), (2, 3, 5, 1, 6, 4), (3, 4, 6, 1, 5, 2), (1, 6, 4, 2, 3, 5), (2, 6, 3, 1, 5, 4), (2, 6, 3, 5, 4, 1), (5, 1, 4, 6, 2, 3), (5, 2, 1, 6, 3, 4), (5, 6, 3, 4, 2, 1)}
M(AUB) = 
[[5, 2, 6, 3, 4, 1]]
Distance:64

(25)
A = 
{(6, 3, 2, 1, 5, 4), (2, 1, 4, 6, 3, 5), (5, 4, 1, 6, 3, 2), (3, 4, 6, 1, 2, 5), (3, 2, 1, 5, 6, 4), (1, 6, 2, 4, 3, 5)}
M(A) = 
[[2, 5, 4, 1, 3, 6], [2, 5, 4, 1, 6, 3], [2, 5, 4, 3, 1, 6], [3, 2, 5, 4, 1, 6], [3, 5, 2, 4, 1, 6], [5, 2, 4, 1, 3, 6], [5, 2, 4, 1, 6, 3], [5, 2, 4, 3, 1, 6], [5, 3, 2, 4, 1, 6], [5, 4, 3, 2, 1, 6]]
Distance: 32
B = 
{(3, 5, 4, 1, 2, 6), (5, 4, 2, 1, 3, 6), (1, 6, 5, 4, 3, 2), (2, 5, 4, 1, 3, 6), (5, 2, 6, 4, 3, 1), (5, 3, 6, 2, 4, 1)}
M(B) = 
[[2, 5, 4, 1, 3, 6], [2, 5, 4, 1, 6, 3], [2, 5, 4, 3, 1, 6], [3, 2, 5, 4, 1, 6], [3, 5, 2, 4, 1, 6], [5, 2, 4, 1, 3, 6], [5, 2, 4, 1, 6, 3], [5, 2, 4, 3, 1, 6], [5, 3, 2, 4, 1, 6], [5, 4, 3, 2, 1, 6]]
Distance: 27
M(A) inter A:
set()
M(B) inter B:
{(5, 4, 2, 1, 3, 6)}

AUB = 
{(6, 3, 2, 1, 5, 4), (3, 5, 4, 1, 2, 6), (2, 1, 4, 6, 3, 5), (1, 6, 5, 4, 3, 2), (5, 4, 2, 1, 3, 6), (5, 3, 6, 2, 4, 1), (5, 4, 1, 6, 3, 2), (3, 4, 6, 1, 2, 5), (5, 2, 6, 4, 3, 1), (3, 2, 1, 5, 6, 4), (2, 5, 4, 1, 3, 6), (1, 6, 2, 4, 3, 5)}
M(AUB) = 
[[2, 5, 4, 1, 3, 6], [2, 5, 4, 1, 6, 3], [2, 5, 4, 3, 1, 6], [3, 2, 5, 4, 1, 6], [3, 5, 2, 4, 1, 6], [5, 2, 4, 1, 3, 6], [5, 2, 4, 1, 6, 3], [5, 2, 4, 3, 1, 6], [5, 3, 2, 4, 1, 6], [5, 4, 3, 2, 1, 6]]
Distance:81

(26)
A = 
{(4, 1, 6, 3, 2, 5), (1, 3, 2, 5, 6, 4), (2, 6, 1, 5, 4, 3), (5, 1, 6, 3, 4, 2), (5, 4, 3, 1, 2, 6), (6, 2, 1, 3, 5, 4)}
M(A) = 
[[1, 2, 5, 3, 4, 6], [1, 2, 5, 3, 6, 4], [1, 3, 2, 5, 4, 6], [1, 3, 2, 5, 6, 4], [1, 5, 3, 2, 4, 6], [1, 5, 3, 2, 6, 4], [2, 1, 5, 3, 4, 6], [2, 1, 5, 3, 6, 4]]
Distance: 33
B = 
{(5, 3, 2, 6, 4, 1), (1, 3, 2, 4, 6, 5), (5, 4, 2, 1, 3, 6), (5, 3, 2, 1, 6, 4), (1, 4, 2, 5, 6, 3), (2, 1, 3, 4, 6, 5)}
M(B) = 
[[1, 2, 5, 3, 4, 6], [1, 2, 5, 3, 6, 4], [1, 3, 2, 5, 4, 6], [1, 3, 2, 5, 6, 4], [1, 5, 3, 2, 4, 6], [1, 5, 3, 2, 6, 4], [2, 1, 5, 3, 4, 6], [2, 1, 5, 3, 6, 4]]
Distance: 30
M(A) inter A:
set()
M(B) inter B:
set()

AUB = 
{(4, 1, 6, 3, 2, 5), (5, 3, 2, 6, 4, 1), (1, 3, 2, 5, 6, 4), (2, 6, 1, 5, 4, 3), (5, 1, 6, 3, 4, 2), (5, 4, 2, 1, 3, 6), (5, 4, 3, 1, 2, 6), (1, 3, 2, 4, 6, 5), (5, 3, 2, 1, 6, 4), (6, 2, 1, 3, 5, 4), (1, 4, 2, 5, 6, 3), (2, 1, 3, 4, 6, 5)}
M(AUB) = 
[[1, 2, 5, 3, 4, 6], [1, 2, 5, 3, 6, 4], [1, 3, 2, 5, 4, 6], [1, 3, 2, 5, 6, 4], [1, 5, 3, 2, 4, 6], [1, 5, 3, 2, 6, 4], [2, 1, 5, 3, 4, 6], [2, 1, 5, 3, 6, 4]]
Distance:71

(27)
A = 
{(3, 2, 5, 4, 6, 1), (3, 1, 5, 6, 4, 2), (5, 1, 6, 3, 2, 4), (5, 3, 4, 1, 2, 6), (1, 2, 5, 6, 3, 4), (1, 4, 2, 6, 3, 5)}
M(A) = 
[[1, 3, 2, 5, 6, 4]]
Distance: 32
B = 
{(1, 3, 6, 2, 5, 4), (1, 4, 6, 3, 2, 5), (2, 6, 1, 4, 5, 3), (5, 2, 1, 6, 3, 4), (2, 1, 4, 3, 5, 6), (1, 6, 3, 2, 4, 5)}
M(B) = 
[[1, 3, 2, 5, 6, 4]]
Distance: 26
M(A) inter A:
set()
M(B) inter B:
{(1, 6, 3, 2, 4, 5)}

AUB = 
{(3, 2, 5, 4, 6, 1), (1, 4, 6, 3, 2, 5), (5, 2, 1, 6, 3, 4), (1, 3, 6, 2, 5, 4), (3, 1, 5, 6, 4, 2), (5, 1, 6, 3, 2, 4), (5, 3, 4, 1, 2, 6), (2, 6, 1, 4, 5, 3), (1, 2, 5, 6, 3, 4), (2, 1, 4, 3, 5, 6), (1, 6, 3, 2, 4, 5), (1, 4, 2, 6, 3, 5)}
M(AUB) = 
[[1, 3, 2, 5, 6, 4]]
Distance:64

(28)
A = 
{(5, 3, 4, 6, 2, 1), (2, 1, 3, 4, 5, 6), (3, 2, 5, 6, 4, 1), (1, 2, 5, 4, 6, 3), (5, 3, 2, 6, 1, 4), (4, 6, 3, 2, 5, 1)}
M(A) = 
[[3, 2, 5, 6, 1, 4], [3, 2, 5, 6, 4, 1], [3, 5, 6, 2, 1, 4], [3, 5, 6, 2, 4, 1], [3, 6, 2, 5, 1, 4], [3, 6, 2, 5, 4, 1], [6, 3, 2, 5, 1, 4], [6, 3, 2, 5, 4, 1]]
Distance: 30
B = 
{(3, 6, 1, 4, 5, 2), (1, 6, 3, 2, 5, 4), (5, 3, 4, 6, 1, 2), (6, 1, 2, 3, 4, 5), (2, 6, 3, 4, 5, 1), (5, 6, 4, 2, 3, 1)}
M(B) = 
[[3, 2, 5, 6, 1, 4], [3, 2, 5, 6, 4, 1], [3, 5, 6, 2, 1, 4], [3, 5, 6, 2, 4, 1], [3, 6, 2, 5, 1, 4], [3, 6, 2, 5, 4, 1], [6, 3, 2, 5, 1, 4], [6, 3, 2, 5, 4, 1]]
Distance: 32
M(A) inter A:
set()
M(B) inter B:
set()

AUB = 
{(5, 3, 4, 6, 2, 1), (6, 1, 2, 3, 4, 5), (3, 6, 1, 4, 5, 2), (2, 1, 3, 4, 5, 6), (1, 6, 3, 2, 5, 4), (3, 2, 5, 6, 4, 1), (1, 2, 5, 4, 6, 3), (5, 3, 4, 6, 1, 2), (5, 3, 2, 6, 1, 4), (2, 6, 3, 4, 5, 1), (4, 6, 3, 2, 5, 1), (5, 6, 4, 2, 3, 1)}
M(AUB) = 
[[3, 2, 5, 6, 1, 4], [3, 2, 5, 6, 4, 1], [3, 5, 6, 2, 1, 4], [3, 5, 6, 2, 4, 1], [3, 6, 2, 5, 1, 4], [3, 6, 2, 5, 4, 1], [6, 3, 2, 5, 1, 4], [6, 3, 2, 5, 4, 1]]
Distance:74

(29)
A = 
{(6, 5, 4, 1, 3, 2), (6, 4, 3, 1, 2, 5), (4, 6, 2, 3, 1, 5), (5, 2, 1, 3, 6, 4), (2, 5, 1, 6, 3, 4), (5, 1, 6, 2, 4, 3)}
M(A) = 
[[6, 2, 5, 4, 1, 3], [6, 2, 5, 4, 3, 1]]
Distance: 34
B = 
{(4, 6, 2, 3, 5, 1), (5, 3, 4, 2, 1, 6), (6, 3, 4, 1, 2, 5), (6, 2, 5, 4, 1, 3), (2, 3, 4, 6, 1, 5), (6, 2, 1, 5, 4, 3)}
M(B) = 
[[6, 2, 5, 4, 1, 3], [6, 2, 5, 4, 3, 1]]
Distance: 31
M(A) inter A:
{(4, 6, 2, 3, 1, 5)}
M(B) inter B:
{(4, 6, 2, 3, 5, 1)}

AUB = 
{(4, 6, 2, 3, 5, 1), (5, 3, 4, 2, 1, 6), (6, 5, 4, 1, 3, 2), (6, 4, 3, 1, 2, 5), (4, 6, 2, 3, 1, 5), (5, 2, 1, 3, 6, 4), (6, 3, 4, 1, 2, 5), (2, 5, 1, 6, 3, 4), (5, 1, 6, 2, 4, 3), (6, 2, 5, 4, 1, 3), (6, 2, 1, 5, 4, 3), (2, 3, 4, 6, 1, 5)}
M(AUB) = 
[[6, 2, 5, 4, 1, 3], [6, 2, 5, 4, 3, 1]]
Distance:67

(30)
A = 
{(4, 3, 5, 2, 6, 1), (6, 2, 1, 5, 3, 4), (4, 6, 3, 5, 1, 2), (1, 3, 2, 5, 6, 4), (1, 2, 5, 4, 3, 6), (4, 3, 1, 2, 6, 5)}
M(A) = 
[[2, 4, 6, 3, 1, 5], [2, 6, 4, 3, 1, 5], [6, 2, 4, 3, 1, 5]]
Distance: 36
B = 
{(6, 4, 5, 2, 3, 1), (6, 2, 3, 1, 5, 4), (2, 4, 5, 3, 6, 1), (2, 4, 1, 6, 3, 5), (6, 5, 3, 1, 2, 4), (1, 6, 2, 5, 4, 3)}
M(B) = 
[[2, 4, 6, 3, 1, 5], [2, 6, 4, 3, 1, 5], [6, 2, 4, 3, 1, 5]]
Distance: 29
M(A) inter A:
set()
M(B) inter B:
set()

AUB = 
{(6, 4, 5, 2, 3, 1), (6, 2, 3, 1, 5, 4), (4, 3, 5, 2, 6, 1), (6, 2, 1, 5, 3, 4), (4, 6, 3, 5, 1, 2), (1, 3, 2, 5, 6, 4), (1, 2, 5, 4, 3, 6), (2, 4, 5, 3, 6, 1), (2, 4, 1, 6, 3, 5), (6, 5, 3, 1, 2, 4), (1, 6, 2, 5, 4, 3), (4, 3, 1, 2, 6, 5)}
M(AUB) = 
[[2, 4, 6, 3, 1, 5], [2, 6, 4, 3, 1, 5], [6, 2, 4, 3, 1, 5]]
Distance:77

(31)
A = 
{(4, 1, 3, 2, 5, 6), (3, 1, 4, 6, 5, 2), (4, 6, 5, 2, 1, 3), (5, 3, 6, 1, 2, 4), (3, 4, 2, 1, 5, 6), (5, 2, 1, 4, 6, 3)}
M(A) = 
[[4, 3, 1, 5, 2, 6], [4, 3, 5, 2, 1, 6], [4, 5, 2, 3, 1, 6], [4, 5, 3, 2, 1, 6], [5, 2, 4, 3, 1, 6], [5, 4, 2, 3, 1, 6], [5, 4, 3, 2, 1, 6]]
Distance: 36
B = 
{(2, 3, 1, 6, 5, 4), (2, 4, 6, 1, 3, 5), (4, 1, 5, 2, 6, 3), (5, 2, 4, 6, 3, 1), (3, 1, 5, 2, 4, 6), (5, 4, 3, 6, 2, 1)}
M(B) = 
[[4, 3, 1, 5, 2, 6], [4, 3, 5, 2, 1, 6], [4, 5, 2, 3, 1, 6], [4, 5, 3, 2, 1, 6], [5, 2, 4, 3, 1, 6], [5, 4, 2, 3, 1, 6], [5, 4, 3, 2, 1, 6]]
Distance: 33
M(A) inter A:
set()
M(B) inter B:
{(5, 2, 4, 6, 3, 1)}

AUB = 
{(4, 1, 3, 2, 5, 6), (2, 3, 1, 6, 5, 4), (3, 1, 4, 6, 5, 2), (2, 4, 6, 1, 3, 5), (4, 6, 5, 2, 1, 3), (4, 1, 5, 2, 6, 3), (5, 3, 6, 1, 2, 4), (3, 4, 2, 1, 5, 6), (5, 2, 4, 6, 3, 1), (5, 2, 1, 4, 6, 3), (5, 4, 3, 6, 2, 1), (3, 1, 5, 2, 4, 6)}
M(AUB) = 
[[4, 3, 1, 5, 2, 6], [4, 3, 5, 2, 1, 6], [4, 5, 2, 3, 1, 6], [4, 5, 3, 2, 1, 6], [5, 2, 4, 3, 1, 6], [5, 4, 2, 3, 1, 6], [5, 4, 3, 2, 1, 6]]
Distance:75

(32)
A = 
{(3, 4, 6, 2, 5, 1), (3, 2, 6, 5, 4, 1), (4, 6, 5, 2, 3, 1), (2, 4, 3, 5, 6, 1), (3, 6, 4, 2, 1, 5), (6, 4, 5, 3, 1, 2)}
M(A) = 
[[2, 6, 4, 5, 3, 1]]
Distance: 22
B = 
{(2, 4, 1, 6, 5, 3), (2, 1, 6, 4, 3, 5), (5, 3, 2, 6, 4, 1), (2, 6, 5, 4, 3, 1), (1, 5, 6, 3, 2, 4), (5, 1, 4, 3, 2, 6)}
M(B) = 
[[2, 6, 4, 5, 3, 1]]
Distance: 32
M(A) inter A:
set()
M(B) inter B:
set()

AUB = 
{(2, 4, 1, 6, 5, 3), (3, 4, 6, 2, 5, 1), (3, 2, 6, 5, 4, 1), (5, 1, 4, 3, 2, 6), (4, 6, 5, 2, 3, 1), (3, 6, 4, 2, 1, 5), (5, 3, 2, 6, 4, 1), (2, 4, 3, 5, 6, 1), (2, 1, 6, 4, 3, 5), (1, 5, 6, 3, 2, 4), (2, 6, 5, 4, 3, 1), (6, 4, 5, 3, 1, 2)}
M(AUB) = 
[[2, 6, 4, 5, 3, 1]]
Distance:70

(33)
A = 
{(4, 1, 5, 3, 2, 6), (4, 5, 6, 1, 2, 3), (4, 1, 5, 6, 2, 3), (2, 6, 4, 1, 3, 5), (5, 1, 6, 2, 3, 4), (4, 3, 6, 5, 2, 1)}
M(A) = 
[[4, 1, 5, 2, 3, 6]]
Distance: 27
B = 
{(2, 4, 5, 1, 3, 6), (3, 4, 1, 2, 6, 5), (4, 6, 2, 1, 5, 3), (1, 3, 6, 5, 2, 4), (5, 3, 2, 1, 6, 4), (4, 2, 1, 5, 3, 6)}
M(B) = 
[[4, 1, 5, 2, 3, 6]]
Distance: 32
M(A) inter A:
set()
M(B) inter B:
{(4, 2, 1, 5, 3, 6)}

AUB = 
{(2, 4, 5, 1, 3, 6), (3, 4, 1, 2, 6, 5), (4, 6, 2, 1, 5, 3), (4, 2, 1, 5, 3, 6), (5, 1, 6, 2, 3, 4), (4, 5, 6, 1, 2, 3), (5, 3, 2, 1, 6, 4), (1, 3, 6, 5, 2, 4), (4, 1, 5, 6, 2, 3), (2, 6, 4, 1, 3, 5), (4, 1, 5, 3, 2, 6), (4, 3, 6, 5, 2, 1)}
M(AUB) = 
[[4, 1, 5, 2, 3, 6]]
Distance:67

(34)
A = 
{(1, 4, 2, 3, 6, 5), (4, 1, 3, 2, 6, 5), (5, 3, 1, 6, 4, 2), (4, 6, 1, 3, 2, 5), (4, 6, 2, 5, 1, 3), (3, 5, 6, 4, 1, 2)}
M(A) = 
[[6, 4, 2, 5, 3, 1]]
Distance: 29
B = 
{(6, 4, 5, 2, 3, 1), (5, 2, 6, 4, 3, 1), (4, 1, 3, 2, 6, 5), (6, 3, 5, 1, 4, 2), (6, 2, 5, 4, 3, 1), (4, 2, 1, 5, 6, 3)}
M(B) = 
[[6, 4, 2, 5, 3, 1]]
Distance: 30
M(A) inter A:
set()
M(B) inter B:
{(6, 4, 5, 2, 3, 1)}

AUB = 
{(6, 4, 5, 2, 3, 1), (1, 4, 2, 3, 6, 5), (6, 3, 5, 1, 4, 2), (4, 2, 1, 5, 6, 3), (6, 2, 5, 4, 3, 1), (4, 1, 3, 2, 6, 5), (5, 2, 6, 4, 3, 1), (5, 3, 1, 6, 4, 2), (4, 6, 1, 3, 2, 5), (4, 6, 2, 5, 1, 3), (3, 5, 6, 4, 1, 2)}
M(AUB) = 
[[6, 4, 2, 5, 3, 1]]
Distance:64

(35)
A = 
{(1, 3, 6, 2, 4, 5), (6, 5, 2, 3, 1, 4), (1, 6, 5, 3, 4, 2), (2, 6, 1, 5, 3, 4), (6, 1, 4, 5, 3, 2), (3, 2, 4, 6, 5, 1)}
M(A) = 
[[1, 6, 2, 3, 4, 5], [1, 6, 2, 3, 5, 4], [1, 6, 2, 5, 3, 4], [1, 6, 3, 2, 4, 5], [1, 6, 3, 2, 5, 4]]
Distance: 28
B = 
{(1, 5, 3, 2, 4, 6), (4, 1, 6, 3, 2, 5), (2, 1, 5, 4, 6, 3), (6, 2, 4, 3, 5, 1), (1, 2, 4, 3, 5, 6), (1, 6, 2, 3, 5, 4)}
M(B) = 
[[1, 6, 2, 3, 4, 5], [1, 6, 2, 3, 5, 4], [1, 6, 2, 5, 3, 4], [1, 6, 3, 2, 4, 5], [1, 6, 3, 2, 5, 4]]
Distance: 28
M(A) inter A:
set()
M(B) inter B:
set()

AUB = 
{(1, 5, 3, 2, 4, 6), (1, 6, 5, 3, 4, 2), (2, 1, 5, 4, 6, 3), (4, 1, 6, 3, 2, 5), (6, 1, 4, 5, 3, 2), (6, 2, 4, 3, 5, 1), (1, 3, 6, 2, 4, 5), (6, 5, 2, 3, 1, 4), (1, 6, 2, 3, 5, 4), (2, 6, 1, 5, 3, 4), (1, 2, 4, 3, 5, 6), (3, 2, 4, 6, 5, 1)}
M(AUB) = 
[[1, 6, 2, 3, 4, 5], [1, 6, 2, 3, 5, 4], [1, 6, 2, 5, 3, 4], [1, 6, 3, 2, 4, 5], [1, 6, 3, 2, 5, 4]]
Distance:66

(36)
A = 
{(1, 3, 6, 5, 4, 2), (1, 2, 3, 5, 4, 6), (4, 5, 6, 3, 2, 1), (3, 1, 5, 4, 2, 6), (5, 2, 1, 6, 4, 3), (4, 1, 2, 6, 5, 3)}
M(A) = 
[[1, 3, 4, 6, 5, 2], [1, 4, 3, 6, 5, 2], [1, 4, 6, 3, 5, 2], [1, 4, 6, 5, 3, 2]]
Distance: 33
B = 
{(1, 3, 6, 4, 5, 2), (5, 1, 4, 2, 6, 3), (1, 3, 2, 4, 6, 5), (1, 3, 6, 2, 5, 4), (4, 6, 5, 3, 2, 1), (1, 6, 4, 5, 2, 3)}
M(B) = 
[[1, 3, 4, 6, 5, 2], [1, 4, 3, 6, 5, 2], [1, 4, 6, 3, 5, 2], [1, 4, 6, 5, 3, 2]]
Distance: 29
M(A) inter A:
set()
M(B) inter B:
{(1, 3, 6, 4, 5, 2)}

AUB = 
{(1, 3, 6, 4, 5, 2), (1, 3, 6, 5, 4, 2), (1, 2, 3, 5, 4, 6), (5, 1, 4, 2, 6, 3), (1, 3, 2, 4, 6, 5), (1, 6, 4, 5, 2, 3), (4, 5, 6, 3, 2, 1), (3, 1, 5, 4, 2, 6), (1, 3, 6, 2, 5, 4), (5, 2, 1, 6, 4, 3), (4, 6, 5, 3, 2, 1), (4, 1, 2, 6, 5, 3)}
M(AUB) = 
[[1, 3, 4, 6, 5, 2], [1, 4, 3, 6, 5, 2], [1, 4, 6, 3, 5, 2], [1, 4, 6, 5, 3, 2]]
Distance:68

(37)
A = 
{(1, 4, 5, 3, 6, 2), (2, 3, 4, 6, 5, 1), (6, 3, 5, 1, 2, 4), (1, 5, 3, 6, 2, 4), (2, 4, 5, 3, 1, 6), (1, 2, 3, 4, 5, 6)}
M(A) = 
[[1, 4, 6, 2, 3, 5], [1, 4, 6, 2, 5, 3], [1, 4, 6, 5, 2, 3]]
Distance: 34
B = 
{(5, 4, 1, 6, 2, 3), (4, 2, 6, 1, 3, 5), (6, 5, 1, 2, 3, 4), (1, 6, 3, 2, 5, 4), (4, 6, 5, 2, 3, 1), (1, 4, 6, 2, 3, 5)}
M(B) = 
[[1, 4, 6, 2, 3, 5], [1, 4, 6, 2, 5, 3], [1, 4, 6, 5, 2, 3]]
Distance: 30
M(A) inter A:
set()
M(B) inter B:
{(1, 4, 6, 2, 3, 5)}

AUB = 
{(5, 4, 1, 6, 2, 3), (4, 2, 6, 1, 3, 5), (1, 4, 6, 2, 3, 5), (1, 4, 5, 3, 6, 2), (2, 3, 4, 6, 5, 1), (1, 6, 3, 2, 5, 4), (6, 5, 1, 2, 3, 4), (4, 6, 5, 2, 3, 1), (6, 3, 5, 1, 2, 4), (1, 5, 3, 6, 2, 4), (2, 4, 5, 3, 1, 6), (1, 2, 3, 4, 5, 6)}
M(AUB) = 
[[1, 4, 6, 2, 3, 5], [1, 4, 6, 2, 5, 3], [1, 4, 6, 5, 2, 3]]
Distance:76

(38)
A = 
{(1, 3, 4, 6, 2, 5), (3, 5, 6, 1, 4, 2), (4, 6, 3, 1, 2, 5), (1, 3, 4, 5, 2, 6), (4, 6, 5, 1, 2, 3), (2, 3, 4, 1, 6, 5)}
M(A) = 
[[1, 4, 2, 3, 5, 6], [1, 4, 2, 3, 6, 5], [4, 1, 2, 3, 5, 6], [4, 1, 2, 3, 6, 5]]
Distance: 29
B = 
{(2, 1, 6, 4, 3, 5), (1, 3, 5, 2, 6, 4), (2, 4, 3, 5, 6, 1), (4, 1, 5, 2, 3, 6), (4, 2, 3, 5, 6, 1), (1, 2, 4, 6, 3, 5)}
M(B) = 
[[1, 4, 2, 3, 5, 6], [1, 4, 2, 3, 6, 5], [4, 1, 2, 3, 5, 6], [4, 1, 2, 3, 6, 5]]
Distance: 26
M(A) inter A:
set()
M(B) inter B:
set()

AUB = 
{(1, 3, 4, 6, 2, 5), (1, 3, 5, 2, 6, 4), (3, 5, 6, 1, 4, 2), (2, 1, 6, 4, 3, 5), (2, 4, 3, 5, 6, 1), (4, 6, 3, 1, 2, 5), (4, 1, 5, 2, 3, 6), (1, 2, 4, 6, 3, 5), (1, 3, 4, 5, 2, 6), (4, 6, 5, 1, 2, 3), (2, 3, 4, 1, 6, 5), (4, 2, 3, 5, 6, 1)}
M(AUB) = 
[[1, 4, 2, 3, 5, 6], [1, 4, 2, 3, 6, 5], [4, 1, 2, 3, 5, 6], [4, 1, 2, 3, 6, 5]]
Distance:65

(39)
A = 
{(4, 6, 2, 3, 5, 1), (3, 1, 6, 4, 5, 2), (5, 3, 6, 1, 2, 4), (1, 6, 5, 3, 2, 4), (5, 2, 4, 3, 6, 1), (2, 3, 4, 6, 1, 5)}
M(A) = 
[[3, 6, 5, 2, 4, 1], [6, 3, 5, 2, 4, 1], [6, 5, 2, 3, 4, 1], [6, 5, 3, 2, 4, 1]]
Distance: 36
B = 
{(4, 1, 6, 2, 3, 5), (5, 4, 2, 3, 6, 1), (6, 4, 5, 3, 2, 1), (6, 3, 2, 4, 1, 5), (5, 2, 3, 1, 6, 4), (6, 3, 5, 2, 4, 1)}
M(B) = 
[[3, 6, 5, 2, 4, 1], [6, 3, 5, 2, 4, 1], [6, 5, 2, 3, 4, 1], [6, 5, 3, 2, 4, 1]]
Distance: 32
M(A) inter A:
set()
M(B) inter B:
{(6, 3, 5, 2, 4, 1), (6, 4, 5, 3, 2, 1)}

AUB = 
{(4, 6, 2, 3, 5, 1), (4, 1, 6, 2, 3, 5), (5, 4, 2, 3, 6, 1), (3, 1, 6, 4, 5, 2), (5, 3, 6, 1, 2, 4), (6, 3, 2, 4, 1, 5), (6, 4, 5, 3, 2, 1), (1, 6, 5, 3, 2, 4), (5, 2, 4, 3, 6, 1), (5, 2, 3, 1, 6, 4), (2, 3, 4, 6, 1, 5), (6, 3, 5, 2, 4, 1)}
M(AUB) = 
[[3, 6, 5, 2, 4, 1], [6, 3, 5, 2, 4, 1], [6, 5, 2, 3, 4, 1], [6, 5, 3, 2, 4, 1]]
Distance:70

(40)
A = 
{(2, 3, 1, 6, 5, 4), (6, 3, 4, 1, 5, 2), (3, 4, 2, 1, 6, 5), (5, 6, 2, 3, 1, 4), (4, 2, 1, 6, 5, 3), (4, 3, 5, 1, 6, 2)}
M(A) = 
[[1, 6, 3, 4, 2, 5], [6, 3, 1, 4, 2, 5]]
Distance: 34
B = 
{(1, 4, 2, 6, 5, 3), (2, 5, 1, 6, 4, 3), (6, 1, 3, 2, 5, 4), (6, 4, 3, 1, 5, 2), (6, 3, 1, 4, 5, 2), (2, 1, 3, 5, 4, 6)}
M(B) = 
[[1, 6, 3, 4, 2, 5], [6, 3, 1, 4, 2, 5]]
Distance: 33
M(A) inter A:
set()
M(B) inter B:
{(6, 1, 3, 2, 5, 4)}

AUB = 
{(2, 3, 1, 6, 5, 4), (6, 3, 4, 1, 5, 2), (1, 4, 2, 6, 5, 3), (2, 5, 1, 6, 4, 3), (3, 4, 2, 1, 6, 5), (5, 6, 2, 3, 1, 4), (4, 2, 1, 6, 5, 3), (6, 4, 3, 1, 5, 2), (6, 1, 3, 2, 5, 4), (6, 3, 1, 4, 5, 2), (4, 3, 5, 1, 6, 2), (2, 1, 3, 5, 4, 6)}
M(AUB) = 
[[1, 6, 3, 4, 2, 5], [6, 3, 1, 4, 2, 5]]
Distance:75

(41)
A = 
{(2, 6, 4, 1, 5, 3), (1, 3, 2, 4, 6, 5), (1, 2, 6, 4, 5, 3), (2, 5, 4, 6, 3, 1), (5, 4, 3, 6, 2, 1), (4, 5, 3, 1, 6, 2)}
M(A) = 
[[1, 2, 4, 3, 6, 5], [1, 3, 2, 4, 6, 5], [2, 1, 4, 3, 6, 5], [2, 4, 1, 3, 6, 5], [2, 4, 3, 1, 6, 5], [2, 4, 3, 6, 1, 5], [3, 1, 2, 4, 6, 5], [3, 2, 1, 4, 6, 5], [3, 2, 4, 1, 6, 5], [3, 2, 4, 6, 1, 5]]
Distance: 35
B = 
{(1, 3, 2, 6, 4, 5), (2, 3, 1, 4, 5, 6), (6, 1, 3, 4, 2, 5), (4, 3, 6, 2, 5, 1), (1, 5, 2, 4, 6, 3), (3, 2, 4, 6, 1, 5)}
M(B) = 
[[1, 2, 4, 3, 6, 5], [1, 3, 2, 4, 6, 5], [2, 1, 4, 3, 6, 5], [2, 4, 1, 3, 6, 5], [2, 4, 3, 1, 6, 5], [2, 4, 3, 6, 1, 5], [3, 1, 2, 4, 6, 5], [3, 2, 1, 4, 6, 5], [3, 2, 4, 1, 6, 5], [3, 2, 4, 6, 1, 5]]
Distance: 29
M(A) inter A:
{(1, 3, 2, 4, 6, 5)}
M(B) inter B:
set()

AUB = 
{(2, 6, 4, 1, 5, 3), (1, 3, 2, 6, 4, 5), (2, 3, 1, 4, 5, 6), (1, 3, 2, 4, 6, 5), (1, 2, 6, 4, 5, 3), (2, 5, 4, 6, 3, 1), (6, 1, 3, 4, 2, 5), (4, 3, 6, 2, 5, 1), (5, 4, 3, 6, 2, 1), (4, 5, 3, 1, 6, 2), (1, 5, 2, 4, 6, 3), (3, 2, 4, 6, 1, 5)}
M(AUB) = 
[[1, 2, 4, 3, 6, 5], [1, 3, 2, 4, 6, 5], [2, 1, 4, 3, 6, 5], [2, 4, 1, 3, 6, 5], [2, 4, 3, 1, 6, 5], [2, 4, 3, 6, 1, 5], [3, 1, 2, 4, 6, 5], [3, 2, 1, 4, 6, 5], [3, 2, 4, 1, 6, 5], [3, 2, 4, 6, 1, 5]]
Distance:74

(42)
A = 
{(1, 6, 5, 4, 2, 3), (5, 3, 1, 2, 6, 4), (3, 5, 1, 4, 6, 2), (4, 1, 6, 3, 2, 5), (6, 5, 2, 4, 1, 3), (4, 5, 2, 1, 6, 3)}
M(A) = 
[[5, 1, 4, 6, 3, 2], [5, 1, 6, 4, 3, 2]]
Distance: 32
B = 
{(4, 1, 5, 6, 3, 2), (1, 3, 4, 2, 5, 6), (2, 5, 4, 6, 3, 1), (1, 5, 6, 4, 3, 2), (5, 2, 6, 1, 4, 3), (6, 5, 1, 3, 4, 2)}
M(B) = 
[[5, 1, 4, 6, 3, 2], [5, 1, 6, 4, 3, 2]]
Distance: 30
M(A) inter A:
set()
M(B) inter B:
{(1, 5, 6, 4, 3, 2)}

AUB = 
{(1, 6, 5, 4, 2, 3), (5, 3, 1, 2, 6, 4), (4, 1, 5, 6, 3, 2), (1, 5, 6, 4, 3, 2), (4, 1, 6, 3, 2, 5), (3, 5, 1, 4, 6, 2), (1, 3, 4, 2, 5, 6), (2, 5, 4, 6, 3, 1), (6, 5, 2, 4, 1, 3), (4, 5, 2, 1, 6, 3), (5, 2, 6, 1, 4, 3), (6, 5, 1, 3, 4, 2)}
M(AUB) = 
[[5, 1, 4, 6, 3, 2], [5, 1, 6, 4, 3, 2]]
Distance:62

(43)
A = 
{(4, 1, 6, 2, 3, 5), (2, 3, 5, 1, 6, 4), (6, 1, 5, 4, 3, 2), (6, 1, 3, 2, 5, 4), (2, 6, 1, 5, 3, 4), (6, 3, 5, 4, 1, 2)}
M(A) = 
[[1, 6, 2, 3, 5, 4], [1, 6, 2, 5, 3, 4], [1, 6, 5, 2, 3, 4], [6, 1, 2, 3, 5, 4], [6, 1, 2, 5, 3, 4], [6, 1, 5, 2, 3, 4]]
Distance: 28
B = 
{(6, 1, 2, 3, 5, 4), (1, 5, 2, 3, 6, 4), (1, 3, 5, 2, 4, 6), (1, 6, 5, 2, 4, 3), (2, 5, 4, 6, 3, 1), (1, 4, 6, 5, 3, 2)}
M(B) = 
[[1, 6, 2, 3, 5, 4], [1, 6, 2, 5, 3, 4], [1, 6, 5, 2, 3, 4], [6, 1, 2, 3, 5, 4], [6, 1, 2, 5, 3, 4], [6, 1, 5, 2, 3, 4]]
Distance: 28
M(A) inter A:
set()
M(B) inter B:
{(1, 6, 5, 2, 4, 3)}

AUB = 
{(4, 1, 6, 2, 3, 5), (6, 1, 2, 3, 5, 4), (2, 3, 5, 1, 6, 4), (6, 1, 5, 4, 3, 2), (1, 6, 5, 2, 4, 3), (2, 5, 4, 6, 3, 1), (1, 5, 2, 3, 6, 4), (6, 1, 3, 2, 5, 4), (1, 3, 5, 2, 4, 6), (2, 6, 1, 5, 3, 4), (1, 4, 6, 5, 3, 2), (6, 3, 5, 4, 1, 2)}
M(AUB) = 
[[1, 6, 2, 3, 5, 4], [1, 6, 2, 5, 3, 4], [1, 6, 5, 2, 3, 4], [6, 1, 2, 3, 5, 4], [6, 1, 2, 5, 3, 4], [6, 1, 5, 2, 3, 4]]
Distance:62

(44)
A = 
{(5, 3, 1, 2, 4, 6), (1, 2, 3, 6, 5, 4), (1, 4, 2, 5, 3, 6), (4, 1, 6, 5, 3, 2), (3, 2, 6, 5, 4, 1), (1, 4, 5, 2, 3, 6)}
M(A) = 
[[1, 3, 2, 4, 6, 5], [1, 5, 3, 2, 4, 6]]
Distance: 32
B = 
{(6, 1, 2, 4, 5, 3), (3, 6, 5, 2, 1, 4), (3, 5, 2, 6, 4, 1), (1, 3, 2, 4, 6, 5), (4, 6, 1, 2, 5, 3), (5, 3, 4, 6, 1, 2)}
M(B) = 
[[1, 3, 2, 4, 6, 5], [1, 5, 3, 2, 4, 6]]
Distance: 36
M(A) inter A:
set()
M(B) inter B:
set()

AUB = 
{(5, 3, 1, 2, 4, 6), (6, 1, 2, 4, 5, 3), (1, 2, 3, 6, 5, 4), (1, 4, 2, 5, 3, 6), (3, 2, 6, 5, 4, 1), (1, 3, 2, 4, 6, 5), (3, 6, 5, 2, 1, 4), (3, 5, 2, 6, 4, 1), (4, 1, 6, 5, 3, 2), (5, 3, 4, 6, 1, 2), (1, 4, 5, 2, 3, 6), (4, 6, 1, 2, 5, 3)}
M(AUB) = 
[[1, 3, 2, 4, 6, 5], [1, 5, 3, 2, 4, 6]]
Distance:76

(45)
A = 
{(1, 2, 3, 6, 4, 5), (2, 1, 6, 3, 5, 4), (6, 1, 3, 5, 4, 2), (2, 4, 6, 5, 3, 1), (6, 4, 5, 1, 3, 2), (1, 2, 3, 4, 5, 6)}
M(A) = 
[[1, 2, 5, 6, 3, 4], [5, 1, 2, 6, 3, 4]]
Distance: 29
B = 
{(5, 6, 3, 1, 4, 2), (2, 1, 6, 3, 5, 4), (5, 3, 6, 1, 2, 4), (5, 1, 2, 6, 4, 3), (2, 4, 5, 1, 6, 3), (1, 2, 4, 3, 5, 6)}
M(B) = 
[[1, 2, 5, 6, 3, 4], [5, 1, 2, 6, 3, 4]]
Distance: 29
M(A) inter A:
set()
M(B) inter B:
{(5, 1, 2, 6, 4, 3)}

AUB = 
{(5, 6, 3, 1, 4, 2), (1, 2, 3, 6, 4, 5), (2, 1, 6, 3, 5, 4), (6, 1, 3, 5, 4, 2), (5, 3, 6, 1, 2, 4), (5, 1, 2, 6, 4, 3), (2, 4, 6, 5, 3, 1), (2, 4, 5, 1, 6, 3), (6, 4, 5, 1, 3, 2), (1, 2, 4, 3, 5, 6), (1, 2, 3, 4, 5, 6)}
M(AUB) = 
[[1, 2, 5, 6, 3, 4], [5, 1, 2, 6, 3, 4]]
Distance:65

(46)
A = 
{(4, 6, 2, 5, 3, 1), (5, 1, 3, 4, 2, 6), (5, 2, 4, 6, 3, 1), (3, 4, 5, 2, 6, 1), (5, 4, 1, 3, 6, 2), (2, 6, 1, 3, 4, 5)}
M(A) = 
[[4, 2, 5, 3, 6, 1], [4, 2, 5, 6, 3, 1], [4, 2, 6, 5, 3, 1], [4, 5, 2, 3, 6, 1], [4, 5, 2, 6, 3, 1]]
Distance: 33
B = 
{(6, 4, 5, 2, 3, 1), (1, 3, 2, 5, 6, 4), (6, 4, 2, 5, 3, 1), (6, 5, 4, 1, 2, 3), (4, 3, 2, 5, 1, 6), (2, 3, 6, 1, 4, 5)}
M(B) = 
[[4, 2, 5, 3, 6, 1], [4, 2, 5, 6, 3, 1], [4, 2, 6, 5, 3, 1], [4, 5, 2, 3, 6, 1], [4, 5, 2, 6, 3, 1]]
Distance: 32
M(A) inter A:
set()
M(B) inter B:
{(6, 4, 2, 5, 3, 1)}

AUB = 
{(4, 6, 2, 5, 3, 1), (6, 4, 5, 2, 3, 1), (5, 1, 3, 4, 2, 6), (1, 3, 2, 5, 6, 4), (5, 2, 4, 6, 3, 1), (5, 4, 1, 3, 6, 2), (6, 4, 2, 5, 3, 1), (3, 4, 5, 2, 6, 1), (2, 6, 1, 3, 4, 5), (4, 3, 2, 5, 1, 6), (6, 5, 4, 1, 2, 3), (2, 3, 6, 1, 4, 5)}
M(AUB) = 
[[4, 2, 5, 3, 6, 1], [4, 2, 5, 6, 3, 1], [4, 2, 6, 5, 3, 1], [4, 5, 2, 3, 6, 1], [4, 5, 2, 6, 3, 1]]
Distance:73

(47)
A = 
{(1, 2, 3, 6, 5, 4), (2, 1, 6, 4, 5, 3), (4, 2, 3, 1, 6, 5), (2, 6, 4, 5, 1, 3), (5, 4, 2, 3, 1, 6), (3, 2, 4, 6, 5, 1)}
M(A) = 
[[2, 1, 3, 4, 6, 5], [2, 1, 3, 6, 4, 5], [2, 3, 1, 4, 6, 5], [2, 3, 1, 6, 4, 5]]
Distance: 28
B = 
{(3, 2, 1, 4, 6, 5), (3, 5, 6, 1, 2, 4), (1, 2, 5, 3, 6, 4), (1, 3, 5, 4, 6, 2), (2, 3, 1, 6, 4, 5), (1, 2, 3, 4, 5, 6)}
M(B) = 
[[2, 1, 3, 4, 6, 5], [2, 1, 3, 6, 4, 5], [2, 3, 1, 4, 6, 5], [2, 3, 1, 6, 4, 5]]
Distance: 24
M(A) inter A:
set()
M(B) inter B:
{(1, 2, 3, 4, 5, 6)}

AUB = 
{(1, 2, 5, 3, 6, 4), (1, 2, 3, 6, 5, 4), (1, 3, 5, 4, 6, 2), (2, 6, 4, 5, 1, 3), (3, 5, 6, 1, 2, 4), (4, 2, 3, 1, 6, 5), (3, 2, 1, 4, 6, 5), (2, 1, 6, 4, 5, 3), (5, 4, 2, 3, 1, 6), (1, 2, 3, 4, 5, 6), (3, 2, 4, 6, 5, 1), (2, 3, 1, 6, 4, 5)}
M(AUB) = 
[[2, 1, 3, 4, 6, 5], [2, 1, 3, 6, 4, 5], [2, 3, 1, 4, 6, 5], [2, 3, 1, 6, 4, 5]]
Distance:60

(48)
A = 
{(2, 3, 1, 5, 6, 4), (5, 3, 4, 1, 2, 6), (2, 4, 3, 5, 6, 1), (1, 4, 3, 6, 2, 5), (2, 1, 5, 3, 6, 4), (1, 4, 5, 2, 3, 6)}
M(A) = 
[[1, 2, 3, 5, 4, 6], [1, 3, 2, 5, 4, 6], [1, 3, 5, 2, 4, 6], [2, 1, 3, 5, 4, 6], [2, 3, 1, 5, 4, 6], [2, 3, 5, 1, 4, 6], [3, 1, 2, 5, 4, 6], [3, 1, 5, 2, 4, 6], [3, 2, 1, 5, 4, 6], [3, 2, 5, 1, 4, 6], [3, 5, 1, 2, 4, 6], [3, 5, 2, 1, 4, 6]]
Distance: 31
B = 
{(3, 5, 1, 2, 4, 6), (3, 4, 5, 2, 1, 6), (3, 2, 6, 1, 5, 4), (4, 1, 6, 3, 5, 2), (2, 5, 1, 4, 3, 6), (5, 1, 2, 3, 4, 6)}
M(B) = 
[[1, 2, 3, 5, 4, 6], [1, 3, 2, 5, 4, 6], [1, 3, 5, 2, 4, 6], [2, 1, 3, 5, 4, 6], [2, 3, 1, 5, 4, 6], [2, 3, 5, 1, 4, 6], [3, 1, 2, 5, 4, 6], [3, 1, 5, 2, 4, 6], [3, 2, 1, 5, 4, 6], [3, 2, 5, 1, 4, 6], [3, 5, 1, 2, 4, 6], [3, 5, 2, 1, 4, 6]]
Distance: 28
M(A) inter A:
set()
M(B) inter B:
{(3, 5, 1, 2, 4, 6)}

AUB = 
{(3, 5, 1, 2, 4, 6), (2, 3, 1, 5, 6, 4), (3, 4, 5, 2, 1, 6), (5, 3, 4, 1, 2, 6), (2, 4, 3, 5, 6, 1), (1, 4, 3, 6, 2, 5), (4, 1, 6, 3, 5, 2), (3, 2, 6, 1, 5, 4), (2, 1, 5, 3, 6, 4), (2, 5, 1, 4, 3, 6), (5, 1, 2, 3, 4, 6), (1, 4, 5, 2, 3, 6)}
M(AUB) = 
[[1, 2, 3, 5, 4, 6], [1, 3, 2, 5, 4, 6], [1, 3, 5, 2, 4, 6], [2, 1, 3, 5, 4, 6], [2, 3, 1, 5, 4, 6], [2, 3, 5, 1, 4, 6], [3, 1, 2, 5, 4, 6], [3, 1, 5, 2, 4, 6], [3, 2, 1, 5, 4, 6], [3, 2, 5, 1, 4, 6], [3, 5, 1, 2, 4, 6], [3, 5, 2, 1, 4, 6]]
Distance:65

(49)
A = 
{(3, 6, 2, 5, 4, 1), (2, 6, 1, 5, 4, 3), (1, 6, 5, 2, 4, 3), (6, 3, 4, 1, 2, 5), (3, 5, 2, 1, 6, 4), (6, 3, 5, 1, 4, 2)}
M(A) = 
[[2, 3, 6, 5, 1, 4], [2, 3, 6, 5, 4, 1], [2, 6, 3, 5, 1, 4], [2, 6, 3, 5, 4, 1], [3, 2, 6, 5, 1, 4], [3, 2, 6, 5, 4, 1]]
Distance: 29
B = 
{(2, 4, 6, 1, 5, 3), (2, 4, 3, 5, 6, 1), (2, 3, 4, 5, 6, 1), (3, 6, 2, 5, 1, 4), (5, 3, 2, 6, 1, 4), (2, 4, 5, 6, 3, 1)}
M(B) = 
[[2, 3, 6, 5, 1, 4], [2, 3, 6, 5, 4, 1], [2, 6, 3, 5, 1, 4], [2, 6, 3, 5, 4, 1], [3, 2, 6, 5, 1, 4], [3, 2, 6, 5, 4, 1]]
Distance: 22
M(A) inter A:
set()
M(B) inter B:
{(2, 3, 4, 5, 6, 1), (2, 4, 3, 5, 6, 1)}

AUB = 
{(3, 6, 2, 5, 4, 1), (5, 3, 2, 6, 1, 4), (2, 4, 6, 1, 5, 3), (2, 6, 1, 5, 4, 3), (1, 6, 5, 2, 4, 3), (2, 3, 4, 5, 6, 1), (2, 4, 3, 5, 6, 1), (6, 3, 4, 1, 2, 5), (3, 5, 2, 1, 6, 4), (3, 6, 2, 5, 1, 4), (6, 3, 5, 1, 4, 2), (2, 4, 5, 6, 3, 1)}
M(AUB) = 
[[2, 3, 6, 5, 1, 4], [2, 3, 6, 5, 4, 1], [2, 6, 3, 5, 1, 4], [2, 6, 3, 5, 4, 1], [3, 2, 6, 5, 1, 4], [3, 2, 6, 5, 4, 1]]
Distance:65

(50)
A = 
{(1, 4, 6, 5, 3, 2), (1, 6, 3, 5, 2, 4), (5, 2, 4, 1, 6, 3), (5, 3, 2, 4, 6, 1), (6, 3, 5, 1, 4, 2), (1, 6, 4, 5, 2, 3)}
M(A) = 
[[1, 6, 3, 5, 2, 4], [1, 6, 5, 2, 3, 4], [1, 6, 5, 2, 4, 3], [1, 6, 5, 3, 2, 4]]
Distance: 31
B = 
{(4, 3, 1, 6, 5, 2), (2, 1, 4, 5, 3, 6), (6, 1, 2, 3, 4, 5), (3, 6, 2, 5, 1, 4), (5, 6, 1, 4, 2, 3), (2, 3, 1, 5, 4, 6)}
M(B) = 
[[1, 6, 3, 5, 2, 4], [1, 6, 5, 2, 3, 4], [1, 6, 5, 2, 4, 3], [1, 6, 5, 3, 2, 4]]
Distance: 38
M(A) inter A:
set()
M(B) inter B:
{(2, 3, 1, 5, 4, 6), (6, 1, 2, 3, 4, 5)}

AUB = 
{(4, 3, 1, 6, 5, 2), (2, 1, 4, 5, 3, 6), (1, 4, 6, 5, 3, 2), (1, 6, 3, 5, 2, 4), (5, 2, 4, 1, 6, 3), (2, 3, 1, 5, 4, 6), (5, 3, 2, 4, 6, 1), (3, 6, 2, 5, 1, 4), (5, 6, 1, 4, 2, 3), (6, 3, 5, 1, 4, 2), (6, 1, 2, 3, 4, 5), (1, 6, 4, 5, 2, 3)}
M(AUB) = 
[[1, 6, 3, 5, 2, 4], [1, 6, 5, 2, 3, 4], [1, 6, 5, 2, 4, 3], [1, 6, 5, 3, 2, 4]]
Distance:75

(51)
A = 
{(1, 2, 6, 3, 4, 5), (3, 2, 6, 5, 4, 1), (5, 3, 4, 6, 1, 2), (3, 4, 1, 5, 2, 6), (2, 3, 4, 5, 6, 1), (4, 1, 2, 6, 5, 3)}
M(A) = 
[[2, 3, 4, 1, 5, 6], [2, 3, 4, 1, 6, 5]]
Distance: 32
B = 
{(2, 4, 3, 6, 1, 5), (5, 3, 4, 2, 1, 6), (4, 1, 2, 5, 6, 3), (2, 6, 3, 1, 4, 5), (2, 3, 1, 5, 4, 6), (2, 1, 3, 6, 4, 5)}
M(B) = 
[[2, 3, 4, 1, 5, 6], [2, 3, 4, 1, 6, 5]]
Distance: 26
M(A) inter A:
set()
M(B) inter B:
set()

AUB = 
{(1, 2, 6, 3, 4, 5), (2, 4, 3, 6, 1, 5), (5, 3, 4, 2, 1, 6), (2, 3, 1, 5, 4, 6), (3, 2, 6, 5, 4, 1), (2, 6, 3, 1, 4, 5), (2, 3, 4, 5, 6, 1), (3, 4, 1, 5, 2, 6), (5, 3, 4, 6, 1, 2), (4, 1, 2, 5, 6, 3), (2, 1, 3, 6, 4, 5), (4, 1, 2, 6, 5, 3)}
M(AUB) = 
[[2, 3, 4, 1, 5, 6], [2, 3, 4, 1, 6, 5]]
Distance:60

(52)
A = 
{(2, 1, 4, 6, 5, 3), (1, 5, 6, 4, 2, 3), (3, 1, 6, 5, 4, 2), (5, 1, 6, 3, 4, 2), (5, 2, 3, 4, 6, 1), (4, 5, 3, 1, 2, 6)}
M(A) = 
[[5, 3, 1, 2, 4, 6], [5, 3, 1, 2, 6, 4], [5, 3, 1, 4, 2, 6]]
Distance: 34
B = 
{(1, 5, 4, 2, 3, 6), (3, 1, 2, 6, 4, 5), (2, 5, 6, 3, 1, 4), (3, 6, 2, 5, 1, 4), (5, 4, 3, 2, 6, 1), (3, 1, 2, 5, 4, 6)}
M(B) = 
[[5, 3, 1, 2, 4, 6], [5, 3, 1, 2, 6, 4], [5, 3, 1, 4, 2, 6]]
Distance: 30
M(A) inter A:
set()
M(B) inter B:
{(3, 1, 2, 5, 4, 6)}

AUB = 
{(5, 2, 3, 4, 6, 1), (1, 5, 6, 4, 2, 3), (1, 5, 4, 2, 3, 6), (3, 1, 2, 6, 4, 5), (3, 1, 6, 5, 4, 2), (5, 1, 6, 3, 4, 2), (3, 6, 2, 5, 1, 4), (2, 1, 4, 6, 5, 3), (5, 4, 3, 2, 6, 1), (2, 5, 6, 3, 1, 4), (3, 1, 2, 5, 4, 6), (4, 5, 3, 1, 2, 6)}
M(AUB) = 
[[5, 3, 1, 2, 4, 6], [5, 3, 1, 2, 6, 4], [5, 3, 1, 4, 2, 6]]
Distance:68

(53)
A = 
{(1, 5, 3, 4, 2, 6), (5, 6, 4, 3, 1, 2), (6, 5, 4, 1, 3, 2), (3, 6, 2, 1, 5, 4), (5, 4, 3, 2, 6, 1), (2, 1, 4, 6, 5, 3)}
M(A) = 
[[4, 3, 2, 6, 1, 5], [4, 3, 6, 1, 2, 5], [4, 3, 6, 1, 5, 2], [4, 3, 6, 2, 1, 5]]
Distance: 35
B = 
{(6, 4, 2, 1, 5, 3), (4, 2, 5, 3, 6, 1), (1, 2, 3, 4, 6, 5), (4, 3, 6, 1, 5, 2), (3, 5, 1, 6, 4, 2), (2, 1, 3, 4, 6, 5)}
M(B) = 
[[4, 3, 2, 6, 1, 5], [4, 3, 6, 1, 2, 5], [4, 3, 6, 1, 5, 2], [4, 3, 6, 2, 1, 5]]
Distance: 34
M(A) inter A:
set()
M(B) inter B:
set()

AUB = 
{(1, 5, 3, 4, 2, 6), (5, 6, 4, 3, 1, 2), (6, 5, 4, 1, 3, 2), (3, 6, 2, 1, 5, 4), (5, 4, 3, 2, 6, 1), (4, 2, 5, 3, 6, 1), (2, 1, 4, 6, 5, 3), (6, 4, 2, 1, 5, 3), (4, 3, 6, 1, 5, 2), (1, 2, 3, 4, 6, 5), (3, 5, 1, 6, 4, 2), (2, 1, 3, 4, 6, 5)}
M(AUB) = 
[[4, 3, 2, 6, 1, 5], [4, 3, 6, 1, 2, 5], [4, 3, 6, 1, 5, 2], [4, 3, 6, 2, 1, 5]]
Distance:81

(54)
A = 
{(2, 4, 6, 3, 1, 5), (2, 5, 4, 3, 6, 1), (5, 3, 1, 6, 4, 2), (1, 4, 2, 3, 5, 6), (5, 1, 4, 3, 2, 6), (3, 2, 5, 6, 1, 4)}
M(A) = 
[[2, 3, 5, 1, 4, 6], [3, 2, 5, 1, 4, 6], [3, 5, 2, 1, 4, 6]]
Distance: 34
B = 
{(4, 2, 1, 6, 3, 5), (1, 5, 2, 4, 3, 6), (3, 5, 2, 1, 6, 4), (5, 2, 3, 1, 4, 6), (6, 3, 5, 2, 4, 1), (3, 1, 6, 2, 5, 4)}
M(B) = 
[[2, 3, 5, 1, 4, 6], [3, 2, 5, 1, 4, 6], [3, 5, 2, 1, 4, 6]]
Distance: 31
M(A) inter A:
set()
M(B) inter B:
{(3, 5, 2, 1, 6, 4)}

AUB = 
{(2, 4, 6, 3, 1, 5), (6, 3, 5, 2, 4, 1), (4, 2, 1, 6, 3, 5), (1, 5, 2, 4, 3, 6), (5, 2, 3, 1, 4, 6), (2, 5, 4, 3, 6, 1), (3, 5, 2, 1, 6, 4), (5, 3, 1, 6, 4, 2), (1, 4, 2, 3, 5, 6), (5, 1, 4, 3, 2, 6), (3, 2, 5, 6, 1, 4), (3, 1, 6, 2, 5, 4)}
M(AUB) = 
[[2, 3, 5, 1, 4, 6], [3, 2, 5, 1, 4, 6], [3, 5, 2, 1, 4, 6]]
Distance:67

(55)
A = 
{(2, 3, 6, 4, 5, 1), (3, 4, 1, 2, 5, 6), (4, 6, 5, 2, 1, 3), (6, 1, 3, 5, 2, 4), (3, 1, 4, 2, 5, 6), (3, 1, 2, 5, 4, 6)}
M(A) = 
[[3, 1, 2, 4, 5, 6], [3, 1, 2, 4, 6, 5], [3, 2, 1, 4, 5, 6], [3, 2, 1, 4, 6, 5]]
Distance: 32
B = 
{(2, 5, 4, 3, 1, 6), (1, 3, 5, 4, 2, 6), (2, 3, 1, 5, 4, 6), (2, 1, 3, 6, 4, 5), (3, 1, 4, 2, 6, 5), (3, 2, 4, 6, 1, 5)}
M(B) = 
[[3, 1, 2, 4, 5, 6], [3, 1, 2, 4, 6, 5], [3, 2, 1, 4, 5, 6], [3, 2, 1, 4, 6, 5]]
Distance: 23
M(A) inter A:
set()
M(B) inter B:
{(2, 3, 1, 5, 4, 6)}

AUB = 
{(2, 5, 4, 3, 1, 6), (2, 3, 6, 4, 5, 1), (3, 4, 1, 2, 5, 6), (4, 6, 5, 2, 1, 3), (6, 1, 3, 5, 2, 4), (1, 3, 5, 4, 2, 6), (3, 1, 4, 2, 5, 6), (3, 1, 2, 5, 4, 6), (2, 3, 1, 5, 4, 6), (2, 1, 3, 6, 4, 5), (3, 1, 4, 2, 6, 5), (3, 2, 4, 6, 1, 5)}
M(AUB) = 
[[3, 1, 2, 4, 5, 6], [3, 1, 2, 4, 6, 5], [3, 2, 1, 4, 5, 6], [3, 2, 1, 4, 6, 5]]
Distance:57

(56)
A = 
{(1, 2, 3, 5, 4, 6), (4, 5, 1, 3, 2, 6), (2, 5, 1, 4, 6, 3), (2, 3, 4, 5, 6, 1), (6, 3, 4, 2, 1, 5), (5, 6, 4, 2, 3, 1)}
M(A) = 
[[5, 2, 3, 4, 6, 1]]
Distance: 36
B = 
{(5, 6, 1, 3, 2, 4), (3, 1, 4, 6, 5, 2), (2, 3, 6, 4, 5, 1), (5, 2, 1, 3, 4, 6), (6, 3, 4, 2, 1, 5), (6, 5, 4, 3, 2, 1)}
M(B) = 
[[5, 2, 3, 4, 6, 1]]
Distance: 34
M(A) inter A:
set()
M(B) inter B:
set()

AUB = 
{(5, 6, 1, 3, 2, 4), (3, 1, 4, 6, 5, 2), (2, 3, 6, 4, 5, 1), (1, 2, 3, 5, 4, 6), (2, 3, 4, 5, 6, 1), (2, 5, 1, 4, 6, 3), (5, 2, 1, 3, 4, 6), (4, 5, 1, 3, 2, 6), (6, 3, 4, 2, 1, 5), (6, 5, 4, 3, 2, 1), (5, 6, 4, 2, 3, 1)}
M(AUB) = 
[[5, 2, 3, 4, 6, 1]]
Distance:70

(57)
A = 
{(4, 2, 6, 1, 3, 5), (1, 5, 2, 3, 4, 6), (4, 3, 2, 5, 6, 1), (3, 1, 5, 4, 2, 6), (4, 5, 6, 1, 2, 3), (3, 2, 1, 5, 6, 4)}
M(A) = 
[[3, 5, 2, 4, 6, 1], [3, 5, 4, 2, 6, 1], [5, 2, 3, 4, 6, 1], [5, 3, 2, 4, 6, 1], [5, 3, 4, 2, 6, 1]]
Distance: 35
B = 
{(3, 5, 1, 4, 6, 2), (5, 2, 3, 4, 6, 1), (5, 2, 4, 6, 1, 3), (6, 5, 2, 1, 4, 3), (1, 5, 3, 6, 2, 4), (6, 3, 4, 5, 2, 1)}
M(B) = 
[[3, 5, 2, 4, 6, 1], [3, 5, 4, 2, 6, 1], [5, 2, 3, 4, 6, 1], [5, 3, 2, 4, 6, 1], [5, 3, 4, 2, 6, 1]]
Distance: 31
M(A) inter A:
set()
M(B) inter B:
set()

AUB = 
{(4, 2, 6, 1, 3, 5), (3, 5, 1, 4, 6, 2), (1, 5, 3, 6, 2, 4), (1, 5, 2, 3, 4, 6), (4, 5, 6, 1, 2, 3), (3, 1, 5, 4, 2, 6), (5, 2, 3, 4, 6, 1), (5, 2, 4, 6, 1, 3), (4, 3, 2, 5, 6, 1), (6, 5, 2, 1, 4, 3), (3, 2, 1, 5, 6, 4), (6, 3, 4, 5, 2, 1)}
M(AUB) = 
[[3, 5, 2, 4, 6, 1], [3, 5, 4, 2, 6, 1], [5, 2, 3, 4, 6, 1], [5, 3, 2, 4, 6, 1], [5, 3, 4, 2, 6, 1]]
Distance:74

(58)
A = 
{(3, 4, 1, 2, 6, 5), (3, 5, 4, 2, 1, 6), (1, 2, 4, 5, 3, 6), (3, 6, 2, 4, 1, 5), (5, 2, 3, 1, 6, 4), (1, 6, 2, 5, 4, 3)}
M(A) = 
[[3, 1, 2, 5, 6, 4], [3, 1, 2, 6, 5, 4], [3, 1, 5, 2, 6, 4], [3, 1, 5, 6, 2, 4], [3, 1, 6, 2, 5, 4], [3, 1, 6, 5, 2, 4], [3, 5, 1, 2, 6, 4], [3, 5, 1, 6, 2, 4], [5, 3, 1, 2, 6, 4], [5, 3, 1, 6, 2, 4]]
Distance: 35
B = 
{(6, 5, 1, 2, 4, 3), (2, 3, 5, 1, 4, 6), (6, 1, 5, 4, 3, 2), (5, 1, 3, 2, 6, 4), (3, 5, 1, 6, 4, 2), (3, 6, 4, 1, 2, 5)}
M(B) = 
[[3, 1, 2, 5, 6, 4], [3, 1, 2, 6, 5, 4], [3, 1, 5, 2, 6, 4], [3, 1, 5, 6, 2, 4], [3, 1, 6, 2, 5, 4], [3, 1, 6, 5, 2, 4], [3, 5, 1, 2, 6, 4], [3, 5, 1, 6, 2, 4], [5, 3, 1, 2, 6, 4], [5, 3, 1, 6, 2, 4]]
Distance: 31
M(A) inter A:
set()
M(B) inter B:
{(3, 5, 1, 6, 4, 2)}

AUB = 
{(3, 4, 1, 2, 6, 5), (3, 5, 4, 2, 1, 6), (2, 3, 5, 1, 4, 6), (1, 2, 4, 5, 3, 6), (6, 1, 5, 4, 3, 2), (6, 5, 1, 2, 4, 3), (3, 6, 2, 4, 1, 5), (5, 2, 3, 1, 6, 4), (1, 6, 2, 5, 4, 3), (5, 1, 3, 2, 6, 4), (3, 5, 1, 6, 4, 2), (3, 6, 4, 1, 2, 5)}
M(AUB) = 
[[3, 1, 2, 5, 6, 4], [3, 1, 2, 6, 5, 4], [3, 1, 5, 2, 6, 4], [3, 1, 5, 6, 2, 4], [3, 1, 6, 2, 5, 4], [3, 1, 6, 5, 2, 4], [3, 5, 1, 2, 6, 4], [3, 5, 1, 6, 2, 4], [5, 3, 1, 2, 6, 4], [5, 3, 1, 6, 2, 4]]
Distance:72

(59)
A = 
{(2, 1, 5, 4, 3, 6), (5, 4, 2, 6, 1, 3), (6, 5, 3, 2, 1, 4), (3, 1, 5, 4, 2, 6), (6, 1, 2, 3, 4, 5), (3, 2, 1, 5, 4, 6)}
M(A) = 
[[2, 1, 5, 3, 4, 6], [2, 1, 5, 4, 3, 6], [2, 1, 5, 4, 6, 3], [2, 5, 1, 3, 4, 6], [2, 5, 1, 4, 3, 6], [2, 5, 1, 4, 6, 3], [2, 5, 3, 1, 4, 6], [2, 5, 3, 4, 1, 6], [2, 5, 3, 4, 6, 1], [2, 5, 4, 1, 3, 6], [2, 5, 4, 1, 6, 3], [2, 5, 4, 3, 1, 6], [2, 5, 4, 3, 6, 1], [2, 5, 4, 6, 1, 3], [2, 5, 4, 6, 3, 1], [5, 2, 1, 3, 4, 6], [5, 2, 1, 4, 3, 6], [5, 2, 1, 4, 6, 3], [5, 2, 3, 1, 4, 6], [5, 2, 3, 4, 1, 6], [5, 2, 3, 4, 6, 1], [5, 2, 4, 1, 3, 6], [5, 2, 4, 1, 6, 3], [5, 2, 4, 3, 1, 6], [5, 2, 4, 3, 6, 1], [5, 2, 4, 6, 1, 3], [5, 2, 4, 6, 3, 1]]
Distance: 34
B = 
{(6, 3, 4, 1, 5, 2), (5, 2, 3, 4, 6, 1), (2, 4, 5, 1, 6, 3), (2, 4, 5, 6, 3, 1), (1, 2, 4, 3, 5, 6), (5, 2, 4, 1, 3, 6)}
M(B) = 
[[2, 1, 5, 3, 4, 6], [2, 1, 5, 4, 3, 6], [2, 1, 5, 4, 6, 3], [2, 5, 1, 3, 4, 6], [2, 5, 1, 4, 3, 6], [2, 5, 1, 4, 6, 3], [2, 5, 3, 1, 4, 6], [2, 5, 3, 4, 1, 6], [2, 5, 3, 4, 6, 1], [2, 5, 4, 1, 3, 6], [2, 5, 4, 1, 6, 3], [2, 5, 4, 3, 1, 6], [2, 5, 4, 3, 6, 1], [2, 5, 4, 6, 1, 3], [2, 5, 4, 6, 3, 1], [5, 2, 1, 3, 4, 6], [5, 2, 1, 4, 3, 6], [5, 2, 1, 4, 6, 3], [5, 2, 3, 1, 4, 6], [5, 2, 3, 4, 1, 6], [5, 2, 3, 4, 6, 1], [5, 2, 4, 1, 3, 6], [5, 2, 4, 1, 6, 3], [5, 2, 4, 3, 1, 6], [5, 2, 4, 3, 6, 1], [5, 2, 4, 6, 1, 3], [5, 2, 4, 6, 3, 1]]
Distance: 28
M(A) inter A:
set()
M(B) inter B:
{(2, 4, 5, 6, 3, 1), (2, 4, 5, 1, 6, 3)}

AUB = 
{(6, 3, 4, 1, 5, 2), (3, 1, 5, 4, 2, 6), (5, 4, 2, 6, 1, 3), (2, 4, 5, 1, 6, 3), (6, 5, 3, 2, 1, 4), (2, 4, 5, 6, 3, 1), (2, 1, 5, 4, 3, 6), (5, 2, 3, 4, 6, 1), (6, 1, 2, 3, 4, 5), (3, 2, 1, 5, 4, 6), (1, 2, 4, 3, 5, 6), (5, 2, 4, 1, 3, 6)}
M(AUB) = 
[[2, 1, 5, 3, 4, 6], [2, 1, 5, 4, 3, 6], [2, 1, 5, 4, 6, 3], [2, 5, 1, 3, 4, 6], [2, 5, 1, 4, 3, 6], [2, 5, 1, 4, 6, 3], [2, 5, 3, 1, 4, 6], [2, 5, 3, 4, 1, 6], [2, 5, 3, 4, 6, 1], [2, 5, 4, 1, 3, 6], [2, 5, 4, 1, 6, 3], [2, 5, 4, 3, 1, 6], [2, 5, 4, 3, 6, 1], [2, 5, 4, 6, 1, 3], [2, 5, 4, 6, 3, 1], [5, 2, 1, 3, 4, 6], [5, 2, 1, 4, 3, 6], [5, 2, 1, 4, 6, 3], [5, 2, 3, 1, 4, 6], [5, 2, 3, 4, 1, 6], [5, 2, 3, 4, 6, 1], [5, 2, 4, 1, 3, 6], [5, 2, 4, 1, 6, 3], [5, 2, 4, 3, 1, 6], [5, 2, 4, 3, 6, 1], [5, 2, 4, 6, 1, 3], [5, 2, 4, 6, 3, 1]]
Distance:72

(60)
A = 
{(1, 3, 4, 6, 2, 5), (5, 3, 2, 6, 4, 1), (1, 3, 2, 5, 4, 6), (6, 1, 4, 3, 5, 2), (4, 1, 2, 6, 3, 5), (1, 5, 4, 2, 6, 3)}
M(A) = 
[[4, 6, 3, 2, 5, 1]]
Distance: 32
B = 
{(6, 3, 2, 4, 5, 1), (2, 6, 5, 1, 3, 4), (2, 5, 4, 6, 3, 1), (3, 6, 5, 4, 2, 1), (4, 3, 5, 6, 1, 2), (4, 6, 3, 2, 5, 1)}
M(B) = 
[[4, 6, 3, 2, 5, 1]]
Distance: 27
M(A) inter A:
set()
M(B) inter B:
{(4, 6, 3, 2, 5, 1), (6, 3, 2, 4, 5, 1)}

AUB = 
{(1, 3, 4, 6, 2, 5), (4, 1, 2, 6, 3, 5), (2, 6, 5, 1, 3, 4), (4, 3, 5, 6, 1, 2), (2, 5, 4, 6, 3, 1), (1, 3, 2, 5, 4, 6), (4, 6, 3, 2, 5, 1), (6, 1, 4, 3, 5, 2), (5, 3, 2, 6, 4, 1), (1, 5, 4, 2, 6, 3), (3, 6, 5, 4, 2, 1), (6, 3, 2, 4, 5, 1)}
M(AUB) = 
[[4, 6, 3, 2, 5, 1]]
Distance:77

(61)
A = 
{(1, 3, 2, 6, 4, 5), (3, 4, 2, 5, 6, 1), (5, 3, 6, 2, 1, 4), (4, 6, 2, 1, 3, 5), (5, 3, 2, 1, 6, 4), (6, 3, 5, 1, 2, 4)}
M(A) = 
[[2, 6, 1, 3, 4, 5], [2, 6, 3, 1, 4, 5], [6, 3, 2, 1, 4, 5]]
Distance: 32
B = 
{(1, 5, 2, 6, 4, 3), (1, 2, 6, 4, 5, 3), (6, 3, 4, 1, 2, 5), (4, 6, 3, 2, 1, 5), (2, 5, 6, 1, 3, 4), (2, 6, 4, 1, 3, 5)}
M(B) = 
[[2, 6, 1, 3, 4, 5], [2, 6, 3, 1, 4, 5], [6, 3, 2, 1, 4, 5]]
Distance: 28
M(A) inter A:
set()
M(B) inter B:
{(2, 6, 4, 1, 3, 5)}

AUB = 
{(1, 3, 2, 6, 4, 5), (1, 5, 2, 6, 4, 3), (3, 4, 2, 5, 6, 1), (5, 3, 6, 2, 1, 4), (1, 2, 6, 4, 5, 3), (4, 6, 2, 1, 3, 5), (6, 3, 4, 1, 2, 5), (5, 3, 2, 1, 6, 4), (6, 3, 5, 1, 2, 4), (2, 5, 6, 1, 3, 4), (4, 6, 3, 2, 1, 5), (2, 6, 4, 1, 3, 5)}
M(AUB) = 
[[2, 6, 1, 3, 4, 5], [2, 6, 3, 1, 4, 5], [6, 3, 2, 1, 4, 5]]
Distance:72

(62)
A = 
{(4, 2, 6, 1, 3, 5), (5, 1, 3, 4, 2, 6), (6, 4, 5, 1, 2, 3), (5, 4, 6, 1, 3, 2), (1, 4, 5, 2, 3, 6), (6, 1, 3, 4, 5, 2)}
M(A) = 
[[4, 6, 1, 3, 5, 2], [4, 6, 1, 5, 3, 2], [6, 1, 3, 4, 5, 2], [6, 1, 4, 3, 5, 2], [6, 1, 4, 5, 3, 2]]
Distance: 29
B = 
{(6, 3, 1, 5, 2, 4), (6, 1, 4, 5, 2, 3), (5, 2, 4, 3, 6, 1), (3, 5, 1, 6, 2, 4), (1, 3, 4, 2, 5, 6), (3, 2, 4, 6, 1, 5)}
M(B) = 
[[4, 6, 1, 3, 5, 2], [4, 6, 1, 5, 3, 2], [6, 1, 3, 4, 5, 2], [6, 1, 4, 3, 5, 2], [6, 1, 4, 5, 3, 2]]
Distance: 34
M(A) inter A:
set()
M(B) inter B:
set()

AUB = 
{(4, 2, 6, 1, 3, 5), (6, 3, 1, 5, 2, 4), (5, 1, 3, 4, 2, 6), (6, 1, 4, 5, 2, 3), (5, 4, 6, 1, 3, 2), (5, 2, 4, 3, 6, 1), (6, 4, 5, 1, 2, 3), (3, 5, 1, 6, 2, 4), (1, 4, 5, 2, 3, 6), (6, 1, 3, 4, 5, 2), (1, 3, 4, 2, 5, 6), (3, 2, 4, 6, 1, 5)}
M(AUB) = 
[[4, 6, 1, 3, 5, 2], [4, 6, 1, 5, 3, 2], [6, 1, 3, 4, 5, 2], [6, 1, 4, 3, 5, 2], [6, 1, 4, 5, 3, 2]]
Distance:75

(63)
A = 
{(5, 6, 2, 4, 1, 3), (1, 3, 2, 6, 5, 4), (3, 4, 6, 1, 5, 2), (5, 4, 2, 6, 1, 3), (2, 4, 6, 5, 1, 3), (2, 1, 4, 5, 6, 3)}
M(A) = 
[[2, 1, 4, 5, 6, 3], [2, 1, 5, 4, 6, 3], [2, 5, 1, 4, 6, 3], [5, 2, 1, 4, 6, 3]]
Distance: 33
B = 
{(2, 1, 4, 5, 3, 6), (5, 1, 6, 2, 3, 4), (5, 1, 4, 2, 3, 6), (4, 2, 3, 1, 5, 6), (5, 2, 1, 6, 3, 4), (1, 6, 4, 3, 2, 5)}
M(B) = 
[[2, 1, 4, 5, 6, 3], [2, 1, 5, 4, 6, 3], [2, 5, 1, 4, 6, 3], [5, 2, 1, 4, 6, 3]]
Distance: 31
M(A) inter A:
{(2, 1, 4, 5, 6, 3)}
M(B) inter B:
{(2, 1, 4, 5, 3, 6), (5, 1, 4, 2, 3, 6)}

AUB = 
{(4, 2, 3, 1, 5, 6), (5, 6, 2, 4, 1, 3), (2, 1, 4, 5, 3, 6), (1, 3, 2, 6, 5, 4), (3, 4, 6, 1, 5, 2), (5, 4, 2, 6, 1, 3), (5, 1, 4, 2, 3, 6), (2, 4, 6, 5, 1, 3), (5, 2, 1, 6, 3, 4), (1, 6, 4, 3, 2, 5), (2, 1, 4, 5, 6, 3), (5, 1, 6, 2, 3, 4)}
M(AUB) = 
[[2, 1, 4, 5, 6, 3], [2, 1, 5, 4, 6, 3], [2, 5, 1, 4, 6, 3], [5, 2, 1, 4, 6, 3]]
Distance:68

(64)
A = 
{(2, 1, 5, 4, 6, 3), (6, 1, 5, 4, 3, 2), (4, 5, 1, 2, 6, 3), (3, 5, 1, 6, 4, 2), (4, 6, 3, 5, 2, 1), (6, 4, 1, 3, 5, 2)}
M(A) = 
[[1, 3, 5, 4, 6, 2], [1, 3, 5, 6, 4, 2], [1, 4, 3, 5, 6, 2], [1, 5, 4, 3, 6, 2], [1, 5, 4, 6, 3, 2], [1, 5, 6, 4, 3, 2], [5, 1, 4, 3, 6, 2], [5, 1, 4, 6, 3, 2], [5, 1, 6, 4, 3, 2]]
Distance: 33
B = 
{(3, 5, 1, 2, 6, 4), (5, 6, 1, 3, 2, 4), (1, 3, 6, 5, 2, 4), (4, 5, 1, 3, 6, 2), (3, 2, 1, 5, 4, 6), (1, 4, 2, 3, 5, 6)}
M(B) = 
[[1, 3, 5, 4, 6, 2], [1, 3, 5, 6, 4, 2], [1, 4, 3, 5, 6, 2], [1, 5, 4, 3, 6, 2], [1, 5, 4, 6, 3, 2], [1, 5, 6, 4, 3, 2], [5, 1, 4, 3, 6, 2], [5, 1, 4, 6, 3, 2], [5, 1, 6, 4, 3, 2]]
Distance: 27
M(A) inter A:
set()
M(B) inter B:
set()

AUB = 
{(3, 5, 1, 2, 6, 4), (5, 6, 1, 3, 2, 4), (1, 3, 6, 5, 2, 4), (2, 1, 5, 4, 6, 3), (6, 1, 5, 4, 3, 2), (4, 5, 1, 3, 6, 2), (3, 2, 1, 5, 4, 6), (4, 5, 1, 2, 6, 3), (3, 5, 1, 6, 4, 2), (4, 6, 3, 5, 2, 1), (6, 4, 1, 3, 5, 2), (1, 4, 2, 3, 5, 6)}
M(AUB) = 
[[1, 3, 5, 4, 6, 2], [1, 3, 5, 6, 4, 2], [1, 4, 3, 5, 6, 2], [1, 5, 4, 3, 6, 2], [1, 5, 4, 6, 3, 2], [1, 5, 6, 4, 3, 2], [5, 1, 4, 3, 6, 2], [5, 1, 4, 6, 3, 2], [5, 1, 6, 4, 3, 2]]
Distance:70

(65)
A = 
{(3, 4, 2, 1, 5, 6), (1, 2, 6, 4, 5, 3), (3, 1, 2, 5, 6, 4), (3, 2, 1, 5, 4, 6), (5, 6, 4, 3, 2, 1), (4, 2, 1, 5, 6, 3)}
M(A) = 
[[1, 5, 4, 6, 2, 3], [1, 5, 4, 6, 3, 2], [1, 5, 6, 3, 4, 2], [1, 5, 6, 4, 2, 3], [1, 5, 6, 4, 3, 2]]
Distance: 32
B = 
{(6, 1, 2, 3, 5, 4), (5, 1, 3, 4, 6, 2), (5, 1, 4, 6, 2, 3), (6, 5, 4, 1, 3, 2), (6, 2, 5, 1, 3, 4), (4, 1, 6, 5, 2, 3)}
M(B) = 
[[1, 5, 4, 6, 2, 3], [1, 5, 4, 6, 3, 2], [1, 5, 6, 3, 4, 2], [1, 5, 6, 4, 2, 3], [1, 5, 6, 4, 3, 2]]
Distance: 25
M(A) inter A:
set()
M(B) inter B:
set()

AUB = 
{(3, 4, 2, 1, 5, 6), (6, 1, 2, 3, 5, 4), (5, 1, 3, 4, 6, 2), (1, 2, 6, 4, 5, 3), (5, 1, 4, 6, 2, 3), (3, 1, 2, 5, 6, 4), (4, 1, 6, 5, 2, 3), (3, 2, 1, 5, 4, 6), (5, 6, 4, 3, 2, 1), (4, 2, 1, 5, 6, 3), (6, 2, 5, 1, 3, 4), (6, 5, 4, 1, 3, 2)}
M(AUB) = 
[[1, 5, 4, 6, 2, 3], [1, 5, 4, 6, 3, 2], [1, 5, 6, 3, 4, 2], [1, 5, 6, 4, 2, 3], [1, 5, 6, 4, 3, 2]]
Distance:75

(66)
A = 
{(6, 4, 1, 5, 3, 2), (5, 6, 1, 4, 3, 2), (4, 2, 6, 5, 1, 3), (5, 3, 4, 2, 1, 6), (2, 4, 3, 5, 6, 1), (1, 2, 5, 3, 6, 4)}
M(A) = 
[[4, 1, 2, 5, 3, 6], [4, 1, 2, 5, 6, 3], [4, 1, 2, 6, 5, 3], [4, 1, 3, 2, 5, 6], [4, 1, 3, 2, 6, 5], [4, 1, 5, 3, 2, 6], [4, 2, 5, 6, 1, 3], [4, 2, 6, 1, 5, 3], [4, 2, 6, 5, 1, 3], [4, 5, 1, 3, 2, 6], [4, 5, 6, 1, 3, 2], [4, 6, 1, 2, 5, 3], [4, 6, 1, 3, 2, 5], [4, 6, 1, 5, 3, 2], [4, 6, 5, 1, 3, 2], [6, 4, 1, 2, 5, 3], [6, 4, 1, 3, 2, 5], [6, 4, 1, 5, 3, 2], [6, 4, 5, 1, 3, 2]]
Distance: 35
B = 
{(6, 3, 4, 1, 5, 2), (1, 2, 5, 6, 4, 3), (5, 1, 3, 2, 4, 6), (1, 4, 3, 6, 2, 5), (6, 4, 3, 2, 1, 5), (4, 2, 3, 6, 5, 1)}
M(B) = 
[[4, 1, 2, 5, 3, 6], [4, 1, 2, 5, 6, 3], [4, 1, 2, 6, 5, 3], [4, 1, 3, 2, 5, 6], [4, 1, 3, 2, 6, 5], [4, 1, 5, 3, 2, 6], [4, 2, 5, 6, 1, 3], [4, 2, 6, 1, 5, 3], [4, 2, 6, 5, 1, 3], [4, 5, 1, 3, 2, 6], [4, 5, 6, 1, 3, 2], [4, 6, 1, 2, 5, 3], [4, 6, 1, 3, 2, 5], [4, 6, 1, 5, 3, 2], [4, 6, 5, 1, 3, 2], [6, 4, 1, 2, 5, 3], [6, 4, 1, 3, 2, 5], [6, 4, 1, 5, 3, 2], [6, 4, 5, 1, 3, 2]]
Distance: 36
M(A) inter A:
set()
M(B) inter B:
{(1, 4, 3, 6, 2, 5)}

AUB = 
{(6, 3, 4, 1, 5, 2), (1, 2, 5, 3, 6, 4), (5, 6, 1, 4, 3, 2), (1, 2, 5, 6, 4, 3), (5, 1, 3, 2, 4, 6), (1, 4, 3, 6, 2, 5), (4, 2, 6, 5, 1, 3), (5, 3, 4, 2, 1, 6), (2, 4, 3, 5, 6, 1), (6, 4, 1, 5, 3, 2), (6, 4, 3, 2, 1, 5), (4, 2, 3, 6, 5, 1)}
M(AUB) = 
[[4, 1, 2, 5, 3, 6], [4, 1, 2, 5, 6, 3], [4, 1, 2, 6, 5, 3], [4, 1, 3, 2, 5, 6], [4, 1, 3, 2, 6, 5], [4, 1, 5, 3, 2, 6], [4, 2, 5, 6, 1, 3], [4, 2, 6, 1, 5, 3], [4, 2, 6, 5, 1, 3], [4, 5, 1, 3, 2, 6], [4, 5, 6, 1, 3, 2], [4, 6, 1, 2, 5, 3], [4, 6, 1, 3, 2, 5], [4, 6, 1, 5, 3, 2], [4, 6, 5, 1, 3, 2], [6, 4, 1, 2, 5, 3], [6, 4, 1, 3, 2, 5], [6, 4, 1, 5, 3, 2], [6, 4, 5, 1, 3, 2]]
Distance:81

(67)
A = 
{(6, 3, 5, 2, 1, 4), (2, 3, 5, 6, 4, 1), (5, 6, 4, 1, 2, 3), (4, 5, 2, 1, 6, 3), (5, 2, 6, 4, 1, 3), (4, 6, 1, 3, 2, 5)}
M(A) = 
[[2, 3, 5, 6, 4, 1], [2, 4, 3, 5, 6, 1]]
Distance: 29
B = 
{(2, 3, 5, 6, 1, 4), (6, 3, 2, 5, 4, 1), (4, 3, 1, 5, 2, 6), (2, 3, 1, 6, 4, 5), (2, 1, 4, 3, 5, 6), (4, 5, 3, 6, 2, 1)}
M(B) = 
[[2, 3, 5, 6, 4, 1], [2, 4, 3, 5, 6, 1]]
Distance: 32
M(A) inter A:
set()
M(B) inter B:
set()

AUB = 
{(2, 3, 5, 6, 1, 4), (6, 3, 2, 5, 4, 1), (6, 3, 5, 2, 1, 4), (4, 3, 1, 5, 2, 6), (2, 3, 1, 6, 4, 5), (2, 3, 5, 6, 4, 1), (5, 6, 4, 1, 2, 3), (4, 5, 2, 1, 6, 3), (2, 1, 4, 3, 5, 6), (5, 2, 6, 4, 1, 3), (4, 6, 1, 3, 2, 5), (4, 5, 3, 6, 2, 1)}
M(AUB) = 
[[2, 3, 5, 6, 4, 1], [2, 4, 3, 5, 6, 1]]
Distance:73

(68)
A = 
{(5, 1, 3, 4, 6, 2), (4, 6, 1, 5, 3, 2), (5, 3, 2, 6, 4, 1), (5, 1, 2, 3, 6, 4), (1, 6, 4, 3, 5, 2), (3, 1, 4, 2, 6, 5)}
M(A) = 
[[4, 5, 1, 3, 2, 6], [4, 5, 3, 1, 2, 6], [4, 5, 3, 2, 1, 6], [4, 5, 3, 2, 6, 1]]
Distance: 32
B = 
{(4, 3, 6, 2, 5, 1), (5, 4, 3, 2, 6, 1), (6, 4, 5, 3, 2, 1), (2, 4, 6, 5, 1, 3), (4, 1, 2, 6, 3, 5), (3, 5, 2, 1, 6, 4)}
M(B) = 
[[4, 5, 1, 3, 2, 6], [4, 5, 3, 1, 2, 6], [4, 5, 3, 2, 1, 6], [4, 5, 3, 2, 6, 1]]
Distance: 29
M(A) inter A:
set()
M(B) inter B:
set()

AUB = 
{(2, 4, 6, 5, 1, 3), (5, 3, 2, 6, 4, 1), (4, 1, 2, 6, 3, 5), (4, 6, 1, 5, 3, 2), (6, 4, 5, 3, 2, 1), (4, 3, 6, 2, 5, 1), (5, 1, 3, 4, 6, 2), (5, 1, 2, 3, 6, 4), (3, 5, 2, 1, 6, 4), (1, 6, 4, 3, 5, 2), (3, 1, 4, 2, 6, 5), (5, 4, 3, 2, 6, 1)}
M(AUB) = 
[[4, 5, 1, 3, 2, 6], [4, 5, 3, 1, 2, 6], [4, 5, 3, 2, 1, 6], [4, 5, 3, 2, 6, 1]]
Distance:75

(69)
A = 
{(3, 6, 5, 4, 1, 2), (4, 3, 5, 2, 1, 6), (5, 2, 4, 6, 1, 3), (2, 6, 1, 5, 3, 4), (2, 6, 4, 3, 1, 5), (2, 5, 1, 3, 4, 6)}
M(A) = 
[[3, 4, 2, 5, 6, 1], [3, 4, 5, 2, 6, 1], [3, 5, 4, 2, 6, 1]]
Distance: 35
B = 
{(3, 4, 2, 1, 5, 6), (1, 3, 5, 4, 2, 6), (6, 3, 4, 2, 1, 5), (4, 5, 3, 6, 1, 2), (1, 2, 4, 5, 6, 3), (3, 5, 6, 4, 1, 2)}
M(B) = 
[[3, 4, 2, 5, 6, 1], [3, 4, 5, 2, 6, 1], [3, 5, 4, 2, 6, 1]]
Distance: 30
M(A) inter A:
set()
M(B) inter B:
set()

AUB = 
{(3, 4, 2, 1, 5, 6), (3, 6, 5, 4, 1, 2), (1, 3, 5, 4, 2, 6), (1, 2, 4, 5, 6, 3), (4, 3, 5, 2, 1, 6), (4, 5, 3, 6, 1, 2), (5, 2, 4, 6, 1, 3), (2, 6, 1, 5, 3, 4), (6, 3, 4, 2, 1, 5), (2, 6, 4, 3, 1, 5), (3, 5, 6, 4, 1, 2), (2, 5, 1, 3, 4, 6)}
M(AUB) = 
[[3, 4, 2, 5, 6, 1], [3, 4, 5, 2, 6, 1], [3, 5, 4, 2, 6, 1]]
Distance:75

(70)
A = 
{(1, 2, 6, 5, 4, 3), (5, 4, 6, 2, 3, 1), (2, 5, 6, 3, 1, 4), (2, 5, 4, 3, 6, 1), (2, 1, 5, 3, 4, 6), (1, 4, 2, 3, 5, 6)}
M(A) = 
[[5, 1, 2, 4, 3, 6], [5, 1, 2, 4, 6, 3], [5, 1, 4, 2, 3, 6], [5, 1, 4, 2, 6, 3]]
Distance: 27
B = 
{(5, 4, 3, 6, 1, 2), (5, 1, 6, 4, 2, 3), (1, 5, 2, 4, 3, 6), (1, 6, 4, 2, 5, 3), (5, 1, 2, 3, 6, 4), (5, 1, 4, 2, 6, 3)}
M(B) = 
[[5, 1, 2, 4, 3, 6], [5, 1, 2, 4, 6, 3], [5, 1, 4, 2, 3, 6], [5, 1, 4, 2, 6, 3]]
Distance: 21
M(A) inter A:
set()
M(B) inter B:
{(5, 1, 6, 4, 2, 3), (5, 1, 4, 2, 6, 3)}

AUB = 
{(1, 2, 6, 5, 4, 3), (5, 4, 3, 6, 1, 2), (5, 4, 6, 2, 3, 1), (5, 1, 6, 4, 2, 3), (2, 5, 6, 3, 1, 4), (1, 6, 4, 2, 5, 3), (1, 5, 2, 4, 3, 6), (2, 5, 4, 3, 6, 1), (5, 1, 2, 3, 6, 4), (2, 1, 5, 3, 4, 6), (1, 4, 2, 3, 5, 6), (5, 1, 4, 2, 6, 3)}
M(AUB) = 
[[5, 1, 2, 4, 3, 6], [5, 1, 2, 4, 6, 3], [5, 1, 4, 2, 3, 6], [5, 1, 4, 2, 6, 3]]
Distance:56

(71)
A = 
{(2, 6, 5, 4, 1, 3), (1, 2, 3, 5, 4, 6), (2, 5, 4, 1, 6, 3), (3, 4, 1, 5, 2, 6), (3, 6, 1, 5, 2, 4), (2, 1, 6, 3, 4, 5)}
M(A) = 
[[5, 4, 1, 2, 3, 6]]
Distance: 33
B = 
{(4, 1, 2, 5, 3, 6), (5, 3, 1, 6, 2, 4), (4, 1, 5, 2, 3, 6), (6, 5, 1, 3, 4, 2), (4, 2, 5, 3, 1, 6), (5, 4, 2, 6, 3, 1)}
M(B) = 
[[5, 4, 1, 2, 3, 6]]
Distance: 28
M(A) inter A:
set()
M(B) inter B:
set()

AUB = 
{(4, 1, 2, 5, 3, 6), (2, 6, 5, 4, 1, 3), (4, 2, 5, 3, 1, 6), (1, 2, 3, 5, 4, 6), (2, 5, 4, 1, 6, 3), (5, 4, 2, 6, 3, 1), (3, 4, 1, 5, 2, 6), (5, 3, 1, 6, 2, 4), (4, 1, 5, 2, 3, 6), (6, 5, 1, 3, 4, 2), (3, 6, 1, 5, 2, 4), (2, 1, 6, 3, 4, 5)}
M(AUB) = 
[[5, 4, 1, 2, 3, 6]]
Distance:73

(72)
A = 
{(5, 6, 2, 4, 1, 3), (2, 1, 5, 4, 6, 3), (4, 5, 3, 6, 2, 1), (3, 2, 4, 5, 1, 6), (4, 5, 1, 3, 2, 6), (2, 5, 1, 6, 3, 4)}
M(A) = 
[[2, 4, 5, 1, 3, 6]]
Distance: 29
B = 
{(4, 3, 1, 6, 5, 2), (1, 3, 4, 2, 5, 6), (5, 1, 6, 3, 2, 4), (2, 4, 3, 5, 6, 1), (4, 3, 1, 6, 2, 5), (2, 1, 4, 5, 6, 3)}
M(B) = 
[[2, 4, 5, 1, 3, 6]]
Distance: 31
M(A) inter A:
set()
M(B) inter B:
set()

AUB = 
{(4, 3, 1, 6, 5, 2), (5, 6, 2, 4, 1, 3), (2, 1, 5, 4, 6, 3), (4, 5, 3, 6, 2, 1), (5, 1, 6, 3, 2, 4), (3, 2, 4, 5, 1, 6), (2, 4, 3, 5, 6, 1), (4, 3, 1, 6, 2, 5), (4, 5, 1, 3, 2, 6), (2, 5, 1, 6, 3, 4), (2, 1, 4, 5, 6, 3), (1, 3, 4, 2, 5, 6)}
M(AUB) = 
[[2, 4, 5, 1, 3, 6]]
Distance:68

(73)
A = 
{(3, 2, 4, 5, 6, 1), (6, 5, 2, 1, 4, 3), (2, 6, 3, 4, 5, 1), (5, 6, 4, 1, 2, 3), (2, 3, 4, 6, 5, 1), (2, 5, 6, 3, 4, 1)}
M(A) = 
[[2, 4, 5, 3, 6, 1], [2, 4, 5, 6, 3, 1], [2, 5, 3, 6, 4, 1], [2, 5, 6, 3, 4, 1], [2, 5, 6, 4, 3, 1]]
Distance: 25
B = 
{(4, 2, 1, 5, 3, 6), (4, 3, 1, 5, 2, 6), (5, 3, 6, 1, 2, 4), (2, 4, 5, 3, 6, 1), (6, 4, 2, 5, 3, 1), (5, 1, 2, 6, 3, 4)}
M(B) = 
[[2, 4, 5, 3, 6, 1], [2, 4, 5, 6, 3, 1], [2, 5, 3, 6, 4, 1], [2, 5, 6, 3, 4, 1], [2, 5, 6, 4, 3, 1]]
Distance: 33
M(A) inter A:
set()
M(B) inter B:
{(2, 4, 5, 3, 6, 1)}

AUB = 
{(4, 2, 1, 5, 3, 6), (4, 3, 1, 5, 2, 6), (5, 3, 6, 1, 2, 4), (2, 4, 5, 3, 6, 1), (3, 2, 4, 5, 6, 1), (6, 5, 2, 1, 4, 3), (6, 4, 2, 5, 3, 1), (2, 6, 3, 4, 5, 1), (5, 6, 4, 1, 2, 3), (5, 1, 2, 6, 3, 4), (2, 3, 4, 6, 5, 1), (2, 5, 6, 3, 4, 1)}
M(AUB) = 
[[2, 4, 5, 3, 6, 1], [2, 4, 5, 6, 3, 1], [2, 5, 3, 6, 4, 1], [2, 5, 6, 3, 4, 1], [2, 5, 6, 4, 3, 1]]
Distance:64

(74)
A = 
{(6, 5, 4, 3, 1, 2), (6, 5, 1, 2, 3, 4), (4, 6, 1, 5, 3, 2), (3, 1, 2, 6, 5, 4), (5, 3, 6, 1, 4, 2), (2, 4, 6, 3, 1, 5)}
M(A) = 
[[1, 2, 3, 6, 5, 4], [1, 2, 6, 3, 5, 4], [1, 2, 6, 5, 3, 4], [1, 3, 2, 6, 5, 4], [3, 1, 2, 6, 5, 4]]
Distance: 31
B = 
{(3, 4, 2, 1, 5, 6), (2, 1, 6, 4, 3, 5), (1, 2, 6, 3, 5, 4), (5, 1, 3, 4, 6, 2), (5, 1, 2, 3, 6, 4), (2, 3, 1, 5, 6, 4)}
M(B) = 
[[1, 2, 3, 6, 5, 4], [1, 2, 6, 3, 5, 4], [1, 2, 6, 5, 3, 4], [1, 3, 2, 6, 5, 4], [3, 1, 2, 6, 5, 4]]
Distance: 26
M(A) inter A:
set()
M(B) inter B:
set()

AUB = 
{(3, 4, 2, 1, 5, 6), (2, 1, 6, 4, 3, 5), (1, 2, 6, 3, 5, 4), (6, 5, 4, 3, 1, 2), (4, 6, 1, 5, 3, 2), (5, 3, 6, 1, 4, 2), (3, 1, 2, 6, 5, 4), (6, 5, 1, 2, 3, 4), (5, 1, 3, 4, 6, 2), (5, 1, 2, 3, 6, 4), (2, 3, 1, 5, 6, 4), (2, 4, 6, 3, 1, 5)}
M(AUB) = 
[[1, 2, 3, 6, 5, 4], [1, 2, 6, 3, 5, 4], [1, 2, 6, 5, 3, 4], [1, 3, 2, 6, 5, 4], [3, 1, 2, 6, 5, 4]]
Distance:75

(75)
A = 
{(3, 1, 5, 2, 6, 4), (4, 1, 3, 5, 2, 6), (3, 5, 4, 6, 2, 1), (2, 4, 1, 3, 6, 5), (5, 4, 3, 1, 6, 2), (6, 1, 2, 5, 4, 3)}
M(A) = 
[[4, 3, 1, 5, 6, 2], [4, 3, 1, 6, 5, 2]]
Distance: 34
B = 
{(1, 5, 6, 4, 2, 3), (6, 5, 3, 2, 1, 4), (4, 6, 5, 2, 3, 1), (4, 3, 1, 5, 6, 2), (2, 6, 4, 5, 3, 1), (3, 2, 1, 6, 4, 5)}
M(B) = 
[[4, 3, 1, 5, 6, 2], [4, 3, 1, 6, 5, 2]]
Distance: 34
M(A) inter A:
set()
M(B) inter B:
set()

AUB = 
{(5, 4, 3, 1, 6, 2), (4, 1, 3, 5, 2, 6), (3, 5, 4, 6, 2, 1), (6, 5, 3, 2, 1, 4), (2, 6, 4, 5, 3, 1), (4, 3, 1, 5, 6, 2), (4, 6, 5, 2, 3, 1), (2, 4, 1, 3, 6, 5), (3, 1, 5, 2, 6, 4), (6, 1, 2, 5, 4, 3), (1, 5, 6, 4, 2, 3), (3, 2, 1, 6, 4, 5)}
M(AUB) = 
[[4, 3, 1, 5, 6, 2], [4, 3, 1, 6, 5, 2]]
Distance:78

(76)
A = 
{(4, 1, 3, 5, 6, 2), (3, 1, 4, 2, 5, 6), (1, 5, 4, 2, 6, 3), (2, 3, 1, 4, 6, 5), (5, 4, 1, 2, 6, 3), (1, 6, 4, 3, 5, 2)}
M(A) = 
[[1, 4, 3, 5, 2, 6]]
Distance: 26
B = 
{(1, 3, 5, 6, 4, 2), (1, 5, 6, 4, 3, 2), (3, 4, 2, 1, 6, 5), (2, 3, 1, 4, 6, 5), (5, 4, 2, 1, 6, 3), (1, 2, 3, 4, 5, 6)}
M(B) = 
[[1, 4, 3, 5, 2, 6]]
Distance: 31
M(A) inter A:
set()
M(B) inter B:
set()

AUB = 
{(1, 3, 5, 6, 4, 2), (4, 1, 3, 5, 6, 2), (1, 5, 6, 4, 3, 2), (3, 4, 2, 1, 6, 5), (3, 1, 4, 2, 5, 6), (1, 5, 4, 2, 6, 3), (2, 3, 1, 4, 6, 5), (5, 4, 1, 2, 6, 3), (1, 6, 4, 3, 5, 2), (5, 4, 2, 1, 6, 3), (1, 2, 3, 4, 5, 6)}
M(AUB) = 
[[1, 4, 3, 5, 2, 6]]
Distance:52

(77)
A = 
{(6, 1, 2, 4, 5, 3), (4, 3, 6, 1, 2, 5), (5, 1, 4, 2, 6, 3), (3, 4, 6, 5, 2, 1), (1, 5, 2, 6, 3, 4), (3, 6, 4, 1, 2, 5)}
M(A) = 
[[4, 6, 1, 2, 3, 5], [4, 6, 1, 2, 5, 3], [4, 6, 1, 3, 2, 5], [4, 6, 1, 3, 5, 2], [4, 6, 1, 5, 2, 3], [4, 6, 1, 5, 3, 2], [4, 6, 3, 1, 2, 5], [4, 6, 3, 1, 5, 2], [6, 4, 1, 2, 3, 5], [6, 4, 1, 2, 5, 3], [6, 4, 1, 3, 2, 5], [6, 4, 1, 3, 5, 2], [6, 4, 1, 5, 2, 3], [6, 4, 1, 5, 3, 2], [6, 4, 3, 1, 2, 5], [6, 4, 3, 1, 5, 2]]
Distance: 37
B = 
{(2, 6, 5, 3, 4, 1), (6, 4, 1, 3, 2, 5), (6, 4, 3, 1, 5, 2), (4, 5, 3, 6, 1, 2), (1, 5, 4, 2, 6, 3), (1, 2, 3, 4, 5, 6)}
M(B) = 
[[4, 6, 1, 2, 3, 5], [4, 6, 1, 2, 5, 3], [4, 6, 1, 3, 2, 5], [4, 6, 1, 3, 5, 2], [4, 6, 1, 5, 2, 3], [4, 6, 1, 5, 3, 2], [4, 6, 3, 1, 2, 5], [4, 6, 3, 1, 5, 2], [6, 4, 1, 2, 3, 5], [6, 4, 1, 2, 5, 3], [6, 4, 1, 3, 2, 5], [6, 4, 1, 3, 5, 2], [6, 4, 1, 5, 2, 3], [6, 4, 1, 5, 3, 2], [6, 4, 3, 1, 2, 5], [6, 4, 3, 1, 5, 2]]
Distance: 36
M(A) inter A:
set()
M(B) inter B:
{(6, 4, 3, 1, 5, 2), (6, 4, 1, 3, 2, 5)}

AUB = 
{(6, 1, 2, 4, 5, 3), (2, 6, 5, 3, 4, 1), (4, 3, 6, 1, 2, 5), (3, 6, 4, 1, 2, 5), (3, 4, 6, 5, 2, 1), (6, 4, 1, 3, 2, 5), (1, 5, 2, 6, 3, 4), (6, 4, 3, 1, 5, 2), (4, 5, 3, 6, 1, 2), (1, 5, 4, 2, 6, 3), (5, 1, 4, 2, 6, 3), (1, 2, 3, 4, 5, 6)}
M(AUB) = 
[[4, 6, 1, 2, 3, 5], [4, 6, 1, 2, 5, 3], [4, 6, 1, 3, 2, 5], [4, 6, 1, 3, 5, 2], [4, 6, 1, 5, 2, 3], [4, 6, 1, 5, 3, 2], [4, 6, 3, 1, 2, 5], [4, 6, 3, 1, 5, 2], [6, 4, 1, 2, 3, 5], [6, 4, 1, 2, 5, 3], [6, 4, 1, 3, 2, 5], [6, 4, 1, 3, 5, 2], [6, 4, 1, 5, 2, 3], [6, 4, 1, 5, 3, 2], [6, 4, 3, 1, 2, 5], [6, 4, 3, 1, 5, 2]]
Distance:73

(78)
A = 
{(3, 4, 5, 1, 6, 2), (4, 2, 3, 1, 6, 5), (1, 2, 5, 4, 3, 6), (5, 4, 3, 6, 2, 1), (1, 4, 6, 2, 3, 5), (3, 6, 5, 4, 2, 1)}
M(A) = 
[[4, 1, 3, 6, 2, 5], [4, 2, 1, 3, 5, 6], [4, 2, 1, 3, 6, 5], [4, 2, 1, 5, 3, 6], [4, 2, 3, 1, 5, 6], [4, 2, 3, 1, 6, 5], [4, 3, 1, 6, 2, 5], [4, 3, 2, 1, 5, 6], [4, 3, 2, 1, 6, 5], [4, 3, 6, 2, 1, 5]]
Distance: 33
B = 
{(4, 3, 2, 6, 1, 5), (2, 4, 5, 1, 3, 6), (4, 1, 5, 6, 3, 2), (2, 5, 6, 3, 1, 4), (6, 2, 4, 1, 5, 3), (1, 4, 3, 6, 5, 2)}
M(B) = 
[[4, 1, 3, 6, 2, 5], [4, 2, 1, 3, 5, 6], [4, 2, 1, 3, 6, 5], [4, 2, 1, 5, 3, 6], [4, 2, 3, 1, 5, 6], [4, 2, 3, 1, 6, 5], [4, 3, 1, 6, 2, 5], [4, 3, 2, 1, 5, 6], [4, 3, 2, 1, 6, 5], [4, 3, 6, 2, 1, 5]]
Distance: 34
M(A) inter A:
set()
M(B) inter B:
set()

AUB = 
{(3, 4, 5, 1, 6, 2), (4, 3, 2, 6, 1, 5), (4, 2, 3, 1, 6, 5), (4, 1, 5, 6, 3, 2), (1, 4, 3, 6, 5, 2), (2, 5, 6, 3, 1, 4), (1, 2, 5, 4, 3, 6), (6, 2, 4, 1, 5, 3), (5, 4, 3, 6, 2, 1), (1, 4, 6, 2, 3, 5), (3, 6, 5, 4, 2, 1), (2, 4, 5, 1, 3, 6)}
M(AUB) = 
[[4, 1, 3, 6, 2, 5], [4, 2, 1, 3, 5, 6], [4, 2, 1, 3, 6, 5], [4, 2, 1, 5, 3, 6], [4, 2, 3, 1, 5, 6], [4, 2, 3, 1, 6, 5], [4, 3, 1, 6, 2, 5], [4, 3, 2, 1, 5, 6], [4, 3, 2, 1, 6, 5], [4, 3, 6, 2, 1, 5]]
Distance:73

(79)
A = 
{(1, 5, 6, 2, 3, 4), (6, 4, 2, 3, 5, 1), (1, 6, 3, 5, 2, 4), (6, 1, 3, 5, 2, 4), (2, 6, 3, 5, 4, 1), (2, 4, 1, 5, 6, 3)}
M(A) = 
[[1, 2, 4, 6, 3, 5], [1, 2, 6, 3, 4, 5], [1, 2, 6, 3, 5, 4], [1, 2, 6, 4, 3, 5], [1, 6, 2, 3, 4, 5], [1, 6, 2, 3, 5, 4], [1, 6, 2, 4, 3, 5]]
Distance: 30
B = 
{(1, 2, 5, 4, 3, 6), (4, 1, 3, 5, 6, 2), (1, 4, 3, 6, 2, 5), (4, 2, 6, 1, 5, 3), (2, 5, 3, 1, 6, 4), (1, 2, 3, 4, 5, 6)}
M(B) = 
[[1, 2, 4, 6, 3, 5], [1, 2, 6, 3, 4, 5], [1, 2, 6, 3, 5, 4], [1, 2, 6, 4, 3, 5], [1, 6, 2, 3, 4, 5], [1, 6, 2, 3, 5, 4], [1, 6, 2, 4, 3, 5]]
Distance: 26
M(A) inter A:
set()
M(B) inter B:
set()

AUB = 
{(1, 5, 6, 2, 3, 4), (6, 4, 2, 3, 5, 1), (4, 1, 3, 5, 6, 2), (1, 6, 3, 5, 2, 4), (1, 2, 5, 4, 3, 6), (6, 1, 3, 5, 2, 4), (1, 4, 3, 6, 2, 5), (2, 6, 3, 5, 4, 1), (4, 2, 6, 1, 5, 3), (1, 2, 3, 4, 5, 6), (2, 5, 3, 1, 6, 4), (2, 4, 1, 5, 6, 3)}
M(AUB) = 
[[1, 2, 4, 6, 3, 5], [1, 2, 6, 3, 4, 5], [1, 2, 6, 3, 5, 4], [1, 2, 6, 4, 3, 5], [1, 6, 2, 3, 4, 5], [1, 6, 2, 3, 5, 4], [1, 6, 2, 4, 3, 5]]
Distance:72

(80)
A = 
{(2, 6, 5, 3, 4, 1), (5, 2, 6, 3, 1, 4), (5, 3, 4, 2, 1, 6), (5, 4, 2, 3, 1, 6), (3, 2, 4, 5, 6, 1), (1, 6, 4, 3, 5, 2)}
M(A) = 
[[2, 5, 6, 3, 4, 1], [2, 5, 6, 4, 3, 1], [5, 2, 6, 3, 4, 1], [5, 2, 6, 4, 3, 1]]
Distance: 31
B = 
{(4, 2, 5, 6, 1, 3), (2, 6, 3, 4, 1, 5), (4, 1, 6, 5, 3, 2), (5, 6, 4, 3, 2, 1), (6, 2, 1, 5, 4, 3), (3, 2, 5, 6, 1, 4)}
M(B) = 
[[2, 5, 6, 3, 4, 1], [2, 5, 6, 4, 3, 1], [5, 2, 6, 3, 4, 1], [5, 2, 6, 4, 3, 1]]
Distance: 34
M(A) inter A:
set()
M(B) inter B:
set()

AUB = 
{(4, 2, 5, 6, 1, 3), (2, 6, 3, 4, 1, 5), (2, 6, 5, 3, 4, 1), (3, 2, 5, 6, 1, 4), (5, 2, 6, 3, 1, 4), (4, 1, 6, 5, 3, 2), (5, 3, 4, 2, 1, 6), (5, 4, 2, 3, 1, 6), (3, 2, 4, 5, 6, 1), (5, 6, 4, 3, 2, 1), (1, 6, 4, 3, 5, 2), (6, 2, 1, 5, 4, 3)}
M(AUB) = 
[[2, 5, 6, 3, 4, 1], [2, 5, 6, 4, 3, 1], [5, 2, 6, 3, 4, 1], [5, 2, 6, 4, 3, 1]]
Distance:69

(81)
A = 
{(3, 6, 2, 1, 5, 4), (6, 3, 1, 5, 4, 2), (1, 3, 5, 2, 4, 6), (3, 1, 4, 5, 6, 2), (6, 3, 1, 2, 5, 4), (1, 6, 5, 4, 3, 2)}
M(A) = 
[[1, 6, 3, 2, 5, 4], [1, 6, 3, 5, 2, 4], [6, 1, 3, 2, 5, 4], [6, 1, 3, 5, 2, 4]]
Distance: 22
B = 
{(6, 2, 5, 3, 1, 4), (1, 3, 2, 4, 5, 6), (5, 1, 4, 6, 3, 2), (2, 4, 6, 1, 5, 3), (5, 4, 6, 2, 1, 3), (2, 1, 4, 3, 6, 5)}
M(B) = 
[[1, 6, 3, 2, 5, 4], [1, 6, 3, 5, 2, 4], [6, 1, 3, 2, 5, 4], [6, 1, 3, 5, 2, 4]]
Distance: 33
M(A) inter A:
set()
M(B) inter B:
set()

AUB = 
{(6, 2, 5, 3, 1, 4), (1, 3, 2, 4, 5, 6), (3, 6, 2, 1, 5, 4), (6, 3, 1, 5, 4, 2), (6, 3, 1, 2, 5, 4), (5, 4, 6, 2, 1, 3), (3, 1, 4, 5, 6, 2), (1, 3, 5, 2, 4, 6), (1, 6, 5, 4, 3, 2), (5, 1, 4, 6, 3, 2), (2, 1, 4, 3, 6, 5), (2, 4, 6, 1, 5, 3)}
M(AUB) = 
[[1, 6, 3, 2, 5, 4], [1, 6, 3, 5, 2, 4], [6, 1, 3, 2, 5, 4], [6, 1, 3, 5, 2, 4]]
Distance:71

(82)
A = 
{(1, 2, 3, 6, 5, 4), (1, 4, 5, 3, 6, 2), (1, 2, 5, 4, 3, 6), (2, 1, 5, 4, 3, 6), (2, 3, 1, 4, 6, 5), (6, 2, 5, 4, 3, 1)}
M(A) = 
[[1, 2, 3, 6, 5, 4], [2, 1, 3, 6, 5, 4]]
Distance: 25
B = 
{(5, 6, 2, 1, 4, 3), (4, 6, 5, 1, 3, 2), (1, 3, 2, 6, 5, 4), (6, 3, 1, 5, 4, 2), (3, 6, 5, 2, 4, 1), (2, 1, 3, 4, 6, 5)}
M(B) = 
[[1, 2, 3, 6, 5, 4], [2, 1, 3, 6, 5, 4]]
Distance: 32
M(A) inter A:
set()
M(B) inter B:
set()

AUB = 
{(5, 6, 2, 1, 4, 3), (1, 2, 3, 6, 5, 4), (4, 6, 5, 1, 3, 2), (6, 3, 1, 5, 4, 2), (1, 3, 2, 6, 5, 4), (1, 4, 5, 3, 6, 2), (1, 2, 5, 4, 3, 6), (2, 1, 5, 4, 3, 6), (3, 6, 5, 2, 4, 1), (2, 3, 1, 4, 6, 5), (6, 2, 5, 4, 3, 1), (2, 1, 3, 4, 6, 5)}
M(AUB) = 
[[1, 2, 3, 6, 5, 4], [2, 1, 3, 6, 5, 4]]
Distance:71

(83)
A = 
{(2, 6, 3, 5, 1, 4), (2, 6, 5, 1, 4, 3), (4, 6, 2, 1, 5, 3), (2, 1, 6, 5, 3, 4), (2, 6, 5, 1, 3, 4), (5, 1, 2, 3, 6, 4)}
M(A) = 
[[2, 6, 5, 1, 3, 4], [6, 2, 5, 1, 3, 4], [6, 5, 2, 1, 3, 4]]
Distance: 17
B = 
{(5, 6, 1, 3, 4, 2), (6, 5, 4, 1, 3, 2), (6, 3, 1, 5, 4, 2), (3, 4, 5, 6, 2, 1), (4, 5, 2, 3, 6, 1), (4, 6, 3, 2, 1, 5)}
M(B) = 
[[2, 6, 5, 1, 3, 4], [6, 2, 5, 1, 3, 4], [6, 5, 2, 1, 3, 4]]
Distance: 29
M(A) inter A:
set()
M(B) inter B:
set()

AUB = 
{(2, 6, 3, 5, 1, 4), (5, 6, 1, 3, 4, 2), (2, 6, 5, 1, 4, 3), (4, 6, 2, 1, 5, 3), (6, 3, 1, 5, 4, 2), (2, 1, 6, 5, 3, 4), (2, 6, 5, 1, 3, 4), (4, 5, 2, 3, 6, 1), (4, 6, 3, 2, 1, 5), (3, 4, 5, 6, 2, 1), (5, 1, 2, 3, 6, 4), (6, 5, 4, 1, 3, 2)}
M(AUB) = 
[[2, 6, 5, 1, 3, 4], [6, 2, 5, 1, 3, 4], [6, 5, 2, 1, 3, 4]]
Distance:68

(84)
A = 
{(3, 6, 1, 4, 2, 5), (5, 1, 4, 6, 3, 2), (3, 1, 4, 2, 5, 6), (5, 3, 6, 2, 4, 1), (1, 4, 5, 2, 3, 6), (4, 6, 3, 2, 5, 1)}
M(A) = 
[[4, 5, 3, 1, 2, 6]]
Distance: 33
B = 
{(4, 2, 3, 1, 6, 5), (5, 2, 6, 3, 1, 4), (4, 1, 2, 6, 3, 5), (5, 4, 1, 6, 3, 2), (4, 1, 5, 2, 3, 6), (5, 3, 2, 4, 1, 6)}
M(B) = 
[[4, 5, 3, 1, 2, 6]]
Distance: 31
M(A) inter A:
set()
M(B) inter B:
{(4, 1, 5, 2, 3, 6)}

AUB = 
{(3, 6, 1, 4, 2, 5), (4, 2, 3, 1, 6, 5), (5, 2, 6, 3, 1, 4), (5, 1, 4, 6, 3, 2), (4, 1, 2, 6, 3, 5), (5, 4, 1, 6, 3, 2), (3, 1, 4, 2, 5, 6), (4, 1, 5, 2, 3, 6), (5, 3, 6, 2, 4, 1), (1, 4, 5, 2, 3, 6), (4, 6, 3, 2, 5, 1), (5, 3, 2, 4, 1, 6)}
M(AUB) = 
[[4, 5, 3, 1, 2, 6]]
Distance:70

(85)
A = 
{(4, 5, 3, 2, 6, 1), (5, 4, 6, 2, 3, 1), (1, 2, 6, 3, 5, 4), (2, 1, 5, 6, 3, 4), (4, 5, 3, 2, 1, 6), (6, 4, 3, 1, 5, 2)}
M(A) = 
[[4, 5, 2, 1, 6, 3], [4, 5, 2, 3, 1, 6]]
Distance: 35
B = 
{(4, 2, 3, 6, 5, 1), (5, 1, 4, 6, 2, 3), (4, 2, 5, 3, 1, 6), (6, 4, 3, 1, 5, 2), (5, 1, 4, 3, 6, 2), (1, 4, 2, 6, 3, 5)}
M(B) = 
[[4, 5, 2, 1, 6, 3], [4, 5, 2, 3, 1, 6]]
Distance: 32
M(A) inter A:
set()
M(B) inter B:
set()

AUB = 
{(4, 5, 3, 2, 6, 1), (4, 2, 3, 6, 5, 1), (5, 4, 6, 2, 3, 1), (1, 2, 6, 3, 5, 4), (2, 1, 5, 6, 3, 4), (4, 5, 3, 2, 1, 6), (6, 4, 3, 1, 5, 2), (4, 2, 5, 3, 1, 6), (5, 1, 4, 6, 2, 3), (5, 1, 4, 3, 6, 2), (1, 4, 2, 6, 3, 5)}
M(AUB) = 
[[4, 5, 2, 1, 6, 3], [4, 5, 2, 3, 1, 6]]
Distance:62

(86)
A = 
{(1, 3, 5, 6, 2, 4), (1, 3, 4, 5, 2, 6), (3, 6, 2, 1, 5, 4), (3, 1, 5, 6, 4, 2), (4, 1, 3, 6, 2, 5), (3, 2, 1, 6, 5, 4)}
M(A) = 
[[3, 1, 5, 6, 2, 4]]
Distance: 23
B = 
{(3, 1, 5, 4, 6, 2), (3, 4, 1, 6, 2, 5), (2, 5, 4, 3, 6, 1), (5, 2, 6, 4, 3, 1), (5, 3, 6, 2, 4, 1), (6, 3, 1, 2, 4, 5)}
M(B) = 
[[3, 1, 5, 6, 2, 4]]
Distance: 33
M(A) inter A:
set()
M(B) inter B:
{(5, 3, 6, 2, 4, 1)}

AUB = 
{(1, 3, 5, 6, 2, 4), (3, 4, 1, 6, 2, 5), (1, 3, 4, 5, 2, 6), (3, 6, 2, 1, 5, 4), (3, 1, 5, 6, 4, 2), (4, 1, 3, 6, 2, 5), (2, 5, 4, 3, 6, 1), (3, 1, 5, 4, 6, 2), (3, 2, 1, 6, 5, 4), (5, 2, 6, 4, 3, 1), (5, 3, 6, 2, 4, 1), (6, 3, 1, 2, 4, 5)}
M(AUB) = 
[[3, 1, 5, 6, 2, 4]]
Distance:60

(87)
A = 
{(4, 6, 1, 5, 2, 3), (1, 3, 6, 5, 4, 2), (4, 3, 6, 5, 1, 2), (5, 6, 2, 3, 1, 4), (2, 6, 5, 3, 1, 4), (2, 4, 5, 3, 1, 6)}
M(A) = 
[[4, 5, 1, 2, 3, 6], [4, 5, 1, 2, 6, 3], [4, 5, 2, 1, 3, 6], [4, 5, 2, 1, 6, 3], [4, 5, 2, 6, 1, 3], [5, 4, 1, 2, 3, 6], [5, 4, 1, 2, 6, 3], [5, 4, 2, 1, 3, 6], [5, 4, 2, 1, 6, 3], [5, 4, 2, 6, 1, 3]]
Distance: 37
B = 
{(4, 5, 1, 6, 2, 3), (4, 1, 5, 3, 2, 6), (5, 4, 2, 1, 3, 6), (1, 5, 4, 2, 6, 3), (5, 3, 2, 6, 1, 4), (2, 4, 5, 6, 1, 3)}
M(B) = 
[[4, 5, 1, 2, 3, 6], [4, 5, 1, 2, 6, 3], [4, 5, 2, 1, 3, 6], [4, 5, 2, 1, 6, 3], [4, 5, 2, 6, 1, 3], [5, 4, 1, 2, 3, 6], [5, 4, 1, 2, 6, 3], [5, 4, 2, 1, 3, 6], [5, 4, 2, 1, 6, 3], [5, 4, 2, 6, 1, 3]]
Distance: 24
M(A) inter A:
set()
M(B) inter B:
{(5, 4, 2, 1, 3, 6)}

AUB = 
{(4, 6, 1, 5, 2, 3), (1, 3, 6, 5, 4, 2), (4, 1, 5, 3, 2, 6), (4, 3, 6, 5, 1, 2), (4, 5, 1, 6, 2, 3), (5, 6, 2, 3, 1, 4), (2, 6, 5, 3, 1, 4), (1, 5, 4, 2, 6, 3), (5, 4, 2, 1, 3, 6), (5, 3, 2, 6, 1, 4), (2, 4, 5, 6, 1, 3), (2, 4, 5, 3, 1, 6)}
M(AUB) = 
[[4, 5, 1, 2, 3, 6], [4, 5, 1, 2, 6, 3], [4, 5, 2, 1, 3, 6], [4, 5, 2, 1, 6, 3], [4, 5, 2, 6, 1, 3], [5, 4, 1, 2, 3, 6], [5, 4, 1, 2, 6, 3], [5, 4, 2, 1, 3, 6], [5, 4, 2, 1, 6, 3], [5, 4, 2, 6, 1, 3]]
Distance:69

(88)
A = 
{(2, 3, 5, 1, 4, 6), (3, 4, 1, 2, 5, 6), (6, 5, 4, 3, 1, 2), (4, 5, 1, 6, 3, 2), (1, 6, 5, 2, 3, 4), (6, 1, 5, 4, 2, 3)}
M(A) = 
[[5, 6, 4, 1, 2, 3], [5, 6, 4, 2, 3, 1], [6, 4, 5, 1, 2, 3], [6, 4, 5, 2, 3, 1], [6, 5, 4, 1, 2, 3], [6, 5, 4, 2, 3, 1]]
Distance: 36
B = 
{(6, 2, 5, 3, 1, 4), (6, 4, 5, 2, 3, 1), (4, 2, 5, 3, 6, 1), (3, 6, 4, 1, 5, 2), (5, 1, 2, 3, 6, 4), (4, 5, 2, 1, 6, 3)}
M(B) = 
[[5, 6, 4, 1, 2, 3], [5, 6, 4, 2, 3, 1], [6, 4, 5, 1, 2, 3], [6, 4, 5, 2, 3, 1], [6, 5, 4, 1, 2, 3], [6, 5, 4, 2, 3, 1]]
Distance: 31
M(A) inter A:
set()
M(B) inter B:
{(6, 4, 5, 2, 3, 1)}

AUB = 
{(6, 2, 5, 3, 1, 4), (6, 4, 5, 2, 3, 1), (2, 3, 5, 1, 4, 6), (3, 4, 1, 2, 5, 6), (6, 5, 4, 3, 1, 2), (4, 2, 5, 3, 6, 1), (4, 5, 1, 6, 3, 2), (3, 6, 4, 1, 5, 2), (5, 1, 2, 3, 6, 4), (1, 6, 5, 2, 3, 4), (4, 5, 2, 1, 6, 3), (6, 1, 5, 4, 2, 3)}
M(AUB) = 
[[5, 6, 4, 1, 2, 3], [5, 6, 4, 2, 3, 1], [6, 4, 5, 1, 2, 3], [6, 4, 5, 2, 3, 1], [6, 5, 4, 1, 2, 3], [6, 5, 4, 2, 3, 1]]
Distance:75

(89)
A = 
{(2, 1, 5, 6, 4, 3), (1, 3, 5, 4, 6, 2), (3, 6, 4, 1, 5, 2), (6, 1, 5, 2, 3, 4), (1, 6, 3, 4, 5, 2), (1, 4, 2, 3, 5, 6)}
M(A) = 
[[1, 6, 5, 2, 3, 4], [1, 6, 5, 2, 4, 3]]
Distance: 29
B = 
{(3, 1, 6, 5, 2, 4), (5, 4, 1, 2, 3, 6), (6, 5, 2, 4, 3, 1), (6, 2, 5, 3, 4, 1), (2, 6, 4, 3, 1, 5), (2, 4, 5, 3, 1, 6)}
M(B) = 
[[1, 6, 5, 2, 3, 4], [1, 6, 5, 2, 4, 3]]
Distance: 30
M(A) inter A:
set()
M(B) inter B:
{(6, 5, 2, 4, 3, 1)}

AUB = 
{(2, 1, 5, 6, 4, 3), (1, 3, 5, 4, 6, 2), (6, 5, 2, 4, 3, 1), (5, 4, 1, 2, 3, 6), (3, 1, 6, 5, 2, 4), (6, 2, 5, 3, 4, 1), (3, 6, 4, 1, 5, 2), (6, 1, 5, 2, 3, 4), (1, 6, 3, 4, 5, 2), (2, 6, 4, 3, 1, 5), (1, 4, 2, 3, 5, 6), (2, 4, 5, 3, 1, 6)}
M(AUB) = 
[[1, 6, 5, 2, 3, 4], [1, 6, 5, 2, 4, 3]]
Distance:77

(90)
A = 
{(4, 1, 2, 5, 3, 6), (1, 4, 2, 6, 5, 3), (1, 6, 5, 3, 4, 2), (6, 4, 3, 1, 5, 2), (1, 4, 2, 3, 5, 6), (4, 2, 1, 5, 6, 3)}
M(A) = 
[[1, 4, 2, 3, 5, 6], [1, 4, 2, 3, 6, 5], [1, 4, 2, 5, 3, 6], [4, 1, 2, 3, 5, 6], [4, 1, 2, 3, 6, 5], [4, 1, 2, 5, 3, 6]]
Distance: 23
B = 
{(2, 3, 6, 4, 5, 1), (4, 5, 1, 6, 3, 2), (3, 1, 6, 5, 2, 4), (4, 2, 3, 1, 5, 6), (2, 5, 3, 1, 6, 4), (1, 2, 3, 4, 6, 5)}
M(B) = 
[[1, 4, 2, 3, 5, 6], [1, 4, 2, 3, 6, 5], [1, 4, 2, 5, 3, 6], [4, 1, 2, 3, 5, 6], [4, 1, 2, 3, 6, 5], [4, 1, 2, 5, 3, 6]]
Distance: 33
M(A) inter A:
set()
M(B) inter B:
set()

AUB = 
{(4, 1, 2, 5, 3, 6), (4, 2, 3, 1, 5, 6), (1, 4, 2, 6, 5, 3), (2, 3, 6, 4, 5, 1), (3, 1, 6, 5, 2, 4), (4, 5, 1, 6, 3, 2), (1, 6, 5, 3, 4, 2), (6, 4, 3, 1, 5, 2), (2, 5, 3, 1, 6, 4), (1, 2, 3, 4, 6, 5), (1, 4, 2, 3, 5, 6), (4, 2, 1, 5, 6, 3)}
M(AUB) = 
[[1, 4, 2, 3, 5, 6], [1, 4, 2, 3, 6, 5], [1, 4, 2, 5, 3, 6], [4, 1, 2, 3, 5, 6], [4, 1, 2, 3, 6, 5], [4, 1, 2, 5, 3, 6]]
Distance:66

(91)
A = 
{(2, 1, 4, 5, 3, 6), (6, 2, 1, 3, 4, 5), (4, 2, 1, 6, 3, 5), (2, 6, 1, 5, 3, 4), (6, 5, 1, 3, 4, 2), (5, 6, 4, 2, 3, 1)}
M(A) = 
[[2, 1, 4, 6, 3, 5], [2, 4, 1, 6, 3, 5], [4, 2, 1, 6, 3, 5]]
Distance: 30
B = 
{(4, 3, 5, 2, 1, 6), (4, 2, 3, 1, 6, 5), (1, 6, 3, 2, 5, 4), (3, 4, 1, 6, 2, 5), (1, 2, 3, 4, 5, 6), (2, 4, 1, 5, 6, 3)}
M(B) = 
[[2, 1, 4, 6, 3, 5], [2, 4, 1, 6, 3, 5], [4, 2, 1, 6, 3, 5]]
Distance: 29
M(A) inter A:
set()
M(B) inter B:
{(4, 2, 3, 1, 6, 5)}

AUB = 
{(3, 4, 1, 6, 2, 5), (4, 2, 3, 1, 6, 5), (2, 1, 4, 5, 3, 6), (6, 2, 1, 3, 4, 5), (4, 2, 1, 6, 3, 5), (2, 4, 1, 5, 6, 3), (4, 3, 5, 2, 1, 6), (1, 2, 3, 4, 5, 6), (2, 6, 1, 5, 3, 4), (6, 5, 1, 3, 4, 2), (1, 6, 3, 2, 5, 4), (5, 6, 4, 2, 3, 1)}
M(AUB) = 
[[2, 1, 4, 6, 3, 5], [2, 4, 1, 6, 3, 5], [4, 2, 1, 6, 3, 5]]
Distance:69

(92)
A = 
{(2, 3, 4, 5, 1, 6), (4, 2, 5, 6, 1, 3), (4, 3, 5, 2, 6, 1), (3, 6, 5, 4, 1, 2), (5, 1, 3, 2, 6, 4), (2, 1, 3, 6, 5, 4)}
M(A) = 
[[2, 3, 5, 1, 4, 6], [2, 3, 5, 1, 6, 4], [3, 2, 5, 1, 4, 6], [3, 2, 5, 1, 6, 4]]
Distance: 34
B = 
{(1, 2, 5, 4, 3, 6), (2, 1, 4, 3, 6, 5), (3, 1, 6, 2, 4, 5), (5, 3, 2, 1, 6, 4), (3, 4, 5, 6, 1, 2), (2, 5, 6, 1, 3, 4)}
M(B) = 
[[2, 3, 5, 1, 4, 6], [2, 3, 5, 1, 6, 4], [3, 2, 5, 1, 4, 6], [3, 2, 5, 1, 6, 4]]
Distance: 34
M(A) inter A:
set()
M(B) inter B:
set()

AUB = 
{(2, 3, 4, 5, 1, 6), (4, 2, 5, 6, 1, 3), (4, 3, 5, 2, 6, 1), (3, 6, 5, 4, 1, 2), (5, 1, 3, 2, 6, 4), (2, 1, 4, 3, 6, 5), (1, 2, 5, 4, 3, 6), (2, 1, 3, 6, 5, 4), (2, 5, 6, 1, 3, 4), (5, 3, 2, 1, 6, 4), (3, 4, 5, 6, 1, 2), (3, 1, 6, 2, 4, 5)}
M(AUB) = 
[[2, 3, 5, 1, 4, 6], [2, 3, 5, 1, 6, 4], [3, 2, 5, 1, 4, 6], [3, 2, 5, 1, 6, 4]]
Distance:70

(93)
A = 
{(2, 1, 5, 4, 3, 6), (5, 2, 6, 3, 1, 4), (6, 4, 2, 5, 1, 3), (4, 5, 2, 6, 1, 3), (1, 2, 4, 3, 5, 6), (1, 2, 3, 4, 5, 6)}
M(A) = 
[[2, 5, 6, 1, 3, 4], [2, 5, 6, 1, 4, 3], [5, 2, 6, 1, 3, 4], [5, 2, 6, 1, 4, 3]]
Distance: 28
B = 
{(1, 5, 3, 2, 4, 6), (5, 4, 2, 3, 6, 1), (2, 6, 1, 3, 5, 4), (6, 2, 3, 1, 4, 5), (6, 3, 5, 1, 4, 2), (4, 6, 3, 5, 2, 1)}
M(B) = 
[[2, 5, 6, 1, 3, 4], [2, 5, 6, 1, 4, 3], [5, 2, 6, 1, 3, 4], [5, 2, 6, 1, 4, 3]]
Distance: 34
M(A) inter A:
set()
M(B) inter B:
set()

AUB = 
{(1, 5, 3, 2, 4, 6), (6, 4, 2, 5, 1, 3), (5, 4, 2, 3, 6, 1), (5, 2, 6, 3, 1, 4), (2, 6, 1, 3, 5, 4), (2, 1, 5, 4, 3, 6), (6, 2, 3, 1, 4, 5), (4, 5, 2, 6, 1, 3), (6, 3, 5, 1, 4, 2), (1, 2, 4, 3, 5, 6), (4, 6, 3, 5, 2, 1), (1, 2, 3, 4, 5, 6)}
M(AUB) = 
[[2, 5, 6, 1, 3, 4], [2, 5, 6, 1, 4, 3], [5, 2, 6, 1, 3, 4], [5, 2, 6, 1, 4, 3]]
Distance:76

(94)
A = 
{(6, 1, 3, 2, 4, 5), (1, 4, 5, 3, 2, 6), (3, 1, 2, 4, 5, 6), (1, 2, 4, 5, 6, 3), (1, 4, 5, 2, 3, 6), (5, 1, 6, 4, 3, 2)}
M(A) = 
[[1, 4, 5, 3, 2, 6]]
Distance: 24
B = 
{(4, 6, 5, 2, 3, 1), (3, 4, 2, 6, 5, 1), (5, 2, 3, 4, 6, 1), (1, 5, 4, 3, 6, 2), (2, 5, 1, 4, 3, 6), (6, 4, 1, 3, 5, 2)}
M(B) = 
[[1, 4, 5, 3, 2, 6]]
Distance: 34
M(A) inter A:
set()
M(B) inter B:
set()

AUB = 
{(6, 1, 3, 2, 4, 5), (1, 4, 5, 3, 2, 6), (3, 1, 2, 4, 5, 6), (4, 6, 5, 2, 3, 1), (3, 4, 2, 6, 5, 1), (5, 2, 3, 4, 6, 1), (1, 2, 4, 5, 6, 3), (2, 5, 1, 4, 3, 6), (1, 5, 4, 3, 6, 2), (1, 4, 5, 2, 3, 6), (6, 4, 1, 3, 5, 2), (5, 1, 6, 4, 3, 2)}
M(AUB) = 
[[1, 4, 5, 3, 2, 6]]
Distance:66

(95)
A = 
{(1, 3, 2, 4, 5, 6), (3, 6, 2, 1, 5, 4), (1, 3, 5, 2, 4, 6), (4, 3, 1, 5, 6, 2), (5, 2, 4, 6, 3, 1), (1, 3, 6, 2, 5, 4)}
M(A) = 
[[1, 3, 5, 2, 4, 6], [1, 3, 5, 4, 2, 6], [1, 3, 5, 4, 6, 2], [3, 1, 5, 2, 4, 6], [3, 1, 5, 4, 2, 6], [3, 1, 5, 4, 6, 2], [3, 4, 1, 5, 2, 6], [3, 4, 1, 5, 6, 2], [3, 5, 4, 1, 2, 6], [3, 5, 4, 1, 6, 2], [3, 5, 4, 6, 1, 2], [4, 1, 3, 5, 2, 6], [4, 1, 3, 5, 6, 2], [4, 3, 1, 5, 2, 6], [4, 3, 1, 5, 6, 2]]
Distance: 28
B = 
{(5, 2, 6, 1, 3, 4), (3, 4, 2, 1, 6, 5), (5, 4, 6, 1, 3, 2), (4, 6, 3, 1, 2, 5), (5, 4, 1, 2, 6, 3), (4, 6, 5, 3, 2, 1)}
M(B) = 
[[1, 3, 5, 2, 4, 6], [1, 3, 5, 4, 2, 6], [1, 3, 5, 4, 6, 2], [3, 1, 5, 2, 4, 6], [3, 1, 5, 4, 2, 6], [3, 1, 5, 4, 6, 2], [3, 4, 1, 5, 2, 6], [3, 4, 1, 5, 6, 2], [3, 5, 4, 1, 2, 6], [3, 5, 4, 1, 6, 2], [3, 5, 4, 6, 1, 2], [4, 1, 3, 5, 2, 6], [4, 1, 3, 5, 6, 2], [4, 3, 1, 5, 2, 6], [4, 3, 1, 5, 6, 2]]
Distance: 31
M(A) inter A:
set()
M(B) inter B:
{(4, 6, 5, 3, 2, 1), (5, 4, 6, 1, 3, 2)}

AUB = 
{(1, 3, 2, 4, 5, 6), (3, 6, 2, 1, 5, 4), (1, 3, 5, 2, 4, 6), (4, 3, 1, 5, 6, 2), (3, 4, 2, 1, 6, 5), (5, 2, 4, 6, 3, 1), (4, 6, 3, 1, 2, 5), (5, 4, 6, 1, 3, 2), (1, 3, 6, 2, 5, 4), (5, 4, 1, 2, 6, 3), (4, 6, 5, 3, 2, 1), (5, 2, 6, 1, 3, 4)}
M(AUB) = 
[[1, 3, 5, 2, 4, 6], [1, 3, 5, 4, 2, 6], [1, 3, 5, 4, 6, 2], [3, 1, 5, 2, 4, 6], [3, 1, 5, 4, 2, 6], [3, 1, 5, 4, 6, 2], [3, 4, 1, 5, 2, 6], [3, 4, 1, 5, 6, 2], [3, 5, 4, 1, 2, 6], [3, 5, 4, 1, 6, 2], [3, 5, 4, 6, 1, 2], [4, 1, 3, 5, 2, 6], [4, 1, 3, 5, 6, 2], [4, 3, 1, 5, 2, 6], [4, 3, 1, 5, 6, 2]]
Distance:79

(96)
A = 
{(4, 3, 1, 2, 5, 6), (5, 1, 4, 2, 3, 6), (6, 2, 4, 1, 5, 3), (2, 3, 4, 1, 5, 6), (5, 3, 1, 6, 4, 2), (4, 2, 3, 5, 6, 1)}
M(A) = 
[[4, 2, 1, 3, 5, 6], [4, 2, 3, 1, 5, 6]]
Distance: 31
B = 
{(2, 1, 4, 5, 3, 6), (1, 6, 3, 4, 2, 5), (5, 2, 6, 4, 3, 1), (4, 2, 6, 3, 1, 5), (1, 3, 4, 6, 5, 2), (2, 1, 3, 5, 6, 4)}
M(B) = 
[[4, 2, 1, 3, 5, 6], [4, 2, 3, 1, 5, 6]]
Distance: 34
M(A) inter A:
set()
M(B) inter B:
set()

AUB = 
{(1, 6, 3, 4, 2, 5), (2, 1, 4, 5, 3, 6), (2, 3, 4, 1, 5, 6), (4, 2, 6, 3, 1, 5), (5, 1, 4, 2, 3, 6), (6, 2, 4, 1, 5, 3), (4, 3, 1, 2, 5, 6), (5, 2, 6, 4, 3, 1), (5, 3, 1, 6, 4, 2), (4, 2, 3, 5, 6, 1), (1, 3, 4, 6, 5, 2), (2, 1, 3, 5, 6, 4)}
M(AUB) = 
[[4, 2, 1, 3, 5, 6], [4, 2, 3, 1, 5, 6]]
Distance:69

(97)
A = 
{(1, 3, 2, 4, 5, 6), (4, 6, 1, 2, 5, 3), (3, 2, 5, 1, 4, 6), (2, 5, 4, 1, 3, 6), (3, 2, 6, 5, 1, 4), (2, 3, 5, 4, 1, 6)}
M(A) = 
[[1, 2, 3, 4, 5, 6], [1, 2, 3, 4, 6, 5], [1, 2, 3, 5, 4, 6], [1, 2, 4, 3, 5, 6], [1, 2, 4, 3, 6, 5], [1, 4, 2, 3, 5, 6], [1, 4, 2, 3, 6, 5], [2, 1, 3, 4, 5, 6], [2, 1, 3, 4, 6, 5], [2, 1, 3, 5, 4, 6], [2, 1, 4, 3, 5, 6], [2, 1, 4, 3, 6, 5], [2, 3, 1, 4, 5, 6], [2, 3, 1, 4, 6, 5], [2, 3, 1, 5, 4, 6], [2, 3, 4, 1, 5, 6], [2, 3, 4, 1, 6, 5], [2, 4, 1, 3, 5, 6], [2, 4, 1, 3, 6, 5], [2, 4, 3, 1, 5, 6], [2, 4, 3, 1, 6, 5], [4, 1, 2, 3, 5, 6], [4, 1, 2, 3, 6, 5], [4, 2, 1, 3, 5, 6], [4, 2, 1, 3, 6, 5], [4, 2, 3, 1, 5, 6], [4, 2, 3, 1, 6, 5]]
Distance: 27
B = 
{(4, 6, 3, 1, 5, 2), (4, 1, 2, 3, 6, 5), (4, 6, 2, 3, 1, 5), (1, 5, 4, 2, 6, 3), (2, 5, 3, 1, 4, 6), (1, 3, 4, 6, 5, 2)}
M(B) = 
[[1, 2, 3, 4, 5, 6], [1, 2, 3, 4, 6, 5], [1, 2, 3, 5, 4, 6], [1, 2, 4, 3, 5, 6], [1, 2, 4, 3, 6, 5], [1, 4, 2, 3, 5, 6], [1, 4, 2, 3, 6, 5], [2, 1, 3, 4, 5, 6], [2, 1, 3, 4, 6, 5], [2, 1, 3, 5, 4, 6], [2, 1, 4, 3, 5, 6], [2, 1, 4, 3, 6, 5], [2, 3, 1, 4, 5, 6], [2, 3, 1, 4, 6, 5], [2, 3, 1, 5, 4, 6], [2, 3, 4, 1, 5, 6], [2, 3, 4, 1, 6, 5], [2, 4, 1, 3, 5, 6], [2, 4, 1, 3, 6, 5], [2, 4, 3, 1, 5, 6], [2, 4, 3, 1, 6, 5], [4, 1, 2, 3, 5, 6], [4, 1, 2, 3, 6, 5], [4, 2, 1, 3, 5, 6], [4, 2, 1, 3, 6, 5], [4, 2, 3, 1, 5, 6], [4, 2, 3, 1, 6, 5]]
Distance: 31
M(A) inter A:
set()
M(B) inter B:
{(4, 1, 2, 3, 6, 5)}

AUB = 
{(4, 6, 3, 1, 5, 2), (1, 3, 2, 4, 5, 6), (4, 6, 2, 3, 1, 5), (2, 5, 3, 1, 4, 6), (4, 1, 2, 3, 6, 5), (3, 2, 5, 1, 4, 6), (4, 6, 1, 2, 5, 3), (2, 5, 4, 1, 3, 6), (3, 2, 6, 5, 1, 4), (1, 5, 4, 2, 6, 3), (1, 3, 4, 6, 5, 2), (2, 3, 5, 4, 1, 6)}
M(AUB) = 
[[1, 2, 3, 4, 5, 6], [1, 2, 3, 4, 6, 5], [1, 2, 3, 5, 4, 6], [1, 2, 4, 3, 5, 6], [1, 2, 4, 3, 6, 5], [1, 4, 2, 3, 5, 6], [1, 4, 2, 3, 6, 5], [2, 1, 3, 4, 5, 6], [2, 1, 3, 4, 6, 5], [2, 1, 3, 5, 4, 6], [2, 1, 4, 3, 5, 6], [2, 1, 4, 3, 6, 5], [2, 3, 1, 4, 5, 6], [2, 3, 1, 4, 6, 5], [2, 3, 1, 5, 4, 6], [2, 3, 4, 1, 5, 6], [2, 3, 4, 1, 6, 5], [2, 4, 1, 3, 5, 6], [2, 4, 1, 3, 6, 5], [2, 4, 3, 1, 5, 6], [2, 4, 3, 1, 6, 5], [4, 1, 2, 3, 5, 6], [4, 1, 2, 3, 6, 5], [4, 2, 1, 3, 5, 6], [4, 2, 1, 3, 6, 5], [4, 2, 3, 1, 5, 6], [4, 2, 3, 1, 6, 5]]
Distance:72

(98)
A = 
{(3, 6, 5, 4, 2, 1), (5, 1, 6, 3, 4, 2), (6, 1, 3, 5, 4, 2), (4, 3, 6, 2, 1, 5), (6, 2, 4, 5, 1, 3), (2, 4, 3, 5, 1, 6)}
M(A) = 
[[3, 6, 5, 2, 4, 1], [3, 6, 5, 4, 1, 2], [3, 6, 5, 4, 2, 1]]
Distance: 34
B = 
{(1, 6, 5, 3, 2, 4), (1, 6, 5, 4, 3, 2), (2, 3, 4, 6, 1, 5), (1, 3, 6, 2, 5, 4), (5, 3, 6, 2, 4, 1), (4, 5, 3, 1, 2, 6)}
M(B) = 
[[3, 6, 5, 2, 4, 1], [3, 6, 5, 4, 1, 2], [3, 6, 5, 4, 2, 1]]
Distance: 33
M(A) inter A:
set()
M(B) inter B:
{(1, 6, 5, 3, 2, 4)}

AUB = 
{(5, 3, 6, 2, 4, 1), (6, 2, 4, 5, 1, 3), (5, 1, 6, 3, 4, 2), (6, 1, 3, 5, 4, 2), (1, 6, 5, 3, 2, 4), (3, 6, 5, 4, 2, 1), (1, 6, 5, 4, 3, 2), (2, 3, 4, 6, 1, 5), (1, 3, 6, 2, 5, 4), (4, 3, 6, 2, 1, 5), (4, 5, 3, 1, 2, 6), (2, 4, 3, 5, 1, 6)}
M(AUB) = 
[[3, 6, 5, 2, 4, 1], [3, 6, 5, 4, 1, 2], [3, 6, 5, 4, 2, 1]]
Distance:75

(99)
A = 
{(4, 5, 3, 2, 6, 1), (1, 4, 2, 3, 6, 5), (2, 1, 6, 4, 5, 3), (6, 2, 3, 4, 1, 5), (2, 4, 1, 5, 3, 6), (6, 5, 1, 4, 2, 3)}
M(A) = 
[[1, 2, 4, 6, 3, 5], [1, 2, 4, 6, 5, 3]]
Distance: 32
B = 
{(1, 2, 4, 5, 3, 6), (1, 2, 3, 5, 4, 6), (1, 4, 6, 3, 2, 5), (4, 1, 5, 6, 2, 3), (6, 1, 2, 4, 3, 5), (1, 6, 2, 4, 3, 5)}
M(B) = 
[[1, 2, 4, 6, 3, 5], [1, 2, 4, 6, 5, 3]]
Distance: 21
M(A) inter A:
set()
M(B) inter B:
{(1, 6, 2, 4, 3, 5)}

AUB = 
{(4, 5, 3, 2, 6, 1), (1, 4, 2, 3, 6, 5), (1, 2, 4, 5, 3, 6), (2, 4, 1, 5, 3, 6), (1, 4, 6, 3, 2, 5), (6, 2, 3, 4, 1, 5), (2, 1, 6, 4, 5, 3), (1, 2, 3, 5, 4, 6), (6, 5, 1, 4, 2, 3), (4, 1, 5, 6, 2, 3), (6, 1, 2, 4, 3, 5), (1, 6, 2, 4, 3, 5)}
M(AUB) = 
[[1, 2, 4, 6, 3, 5], [1, 2, 4, 6, 5, 3]]
Distance:57

