(0)
A = 
{(2, 4, 1, 3), (2, 3, 1, 4), (1, 4, 3, 2), (4, 3, 2, 1), (2, 1, 4, 3), (3, 2, 1, 4), (4, 3, 1, 2)}
M(A) = 
[[1, 2, 4, 3], [1, 4, 3, 2]]
Distance: 18
B = 
{(2, 3, 1, 4), (1, 3, 2, 4), (3, 4, 1, 2), (1, 4, 2, 3), (1, 4, 3, 2), (1, 2, 4, 3), (4, 3, 1, 2)}
M(B) = 
[[1, 2, 4, 3], [1, 4, 3, 2]]
Distance: 15
M(A) inter A:
{(1, 4, 3, 2)}
M(B) inter B:
{(1, 4, 3, 2)}

AUB = 
{(2, 4, 1, 3), (2, 3, 1, 4), (3, 4, 1, 2), (1, 3, 2, 4), (1, 2, 4, 3), (1, 4, 3, 2), (1, 4, 2, 3), (4, 3, 2, 1), (2, 1, 4, 3), (3, 2, 1, 4), (4, 3, 1, 2)}
M(AUB) = 
[[1, 2, 4, 3], [1, 4, 3, 2]]
Distance:29

(1)
A = 
{(1, 3, 2, 4), (1, 2, 3, 4), (1, 3, 4, 2), (3, 1, 2, 4), (1, 2, 4, 3), (3, 2, 1, 4), (2, 1, 4, 3)}
M(A) = 
[[1, 2, 3, 4], [1, 3, 2, 4], [3, 1, 2, 4]]
Distance: 10
B = 
{(3, 1, 4, 2), (1, 3, 4, 2), (3, 1, 2, 4), (1, 2, 4, 3), (2, 3, 4, 1), (4, 2, 3, 1), (3, 2, 1, 4)}
M(B) = 
[[1, 2, 3, 4], [1, 3, 2, 4], [3, 1, 2, 4]]
Distance: 15
M(A) inter A:
{(3, 1, 2, 4)}
M(B) inter B:
{(3, 1, 2, 4)}

AUB = 
{(3, 1, 4, 2), (1, 3, 2, 4), (1, 2, 3, 4), (1, 3, 4, 2), (3, 2, 1, 4), (1, 2, 4, 3), (2, 3, 4, 1), (4, 2, 3, 1), (3, 1, 2, 4), (2, 1, 4, 3)}
M(AUB) = 
[[1, 2, 3, 4], [1, 3, 2, 4], [3, 1, 2, 4]]
Distance:22

(2)
A = 
{(2, 4, 1, 3), (4, 2, 1, 3), (1, 2, 3, 4), (2, 4, 3, 1), (4, 2, 3, 1), (3, 2, 1, 4), (3, 4, 1, 2)}
M(A) = 
[[1, 2, 3, 4], [1, 2, 4, 3], [2, 1, 3, 4], [2, 1, 4, 3], [2, 3, 1, 4]]
Distance: 15
B = 
{(3, 1, 4, 2), (2, 3, 1, 4), (3, 4, 1, 2), (1, 4, 2, 3), (1, 2, 4, 3), (3, 2, 1, 4), (1, 3, 2, 4)}
M(B) = 
[[1, 2, 3, 4], [1, 2, 4, 3], [2, 1, 3, 4], [2, 1, 4, 3], [2, 3, 1, 4]]
Distance: 14
M(A) inter A:
set()
M(B) inter B:
set()

AUB = 
{(2, 4, 1, 3), (3, 1, 4, 2), (4, 2, 1, 3), (1, 3, 2, 4), (3, 4, 1, 2), (1, 2, 4, 3), (1, 4, 2, 3), (2, 3, 1, 4), (2, 4, 3, 1), (4, 2, 3, 1), (3, 2, 1, 4), (1, 2, 3, 4)}
M(AUB) = 
[[1, 2, 3, 4], [1, 2, 4, 3], [2, 1, 3, 4], [2, 1, 4, 3], [2, 3, 1, 4]]
Distance:32

(3)
A = 
{(3, 1, 4, 2), (2, 3, 1, 4), (3, 4, 1, 2), (4, 2, 1, 3), (4, 3, 2, 1), (3, 2, 1, 4), (4, 3, 1, 2)}
M(A) = 
[[3, 4, 2, 1]]
Distance: 14
B = 
{(2, 3, 1, 4), (3, 2, 4, 1), (1, 4, 3, 2), (1, 3, 4, 2), (3, 4, 2, 1), (2, 1, 4, 3), (2, 4, 1, 3)}
M(B) = 
[[3, 4, 2, 1]]
Distance: 18
M(A) inter A:
{(3, 2, 1, 4)}
M(B) inter B:
set()

AUB = 
{(2, 4, 1, 3), (2, 3, 1, 4), (3, 4, 1, 2), (3, 1, 4, 2), (3, 4, 2, 1), (1, 4, 3, 2), (1, 3, 4, 2), (3, 2, 4, 1), (4, 2, 1, 3), (4, 3, 2, 1), (2, 1, 4, 3), (3, 2, 1, 4), (4, 3, 1, 2)}
M(AUB) = 
[[3, 4, 2, 1]]
Distance:31

(4)
A = 
{(2, 3, 1, 4), (3, 4, 1, 2), (1, 3, 2, 4), (1, 4, 3, 2), (4, 1, 2, 3), (2, 4, 3, 1), (3, 1, 4, 2)}
M(A) = 
[[1, 2, 3, 4], [1, 3, 2, 4], [3, 1, 2, 4]]
Distance: 17
B = 
{(2, 1, 3, 4), (1, 3, 2, 4), (3, 2, 4, 1), (2, 4, 3, 1), (1, 2, 4, 3), (2, 3, 4, 1), (4, 1, 3, 2)}
M(B) = 
[[1, 2, 3, 4], [1, 3, 2, 4], [3, 1, 2, 4]]
Distance: 17
M(A) inter A:
set()
M(B) inter B:
{(2, 1, 3, 4), (2, 3, 4, 1)}

AUB = 
{(4, 1, 2, 3), (1, 3, 2, 4), (3, 1, 4, 2), (1, 2, 4, 3), (2, 3, 4, 1), (1, 4, 3, 2), (3, 2, 4, 1), (2, 3, 1, 4), (2, 4, 3, 1), (2, 1, 3, 4), (4, 1, 3, 2), (3, 4, 1, 2)}
M(AUB) = 
[[1, 2, 3, 4], [1, 3, 2, 4], [3, 1, 2, 4]]
Distance:33

(5)
A = 
{(3, 1, 4, 2), (1, 2, 3, 4), (1, 4, 3, 2), (1, 3, 4, 2), (1, 2, 4, 3), (2, 1, 4, 3), (4, 1, 3, 2)}
M(A) = 
[[1, 3, 4, 2]]
Distance: 12
B = 
{(4, 1, 2, 3), (3, 4, 1, 2), (3, 2, 4, 1), (3, 4, 2, 1), (2, 3, 1, 4), (2, 4, 1, 3), (1, 2, 3, 4)}
M(B) = 
[[1, 3, 4, 2]]
Distance: 16
M(A) inter A:
set()
M(B) inter B:
set()

AUB = 
{(2, 4, 1, 3), (4, 1, 2, 3), (3, 4, 1, 2), (3, 1, 4, 2), (3, 2, 4, 1), (1, 2, 3, 4), (1, 4, 3, 2), (1, 3, 4, 2), (1, 2, 4, 3), (2, 3, 1, 4), (3, 4, 2, 1), (2, 1, 4, 3), (4, 1, 3, 2)}
M(AUB) = 
[[1, 3, 4, 2]]
Distance:34

(6)
A = 
{(4, 1, 2, 3), (1, 3, 2, 4), (1, 2, 4, 3), (1, 3, 4, 2), (1, 4, 2, 3), (4, 2, 1, 3), (4, 3, 1, 2)}
M(A) = 
[[4, 1, 2, 3]]
Distance: 12
B = 
{(4, 1, 2, 3), (1, 3, 2, 4), (3, 2, 4, 1), (3, 4, 2, 1), (4, 2, 1, 3), (2, 1, 3, 4), (2, 4, 1, 3)}
M(B) = 
[[4, 1, 2, 3]]
Distance: 16
M(A) inter A:
set()
M(B) inter B:
{(2, 4, 1, 3)}

AUB = 
{(4, 1, 2, 3), (1, 3, 2, 4), (1, 4, 2, 3), (1, 3, 4, 2), (1, 2, 4, 3), (4, 2, 1, 3), (3, 2, 4, 1), (3, 4, 2, 1), (2, 1, 3, 4), (2, 4, 1, 3), (4, 3, 1, 2)}
M(AUB) = 
[[4, 1, 2, 3]]
Distance:28

(7)
A = 
{(2, 3, 1, 4), (3, 4, 1, 2), (3, 2, 4, 1), (3, 4, 2, 1), (2, 3, 4, 1), (4, 2, 3, 1), (3, 2, 1, 4)}
M(A) = 
[[3, 2, 4, 1], [3, 4, 2, 1]]
Distance: 10
B = 
{(3, 1, 4, 2), (4, 2, 1, 3), (3, 4, 1, 2), (3, 4, 2, 1), (2, 4, 3, 1), (4, 3, 2, 1), (1, 3, 2, 4)}
M(B) = 
[[3, 2, 4, 1], [3, 4, 2, 1]]
Distance: 14
M(A) inter A:
{(3, 4, 2, 1)}
M(B) inter B:
{(3, 4, 2, 1)}

AUB = 
{(2, 3, 1, 4), (1, 3, 2, 4), (3, 4, 1, 2), (4, 3, 2, 1), (3, 4, 2, 1), (2, 4, 3, 1), (3, 2, 4, 1), (4, 2, 1, 3), (2, 3, 4, 1), (4, 2, 3, 1), (3, 2, 1, 4), (3, 1, 4, 2)}
M(AUB) = 
[[3, 2, 4, 1], [3, 4, 2, 1]]
Distance:24

(8)
A = 
{(2, 4, 1, 3), (2, 1, 3, 4), (3, 2, 4, 1), (3, 4, 2, 1), (2, 4, 3, 1), (4, 3, 2, 1), (4, 1, 3, 2)}
M(A) = 
[[2, 4, 1, 3], [4, 2, 1, 3]]
Distance: 15
B = 
{(4, 2, 1, 3), (1, 3, 2, 4), (1, 2, 3, 4), (1, 3, 4, 2), (1, 4, 2, 3), (4, 1, 2, 3), (2, 1, 4, 3)}
M(B) = 
[[2, 4, 1, 3], [4, 2, 1, 3]]
Distance: 12
M(A) inter A:
set()
M(B) inter B:
{(1, 4, 2, 3)}

AUB = 
{(2, 4, 1, 3), (2, 1, 3, 4), (1, 3, 2, 4), (3, 4, 2, 1), (1, 2, 3, 4), (1, 3, 4, 2), (4, 1, 2, 3), (3, 2, 4, 1), (4, 2, 1, 3), (1, 4, 2, 3), (2, 4, 3, 1), (4, 3, 2, 1), (2, 1, 4, 3), (4, 1, 3, 2)}
M(AUB) = 
[[2, 4, 1, 3], [4, 2, 1, 3]]
Distance:35

(9)
A = 
{(1, 2, 3, 4), (1, 4, 3, 2), (1, 2, 4, 3), (2, 4, 3, 1), (4, 2, 3, 1), (3, 2, 1, 4), (4, 1, 3, 2)}
M(A) = 
[[4, 1, 3, 2]]
Distance: 17
B = 
{(4, 2, 1, 3), (1, 3, 2, 4), (1, 2, 3, 4), (1, 3, 4, 2), (3, 4, 2, 1), (2, 3, 4, 1), (4, 3, 1, 2)}
M(B) = 
[[4, 1, 3, 2]]
Distance: 18
M(A) inter A:
set()
M(B) inter B:
{(1, 3, 4, 2)}

AUB = 
{(4, 2, 1, 3), (1, 3, 2, 4), (1, 2, 3, 4), (3, 4, 2, 1), (4, 3, 1, 2), (2, 3, 4, 1), (1, 4, 3, 2), (1, 3, 4, 2), (1, 2, 4, 3), (2, 4, 3, 1), (4, 2, 3, 1), (3, 2, 1, 4), (4, 1, 3, 2)}
M(AUB) = 
[[4, 1, 3, 2]]
Distance:36

(10)
A = 
{(2, 3, 1, 4), (4, 3, 2, 1), (1, 3, 4, 2), (4, 2, 1, 3), (2, 3, 4, 1), (4, 2, 3, 1), (4, 3, 1, 2)}
M(A) = 
[[3, 1, 4, 2]]
Distance: 14
B = 
{(3, 4, 1, 2), (1, 2, 3, 4), (1, 3, 4, 2), (3, 2, 1, 4), (1, 4, 2, 3), (3, 1, 2, 4), (1, 3, 2, 4)}
M(B) = 
[[3, 1, 4, 2]]
Distance: 11
M(A) inter A:
set()
M(B) inter B:
{(1, 3, 2, 4)}

AUB = 
{(2, 3, 1, 4), (1, 3, 2, 4), (3, 4, 1, 2), (1, 2, 3, 4), (4, 2, 3, 1), (1, 3, 4, 2), (3, 1, 2, 4), (1, 4, 2, 3), (4, 2, 1, 3), (2, 3, 4, 1), (4, 3, 2, 1), (3, 2, 1, 4), (4, 3, 1, 2)}
M(AUB) = 
[[3, 1, 4, 2]]
Distance:34

(11)
A = 
{(4, 1, 2, 3), (1, 3, 2, 4), (1, 4, 2, 3), (1, 4, 3, 2), (1, 3, 4, 2), (1, 2, 4, 3), (1, 2, 3, 4)}
M(A) = 
[[1, 2, 3, 4], [1, 2, 4, 3], [1, 4, 2, 3]]
Distance: 10
B = 
{(2, 3, 1, 4), (3, 1, 4, 2), (3, 2, 4, 1), (3, 4, 2, 1), (4, 2, 1, 3), (2, 4, 3, 1), (2, 1, 4, 3)}
M(B) = 
[[1, 2, 3, 4], [1, 2, 4, 3], [1, 4, 2, 3]]
Distance: 15
M(A) inter A:
set()
M(B) inter B:
set()

AUB = 
{(3, 1, 4, 2), (4, 1, 2, 3), (1, 3, 2, 4), (1, 2, 4, 3), (2, 4, 3, 1), (1, 4, 3, 2), (1, 3, 4, 2), (1, 4, 2, 3), (2, 3, 1, 4), (3, 2, 4, 1), (4, 2, 1, 3), (3, 4, 2, 1), (2, 1, 4, 3), (1, 2, 3, 4)}
M(AUB) = 
[[1, 2, 3, 4], [1, 2, 4, 3], [1, 4, 2, 3]]
Distance:36

(12)
A = 
{(2, 1, 3, 4), (1, 3, 2, 4), (1, 3, 4, 2), (3, 1, 2, 4), (4, 3, 2, 1), (3, 2, 1, 4), (3, 1, 4, 2)}
M(A) = 
[[3, 1, 4, 2]]
Distance: 12
B = 
{(4, 1, 2, 3), (3, 4, 1, 2), (3, 2, 4, 1), (3, 4, 2, 1), (4, 3, 2, 1), (3, 1, 2, 4), (3, 1, 4, 2)}
M(B) = 
[[3, 1, 4, 2]]
Distance: 11
M(A) inter A:
set()
M(B) inter B:
{(3, 4, 1, 2)}

AUB = 
{(2, 1, 3, 4), (3, 4, 1, 2), (1, 3, 2, 4), (3, 4, 2, 1), (1, 3, 4, 2), (3, 1, 2, 4), (3, 2, 4, 1), (4, 1, 2, 3), (4, 3, 2, 1), (3, 2, 1, 4), (3, 1, 4, 2)}
M(AUB) = 
[[3, 1, 4, 2]]
Distance:23

(13)
A = 
{(4, 2, 1, 3), (1, 3, 2, 4), (1, 4, 2, 3), (1, 3, 4, 2), (1, 2, 4, 3), (3, 2, 1, 4), (4, 1, 3, 2)}
M(A) = 
[[1, 3, 4, 2], [1, 4, 3, 2]]
Distance: 14
B = 
{(4, 2, 1, 3), (1, 2, 3, 4), (1, 4, 3, 2), (1, 3, 4, 2), (3, 4, 2, 1), (3, 2, 1, 4), (4, 1, 3, 2)}
M(B) = 
[[1, 3, 4, 2], [1, 4, 3, 2]]
Distance: 15
M(A) inter A:
{(1, 3, 4, 2)}
M(B) inter B:
{(1, 3, 4, 2)}

AUB = 
{(4, 2, 1, 3), (1, 3, 2, 4), (1, 2, 4, 3), (1, 2, 3, 4), (1, 3, 4, 2), (1, 4, 3, 2), (1, 4, 2, 3), (3, 4, 2, 1), (3, 2, 1, 4), (4, 1, 3, 2)}
M(AUB) = 
[[1, 3, 4, 2], [1, 4, 3, 2]]
Distance:21

(14)
A = 
{(2, 4, 1, 3), (2, 1, 4, 3), (1, 3, 4, 2), (3, 2, 1, 4), (4, 2, 3, 1), (3, 1, 2, 4), (4, 3, 1, 2)}
M(A) = 
[[2, 3, 1, 4], [2, 3, 4, 1], [2, 4, 3, 1], [3, 2, 1, 4], [3, 2, 4, 1]]
Distance: 19
B = 
{(2, 1, 3, 4), (3, 4, 1, 2), (2, 3, 4, 1), (1, 2, 4, 3), (2, 4, 3, 1), (4, 3, 2, 1), (1, 3, 2, 4)}
M(B) = 
[[2, 3, 1, 4], [2, 3, 4, 1], [2, 4, 3, 1], [3, 2, 1, 4], [3, 2, 4, 1]]
Distance: 17
M(A) inter A:
set()
M(B) inter B:
{(2, 3, 4, 1)}

AUB = 
{(2, 4, 1, 3), (2, 1, 4, 3), (1, 3, 2, 4), (3, 4, 1, 2), (4, 3, 2, 1), (2, 4, 3, 1), (1, 3, 4, 2), (3, 1, 2, 4), (1, 2, 4, 3), (2, 1, 3, 4), (2, 3, 4, 1), (4, 2, 3, 1), (3, 2, 1, 4), (4, 3, 1, 2)}
M(AUB) = 
[[2, 3, 1, 4], [2, 3, 4, 1], [2, 4, 3, 1], [3, 2, 1, 4], [3, 2, 4, 1]]
Distance:38

(15)
A = 
{(2, 3, 1, 4), (1, 3, 2, 4), (1, 3, 4, 2), (1, 4, 2, 3), (2, 1, 3, 4), (3, 1, 2, 4), (3, 4, 1, 2)}
M(A) = 
[[3, 1, 4, 2]]
Distance: 13
B = 
{(4, 1, 2, 3), (3, 1, 4, 2), (1, 3, 4, 2), (1, 4, 2, 3), (2, 1, 3, 4), (2, 3, 4, 1), (4, 2, 3, 1)}
M(B) = 
[[3, 1, 4, 2]]
Distance: 17
M(A) inter A:
{(1, 4, 2, 3)}
M(B) inter B:
{(1, 4, 2, 3)}

AUB = 
{(3, 1, 4, 2), (2, 3, 1, 4), (3, 4, 1, 2), (1, 3, 4, 2), (4, 1, 2, 3), (1, 4, 2, 3), (2, 1, 3, 4), (2, 3, 4, 1), (4, 2, 3, 1), (3, 1, 2, 4), (1, 3, 2, 4)}
M(AUB) = 
[[3, 1, 4, 2]]
Distance:27

(16)
A = 
{(2, 3, 1, 4), (3, 2, 4, 1), (4, 3, 1, 2), (1, 4, 3, 2), (3, 4, 2, 1), (2, 1, 4, 3), (2, 4, 1, 3)}
M(A) = 
[[2, 4, 3, 1]]
Distance: 18
B = 
{(4, 2, 1, 3), (1, 2, 3, 4), (4, 2, 3, 1), (3, 4, 2, 1), (2, 3, 4, 1), (4, 3, 1, 2), (2, 1, 4, 3)}
M(B) = 
[[2, 4, 3, 1]]
Distance: 15
M(A) inter A:
set()
M(B) inter B:
{(4, 2, 3, 1)}

AUB = 
{(2, 3, 1, 4), (1, 2, 3, 4), (3, 4, 2, 1), (4, 3, 1, 2), (4, 2, 3, 1), (1, 4, 3, 2), (3, 2, 4, 1), (4, 2, 1, 3), (2, 3, 4, 1), (2, 1, 4, 3), (2, 4, 1, 3)}
M(AUB) = 
[[2, 4, 3, 1]]
Distance:26

(17)
A = 
{(4, 2, 3, 1), (3, 4, 1, 2), (3, 2, 4, 1), (1, 3, 4, 2), (3, 4, 2, 1), (4, 3, 2, 1), (3, 1, 2, 4)}
M(A) = 
[[3, 2, 4, 1]]
Distance: 11
B = 
{(3, 4, 1, 2), (1, 3, 2, 4), (1, 2, 4, 3), (2, 4, 3, 1), (4, 1, 3, 2), (3, 2, 1, 4), (2, 4, 1, 3)}
M(B) = 
[[3, 2, 4, 1]]
Distance: 19
M(A) inter A:
set()
M(B) inter B:
{(1, 2, 4, 3), (1, 3, 2, 4), (2, 4, 1, 3)}

AUB = 
{(2, 4, 1, 3), (4, 2, 3, 1), (3, 4, 1, 2), (3, 4, 2, 1), (1, 2, 4, 3), (1, 3, 4, 2), (3, 2, 1, 4), (3, 2, 4, 1), (2, 4, 3, 1), (4, 1, 3, 2), (4, 3, 2, 1), (3, 1, 2, 4), (1, 3, 2, 4)}
M(AUB) = 
[[3, 2, 4, 1]]
Distance:32

(18)
A = 
{(4, 1, 2, 3), (3, 1, 4, 2), (1, 4, 3, 2), (2, 4, 3, 1), (4, 3, 2, 1), (3, 1, 2, 4), (4, 3, 1, 2)}
M(A) = 
[[2, 4, 3, 1], [4, 2, 3, 1], [4, 3, 1, 2], [4, 3, 2, 1]]
Distance: 13
B = 
{(4, 1, 2, 3), (1, 2, 3, 4), (4, 2, 3, 1), (3, 2, 4, 1), (2, 3, 1, 4), (2, 1, 4, 3), (4, 3, 1, 2)}
M(B) = 
[[2, 4, 3, 1], [4, 2, 3, 1], [4, 3, 1, 2], [4, 3, 2, 1]]
Distance: 17
M(A) inter A:
{(2, 4, 3, 1)}
M(B) inter B:
set()

AUB = 
{(4, 1, 2, 3), (3, 1, 4, 2), (1, 2, 3, 4), (4, 2, 3, 1), (1, 4, 3, 2), (3, 2, 4, 1), (2, 3, 1, 4), (2, 4, 3, 1), (4, 3, 2, 1), (2, 1, 4, 3), (3, 1, 2, 4), (4, 3, 1, 2)}
M(AUB) = 
[[2, 4, 3, 1], [4, 2, 3, 1], [4, 3, 1, 2], [4, 3, 2, 1]]
Distance:33

(19)
A = 
{(4, 1, 2, 3), (3, 1, 4, 2), (1, 2, 4, 3), (2, 3, 4, 1), (4, 2, 3, 1), (3, 1, 2, 4), (4, 1, 3, 2)}
M(A) = 
[[1, 2, 3, 4]]
Distance: 18
B = 
{(2, 1, 3, 4), (1, 2, 3, 4), (1, 4, 3, 2), (1, 3, 4, 2), (3, 2, 4, 1), (2, 3, 1, 4), (2, 4, 1, 3)}
M(B) = 
[[1, 2, 3, 4]]
Distance: 14
M(A) inter A:
set()
M(B) inter B:
{(2, 1, 3, 4)}

AUB = 
{(2, 4, 1, 3), (4, 1, 2, 3), (3, 1, 4, 2), (3, 2, 4, 1), (1, 2, 3, 4), (1, 4, 3, 2), (1, 3, 4, 2), (1, 2, 4, 3), (2, 3, 1, 4), (2, 1, 3, 4), (2, 3, 4, 1), (4, 2, 3, 1), (3, 1, 2, 4), (4, 1, 3, 2)}
M(AUB) = 
[[1, 2, 3, 4]]
Distance:36

(20)
A = 
{(4, 2, 1, 3), (1, 3, 2, 4), (1, 4, 2, 3), (2, 1, 3, 4), (2, 3, 4, 1), (3, 2, 1, 4), (2, 4, 1, 3)}
M(A) = 
[[2, 1, 3, 4], [2, 3, 1, 4], [3, 2, 1, 4]]
Distance: 14
B = 
{(2, 3, 1, 4), (3, 1, 4, 2), (1, 3, 4, 2), (3, 4, 2, 1), (2, 1, 3, 4), (3, 1, 2, 4), (1, 3, 2, 4)}
M(B) = 
[[2, 1, 3, 4], [2, 3, 1, 4], [3, 2, 1, 4]]
Distance: 12
M(A) inter A:
set()
M(B) inter B:
{(3, 1, 2, 4)}

AUB = 
{(3, 1, 4, 2), (4, 2, 1, 3), (1, 3, 2, 4), (3, 4, 2, 1), (2, 3, 1, 4), (1, 3, 4, 2), (3, 1, 2, 4), (1, 4, 2, 3), (2, 1, 3, 4), (2, 3, 4, 1), (3, 2, 1, 4), (2, 4, 1, 3)}
M(AUB) = 
[[2, 1, 3, 4], [2, 3, 1, 4], [3, 2, 1, 4]]
Distance:29

(21)
A = 
{(4, 1, 2, 3), (3, 4, 2, 1), (1, 3, 4, 2), (3, 2, 4, 1), (2, 3, 4, 1), (4, 3, 2, 1), (2, 1, 4, 3)}
M(A) = 
[[2, 1, 3, 4]]
Distance: 16
B = 
{(2, 1, 3, 4), (1, 3, 2, 4), (1, 2, 3, 4), (1, 3, 4, 2), (1, 4, 2, 3), (2, 1, 4, 3), (2, 4, 1, 3)}
M(B) = 
[[2, 1, 3, 4]]
Distance: 11
M(A) inter A:
set()
M(B) inter B:
{(1, 2, 3, 4)}

AUB = 
{(2, 4, 1, 3), (4, 1, 2, 3), (1, 3, 2, 4), (3, 2, 4, 1), (1, 2, 3, 4), (1, 3, 4, 2), (3, 4, 2, 1), (2, 1, 3, 4), (1, 4, 2, 3), (2, 3, 4, 1), (4, 3, 2, 1), (2, 1, 4, 3)}
M(AUB) = 
[[2, 1, 3, 4]]
Distance:30

(22)
A = 
{(2, 3, 1, 4), (1, 2, 3, 4), (1, 3, 4, 2), (3, 2, 4, 1), (4, 2, 3, 1), (3, 1, 2, 4), (4, 3, 1, 2)}
M(A) = 
[[1, 2, 4, 3]]
Distance: 16
B = 
{(4, 2, 1, 3), (1, 4, 2, 3), (1, 4, 3, 2), (1, 2, 4, 3), (2, 4, 3, 1), (2, 1, 4, 3), (4, 3, 1, 2)}
M(B) = 
[[1, 2, 4, 3]]
Distance: 13
M(A) inter A:
set()
M(B) inter B:
{(1, 4, 2, 3)}

AUB = 
{(2, 3, 1, 4), (1, 2, 3, 4), (1, 4, 2, 3), (1, 2, 4, 3), (1, 3, 4, 2), (1, 4, 3, 2), (3, 2, 4, 1), (4, 2, 1, 3), (2, 4, 3, 1), (4, 2, 3, 1), (2, 1, 4, 3), (3, 1, 2, 4), (4, 3, 1, 2)}
M(AUB) = 
[[1, 2, 4, 3]]
Distance:33

(23)
A = 
{(3, 4, 1, 2), (1, 2, 3, 4), (1, 3, 4, 2), (1, 4, 2, 3), (2, 4, 1, 3), (3, 1, 2, 4), (4, 3, 1, 2)}
M(A) = 
[[1, 3, 2, 4]]
Distance: 16
B = 
{(2, 1, 3, 4), (1, 2, 3, 4), (1, 4, 3, 2), (1, 4, 2, 3), (2, 4, 1, 3), (3, 2, 1, 4), (2, 1, 4, 3)}
M(B) = 
[[1, 3, 2, 4]]
Distance: 12
M(A) inter A:
set()
M(B) inter B:
{(2, 1, 4, 3)}

AUB = 
{(3, 2, 1, 4), (2, 1, 3, 4), (3, 4, 1, 2), (1, 2, 3, 4), (1, 3, 4, 2), (1, 4, 3, 2), (1, 4, 2, 3), (2, 4, 1, 3), (2, 1, 4, 3), (3, 1, 2, 4), (4, 3, 1, 2)}
M(AUB) = 
[[1, 3, 2, 4]]
Distance:26

(24)
A = 
{(4, 1, 2, 3), (3, 1, 4, 2), (1, 3, 4, 2), (2, 1, 3, 4), (2, 3, 4, 1), (4, 3, 2, 1), (4, 1, 3, 2)}
M(A) = 
[[1, 3, 4, 2]]
Distance: 18
B = 
{(4, 1, 2, 3), (3, 1, 4, 2), (1, 4, 3, 2), (1, 3, 4, 2), (1, 2, 4, 3), (3, 1, 2, 4), (1, 3, 2, 4)}
M(B) = 
[[1, 3, 4, 2]]
Distance: 11
M(A) inter A:
{(1, 3, 4, 2)}
M(B) inter B:
{(1, 3, 4, 2)}

AUB = 
{(4, 1, 2, 3), (1, 3, 2, 4), (3, 1, 4, 2), (1, 3, 4, 2), (1, 4, 3, 2), (1, 2, 4, 3), (2, 1, 3, 4), (2, 3, 4, 1), (4, 3, 2, 1), (3, 1, 2, 4), (4, 1, 3, 2)}
M(AUB) = 
[[1, 3, 4, 2]]
Distance:25

(25)
A = 
{(4, 1, 2, 3), (1, 2, 3, 4), (1, 2, 4, 3), (2, 3, 1, 4), (2, 3, 4, 1), (3, 1, 2, 4), (2, 4, 1, 3)}
M(A) = 
[[1, 2, 3, 4]]
Distance: 14
B = 
{(1, 3, 2, 4), (3, 4, 1, 2), (1, 4, 2, 3), (1, 2, 4, 3), (2, 3, 4, 1), (3, 2, 1, 4), (4, 3, 1, 2)}
M(B) = 
[[1, 2, 3, 4]]
Distance: 17
M(A) inter A:
{(3, 1, 2, 4)}
M(B) inter B:
set()

AUB = 
{(3, 4, 1, 2), (4, 1, 2, 3), (1, 3, 2, 4), (1, 2, 3, 4), (1, 4, 2, 3), (3, 2, 1, 4), (1, 2, 4, 3), (2, 3, 1, 4), (2, 3, 4, 1), (4, 3, 1, 2), (3, 1, 2, 4), (2, 4, 1, 3)}
M(AUB) = 
[[1, 2, 3, 4]]
Distance:29

(26)
A = 
{(4, 1, 2, 3), (1, 3, 2, 4), (1, 2, 3, 4), (1, 3, 4, 2), (1, 2, 4, 3), (2, 3, 4, 1), (2, 1, 4, 3)}
M(A) = 
[[1, 2, 3, 4], [1, 2, 4, 3], [1, 3, 2, 4], [1, 3, 4, 2], [1, 4, 2, 3], [1, 4, 3, 2]]
Distance: 12
B = 
{(2, 3, 1, 4), (3, 4, 1, 2), (1, 4, 3, 2), (1, 3, 4, 2), (1, 2, 4, 3), (4, 3, 2, 1), (4, 3, 1, 2)}
M(B) = 
[[1, 2, 3, 4], [1, 2, 4, 3], [1, 3, 2, 4], [1, 3, 4, 2], [1, 4, 2, 3], [1, 4, 3, 2]]
Distance: 16
M(A) inter A:
set()
M(B) inter B:
{(1, 4, 3, 2), (4, 3, 1, 2)}

AUB = 
{(4, 1, 2, 3), (3, 4, 1, 2), (1, 3, 2, 4), (4, 3, 1, 2), (1, 2, 3, 4), (1, 3, 4, 2), (1, 4, 3, 2), (1, 2, 4, 3), (2, 3, 1, 4), (2, 3, 4, 1), (4, 3, 2, 1), (2, 1, 4, 3)}
M(AUB) = 
[[1, 2, 3, 4], [1, 2, 4, 3], [1, 3, 2, 4], [1, 3, 4, 2], [1, 4, 2, 3], [1, 4, 3, 2]]
Distance:32

(27)
A = 
{(2, 1, 4, 3), (1, 4, 3, 2), (1, 2, 4, 3), (4, 3, 2, 1), (2, 4, 1, 3), (3, 1, 2, 4), (4, 3, 1, 2)}
M(A) = 
[[1, 2, 4, 3]]
Distance: 17
B = 
{(2, 4, 1, 3), (1, 2, 3, 4), (1, 4, 2, 3), (2, 4, 3, 1), (4, 2, 3, 1), (3, 1, 2, 4), (2, 1, 4, 3)}
M(B) = 
[[1, 2, 4, 3]]
Distance: 14
M(A) inter A:
{(2, 1, 4, 3)}
M(B) inter B:
{(2, 1, 4, 3)}

AUB = 
{(4, 3, 2, 1), (1, 2, 3, 4), (1, 4, 2, 3), (4, 2, 3, 1), (1, 4, 3, 2), (1, 2, 4, 3), (2, 4, 3, 1), (4, 3, 1, 2), (2, 1, 4, 3), (3, 1, 2, 4), (2, 4, 1, 3)}
M(AUB) = 
[[1, 2, 4, 3]]
Distance:26

(28)
A = 
{(2, 3, 1, 4), (1, 3, 2, 4), (1, 4, 2, 3), (1, 3, 4, 2), (3, 4, 2, 1), (2, 3, 4, 1), (3, 1, 2, 4)}
M(A) = 
[[3, 1, 4, 2], [3, 4, 1, 2], [3, 4, 2, 1]]
Distance: 15
B = 
{(2, 3, 1, 4), (3, 1, 4, 2), (4, 3, 2, 1), (4, 2, 1, 3), (2, 3, 4, 1), (4, 2, 3, 1), (4, 3, 1, 2)}
M(B) = 
[[3, 1, 4, 2], [3, 4, 1, 2], [3, 4, 2, 1]]
Distance: 13
M(A) inter A:
set()
M(B) inter B:
{(4, 2, 3, 1)}

AUB = 
{(2, 3, 1, 4), (1, 3, 2, 4), (3, 4, 2, 1), (4, 3, 1, 2), (4, 2, 3, 1), (1, 3, 4, 2), (1, 4, 2, 3), (4, 2, 1, 3), (2, 3, 4, 1), (4, 3, 2, 1), (3, 1, 2, 4), (3, 1, 4, 2)}
M(AUB) = 
[[3, 1, 4, 2], [3, 4, 1, 2], [3, 4, 2, 1]]
Distance:30

(29)
A = 
{(3, 1, 4, 2), (1, 4, 3, 2), (3, 2, 4, 1), (2, 4, 3, 1), (2, 1, 4, 3), (3, 1, 2, 4), (4, 1, 3, 2)}
M(A) = 
[[4, 3, 1, 2]]
Distance: 18
B = 
{(4, 1, 2, 3), (3, 1, 4, 2), (4, 3, 1, 2), (1, 4, 2, 3), (4, 2, 3, 1), (3, 1, 2, 4), (2, 1, 4, 3)}
M(B) = 
[[4, 3, 1, 2]]
Distance: 16
M(A) inter A:
set()
M(B) inter B:
{(1, 4, 2, 3)}

AUB = 
{(4, 1, 2, 3), (3, 1, 4, 2), (1, 4, 2, 3), (4, 3, 1, 2), (4, 2, 3, 1), (1, 4, 3, 2), (3, 2, 4, 1), (2, 4, 3, 1), (2, 1, 4, 3), (3, 1, 2, 4), (4, 1, 3, 2)}
M(AUB) = 
[[4, 3, 1, 2]]
Distance:26

(30)
A = 
{(4, 1, 2, 3), (1, 2, 3, 4), (3, 2, 4, 1), (1, 4, 3, 2), (3, 4, 2, 1), (4, 2, 3, 1), (2, 1, 4, 3)}
M(A) = 
[[2, 4, 3, 1]]
Distance: 18
B = 
{(4, 3, 2, 1), (3, 2, 4, 1), (1, 2, 4, 3), (4, 1, 2, 3), (2, 3, 4, 1), (4, 2, 3, 1), (3, 1, 2, 4)}
M(B) = 
[[2, 4, 3, 1]]
Distance: 16
M(A) inter A:
set()
M(B) inter B:
set()

AUB = 
{(4, 1, 2, 3), (1, 2, 3, 4), (3, 4, 2, 1), (1, 2, 4, 3), (1, 4, 3, 2), (3, 2, 4, 1), (4, 3, 2, 1), (2, 3, 4, 1), (4, 2, 3, 1), (3, 1, 2, 4), (2, 1, 4, 3)}
M(AUB) = 
[[2, 4, 3, 1]]
Distance:30

(31)
A = 
{(2, 3, 1, 4), (3, 4, 1, 2), (3, 1, 2, 4), (1, 2, 4, 3), (2, 4, 3, 1), (4, 3, 2, 1), (3, 2, 1, 4)}
M(A) = 
[[3, 1, 2, 4]]
Distance: 15
B = 
{(3, 1, 4, 2), (1, 2, 4, 3), (1, 2, 3, 4), (1, 3, 4, 2), (3, 2, 4, 1), (3, 2, 1, 4), (4, 1, 3, 2)}
M(B) = 
[[3, 1, 2, 4]]
Distance: 14
M(A) inter A:
set()
M(B) inter B:
set()

AUB = 
{(2, 3, 1, 4), (3, 4, 1, 2), (3, 2, 4, 1), (1, 2, 3, 4), (1, 3, 4, 2), (3, 2, 1, 4), (1, 2, 4, 3), (2, 4, 3, 1), (4, 1, 3, 2), (4, 3, 2, 1), (3, 1, 2, 4), (3, 1, 4, 2)}
M(AUB) = 
[[3, 1, 2, 4]]
Distance:27

(32)
A = 
{(3, 1, 4, 2), (1, 2, 3, 4), (1, 2, 4, 3), (3, 2, 4, 1), (2, 4, 3, 1), (4, 2, 3, 1), (3, 4, 1, 2)}
M(A) = 
[[2, 3, 1, 4], [2, 3, 4, 1]]
Distance: 18
B = 
{(2, 1, 3, 4), (1, 2, 3, 4), (3, 2, 4, 1), (3, 4, 2, 1), (4, 2, 1, 3), (3, 2, 1, 4), (2, 1, 4, 3)}
M(B) = 
[[2, 3, 1, 4], [2, 3, 4, 1]]
Distance: 14
M(A) inter A:
set()
M(B) inter B:
{(2, 1, 3, 4)}

AUB = 
{(2, 1, 3, 4), (3, 4, 1, 2), (3, 2, 4, 1), (1, 2, 3, 4), (1, 2, 4, 3), (4, 2, 1, 3), (2, 4, 3, 1), (3, 4, 2, 1), (4, 2, 3, 1), (2, 1, 4, 3), (3, 2, 1, 4), (3, 1, 4, 2)}
M(AUB) = 
[[2, 3, 1, 4], [2, 3, 4, 1]]
Distance:30

(33)
A = 
{(2, 1, 3, 4), (1, 3, 2, 4), (3, 4, 2, 1), (4, 2, 1, 3), (4, 1, 3, 2), (2, 1, 4, 3), (2, 4, 1, 3)}
M(A) = 
[[1, 4, 2, 3]]
Distance: 15
B = 
{(2, 1, 3, 4), (1, 2, 3, 4), (1, 3, 4, 2), (1, 4, 3, 2), (1, 4, 2, 3), (2, 1, 4, 3), (2, 4, 1, 3)}
M(B) = 
[[1, 4, 2, 3]]
Distance: 12
M(A) inter A:
set()
M(B) inter B:
set()

AUB = 
{(2, 1, 3, 4), (1, 3, 2, 4), (1, 4, 2, 3), (1, 2, 3, 4), (1, 3, 4, 2), (1, 4, 3, 2), (3, 4, 2, 1), (4, 2, 1, 3), (4, 1, 3, 2), (2, 1, 4, 3), (2, 4, 1, 3)}
M(AUB) = 
[[1, 4, 2, 3]]
Distance:25

(34)
A = 
{(4, 1, 2, 3), (1, 3, 2, 4), (1, 4, 2, 3), (1, 3, 4, 2), (1, 4, 3, 2), (3, 4, 2, 1), (2, 1, 4, 3)}
M(A) = 
[[1, 3, 4, 2], [1, 4, 3, 2], [3, 1, 4, 2]]
Distance: 13
B = 
{(3, 4, 1, 2), (3, 2, 4, 1), (1, 2, 4, 3), (2, 4, 3, 1), (4, 2, 3, 1), (3, 2, 1, 4), (3, 1, 4, 2)}
M(B) = 
[[1, 3, 4, 2], [1, 4, 3, 2], [3, 1, 4, 2]]
Distance: 16
M(A) inter A:
set()
M(B) inter B:
{(3, 2, 4, 1)}

AUB = 
{(3, 1, 4, 2), (4, 1, 2, 3), (3, 4, 1, 2), (1, 3, 2, 4), (3, 4, 2, 1), (1, 2, 4, 3), (1, 3, 4, 2), (1, 4, 3, 2), (1, 4, 2, 3), (3, 2, 4, 1), (2, 4, 3, 1), (4, 2, 3, 1), (3, 2, 1, 4), (2, 1, 4, 3)}
M(AUB) = 
[[1, 3, 4, 2], [1, 4, 3, 2], [3, 1, 4, 2]]
Distance:38

(35)
A = 
{(4, 2, 1, 3), (3, 4, 1, 2), (1, 3, 4, 2), (1, 2, 4, 3), (4, 1, 2, 3), (4, 2, 3, 1), (4, 1, 3, 2)}
M(A) = 
[[4, 1, 2, 3]]
Distance: 12
B = 
{(4, 1, 2, 3), (3, 4, 1, 2), (3, 2, 4, 1), (3, 4, 2, 1), (2, 4, 3, 1), (4, 2, 3, 1), (1, 2, 3, 4)}
M(B) = 
[[4, 1, 2, 3]]
Distance: 16
M(A) inter A:
{(4, 2, 3, 1)}
M(B) inter B:
{(3, 4, 2, 1), (4, 2, 3, 1)}

AUB = 
{(4, 1, 2, 3), (3, 4, 1, 2), (3, 2, 4, 1), (1, 2, 3, 4), (1, 3, 4, 2), (1, 2, 4, 3), (4, 2, 1, 3), (2, 4, 3, 1), (3, 4, 2, 1), (4, 2, 3, 1), (4, 1, 3, 2)}
M(AUB) = 
[[4, 1, 2, 3]]
Distance:27

(36)
A = 
{(2, 1, 3, 4), (3, 4, 1, 2), (1, 2, 3, 4), (4, 2, 1, 3), (2, 4, 3, 1), (4, 1, 3, 2), (2, 4, 1, 3)}
M(A) = 
[[4, 2, 1, 3]]
Distance: 15
B = 
{(2, 1, 3, 4), (3, 4, 1, 2), (1, 4, 2, 3), (1, 3, 4, 2), (3, 4, 2, 1), (4, 2, 3, 1), (2, 4, 1, 3)}
M(B) = 
[[4, 2, 1, 3]]
Distance: 18
M(A) inter A:
{(4, 2, 1, 3)}
M(B) inter B:
set()

AUB = 
{(2, 1, 3, 4), (3, 4, 1, 2), (3, 4, 2, 1), (1, 2, 3, 4), (4, 2, 3, 1), (1, 3, 4, 2), (1, 4, 2, 3), (4, 2, 1, 3), (2, 4, 3, 1), (4, 1, 3, 2), (2, 4, 1, 3)}
M(AUB) = 
[[4, 2, 1, 3]]
Distance:26

(37)
A = 
{(2, 3, 1, 4), (1, 2, 3, 4), (1, 4, 2, 3), (3, 4, 2, 1), (4, 2, 1, 3), (2, 4, 1, 3), (1, 3, 2, 4)}
M(A) = 
[[1, 2, 4, 3], [1, 4, 2, 3], [2, 1, 4, 3], [2, 4, 1, 3], [4, 1, 2, 3], [4, 2, 1, 3]]
Distance: 16
B = 
{(2, 3, 1, 4), (1, 2, 3, 4), (1, 2, 4, 3), (1, 4, 3, 2), (3, 2, 4, 1), (4, 2, 3, 1), (4, 3, 1, 2)}
M(B) = 
[[1, 2, 4, 3], [1, 4, 2, 3], [2, 1, 4, 3], [2, 4, 1, 3], [4, 1, 2, 3], [4, 2, 1, 3]]
Distance: 19
M(A) inter A:
set()
M(B) inter B:
{(1, 2, 4, 3)}

AUB = 
{(2, 3, 1, 4), (1, 3, 2, 4), (3, 4, 2, 1), (4, 3, 1, 2), (1, 2, 4, 3), (4, 2, 3, 1), (1, 4, 3, 2), (1, 4, 2, 3), (4, 2, 1, 3), (3, 2, 4, 1), (2, 4, 1, 3), (1, 2, 3, 4)}
M(AUB) = 
[[1, 2, 4, 3], [1, 4, 2, 3], [2, 1, 4, 3], [2, 4, 1, 3], [4, 1, 2, 3], [4, 2, 1, 3]]
Distance:33

(38)
A = 
{(4, 2, 1, 3), (3, 2, 4, 1), (3, 4, 2, 1), (2, 3, 1, 4), (2, 4, 1, 3), (3, 2, 1, 4), (4, 3, 1, 2)}
M(A) = 
[[3, 2, 4, 1]]
Distance: 14
B = 
{(3, 4, 1, 2), (1, 4, 2, 3), (3, 1, 2, 4), (1, 2, 4, 3), (2, 3, 4, 1), (3, 2, 1, 4), (1, 3, 2, 4)}
M(B) = 
[[3, 2, 4, 1]]
Distance: 14
M(A) inter A:
set()
M(B) inter B:
{(3, 1, 2, 4)}

AUB = 
{(4, 2, 1, 3), (1, 3, 2, 4), (3, 4, 1, 2), (3, 4, 2, 1), (1, 2, 4, 3), (3, 1, 2, 4), (3, 2, 4, 1), (2, 3, 1, 4), (1, 4, 2, 3), (2, 3, 4, 1), (2, 4, 1, 3), (3, 2, 1, 4), (4, 3, 1, 2)}
M(AUB) = 
[[3, 2, 4, 1]]
Distance:33

(39)
A = 
{(3, 1, 4, 2), (4, 2, 1, 3), (1, 2, 3, 4), (1, 4, 3, 2), (4, 2, 3, 1), (3, 2, 1, 4), (4, 3, 1, 2)}
M(A) = 
[[1, 2, 4, 3]]
Distance: 18
B = 
{(3, 1, 4, 2), (1, 4, 3, 2), (1, 2, 4, 3), (2, 4, 3, 1), (2, 1, 4, 3), (3, 1, 2, 4), (1, 3, 2, 4)}
M(B) = 
[[1, 2, 4, 3]]
Distance: 15
M(A) inter A:
set()
M(B) inter B:
{(1, 2, 4, 3), (1, 3, 2, 4)}

AUB = 
{(4, 2, 1, 3), (1, 3, 2, 4), (3, 1, 4, 2), (1, 2, 3, 4), (1, 4, 3, 2), (3, 1, 2, 4), (1, 2, 4, 3), (2, 4, 3, 1), (4, 2, 3, 1), (2, 1, 4, 3), (3, 2, 1, 4), (4, 3, 1, 2)}
M(AUB) = 
[[1, 2, 4, 3]]
Distance:31

(40)
A = 
{(4, 1, 2, 3), (1, 2, 3, 4), (1, 3, 4, 2), (3, 4, 2, 1), (4, 2, 1, 3), (4, 1, 3, 2), (3, 1, 4, 2)}
M(A) = 
[[4, 1, 3, 2]]
Distance: 15
B = 
{(4, 2, 1, 3), (1, 3, 2, 4), (4, 3, 1, 2), (1, 2, 4, 3), (4, 1, 3, 2), (4, 3, 2, 1), (3, 4, 1, 2)}
M(B) = 
[[4, 1, 3, 2]]
Distance: 13
M(A) inter A:
{(4, 1, 3, 2)}
M(B) inter B:
{(4, 1, 3, 2)}

AUB = 
{(3, 4, 1, 2), (4, 1, 2, 3), (1, 3, 2, 4), (1, 2, 3, 4), (4, 3, 2, 1), (1, 2, 4, 3), (4, 3, 1, 2), (1, 3, 4, 2), (3, 4, 2, 1), (4, 2, 1, 3), (4, 1, 3, 2), (3, 1, 4, 2)}
M(AUB) = 
[[4, 1, 3, 2]]
Distance:26

(41)
A = 
{(2, 3, 1, 4), (3, 4, 1, 2), (1, 3, 2, 4), (1, 3, 4, 2), (4, 1, 2, 3), (3, 1, 2, 4), (4, 3, 1, 2)}
M(A) = 
[[3, 1, 4, 2], [3, 4, 1, 2]]
Distance: 14
B = 
{(4, 1, 2, 3), (1, 3, 2, 4), (3, 1, 4, 2), (1, 3, 4, 2), (3, 4, 2, 1), (4, 3, 1, 2), (4, 1, 3, 2)}
M(B) = 
[[3, 1, 4, 2], [3, 4, 1, 2]]
Distance: 13
M(A) inter A:
{(1, 3, 4, 2), (3, 4, 1, 2)}
M(B) inter B:
{(1, 3, 4, 2), (4, 1, 3, 2)}

AUB = 
{(3, 1, 4, 2), (4, 1, 2, 3), (1, 3, 2, 4), (3, 4, 1, 2), (1, 3, 4, 2), (3, 4, 2, 1), (2, 3, 1, 4), (4, 1, 3, 2), (3, 1, 2, 4), (4, 3, 1, 2)}
M(AUB) = 
[[3, 1, 4, 2], [3, 4, 1, 2]]
Distance:19

(42)
A = 
{(3, 4, 1, 2), (1, 3, 4, 2), (3, 1, 2, 4), (1, 4, 2, 3), (2, 3, 4, 1), (3, 2, 1, 4), (4, 1, 3, 2)}
M(A) = 
[[1, 2, 3, 4], [1, 3, 2, 4], [1, 3, 4, 2]]
Distance: 15
B = 
{(2, 4, 1, 3), (2, 1, 3, 4), (1, 2, 3, 4), (1, 4, 3, 2), (1, 4, 2, 3), (4, 2, 3, 1), (4, 1, 3, 2)}
M(B) = 
[[1, 2, 3, 4], [1, 3, 2, 4], [1, 3, 4, 2]]
Distance: 14
M(A) inter A:
{(1, 4, 2, 3)}
M(B) inter B:
{(1, 4, 2, 3)}

AUB = 
{(2, 1, 3, 4), (3, 4, 1, 2), (1, 2, 3, 4), (4, 2, 3, 1), (1, 3, 4, 2), (3, 1, 2, 4), (1, 4, 2, 3), (2, 3, 4, 1), (1, 4, 3, 2), (2, 4, 1, 3), (3, 2, 1, 4), (4, 1, 3, 2)}
M(AUB) = 
[[1, 2, 3, 4], [1, 3, 2, 4], [1, 3, 4, 2]]
Distance:32

(43)
A = 
{(2, 1, 3, 4), (3, 1, 4, 2), (1, 3, 4, 2), (1, 2, 4, 3), (2, 3, 1, 4), (2, 3, 4, 1), (4, 3, 2, 1)}
M(A) = 
[[1, 3, 4, 2], [3, 1, 4, 2]]
Distance: 16
B = 
{(3, 1, 4, 2), (4, 1, 2, 3), (1, 2, 3, 4), (1, 4, 3, 2), (3, 4, 2, 1), (2, 3, 1, 4), (3, 4, 1, 2)}
M(B) = 
[[1, 3, 4, 2], [3, 1, 4, 2]]
Distance: 15
M(A) inter A:
{(3, 1, 4, 2)}
M(B) inter B:
{(3, 1, 4, 2)}

AUB = 
{(2, 1, 3, 4), (3, 4, 1, 2), (3, 1, 4, 2), (3, 4, 2, 1), (1, 3, 4, 2), (1, 4, 3, 2), (4, 1, 2, 3), (1, 2, 4, 3), (2, 3, 1, 4), (2, 3, 4, 1), (4, 3, 2, 1), (1, 2, 3, 4)}
M(AUB) = 
[[1, 3, 4, 2], [3, 1, 4, 2]]
Distance:31

(44)
A = 
{(4, 1, 2, 3), (3, 1, 4, 2), (4, 2, 3, 1), (1, 4, 3, 2), (1, 2, 4, 3), (4, 3, 2, 1), (4, 3, 1, 2)}
M(A) = 
[[4, 1, 2, 3]]
Distance: 13
B = 
{(2, 1, 3, 4), (3, 1, 4, 2), (1, 2, 3, 4), (4, 2, 1, 3), (2, 4, 3, 1), (4, 1, 3, 2), (2, 1, 4, 3)}
M(B) = 
[[4, 1, 2, 3]]
Distance: 16
M(A) inter A:
set()
M(B) inter B:
{(2, 1, 4, 3)}

AUB = 
{(4, 1, 2, 3), (3, 1, 4, 2), (1, 2, 3, 4), (4, 2, 3, 1), (1, 4, 3, 2), (1, 2, 4, 3), (2, 1, 3, 4), (2, 4, 3, 1), (4, 2, 1, 3), (4, 1, 3, 2), (4, 3, 2, 1), (2, 1, 4, 3), (4, 3, 1, 2)}
M(AUB) = 
[[4, 1, 2, 3]]
Distance:30

(45)
A = 
{(2, 3, 1, 4), (1, 3, 2, 4), (1, 3, 4, 2), (3, 2, 4, 1), (2, 3, 4, 1), (4, 3, 1, 2), (1, 2, 3, 4)}
M(A) = 
[[1, 3, 2, 4], [1, 3, 4, 2], [3, 1, 2, 4], [3, 1, 4, 2]]
Distance: 15
B = 
{(4, 1, 2, 3), (3, 1, 4, 2), (1, 4, 3, 2), (3, 2, 4, 1), (4, 3, 1, 2), (3, 1, 2, 4), (4, 1, 3, 2)}
M(B) = 
[[1, 3, 2, 4], [1, 3, 4, 2], [3, 1, 2, 4], [3, 1, 4, 2]]
Distance: 13
M(A) inter A:
{(4, 3, 1, 2)}
M(B) inter B:
{(4, 3, 1, 2)}

AUB = 
{(3, 1, 4, 2), (2, 3, 1, 4), (1, 3, 2, 4), (1, 3, 4, 2), (1, 4, 3, 2), (3, 2, 4, 1), (4, 1, 2, 3), (2, 3, 4, 1), (4, 1, 3, 2), (4, 3, 1, 2), (3, 1, 2, 4), (1, 2, 3, 4)}
M(AUB) = 
[[1, 3, 2, 4], [1, 3, 4, 2], [3, 1, 2, 4], [3, 1, 4, 2]]
Distance:28

(46)
A = 
{(2, 3, 1, 4), (3, 4, 1, 2), (1, 2, 3, 4), (1, 2, 4, 3), (1, 4, 2, 3), (4, 2, 3, 1), (2, 4, 1, 3)}
M(A) = 
[[1, 2, 3, 4]]
Distance: 16
B = 
{(2, 3, 1, 4), (1, 3, 4, 2), (1, 4, 2, 3), (2, 3, 4, 1), (2, 4, 1, 3), (3, 1, 2, 4), (2, 1, 4, 3)}
M(B) = 
[[1, 2, 3, 4]]
Distance: 15
M(A) inter A:
set()
M(B) inter B:
set()

AUB = 
{(2, 3, 1, 4), (3, 4, 1, 2), (1, 4, 2, 3), (1, 2, 3, 4), (1, 3, 4, 2), (1, 2, 4, 3), (2, 3, 4, 1), (4, 2, 3, 1), (2, 1, 4, 3), (3, 1, 2, 4), (2, 4, 1, 3)}
M(AUB) = 
[[1, 2, 3, 4]]
Distance:26

(47)
A = 
{(2, 1, 3, 4), (1, 3, 2, 4), (3, 4, 2, 1), (1, 4, 2, 3), (4, 2, 1, 3), (4, 3, 2, 1), (4, 1, 3, 2)}
M(A) = 
[[1, 3, 4, 2], [3, 1, 4, 2], [3, 4, 1, 2], [3, 4, 2, 1]]
Distance: 17
B = 
{(3, 1, 4, 2), (1, 3, 2, 4), (1, 2, 3, 4), (3, 2, 4, 1), (3, 4, 2, 1), (3, 2, 1, 4), (4, 3, 1, 2)}
M(B) = 
[[1, 3, 4, 2], [3, 1, 4, 2], [3, 4, 1, 2], [3, 4, 2, 1]]
Distance: 13
M(A) inter A:
set()
M(B) inter B:
set()

AUB = 
{(3, 1, 4, 2), (2, 1, 3, 4), (1, 3, 2, 4), (1, 4, 2, 3), (4, 3, 1, 2), (1, 2, 3, 4), (3, 4, 2, 1), (4, 2, 1, 3), (3, 2, 4, 1), (4, 3, 2, 1), (3, 2, 1, 4), (4, 1, 3, 2)}
M(AUB) = 
[[1, 3, 4, 2], [3, 1, 4, 2], [3, 4, 1, 2], [3, 4, 2, 1]]
Distance:32

(48)
A = 
{(2, 4, 1, 3), (2, 3, 1, 4), (2, 3, 4, 1), (2, 4, 3, 1), (4, 3, 2, 1), (3, 1, 2, 4), (4, 3, 1, 2)}
M(A) = 
[[2, 4, 3, 1], [3, 2, 4, 1]]
Distance: 13
B = 
{(2, 1, 4, 3), (1, 4, 3, 2), (3, 2, 4, 1), (2, 3, 1, 4), (4, 3, 1, 2), (3, 2, 1, 4), (2, 4, 1, 3)}
M(B) = 
[[2, 4, 3, 1], [3, 2, 4, 1]]
Distance: 17
M(A) inter A:
set()
M(B) inter B:
{(3, 2, 1, 4)}

AUB = 
{(2, 4, 1, 3), (2, 3, 1, 4), (2, 4, 3, 1), (1, 4, 3, 2), (3, 2, 1, 4), (3, 2, 4, 1), (2, 3, 4, 1), (4, 3, 2, 1), (2, 1, 4, 3), (3, 1, 2, 4), (4, 3, 1, 2)}
M(AUB) = 
[[2, 4, 3, 1], [3, 2, 4, 1]]
Distance:25

(49)
A = 
{(4, 1, 2, 3), (3, 1, 4, 2), (1, 3, 4, 2), (1, 4, 3, 2), (1, 2, 4, 3), (2, 1, 3, 4), (3, 4, 1, 2)}
M(A) = 
[[1, 3, 4, 2], [1, 4, 3, 2], [3, 1, 4, 2]]
Distance: 13
B = 
{(2, 1, 3, 4), (3, 1, 4, 2), (3, 1, 2, 4), (2, 4, 3, 1), (4, 2, 3, 1), (3, 2, 1, 4), (4, 1, 3, 2)}
M(B) = 
[[1, 3, 4, 2], [1, 4, 3, 2], [3, 1, 4, 2]]
Distance: 17
M(A) inter A:
set()
M(B) inter B:
{(3, 2, 1, 4)}

AUB = 
{(4, 1, 2, 3), (3, 4, 1, 2), (3, 2, 1, 4), (1, 3, 4, 2), (1, 4, 3, 2), (1, 2, 4, 3), (2, 1, 3, 4), (2, 4, 3, 1), (4, 1, 3, 2), (4, 2, 3, 1), (3, 1, 2, 4), (3, 1, 4, 2)}
M(AUB) = 
[[1, 3, 4, 2], [1, 4, 3, 2], [3, 1, 4, 2]]
Distance:31

(50)
A = 
{(4, 2, 1, 3), (1, 3, 2, 4), (3, 4, 2, 1), (2, 3, 1, 4), (4, 3, 2, 1), (3, 2, 1, 4), (2, 1, 4, 3)}
M(A) = 
[[2, 1, 4, 3]]
Distance: 16
B = 
{(2, 3, 1, 4), (1, 2, 3, 4), (1, 2, 4, 3), (2, 4, 3, 1), (1, 4, 2, 3), (4, 1, 2, 3), (2, 3, 4, 1)}
M(B) = 
[[2, 1, 4, 3]]
Distance: 14
M(A) inter A:
set()
M(B) inter B:
{(1, 2, 4, 3)}

AUB = 
{(2, 3, 4, 1), (4, 2, 1, 3), (1, 3, 2, 4), (1, 2, 4, 3), (1, 2, 3, 4), (4, 1, 2, 3), (3, 4, 2, 1), (2, 3, 1, 4), (1, 4, 2, 3), (2, 4, 3, 1), (4, 3, 2, 1), (3, 2, 1, 4), (2, 1, 4, 3)}
M(AUB) = 
[[2, 1, 4, 3]]
Distance:32

(51)
A = 
{(2, 1, 3, 4), (1, 2, 3, 4), (1, 2, 4, 3), (3, 2, 4, 1), (2, 4, 3, 1), (4, 2, 3, 1), (2, 1, 4, 3)}
M(A) = 
[[2, 4, 1, 3]]
Distance: 13
B = 
{(4, 2, 1, 3), (1, 3, 2, 4), (2, 4, 3, 1), (2, 3, 4, 1), (4, 3, 2, 1), (3, 2, 1, 4), (2, 4, 1, 3)}
M(B) = 
[[2, 4, 1, 3]]
Distance: 14
M(A) inter A:
{(2, 4, 3, 1)}
M(B) inter B:
{(2, 4, 3, 1)}

AUB = 
{(2, 4, 1, 3), (2, 1, 3, 4), (1, 3, 2, 4), (1, 2, 3, 4), (4, 3, 2, 1), (3, 2, 4, 1), (2, 3, 4, 1), (1, 2, 4, 3), (4, 2, 1, 3), (2, 4, 3, 1), (4, 2, 3, 1), (3, 2, 1, 4), (2, 1, 4, 3)}
M(AUB) = 
[[2, 4, 1, 3]]
Distance:28

(52)
A = 
{(4, 1, 2, 3), (1, 2, 3, 4), (1, 3, 4, 2), (1, 2, 4, 3), (2, 3, 4, 1), (4, 2, 3, 1), (3, 4, 1, 2)}
M(A) = 
[[1, 3, 4, 2]]
Distance: 17
B = 
{(4, 1, 2, 3), (1, 3, 2, 4), (1, 4, 2, 3), (1, 4, 3, 2), (3, 4, 2, 1), (4, 3, 2, 1), (3, 1, 2, 4)}
M(B) = 
[[1, 3, 4, 2]]
Distance: 15
M(A) inter A:
set()
M(B) inter B:
{(1, 4, 3, 2)}

AUB = 
{(4, 1, 2, 3), (1, 3, 2, 4), (1, 2, 3, 4), (1, 4, 2, 3), (1, 3, 4, 2), (1, 4, 3, 2), (1, 2, 4, 3), (4, 3, 2, 1), (2, 3, 4, 1), (3, 4, 2, 1), (4, 2, 3, 1), (3, 1, 2, 4), (3, 4, 1, 2)}
M(AUB) = 
[[1, 3, 4, 2]]
Distance:33

(53)
A = 
{(4, 1, 2, 3), (1, 2, 3, 4), (3, 2, 4, 1), (1, 4, 3, 2), (1, 2, 4, 3), (4, 2, 3, 1), (4, 1, 3, 2)}
M(A) = 
[[4, 1, 2, 3]]
Distance: 15
B = 
{(4, 2, 1, 3), (1, 4, 3, 2), (1, 2, 4, 3), (2, 4, 3, 1), (4, 2, 3, 1), (3, 2, 1, 4), (4, 3, 1, 2)}
M(B) = 
[[4, 1, 2, 3]]
Distance: 16
M(A) inter A:
{(4, 2, 3, 1)}
M(B) inter B:
{(4, 2, 3, 1)}

AUB = 
{(4, 1, 2, 3), (1, 2, 3, 4), (1, 2, 4, 3), (4, 3, 1, 2), (1, 4, 3, 2), (3, 2, 4, 1), (4, 2, 1, 3), (2, 4, 3, 1), (4, 2, 3, 1), (3, 2, 1, 4), (4, 1, 3, 2)}
M(AUB) = 
[[4, 1, 2, 3]]
Distance:27

(54)
A = 
{(4, 2, 1, 3), (2, 3, 1, 4), (1, 4, 2, 3), (4, 3, 2, 1), (2, 1, 3, 4), (4, 2, 3, 1), (3, 2, 1, 4)}
M(A) = 
[[2, 4, 1, 3], [2, 4, 3, 1], [4, 2, 1, 3], [4, 2, 3, 1]]
Distance: 16
B = 
{(2, 4, 1, 3), (4, 2, 3, 1), (3, 4, 1, 2), (3, 2, 4, 1), (1, 2, 4, 3), (4, 3, 2, 1), (4, 1, 3, 2)}
M(B) = 
[[2, 4, 1, 3], [2, 4, 3, 1], [4, 2, 1, 3], [4, 2, 3, 1]]
Distance: 15
M(A) inter A:
{(4, 3, 2, 1)}
M(B) inter B:
{(4, 3, 2, 1)}

AUB = 
{(4, 2, 1, 3), (3, 4, 1, 2), (3, 2, 4, 1), (1, 2, 4, 3), (2, 3, 1, 4), (4, 2, 3, 1), (1, 4, 2, 3), (2, 1, 3, 4), (4, 1, 3, 2), (4, 3, 2, 1), (3, 2, 1, 4), (2, 4, 1, 3)}
M(AUB) = 
[[2, 4, 1, 3], [2, 4, 3, 1], [4, 2, 1, 3], [4, 2, 3, 1]]
Distance:31

(55)
A = 
{(2, 3, 1, 4), (3, 2, 4, 1), (4, 2, 3, 1), (1, 4, 3, 2), (1, 2, 4, 3), (4, 3, 2, 1), (4, 3, 1, 2)}
M(A) = 
[[4, 3, 1, 2]]
Distance: 16
B = 
{(4, 1, 2, 3), (1, 3, 2, 4), (1, 4, 3, 2), (2, 3, 1, 4), (4, 3, 2, 1), (3, 1, 2, 4), (2, 4, 1, 3)}
M(B) = 
[[4, 3, 1, 2]]
Distance: 19
M(A) inter A:
{(1, 2, 4, 3), (1, 4, 3, 2)}
M(B) inter B:
{(1, 3, 2, 4), (1, 4, 3, 2)}

AUB = 
{(2, 4, 1, 3), (2, 3, 1, 4), (1, 3, 2, 4), (1, 2, 4, 3), (4, 2, 3, 1), (1, 4, 3, 2), (3, 2, 4, 1), (4, 1, 2, 3), (4, 3, 2, 1), (3, 1, 2, 4), (4, 3, 1, 2)}
M(AUB) = 
[[4, 3, 1, 2]]
Distance:30

(56)
A = 
{(3, 4, 1, 2), (3, 2, 4, 1), (1, 4, 3, 2), (3, 4, 2, 1), (4, 3, 2, 1), (3, 1, 2, 4), (1, 3, 2, 4)}
M(A) = 
[[3, 1, 4, 2], [3, 2, 1, 4], [3, 4, 2, 1]]
Distance: 13
B = 
{(2, 3, 1, 4), (3, 4, 1, 2), (3, 2, 4, 1), (4, 3, 2, 1), (4, 2, 3, 1), (3, 2, 1, 4), (3, 1, 4, 2)}
M(B) = 
[[3, 1, 4, 2], [3, 2, 1, 4], [3, 4, 2, 1]]
Distance: 12
M(A) inter A:
{(3, 4, 2, 1)}
M(B) inter B:
set()

AUB = 
{(3, 1, 4, 2), (2, 3, 1, 4), (1, 3, 2, 4), (3, 4, 2, 1), (4, 2, 3, 1), (1, 4, 3, 2), (3, 2, 1, 4), (3, 2, 4, 1), (4, 3, 2, 1), (3, 1, 2, 4), (3, 4, 1, 2)}
M(AUB) = 
[[3, 1, 4, 2], [3, 2, 1, 4], [3, 4, 2, 1]]
Distance:23

(57)
A = 
{(1, 4, 2, 3), (1, 4, 3, 2), (3, 1, 2, 4), (3, 4, 2, 1), (4, 2, 3, 1), (3, 2, 1, 4), (4, 1, 3, 2)}
M(A) = 
[[4, 3, 1, 2]]
Distance: 17
B = 
{(2, 4, 1, 3), (1, 2, 3, 4), (3, 2, 4, 1), (1, 2, 4, 3), (2, 4, 3, 1), (4, 2, 3, 1), (4, 3, 1, 2)}
M(B) = 
[[4, 3, 1, 2]]
Distance: 14
M(A) inter A:
set()
M(B) inter B:
{(2, 4, 3, 1)}

AUB = 
{(2, 4, 1, 3), (1, 2, 3, 4), (3, 4, 2, 1), (4, 3, 1, 2), (1, 2, 4, 3), (1, 4, 3, 2), (3, 1, 2, 4), (1, 4, 2, 3), (3, 2, 4, 1), (2, 4, 3, 1), (4, 2, 3, 1), (3, 2, 1, 4), (4, 1, 3, 2)}
M(AUB) = 
[[4, 3, 1, 2]]
Distance:36

(58)
A = 
{(2, 1, 3, 4), (1, 2, 3, 4), (3, 2, 4, 1), (1, 4, 3, 2), (1, 2, 4, 3), (2, 3, 1, 4), (2, 4, 1, 3)}
M(A) = 
[[1, 2, 3, 4], [1, 2, 4, 3], [2, 1, 3, 4], [2, 1, 4, 3]]
Distance: 13
B = 
{(3, 1, 4, 2), (4, 1, 2, 3), (1, 2, 3, 4), (1, 4, 3, 2), (4, 2, 3, 1), (3, 1, 2, 4), (2, 1, 4, 3)}
M(B) = 
[[1, 2, 3, 4], [1, 2, 4, 3], [2, 1, 3, 4], [2, 1, 4, 3]]
Distance: 16
M(A) inter A:
set()
M(B) inter B:
set()

AUB = 
{(3, 1, 4, 2), (2, 1, 3, 4), (1, 2, 3, 4), (1, 2, 4, 3), (1, 4, 3, 2), (4, 1, 2, 3), (3, 2, 4, 1), (2, 3, 1, 4), (4, 2, 3, 1), (2, 1, 4, 3), (3, 1, 2, 4), (2, 4, 1, 3)}
M(AUB) = 
[[1, 2, 3, 4], [1, 2, 4, 3], [2, 1, 3, 4], [2, 1, 4, 3]]
Distance:29

(59)
A = 
{(1, 3, 2, 4), (3, 4, 1, 2), (1, 4, 3, 2), (3, 2, 4, 1), (2, 4, 3, 1), (4, 3, 2, 1), (4, 1, 3, 2)}
M(A) = 
[[4, 3, 1, 2]]
Distance: 15
B = 
{(1, 3, 2, 4), (1, 4, 2, 3), (1, 4, 3, 2), (3, 4, 2, 1), (4, 3, 1, 2), (3, 1, 2, 4), (4, 1, 3, 2)}
M(B) = 
[[4, 3, 1, 2]]
Distance: 13
M(A) inter A:
{(1, 4, 3, 2)}
M(B) inter B:
{(1, 4, 3, 2)}

AUB = 
{(3, 4, 2, 1), (3, 4, 1, 2), (1, 3, 2, 4), (1, 4, 2, 3), (4, 3, 1, 2), (1, 4, 3, 2), (3, 2, 4, 1), (2, 4, 3, 1), (4, 3, 2, 1), (3, 1, 2, 4), (4, 1, 3, 2)}
M(AUB) = 
[[4, 3, 1, 2]]
Distance:23

(60)
A = 
{(4, 3, 2, 1), (1, 3, 4, 2), (3, 2, 4, 1), (2, 3, 4, 1), (4, 2, 3, 1), (3, 2, 1, 4), (4, 1, 3, 2)}
M(A) = 
[[3, 1, 2, 4]]
Distance: 14
B = 
{(3, 4, 1, 2), (1, 3, 2, 4), (1, 2, 4, 3), (3, 2, 4, 1), (2, 3, 4, 1), (3, 1, 2, 4), (1, 2, 3, 4)}
M(B) = 
[[3, 1, 2, 4]]
Distance: 13
M(A) inter A:
set()
M(B) inter B:
{(3, 1, 2, 4)}

AUB = 
{(4, 3, 2, 1), (1, 3, 2, 4), (3, 4, 1, 2), (1, 2, 4, 3), (1, 2, 3, 4), (1, 3, 4, 2), (3, 1, 2, 4), (3, 2, 4, 1), (2, 3, 4, 1), (4, 2, 3, 1), (3, 2, 1, 4), (4, 1, 3, 2)}
M(AUB) = 
[[3, 1, 2, 4]]
Distance:29

(61)
A = 
{(2, 1, 3, 4), (3, 2, 4, 1), (1, 4, 3, 2), (3, 4, 2, 1), (2, 3, 1, 4), (4, 2, 1, 3), (2, 1, 4, 3)}
M(A) = 
[[2, 1, 3, 4], [2, 3, 4, 1], [2, 4, 1, 3]]
Distance: 16
B = 
{(4, 1, 2, 3), (1, 3, 2, 4), (2, 3, 4, 1), (1, 2, 4, 3), (4, 2, 1, 3), (2, 4, 3, 1), (3, 4, 1, 2)}
M(B) = 
[[2, 1, 3, 4], [2, 3, 4, 1], [2, 4, 1, 3]]
Distance: 17
M(A) inter A:
set()
M(B) inter B:
{(4, 1, 2, 3)}

AUB = 
{(2, 1, 3, 4), (3, 4, 1, 2), (1, 3, 2, 4), (3, 4, 2, 1), (1, 2, 4, 3), (2, 3, 1, 4), (1, 4, 3, 2), (4, 1, 2, 3), (3, 2, 4, 1), (4, 2, 1, 3), (2, 4, 3, 1), (2, 3, 4, 1), (2, 1, 4, 3)}
M(AUB) = 
[[2, 1, 3, 4], [2, 3, 4, 1], [2, 4, 1, 3]]
Distance:34

(62)
A = 
{(2, 3, 1, 4), (3, 4, 1, 2), (3, 2, 4, 1), (4, 2, 3, 1), (1, 2, 4, 3), (4, 3, 1, 2), (3, 1, 4, 2)}
M(A) = 
[[3, 2, 4, 1], [3, 4, 2, 1]]
Distance: 16
B = 
{(4, 3, 1, 2), (1, 3, 4, 2), (3, 4, 2, 1), (2, 3, 4, 1), (4, 2, 3, 1), (3, 2, 1, 4), (2, 4, 1, 3)}
M(B) = 
[[3, 2, 4, 1], [3, 4, 2, 1]]
Distance: 15
M(A) inter A:
set()
M(B) inter B:
{(3, 4, 2, 1)}

AUB = 
{(2, 4, 1, 3), (2, 3, 1, 4), (3, 4, 1, 2), (1, 2, 4, 3), (4, 3, 1, 2), (1, 3, 4, 2), (3, 2, 4, 1), (2, 3, 4, 1), (3, 4, 2, 1), (4, 2, 3, 1), (3, 2, 1, 4), (3, 1, 4, 2)}
M(AUB) = 
[[3, 2, 4, 1], [3, 4, 2, 1]]
Distance:28

(63)
A = 
{(2, 3, 1, 4), (1, 3, 2, 4), (1, 3, 4, 2), (1, 4, 2, 3), (2, 3, 4, 1), (2, 1, 4, 3), (2, 4, 1, 3)}
M(A) = 
[[1, 2, 3, 4], [1, 3, 2, 4]]
Distance: 14
B = 
{(1, 3, 2, 4), (1, 2, 3, 4), (1, 4, 3, 2), (3, 2, 1, 4), (1, 4, 2, 3), (3, 1, 2, 4), (3, 1, 4, 2)}
M(B) = 
[[1, 2, 3, 4], [1, 3, 2, 4]]
Distance: 11
M(A) inter A:
{(1, 3, 2, 4)}
M(B) inter B:
{(1, 3, 2, 4)}

AUB = 
{(3, 1, 4, 2), (2, 3, 1, 4), (1, 3, 2, 4), (1, 2, 3, 4), (1, 3, 4, 2), (1, 4, 3, 2), (1, 4, 2, 3), (3, 1, 2, 4), (2, 3, 4, 1), (2, 1, 4, 3), (3, 2, 1, 4), (2, 4, 1, 3)}
M(AUB) = 
[[1, 2, 3, 4], [1, 3, 2, 4]]
Distance:26

(64)
A = 
{(2, 3, 1, 4), (3, 1, 4, 2), (1, 2, 3, 4), (1, 3, 4, 2), (1, 2, 4, 3), (3, 2, 1, 4), (1, 3, 2, 4)}
M(A) = 
[[3, 1, 2, 4]]
Distance: 11
B = 
{(4, 1, 2, 3), (3, 4, 1, 2), (3, 1, 4, 2), (2, 3, 4, 1), (4, 3, 2, 1), (3, 1, 2, 4), (4, 1, 3, 2)}
M(B) = 
[[3, 1, 2, 4]]
Distance: 13
M(A) inter A:
set()
M(B) inter B:
{(3, 4, 1, 2)}

AUB = 
{(2, 3, 1, 4), (3, 4, 1, 2), (1, 3, 2, 4), (1, 2, 3, 4), (1, 3, 4, 2), (3, 1, 2, 4), (1, 2, 4, 3), (4, 1, 2, 3), (2, 3, 4, 1), (4, 1, 3, 2), (4, 3, 2, 1), (3, 2, 1, 4), (3, 1, 4, 2)}
M(AUB) = 
[[3, 1, 2, 4]]
Distance:30

(65)
A = 
{(4, 2, 1, 3), (3, 4, 1, 2), (1, 4, 2, 3), (4, 3, 2, 1), (2, 3, 4, 1), (4, 2, 3, 1), (4, 1, 3, 2)}
M(A) = 
[[3, 4, 2, 1], [4, 2, 3, 1], [4, 3, 2, 1]]
Distance: 13
B = 
{(2, 3, 1, 4), (1, 2, 3, 4), (1, 3, 4, 2), (3, 4, 2, 1), (2, 1, 4, 3), (3, 2, 1, 4), (4, 3, 1, 2)}
M(B) = 
[[3, 4, 2, 1], [4, 2, 3, 1], [4, 3, 2, 1]]
Distance: 16
M(A) inter A:
set()
M(B) inter B:
{(3, 2, 1, 4)}

AUB = 
{(4, 2, 1, 3), (3, 4, 1, 2), (3, 4, 2, 1), (4, 3, 1, 2), (1, 2, 3, 4), (4, 2, 3, 1), (1, 3, 4, 2), (1, 4, 2, 3), (2, 3, 1, 4), (2, 3, 4, 1), (4, 3, 2, 1), (2, 1, 4, 3), (3, 2, 1, 4), (4, 1, 3, 2)}
M(AUB) = 
[[3, 4, 2, 1], [4, 2, 3, 1], [4, 3, 2, 1]]
Distance:37

(66)
A = 
{(4, 1, 2, 3), (3, 1, 4, 2), (1, 4, 3, 2), (1, 3, 4, 2), (1, 4, 2, 3), (4, 3, 2, 1), (4, 3, 1, 2)}
M(A) = 
[[1, 4, 3, 2]]
Distance: 11
B = 
{(2, 3, 1, 4), (3, 4, 1, 2), (1, 2, 4, 3), (4, 1, 2, 3), (2, 4, 1, 3), (3, 1, 2, 4), (4, 3, 1, 2)}
M(B) = 
[[1, 4, 3, 2]]
Distance: 19
M(A) inter A:
{(4, 1, 2, 3), (4, 3, 1, 2)}
M(B) inter B:
{(1, 2, 4, 3), (4, 1, 2, 3), (4, 3, 1, 2)}

AUB = 
{(2, 4, 1, 3), (4, 1, 2, 3), (3, 4, 1, 2), (3, 1, 4, 2), (1, 2, 4, 3), (1, 4, 3, 2), (1, 3, 4, 2), (1, 4, 2, 3), (2, 3, 1, 4), (4, 3, 2, 1), (3, 1, 2, 4), (4, 3, 1, 2)}
M(AUB) = 
[[1, 4, 3, 2]]
Distance:28

(67)
A = 
{(4, 3, 2, 1), (3, 4, 1, 2), (1, 3, 4, 2), (3, 4, 2, 1), (4, 1, 3, 2), (3, 2, 1, 4), (4, 3, 1, 2)}
M(A) = 
[[4, 3, 2, 1]]
Distance: 11
B = 
{(4, 2, 1, 3), (3, 4, 2, 1), (1, 4, 3, 2), (3, 2, 4, 1), (2, 4, 3, 1), (4, 2, 3, 1), (2, 1, 4, 3)}
M(B) = 
[[4, 3, 2, 1]]
Distance: 14
M(A) inter A:
set()
M(B) inter B:
{(4, 2, 3, 1)}

AUB = 
{(4, 2, 1, 3), (3, 4, 1, 2), (3, 2, 4, 1), (4, 2, 3, 1), (1, 3, 4, 2), (1, 4, 3, 2), (3, 4, 2, 1), (2, 4, 3, 1), (4, 1, 3, 2), (4, 3, 2, 1), (2, 1, 4, 3), (3, 2, 1, 4), (4, 3, 1, 2)}
M(AUB) = 
[[4, 3, 2, 1]]
Distance:27

(68)
A = 
{(2, 1, 3, 4), (3, 4, 1, 2), (1, 2, 3, 4), (4, 1, 2, 3), (1, 2, 4, 3), (4, 2, 1, 3), (2, 4, 1, 3)}
M(A) = 
[[2, 4, 1, 3]]
Distance: 15
B = 
{(2, 1, 4, 3), (1, 3, 2, 4), (3, 2, 4, 1), (2, 4, 3, 1), (4, 3, 2, 1), (3, 1, 2, 4), (4, 3, 1, 2)}
M(B) = 
[[2, 4, 1, 3]]
Distance: 16
M(A) inter A:
set()
M(B) inter B:
{(3, 2, 4, 1)}

AUB = 
{(4, 1, 2, 3), (1, 3, 2, 4), (3, 4, 1, 2), (4, 3, 2, 1), (3, 2, 4, 1), (4, 3, 1, 2), (1, 2, 3, 4), (1, 2, 4, 3), (2, 1, 3, 4), (2, 4, 3, 1), (4, 2, 1, 3), (2, 1, 4, 3), (3, 1, 2, 4), (2, 4, 1, 3)}
M(AUB) = 
[[2, 4, 1, 3]]
Distance:36

(69)
A = 
{(2, 1, 3, 4), (1, 3, 2, 4), (1, 2, 3, 4), (1, 3, 4, 2), (4, 2, 1, 3), (3, 2, 1, 4), (2, 1, 4, 3)}
M(A) = 
[[1, 2, 3, 4], [1, 2, 4, 3], [1, 4, 2, 3], [2, 1, 3, 4], [2, 1, 4, 3], [2, 4, 1, 3], [4, 1, 2, 3], [4, 2, 1, 3]]
Distance: 12
B = 
{(4, 1, 2, 3), (3, 4, 1, 2), (2, 3, 4, 1), (1, 4, 2, 3), (2, 4, 3, 1), (4, 3, 2, 1), (4, 1, 3, 2)}
M(B) = 
[[1, 2, 3, 4], [1, 2, 4, 3], [1, 4, 2, 3], [2, 1, 3, 4], [2, 1, 4, 3], [2, 4, 1, 3], [4, 1, 2, 3], [4, 2, 1, 3]]
Distance: 15
M(A) inter A:
set()
M(B) inter B:
{(4, 1, 2, 3)}

AUB = 
{(2, 1, 3, 4), (3, 4, 1, 2), (1, 3, 2, 4), (1, 2, 3, 4), (1, 3, 4, 2), (4, 1, 2, 3), (1, 4, 2, 3), (4, 2, 1, 3), (2, 4, 3, 1), (2, 3, 4, 1), (4, 1, 3, 2), (4, 3, 2, 1), (3, 2, 1, 4), (2, 1, 4, 3)}
M(AUB) = 
[[1, 2, 3, 4], [1, 2, 4, 3], [1, 4, 2, 3], [2, 1, 3, 4], [2, 1, 4, 3], [2, 4, 1, 3], [4, 1, 2, 3], [4, 2, 1, 3]]
Distance:39

(70)
A = 
{(3, 1, 4, 2), (4, 1, 2, 3), (3, 4, 1, 2), (4, 3, 1, 2), (1, 4, 3, 2), (4, 2, 3, 1), (1, 2, 3, 4)}
M(A) = 
[[1, 4, 2, 3], [3, 1, 4, 2], [3, 4, 1, 2], [4, 1, 2, 3], [4, 3, 1, 2]]
Distance: 14
B = 
{(2, 3, 1, 4), (3, 4, 1, 2), (3, 1, 4, 2), (1, 4, 2, 3), (4, 1, 2, 3), (2, 3, 4, 1), (4, 3, 1, 2)}
M(B) = 
[[1, 4, 2, 3], [3, 1, 4, 2], [3, 4, 1, 2], [4, 1, 2, 3], [4, 3, 1, 2]]
Distance: 16
M(A) inter A:
{(3, 4, 1, 2)}
M(B) inter B:
{(3, 4, 1, 2)}

AUB = 
{(4, 1, 2, 3), (3, 4, 1, 2), (1, 2, 3, 4), (4, 2, 3, 1), (1, 4, 3, 2), (1, 4, 2, 3), (2, 3, 1, 4), (2, 3, 4, 1), (4, 3, 1, 2), (3, 1, 4, 2)}
M(AUB) = 
[[1, 4, 2, 3], [3, 1, 4, 2], [3, 4, 1, 2], [4, 1, 2, 3], [4, 3, 1, 2]]
Distance:26

(71)
A = 
{(4, 2, 3, 1), (3, 4, 1, 2), (1, 3, 4, 2), (3, 2, 4, 1), (4, 2, 1, 3), (4, 3, 2, 1), (3, 1, 4, 2)}
M(A) = 
[[4, 1, 3, 2], [4, 3, 1, 2]]
Distance: 13
B = 
{(4, 2, 1, 3), (3, 1, 4, 2), (1, 4, 2, 3), (1, 3, 4, 2), (1, 2, 4, 3), (4, 2, 3, 1), (4, 1, 3, 2)}
M(B) = 
[[4, 1, 3, 2], [4, 3, 1, 2]]
Distance: 13
M(A) inter A:
set()
M(B) inter B:
{(1, 4, 2, 3)}

AUB = 
{(4, 2, 1, 3), (3, 4, 1, 2), (1, 4, 2, 3), (1, 2, 4, 3), (4, 2, 3, 1), (1, 3, 4, 2), (3, 2, 4, 1), (4, 1, 3, 2), (4, 3, 2, 1), (3, 1, 4, 2)}
M(AUB) = 
[[4, 1, 3, 2], [4, 3, 1, 2]]
Distance:23

(72)
A = 
{(1, 4, 2, 3), (1, 4, 3, 2), (1, 2, 4, 3), (2, 4, 3, 1), (4, 3, 2, 1), (3, 2, 1, 4), (4, 1, 3, 2)}
M(A) = 
[[1, 4, 3, 2], [4, 1, 3, 2]]
Distance: 16
B = 
{(3, 4, 1, 2), (1, 2, 3, 4), (1, 3, 4, 2), (1, 4, 2, 3), (2, 4, 1, 3), (3, 2, 1, 4), (4, 3, 1, 2)}
M(B) = 
[[1, 4, 3, 2], [4, 1, 3, 2]]
Distance: 17
M(A) inter A:
set()
M(B) inter B:
{(1, 3, 4, 2)}

AUB = 
{(2, 4, 1, 3), (3, 4, 1, 2), (1, 2, 4, 3), (4, 3, 1, 2), (1, 2, 3, 4), (1, 4, 3, 2), (1, 3, 4, 2), (1, 4, 2, 3), (2, 4, 3, 1), (4, 3, 2, 1), (3, 2, 1, 4), (4, 1, 3, 2)}
M(AUB) = 
[[1, 4, 3, 2], [4, 1, 3, 2]]
Distance:29

(73)
A = 
{(3, 2, 4, 1), (3, 2, 1, 4), (3, 4, 2, 1), (2, 3, 4, 1), (4, 3, 2, 1), (3, 1, 2, 4), (4, 1, 3, 2)}
M(A) = 
[[2, 1, 3, 4], [2, 3, 1, 4], [3, 2, 1, 4]]
Distance: 11
B = 
{(2, 1, 3, 4), (1, 3, 2, 4), (1, 2, 3, 4), (1, 2, 4, 3), (2, 3, 1, 4), (4, 2, 1, 3), (2, 1, 4, 3)}
M(B) = 
[[2, 1, 3, 4], [2, 3, 1, 4], [3, 2, 1, 4]]
Distance: 10
M(A) inter A:
set()
M(B) inter B:
{(2, 1, 3, 4)}

AUB = 
{(2, 1, 3, 4), (1, 3, 2, 4), (3, 4, 2, 1), (1, 2, 4, 3), (1, 2, 3, 4), (3, 1, 2, 4), (3, 2, 4, 1), (2, 3, 1, 4), (4, 2, 1, 3), (2, 3, 4, 1), (4, 3, 2, 1), (2, 1, 4, 3), (3, 2, 1, 4), (4, 1, 3, 2)}
M(AUB) = 
[[2, 1, 3, 4], [2, 3, 1, 4], [3, 2, 1, 4]]
Distance:34

(74)
A = 
{(2, 4, 1, 3), (4, 2, 1, 3), (1, 2, 3, 4), (1, 2, 4, 3), (2, 1, 3, 4), (4, 2, 3, 1), (2, 1, 4, 3)}
M(A) = 
[[2, 1, 4, 3]]
Distance: 10
B = 
{(4, 2, 1, 3), (1, 3, 2, 4), (1, 2, 3, 4), (2, 4, 3, 1), (2, 3, 4, 1), (3, 2, 1, 4), (2, 1, 4, 3)}
M(B) = 
[[2, 1, 4, 3]]
Distance: 14
M(A) inter A:
{(2, 1, 3, 4)}
M(B) inter B:
set()

AUB = 
{(2, 4, 1, 3), (4, 2, 1, 3), (1, 3, 2, 4), (1, 2, 3, 4), (2, 3, 4, 1), (1, 2, 4, 3), (2, 1, 3, 4), (2, 4, 3, 1), (4, 2, 3, 1), (3, 2, 1, 4), (2, 1, 4, 3)}
M(AUB) = 
[[2, 1, 4, 3]]
Distance:21

(75)
A = 
{(3, 4, 1, 2), (1, 2, 3, 4), (1, 4, 3, 2), (3, 2, 4, 1), (2, 4, 1, 3), (3, 2, 1, 4), (1, 3, 2, 4)}
M(A) = 
[[3, 2, 4, 1], [3, 4, 1, 2], [3, 4, 2, 1]]
Distance: 15
B = 
{(4, 1, 2, 3), (3, 4, 1, 2), (1, 3, 4, 2), (3, 2, 4, 1), (4, 3, 2, 1), (2, 3, 4, 1), (4, 2, 3, 1)}
M(B) = 
[[3, 2, 4, 1], [3, 4, 1, 2], [3, 4, 2, 1]]
Distance: 14
M(A) inter A:
set()
M(B) inter B:
set()

AUB = 
{(4, 1, 2, 3), (1, 3, 2, 4), (1, 2, 3, 4), (4, 2, 3, 1), (1, 4, 3, 2), (1, 3, 4, 2), (3, 2, 4, 1), (4, 3, 2, 1), (2, 3, 4, 1), (2, 4, 1, 3), (3, 2, 1, 4), (3, 4, 1, 2)}
M(AUB) = 
[[3, 2, 4, 1], [3, 4, 1, 2], [3, 4, 2, 1]]
Distance:33

(76)
A = 
{(4, 2, 1, 3), (3, 1, 4, 2), (1, 2, 3, 4), (1, 3, 4, 2), (4, 3, 1, 2), (3, 2, 1, 4), (2, 1, 4, 3)}
M(A) = 
[[3, 4, 2, 1]]
Distance: 17
B = 
{(3, 1, 4, 2), (1, 2, 3, 4), (2, 3, 4, 1), (3, 4, 2, 1), (2, 4, 3, 1), (3, 2, 1, 4), (4, 1, 3, 2)}
M(B) = 
[[3, 4, 2, 1]]
Distance: 16
M(A) inter A:
set()
M(B) inter B:
set()

AUB = 
{(4, 2, 1, 3), (3, 1, 4, 2), (1, 2, 3, 4), (1, 3, 4, 2), (3, 4, 2, 1), (2, 4, 3, 1), (2, 3, 4, 1), (4, 1, 3, 2), (2, 1, 4, 3), (3, 2, 1, 4), (4, 3, 1, 2)}
M(AUB) = 
[[3, 4, 2, 1]]
Distance:30

(77)
A = 
{(4, 2, 1, 3), (3, 4, 1, 2), (4, 3, 1, 2), (1, 3, 4, 2), (4, 1, 3, 2), (4, 3, 2, 1), (1, 3, 2, 4)}
M(A) = 
[[1, 3, 4, 2]]
Distance: 12
B = 
{(2, 3, 1, 4), (1, 3, 2, 4), (1, 2, 3, 4), (4, 2, 1, 3), (4, 3, 1, 2), (3, 2, 1, 4), (2, 1, 4, 3)}
M(B) = 
[[1, 3, 4, 2]]
Distance: 16
M(A) inter A:
set()
M(B) inter B:
set()

AUB = 
{(4, 2, 1, 3), (1, 3, 2, 4), (4, 3, 1, 2), (1, 2, 3, 4), (1, 3, 4, 2), (2, 3, 1, 4), (4, 1, 3, 2), (4, 3, 2, 1), (2, 1, 4, 3), (3, 2, 1, 4), (3, 4, 1, 2)}
M(AUB) = 
[[1, 3, 4, 2]]
Distance:29

(78)
A = 
{(2, 3, 1, 4), (3, 1, 2, 4), (3, 2, 4, 1), (2, 4, 3, 1), (2, 1, 4, 3), (3, 2, 1, 4), (4, 3, 1, 2)}
M(A) = 
[[3, 1, 2, 4]]
Distance: 13
B = 
{(3, 1, 4, 2), (4, 2, 1, 3), (3, 4, 1, 2), (1, 3, 2, 4), (1, 4, 2, 3), (4, 1, 2, 3), (4, 3, 1, 2)}
M(B) = 
[[3, 1, 2, 4]]
Distance: 14
M(A) inter A:
set()
M(B) inter B:
set()

AUB = 
{(2, 3, 1, 4), (3, 4, 1, 2), (3, 1, 4, 2), (1, 3, 2, 4), (1, 4, 2, 3), (3, 1, 2, 4), (4, 1, 2, 3), (3, 2, 4, 1), (4, 2, 1, 3), (2, 4, 3, 1), (2, 1, 4, 3), (3, 2, 1, 4), (4, 3, 1, 2)}
M(AUB) = 
[[3, 1, 2, 4]]
Distance:35

(79)
A = 
{(4, 1, 2, 3), (3, 4, 2, 1), (1, 3, 4, 2), (3, 2, 4, 1), (2, 3, 1, 4), (2, 1, 3, 4), (2, 1, 4, 3)}
M(A) = 
[[2, 1, 3, 4]]
Distance: 16
B = 
{(2, 1, 3, 4), (1, 2, 3, 4), (1, 3, 4, 2), (3, 4, 2, 1), (2, 3, 4, 1), (3, 1, 2, 4), (4, 1, 3, 2)}
M(B) = 
[[2, 1, 3, 4]]
Distance: 16
M(A) inter A:
set()
M(B) inter B:
set()

AUB = 
{(4, 1, 2, 3), (1, 2, 3, 4), (3, 2, 4, 1), (2, 3, 1, 4), (1, 3, 4, 2), (3, 4, 2, 1), (2, 1, 3, 4), (2, 3, 4, 1), (4, 1, 3, 2), (3, 1, 2, 4), (2, 1, 4, 3)}
M(AUB) = 
[[2, 1, 3, 4]]
Distance:27

(80)
A = 
{(1, 3, 2, 4), (1, 2, 4, 3), (1, 4, 3, 2), (1, 4, 2, 3), (2, 1, 4, 3), (3, 2, 1, 4), (4, 1, 3, 2)}
M(A) = 
[[1, 2, 4, 3]]
Distance: 13
B = 
{(2, 1, 3, 4), (1, 2, 3, 4), (1, 4, 3, 2), (1, 4, 2, 3), (4, 1, 2, 3), (2, 4, 3, 1), (2, 1, 4, 3)}
M(B) = 
[[1, 2, 4, 3]]
Distance: 12
M(A) inter A:
{(1, 2, 4, 3)}
M(B) inter B:
set()

AUB = 
{(2, 1, 3, 4), (1, 3, 2, 4), (1, 4, 2, 3), (1, 2, 3, 4), (1, 4, 3, 2), (1, 2, 4, 3), (4, 1, 2, 3), (2, 4, 3, 1), (2, 1, 4, 3), (3, 2, 1, 4), (4, 1, 3, 2)}
M(AUB) = 
[[1, 2, 4, 3]]
Distance:21

(81)
A = 
{(2, 1, 4, 3), (1, 2, 3, 4), (1, 4, 3, 2), (3, 2, 4, 1), (2, 4, 3, 1), (4, 1, 3, 2), (2, 4, 1, 3)}
M(A) = 
[[2, 1, 4, 3]]
Distance: 15
B = 
{(2, 1, 3, 4), (1, 2, 3, 4), (1, 4, 3, 2), (3, 1, 2, 4), (1, 4, 2, 3), (2, 4, 3, 1), (3, 2, 1, 4)}
M(B) = 
[[2, 1, 4, 3]]
Distance: 15
M(A) inter A:
{(1, 2, 3, 4)}
M(B) inter B:
{(1, 2, 3, 4)}

AUB = 
{(2, 1, 4, 3), (1, 2, 3, 4), (1, 4, 2, 3), (1, 4, 3, 2), (3, 2, 1, 4), (3, 2, 4, 1), (2, 1, 3, 4), (2, 4, 3, 1), (4, 1, 3, 2), (3, 1, 2, 4), (2, 4, 1, 3)}
M(AUB) = 
[[2, 1, 4, 3]]
Distance:26

(82)
A = 
{(3, 4, 1, 2), (3, 1, 4, 2), (1, 4, 2, 3), (2, 3, 4, 1), (4, 3, 2, 1), (3, 1, 2, 4), (1, 3, 2, 4)}
M(A) = 
[[3, 2, 1, 4], [3, 2, 4, 1]]
Distance: 14
B = 
{(2, 3, 1, 4), (3, 2, 4, 1), (3, 4, 2, 1), (2, 4, 3, 1), (4, 2, 3, 1), (3, 2, 1, 4), (2, 1, 4, 3)}
M(B) = 
[[3, 2, 1, 4], [3, 2, 4, 1]]
Distance: 12
M(A) inter A:
{(2, 3, 4, 1)}
M(B) inter B:
set()

AUB = 
{(3, 1, 4, 2), (2, 3, 1, 4), (1, 3, 2, 4), (3, 2, 4, 1), (2, 4, 3, 1), (4, 2, 3, 1), (3, 2, 1, 4), (1, 4, 2, 3), (2, 3, 4, 1), (3, 4, 2, 1), (4, 3, 2, 1), (2, 1, 4, 3), (3, 1, 2, 4), (3, 4, 1, 2)}
M(AUB) = 
[[3, 2, 1, 4], [3, 2, 4, 1]]
Distance:32

(83)
A = 
{(1, 2, 3, 4), (3, 4, 2, 1), (1, 3, 4, 2), (1, 4, 3, 2), (1, 4, 2, 3), (4, 2, 3, 1), (3, 1, 2, 4)}
M(A) = 
[[3, 4, 1, 2]]
Distance: 15
B = 
{(3, 4, 1, 2), (1, 2, 3, 4), (1, 3, 4, 2), (3, 2, 4, 1), (4, 3, 1, 2), (3, 1, 2, 4), (4, 1, 3, 2)}
M(B) = 
[[3, 4, 1, 2]]
Distance: 13
M(A) inter A:
set()
M(B) inter B:
{(3, 4, 1, 2)}

AUB = 
{(1, 2, 3, 4), (1, 4, 2, 3), (4, 3, 1, 2), (1, 3, 4, 2), (1, 4, 3, 2), (3, 4, 2, 1), (3, 2, 4, 1), (4, 1, 3, 2), (4, 2, 3, 1), (3, 1, 2, 4), (3, 4, 1, 2)}
M(AUB) = 
[[3, 4, 1, 2]]
Distance:24

(84)
A = 
{(4, 2, 1, 3), (1, 2, 3, 4), (1, 4, 3, 2), (1, 4, 2, 3), (2, 4, 3, 1), (3, 2, 1, 4), (3, 4, 1, 2)}
M(A) = 
[[1, 2, 3, 4], [1, 2, 4, 3], [1, 4, 2, 3]]
Distance: 18
B = 
{(4, 2, 1, 3), (3, 4, 1, 2), (1, 3, 4, 2), (1, 2, 4, 3), (2, 3, 1, 4), (2, 3, 4, 1), (4, 3, 1, 2)}
M(B) = 
[[1, 2, 3, 4], [1, 2, 4, 3], [1, 4, 2, 3]]
Distance: 19
M(A) inter A:
{(3, 4, 1, 2)}
M(B) inter B:
{(3, 4, 1, 2)}

AUB = 
{(4, 2, 1, 3), (3, 4, 1, 2), (1, 2, 4, 3), (2, 3, 4, 1), (1, 4, 3, 2), (1, 3, 4, 2), (1, 4, 2, 3), (2, 3, 1, 4), (2, 4, 3, 1), (4, 3, 1, 2), (3, 2, 1, 4), (1, 2, 3, 4)}
M(AUB) = 
[[1, 2, 3, 4], [1, 2, 4, 3], [1, 4, 2, 3]]
Distance:33

(85)
A = 
{(1, 3, 4, 2), (3, 4, 2, 1), (2, 3, 4, 1), (4, 1, 3, 2), (4, 3, 2, 1), (3, 1, 2, 4), (2, 1, 4, 3)}
M(A) = 
[[1, 3, 4, 2], [3, 4, 1, 2], [4, 1, 3, 2]]
Distance: 17
B = 
{(4, 1, 2, 3), (1, 2, 3, 4), (2, 3, 1, 4), (1, 4, 3, 2), (3, 4, 2, 1), (4, 2, 1, 3), (3, 4, 1, 2)}
M(B) = 
[[1, 3, 4, 2], [3, 4, 1, 2], [4, 1, 3, 2]]
Distance: 18
M(A) inter A:
set()
M(B) inter B:
{(4, 1, 2, 3)}

AUB = 
{(4, 1, 2, 3), (3, 4, 1, 2), (1, 2, 3, 4), (1, 3, 4, 2), (1, 4, 3, 2), (3, 4, 2, 1), (2, 3, 1, 4), (4, 2, 1, 3), (2, 3, 4, 1), (4, 1, 3, 2), (4, 3, 2, 1), (3, 1, 2, 4), (2, 1, 4, 3)}
M(AUB) = 
[[1, 3, 4, 2], [3, 4, 1, 2], [4, 1, 3, 2]]
Distance:36

(86)
A = 
{(4, 2, 3, 1), (1, 4, 3, 2), (1, 3, 4, 2), (2, 3, 1, 4), (4, 3, 2, 1), (2, 1, 4, 3), (4, 3, 1, 2)}
M(A) = 
[[3, 1, 4, 2], [3, 2, 1, 4]]
Distance: 17
B = 
{(2, 3, 1, 4), (3, 1, 4, 2), (1, 4, 3, 2), (3, 2, 4, 1), (2, 1, 3, 4), (4, 2, 3, 1), (3, 1, 2, 4)}
M(B) = 
[[3, 1, 4, 2], [3, 2, 1, 4]]
Distance: 15
M(A) inter A:
set()
M(B) inter B:
set()

AUB = 
{(2, 3, 1, 4), (3, 1, 4, 2), (4, 2, 3, 1), (1, 4, 3, 2), (1, 3, 4, 2), (3, 2, 4, 1), (2, 1, 3, 4), (4, 3, 2, 1), (2, 1, 4, 3), (3, 1, 2, 4), (4, 3, 1, 2)}
M(AUB) = 
[[3, 1, 4, 2], [3, 2, 1, 4]]
Distance:28

(87)
A = 
{(2, 3, 1, 4), (1, 4, 2, 3), (1, 4, 3, 2), (1, 2, 4, 3), (2, 4, 3, 1), (4, 3, 2, 1), (2, 1, 4, 3)}
M(A) = 
[[1, 4, 3, 2]]
Distance: 14
B = 
{(2, 1, 4, 3), (1, 3, 2, 4), (1, 3, 4, 2), (3, 4, 2, 1), (4, 3, 2, 1), (3, 2, 1, 4), (4, 1, 3, 2)}
M(B) = 
[[1, 4, 3, 2]]
Distance: 17
M(A) inter A:
set()
M(B) inter B:
{(1, 3, 4, 2)}

AUB = 
{(2, 3, 1, 4), (1, 3, 2, 4), (1, 2, 4, 3), (1, 4, 3, 2), (1, 3, 4, 2), (1, 4, 2, 3), (2, 4, 3, 1), (3, 4, 2, 1), (4, 1, 3, 2), (4, 3, 2, 1), (3, 2, 1, 4), (2, 1, 4, 3)}
M(AUB) = 
[[1, 4, 3, 2]]
Distance:31

(88)
A = 
{(2, 1, 3, 4), (3, 1, 4, 2), (1, 2, 4, 3), (2, 3, 1, 4), (2, 4, 3, 1), (3, 2, 1, 4), (2, 1, 4, 3)}
M(A) = 
[[2, 3, 1, 4]]
Distance: 12
B = 
{(2, 1, 3, 4), (4, 2, 3, 1), (3, 2, 1, 4), (3, 4, 2, 1), (4, 3, 2, 1), (3, 1, 2, 4), (2, 4, 1, 3)}
M(B) = 
[[2, 3, 1, 4]]
Distance: 15
M(A) inter A:
set()
M(B) inter B:
set()

AUB = 
{(2, 4, 1, 3), (2, 1, 3, 4), (3, 1, 4, 2), (4, 3, 2, 1), (3, 4, 2, 1), (3, 1, 2, 4), (1, 2, 4, 3), (2, 3, 1, 4), (2, 4, 3, 1), (4, 2, 3, 1), (3, 2, 1, 4), (2, 1, 4, 3)}
M(AUB) = 
[[2, 3, 1, 4]]
Distance:27

(89)
A = 
{(3, 1, 4, 2), (2, 3, 1, 4), (1, 2, 3, 4), (2, 3, 4, 1), (4, 3, 1, 2), (3, 2, 1, 4), (3, 4, 1, 2)}
M(A) = 
[[1, 2, 3, 4], [1, 3, 2, 4], [1, 3, 4, 2], [3, 1, 2, 4], [3, 1, 4, 2]]
Distance: 14
B = 
{(4, 1, 2, 3), (1, 3, 2, 4), (1, 2, 3, 4), (1, 3, 4, 2), (2, 3, 1, 4), (4, 2, 1, 3), (2, 1, 4, 3)}
M(B) = 
[[1, 2, 3, 4], [1, 3, 2, 4], [1, 3, 4, 2], [3, 1, 2, 4], [3, 1, 4, 2]]
Distance: 14
M(A) inter A:
{(1, 2, 3, 4)}
M(B) inter B:
{(1, 2, 3, 4)}

AUB = 
{(2, 3, 1, 4), (1, 3, 2, 4), (3, 4, 1, 2), (1, 2, 3, 4), (1, 3, 4, 2), (4, 1, 2, 3), (4, 2, 1, 3), (2, 3, 4, 1), (4, 3, 1, 2), (2, 1, 4, 3), (3, 2, 1, 4), (3, 1, 4, 2)}
M(AUB) = 
[[1, 2, 3, 4], [1, 3, 2, 4], [1, 3, 4, 2], [3, 1, 2, 4], [3, 1, 4, 2]]
Distance:32

(90)
A = 
{(3, 4, 1, 2), (1, 4, 2, 3), (1, 2, 3, 4), (1, 4, 3, 2), (1, 2, 4, 3), (2, 4, 3, 1), (1, 3, 2, 4)}
M(A) = 
[[1, 4, 3, 2]]
Distance: 14
B = 
{(4, 3, 2, 1), (1, 3, 4, 2), (1, 4, 2, 3), (2, 1, 3, 4), (4, 2, 3, 1), (3, 2, 1, 4), (4, 1, 3, 2)}
M(B) = 
[[1, 4, 3, 2]]
Distance: 18
M(A) inter A:
{(1, 4, 3, 2)}
M(B) inter B:
set()

AUB = 
{(2, 1, 3, 4), (1, 3, 2, 4), (1, 2, 4, 3), (1, 2, 3, 4), (4, 2, 3, 1), (1, 4, 3, 2), (1, 3, 4, 2), (1, 4, 2, 3), (2, 4, 3, 1), (4, 1, 3, 2), (4, 3, 2, 1), (3, 2, 1, 4), (3, 4, 1, 2)}
M(AUB) = 
[[1, 4, 3, 2]]
Distance:33

(91)
A = 
{(4, 1, 2, 3), (3, 4, 1, 2), (3, 4, 2, 1), (2, 3, 1, 4), (2, 4, 3, 1), (4, 2, 3, 1), (2, 4, 1, 3)}
M(A) = 
[[2, 4, 1, 3], [2, 4, 3, 1], [4, 1, 2, 3], [4, 2, 1, 3], [4, 2, 3, 1]]
Distance: 13
B = 
{(1, 3, 2, 4), (1, 2, 3, 4), (1, 4, 3, 2), (3, 4, 2, 1), (2, 4, 3, 1), (2, 1, 4, 3), (4, 3, 1, 2)}
M(B) = 
[[2, 4, 1, 3], [2, 4, 3, 1], [4, 1, 2, 3], [4, 2, 1, 3], [4, 2, 3, 1]]
Distance: 19
M(A) inter A:
set()
M(B) inter B:
{(1, 3, 2, 4), (1, 4, 3, 2)}

AUB = 
{(4, 1, 2, 3), (1, 3, 2, 4), (3, 4, 1, 2), (4, 3, 1, 2), (1, 2, 3, 4), (1, 4, 3, 2), (3, 4, 2, 1), (2, 3, 1, 4), (2, 4, 3, 1), (4, 2, 3, 1), (2, 1, 4, 3), (2, 4, 1, 3)}
M(AUB) = 
[[2, 4, 1, 3], [2, 4, 3, 1], [4, 1, 2, 3], [4, 2, 1, 3], [4, 2, 3, 1]]
Distance:33

(92)
A = 
{(2, 3, 1, 4), (3, 2, 4, 1), (1, 4, 3, 2), (1, 3, 4, 2), (1, 2, 4, 3), (3, 1, 2, 4), (2, 1, 4, 3)}
M(A) = 
[[1, 2, 4, 3]]
Distance: 15
B = 
{(4, 2, 1, 3), (3, 4, 1, 2), (1, 3, 2, 4), (1, 4, 2, 3), (2, 4, 3, 1), (4, 3, 1, 2), (2, 4, 1, 3)}
M(B) = 
[[1, 2, 4, 3]]
Distance: 16
M(A) inter A:
set()
M(B) inter B:
set()

AUB = 
{(2, 4, 1, 3), (2, 3, 1, 4), (1, 3, 2, 4), (3, 4, 1, 2), (1, 2, 4, 3), (1, 4, 3, 2), (1, 3, 4, 2), (3, 2, 4, 1), (4, 2, 1, 3), (1, 4, 2, 3), (2, 4, 3, 1), (4, 3, 1, 2), (3, 1, 2, 4), (2, 1, 4, 3)}
M(AUB) = 
[[1, 2, 4, 3]]
Distance:37

(93)
A = 
{(2, 1, 3, 4), (1, 3, 2, 4), (1, 3, 4, 2), (1, 4, 2, 3), (2, 4, 1, 3), (3, 1, 2, 4), (2, 1, 4, 3)}
M(A) = 
[[1, 2, 4, 3]]
Distance: 13
B = 
{(3, 1, 4, 2), (2, 1, 3, 4), (1, 3, 2, 4), (1, 2, 4, 3), (4, 1, 2, 3), (4, 2, 1, 3), (2, 1, 4, 3)}
M(B) = 
[[1, 2, 4, 3]]
Distance: 14
M(A) inter A:
set()
M(B) inter B:
{(1, 2, 4, 3)}

AUB = 
{(3, 1, 4, 2), (2, 1, 3, 4), (1, 3, 2, 4), (1, 2, 4, 3), (1, 3, 4, 2), (1, 4, 2, 3), (4, 1, 2, 3), (4, 2, 1, 3), (2, 4, 1, 3), (3, 1, 2, 4), (2, 1, 4, 3)}
M(AUB) = 
[[1, 2, 4, 3]]
Distance:23

(94)
A = 
{(2, 1, 3, 4), (3, 4, 1, 2), (1, 2, 3, 4), (1, 2, 4, 3), (1, 4, 2, 3), (4, 2, 1, 3), (1, 3, 2, 4)}
M(A) = 
[[1, 2, 3, 4]]
Distance: 13
B = 
{(2, 3, 1, 4), (3, 4, 1, 2), (1, 4, 2, 3), (2, 3, 4, 1), (4, 3, 2, 1), (3, 1, 2, 4), (4, 3, 1, 2)}
M(B) = 
[[1, 2, 3, 4]]
Distance: 16
M(A) inter A:
{(3, 4, 1, 2)}
M(B) inter B:
{(3, 4, 1, 2)}

AUB = 
{(2, 1, 3, 4), (1, 3, 2, 4), (1, 4, 2, 3), (4, 3, 1, 2), (1, 2, 3, 4), (1, 2, 4, 3), (2, 3, 1, 4), (4, 2, 1, 3), (2, 3, 4, 1), (4, 3, 2, 1), (3, 1, 2, 4), (3, 4, 1, 2)}
M(AUB) = 
[[1, 2, 3, 4]]
Distance:31

(95)
A = 
{(2, 4, 1, 3), (4, 1, 2, 3), (4, 2, 3, 1), (1, 4, 2, 3), (4, 1, 3, 2), (3, 1, 2, 4), (4, 3, 1, 2)}
M(A) = 
[[4, 1, 2, 3], [4, 1, 3, 2], [4, 3, 1, 2]]
Distance: 13
B = 
{(2, 3, 1, 4), (3, 4, 1, 2), (1, 3, 4, 2), (1, 2, 4, 3), (4, 2, 1, 3), (4, 3, 2, 1), (3, 2, 1, 4)}
M(B) = 
[[4, 1, 2, 3], [4, 1, 3, 2], [4, 3, 1, 2]]
Distance: 19
M(A) inter A:
set()
M(B) inter B:
{(3, 2, 1, 4)}

AUB = 
{(2, 4, 1, 3), (4, 1, 2, 3), (3, 4, 1, 2), (4, 3, 2, 1), (1, 2, 4, 3), (4, 2, 3, 1), (1, 3, 4, 2), (3, 2, 1, 4), (1, 4, 2, 3), (2, 3, 1, 4), (4, 2, 1, 3), (4, 1, 3, 2), (3, 1, 2, 4), (4, 3, 1, 2)}
M(AUB) = 
[[4, 1, 2, 3], [4, 1, 3, 2], [4, 3, 1, 2]]
Distance:36

(96)
A = 
{(4, 2, 1, 3), (1, 2, 3, 4), (1, 2, 4, 3), (2, 3, 4, 1), (4, 2, 3, 1), (3, 2, 1, 4), (2, 4, 1, 3)}
M(A) = 
[[2, 1, 4, 3], [2, 4, 1, 3], [2, 4, 3, 1]]
Distance: 14
B = 
{(2, 3, 1, 4), (4, 2, 1, 3), (2, 3, 4, 1), (4, 3, 2, 1), (2, 1, 4, 3), (3, 2, 1, 4), (2, 4, 1, 3)}
M(B) = 
[[2, 1, 4, 3], [2, 4, 1, 3], [2, 4, 3, 1]]
Distance: 13
M(A) inter A:
set()
M(B) inter B:
set()

AUB = 
{(4, 2, 1, 3), (1, 2, 3, 4), (4, 3, 2, 1), (1, 2, 4, 3), (2, 3, 1, 4), (2, 3, 4, 1), (4, 2, 3, 1), (2, 1, 4, 3), (3, 2, 1, 4), (2, 4, 1, 3)}
M(AUB) = 
[[2, 1, 4, 3], [2, 4, 1, 3], [2, 4, 3, 1]]
Distance:21

(97)
A = 
{(4, 1, 2, 3), (1, 3, 2, 4), (3, 2, 4, 1), (2, 4, 3, 1), (2, 1, 4, 3), (3, 1, 2, 4), (4, 3, 1, 2)}
M(A) = 
[[4, 3, 2, 1]]
Distance: 19
B = 
{(2, 3, 1, 4), (1, 4, 3, 2), (3, 4, 2, 1), (4, 3, 2, 1), (4, 2, 3, 1), (3, 1, 2, 4), (2, 1, 4, 3)}
M(B) = 
[[4, 3, 2, 1]]
Distance: 17
M(A) inter A:
set()
M(B) inter B:
{(4, 3, 2, 1)}

AUB = 
{(4, 1, 2, 3), (1, 3, 2, 4), (4, 3, 2, 1), (3, 4, 2, 1), (4, 2, 3, 1), (1, 4, 3, 2), (3, 2, 4, 1), (2, 3, 1, 4), (2, 4, 3, 1), (2, 1, 4, 3), (3, 1, 2, 4), (4, 3, 1, 2)}
M(AUB) = 
[[4, 3, 2, 1]]
Distance:30

(98)
A = 
{(4, 2, 1, 3), (1, 4, 3, 2), (1, 3, 4, 2), (4, 1, 2, 3), (4, 1, 3, 2), (4, 2, 3, 1), (2, 1, 4, 3)}
M(A) = 
[[4, 1, 3, 2], [4, 3, 1, 2]]
Distance: 12
B = 
{(3, 1, 4, 2), (3, 4, 1, 2), (1, 4, 3, 2), (3, 4, 2, 1), (4, 1, 3, 2), (4, 3, 2, 1), (4, 3, 1, 2)}
M(B) = 
[[4, 1, 3, 2], [4, 3, 1, 2]]
Distance: 9
M(A) inter A:
set()
M(B) inter B:
{(4, 3, 1, 2)}

AUB = 
{(4, 1, 2, 3), (3, 4, 1, 2), (3, 1, 4, 2), (4, 3, 2, 1), (4, 3, 1, 2), (4, 2, 3, 1), (1, 4, 3, 2), (1, 3, 4, 2), (3, 4, 2, 1), (4, 2, 1, 3), (4, 1, 3, 2), (2, 1, 4, 3)}
M(AUB) = 
[[4, 1, 3, 2], [4, 3, 1, 2]]
Distance:24

(99)
A = 
{(4, 1, 2, 3), (1, 3, 4, 2), (1, 4, 2, 3), (4, 3, 2, 1), (2, 3, 4, 1), (4, 2, 3, 1), (2, 1, 4, 3)}
M(A) = 
[[1, 4, 2, 3]]
Distance: 15
B = 
{(3, 1, 4, 2), (2, 1, 3, 4), (1, 2, 3, 4), (1, 4, 3, 2), (1, 3, 4, 2), (3, 4, 2, 1), (4, 1, 3, 2)}
M(B) = 
[[1, 4, 2, 3]]
Distance: 12
M(A) inter A:
{(1, 3, 4, 2)}
M(B) inter B:
{(1, 3, 4, 2)}

AUB = 
{(4, 1, 2, 3), (3, 1, 4, 2), (3, 4, 2, 1), (1, 2, 3, 4), (4, 2, 3, 1), (1, 3, 4, 2), (1, 4, 3, 2), (1, 4, 2, 3), (2, 1, 3, 4), (2, 3, 4, 1), (4, 1, 3, 2), (4, 3, 2, 1), (2, 1, 4, 3)}
M(AUB) = 
[[1, 4, 2, 3]]
Distance:33

