(0)
A = 
{(5, 3, 2, 4, 1), (1, 2, 5, 4, 3), (1, 5, 4, 3, 2), (2, 3, 5, 1, 4), (3, 5, 2, 4, 1), (4, 5, 3, 2, 1), (2, 1, 3, 4, 5)}
M(A) = 
[[5, 3, 2, 1, 4]]
Distance: 27
B = 
{(5, 3, 4, 2, 1), (2, 1, 5, 4, 3), (4, 3, 5, 2, 1), (2, 3, 5, 1, 4), (3, 1, 2, 4, 5), (2, 5, 3, 1, 4), (5, 2, 4, 3, 1)}
M(B) = 
[[5, 3, 2, 1, 4]]
Distance: 23
M(A) inter A:
set()
M(B) inter B:
{(2, 5, 3, 1, 4)}

AUB = 
{(2, 3, 5, 1, 4), (1, 2, 5, 4, 3), (2, 1, 5, 4, 3), (3, 1, 2, 4, 5), (1, 5, 4, 3, 2), (5, 3, 4, 2, 1), (5, 3, 2, 4, 1), (4, 3, 5, 2, 1), (3, 5, 2, 4, 1), (4, 5, 3, 2, 1), (2, 5, 3, 1, 4), (5, 2, 4, 3, 1), (2, 1, 3, 4, 5)}
M(AUB) = 
[[5, 3, 2, 1, 4]]
Distance:49

(1)
A = 
{(2, 1, 5, 4, 3), (2, 1, 3, 5, 4), (1, 3, 4, 5, 2), (5, 1, 2, 4, 3), (4, 5, 1, 3, 2), (1, 4, 3, 5, 2), (2, 1, 4, 3, 5)}
M(A) = 
[[1, 2, 4, 3, 5], [1, 4, 2, 3, 5], [1, 4, 5, 2, 3], [2, 1, 4, 3, 5]]
Distance: 24
B = 
{(2, 1, 5, 4, 3), (1, 2, 4, 3, 5), (5, 1, 2, 4, 3), (4, 2, 1, 3, 5), (1, 4, 5, 2, 3), (5, 2, 4, 3, 1), (3, 4, 5, 2, 1)}
M(B) = 
[[1, 2, 4, 3, 5], [1, 4, 2, 3, 5], [1, 4, 5, 2, 3], [2, 1, 4, 3, 5]]
Distance: 26
M(A) inter A:
set()
M(B) inter B:
set()

AUB = 
{(2, 1, 5, 4, 3), (2, 1, 3, 5, 4), (1, 3, 4, 5, 2), (1, 2, 4, 3, 5), (5, 1, 2, 4, 3), (4, 2, 1, 3, 5), (1, 4, 5, 2, 3), (4, 5, 1, 3, 2), (1, 4, 3, 5, 2), (5, 2, 4, 3, 1), (2, 1, 4, 3, 5), (3, 4, 5, 2, 1)}
M(AUB) = 
[[1, 2, 4, 3, 5], [1, 4, 2, 3, 5], [1, 4, 5, 2, 3], [2, 1, 4, 3, 5]]
Distance:45

(2)
A = 
{(5, 4, 1, 3, 2), (3, 4, 1, 5, 2), (1, 2, 3, 5, 4), (1, 5, 2, 3, 4), (1, 4, 5, 2, 3), (2, 4, 3, 5, 1), (1, 4, 2, 3, 5)}
M(A) = 
[[1, 2, 3, 4, 5], [1, 2, 4, 3, 5], [1, 4, 2, 3, 5], [4, 1, 2, 3, 5]]
Distance: 26
B = 
{(2, 3, 1, 5, 4), (1, 2, 5, 3, 4), (5, 1, 4, 3, 2), (2, 3, 4, 5, 1), (4, 3, 2, 1, 5), (3, 2, 4, 5, 1), (4, 2, 3, 5, 1)}
M(B) = 
[[1, 2, 3, 4, 5], [1, 2, 4, 3, 5], [1, 4, 2, 3, 5], [4, 1, 2, 3, 5]]
Distance: 25
M(A) inter A:
set()
M(B) inter B:
{(2, 3, 4, 5, 1)}

AUB = 
{(5, 1, 4, 3, 2), (5, 4, 1, 3, 2), (1, 2, 5, 3, 4), (3, 4, 1, 5, 2), (1, 2, 3, 5, 4), (1, 5, 2, 3, 4), (3, 2, 4, 5, 1), (2, 3, 1, 5, 4), (1, 4, 5, 2, 3), (2, 3, 4, 5, 1), (4, 3, 2, 1, 5), (2, 4, 3, 5, 1), (1, 4, 2, 3, 5), (4, 2, 3, 5, 1)}
M(AUB) = 
[[1, 2, 3, 4, 5], [1, 2, 4, 3, 5], [1, 4, 2, 3, 5], [4, 1, 2, 3, 5]]
Distance:61

(3)
A = 
{(5, 4, 2, 1, 3), (3, 4, 1, 5, 2), (4, 2, 1, 5, 3), (5, 1, 4, 3, 2), (2, 3, 5, 4, 1), (1, 4, 2, 3, 5), (2, 1, 3, 4, 5)}
M(A) = 
[[4, 2, 1, 3, 5], [4, 2, 3, 5, 1], [4, 3, 2, 5, 1]]
Distance: 27
B = 
{(4, 1, 3, 2, 5), (4, 3, 2, 5, 1), (4, 2, 1, 3, 5), (3, 5, 2, 4, 1), (4, 5, 1, 3, 2), (2, 3, 4, 5, 1), (3, 4, 2, 5, 1)}
M(B) = 
[[4, 2, 1, 3, 5], [4, 2, 3, 5, 1], [4, 3, 2, 5, 1]]
Distance: 18
M(A) inter A:
set()
M(B) inter B:
{(4, 3, 2, 5, 1)}

AUB = 
{(4, 1, 3, 2, 5), (3, 5, 2, 4, 1), (5, 4, 2, 1, 3), (3, 4, 1, 5, 2), (4, 2, 1, 5, 3), (2, 3, 4, 5, 1), (4, 3, 2, 5, 1), (4, 2, 1, 3, 5), (5, 1, 4, 3, 2), (2, 3, 5, 4, 1), (4, 5, 1, 3, 2), (1, 4, 2, 3, 5), (2, 1, 3, 4, 5), (3, 4, 2, 5, 1)}
M(AUB) = 
[[4, 2, 1, 3, 5], [4, 2, 3, 5, 1], [4, 3, 2, 5, 1]]
Distance:52

(4)
A = 
{(5, 2, 1, 4, 3), (3, 4, 1, 5, 2), (5, 1, 2, 4, 3), (4, 2, 1, 3, 5), (4, 5, 3, 2, 1), (4, 3, 2, 1, 5), (4, 2, 3, 5, 1)}
M(A) = 
[[4, 5, 2, 3, 1]]
Distance: 25
B = 
{(5, 4, 1, 3, 2), (1, 3, 4, 5, 2), (5, 1, 2, 4, 3), (4, 2, 3, 1, 5), (2, 5, 3, 1, 4), (5, 4, 3, 2, 1), (2, 4, 5, 3, 1)}
M(B) = 
[[4, 5, 2, 3, 1]]
Distance: 27
M(A) inter A:
set()
M(B) inter B:
set()

AUB = 
{(5, 2, 1, 4, 3), (5, 4, 1, 3, 2), (3, 4, 1, 5, 2), (1, 3, 4, 5, 2), (5, 1, 2, 4, 3), (4, 2, 1, 3, 5), (2, 5, 3, 1, 4), (4, 5, 3, 2, 1), (4, 2, 3, 1, 5), (4, 3, 2, 1, 5), (5, 4, 3, 2, 1), (2, 4, 5, 3, 1), (4, 2, 3, 5, 1)}
M(AUB) = 
[[4, 5, 2, 3, 1]]
Distance:48

(5)
A = 
{(5, 2, 1, 4, 3), (2, 1, 5, 4, 3), (4, 1, 3, 5, 2), (4, 3, 2, 5, 1), (5, 3, 2, 1, 4), (2, 5, 1, 4, 3), (3, 5, 2, 1, 4)}
M(A) = 
[[2, 3, 5, 1, 4], [2, 5, 1, 4, 3], [3, 2, 5, 1, 4], [3, 5, 2, 1, 4], [5, 2, 1, 4, 3]]
Distance: 24
B = 
{(4, 3, 5, 1, 2), (1, 2, 5, 3, 4), (2, 3, 5, 1, 4), (3, 1, 4, 5, 2), (4, 3, 2, 1, 5), (1, 5, 2, 4, 3), (2, 4, 3, 5, 1)}
M(B) = 
[[2, 3, 5, 1, 4], [2, 5, 1, 4, 3], [3, 2, 5, 1, 4], [3, 5, 2, 1, 4], [5, 2, 1, 4, 3]]
Distance: 30
M(A) inter A:
set()
M(B) inter B:
set()

AUB = 
{(5, 2, 1, 4, 3), (2, 1, 5, 4, 3), (1, 2, 5, 3, 4), (4, 1, 3, 5, 2), (4, 3, 2, 5, 1), (3, 5, 2, 1, 4), (2, 5, 1, 4, 3), (2, 3, 5, 1, 4), (3, 1, 4, 5, 2), (1, 5, 2, 4, 3), (4, 3, 2, 1, 5), (4, 3, 5, 1, 2), (2, 4, 3, 5, 1), (5, 3, 2, 1, 4)}
M(AUB) = 
[[2, 3, 5, 1, 4], [2, 5, 1, 4, 3], [3, 2, 5, 1, 4], [3, 5, 2, 1, 4], [5, 2, 1, 4, 3]]
Distance:62

(6)
A = 
{(4, 3, 2, 5, 1), (3, 5, 1, 2, 4), (5, 1, 2, 4, 3), (4, 1, 2, 5, 3), (1, 3, 4, 5, 2), (2, 4, 5, 3, 1), (1, 3, 2, 5, 4)}
M(A) = 
[[1, 3, 4, 2, 5], [1, 4, 2, 3, 5], [1, 4, 3, 2, 5], [4, 1, 2, 3, 5], [4, 1, 3, 2, 5]]
Distance: 31
B = 
{(4, 1, 3, 2, 5), (2, 1, 5, 3, 4), (4, 2, 1, 3, 5), (5, 1, 3, 4, 2), (2, 3, 4, 5, 1), (4, 5, 2, 3, 1), (3, 1, 4, 5, 2)}
M(B) = 
[[1, 3, 4, 2, 5], [1, 4, 2, 3, 5], [1, 4, 3, 2, 5], [4, 1, 2, 3, 5], [4, 1, 3, 2, 5]]
Distance: 29
M(A) inter A:
set()
M(B) inter B:
{(4, 2, 1, 3, 5)}

AUB = 
{(4, 1, 3, 2, 5), (4, 1, 2, 5, 3), (5, 1, 2, 4, 3), (1, 3, 4, 5, 2), (4, 2, 1, 3, 5), (5, 1, 3, 4, 2), (4, 3, 2, 5, 1), (2, 1, 5, 3, 4), (1, 3, 2, 5, 4), (2, 3, 4, 5, 1), (2, 4, 5, 3, 1), (3, 5, 1, 2, 4), (4, 5, 2, 3, 1), (3, 1, 4, 5, 2)}
M(AUB) = 
[[1, 3, 4, 2, 5], [1, 4, 2, 3, 5], [1, 4, 3, 2, 5], [4, 1, 2, 3, 5], [4, 1, 3, 2, 5]]
Distance:63

(7)
A = 
{(1, 2, 5, 4, 3), (2, 1, 5, 4, 3), (3, 2, 5, 1, 4), (5, 1, 4, 2, 3), (3, 5, 4, 2, 1), (5, 2, 4, 3, 1), (3, 5, 1, 2, 4)}
M(A) = 
[[5, 1, 4, 2, 3]]
Distance: 25
B = 
{(1, 3, 4, 2, 5), (4, 5, 1, 2, 3), (4, 2, 1, 5, 3), (2, 3, 5, 1, 4), (5, 1, 4, 3, 2), (1, 4, 3, 2, 5), (5, 4, 2, 3, 1)}
M(B) = 
[[5, 1, 4, 2, 3]]
Distance: 27
M(A) inter A:
set()
M(B) inter B:
set()

AUB = 
{(1, 3, 4, 2, 5), (4, 5, 1, 2, 3), (1, 2, 5, 4, 3), (2, 1, 5, 4, 3), (4, 2, 1, 5, 3), (3, 2, 5, 1, 4), (2, 3, 5, 1, 4), (5, 1, 4, 2, 3), (3, 5, 4, 2, 1), (5, 1, 4, 3, 2), (5, 4, 2, 3, 1), (5, 2, 4, 3, 1), (3, 5, 1, 2, 4), (1, 4, 3, 2, 5)}
M(AUB) = 
[[5, 1, 4, 2, 3]]
Distance:57

(8)
A = 
{(2, 3, 1, 4, 5), (5, 4, 3, 1, 2), (3, 2, 1, 5, 4), (2, 1, 3, 5, 4), (2, 5, 1, 3, 4), (2, 5, 4, 3, 1), (5, 2, 3, 4, 1)}
M(A) = 
[[2, 5, 3, 1, 4]]
Distance: 20
B = 
{(5, 4, 2, 1, 3), (5, 2, 3, 1, 4), (5, 2, 1, 3, 4), (2, 5, 1, 4, 3), (3, 2, 1, 4, 5), (5, 3, 4, 1, 2), (1, 4, 2, 3, 5)}
M(B) = 
[[2, 5, 3, 1, 4]]
Distance: 24
M(A) inter A:
set()
M(B) inter B:
{(5, 2, 1, 3, 4)}

AUB = 
{(5, 4, 2, 1, 3), (2, 3, 1, 4, 5), (5, 4, 3, 1, 2), (3, 2, 1, 5, 4), (2, 1, 3, 5, 4), (5, 3, 4, 1, 2), (3, 2, 1, 4, 5), (5, 2, 3, 1, 4), (2, 5, 1, 4, 3), (2, 5, 1, 3, 4), (2, 5, 4, 3, 1), (5, 2, 3, 4, 1), (5, 2, 1, 3, 4), (1, 4, 2, 3, 5)}
M(AUB) = 
[[2, 5, 3, 1, 4]]
Distance:46

(9)
A = 
{(4, 1, 3, 2, 5), (3, 1, 2, 5, 4), (5, 2, 1, 3, 4), (4, 2, 5, 1, 3), (3, 2, 4, 1, 5), (5, 1, 2, 3, 4), (3, 2, 5, 4, 1)}
M(A) = 
[[2, 1, 3, 4, 5], [2, 3, 1, 4, 5], [2, 3, 4, 1, 5]]
Distance: 28
B = 
{(4, 1, 3, 2, 5), (1, 3, 2, 4, 5), (2, 3, 1, 4, 5), (5, 2, 1, 3, 4), (1, 2, 5, 3, 4), (2, 3, 4, 1, 5), (2, 4, 3, 5, 1)}
M(B) = 
[[2, 1, 3, 4, 5], [2, 3, 1, 4, 5], [2, 3, 4, 1, 5]]
Distance: 21
M(A) inter A:
set()
M(B) inter B:
set()

AUB = 
{(4, 1, 3, 2, 5), (1, 3, 2, 4, 5), (3, 1, 2, 5, 4), (5, 2, 1, 3, 4), (4, 2, 5, 1, 3), (3, 2, 4, 1, 5), (2, 3, 4, 1, 5), (5, 1, 2, 3, 4), (1, 2, 5, 3, 4), (2, 3, 1, 4, 5), (3, 2, 5, 4, 1), (2, 4, 3, 5, 1)}
M(AUB) = 
[[2, 1, 3, 4, 5], [2, 3, 1, 4, 5], [2, 3, 4, 1, 5]]
Distance:43

(10)
A = 
{(3, 5, 2, 4, 1), (1, 2, 3, 5, 4), (3, 2, 1, 5, 4), (1, 5, 3, 2, 4), (5, 1, 3, 2, 4), (1, 4, 5, 2, 3), (4, 5, 2, 3, 1)}
M(A) = 
[[5, 2, 3, 1, 4], [5, 3, 2, 1, 4]]
Distance: 25
B = 
{(5, 3, 4, 2, 1), (3, 4, 1, 5, 2), (5, 2, 3, 1, 4), (4, 2, 3, 1, 5), (5, 1, 3, 4, 2), (2, 5, 4, 3, 1), (2, 1, 4, 3, 5)}
M(B) = 
[[5, 2, 3, 1, 4], [5, 3, 2, 1, 4]]
Distance: 29
M(A) inter A:
set()
M(B) inter B:
{(5, 3, 4, 2, 1)}

AUB = 
{(5, 1, 3, 2, 4), (1, 2, 3, 5, 4), (3, 2, 1, 5, 4), (1, 5, 3, 2, 4), (5, 1, 3, 4, 2), (5, 3, 4, 2, 1), (4, 2, 3, 1, 5), (3, 5, 2, 4, 1), (1, 4, 5, 2, 3), (2, 5, 4, 3, 1), (5, 2, 3, 1, 4), (4, 5, 2, 3, 1), (2, 1, 4, 3, 5), (3, 4, 1, 5, 2)}
M(AUB) = 
[[5, 2, 3, 1, 4], [5, 3, 2, 1, 4]]
Distance:59

(11)
A = 
{(1, 2, 4, 5, 3), (1, 2, 3, 5, 4), (3, 1, 4, 2, 5), (4, 2, 1, 3, 5), (2, 3, 5, 4, 1), (4, 3, 1, 2, 5), (5, 3, 2, 1, 4)}
M(A) = 
[[2, 1, 3, 4, 5], [2, 1, 4, 3, 5], [2, 4, 1, 3, 5]]
Distance: 27
B = 
{(4, 1, 3, 2, 5), (5, 2, 1, 3, 4), (2, 1, 4, 3, 5), (2, 4, 3, 1, 5), (3, 4, 2, 1, 5), (1, 3, 5, 2, 4), (2, 4, 1, 3, 5)}
M(B) = 
[[2, 1, 3, 4, 5], [2, 1, 4, 3, 5], [2, 4, 1, 3, 5]]
Distance: 21
M(A) inter A:
set()
M(B) inter B:
{(2, 4, 1, 3, 5)}

AUB = 
{(4, 1, 3, 2, 5), (1, 2, 4, 5, 3), (5, 2, 1, 3, 4), (1, 2, 3, 5, 4), (3, 1, 4, 2, 5), (2, 1, 4, 3, 5), (2, 4, 3, 1, 5), (4, 2, 1, 3, 5), (1, 3, 5, 2, 4), (2, 3, 5, 4, 1), (4, 3, 1, 2, 5), (2, 4, 1, 3, 5), (5, 3, 2, 1, 4), (3, 4, 2, 1, 5)}
M(AUB) = 
[[2, 1, 3, 4, 5], [2, 1, 4, 3, 5], [2, 4, 1, 3, 5]]
Distance:51

(12)
A = 
{(4, 3, 5, 1, 2), (1, 4, 5, 3, 2), (4, 5, 3, 2, 1), (1, 5, 4, 2, 3), (2, 4, 3, 5, 1), (5, 3, 1, 2, 4), (4, 2, 3, 5, 1)}
M(A) = 
[[4, 2, 5, 3, 1], [4, 5, 2, 3, 1], [4, 5, 3, 2, 1]]
Distance: 23
B = 
{(4, 2, 1, 5, 3), (5, 3, 4, 2, 1), (1, 4, 2, 5, 3), (4, 2, 3, 5, 1), (2, 4, 3, 5, 1), (3, 2, 5, 4, 1), (4, 2, 5, 3, 1)}
M(B) = 
[[4, 2, 5, 3, 1], [4, 5, 2, 3, 1], [4, 5, 3, 2, 1]]
Distance: 18
M(A) inter A:
set()
M(B) inter B:
{(4, 2, 5, 3, 1)}

AUB = 
{(4, 3, 5, 1, 2), (4, 2, 1, 5, 3), (5, 3, 4, 2, 1), (1, 4, 2, 5, 3), (4, 2, 5, 3, 1), (1, 4, 5, 3, 2), (4, 5, 3, 2, 1), (1, 5, 4, 2, 3), (2, 4, 3, 5, 1), (5, 3, 1, 2, 4), (3, 2, 5, 4, 1), (4, 2, 3, 5, 1)}
M(AUB) = 
[[4, 2, 5, 3, 1], [4, 5, 2, 3, 1], [4, 5, 3, 2, 1]]
Distance:43

(13)
A = 
{(3, 2, 5, 1, 4), (1, 2, 5, 3, 4), (3, 1, 2, 4, 5), (5, 3, 4, 1, 2), (4, 1, 2, 5, 3), (5, 2, 3, 4, 1), (3, 5, 1, 2, 4)}
M(A) = 
[[2, 3, 1, 5, 4], [3, 1, 2, 5, 4]]
Distance: 25
B = 
{(5, 2, 1, 4, 3), (2, 1, 5, 4, 3), (3, 4, 1, 5, 2), (1, 2, 5, 3, 4), (3, 1, 4, 5, 2), (2, 3, 1, 4, 5), (2, 1, 3, 4, 5)}
M(B) = 
[[2, 3, 1, 5, 4], [3, 1, 2, 5, 4]]
Distance: 23
M(A) inter A:
set()
M(B) inter B:
{(2, 1, 3, 4, 5)}

AUB = 
{(5, 2, 1, 4, 3), (2, 1, 5, 4, 3), (3, 2, 5, 1, 4), (1, 2, 5, 3, 4), (4, 1, 2, 5, 3), (2, 1, 3, 4, 5), (5, 3, 4, 1, 2), (3, 1, 2, 4, 5), (3, 1, 4, 5, 2), (2, 3, 1, 4, 5), (5, 2, 3, 4, 1), (3, 5, 1, 2, 4), (3, 4, 1, 5, 2)}
M(AUB) = 
[[2, 3, 1, 5, 4], [3, 1, 2, 5, 4]]
Distance:52

(14)
A = 
{(2, 4, 5, 1, 3), (1, 5, 3, 4, 2), (4, 5, 3, 1, 2), (1, 4, 5, 3, 2), (3, 1, 4, 5, 2), (5, 3, 2, 1, 4), (4, 2, 3, 5, 1)}
M(A) = 
[[1, 4, 3, 5, 2], [1, 4, 5, 3, 2]]
Distance: 26
B = 
{(5, 2, 3, 1, 4), (1, 5, 3, 2, 4), (2, 4, 3, 1, 5), (4, 1, 3, 5, 2), (4, 3, 5, 2, 1), (1, 4, 3, 2, 5), (1, 3, 2, 5, 4)}
M(B) = 
[[1, 4, 3, 5, 2], [1, 4, 5, 3, 2]]
Distance: 28
M(A) inter A:
set()
M(B) inter B:
set()

AUB = 
{(2, 4, 5, 1, 3), (5, 2, 3, 1, 4), (1, 5, 3, 4, 2), (1, 3, 2, 5, 4), (2, 4, 3, 1, 5), (4, 1, 3, 5, 2), (1, 5, 3, 2, 4), (4, 5, 3, 1, 2), (1, 4, 5, 3, 2), (3, 1, 4, 5, 2), (1, 4, 3, 2, 5), (5, 3, 2, 1, 4), (4, 3, 5, 2, 1), (4, 2, 3, 5, 1)}
M(AUB) = 
[[1, 4, 3, 5, 2], [1, 4, 5, 3, 2]]
Distance:58

(15)
A = 
{(5, 4, 1, 2, 3), (3, 5, 1, 2, 4), (3, 2, 4, 1, 5), (2, 3, 5, 4, 1), (4, 5, 3, 2, 1), (5, 2, 3, 4, 1), (1, 3, 5, 2, 4)}
M(A) = 
[[5, 3, 1, 2, 4], [5, 3, 2, 4, 1], [5, 3, 4, 1, 2]]
Distance: 23
B = 
{(4, 1, 5, 2, 3), (1, 3, 2, 5, 4), (5, 1, 4, 2, 3), (2, 5, 3, 1, 4), (5, 3, 1, 4, 2), (3, 4, 5, 2, 1), (3, 5, 1, 2, 4)}
M(B) = 
[[5, 3, 1, 2, 4], [5, 3, 2, 4, 1], [5, 3, 4, 1, 2]]
Distance: 24
M(A) inter A:
set()
M(B) inter B:
{(5, 3, 1, 4, 2)}

AUB = 
{(5, 4, 1, 2, 3), (4, 1, 5, 2, 3), (3, 5, 1, 2, 4), (3, 2, 4, 1, 5), (5, 1, 4, 2, 3), (2, 5, 3, 1, 4), (2, 3, 5, 4, 1), (5, 3, 1, 4, 2), (4, 5, 3, 2, 1), (5, 2, 3, 4, 1), (1, 3, 5, 2, 4), (3, 4, 5, 2, 1), (1, 3, 2, 5, 4)}
M(AUB) = 
[[5, 3, 1, 2, 4], [5, 3, 2, 4, 1], [5, 3, 4, 1, 2]]
Distance:52

(16)
A = 
{(4, 1, 2, 3, 5), (5, 2, 3, 1, 4), (3, 2, 5, 1, 4), (4, 5, 3, 1, 2), (2, 3, 4, 5, 1), (3, 2, 5, 4, 1), (4, 2, 3, 5, 1)}
M(A) = 
[[2, 4, 3, 5, 1]]
Distance: 22
B = 
{(4, 1, 2, 3, 5), (2, 3, 1, 4, 5), (1, 2, 4, 3, 5), (5, 1, 3, 2, 4), (4, 5, 1, 3, 2), (1, 5, 4, 2, 3), (5, 4, 3, 2, 1)}
M(B) = 
[[2, 4, 3, 5, 1]]
Distance: 27
M(A) inter A:
set()
M(B) inter B:
set()

AUB = 
{(4, 1, 2, 3, 5), (2, 3, 1, 4, 5), (5, 2, 3, 1, 4), (3, 2, 5, 1, 4), (4, 5, 1, 3, 2), (1, 2, 4, 3, 5), (5, 1, 3, 2, 4), (4, 5, 3, 1, 2), (2, 3, 4, 5, 1), (3, 2, 5, 4, 1), (1, 5, 4, 2, 3), (5, 4, 3, 2, 1), (4, 2, 3, 5, 1)}
M(AUB) = 
[[2, 4, 3, 5, 1]]
Distance:57

(17)
A = 
{(5, 2, 1, 3, 4), (5, 1, 2, 4, 3), (1, 2, 4, 3, 5), (4, 1, 5, 3, 2), (1, 3, 4, 5, 2), (4, 5, 2, 3, 1), (2, 1, 4, 3, 5)}
M(A) = 
[[1, 2, 4, 3, 5], [1, 2, 4, 5, 3]]
Distance: 24
B = 
{(2, 3, 1, 5, 4), (1, 2, 4, 5, 3), (2, 1, 3, 5, 4), (3, 4, 1, 2, 5), (2, 4, 5, 1, 3), (5, 1, 4, 3, 2), (3, 5, 1, 2, 4)}
M(B) = 
[[1, 2, 4, 3, 5], [1, 2, 4, 5, 3]]
Distance: 27
M(A) inter A:
set()
M(B) inter B:
set()

AUB = 
{(5, 1, 4, 3, 2), (1, 2, 4, 5, 3), (5, 1, 2, 4, 3), (5, 2, 1, 3, 4), (2, 1, 3, 5, 4), (4, 1, 5, 3, 2), (1, 2, 4, 3, 5), (1, 3, 4, 5, 2), (2, 4, 5, 1, 3), (2, 3, 1, 5, 4), (4, 5, 2, 3, 1), (3, 5, 1, 2, 4), (2, 1, 4, 3, 5), (3, 4, 1, 2, 5)}
M(AUB) = 
[[1, 2, 4, 3, 5], [1, 2, 4, 5, 3]]
Distance:56

(18)
A = 
{(2, 3, 4, 1, 5), (4, 3, 5, 2, 1), (1, 2, 3, 4, 5), (1, 5, 4, 3, 2), (2, 3, 5, 4, 1), (3, 2, 5, 4, 1), (2, 1, 4, 3, 5)}
M(A) = 
[[2, 4, 3, 1, 5], [4, 2, 3, 1, 5]]
Distance: 25
B = 
{(2, 3, 1, 5, 4), (4, 3, 1, 5, 2), (4, 2, 3, 1, 5), (4, 5, 1, 2, 3), (2, 5, 3, 4, 1), (4, 2, 1, 3, 5), (5, 4, 3, 2, 1)}
M(B) = 
[[2, 4, 3, 1, 5], [4, 2, 3, 1, 5]]
Distance: 23
M(A) inter A:
set()
M(B) inter B:
{(4, 2, 3, 1, 5)}

AUB = 
{(4, 5, 1, 2, 3), (2, 3, 4, 1, 5), (1, 5, 4, 3, 2), (1, 2, 3, 4, 5), (4, 2, 3, 1, 5), (2, 3, 1, 5, 4), (4, 3, 5, 2, 1), (2, 5, 3, 4, 1), (2, 3, 5, 4, 1), (4, 2, 1, 3, 5), (4, 3, 1, 5, 2), (3, 2, 5, 4, 1), (2, 1, 4, 3, 5), (5, 4, 3, 2, 1)}
M(AUB) = 
[[2, 4, 3, 1, 5], [4, 2, 3, 1, 5]]
Distance:52

(19)
A = 
{(3, 5, 4, 2, 1), (5, 4, 1, 3, 2), (5, 2, 3, 1, 4), (4, 1, 3, 5, 2), (5, 3, 4, 2, 1), (4, 5, 1, 3, 2), (2, 5, 3, 4, 1)}
M(A) = 
[[5, 3, 4, 1, 2], [5, 3, 4, 2, 1]]
Distance: 20
B = 
{(1, 2, 5, 4, 3), (4, 2, 1, 5, 3), (1, 3, 4, 5, 2), (3, 4, 1, 2, 5), (3, 5, 4, 1, 2), (5, 4, 3, 2, 1), (2, 1, 3, 4, 5)}
M(B) = 
[[5, 3, 4, 1, 2], [5, 3, 4, 2, 1]]
Distance: 29
M(A) inter A:
set()
M(B) inter B:
{(3, 4, 1, 2, 5)}

AUB = 
{(5, 3, 4, 2, 1), (1, 2, 5, 4, 3), (5, 4, 1, 3, 2), (5, 2, 3, 1, 4), (3, 5, 4, 1, 2), (1, 3, 4, 5, 2), (3, 4, 1, 2, 5), (4, 1, 3, 5, 2), (3, 5, 4, 2, 1), (4, 5, 1, 3, 2), (4, 2, 1, 5, 3), (2, 5, 3, 4, 1), (5, 4, 3, 2, 1), (2, 1, 3, 4, 5)}
M(AUB) = 
[[5, 3, 4, 1, 2], [5, 3, 4, 2, 1]]
Distance:56

(20)
A = 
{(1, 2, 4, 5, 3), (4, 3, 1, 5, 2), (5, 1, 2, 4, 3), (4, 2, 3, 1, 5), (2, 5, 4, 3, 1), (1, 4, 5, 3, 2), (2, 1, 3, 4, 5)}
M(A) = 
[[2, 1, 4, 3, 5], [2, 1, 4, 5, 3], [2, 4, 1, 3, 5], [2, 4, 1, 5, 3], [4, 2, 1, 3, 5], [4, 2, 1, 5, 3]]
Distance: 25
B = 
{(5, 4, 2, 1, 3), (1, 5, 3, 2, 4), (3, 4, 2, 1, 5), (2, 3, 4, 5, 1), (1, 4, 3, 5, 2), (4, 5, 3, 2, 1), (2, 1, 4, 3, 5)}
M(B) = 
[[2, 1, 4, 3, 5], [2, 1, 4, 5, 3], [2, 4, 1, 3, 5], [2, 4, 1, 5, 3], [4, 2, 1, 3, 5], [4, 2, 1, 5, 3]]
Distance: 30
M(A) inter A:
set()
M(B) inter B:
set()

AUB = 
{(1, 2, 4, 5, 3), (4, 3, 1, 5, 2), (1, 4, 3, 5, 2), (1, 5, 3, 2, 4), (2, 1, 4, 3, 5), (3, 4, 2, 1, 5), (5, 1, 2, 4, 3), (5, 4, 2, 1, 3), (4, 2, 3, 1, 5), (2, 5, 4, 3, 1), (1, 4, 5, 3, 2), (4, 5, 3, 2, 1), (2, 3, 4, 5, 1), (2, 1, 3, 4, 5)}
M(AUB) = 
[[2, 1, 4, 3, 5], [2, 1, 4, 5, 3], [2, 4, 1, 3, 5], [2, 4, 1, 5, 3], [4, 2, 1, 3, 5], [4, 2, 1, 5, 3]]
Distance:59

(21)
A = 
{(5, 3, 2, 4, 1), (5, 2, 3, 1, 4), (1, 2, 5, 3, 4), (5, 1, 2, 4, 3), (4, 5, 2, 1, 3), (2, 4, 5, 3, 1), (3, 4, 2, 5, 1)}
M(A) = 
[[5, 2, 1, 3, 4]]
Distance: 23
B = 
{(3, 1, 5, 2, 4), (5, 2, 3, 1, 4), (2, 1, 3, 5, 4), (3, 5, 1, 4, 2), (2, 5, 4, 1, 3), (2, 5, 1, 3, 4), (1, 4, 5, 2, 3)}
M(B) = 
[[5, 2, 1, 3, 4]]
Distance: 23
M(A) inter A:
set()
M(B) inter B:
set()

AUB = 
{(4, 5, 2, 1, 3), (3, 1, 5, 2, 4), (5, 2, 3, 1, 4), (1, 2, 5, 3, 4), (2, 1, 3, 5, 4), (3, 5, 1, 4, 2), (2, 5, 1, 3, 4), (5, 1, 2, 4, 3), (2, 5, 4, 1, 3), (5, 3, 2, 4, 1), (1, 4, 5, 2, 3), (2, 4, 5, 3, 1), (3, 4, 2, 5, 1)}
M(AUB) = 
[[5, 2, 1, 3, 4]]
Distance:47

(22)
A = 
{(2, 4, 1, 5, 3), (4, 3, 5, 2, 1), (5, 3, 1, 4, 2), (4, 2, 3, 1, 5), (5, 2, 3, 4, 1), (1, 3, 2, 5, 4), (4, 2, 5, 3, 1)}
M(A) = 
[[2, 4, 3, 1, 5]]
Distance: 27
B = 
{(1, 2, 5, 4, 3), (4, 3, 1, 5, 2), (3, 1, 4, 2, 5), (1, 2, 3, 4, 5), (2, 3, 1, 5, 4), (2, 5, 4, 3, 1), (5, 2, 4, 3, 1)}
M(B) = 
[[2, 4, 3, 1, 5]]
Distance: 27
M(A) inter A:
set()
M(B) inter B:
{(2, 3, 1, 5, 4)}

AUB = 
{(2, 4, 1, 5, 3), (4, 3, 1, 5, 2), (4, 3, 5, 2, 1), (1, 2, 3, 4, 5), (5, 3, 1, 4, 2), (1, 2, 5, 4, 3), (4, 2, 3, 1, 5), (2, 3, 1, 5, 4), (3, 1, 4, 2, 5), (2, 5, 4, 3, 1), (5, 2, 3, 4, 1), (1, 3, 2, 5, 4), (5, 2, 4, 3, 1), (4, 2, 5, 3, 1)}
M(AUB) = 
[[2, 4, 3, 1, 5]]
Distance:58

(23)
A = 
{(5, 2, 4, 1, 3), (4, 2, 1, 5, 3), (1, 2, 3, 4, 5), (1, 2, 4, 5, 3), (2, 3, 1, 5, 4), (2, 3, 4, 5, 1), (5, 3, 1, 2, 4)}
M(A) = 
[[1, 2, 4, 3, 5]]
Distance: 26
B = 
{(2, 1, 5, 4, 3), (3, 5, 1, 4, 2), (2, 4, 3, 1, 5), (5, 1, 2, 4, 3), (1, 3, 4, 5, 2), (1, 4, 2, 3, 5), (1, 4, 3, 2, 5)}
M(B) = 
[[1, 2, 4, 3, 5]]
Distance: 23
M(A) inter A:
set()
M(B) inter B:
{(1, 4, 2, 3, 5)}

AUB = 
{(5, 2, 4, 1, 3), (2, 1, 5, 4, 3), (4, 2, 1, 5, 3), (5, 1, 2, 4, 3), (1, 2, 3, 4, 5), (3, 5, 1, 4, 2), (1, 2, 4, 5, 3), (1, 4, 3, 2, 5), (2, 3, 1, 5, 4), (2, 3, 4, 5, 1), (1, 3, 4, 5, 2), (1, 4, 2, 3, 5), (5, 3, 1, 2, 4), (2, 4, 3, 1, 5)}
M(AUB) = 
[[1, 2, 4, 3, 5]]
Distance:52

(24)
A = 
{(1, 3, 2, 4, 5), (2, 1, 3, 5, 4), (1, 3, 2, 5, 4), (3, 2, 4, 1, 5), (2, 3, 5, 4, 1), (3, 4, 2, 5, 1), (2, 1, 4, 3, 5)}
M(A) = 
[[2, 3, 5, 1, 4], [3, 2, 5, 1, 4]]
Distance: 19
B = 
{(5, 2, 1, 4, 3), (2, 5, 1, 4, 3), (5, 3, 1, 4, 2), (4, 5, 2, 1, 3), (3, 5, 1, 4, 2), (2, 3, 4, 5, 1), (3, 5, 1, 2, 4)}
M(B) = 
[[2, 3, 5, 1, 4], [3, 2, 5, 1, 4]]
Distance: 24
M(A) inter A:
set()
M(B) inter B:
set()

AUB = 
{(1, 3, 2, 4, 5), (5, 2, 1, 4, 3), (3, 5, 1, 2, 4), (2, 1, 3, 5, 4), (1, 3, 2, 5, 4), (3, 2, 4, 1, 5), (2, 5, 1, 4, 3), (4, 5, 2, 1, 3), (3, 5, 1, 4, 2), (2, 3, 5, 4, 1), (5, 3, 1, 4, 2), (2, 3, 4, 5, 1), (3, 4, 2, 5, 1), (2, 1, 4, 3, 5)}
M(AUB) = 
[[2, 3, 5, 1, 4], [3, 2, 5, 1, 4]]
Distance:52

(25)
A = 
{(1, 2, 5, 4, 3), (3, 2, 1, 5, 4), (5, 2, 3, 1, 4), (3, 1, 2, 4, 5), (2, 3, 1, 5, 4), (4, 1, 2, 5, 3), (1, 4, 5, 2, 3)}
M(A) = 
[[1, 4, 2, 5, 3], [2, 1, 4, 5, 3], [4, 2, 1, 5, 3], [4, 2, 5, 3, 1]]
Distance: 24
B = 
{(4, 5, 1, 2, 3), (1, 2, 5, 4, 3), (4, 2, 3, 1, 5), (4, 5, 2, 1, 3), (5, 1, 4, 3, 2), (2, 3, 5, 4, 1), (4, 2, 5, 3, 1)}
M(B) = 
[[1, 4, 2, 5, 3], [2, 1, 4, 5, 3], [4, 2, 1, 5, 3], [4, 2, 5, 3, 1]]
Distance: 22
M(A) inter A:
set()
M(B) inter B:
set()

AUB = 
{(4, 5, 1, 2, 3), (1, 2, 5, 4, 3), (3, 2, 1, 5, 4), (5, 2, 3, 1, 4), (4, 1, 2, 5, 3), (4, 2, 3, 1, 5), (5, 1, 4, 3, 2), (2, 3, 1, 5, 4), (3, 1, 2, 4, 5), (1, 4, 5, 2, 3), (2, 3, 5, 4, 1), (4, 5, 2, 1, 3), (4, 2, 5, 3, 1)}
M(AUB) = 
[[1, 4, 2, 5, 3], [2, 1, 4, 5, 3], [4, 2, 1, 5, 3], [4, 2, 5, 3, 1]]
Distance:56

(26)
A = 
{(4, 1, 3, 2, 5), (1, 2, 5, 4, 3), (5, 2, 1, 3, 4), (1, 5, 3, 4, 2), (5, 3, 4, 1, 2), (4, 5, 3, 2, 1), (1, 4, 2, 3, 5)}
M(A) = 
[[5, 1, 3, 4, 2], [5, 1, 4, 3, 2], [5, 4, 1, 3, 2]]
Distance: 26
B = 
{(5, 1, 3, 4, 2), (5, 4, 1, 3, 2), (3, 4, 1, 5, 2), (4, 1, 2, 5, 3), (2, 5, 1, 3, 4), (3, 5, 1, 4, 2), (4, 5, 2, 1, 3)}
M(B) = 
[[5, 1, 3, 4, 2], [5, 1, 4, 3, 2], [5, 4, 1, 3, 2]]
Distance: 24
M(A) inter A:
set()
M(B) inter B:
{(5, 1, 3, 4, 2), (5, 4, 1, 3, 2)}

AUB = 
{(4, 1, 3, 2, 5), (2, 5, 1, 3, 4), (1, 2, 5, 4, 3), (5, 4, 1, 3, 2), (5, 2, 1, 3, 4), (1, 5, 3, 4, 2), (3, 5, 1, 4, 2), (5, 3, 4, 1, 2), (4, 5, 2, 1, 3), (5, 1, 3, 4, 2), (4, 1, 2, 5, 3), (4, 5, 3, 2, 1), (1, 4, 2, 3, 5), (3, 4, 1, 5, 2)}
M(AUB) = 
[[5, 1, 3, 4, 2], [5, 1, 4, 3, 2], [5, 4, 1, 3, 2]]
Distance:52

(27)
A = 
{(3, 1, 2, 5, 4), (4, 2, 5, 1, 3), (1, 2, 3, 4, 5), (5, 3, 1, 4, 2), (1, 4, 5, 2, 3), (1, 4, 3, 5, 2), (3, 5, 2, 1, 4)}
M(A) = 
[[1, 2, 4, 3, 5]]
Distance: 27
B = 
{(5, 2, 1, 4, 3), (3, 1, 5, 2, 4), (4, 3, 5, 2, 1), (1, 2, 4, 3, 5), (2, 4, 5, 3, 1), (2, 1, 3, 4, 5), (1, 4, 2, 3, 5)}
M(B) = 
[[1, 2, 4, 3, 5]]
Distance: 24
M(A) inter A:
set()
M(B) inter B:
set()

AUB = 
{(5, 2, 1, 4, 3), (3, 1, 2, 5, 4), (4, 2, 5, 1, 3), (4, 3, 5, 2, 1), (2, 1, 3, 4, 5), (1, 2, 3, 4, 5), (5, 3, 1, 4, 2), (1, 4, 5, 2, 3), (1, 4, 3, 5, 2), (1, 4, 2, 3, 5), (3, 1, 5, 2, 4), (2, 4, 5, 3, 1), (3, 5, 2, 1, 4), (1, 2, 4, 3, 5)}
M(AUB) = 
[[1, 2, 4, 3, 5]]
Distance:56

(28)
A = 
{(2, 4, 1, 5, 3), (2, 1, 4, 5, 3), (4, 3, 5, 2, 1), (1, 2, 3, 4, 5), (4, 5, 3, 2, 1), (1, 4, 2, 3, 5), (5, 3, 2, 1, 4)}
M(A) = 
[[2, 1, 3, 4, 5], [2, 1, 4, 3, 5], [2, 1, 4, 5, 3], [2, 3, 1, 4, 5]]
Distance: 26
B = 
{(5, 1, 2, 3, 4), (1, 2, 4, 5, 3), (2, 3, 4, 1, 5), (3, 4, 1, 5, 2), (5, 1, 4, 2, 3), (2, 3, 5, 1, 4), (2, 3, 4, 5, 1)}
M(B) = 
[[2, 1, 3, 4, 5], [2, 1, 4, 3, 5], [2, 1, 4, 5, 3], [2, 3, 1, 4, 5]]
Distance: 28
M(A) inter A:
{(1, 2, 3, 4, 5)}
M(B) inter B:
{(2, 3, 5, 1, 4), (2, 3, 4, 5, 1)}

AUB = 
{(2, 3, 5, 1, 4), (2, 4, 1, 5, 3), (2, 1, 4, 5, 3), (3, 4, 1, 5, 2), (4, 3, 5, 2, 1), (1, 2, 3, 4, 5), (5, 1, 4, 2, 3), (1, 2, 4, 5, 3), (5, 1, 2, 3, 4), (2, 3, 4, 5, 1), (4, 5, 3, 2, 1), (2, 3, 4, 1, 5), (1, 4, 2, 3, 5), (5, 3, 2, 1, 4)}
M(AUB) = 
[[2, 1, 3, 4, 5], [2, 1, 4, 3, 5], [2, 1, 4, 5, 3], [2, 3, 1, 4, 5]]
Distance:59

(29)
A = 
{(2, 3, 4, 1, 5), (3, 4, 5, 1, 2), (1, 2, 4, 3, 5), (2, 3, 4, 5, 1), (4, 3, 2, 1, 5), (2, 3, 5, 4, 1), (3, 5, 1, 2, 4)}
M(A) = 
[[2, 3, 4, 5, 1]]
Distance: 20
B = 
{(5, 4, 2, 1, 3), (3, 2, 1, 5, 4), (3, 4, 2, 1, 5), (5, 3, 4, 1, 2), (2, 5, 3, 1, 4), (4, 3, 2, 1, 5), (1, 2, 3, 4, 5)}
M(B) = 
[[2, 3, 4, 5, 1]]
Distance: 27
M(A) inter A:
set()
M(B) inter B:
{(3, 4, 2, 1, 5)}

AUB = 
{(5, 4, 2, 1, 3), (2, 3, 4, 1, 5), (3, 2, 1, 5, 4), (3, 4, 5, 1, 2), (1, 2, 4, 3, 5), (5, 3, 4, 1, 2), (1, 2, 3, 4, 5), (2, 5, 3, 1, 4), (2, 3, 4, 5, 1), (4, 3, 2, 1, 5), (2, 3, 5, 4, 1), (3, 5, 1, 2, 4), (3, 4, 2, 1, 5)}
M(AUB) = 
[[2, 3, 4, 5, 1]]
Distance:46

(30)
A = 
{(1, 3, 2, 4, 5), (1, 2, 5, 4, 3), (3, 2, 1, 5, 4), (1, 2, 5, 3, 4), (4, 1, 3, 5, 2), (5, 1, 2, 3, 4), (2, 1, 3, 4, 5)}
M(A) = 
[[1, 2, 5, 3, 4], [1, 5, 2, 3, 4], [1, 5, 3, 2, 4]]
Distance: 19
B = 
{(2, 3, 1, 5, 4), (1, 5, 2, 4, 3), (1, 5, 2, 3, 4), (5, 1, 4, 3, 2), (4, 5, 3, 2, 1), (3, 2, 4, 5, 1), (5, 3, 2, 1, 4)}
M(B) = 
[[1, 2, 5, 3, 4], [1, 5, 2, 3, 4], [1, 5, 3, 2, 4]]
Distance: 25
M(A) inter A:
set()
M(B) inter B:
{(5, 3, 2, 1, 4)}

AUB = 
{(1, 3, 2, 4, 5), (2, 3, 1, 5, 4), (1, 2, 5, 4, 3), (1, 5, 2, 4, 3), (3, 2, 1, 5, 4), (1, 2, 5, 3, 4), (1, 5, 2, 3, 4), (5, 3, 2, 1, 4), (4, 1, 3, 5, 2), (5, 1, 2, 3, 4), (5, 1, 4, 3, 2), (4, 5, 3, 2, 1), (3, 2, 4, 5, 1), (2, 1, 3, 4, 5)}
M(AUB) = 
[[1, 2, 5, 3, 4], [1, 5, 2, 3, 4], [1, 5, 3, 2, 4]]
Distance:52

(31)
A = 
{(1, 5, 4, 2, 3), (3, 5, 4, 1, 2), (2, 5, 4, 3, 1), (4, 5, 3, 2, 1), (2, 5, 3, 4, 1), (1, 3, 5, 2, 4), (3, 1, 4, 5, 2)}
M(A) = 
[[1, 5, 3, 4, 2], [5, 1, 3, 4, 2], [5, 3, 1, 4, 2], [5, 3, 4, 1, 2]]
Distance: 27
B = 
{(3, 4, 5, 1, 2), (1, 5, 3, 2, 4), (2, 5, 1, 4, 3), (3, 4, 2, 1, 5), (2, 5, 4, 1, 3), (1, 4, 5, 2, 3), (1, 3, 4, 5, 2)}
M(B) = 
[[1, 5, 3, 4, 2], [5, 1, 3, 4, 2], [5, 3, 1, 4, 2], [5, 3, 4, 1, 2]]
Distance: 30
M(A) inter A:
set()
M(B) inter B:
{(1, 3, 4, 5, 2)}

AUB = 
{(1, 5, 4, 2, 3), (3, 4, 5, 1, 2), (1, 5, 3, 2, 4), (2, 5, 1, 4, 3), (3, 4, 2, 1, 5), (3, 5, 4, 1, 2), (2, 5, 4, 1, 3), (1, 4, 5, 2, 3), (2, 5, 3, 4, 1), (1, 3, 4, 5, 2), (4, 5, 3, 2, 1), (2, 5, 4, 3, 1), (1, 3, 5, 2, 4), (3, 1, 4, 5, 2)}
M(AUB) = 
[[1, 5, 3, 4, 2], [5, 1, 3, 4, 2], [5, 3, 1, 4, 2], [5, 3, 4, 1, 2]]
Distance:62

(32)
A = 
{(2, 1, 4, 5, 3), (3, 2, 1, 4, 5), (2, 5, 1, 4, 3), (2, 3, 5, 1, 4), (3, 1, 4, 5, 2), (3, 4, 2, 5, 1), (1, 4, 2, 3, 5)}
M(A) = 
[[3, 5, 1, 4, 2]]
Distance: 23
B = 
{(3, 5, 4, 2, 1), (3, 5, 4, 1, 2), (2, 5, 1, 4, 3), (5, 1, 2, 4, 3), (5, 3, 4, 2, 1), (1, 4, 2, 5, 3), (3, 1, 5, 4, 2)}
M(B) = 
[[3, 5, 1, 4, 2]]
Distance: 25
M(A) inter A:
set()
M(B) inter B:
set()

AUB = 
{(3, 5, 4, 2, 1), (5, 1, 2, 4, 3), (2, 1, 4, 5, 3), (3, 5, 4, 1, 2), (3, 2, 1, 4, 5), (5, 3, 4, 2, 1), (2, 5, 1, 4, 3), (2, 3, 5, 1, 4), (1, 4, 2, 5, 3), (3, 1, 4, 5, 2), (3, 1, 5, 4, 2), (1, 4, 2, 3, 5), (3, 4, 2, 5, 1)}
M(AUB) = 
[[3, 5, 1, 4, 2]]
Distance:56

(33)
A = 
{(3, 2, 5, 1, 4), (3, 1, 4, 2, 5), (3, 4, 1, 2, 5), (1, 5, 2, 3, 4), (1, 4, 5, 2, 3), (2, 4, 3, 5, 1), (4, 2, 3, 5, 1)}
M(A) = 
[[1, 4, 2, 3, 5], [1, 4, 2, 5, 3], [4, 1, 2, 3, 5], [4, 1, 2, 5, 3]]
Distance: 27
B = 
{(5, 4, 2, 1, 3), (1, 5, 4, 3, 2), (1, 2, 3, 4, 5), (2, 4, 5, 1, 3), (4, 5, 1, 2, 3), (1, 4, 2, 3, 5), (5, 4, 2, 3, 1)}
M(B) = 
[[1, 4, 2, 3, 5], [1, 4, 2, 5, 3], [4, 1, 2, 3, 5], [4, 1, 2, 5, 3]]
Distance: 22
M(A) inter A:
set()
M(B) inter B:
{(4, 5, 1, 2, 3)}

AUB = 
{(5, 4, 2, 3, 1), (5, 4, 2, 1, 3), (1, 5, 4, 3, 2), (3, 2, 5, 1, 4), (1, 5, 2, 3, 4), (3, 4, 1, 2, 5), (2, 4, 5, 1, 3), (4, 5, 1, 2, 3), (3, 1, 4, 2, 5), (1, 4, 5, 2, 3), (1, 4, 2, 3, 5), (2, 4, 3, 5, 1), (1, 2, 3, 4, 5), (4, 2, 3, 5, 1)}
M(AUB) = 
[[1, 4, 2, 3, 5], [1, 4, 2, 5, 3], [4, 1, 2, 3, 5], [4, 1, 2, 5, 3]]
Distance:58

(34)
A = 
{(5, 1, 3, 4, 2), (2, 3, 1, 4, 5), (5, 1, 2, 3, 4), (1, 5, 3, 2, 4), (1, 2, 3, 4, 5), (5, 3, 2, 4, 1), (4, 3, 1, 2, 5)}
M(A) = 
[[5, 3, 1, 2, 4]]
Distance: 25
B = 
{(2, 4, 5, 1, 3), (3, 2, 1, 5, 4), (1, 5, 3, 2, 4), (5, 3, 1, 4, 2), (5, 1, 4, 2, 3), (3, 2, 5, 4, 1), (4, 2, 5, 3, 1)}
M(B) = 
[[5, 3, 1, 2, 4]]
Distance: 28
M(A) inter A:
set()
M(B) inter B:
set()

AUB = 
{(5, 1, 2, 3, 4), (2, 4, 5, 1, 3), (2, 3, 1, 4, 5), (3, 2, 1, 5, 4), (1, 5, 3, 2, 4), (5, 1, 4, 2, 3), (1, 2, 3, 4, 5), (5, 3, 1, 4, 2), (5, 1, 3, 4, 2), (4, 3, 1, 2, 5), (3, 2, 5, 4, 1), (5, 3, 2, 4, 1), (4, 2, 5, 3, 1)}
M(AUB) = 
[[5, 3, 1, 2, 4]]
Distance:54

(35)
A = 
{(2, 1, 4, 5, 3), (1, 2, 5, 3, 4), (5, 2, 1, 3, 4), (4, 3, 2, 5, 1), (2, 5, 1, 4, 3), (1, 5, 3, 2, 4), (1, 3, 2, 5, 4)}
M(A) = 
[[1, 2, 3, 5, 4], [1, 2, 5, 3, 4], [1, 3, 2, 5, 4], [2, 1, 3, 5, 4], [2, 1, 5, 3, 4], [2, 5, 1, 3, 4]]
Distance: 21
B = 
{(1, 3, 4, 2, 5), (3, 4, 5, 1, 2), (4, 3, 5, 2, 1), (1, 2, 4, 3, 5), (2, 5, 1, 3, 4), (1, 5, 2, 3, 4), (3, 5, 2, 1, 4)}
M(B) = 
[[1, 2, 3, 5, 4], [1, 2, 5, 3, 4], [1, 3, 2, 5, 4], [2, 1, 3, 5, 4], [2, 1, 5, 3, 4], [2, 5, 1, 3, 4]]
Distance: 29
M(A) inter A:
set()
M(B) inter B:
set()

AUB = 
{(1, 3, 4, 2, 5), (4, 3, 5, 2, 1), (2, 1, 4, 5, 3), (1, 2, 5, 3, 4), (5, 2, 1, 3, 4), (1, 5, 3, 2, 4), (3, 5, 2, 1, 4), (1, 2, 4, 3, 5), (2, 5, 1, 4, 3), (2, 5, 1, 3, 4), (4, 3, 2, 5, 1), (1, 5, 2, 3, 4), (1, 3, 2, 5, 4), (3, 4, 5, 1, 2)}
M(AUB) = 
[[1, 2, 3, 5, 4], [1, 2, 5, 3, 4], [1, 3, 2, 5, 4], [2, 1, 3, 5, 4], [2, 1, 5, 3, 4], [2, 5, 1, 3, 4]]
Distance:56

(36)
A = 
{(1, 3, 2, 4, 5), (1, 2, 3, 5, 4), (3, 2, 4, 1, 5), (2, 5, 1, 4, 3), (3, 5, 2, 4, 1), (1, 4, 3, 5, 2), (1, 3, 5, 2, 4)}
M(A) = 
[[2, 4, 1, 3, 5]]
Distance: 21
B = 
{(5, 4, 2, 1, 3), (5, 4, 1, 3, 2), (4, 2, 5, 1, 3), (3, 1, 4, 2, 5), (2, 4, 3, 1, 5), (2, 5, 4, 3, 1), (4, 5, 2, 3, 1)}
M(B) = 
[[2, 4, 1, 3, 5]]
Distance: 21
M(A) inter A:
set()
M(B) inter B:
set()

AUB = 
{(1, 3, 2, 4, 5), (5, 4, 2, 1, 3), (5, 4, 1, 3, 2), (1, 2, 3, 5, 4), (3, 1, 4, 2, 5), (3, 2, 4, 1, 5), (2, 5, 1, 4, 3), (3, 5, 2, 4, 1), (2, 5, 4, 3, 1), (4, 2, 5, 1, 3), (1, 4, 3, 5, 2), (4, 5, 2, 3, 1), (1, 3, 5, 2, 4), (2, 4, 3, 1, 5)}
M(AUB) = 
[[2, 4, 1, 3, 5]]
Distance:63

(37)
A = 
{(1, 2, 5, 3, 4), (4, 3, 2, 5, 1), (1, 3, 5, 4, 2), (4, 1, 2, 5, 3), (1, 4, 5, 3, 2), (4, 5, 3, 2, 1), (5, 3, 1, 2, 4)}
M(A) = 
[[2, 4, 5, 3, 1]]
Distance: 26
B = 
{(1, 5, 3, 2, 4), (1, 4, 2, 5, 3), (2, 3, 4, 5, 1), (1, 4, 5, 3, 2), (2, 5, 4, 3, 1), (2, 4, 3, 5, 1), (5, 2, 3, 4, 1)}
M(B) = 
[[2, 4, 5, 3, 1]]
Distance: 27
M(A) inter A:
set()
M(B) inter B:
set()

AUB = 
{(1, 5, 3, 2, 4), (1, 2, 5, 3, 4), (4, 1, 2, 5, 3), (1, 3, 5, 4, 2), (4, 3, 2, 5, 1), (1, 4, 2, 5, 3), (2, 3, 4, 5, 1), (1, 4, 5, 3, 2), (4, 5, 3, 2, 1), (2, 5, 4, 3, 1), (2, 4, 3, 5, 1), (5, 3, 1, 2, 4), (5, 2, 3, 4, 1)}
M(AUB) = 
[[2, 4, 5, 3, 1]]
Distance:59

(38)
A = 
{(5, 2, 4, 1, 3), (4, 3, 1, 5, 2), (1, 5, 3, 4, 2), (5, 1, 2, 4, 3), (2, 3, 1, 5, 4), (3, 1, 4, 5, 2), (4, 5, 2, 3, 1)}
M(A) = 
[[2, 3, 1, 4, 5], [2, 3, 4, 1, 5], [2, 4, 3, 1, 5], [3, 1, 4, 5, 2], [3, 2, 1, 4, 5], [3, 2, 4, 1, 5], [3, 4, 1, 5, 2], [3, 4, 2, 1, 5], [3, 4, 5, 2, 1], [4, 2, 3, 1, 5], [4, 3, 1, 5, 2], [4, 3, 2, 1, 5], [4, 3, 5, 2, 1], [4, 5, 2, 3, 1], [4, 5, 3, 2, 1]]
Distance: 29
B = 
{(1, 3, 2, 4, 5), (2, 1, 4, 5, 3), (4, 1, 5, 2, 3), (3, 2, 1, 4, 5), (2, 3, 4, 5, 1), (5, 4, 3, 2, 1), (3, 4, 2, 5, 1)}
M(B) = 
[[2, 3, 1, 4, 5], [2, 3, 4, 1, 5], [2, 4, 3, 1, 5], [3, 1, 4, 5, 2], [3, 2, 1, 4, 5], [3, 2, 4, 1, 5], [3, 4, 1, 5, 2], [3, 4, 2, 1, 5], [3, 4, 5, 2, 1], [4, 2, 3, 1, 5], [4, 3, 1, 5, 2], [4, 3, 2, 1, 5], [4, 3, 5, 2, 1], [4, 5, 2, 3, 1], [4, 5, 3, 2, 1]]
Distance: 26
M(A) inter A:
set()
M(B) inter B:
set()

AUB = 
{(1, 3, 2, 4, 5), (5, 2, 4, 1, 3), (4, 3, 1, 5, 2), (2, 3, 4, 5, 1), (1, 5, 3, 4, 2), (3, 2, 1, 4, 5), (5, 1, 2, 4, 3), (2, 3, 1, 5, 4), (4, 1, 5, 2, 3), (3, 1, 4, 5, 2), (4, 5, 2, 3, 1), (2, 1, 4, 5, 3), (5, 4, 3, 2, 1), (3, 4, 2, 5, 1)}
M(AUB) = 
[[2, 3, 1, 4, 5], [2, 3, 4, 1, 5], [2, 4, 3, 1, 5], [3, 1, 4, 5, 2], [3, 2, 1, 4, 5], [3, 2, 4, 1, 5], [3, 4, 1, 5, 2], [3, 4, 2, 1, 5], [3, 4, 5, 2, 1], [4, 2, 3, 1, 5], [4, 3, 1, 5, 2], [4, 3, 2, 1, 5], [4, 3, 5, 2, 1], [4, 5, 2, 3, 1], [4, 5, 3, 2, 1]]
Distance:66

(39)
A = 
{(3, 4, 1, 5, 2), (4, 3, 5, 2, 1), (3, 4, 1, 2, 5), (2, 3, 5, 1, 4), (4, 1, 2, 5, 3), (4, 5, 2, 3, 1), (4, 2, 3, 5, 1)}
M(A) = 
[[3, 4, 5, 2, 1]]
Distance: 21
B = 
{(5, 3, 2, 4, 1), (4, 3, 1, 5, 2), (5, 2, 1, 3, 4), (4, 2, 3, 1, 5), (3, 5, 2, 4, 1), (3, 4, 5, 2, 1), (1, 3, 2, 5, 4)}
M(B) = 
[[3, 4, 5, 2, 1]]
Distance: 23
M(A) inter A:
set()
M(B) inter B:
{(3, 5, 2, 4, 1)}

AUB = 
{(5, 3, 2, 4, 1), (4, 3, 1, 5, 2), (5, 2, 1, 3, 4), (3, 4, 1, 5, 2), (4, 1, 2, 5, 3), (3, 4, 1, 2, 5), (4, 2, 3, 1, 5), (2, 3, 5, 1, 4), (4, 3, 5, 2, 1), (3, 5, 2, 4, 1), (4, 5, 2, 3, 1), (3, 4, 5, 2, 1), (1, 3, 2, 5, 4), (4, 2, 3, 5, 1)}
M(AUB) = 
[[3, 4, 5, 2, 1]]
Distance:49

(40)
A = 
{(1, 3, 2, 4, 5), (5, 2, 3, 1, 4), (3, 2, 1, 5, 4), (1, 3, 5, 4, 2), (1, 4, 2, 5, 3), (4, 5, 3, 1, 2), (4, 5, 2, 3, 1)}
M(A) = 
[[1, 5, 2, 4, 3], [1, 5, 4, 2, 3]]
Distance: 30
B = 
{(5, 2, 1, 4, 3), (1, 5, 4, 2, 3), (1, 5, 4, 3, 2), (3, 5, 4, 1, 2), (2, 5, 4, 1, 3), (2, 1, 5, 3, 4), (2, 1, 5, 4, 3)}
M(B) = 
[[1, 5, 2, 4, 3], [1, 5, 4, 2, 3]]
Distance: 21
M(A) inter A:
set()
M(B) inter B:
{(5, 2, 1, 4, 3), (2, 1, 5, 4, 3)}

AUB = 
{(1, 3, 2, 4, 5), (5, 2, 1, 4, 3), (1, 5, 4, 2, 3), (5, 2, 3, 1, 4), (3, 2, 1, 5, 4), (1, 5, 4, 3, 2), (3, 5, 4, 1, 2), (1, 3, 5, 4, 2), (2, 5, 4, 1, 3), (2, 1, 5, 3, 4), (1, 4, 2, 5, 3), (4, 5, 3, 1, 2), (4, 5, 2, 3, 1), (2, 1, 5, 4, 3)}
M(AUB) = 
[[1, 5, 2, 4, 3], [1, 5, 4, 2, 3]]
Distance:55

(41)
A = 
{(3, 1, 4, 2, 5), (2, 4, 1, 3, 5), (2, 5, 1, 4, 3), (3, 5, 2, 4, 1), (1, 3, 2, 5, 4), (1, 2, 4, 3, 5), (4, 2, 5, 3, 1)}
M(A) = 
[[4, 3, 2, 5, 1]]
Distance: 26
B = 
{(4, 3, 5, 2, 1), (5, 3, 1, 4, 2), (1, 2, 4, 3, 5), (5, 1, 4, 2, 3), (4, 2, 1, 3, 5), (4, 3, 2, 1, 5), (3, 2, 4, 5, 1)}
M(B) = 
[[4, 3, 2, 5, 1]]
Distance: 26
M(A) inter A:
set()
M(B) inter B:
set()

AUB = 
{(3, 1, 4, 2, 5), (5, 3, 1, 4, 2), (2, 4, 1, 3, 5), (2, 5, 1, 4, 3), (4, 2, 1, 3, 5), (3, 5, 2, 4, 1), (4, 3, 5, 2, 1), (5, 1, 4, 2, 3), (4, 3, 2, 1, 5), (3, 2, 4, 5, 1), (1, 3, 2, 5, 4), (1, 2, 4, 3, 5), (4, 2, 5, 3, 1)}
M(AUB) = 
[[4, 3, 2, 5, 1]]
Distance:53

(42)
A = 
{(5, 4, 1, 2, 3), (1, 5, 2, 4, 3), (4, 2, 5, 1, 3), (5, 2, 4, 1, 3), (1, 4, 2, 5, 3), (4, 3, 2, 1, 5), (5, 4, 3, 2, 1)}
M(A) = 
[[5, 4, 2, 1, 3]]
Distance: 21
B = 
{(2, 3, 5, 1, 4), (1, 2, 5, 4, 3), (5, 2, 3, 1, 4), (5, 1, 2, 4, 3), (4, 5, 2, 1, 3), (4, 5, 3, 2, 1), (5, 4, 3, 2, 1)}
M(B) = 
[[5, 4, 2, 1, 3]]
Distance: 22
M(A) inter A:
set()
M(B) inter B:
set()

AUB = 
{(4, 5, 2, 1, 3), (5, 4, 1, 2, 3), (1, 5, 2, 4, 3), (5, 2, 3, 1, 4), (4, 2, 5, 1, 3), (5, 1, 2, 4, 3), (1, 2, 5, 4, 3), (5, 2, 4, 1, 3), (2, 3, 5, 1, 4), (4, 5, 3, 2, 1), (1, 4, 2, 5, 3), (4, 3, 2, 1, 5), (5, 4, 3, 2, 1)}
M(AUB) = 
[[5, 4, 2, 1, 3]]
Distance:43

(43)
A = 
{(1, 3, 4, 2, 5), (5, 2, 1, 3, 4), (4, 1, 5, 2, 3), (3, 5, 4, 1, 2), (5, 1, 2, 3, 4), (2, 1, 5, 3, 4), (5, 2, 3, 4, 1)}
M(A) = 
[[5, 3, 4, 1, 2]]
Distance: 23
B = 
{(5, 3, 2, 4, 1), (4, 3, 5, 1, 2), (4, 1, 5, 2, 3), (4, 5, 1, 2, 3), (3, 4, 1, 2, 5), (2, 3, 5, 1, 4), (4, 3, 1, 2, 5)}
M(B) = 
[[5, 3, 4, 1, 2]]
Distance: 24
M(A) inter A:
set()
M(B) inter B:
{(4, 3, 5, 1, 2)}

AUB = 
{(1, 3, 4, 2, 5), (5, 3, 2, 4, 1), (4, 3, 5, 1, 2), (5, 2, 1, 3, 4), (2, 3, 5, 1, 4), (2, 1, 5, 3, 4), (4, 5, 1, 2, 3), (3, 4, 1, 2, 5), (3, 5, 4, 1, 2), (5, 1, 2, 3, 4), (4, 1, 5, 2, 3), (4, 3, 1, 2, 5), (5, 2, 3, 4, 1)}
M(AUB) = 
[[5, 3, 4, 1, 2]]
Distance:55

(44)
A = 
{(5, 4, 2, 1, 3), (4, 2, 5, 1, 3), (3, 4, 1, 5, 2), (2, 1, 3, 5, 4), (4, 1, 5, 3, 2), (3, 5, 2, 4, 1), (1, 3, 2, 5, 4)}
M(A) = 
[[4, 1, 3, 2, 5], [4, 2, 1, 3, 5], [4, 3, 2, 1, 5]]
Distance: 31
B = 
{(3, 2, 5, 1, 4), (1, 5, 3, 4, 2), (4, 1, 5, 3, 2), (4, 2, 3, 1, 5), (1, 4, 2, 5, 3), (4, 3, 1, 2, 5), (4, 2, 5, 3, 1)}
M(B) = 
[[4, 1, 3, 2, 5], [4, 2, 1, 3, 5], [4, 3, 2, 1, 5]]
Distance: 25
M(A) inter A:
set()
M(B) inter B:
{(4, 3, 1, 2, 5)}

AUB = 
{(5, 4, 2, 1, 3), (4, 2, 5, 1, 3), (3, 4, 1, 5, 2), (2, 1, 3, 5, 4), (4, 1, 5, 3, 2), (4, 2, 3, 1, 5), (3, 5, 2, 4, 1), (1, 5, 3, 4, 2), (1, 4, 2, 5, 3), (4, 3, 1, 2, 5), (3, 2, 5, 1, 4), (1, 3, 2, 5, 4), (4, 2, 5, 3, 1)}
M(AUB) = 
[[4, 1, 3, 2, 5], [4, 2, 1, 3, 5], [4, 3, 2, 1, 5]]
Distance:56

(45)
A = 
{(3, 5, 1, 4, 2), (2, 3, 5, 1, 4), (4, 5, 1, 3, 2), (4, 2, 3, 5, 1), (5, 4, 2, 3, 1), (5, 3, 1, 2, 4), (4, 2, 5, 3, 1)}
M(A) = 
[[4, 2, 5, 3, 1]]
Distance: 24
B = 
{(4, 2, 1, 5, 3), (4, 1, 2, 5, 3), (1, 5, 2, 3, 4), (1, 4, 2, 5, 3), (4, 5, 1, 3, 2), (3, 1, 4, 5, 2), (2, 4, 3, 5, 1)}
M(B) = 
[[4, 2, 5, 3, 1]]
Distance: 21
M(A) inter A:
set()
M(B) inter B:
{(4, 1, 2, 5, 3)}

AUB = 
{(4, 2, 1, 5, 3), (4, 1, 2, 5, 3), (3, 5, 1, 4, 2), (2, 3, 5, 1, 4), (1, 5, 2, 3, 4), (1, 4, 2, 5, 3), (4, 5, 1, 3, 2), (4, 2, 3, 5, 1), (3, 1, 4, 5, 2), (5, 4, 2, 3, 1), (5, 3, 1, 2, 4), (2, 4, 3, 5, 1), (4, 2, 5, 3, 1)}
M(AUB) = 
[[4, 2, 5, 3, 1]]
Distance:52

(46)
A = 
{(1, 5, 3, 2, 4), (1, 3, 4, 5, 2), (5, 1, 4, 2, 3), (2, 5, 4, 1, 3), (5, 1, 4, 3, 2), (5, 4, 2, 3, 1), (4, 2, 5, 3, 1)}
M(A) = 
[[5, 1, 4, 2, 3]]
Distance: 22
B = 
{(5, 1, 2, 3, 4), (2, 1, 4, 5, 3), (1, 5, 4, 3, 2), (2, 5, 4, 1, 3), (5, 1, 2, 4, 3), (3, 5, 4, 2, 1), (1, 3, 2, 5, 4)}
M(B) = 
[[5, 1, 4, 2, 3]]
Distance: 23
M(A) inter A:
set()
M(B) inter B:
{(5, 1, 2, 4, 3)}

AUB = 
{(5, 1, 2, 3, 4), (5, 1, 2, 4, 3), (2, 1, 4, 5, 3), (3, 5, 4, 2, 1), (1, 5, 3, 2, 4), (1, 3, 4, 5, 2), (5, 1, 4, 2, 3), (2, 5, 4, 1, 3), (5, 1, 4, 3, 2), (1, 5, 4, 3, 2), (5, 4, 2, 3, 1), (1, 3, 2, 5, 4), (4, 2, 5, 3, 1)}
M(AUB) = 
[[5, 1, 4, 2, 3]]
Distance:44

(47)
A = 
{(5, 2, 1, 4, 3), (2, 3, 1, 4, 5), (3, 1, 4, 2, 5), (2, 5, 4, 1, 3), (4, 2, 1, 3, 5), (5, 1, 4, 3, 2), (4, 5, 2, 3, 1)}
M(A) = 
[[4, 5, 2, 1, 3]]
Distance: 28
B = 
{(2, 4, 5, 1, 3), (2, 1, 3, 5, 4), (4, 3, 5, 2, 1), (3, 5, 1, 4, 2), (4, 1, 5, 3, 2), (4, 1, 5, 2, 3), (3, 5, 2, 1, 4)}
M(B) = 
[[4, 5, 2, 1, 3]]
Distance: 30
M(A) inter A:
set()
M(B) inter B:
{(4, 3, 5, 2, 1)}

AUB = 
{(5, 2, 1, 4, 3), (2, 3, 1, 4, 5), (3, 1, 4, 2, 5), (3, 5, 1, 4, 2), (2, 5, 4, 1, 3), (2, 4, 5, 1, 3), (4, 2, 1, 3, 5), (5, 1, 4, 3, 2), (2, 1, 3, 5, 4), (4, 1, 5, 3, 2), (4, 1, 5, 2, 3), (4, 5, 2, 3, 1), (3, 5, 2, 1, 4), (4, 3, 5, 2, 1)}
M(AUB) = 
[[4, 5, 2, 1, 3]]
Distance:60

(48)
A = 
{(5, 4, 3, 1, 2), (3, 5, 1, 2, 4), (1, 2, 4, 3, 5), (5, 1, 3, 2, 4), (2, 5, 3, 4, 1), (5, 2, 4, 3, 1), (2, 1, 4, 3, 5)}
M(A) = 
[[5, 1, 2, 4, 3]]
Distance: 27
B = 
{(5, 4, 1, 2, 3), (3, 1, 5, 2, 4), (1, 5, 3, 4, 2), (4, 1, 3, 5, 2), (3, 2, 4, 5, 1), (5, 4, 2, 3, 1), (1, 4, 2, 3, 5)}
M(B) = 
[[5, 1, 2, 4, 3]]
Distance: 28
M(A) inter A:
set()
M(B) inter B:
{(4, 1, 3, 5, 2)}

AUB = 
{(5, 4, 2, 3, 1), (5, 4, 1, 2, 3), (3, 1, 5, 2, 4), (5, 4, 3, 1, 2), (1, 5, 3, 4, 2), (3, 5, 1, 2, 4), (1, 2, 4, 3, 5), (4, 1, 3, 5, 2), (5, 1, 3, 2, 4), (2, 5, 3, 4, 1), (1, 4, 2, 3, 5), (5, 2, 4, 3, 1), (2, 1, 4, 3, 5), (3, 2, 4, 5, 1)}
M(AUB) = 
[[5, 1, 2, 4, 3]]
Distance:61

(49)
A = 
{(2, 3, 1, 4, 5), (3, 4, 2, 1, 5), (5, 3, 4, 1, 2), (5, 1, 2, 3, 4), (2, 4, 3, 5, 1), (1, 3, 5, 2, 4), (1, 2, 4, 3, 5)}
M(A) = 
[[1, 2, 3, 4, 5], [1, 3, 2, 4, 5]]
Distance: 28
B = 
{(1, 3, 4, 2, 5), (3, 2, 5, 1, 4), (1, 2, 3, 5, 4), (3, 1, 4, 2, 5), (4, 1, 3, 5, 2), (1, 2, 3, 4, 5), (5, 1, 2, 4, 3)}
M(B) = 
[[1, 2, 3, 4, 5], [1, 3, 2, 4, 5]]
Distance: 20
M(A) inter A:
set()
M(B) inter B:
set()

AUB = 
{(1, 3, 4, 2, 5), (5, 1, 2, 4, 3), (2, 3, 1, 4, 5), (1, 2, 3, 5, 4), (3, 2, 5, 1, 4), (3, 1, 4, 2, 5), (4, 1, 3, 5, 2), (1, 2, 4, 3, 5), (5, 3, 4, 1, 2), (5, 1, 2, 3, 4), (1, 2, 3, 4, 5), (2, 4, 3, 5, 1), (1, 3, 5, 2, 4), (3, 4, 2, 1, 5)}
M(AUB) = 
[[1, 2, 3, 4, 5], [1, 3, 2, 4, 5]]
Distance:49

(50)
A = 
{(2, 4, 5, 1, 3), (2, 1, 4, 5, 3), (2, 5, 1, 4, 3), (2, 5, 4, 1, 3), (2, 3, 1, 4, 5), (4, 2, 5, 3, 1), (4, 3, 1, 5, 2)}
M(A) = 
[[2, 4, 3, 5, 1], [2, 4, 5, 3, 1]]
Distance: 19
B = 
{(5, 4, 1, 2, 3), (4, 1, 5, 2, 3), (2, 4, 3, 1, 5), (4, 3, 2, 5, 1), (2, 3, 4, 5, 1), (3, 1, 5, 4, 2), (3, 5, 1, 2, 4)}
M(B) = 
[[2, 4, 3, 5, 1], [2, 4, 5, 3, 1]]
Distance: 28
M(A) inter A:
set()
M(B) inter B:
set()

AUB = 
{(2, 4, 5, 1, 3), (2, 1, 4, 5, 3), (3, 1, 5, 4, 2), (4, 1, 5, 2, 3), (2, 5, 1, 4, 3), (2, 4, 3, 1, 5), (2, 5, 4, 1, 3), (5, 4, 1, 2, 3), (4, 3, 2, 5, 1), (2, 3, 4, 5, 1), (2, 3, 1, 4, 5), (3, 5, 1, 2, 4), (4, 2, 5, 3, 1), (4, 3, 1, 5, 2)}
M(AUB) = 
[[2, 4, 3, 5, 1], [2, 4, 5, 3, 1]]
Distance:53

(51)
A = 
{(1, 2, 3, 5, 4), (3, 2, 5, 1, 4), (1, 3, 5, 4, 2), (2, 5, 4, 1, 3), (2, 3, 5, 1, 4), (3, 1, 5, 4, 2), (1, 4, 5, 3, 2)}
M(A) = 
[[1, 3, 5, 2, 4]]
Distance: 24
B = 
{(3, 5, 4, 2, 1), (5, 2, 4, 1, 3), (5, 4, 1, 3, 2), (2, 1, 5, 3, 4), (2, 5, 4, 1, 3), (3, 5, 2, 4, 1), (1, 3, 2, 5, 4)}
M(B) = 
[[1, 3, 5, 2, 4]]
Distance: 24
M(A) inter A:
set()
M(B) inter B:
{(5, 2, 4, 1, 3)}

AUB = 
{(3, 5, 4, 2, 1), (5, 2, 4, 1, 3), (5, 4, 1, 3, 2), (1, 2, 3, 5, 4), (3, 2, 5, 1, 4), (2, 1, 5, 3, 4), (1, 3, 5, 4, 2), (2, 5, 4, 1, 3), (2, 3, 5, 1, 4), (3, 1, 5, 4, 2), (1, 4, 5, 3, 2), (3, 5, 2, 4, 1), (1, 3, 2, 5, 4)}
M(AUB) = 
[[1, 3, 5, 2, 4]]
Distance:50

(52)
A = 
{(5, 4, 1, 2, 3), (3, 1, 2, 5, 4), (1, 2, 3, 5, 4), (1, 2, 5, 3, 4), (2, 1, 3, 5, 4), (1, 2, 3, 4, 5), (2, 3, 1, 5, 4)}
M(A) = 
[[1, 2, 3, 5, 4]]
Distance: 13
B = 
{(1, 3, 2, 4, 5), (2, 1, 5, 4, 3), (3, 4, 1, 5, 2), (5, 1, 2, 3, 4), (3, 1, 5, 4, 2), (2, 1, 4, 5, 3), (4, 3, 1, 5, 2)}
M(B) = 
[[1, 2, 3, 5, 4]]
Distance: 27
M(A) inter A:
set()
M(B) inter B:
{(1, 3, 2, 4, 5)}

AUB = 
{(1, 3, 2, 4, 5), (5, 1, 2, 3, 4), (5, 4, 1, 2, 3), (3, 1, 2, 5, 4), (1, 2, 3, 5, 4), (1, 2, 5, 3, 4), (2, 1, 3, 5, 4), (1, 2, 3, 4, 5), (2, 3, 1, 5, 4), (3, 1, 5, 4, 2), (2, 1, 4, 5, 3), (2, 1, 5, 4, 3), (3, 4, 1, 5, 2), (4, 3, 1, 5, 2)}
M(AUB) = 
[[1, 2, 3, 5, 4]]
Distance:42

(53)
A = 
{(5, 1, 3, 4, 2), (3, 5, 4, 1, 2), (3, 5, 4, 2, 1), (3, 1, 5, 4, 2), (1, 4, 3, 5, 2), (2, 4, 5, 3, 1), (3, 5, 2, 1, 4)}
M(A) = 
[[3, 5, 1, 2, 4], [3, 5, 1, 4, 2], [5, 3, 1, 2, 4], [5, 3, 1, 4, 2]]
Distance: 20
B = 
{(4, 5, 1, 2, 3), (1, 5, 3, 2, 4), (2, 4, 3, 1, 5), (5, 3, 1, 4, 2), (2, 5, 1, 3, 4), (2, 5, 4, 3, 1), (1, 3, 2, 5, 4)}
M(B) = 
[[3, 5, 1, 2, 4], [3, 5, 1, 4, 2], [5, 3, 1, 2, 4], [5, 3, 1, 4, 2]]
Distance: 28
M(A) inter A:
set()
M(B) inter B:
{(2, 5, 1, 3, 4)}

AUB = 
{(3, 5, 4, 2, 1), (1, 5, 3, 2, 4), (4, 5, 1, 2, 3), (2, 4, 3, 1, 5), (2, 5, 1, 3, 4), (3, 5, 4, 1, 2), (5, 1, 3, 4, 2), (3, 1, 5, 4, 2), (5, 3, 1, 4, 2), (1, 4, 3, 5, 2), (1, 3, 2, 5, 4), (2, 5, 4, 3, 1), (2, 4, 5, 3, 1), (3, 5, 2, 1, 4)}
M(AUB) = 
[[3, 5, 1, 2, 4], [3, 5, 1, 4, 2], [5, 3, 1, 2, 4], [5, 3, 1, 4, 2]]
Distance:56

(54)
A = 
{(3, 1, 2, 5, 4), (4, 2, 5, 1, 3), (2, 4, 3, 1, 5), (1, 4, 5, 2, 3), (4, 5, 3, 2, 1), (5, 4, 3, 2, 1), (1, 3, 2, 5, 4)}
M(A) = 
[[5, 4, 3, 1, 2]]
Distance: 30
B = 
{(4, 3, 5, 1, 2), (5, 4, 3, 1, 2), (5, 4, 1, 3, 2), (3, 4, 2, 1, 5), (3, 5, 4, 1, 2), (2, 5, 1, 3, 4), (1, 2, 5, 3, 4)}
M(B) = 
[[5, 4, 3, 1, 2]]
Distance: 24
M(A) inter A:
set()
M(B) inter B:
set()

AUB = 
{(5, 4, 1, 3, 2), (3, 1, 2, 5, 4), (5, 4, 3, 1, 2), (4, 2, 5, 1, 3), (2, 4, 3, 1, 5), (3, 5, 4, 1, 2), (2, 5, 1, 3, 4), (1, 4, 5, 2, 3), (1, 2, 5, 3, 4), (4, 5, 3, 2, 1), (4, 3, 5, 1, 2), (5, 4, 3, 2, 1), (1, 3, 2, 5, 4), (3, 4, 2, 1, 5)}
M(AUB) = 
[[5, 4, 3, 1, 2]]
Distance:58

(55)
A = 
{(4, 2, 5, 1, 3), (1, 5, 4, 3, 2), (2, 4, 1, 3, 5), (2, 5, 3, 4, 1), (3, 4, 5, 2, 1), (1, 3, 5, 2, 4), (4, 2, 3, 5, 1)}
M(A) = 
[[4, 3, 5, 2, 1]]
Distance: 29
B = 
{(5, 4, 2, 1, 3), (3, 1, 2, 5, 4), (4, 1, 3, 5, 2), (4, 2, 3, 1, 5), (5, 3, 4, 2, 1), (1, 4, 3, 5, 2), (4, 5, 2, 3, 1)}
M(B) = 
[[4, 3, 5, 2, 1]]
Distance: 26
M(A) inter A:
set()
M(B) inter B:
set()

AUB = 
{(5, 4, 2, 1, 3), (3, 1, 2, 5, 4), (4, 2, 5, 1, 3), (1, 5, 4, 3, 2), (2, 4, 1, 3, 5), (4, 1, 3, 5, 2), (4, 2, 3, 1, 5), (5, 3, 4, 2, 1), (2, 5, 3, 4, 1), (1, 4, 3, 5, 2), (4, 5, 2, 3, 1), (3, 4, 5, 2, 1), (1, 3, 5, 2, 4), (4, 2, 3, 5, 1)}
M(AUB) = 
[[4, 3, 5, 2, 1]]
Distance:57

(56)
A = 
{(2, 4, 1, 5, 3), (2, 1, 5, 4, 3), (5, 4, 1, 3, 2), (1, 5, 4, 3, 2), (5, 3, 4, 1, 2), (1, 3, 5, 4, 2), (4, 1, 5, 2, 3)}
M(A) = 
[[1, 5, 4, 2, 3]]
Distance: 21
B = 
{(5, 4, 1, 2, 3), (1, 5, 4, 2, 3), (5, 2, 3, 1, 4), (2, 1, 5, 3, 4), (4, 3, 1, 5, 2), (5, 2, 3, 4, 1), (5, 3, 1, 2, 4)}
M(B) = 
[[1, 5, 4, 2, 3]]
Distance: 24
M(A) inter A:
set()
M(B) inter B:
{(5, 2, 3, 1, 4)}

AUB = 
{(2, 4, 1, 5, 3), (2, 1, 5, 4, 3), (5, 2, 3, 1, 4), (5, 4, 1, 3, 2), (4, 1, 5, 2, 3), (5, 3, 4, 1, 2), (1, 3, 5, 4, 2), (5, 4, 1, 2, 3), (1, 5, 4, 3, 2), (2, 1, 5, 3, 4), (1, 5, 4, 2, 3), (5, 2, 3, 4, 1), (5, 3, 1, 2, 4), (4, 3, 1, 5, 2)}
M(AUB) = 
[[1, 5, 4, 2, 3]]
Distance:49

(57)
A = 
{(2, 1, 5, 4, 3), (1, 2, 3, 5, 4), (3, 2, 1, 5, 4), (3, 5, 2, 4, 1), (3, 1, 5, 4, 2), (2, 3, 4, 1, 5), (5, 4, 3, 2, 1)}
M(A) = 
[[5, 2, 3, 1, 4], [5, 2, 3, 4, 1], [5, 3, 2, 1, 4], [5, 3, 2, 4, 1]]
Distance: 22
B = 
{(2, 3, 4, 1, 5), (5, 2, 1, 3, 4), (5, 1, 2, 4, 3), (5, 3, 2, 4, 1), (3, 1, 5, 4, 2), (4, 5, 2, 3, 1), (4, 5, 1, 3, 2)}
M(B) = 
[[5, 2, 3, 1, 4], [5, 2, 3, 4, 1], [5, 3, 2, 1, 4], [5, 3, 2, 4, 1]]
Distance: 26
M(A) inter A:
set()
M(B) inter B:
set()

AUB = 
{(5, 3, 2, 4, 1), (2, 1, 5, 4, 3), (1, 2, 3, 5, 4), (3, 2, 1, 5, 4), (4, 5, 1, 3, 2), (5, 1, 2, 4, 3), (3, 5, 2, 4, 1), (3, 1, 5, 4, 2), (4, 5, 2, 3, 1), (2, 3, 4, 1, 5), (5, 4, 3, 2, 1), (5, 2, 1, 3, 4)}
M(AUB) = 
[[5, 2, 3, 1, 4], [5, 2, 3, 4, 1], [5, 3, 2, 1, 4], [5, 3, 2, 4, 1]]
Distance:47

(58)
A = 
{(1, 5, 4, 2, 3), (4, 2, 1, 5, 3), (3, 4, 5, 1, 2), (1, 2, 4, 3, 5), (4, 5, 2, 1, 3), (4, 5, 1, 3, 2), (4, 2, 3, 5, 1)}
M(A) = 
[[4, 2, 3, 5, 1], [4, 2, 5, 1, 3], [4, 2, 5, 3, 1]]
Distance: 21
B = 
{(3, 1, 2, 5, 4), (5, 2, 1, 3, 4), (4, 2, 5, 1, 3), (4, 3, 5, 2, 1), (2, 4, 3, 1, 5), (2, 5, 4, 3, 1), (3, 2, 5, 1, 4)}
M(B) = 
[[4, 2, 3, 5, 1], [4, 2, 5, 1, 3], [4, 2, 5, 3, 1]]
Distance: 25
M(A) inter A:
set()
M(B) inter B:
{(2, 5, 4, 3, 1)}

AUB = 
{(1, 5, 4, 2, 3), (4, 2, 1, 5, 3), (3, 4, 5, 1, 2), (4, 3, 5, 2, 1), (2, 5, 4, 3, 1), (1, 2, 4, 3, 5), (4, 5, 2, 1, 3), (4, 5, 1, 3, 2), (4, 2, 5, 1, 3), (3, 1, 2, 5, 4), (5, 2, 1, 3, 4), (2, 4, 3, 1, 5), (4, 2, 3, 5, 1), (3, 2, 5, 1, 4)}
M(AUB) = 
[[4, 2, 3, 5, 1], [4, 2, 5, 1, 3], [4, 2, 5, 3, 1]]
Distance:55

(59)
A = 
{(3, 2, 1, 5, 4), (2, 1, 3, 5, 4), (3, 5, 4, 1, 2), (4, 2, 1, 3, 5), (3, 5, 4, 2, 1), (4, 3, 2, 5, 1), (1, 3, 5, 2, 4)}
M(A) = 
[[2, 3, 1, 5, 4], [3, 2, 1, 5, 4]]
Distance: 25
B = 
{(1, 5, 2, 3, 4), (2, 4, 3, 1, 5), (4, 2, 1, 3, 5), (3, 1, 5, 4, 2), (2, 3, 4, 5, 1), (1, 4, 2, 3, 5), (1, 3, 5, 2, 4)}
M(B) = 
[[2, 3, 1, 5, 4], [3, 2, 1, 5, 4]]
Distance: 25
M(A) inter A:
set()
M(B) inter B:
set()

AUB = 
{(3, 2, 1, 5, 4), (4, 3, 2, 5, 1), (2, 4, 3, 1, 5), (3, 5, 4, 1, 2), (4, 2, 1, 3, 5), (3, 5, 4, 2, 1), (2, 1, 3, 5, 4), (3, 1, 5, 4, 2), (2, 3, 4, 5, 1), (1, 4, 2, 3, 5), (1, 5, 2, 3, 4), (1, 3, 5, 2, 4)}
M(AUB) = 
[[2, 3, 1, 5, 4], [3, 2, 1, 5, 4]]
Distance:47

(60)
A = 
{(2, 3, 5, 1, 4), (5, 4, 1, 3, 2), (3, 4, 2, 1, 5), (2, 5, 1, 3, 4), (2, 3, 5, 4, 1), (2, 4, 3, 5, 1), (1, 3, 2, 5, 4)}
M(A) = 
[[2, 3, 5, 1, 4], [2, 3, 5, 4, 1], [3, 2, 5, 1, 4], [3, 2, 5, 4, 1], [3, 4, 2, 5, 1], [4, 2, 3, 5, 1], [4, 3, 2, 5, 1]]
Distance: 22
B = 
{(2, 1, 4, 5, 3), (5, 1, 3, 4, 2), (3, 1, 5, 4, 2), (4, 3, 2, 1, 5), (1, 5, 4, 2, 3), (4, 2, 3, 5, 1), (4, 3, 5, 1, 2)}
M(B) = 
[[2, 3, 5, 1, 4], [2, 3, 5, 4, 1], [3, 2, 5, 1, 4], [3, 2, 5, 4, 1], [3, 4, 2, 5, 1], [4, 2, 3, 5, 1], [4, 3, 2, 5, 1]]
Distance: 28
M(A) inter A:
set()
M(B) inter B:
set()

AUB = 
{(2, 5, 1, 3, 4), (2, 1, 4, 5, 3), (5, 4, 1, 3, 2), (1, 5, 4, 2, 3), (5, 1, 3, 4, 2), (3, 4, 2, 1, 5), (2, 3, 5, 1, 4), (2, 3, 5, 4, 1), (4, 3, 2, 1, 5), (3, 1, 5, 4, 2), (2, 4, 3, 5, 1), (1, 3, 2, 5, 4), (4, 2, 3, 5, 1), (4, 3, 5, 1, 2)}
M(AUB) = 
[[2, 3, 5, 1, 4], [2, 3, 5, 4, 1], [3, 2, 5, 1, 4], [3, 2, 5, 4, 1], [3, 4, 2, 5, 1], [4, 2, 3, 5, 1], [4, 3, 2, 5, 1]]
Distance:63

(61)
A = 
{(3, 1, 5, 2, 4), (1, 2, 5, 3, 4), (5, 4, 1, 3, 2), (3, 2, 5, 4, 1), (3, 5, 2, 4, 1), (5, 2, 3, 4, 1), (5, 2, 4, 3, 1)}
M(A) = 
[[5, 2, 3, 4, 1], [5, 3, 2, 4, 1]]
Distance: 20
B = 
{(4, 2, 5, 1, 3), (5, 2, 3, 1, 4), (4, 1, 5, 2, 3), (5, 1, 3, 2, 4), (4, 1, 2, 5, 3), (4, 5, 3, 1, 2), (3, 2, 1, 5, 4)}
M(B) = 
[[5, 2, 3, 4, 1], [5, 3, 2, 4, 1]]
Distance: 28
M(A) inter A:
set()
M(B) inter B:
set()

AUB = 
{(5, 1, 3, 2, 4), (3, 1, 5, 2, 4), (1, 2, 5, 3, 4), (5, 4, 1, 3, 2), (4, 1, 5, 2, 3), (5, 2, 3, 1, 4), (5, 2, 4, 3, 1), (3, 5, 2, 4, 1), (4, 1, 2, 5, 3), (4, 5, 3, 1, 2), (4, 2, 5, 1, 3), (3, 2, 1, 5, 4), (3, 2, 5, 4, 1), (5, 2, 3, 4, 1)}
M(AUB) = 
[[5, 2, 3, 4, 1], [5, 3, 2, 4, 1]]
Distance:54

(62)
A = 
{(3, 4, 1, 5, 2), (1, 5, 3, 4, 2), (3, 4, 1, 2, 5), (5, 1, 2, 3, 4), (1, 4, 3, 2, 5), (3, 4, 5, 2, 1), (4, 2, 3, 5, 1)}
M(A) = 
[[3, 4, 1, 2, 5], [3, 4, 1, 5, 2]]
Distance: 23
B = 
{(1, 5, 4, 2, 3), (5, 4, 3, 1, 2), (3, 1, 4, 2, 5), (3, 2, 4, 1, 5), (2, 3, 4, 5, 1), (5, 2, 3, 4, 1), (3, 4, 2, 1, 5)}
M(B) = 
[[3, 4, 1, 2, 5], [3, 4, 1, 5, 2]]
Distance: 26
M(A) inter A:
set()
M(B) inter B:
{(3, 4, 2, 1, 5)}

AUB = 
{(1, 5, 4, 2, 3), (5, 4, 3, 1, 2), (3, 4, 1, 5, 2), (1, 5, 3, 4, 2), (3, 4, 1, 2, 5), (5, 1, 2, 3, 4), (3, 1, 4, 2, 5), (3, 4, 2, 1, 5), (2, 3, 4, 5, 1), (5, 2, 3, 4, 1), (3, 2, 4, 1, 5), (3, 4, 5, 2, 1), (1, 4, 3, 2, 5), (4, 2, 3, 5, 1)}
M(AUB) = 
[[3, 4, 1, 2, 5], [3, 4, 1, 5, 2]]
Distance:51

(63)
A = 
{(1, 5, 3, 2, 4), (1, 2, 4, 3, 5), (2, 5, 1, 3, 4), (1, 5, 2, 3, 4), (5, 4, 2, 3, 1), (3, 5, 1, 2, 4), (2, 4, 3, 5, 1)}
M(A) = 
[[1, 2, 3, 5, 4]]
Distance: 25
B = 
{(4, 1, 2, 3, 5), (2, 3, 4, 1, 5), (5, 4, 3, 1, 2), (1, 2, 3, 5, 4), (4, 1, 3, 5, 2), (5, 1, 2, 3, 4), (1, 4, 3, 2, 5)}
M(B) = 
[[1, 2, 3, 5, 4]]
Distance: 25
M(A) inter A:
set()
M(B) inter B:
{(4, 1, 2, 3, 5)}

AUB = 
{(4, 1, 2, 3, 5), (5, 1, 2, 3, 4), (2, 3, 4, 1, 5), (1, 2, 3, 5, 4), (5, 4, 3, 1, 2), (1, 5, 2, 3, 4), (1, 2, 4, 3, 5), (4, 1, 3, 5, 2), (1, 4, 3, 2, 5), (2, 5, 1, 3, 4), (1, 5, 3, 2, 4), (2, 4, 3, 5, 1), (3, 5, 1, 2, 4), (5, 4, 2, 3, 1)}
M(AUB) = 
[[1, 2, 3, 5, 4]]
Distance:57

(64)
A = 
{(5, 1, 2, 3, 4), (2, 4, 5, 1, 3), (2, 4, 1, 3, 5), (5, 2, 4, 1, 3), (5, 1, 3, 2, 4), (5, 4, 2, 3, 1), (2, 1, 3, 4, 5)}
M(A) = 
[[5, 1, 2, 3, 4], [5, 1, 2, 4, 3], [5, 2, 1, 3, 4], [5, 2, 1, 4, 3]]
Distance: 21
B = 
{(4, 1, 2, 3, 5), (2, 1, 5, 4, 3), (1, 5, 3, 4, 2), (5, 1, 4, 2, 3), (1, 3, 5, 4, 2), (2, 3, 5, 1, 4), (3, 5, 1, 4, 2)}
M(B) = 
[[5, 1, 2, 3, 4], [5, 1, 2, 4, 3], [5, 2, 1, 3, 4], [5, 2, 1, 4, 3]]
Distance: 24
M(A) inter A:
set()
M(B) inter B:
{(1, 3, 5, 4, 2)}

AUB = 
{(4, 1, 2, 3, 5), (5, 1, 3, 2, 4), (2, 4, 5, 1, 3), (2, 1, 5, 4, 3), (2, 3, 5, 1, 4), (1, 5, 3, 4, 2), (1, 3, 5, 4, 2), (2, 4, 1, 3, 5), (5, 1, 4, 2, 3), (5, 2, 4, 1, 3), (5, 1, 2, 3, 4), (3, 5, 1, 4, 2), (5, 4, 2, 3, 1), (2, 1, 3, 4, 5)}
M(AUB) = 
[[5, 1, 2, 3, 4], [5, 1, 2, 4, 3], [5, 2, 1, 3, 4], [5, 2, 1, 4, 3]]
Distance:54

(65)
A = 
{(2, 4, 1, 5, 3), (2, 3, 1, 4, 5), (2, 1, 3, 5, 4), (4, 2, 3, 1, 5), (2, 1, 5, 3, 4), (5, 4, 3, 2, 1), (5, 3, 1, 2, 4)}
M(A) = 
[[2, 1, 3, 4, 5], [2, 1, 4, 3, 5], [2, 4, 1, 3, 5]]
Distance: 25
B = 
{(1, 3, 2, 4, 5), (5, 4, 1, 2, 3), (1, 2, 3, 5, 4), (3, 4, 1, 2, 5), (4, 3, 2, 1, 5), (1, 4, 3, 2, 5), (2, 4, 1, 3, 5)}
M(B) = 
[[2, 1, 3, 4, 5], [2, 1, 4, 3, 5], [2, 4, 1, 3, 5]]
Distance: 21
M(A) inter A:
set()
M(B) inter B:
set()

AUB = 
{(1, 3, 2, 4, 5), (2, 4, 1, 5, 3), (2, 3, 1, 4, 5), (1, 2, 3, 5, 4), (2, 1, 5, 3, 4), (2, 4, 1, 3, 5), (3, 4, 1, 2, 5), (5, 4, 1, 2, 3), (4, 2, 3, 1, 5), (2, 1, 3, 5, 4), (4, 3, 2, 1, 5), (5, 4, 3, 2, 1), (5, 3, 1, 2, 4), (1, 4, 3, 2, 5)}
M(AUB) = 
[[2, 1, 3, 4, 5], [2, 1, 4, 3, 5], [2, 4, 1, 3, 5]]
Distance:55

(66)
A = 
{(2, 4, 5, 1, 3), (5, 2, 3, 1, 4), (2, 1, 5, 3, 4), (3, 2, 1, 4, 5), (2, 5, 1, 3, 4), (2, 3, 5, 4, 1), (3, 5, 1, 2, 4)}
M(A) = 
[[2, 1, 3, 5, 4], [2, 5, 1, 3, 4]]
Distance: 18
B = 
{(4, 1, 2, 3, 5), (4, 3, 1, 5, 2), (5, 2, 3, 1, 4), (5, 1, 4, 2, 3), (2, 5, 4, 1, 3), (1, 4, 2, 3, 5), (1, 3, 5, 4, 2)}
M(B) = 
[[2, 1, 3, 5, 4], [2, 5, 1, 3, 4]]
Distance: 26
M(A) inter A:
set()
M(B) inter B:
set()

AUB = 
{(4, 1, 2, 3, 5), (2, 4, 5, 1, 3), (4, 3, 1, 5, 2), (5, 2, 3, 1, 4), (2, 1, 5, 3, 4), (2, 5, 4, 1, 3), (3, 2, 1, 4, 5), (5, 1, 4, 2, 3), (2, 5, 1, 3, 4), (2, 3, 5, 4, 1), (1, 4, 2, 3, 5), (3, 5, 1, 2, 4), (1, 3, 5, 4, 2)}
M(AUB) = 
[[2, 1, 3, 5, 4], [2, 5, 1, 3, 4]]
Distance:54

(67)
A = 
{(5, 2, 4, 1, 3), (5, 2, 3, 1, 4), (3, 1, 2, 4, 5), (3, 2, 4, 1, 5), (4, 3, 1, 2, 5), (2, 4, 3, 5, 1), (3, 5, 2, 1, 4)}
M(A) = 
[[4, 3, 2, 5, 1]]
Distance: 24
B = 
{(4, 3, 1, 5, 2), (3, 1, 2, 4, 5), (3, 4, 1, 2, 5), (4, 3, 2, 5, 1), (4, 5, 3, 2, 1), (2, 4, 5, 3, 1), (4, 5, 2, 3, 1)}
M(B) = 
[[4, 3, 2, 5, 1]]
Distance: 19
M(A) inter A:
set()
M(B) inter B:
{(4, 3, 2, 5, 1)}

AUB = 
{(5, 2, 4, 1, 3), (4, 3, 1, 5, 2), (5, 2, 3, 1, 4), (3, 1, 2, 4, 5), (3, 2, 4, 1, 5), (4, 5, 2, 3, 1), (2, 4, 5, 3, 1), (4, 3, 2, 5, 1), (4, 5, 3, 2, 1), (4, 3, 1, 2, 5), (2, 4, 3, 5, 1), (3, 5, 2, 1, 4), (3, 4, 1, 2, 5)}
M(AUB) = 
[[4, 3, 2, 5, 1]]
Distance:44

(68)
A = 
{(4, 1, 2, 3, 5), (5, 4, 2, 1, 3), (2, 1, 5, 4, 3), (5, 4, 3, 1, 2), (1, 2, 5, 4, 3), (1, 4, 5, 2, 3), (4, 3, 5, 1, 2)}
M(A) = 
[[5, 4, 1, 3, 2], [5, 4, 3, 1, 2]]
Distance: 23
B = 
{(3, 5, 2, 4, 1), (3, 1, 5, 2, 4), (3, 4, 1, 5, 2), (3, 4, 5, 1, 2), (5, 1, 4, 3, 2), (4, 5, 1, 3, 2), (3, 2, 5, 4, 1)}
M(B) = 
[[5, 4, 1, 3, 2], [5, 4, 3, 1, 2]]
Distance: 19
M(A) inter A:
set()
M(B) inter B:
set()

AUB = 
{(4, 1, 2, 3, 5), (5, 1, 4, 3, 2), (5, 4, 2, 1, 3), (2, 1, 5, 4, 3), (3, 4, 1, 5, 2), (5, 4, 3, 1, 2), (1, 2, 5, 4, 3), (3, 5, 2, 4, 1), (1, 4, 5, 2, 3), (4, 5, 1, 3, 2), (3, 1, 5, 2, 4), (4, 3, 5, 1, 2), (3, 2, 5, 4, 1), (3, 4, 5, 1, 2)}
M(AUB) = 
[[5, 4, 1, 3, 2], [5, 4, 3, 1, 2]]
Distance:54

(69)
A = 
{(1, 2, 4, 5, 3), (1, 2, 5, 3, 4), (1, 5, 4, 3, 2), (2, 5, 1, 4, 3), (2, 1, 3, 5, 4), (1, 4, 3, 5, 2), (3, 5, 2, 1, 4)}
M(A) = 
[[1, 5, 2, 4, 3]]
Distance: 22
B = 
{(5, 2, 1, 4, 3), (2, 1, 4, 5, 3), (3, 4, 2, 1, 5), (5, 1, 4, 2, 3), (5, 3, 4, 2, 1), (1, 4, 5, 2, 3), (3, 5, 1, 2, 4)}
M(B) = 
[[1, 5, 2, 4, 3]]
Distance: 28
M(A) inter A:
set()
M(B) inter B:
{(5, 2, 1, 4, 3), (5, 1, 4, 2, 3)}

AUB = 
{(1, 2, 4, 5, 3), (3, 5, 1, 2, 4), (2, 1, 4, 5, 3), (1, 2, 5, 3, 4), (2, 1, 3, 5, 4), (5, 1, 4, 2, 3), (3, 4, 2, 1, 5), (2, 5, 1, 4, 3), (5, 2, 1, 4, 3), (5, 3, 4, 2, 1), (1, 5, 4, 3, 2), (1, 4, 5, 2, 3), (1, 4, 3, 5, 2), (3, 5, 2, 1, 4)}
M(AUB) = 
[[1, 5, 2, 4, 3]]
Distance:53

(70)
A = 
{(2, 3, 5, 1, 4), (4, 3, 5, 1, 2), (4, 1, 3, 5, 2), (5, 3, 2, 4, 1), (4, 3, 2, 1, 5), (4, 5, 3, 2, 1), (1, 3, 2, 5, 4)}
M(A) = 
[[4, 3, 1, 5, 2], [4, 3, 5, 2, 1]]
Distance: 25
B = 
{(3, 1, 5, 2, 4), (4, 3, 2, 5, 1), (5, 3, 4, 2, 1), (1, 4, 5, 2, 3), (2, 3, 1, 4, 5), (1, 3, 2, 5, 4), (4, 3, 1, 5, 2)}
M(B) = 
[[4, 3, 1, 5, 2], [4, 3, 5, 2, 1]]
Distance: 26
M(A) inter A:
set()
M(B) inter B:
set()

AUB = 
{(5, 3, 2, 4, 1), (4, 3, 5, 1, 2), (2, 3, 1, 4, 5), (4, 3, 2, 5, 1), (5, 3, 4, 2, 1), (4, 1, 3, 5, 2), (2, 3, 5, 1, 4), (4, 3, 2, 1, 5), (1, 4, 5, 2, 3), (4, 5, 3, 2, 1), (3, 1, 5, 2, 4), (1, 3, 2, 5, 4), (4, 3, 1, 5, 2)}
M(AUB) = 
[[4, 3, 1, 5, 2], [4, 3, 5, 2, 1]]
Distance:49

(71)
A = 
{(2, 4, 3, 5, 1), (3, 1, 5, 2, 4), (5, 2, 1, 3, 4), (1, 3, 5, 2, 4), (5, 4, 3, 2, 1), (3, 5, 2, 1, 4), (5, 2, 4, 3, 1)}
M(A) = 
[[3, 5, 1, 2, 4]]
Distance: 21
B = 
{(1, 3, 4, 2, 5), (5, 4, 1, 3, 2), (3, 1, 4, 2, 5), (5, 3, 1, 2, 4), (3, 1, 2, 4, 5), (2, 3, 5, 4, 1), (1, 3, 5, 2, 4)}
M(B) = 
[[3, 5, 1, 2, 4]]
Distance: 22
M(A) inter A:
set()
M(B) inter B:
set()

AUB = 
{(1, 3, 4, 2, 5), (3, 1, 5, 2, 4), (5, 4, 1, 3, 2), (5, 2, 1, 3, 4), (5, 3, 1, 2, 4), (3, 1, 4, 2, 5), (1, 3, 5, 2, 4), (5, 2, 4, 3, 1), (3, 1, 2, 4, 5), (2, 3, 5, 4, 1), (2, 4, 3, 5, 1), (3, 5, 2, 1, 4), (5, 4, 3, 2, 1)}
M(AUB) = 
[[3, 5, 1, 2, 4]]
Distance:46

(72)
A = 
{(1, 2, 5, 3, 4), (5, 4, 1, 3, 2), (4, 1, 2, 5, 3), (3, 2, 4, 1, 5), (4, 1, 3, 5, 2), (3, 4, 2, 1, 5), (3, 2, 1, 4, 5)}
M(A) = 
[[4, 1, 2, 3, 5], [4, 1, 2, 5, 3]]
Distance: 25
B = 
{(4, 1, 2, 3, 5), (2, 4, 1, 5, 3), (3, 1, 5, 2, 4), (4, 2, 1, 5, 3), (1, 2, 3, 5, 4), (4, 5, 1, 2, 3), (2, 5, 4, 3, 1)}
M(B) = 
[[4, 1, 2, 3, 5], [4, 1, 2, 5, 3]]
Distance: 24
M(A) inter A:
{(4, 1, 2, 5, 3)}
M(B) inter B:
{(2, 4, 1, 5, 3)}

AUB = 
{(4, 1, 2, 3, 5), (2, 4, 1, 5, 3), (3, 1, 5, 2, 4), (1, 2, 5, 3, 4), (5, 4, 1, 3, 2), (4, 1, 2, 5, 3), (3, 2, 1, 4, 5), (4, 1, 3, 5, 2), (4, 5, 1, 2, 3), (3, 4, 2, 1, 5), (1, 2, 3, 5, 4), (4, 2, 1, 5, 3), (2, 5, 4, 3, 1), (3, 2, 4, 1, 5)}
M(AUB) = 
[[4, 1, 2, 3, 5], [4, 1, 2, 5, 3]]
Distance:53

(73)
A = 
{(3, 4, 1, 5, 2), (4, 2, 1, 5, 3), (3, 2, 1, 4, 5), (5, 3, 4, 2, 1), (5, 4, 2, 3, 1), (2, 4, 1, 3, 5), (4, 2, 3, 5, 1)}
M(A) = 
[[3, 4, 2, 1, 5], [3, 4, 2, 5, 1], [3, 4, 5, 2, 1], [3, 5, 4, 2, 1], [4, 2, 3, 1, 5], [4, 2, 3, 5, 1], [4, 3, 2, 1, 5], [4, 3, 2, 5, 1], [4, 3, 5, 2, 1]]
Distance: 23
B = 
{(5, 1, 3, 4, 2), (1, 5, 4, 2, 3), (1, 2, 4, 3, 5), (3, 5, 4, 2, 1), (2, 3, 5, 4, 1), (5, 4, 3, 2, 1), (3, 4, 2, 1, 5)}
M(B) = 
[[3, 4, 2, 1, 5], [3, 4, 2, 5, 1], [3, 4, 5, 2, 1], [3, 5, 4, 2, 1], [4, 2, 3, 1, 5], [4, 2, 3, 5, 1], [4, 3, 2, 1, 5], [4, 3, 2, 5, 1], [4, 3, 5, 2, 1]]
Distance: 28
M(A) inter A:
set()
M(B) inter B:
{(3, 5, 4, 2, 1)}

AUB = 
{(5, 1, 3, 4, 2), (1, 5, 4, 2, 3), (3, 4, 1, 5, 2), (4, 2, 1, 5, 3), (3, 5, 4, 2, 1), (2, 4, 1, 3, 5), (5, 3, 4, 2, 1), (3, 4, 2, 1, 5), (2, 3, 5, 4, 1), (5, 4, 3, 2, 1), (1, 2, 4, 3, 5), (5, 4, 2, 3, 1), (3, 2, 1, 4, 5), (4, 2, 3, 5, 1)}
M(AUB) = 
[[3, 4, 2, 1, 5], [3, 4, 2, 5, 1], [3, 4, 5, 2, 1], [3, 5, 4, 2, 1], [4, 2, 3, 1, 5], [4, 2, 3, 5, 1], [4, 3, 2, 1, 5], [4, 3, 2, 5, 1], [4, 3, 5, 2, 1]]
Distance:58

(74)
A = 
{(1, 3, 4, 2, 5), (4, 1, 3, 2, 5), (3, 4, 1, 5, 2), (3, 2, 5, 1, 4), (3, 1, 4, 2, 5), (4, 3, 2, 1, 5), (5, 4, 2, 3, 1)}
M(A) = 
[[3, 2, 1, 5, 4], [3, 2, 5, 1, 4]]
Distance: 20
B = 
{(5, 2, 3, 1, 4), (3, 2, 1, 5, 4), (2, 1, 5, 3, 4), (2, 5, 1, 4, 3), (5, 1, 2, 4, 3), (2, 3, 5, 1, 4), (3, 4, 5, 2, 1)}
M(B) = 
[[3, 2, 1, 5, 4], [3, 2, 5, 1, 4]]
Distance: 19
M(A) inter A:
set()
M(B) inter B:
set()

AUB = 
{(1, 3, 4, 2, 5), (4, 1, 3, 2, 5), (3, 4, 1, 5, 2), (3, 2, 5, 1, 4), (3, 1, 4, 2, 5), (5, 1, 2, 4, 3), (5, 2, 3, 1, 4), (2, 5, 1, 4, 3), (2, 3, 5, 1, 4), (2, 1, 5, 3, 4), (4, 3, 2, 1, 5), (3, 2, 1, 5, 4), (5, 4, 2, 3, 1), (3, 4, 5, 2, 1)}
M(AUB) = 
[[3, 2, 1, 5, 4], [3, 2, 5, 1, 4]]
Distance:56

(75)
A = 
{(4, 1, 3, 2, 5), (2, 3, 1, 4, 5), (1, 2, 5, 3, 4), (2, 3, 5, 1, 4), (2, 5, 4, 3, 1), (2, 4, 5, 3, 1), (1, 3, 2, 5, 4)}
M(A) = 
[[2, 4, 3, 5, 1], [2, 4, 5, 3, 1]]
Distance: 24
B = 
{(5, 1, 4, 3, 2), (2, 4, 5, 1, 3), (4, 3, 5, 1, 2), (3, 2, 1, 4, 5), (2, 5, 3, 1, 4), (2, 1, 4, 5, 3), (4, 2, 3, 5, 1)}
M(B) = 
[[2, 4, 3, 5, 1], [2, 4, 5, 3, 1]]
Distance: 26
M(A) inter A:
{(2, 4, 5, 3, 1)}
M(B) inter B:
set()

AUB = 
{(4, 1, 3, 2, 5), (5, 1, 4, 3, 2), (2, 4, 5, 1, 3), (2, 3, 1, 4, 5), (1, 2, 5, 3, 4), (2, 5, 3, 1, 4), (3, 2, 1, 4, 5), (2, 3, 5, 1, 4), (2, 5, 4, 3, 1), (2, 1, 4, 5, 3), (4, 3, 5, 1, 2), (2, 4, 5, 3, 1), (1, 3, 2, 5, 4), (4, 2, 3, 5, 1)}
M(AUB) = 
[[2, 4, 3, 5, 1], [2, 4, 5, 3, 1]]
Distance:55

(76)
A = 
{(1, 2, 5, 3, 4), (5, 1, 4, 2, 3), (3, 2, 1, 4, 5), (4, 1, 3, 5, 2), (5, 3, 4, 1, 2), (1, 4, 2, 5, 3), (5, 3, 1, 4, 2)}
M(A) = 
[[1, 4, 2, 5, 3], [3, 1, 4, 2, 5]]
Distance: 25
B = 
{(2, 3, 1, 4, 5), (4, 2, 5, 1, 3), (4, 1, 2, 5, 3), (3, 4, 2, 1, 5), (3, 5, 1, 4, 2), (2, 3, 1, 5, 4), (2, 4, 5, 3, 1)}
M(B) = 
[[1, 4, 2, 5, 3], [3, 1, 4, 2, 5]]
Distance: 25
M(A) inter A:
set()
M(B) inter B:
set()

AUB = 
{(2, 3, 1, 4, 5), (4, 2, 5, 1, 3), (1, 2, 5, 3, 4), (4, 1, 2, 5, 3), (4, 1, 3, 5, 2), (3, 2, 1, 4, 5), (5, 3, 1, 4, 2), (5, 3, 4, 1, 2), (2, 3, 1, 5, 4), (3, 5, 1, 4, 2), (1, 4, 2, 5, 3), (5, 1, 4, 2, 3), (2, 4, 5, 3, 1), (3, 4, 2, 1, 5)}
M(AUB) = 
[[1, 4, 2, 5, 3], [3, 1, 4, 2, 5]]
Distance:62

(77)
A = 
{(4, 1, 3, 2, 5), (4, 1, 5, 2, 3), (3, 4, 1, 2, 5), (5, 1, 2, 4, 3), (4, 5, 2, 1, 3), (1, 4, 2, 5, 3), (1, 4, 5, 3, 2)}
M(A) = 
[[1, 4, 2, 5, 3], [4, 1, 2, 5, 3], [4, 2, 1, 5, 3]]
Distance: 18
B = 
{(2, 1, 5, 4, 3), (2, 1, 5, 3, 4), (3, 2, 4, 1, 5), (4, 1, 5, 2, 3), (4, 3, 2, 1, 5), (2, 1, 4, 3, 5), (3, 4, 1, 2, 5)}
M(B) = 
[[1, 4, 2, 5, 3], [4, 1, 2, 5, 3], [4, 2, 1, 5, 3]]
Distance: 23
M(A) inter A:
set()
M(B) inter B:
set()

AUB = 
{(4, 1, 3, 2, 5), (2, 1, 5, 4, 3), (4, 1, 5, 2, 3), (3, 4, 1, 2, 5), (5, 1, 2, 4, 3), (4, 5, 2, 1, 3), (2, 1, 5, 3, 4), (1, 4, 2, 5, 3), (1, 4, 5, 3, 2), (4, 3, 2, 1, 5), (2, 1, 4, 3, 5), (3, 2, 4, 1, 5)}
M(AUB) = 
[[1, 4, 2, 5, 3], [4, 1, 2, 5, 3], [4, 2, 1, 5, 3]]
Distance:42

(78)
A = 
{(1, 2, 4, 5, 3), (3, 2, 5, 1, 4), (4, 3, 2, 5, 1), (3, 4, 1, 2, 5), (1, 2, 5, 4, 3), (4, 5, 2, 3, 1), (5, 4, 2, 3, 1)}
M(A) = 
[[5, 4, 3, 2, 1]]
Distance: 27
B = 
{(5, 2, 4, 1, 3), (5, 4, 3, 1, 2), (4, 3, 2, 5, 1), (5, 3, 1, 4, 2), (3, 2, 4, 5, 1), (3, 5, 2, 1, 4), (1, 4, 2, 3, 5)}
M(B) = 
[[5, 4, 3, 2, 1]]
Distance: 27
M(A) inter A:
set()
M(B) inter B:
set()

AUB = 
{(1, 2, 4, 5, 3), (5, 4, 3, 1, 2), (3, 2, 5, 1, 4), (4, 3, 2, 5, 1), (3, 4, 1, 2, 5), (5, 2, 4, 1, 3), (5, 3, 1, 4, 2), (1, 2, 5, 4, 3), (1, 4, 2, 3, 5), (4, 5, 2, 3, 1), (5, 4, 2, 3, 1), (3, 5, 2, 1, 4), (3, 2, 4, 5, 1)}
M(AUB) = 
[[5, 4, 3, 2, 1]]
Distance:56

(79)
A = 
{(5, 1, 2, 3, 4), (5, 2, 4, 1, 3), (2, 5, 1, 3, 4), (5, 2, 1, 4, 3), (5, 1, 3, 4, 2), (2, 4, 1, 5, 3), (1, 3, 5, 2, 4)}
M(A) = 
[[5, 1, 2, 4, 3]]
Distance: 17
B = 
{(5, 4, 2, 1, 3), (1, 5, 4, 2, 3), (5, 4, 3, 1, 2), (1, 3, 5, 4, 2), (5, 1, 2, 4, 3), (5, 1, 3, 2, 4), (5, 1, 4, 2, 3)}
M(B) = 
[[5, 1, 2, 4, 3]]
Distance: 14
M(A) inter A:
set()
M(B) inter B:
{(5, 1, 4, 2, 3)}

AUB = 
{(2, 5, 1, 3, 4), (5, 2, 4, 1, 3), (5, 2, 1, 4, 3), (1, 5, 4, 2, 3), (5, 4, 3, 1, 2), (5, 1, 3, 4, 2), (1, 3, 5, 4, 2), (2, 4, 1, 5, 3), (5, 1, 3, 2, 4), (5, 1, 2, 3, 4), (5, 1, 4, 2, 3), (5, 1, 2, 4, 3), (1, 3, 5, 2, 4), (5, 4, 2, 1, 3)}
M(AUB) = 
[[5, 1, 2, 4, 3]]
Distance:36

(80)
A = 
{(2, 4, 5, 1, 3), (2, 1, 4, 3, 5), (4, 1, 5, 3, 2), (2, 5, 3, 4, 1), (5, 3, 1, 4, 2), (3, 2, 4, 5, 1), (3, 5, 2, 1, 4)}
M(A) = 
[[2, 5, 1, 3, 4]]
Distance: 28
B = 
{(1, 3, 2, 4, 5), (2, 5, 1, 3, 4), (2, 4, 5, 1, 3), (2, 3, 1, 5, 4), (4, 1, 5, 2, 3), (5, 3, 2, 4, 1), (5, 1, 4, 3, 2)}
M(B) = 
[[2, 5, 1, 3, 4]]
Distance: 27
M(A) inter A:
set()
M(B) inter B:
{(2, 5, 1, 3, 4)}

AUB = 
{(1, 3, 2, 4, 5), (2, 3, 1, 5, 4), (2, 4, 5, 1, 3), (4, 1, 5, 2, 3), (4, 1, 5, 3, 2), (5, 3, 1, 4, 2), (2, 5, 1, 3, 4), (5, 1, 4, 3, 2), (5, 3, 2, 4, 1), (2, 5, 3, 4, 1), (3, 2, 4, 5, 1), (2, 1, 4, 3, 5), (3, 5, 2, 1, 4)}
M(AUB) = 
[[2, 5, 1, 3, 4]]
Distance:55

(81)
A = 
{(4, 5, 2, 1, 3), (3, 4, 5, 1, 2), (1, 3, 4, 5, 2), (2, 5, 4, 1, 3), (4, 2, 1, 3, 5), (2, 5, 1, 3, 4), (5, 4, 2, 3, 1)}
M(A) = 
[[3, 4, 5, 2, 1], [3, 5, 4, 2, 1], [4, 3, 5, 2, 1], [4, 5, 1, 3, 2], [4, 5, 2, 1, 3], [4, 5, 3, 2, 1], [5, 3, 4, 2, 1], [5, 4, 1, 3, 2], [5, 4, 2, 1, 3], [5, 4, 3, 2, 1]]
Distance: 24
B = 
{(4, 1, 3, 2, 5), (5, 3, 2, 4, 1), (5, 4, 2, 1, 3), (3, 1, 4, 2, 5), (5, 3, 1, 4, 2), (3, 5, 4, 2, 1), (1, 4, 3, 5, 2)}
M(B) = 
[[3, 4, 5, 2, 1], [3, 5, 4, 2, 1], [4, 3, 5, 2, 1], [4, 5, 1, 3, 2], [4, 5, 2, 1, 3], [4, 5, 3, 2, 1], [5, 3, 4, 2, 1], [5, 4, 1, 3, 2], [5, 4, 2, 1, 3], [5, 4, 3, 2, 1]]
Distance: 25
M(A) inter A:
set()
M(B) inter B:
set()

AUB = 
{(4, 1, 3, 2, 5), (2, 5, 1, 3, 4), (5, 4, 2, 1, 3), (3, 4, 5, 1, 2), (3, 5, 4, 2, 1), (3, 1, 4, 2, 5), (1, 3, 4, 5, 2), (2, 5, 4, 1, 3), (4, 2, 1, 3, 5), (4, 5, 2, 1, 3), (5, 3, 1, 4, 2), (1, 4, 3, 5, 2), (5, 4, 2, 3, 1), (5, 3, 2, 4, 1)}
M(AUB) = 
[[3, 4, 5, 2, 1], [3, 5, 4, 2, 1], [4, 3, 5, 2, 1], [4, 5, 1, 3, 2], [4, 5, 2, 1, 3], [4, 5, 3, 2, 1], [5, 3, 4, 2, 1], [5, 4, 1, 3, 2], [5, 4, 2, 1, 3], [5, 4, 3, 2, 1]]
Distance:59

(82)
A = 
{(4, 1, 2, 3, 5), (3, 1, 2, 5, 4), (1, 2, 5, 3, 4), (3, 4, 1, 2, 5), (2, 3, 4, 1, 5), (5, 2, 3, 4, 1), (1, 3, 5, 2, 4)}
M(A) = 
[[5, 3, 4, 1, 2]]
Distance: 24
B = 
{(4, 1, 2, 3, 5), (5, 4, 3, 1, 2), (4, 1, 5, 2, 3), (3, 4, 1, 2, 5), (5, 3, 1, 4, 2), (5, 3, 2, 4, 1), (4, 5, 1, 3, 2)}
M(B) = 
[[5, 3, 4, 1, 2]]
Distance: 21
M(A) inter A:
set()
M(B) inter B:
set()

AUB = 
{(4, 1, 2, 3, 5), (3, 1, 2, 5, 4), (5, 4, 3, 1, 2), (1, 2, 5, 3, 4), (4, 1, 5, 2, 3), (3, 4, 1, 2, 5), (5, 3, 1, 4, 2), (5, 3, 2, 4, 1), (4, 5, 1, 3, 2), (2, 3, 4, 1, 5), (5, 2, 3, 4, 1), (1, 3, 5, 2, 4)}
M(AUB) = 
[[5, 3, 4, 1, 2]]
Distance:49

(83)
A = 
{(1, 3, 4, 2, 5), (4, 5, 1, 2, 3), (1, 5, 4, 2, 3), (3, 4, 1, 5, 2), (1, 2, 4, 3, 5), (5, 1, 2, 3, 4), (4, 1, 2, 3, 5)}
M(A) = 
[[1, 2, 4, 3, 5], [4, 1, 2, 3, 5]]
Distance: 22
B = 
{(2, 3, 4, 1, 5), (4, 3, 5, 2, 1), (1, 3, 5, 2, 4), (1, 2, 4, 3, 5), (2, 5, 4, 3, 1), (2, 5, 3, 4, 1), (2, 1, 4, 3, 5)}
M(B) = 
[[1, 2, 4, 3, 5], [4, 1, 2, 3, 5]]
Distance: 24
M(A) inter A:
set()
M(B) inter B:
set()

AUB = 
{(1, 3, 4, 2, 5), (4, 1, 2, 3, 5), (1, 5, 4, 2, 3), (3, 4, 1, 5, 2), (5, 1, 2, 3, 4), (4, 3, 5, 2, 1), (2, 1, 4, 3, 5), (1, 2, 4, 3, 5), (4, 5, 1, 2, 3), (2, 5, 3, 4, 1), (2, 5, 4, 3, 1), (2, 3, 4, 1, 5), (1, 3, 5, 2, 4)}
M(AUB) = 
[[1, 2, 4, 3, 5], [4, 1, 2, 3, 5]]
Distance:54

(84)
A = 
{(2, 5, 1, 3, 4), (2, 4, 1, 5, 3), (4, 3, 5, 2, 1), (2, 3, 1, 5, 4), (2, 1, 3, 5, 4), (2, 5, 3, 4, 1), (3, 2, 5, 4, 1)}
M(A) = 
[[2, 5, 3, 4, 1]]
Distance: 20
B = 
{(5, 3, 4, 1, 2), (5, 2, 4, 3, 1), (4, 5, 2, 1, 3), (1, 4, 2, 5, 3), (3, 2, 4, 5, 1), (1, 3, 5, 2, 4), (2, 4, 5, 3, 1)}
M(B) = 
[[2, 5, 3, 4, 1]]
Distance: 28
M(A) inter A:
set()
M(B) inter B:
{(2, 4, 5, 3, 1), (5, 2, 4, 3, 1)}

AUB = 
{(2, 3, 1, 5, 4), (2, 4, 1, 5, 3), (2, 1, 3, 5, 4), (5, 3, 4, 1, 2), (4, 5, 2, 1, 3), (2, 5, 1, 3, 4), (4, 3, 5, 2, 1), (1, 4, 2, 5, 3), (2, 5, 3, 4, 1), (3, 2, 4, 5, 1), (2, 4, 5, 3, 1), (3, 2, 5, 4, 1), (1, 3, 5, 2, 4), (5, 2, 4, 3, 1)}
M(AUB) = 
[[2, 5, 3, 4, 1]]
Distance:51

(85)
A = 
{(1, 3, 4, 2, 5), (4, 1, 3, 2, 5), (4, 3, 1, 5, 2), (1, 3, 5, 4, 2), (2, 3, 5, 4, 1), (4, 5, 3, 1, 2), (2, 1, 4, 5, 3)}
M(A) = 
[[3, 1, 2, 4, 5], [3, 1, 4, 2, 5], [3, 2, 1, 4, 5], [3, 2, 4, 1, 5], [3, 4, 1, 2, 5], [3, 4, 2, 1, 5]]
Distance: 24
B = 
{(2, 3, 4, 1, 5), (3, 2, 5, 1, 4), (3, 1, 4, 2, 5), (2, 4, 3, 1, 5), (1, 4, 3, 2, 5), (5, 3, 2, 1, 4), (3, 2, 5, 4, 1)}
M(B) = 
[[3, 1, 2, 4, 5], [3, 1, 4, 2, 5], [3, 2, 1, 4, 5], [3, 2, 4, 1, 5], [3, 4, 1, 2, 5], [3, 4, 2, 1, 5]]
Distance: 20
M(A) inter A:
set()
M(B) inter B:
set()

AUB = 
{(1, 3, 4, 2, 5), (4, 1, 3, 2, 5), (4, 3, 1, 5, 2), (3, 2, 5, 1, 4), (3, 1, 4, 2, 5), (2, 4, 3, 1, 5), (1, 3, 5, 4, 2), (2, 3, 4, 1, 5), (4, 5, 3, 1, 2), (2, 1, 4, 5, 3), (1, 4, 3, 2, 5), (5, 3, 2, 1, 4), (3, 2, 5, 4, 1), (2, 3, 5, 4, 1)}
M(AUB) = 
[[3, 1, 2, 4, 5], [3, 1, 4, 2, 5], [3, 2, 1, 4, 5], [3, 2, 4, 1, 5], [3, 4, 1, 2, 5], [3, 4, 2, 1, 5]]
Distance:53

(86)
A = 
{(4, 3, 5, 1, 2), (3, 1, 4, 2, 5), (2, 5, 4, 1, 3), (4, 5, 1, 3, 2), (5, 2, 4, 3, 1), (1, 3, 2, 5, 4), (3, 2, 5, 4, 1)}
M(A) = 
[[3, 2, 4, 5, 1]]
Distance: 29
B = 
{(3, 2, 5, 4, 1), (5, 2, 3, 1, 4), (3, 1, 2, 4, 5), (4, 2, 3, 1, 5), (3, 5, 2, 4, 1), (3, 4, 2, 5, 1), (1, 4, 3, 2, 5)}
M(B) = 
[[3, 2, 4, 5, 1]]
Distance: 22
M(A) inter A:
set()
M(B) inter B:
set()

AUB = 
{(4, 3, 5, 1, 2), (5, 2, 3, 1, 4), (3, 1, 4, 2, 5), (3, 4, 2, 5, 1), (2, 5, 4, 1, 3), (4, 2, 3, 1, 5), (1, 4, 3, 2, 5), (3, 5, 2, 4, 1), (3, 1, 2, 4, 5), (4, 5, 1, 3, 2), (5, 2, 4, 3, 1), (1, 3, 2, 5, 4), (3, 2, 5, 4, 1)}
M(AUB) = 
[[3, 2, 4, 5, 1]]
Distance:51

(87)
A = 
{(3, 1, 2, 5, 4), (1, 5, 3, 2, 4), (5, 1, 3, 4, 2), (2, 3, 5, 4, 1), (5, 4, 2, 3, 1), (1, 3, 2, 5, 4), (1, 4, 3, 2, 5)}
M(A) = 
[[3, 5, 1, 4, 2]]
Distance: 24
B = 
{(1, 2, 4, 5, 3), (3, 5, 4, 1, 2), (1, 3, 4, 5, 2), (4, 2, 3, 5, 1), (5, 2, 4, 3, 1), (1, 3, 2, 5, 4), (4, 2, 5, 3, 1)}
M(B) = 
[[3, 5, 1, 4, 2]]
Distance: 31
M(A) inter A:
set()
M(B) inter B:
{(4, 2, 3, 5, 1)}

AUB = 
{(1, 2, 4, 5, 3), (3, 1, 2, 5, 4), (1, 5, 3, 2, 4), (1, 3, 4, 5, 2), (3, 5, 4, 1, 2), (5, 2, 4, 3, 1), (5, 1, 3, 4, 2), (2, 3, 5, 4, 1), (4, 2, 5, 3, 1), (5, 4, 2, 3, 1), (1, 3, 2, 5, 4), (1, 4, 3, 2, 5), (4, 2, 3, 5, 1)}
M(AUB) = 
[[3, 5, 1, 4, 2]]
Distance:59

(88)
A = 
{(1, 2, 5, 4, 3), (1, 2, 5, 3, 4), (3, 2, 1, 5, 4), (4, 2, 1, 5, 3), (4, 2, 1, 3, 5), (5, 1, 3, 2, 4), (2, 5, 4, 3, 1)}
M(A) = 
[[2, 1, 5, 4, 3], [2, 5, 1, 4, 3]]
Distance: 22
B = 
{(5, 2, 4, 1, 3), (5, 2, 1, 3, 4), (2, 5, 1, 4, 3), (5, 3, 4, 2, 1), (3, 1, 4, 5, 2), (4, 5, 1, 3, 2), (1, 4, 3, 2, 5)}
M(B) = 
[[2, 1, 5, 4, 3], [2, 5, 1, 4, 3]]
Distance: 27
M(A) inter A:
set()
M(B) inter B:
set()

AUB = 
{(5, 3, 4, 2, 1), (1, 2, 5, 4, 3), (1, 2, 5, 3, 4), (3, 2, 1, 5, 4), (4, 5, 1, 3, 2), (2, 5, 1, 4, 3), (5, 2, 4, 1, 3), (4, 2, 1, 3, 5), (5, 1, 3, 2, 4), (2, 5, 4, 3, 1), (4, 2, 1, 5, 3), (3, 1, 4, 5, 2), (1, 4, 3, 2, 5), (5, 2, 1, 3, 4)}
M(AUB) = 
[[2, 1, 5, 4, 3], [2, 5, 1, 4, 3]]
Distance:56

(89)
A = 
{(3, 5, 2, 4, 1), (2, 3, 5, 1, 4), (1, 5, 2, 3, 4), (1, 3, 5, 4, 2), (4, 5, 2, 1, 3), (2, 3, 5, 4, 1), (5, 4, 3, 2, 1)}
M(A) = 
[[5, 3, 4, 2, 1]]
Distance: 25
B = 
{(1, 2, 4, 5, 3), (4, 2, 5, 1, 3), (1, 5, 4, 3, 2), (3, 2, 4, 1, 5), (5, 3, 4, 1, 2), (3, 4, 2, 1, 5), (4, 2, 5, 3, 1)}
M(B) = 
[[5, 3, 4, 2, 1]]
Distance: 27
M(A) inter A:
set()
M(B) inter B:
{(4, 2, 5, 3, 1)}

AUB = 
{(2, 3, 5, 1, 4), (1, 2, 4, 5, 3), (4, 2, 5, 1, 3), (1, 5, 2, 3, 4), (5, 3, 4, 1, 2), (3, 2, 4, 1, 5), (1, 3, 5, 4, 2), (4, 5, 2, 1, 3), (3, 5, 2, 4, 1), (1, 5, 4, 3, 2), (2, 3, 5, 4, 1), (5, 4, 3, 2, 1), (3, 4, 2, 1, 5), (4, 2, 5, 3, 1)}
M(AUB) = 
[[5, 3, 4, 2, 1]]
Distance:60

(90)
A = 
{(1, 3, 4, 2, 5), (1, 3, 2, 4, 5), (5, 4, 1, 2, 3), (5, 4, 2, 1, 3), (4, 5, 1, 3, 2), (2, 5, 3, 4, 1), (2, 4, 5, 1, 3)}
M(A) = 
[[4, 2, 5, 1, 3]]
Distance: 26
B = 
{(1, 3, 4, 2, 5), (1, 2, 3, 5, 4), (4, 1, 2, 5, 3), (4, 2, 1, 3, 5), (2, 5, 4, 3, 1), (5, 3, 2, 1, 4), (4, 2, 3, 5, 1)}
M(B) = 
[[4, 2, 5, 1, 3]]
Distance: 27
M(A) inter A:
set()
M(B) inter B:
{(4, 2, 1, 3, 5)}

AUB = 
{(1, 3, 4, 2, 5), (1, 3, 2, 4, 5), (5, 4, 1, 2, 3), (1, 2, 3, 5, 4), (4, 1, 2, 5, 3), (2, 5, 4, 3, 1), (5, 4, 2, 1, 3), (4, 2, 1, 3, 5), (4, 5, 1, 3, 2), (4, 2, 3, 5, 1), (2, 5, 3, 4, 1), (5, 3, 2, 1, 4), (2, 4, 5, 1, 3)}
M(AUB) = 
[[4, 2, 5, 1, 3]]
Distance:49

(91)
A = 
{(3, 4, 1, 5, 2), (2, 5, 4, 1, 3), (5, 1, 2, 3, 4), (3, 1, 5, 4, 2), (2, 4, 5, 3, 1), (2, 1, 4, 3, 5), (3, 2, 4, 5, 1)}
M(A) = 
[[3, 5, 1, 2, 4], [5, 1, 3, 2, 4]]
Distance: 29
B = 
{(5, 1, 4, 3, 2), (1, 5, 4, 2, 3), (3, 5, 4, 2, 1), (3, 5, 1, 2, 4), (1, 2, 4, 3, 5), (5, 1, 3, 2, 4), (2, 1, 4, 3, 5)}
M(B) = 
[[3, 5, 1, 2, 4], [5, 1, 3, 2, 4]]
Distance: 26
M(A) inter A:
set()
M(B) inter B:
{(5, 1, 3, 2, 4), (5, 1, 4, 3, 2)}

AUB = 
{(5, 1, 4, 3, 2), (1, 5, 4, 2, 3), (3, 4, 1, 5, 2), (3, 5, 4, 2, 1), (3, 5, 1, 2, 4), (1, 2, 4, 3, 5), (2, 5, 4, 1, 3), (5, 1, 3, 2, 4), (5, 1, 2, 3, 4), (3, 1, 5, 4, 2), (2, 4, 5, 3, 1), (2, 1, 4, 3, 5), (3, 2, 4, 5, 1)}
M(AUB) = 
[[3, 5, 1, 2, 4], [5, 1, 3, 2, 4]]
Distance:55

(92)
A = 
{(1, 2, 4, 5, 3), (4, 3, 5, 1, 2), (1, 5, 3, 4, 2), (2, 5, 4, 1, 3), (3, 4, 1, 2, 5), (4, 1, 5, 3, 2), (4, 2, 5, 3, 1)}
M(A) = 
[[4, 1, 2, 3, 5], [4, 1, 2, 5, 3], [4, 1, 3, 2, 5]]
Distance: 25
B = 
{(1, 2, 5, 4, 3), (4, 3, 1, 5, 2), (4, 2, 1, 5, 3), (1, 2, 3, 4, 5), (3, 1, 5, 4, 2), (2, 3, 4, 1, 5), (1, 3, 2, 5, 4)}
M(B) = 
[[4, 1, 2, 3, 5], [4, 1, 2, 5, 3], [4, 1, 3, 2, 5]]
Distance: 24
M(A) inter A:
set()
M(B) inter B:
{(1, 2, 3, 4, 5)}

AUB = 
{(1, 2, 4, 5, 3), (4, 3, 5, 1, 2), (4, 2, 1, 5, 3), (1, 5, 3, 4, 2), (2, 5, 4, 1, 3), (3, 4, 1, 2, 5), (4, 1, 5, 3, 2), (1, 2, 5, 4, 3), (2, 3, 4, 1, 5), (3, 1, 5, 4, 2), (4, 3, 1, 5, 2), (1, 3, 2, 5, 4), (1, 2, 3, 4, 5), (4, 2, 5, 3, 1)}
M(AUB) = 
[[4, 1, 2, 3, 5], [4, 1, 2, 5, 3], [4, 1, 3, 2, 5]]
Distance:55

(93)
A = 
{(1, 2, 5, 3, 4), (5, 3, 1, 4, 2), (5, 1, 2, 4, 3), (2, 5, 3, 4, 1), (1, 4, 5, 3, 2), (5, 2, 4, 3, 1), (2, 4, 5, 3, 1)}
M(A) = 
[[5, 3, 1, 2, 4]]
Distance: 24
B = 
{(4, 1, 3, 2, 5), (1, 5, 4, 3, 2), (3, 5, 1, 4, 2), (2, 3, 1, 5, 4), (3, 4, 2, 5, 1), (1, 3, 5, 2, 4), (3, 2, 4, 5, 1)}
M(B) = 
[[5, 3, 1, 2, 4]]
Distance: 26
M(A) inter A:
set()
M(B) inter B:
set()

AUB = 
{(4, 1, 3, 2, 5), (3, 4, 2, 5, 1), (1, 2, 5, 3, 4), (1, 5, 4, 3, 2), (5, 3, 1, 4, 2), (5, 1, 2, 4, 3), (2, 3, 1, 5, 4), (3, 5, 1, 4, 2), (3, 2, 4, 5, 1), (2, 5, 3, 4, 1), (1, 4, 5, 3, 2), (5, 2, 4, 3, 1), (1, 3, 5, 2, 4), (2, 4, 5, 3, 1)}
M(AUB) = 
[[5, 3, 1, 2, 4]]
Distance:60

(94)
A = 
{(5, 2, 1, 4, 3), (1, 2, 5, 3, 4), (4, 2, 5, 1, 3), (1, 5, 4, 3, 2), (5, 4, 1, 2, 3), (2, 4, 3, 5, 1), (2, 4, 5, 1, 3)}
M(A) = 
[[1, 2, 5, 4, 3], [2, 1, 5, 4, 3], [2, 5, 1, 4, 3], [2, 5, 4, 1, 3]]
Distance: 21
B = 
{(3, 1, 2, 5, 4), (3, 4, 1, 5, 2), (1, 2, 4, 3, 5), (2, 3, 1, 5, 4), (2, 3, 5, 4, 1), (4, 5, 3, 2, 1), (1, 3, 2, 5, 4)}
M(B) = 
[[1, 2, 5, 4, 3], [2, 1, 5, 4, 3], [2, 5, 1, 4, 3], [2, 5, 4, 1, 3]]
Distance: 23
M(A) inter A:
set()
M(B) inter B:
{(3, 1, 2, 5, 4)}

AUB = 
{(5, 2, 1, 4, 3), (3, 1, 2, 5, 4), (1, 2, 5, 3, 4), (4, 2, 5, 1, 3), (1, 5, 4, 3, 2), (1, 2, 4, 3, 5), (5, 4, 1, 2, 3), (2, 3, 1, 5, 4), (2, 3, 5, 4, 1), (4, 5, 3, 2, 1), (2, 4, 3, 5, 1), (1, 3, 2, 5, 4), (3, 4, 1, 5, 2), (2, 4, 5, 1, 3)}
M(AUB) = 
[[1, 2, 5, 4, 3], [2, 1, 5, 4, 3], [2, 5, 1, 4, 3], [2, 5, 4, 1, 3]]
Distance:61

(95)
A = 
{(5, 4, 1, 2, 3), (5, 4, 3, 1, 2), (4, 3, 5, 2, 1), (4, 1, 5, 2, 3), (1, 4, 5, 2, 3), (2, 3, 4, 5, 1), (5, 3, 1, 2, 4)}
M(A) = 
[[4, 3, 5, 1, 2]]
Distance: 23
B = 
{(4, 3, 5, 1, 2), (3, 4, 1, 5, 2), (3, 5, 1, 4, 2), (4, 2, 3, 1, 5), (5, 3, 2, 4, 1), (1, 4, 5, 2, 3), (2, 4, 3, 5, 1)}
M(B) = 
[[4, 3, 5, 1, 2]]
Distance: 23
M(A) inter A:
set()
M(B) inter B:
{(4, 3, 5, 1, 2)}

AUB = 
{(5, 4, 1, 2, 3), (4, 3, 5, 1, 2), (3, 4, 1, 5, 2), (5, 4, 3, 1, 2), (4, 1, 5, 2, 3), (3, 5, 1, 4, 2), (4, 2, 3, 1, 5), (5, 3, 2, 4, 1), (4, 3, 5, 2, 1), (1, 4, 5, 2, 3), (2, 3, 4, 5, 1), (2, 4, 3, 5, 1), (5, 3, 1, 2, 4)}
M(AUB) = 
[[4, 3, 5, 1, 2]]
Distance:44

(96)
A = 
{(1, 2, 4, 5, 3), (4, 3, 1, 5, 2), (3, 4, 5, 1, 2), (3, 2, 4, 1, 5), (1, 3, 4, 5, 2), (5, 2, 4, 3, 1), (4, 2, 3, 5, 1)}
M(A) = 
[[3, 4, 1, 2, 5], [4, 3, 1, 2, 5]]
Distance: 25
B = 
{(2, 3, 1, 4, 5), (5, 4, 3, 1, 2), (1, 2, 5, 3, 4), (2, 1, 5, 3, 4), (1, 3, 5, 4, 2), (2, 5, 4, 3, 1), (4, 3, 1, 2, 5)}
M(B) = 
[[3, 4, 1, 2, 5], [4, 3, 1, 2, 5]]
Distance: 28
M(A) inter A:
set()
M(B) inter B:
{(1, 2, 5, 3, 4)}

AUB = 
{(1, 2, 4, 5, 3), (4, 3, 1, 5, 2), (5, 4, 3, 1, 2), (3, 4, 5, 1, 2), (2, 1, 5, 3, 4), (1, 3, 5, 4, 2), (3, 2, 4, 1, 5), (1, 3, 4, 5, 2), (2, 5, 4, 3, 1), (1, 2, 5, 3, 4), (4, 3, 1, 2, 5), (2, 3, 1, 4, 5), (5, 2, 4, 3, 1), (4, 2, 3, 5, 1)}
M(AUB) = 
[[3, 4, 1, 2, 5], [4, 3, 1, 2, 5]]
Distance:61

(97)
A = 
{(4, 3, 5, 1, 2), (1, 2, 3, 5, 4), (4, 1, 3, 5, 2), (5, 3, 4, 1, 2), (2, 4, 3, 5, 1), (2, 1, 3, 4, 5), (3, 4, 5, 2, 1)}
M(A) = 
[[3, 2, 4, 5, 1], [3, 4, 2, 5, 1], [3, 4, 5, 1, 2], [3, 4, 5, 2, 1]]
Distance: 26
B = 
{(2, 3, 5, 1, 4), (1, 5, 3, 4, 2), (3, 2, 4, 1, 5), (1, 3, 4, 5, 2), (5, 1, 3, 2, 4), (2, 5, 3, 4, 1), (4, 2, 3, 5, 1)}
M(B) = 
[[3, 2, 4, 5, 1], [3, 4, 2, 5, 1], [3, 4, 5, 1, 2], [3, 4, 5, 2, 1]]
Distance: 28
M(A) inter A:
set()
M(B) inter B:
set()

AUB = 
{(5, 1, 3, 2, 4), (4, 3, 5, 1, 2), (1, 2, 3, 5, 4), (1, 5, 3, 4, 2), (4, 1, 3, 5, 2), (3, 2, 4, 1, 5), (5, 3, 4, 1, 2), (2, 3, 5, 1, 4), (2, 5, 3, 4, 1), (1, 3, 4, 5, 2), (2, 4, 3, 5, 1), (2, 1, 3, 4, 5), (3, 4, 5, 2, 1), (4, 2, 3, 5, 1)}
M(AUB) = 
[[3, 2, 4, 5, 1], [3, 4, 2, 5, 1], [3, 4, 5, 1, 2], [3, 4, 5, 2, 1]]
Distance:59

(98)
A = 
{(5, 3, 4, 2, 1), (5, 2, 1, 3, 4), (4, 2, 5, 1, 3), (2, 1, 4, 3, 5), (2, 4, 3, 1, 5), (2, 3, 5, 1, 4), (1, 3, 2, 5, 4)}
M(A) = 
[[3, 5, 2, 1, 4]]
Distance: 26
B = 
{(3, 2, 1, 5, 4), (4, 1, 5, 2, 3), (3, 5, 2, 1, 4), (5, 3, 1, 4, 2), (5, 3, 2, 1, 4), (3, 1, 5, 4, 2), (1, 3, 5, 2, 4)}
M(B) = 
[[3, 5, 2, 1, 4]]
Distance: 19
M(A) inter A:
set()
M(B) inter B:
set()

AUB = 
{(2, 3, 5, 1, 4), (5, 2, 1, 3, 4), (4, 2, 5, 1, 3), (4, 1, 5, 2, 3), (2, 1, 4, 3, 5), (2, 4, 3, 1, 5), (3, 5, 2, 1, 4), (5, 3, 1, 4, 2), (1, 3, 5, 2, 4), (5, 3, 2, 1, 4), (5, 3, 4, 2, 1), (3, 1, 5, 4, 2), (3, 2, 1, 5, 4), (1, 3, 2, 5, 4)}
M(AUB) = 
[[3, 5, 2, 1, 4]]
Distance:53

(99)
A = 
{(1, 3, 2, 4, 5), (1, 2, 5, 4, 3), (1, 2, 5, 3, 4), (3, 1, 4, 2, 5), (5, 3, 4, 1, 2), (2, 3, 4, 5, 1), (4, 5, 2, 3, 1)}
M(A) = 
[[1, 2, 3, 4, 5], [3, 1, 2, 4, 5], [3, 1, 4, 2, 5], [3, 4, 1, 2, 5]]
Distance: 29
B = 
{(1, 3, 4, 2, 5), (2, 3, 4, 1, 5), (1, 2, 3, 4, 5), (1, 4, 2, 5, 3), (4, 3, 1, 2, 5), (3, 4, 5, 2, 1), (2, 4, 5, 3, 1)}
M(B) = 
[[1, 2, 3, 4, 5], [3, 1, 2, 4, 5], [3, 1, 4, 2, 5], [3, 4, 1, 2, 5]]
Distance: 24
M(A) inter A:
set()
M(B) inter B:
set()

AUB = 
{(1, 3, 2, 4, 5), (1, 3, 4, 2, 5), (1, 2, 5, 4, 3), (2, 3, 4, 1, 5), (1, 2, 5, 3, 4), (3, 1, 4, 2, 5), (1, 2, 3, 4, 5), (5, 3, 4, 1, 2), (4, 3, 1, 2, 5), (1, 4, 2, 5, 3), (2, 3, 4, 5, 1), (4, 5, 2, 3, 1), (3, 4, 5, 2, 1), (2, 4, 5, 3, 1)}
M(AUB) = 
[[1, 2, 3, 4, 5], [3, 1, 2, 4, 5], [3, 1, 4, 2, 5], [3, 4, 1, 2, 5]]
Distance:55

