(0)
A = 
{(3, 4, 5, 1, 2, 6), (3, 2, 4, 5, 1, 6), (6, 2, 1, 4, 5, 3), (4, 6, 3, 1, 2, 5), (1, 3, 4, 2, 6, 5), (3, 5, 2, 6, 1, 4), (2, 3, 4, 6, 5, 1)}
M(A) = 
[[3, 2, 4, 6, 5, 1], [3, 2, 6, 4, 5, 1], [3, 6, 2, 4, 5, 1]]
Distance: 34
B = 
{(3, 6, 2, 1, 4, 5), (4, 5, 1, 6, 2, 3), (1, 5, 6, 3, 2, 4), (1, 6, 3, 2, 4, 5), (3, 2, 6, 4, 5, 1), (4, 2, 5, 3, 1, 6), (6, 5, 1, 3, 4, 2)}
M(B) = 
[[3, 2, 4, 6, 5, 1], [3, 2, 6, 4, 5, 1], [3, 6, 2, 4, 5, 1]]
Distance: 42
M(A) inter A:
set()
M(B) inter B:
{(1, 6, 3, 2, 4, 5)}

AUB = 
{(3, 4, 5, 1, 2, 6), (3, 6, 2, 1, 4, 5), (3, 2, 4, 5, 1, 6), (6, 2, 1, 4, 5, 3), (3, 2, 6, 4, 5, 1), (4, 5, 1, 6, 2, 3), (1, 6, 3, 2, 4, 5), (4, 6, 3, 1, 2, 5), (1, 3, 4, 2, 6, 5), (3, 5, 2, 6, 1, 4), (4, 2, 5, 3, 1, 6), (1, 5, 6, 3, 2, 4), (2, 3, 4, 6, 5, 1), (6, 5, 1, 3, 4, 2)}
M(AUB) = 
[[3, 2, 4, 6, 5, 1], [3, 2, 6, 4, 5, 1], [3, 6, 2, 4, 5, 1]]
Distance:86

(1)
A = 
{(2, 1, 5, 6, 4, 3), (5, 2, 6, 3, 4, 1), (6, 2, 1, 4, 3, 5), (4, 3, 5, 6, 1, 2), (4, 5, 1, 3, 6, 2), (5, 1, 6, 2, 4, 3), (4, 2, 3, 5, 6, 1)}
M(A) = 
[[2, 4, 5, 6, 1, 3], [2, 4, 5, 6, 3, 1], [2, 6, 4, 3, 5, 1], [2, 6, 4, 5, 1, 3], [2, 6, 4, 5, 3, 1], [6, 2, 4, 3, 5, 1], [6, 2, 4, 5, 1, 3], [6, 2, 4, 5, 3, 1]]
Distance: 40
B = 
{(6, 4, 5, 2, 3, 1), (6, 1, 4, 3, 2, 5), (6, 3, 2, 5, 4, 1), (1, 2, 4, 6, 5, 3), (5, 2, 1, 3, 4, 6), (3, 4, 2, 5, 1, 6), (2, 6, 3, 4, 5, 1)}
M(B) = 
[[2, 4, 5, 6, 1, 3], [2, 4, 5, 6, 3, 1], [2, 6, 4, 3, 5, 1], [2, 6, 4, 5, 1, 3], [2, 6, 4, 5, 3, 1], [6, 2, 4, 3, 5, 1], [6, 2, 4, 5, 1, 3], [6, 2, 4, 5, 3, 1]]
Distance: 39
M(A) inter A:
set()
M(B) inter B:
{(2, 6, 3, 4, 5, 1)}

AUB = 
{(6, 4, 5, 2, 3, 1), (5, 2, 1, 3, 4, 6), (2, 1, 5, 6, 4, 3), (6, 3, 2, 5, 4, 1), (5, 2, 6, 3, 4, 1), (1, 2, 4, 6, 5, 3), (6, 1, 4, 3, 2, 5), (2, 6, 3, 4, 5, 1), (6, 2, 1, 4, 3, 5), (5, 1, 6, 2, 4, 3), (4, 5, 1, 3, 6, 2), (3, 4, 2, 5, 1, 6), (4, 3, 5, 6, 1, 2), (4, 2, 3, 5, 6, 1)}
M(AUB) = 
[[2, 4, 5, 6, 1, 3], [2, 4, 5, 6, 3, 1], [2, 6, 4, 3, 5, 1], [2, 6, 4, 5, 1, 3], [2, 6, 4, 5, 3, 1], [6, 2, 4, 3, 5, 1], [6, 2, 4, 5, 1, 3], [6, 2, 4, 5, 3, 1]]
Distance:88

(2)
A = 
{(6, 1, 3, 2, 4, 5), (2, 5, 6, 4, 3, 1), (5, 2, 6, 3, 1, 4), (5, 2, 1, 4, 6, 3), (1, 5, 2, 6, 3, 4), (2, 1, 4, 3, 5, 6), (2, 1, 6, 4, 3, 5)}
M(A) = 
[[1, 2, 6, 3, 5, 4], [2, 1, 6, 3, 5, 4]]
Distance: 30
B = 
{(6, 5, 2, 1, 3, 4), (3, 1, 5, 6, 2, 4), (1, 6, 3, 2, 5, 4), (4, 5, 1, 6, 3, 2), (3, 1, 2, 6, 5, 4), (2, 1, 3, 6, 5, 4), (6, 3, 4, 1, 2, 5)}
M(B) = 
[[1, 2, 6, 3, 5, 4], [2, 1, 6, 3, 5, 4]]
Distance: 31
M(A) inter A:
set()
M(B) inter B:
{(1, 6, 3, 2, 5, 4)}

AUB = 
{(6, 5, 2, 1, 3, 4), (6, 1, 3, 2, 4, 5), (2, 5, 6, 4, 3, 1), (5, 2, 6, 3, 1, 4), (3, 1, 5, 6, 2, 4), (1, 6, 3, 2, 5, 4), (4, 5, 1, 6, 3, 2), (6, 3, 4, 1, 2, 5), (3, 1, 2, 6, 5, 4), (5, 2, 1, 4, 6, 3), (2, 1, 3, 6, 5, 4), (1, 5, 2, 6, 3, 4), (2, 1, 4, 3, 5, 6), (2, 1, 6, 4, 3, 5)}
M(AUB) = 
[[1, 2, 6, 3, 5, 4], [2, 1, 6, 3, 5, 4]]
Distance:75

(3)
A = 
{(6, 2, 3, 4, 1, 5), (2, 1, 4, 6, 3, 5), (3, 4, 1, 5, 2, 6), (6, 2, 3, 1, 4, 5), (6, 5, 4, 3, 2, 1), (3, 2, 4, 1, 6, 5), (6, 5, 1, 3, 4, 2)}
M(A) = 
[[1, 6, 5, 3, 2, 4], [1, 6, 5, 3, 4, 2]]
Distance: 36
B = 
{(1, 5, 3, 2, 4, 6), (1, 4, 6, 3, 5, 2), (5, 3, 4, 1, 2, 6), (5, 6, 2, 3, 1, 4), (1, 2, 5, 3, 6, 4), (1, 6, 4, 5, 3, 2), (5, 4, 1, 2, 6, 3)}
M(B) = 
[[1, 6, 5, 3, 2, 4], [1, 6, 5, 3, 4, 2]]
Distance: 34
M(A) inter A:
set()
M(B) inter B:
set()

AUB = 
{(1, 5, 3, 2, 4, 6), (3, 4, 1, 5, 2, 6), (1, 4, 6, 3, 5, 2), (5, 3, 4, 1, 2, 6), (2, 1, 4, 6, 3, 5), (5, 6, 2, 3, 1, 4), (6, 2, 3, 4, 1, 5), (6, 2, 3, 1, 4, 5), (1, 6, 4, 5, 3, 2), (5, 4, 1, 2, 6, 3), (6, 5, 4, 3, 2, 1), (3, 2, 4, 1, 6, 5), (6, 5, 1, 3, 4, 2), (1, 2, 5, 3, 6, 4)}
M(AUB) = 
[[1, 6, 5, 3, 2, 4], [1, 6, 5, 3, 4, 2]]
Distance:90

(4)
A = 
{(1, 5, 6, 2, 3, 4), (3, 5, 4, 6, 2, 1), (2, 6, 5, 4, 3, 1), (1, 3, 2, 4, 5, 6), (4, 1, 5, 2, 3, 6), (2, 3, 1, 5, 6, 4), (6, 4, 2, 3, 1, 5)}
M(A) = 
[[1, 5, 2, 3, 4, 6], [1, 5, 2, 3, 6, 4], [1, 5, 2, 4, 3, 6]]
Distance: 43
B = 
{(1, 5, 3, 2, 6, 4), (5, 4, 2, 6, 1, 3), (5, 4, 2, 3, 6, 1), (1, 3, 2, 5, 6, 4), (5, 1, 4, 2, 3, 6), (1, 3, 6, 5, 2, 4), (5, 2, 4, 1, 3, 6)}
M(B) = 
[[1, 5, 2, 3, 4, 6], [1, 5, 2, 3, 6, 4], [1, 5, 2, 4, 3, 6]]
Distance: 30
M(A) inter A:
set()
M(B) inter B:
set()

AUB = 
{(1, 5, 3, 2, 6, 4), (1, 5, 6, 2, 3, 4), (3, 5, 4, 6, 2, 1), (2, 6, 5, 4, 3, 1), (5, 4, 2, 6, 1, 3), (1, 3, 2, 5, 6, 4), (1, 3, 2, 4, 5, 6), (5, 1, 4, 2, 3, 6), (1, 3, 6, 5, 2, 4), (4, 1, 5, 2, 3, 6), (2, 3, 1, 5, 6, 4), (5, 4, 2, 3, 6, 1), (6, 4, 2, 3, 1, 5), (5, 2, 4, 1, 3, 6)}
M(AUB) = 
[[1, 5, 2, 3, 4, 6], [1, 5, 2, 3, 6, 4], [1, 5, 2, 4, 3, 6]]
Distance:80

(5)
A = 
{(2, 6, 5, 3, 4, 1), (2, 6, 4, 5, 1, 3), (1, 2, 3, 6, 4, 5), (6, 5, 1, 2, 4, 3), (1, 2, 5, 3, 4, 6), (5, 6, 2, 1, 3, 4), (6, 2, 1, 3, 5, 4)}
M(A) = 
[[6, 1, 2, 5, 3, 4]]
Distance: 27
B = 
{(1, 3, 2, 6, 4, 5), (6, 5, 1, 2, 4, 3), (3, 5, 6, 4, 2, 1), (1, 3, 6, 4, 2, 5), (6, 5, 3, 4, 2, 1), (1, 6, 5, 3, 4, 2), (1, 2, 5, 6, 3, 4)}
M(B) = 
[[6, 1, 2, 5, 3, 4]]
Distance: 33
M(A) inter A:
set()
M(B) inter B:
{(1, 6, 5, 3, 4, 2)}

AUB = 
{(1, 3, 2, 6, 4, 5), (1, 6, 5, 3, 4, 2), (2, 6, 5, 3, 4, 1), (1, 2, 5, 6, 3, 4), (2, 6, 4, 5, 1, 3), (3, 5, 6, 4, 2, 1), (1, 2, 3, 6, 4, 5), (6, 5, 1, 2, 4, 3), (6, 5, 3, 4, 2, 1), (1, 2, 5, 3, 4, 6), (5, 6, 2, 1, 3, 4), (1, 3, 6, 4, 2, 5), (6, 2, 1, 3, 5, 4)}
M(AUB) = 
[[6, 1, 2, 5, 3, 4]]
Distance:66

(6)
A = 
{(4, 6, 3, 2, 5, 1), (3, 4, 6, 1, 5, 2), (3, 2, 5, 6, 4, 1), (2, 5, 1, 6, 3, 4), (4, 3, 2, 5, 1, 6), (3, 6, 5, 2, 4, 1), (6, 2, 5, 1, 3, 4)}
M(A) = 
[[6, 3, 2, 4, 5, 1], [6, 3, 2, 5, 1, 4], [6, 3, 2, 5, 4, 1], [6, 3, 4, 2, 5, 1]]
Distance: 34
B = 
{(6, 5, 1, 4, 3, 2), (3, 4, 1, 6, 5, 2), (1, 3, 4, 2, 5, 6), (2, 1, 4, 6, 3, 5), (4, 2, 6, 5, 3, 1), (6, 5, 3, 1, 2, 4), (1, 6, 5, 2, 3, 4)}
M(B) = 
[[6, 3, 2, 4, 5, 1], [6, 3, 2, 5, 1, 4], [6, 3, 2, 5, 4, 1], [6, 3, 4, 2, 5, 1]]
Distance: 41
M(A) inter A:
set()
M(B) inter B:
set()

AUB = 
{(6, 5, 1, 4, 3, 2), (6, 5, 3, 1, 2, 4), (4, 6, 3, 2, 5, 1), (3, 4, 6, 1, 5, 2), (3, 2, 5, 6, 4, 1), (4, 2, 6, 5, 3, 1), (2, 1, 4, 6, 3, 5), (2, 5, 1, 6, 3, 4), (1, 6, 5, 2, 3, 4), (3, 4, 1, 6, 5, 2), (3, 6, 5, 2, 4, 1), (4, 3, 2, 5, 1, 6), (1, 3, 4, 2, 5, 6), (6, 2, 5, 1, 3, 4)}
M(AUB) = 
[[6, 3, 2, 4, 5, 1], [6, 3, 2, 5, 1, 4], [6, 3, 2, 5, 4, 1], [6, 3, 4, 2, 5, 1]]
Distance:89

(7)
A = 
{(5, 6, 2, 1, 4, 3), (5, 6, 3, 1, 2, 4), (3, 1, 6, 4, 5, 2), (2, 5, 1, 4, 6, 3), (4, 3, 5, 2, 1, 6), (2, 6, 1, 4, 5, 3), (4, 6, 3, 2, 1, 5)}
M(A) = 
[[4, 5, 6, 3, 2, 1], [4, 6, 3, 2, 5, 1], [4, 6, 3, 5, 2, 1], [4, 6, 5, 3, 2, 1]]
Distance: 44
B = 
{(6, 1, 4, 3, 2, 5), (4, 6, 3, 5, 1, 2), (6, 4, 1, 2, 5, 3), (5, 4, 2, 1, 3, 6), (4, 3, 6, 2, 5, 1), (4, 3, 2, 5, 1, 6), (4, 5, 1, 2, 3, 6)}
M(B) = 
[[4, 5, 6, 3, 2, 1], [4, 6, 3, 2, 5, 1], [4, 6, 3, 5, 2, 1], [4, 6, 5, 3, 2, 1]]
Distance: 35
M(A) inter A:
set()
M(B) inter B:
{(4, 3, 6, 2, 5, 1)}

AUB = 
{(5, 6, 2, 1, 4, 3), (4, 3, 6, 2, 5, 1), (6, 1, 4, 3, 2, 5), (5, 6, 3, 1, 2, 4), (4, 3, 2, 5, 1, 6), (3, 1, 6, 4, 5, 2), (2, 5, 1, 4, 6, 3), (4, 3, 5, 2, 1, 6), (4, 6, 3, 5, 1, 2), (2, 6, 1, 4, 5, 3), (5, 4, 2, 1, 3, 6), (4, 6, 3, 2, 1, 5), (6, 4, 1, 2, 5, 3), (4, 5, 1, 2, 3, 6)}
M(AUB) = 
[[4, 5, 6, 3, 2, 1], [4, 6, 3, 2, 5, 1], [4, 6, 3, 5, 2, 1], [4, 6, 5, 3, 2, 1]]
Distance:85

(8)
A = 
{(1, 3, 2, 6, 4, 5), (1, 2, 4, 3, 6, 5), (5, 2, 6, 3, 1, 4), (6, 5, 2, 4, 1, 3), (4, 2, 1, 3, 6, 5), (3, 1, 6, 5, 2, 4), (2, 4, 3, 1, 5, 6)}
M(A) = 
[[2, 4, 1, 3, 6, 5], [2, 4, 1, 6, 3, 5], [2, 4, 1, 6, 5, 3], [2, 4, 3, 1, 6, 5], [4, 2, 1, 3, 6, 5], [4, 2, 1, 6, 3, 5], [4, 2, 1, 6, 5, 3], [4, 2, 3, 1, 6, 5], [4, 5, 2, 1, 3, 6], [4, 5, 2, 1, 6, 3], [4, 5, 2, 3, 1, 6]]
Distance: 37
B = 
{(1, 3, 6, 4, 2, 5), (6, 5, 3, 4, 2, 1), (4, 5, 6, 1, 2, 3), (4, 5, 2, 6, 3, 1), (4, 6, 3, 5, 2, 1), (4, 5, 2, 3, 1, 6), (2, 4, 1, 5, 6, 3)}
M(B) = 
[[2, 4, 1, 3, 6, 5], [2, 4, 1, 6, 3, 5], [2, 4, 1, 6, 5, 3], [2, 4, 3, 1, 6, 5], [4, 2, 1, 3, 6, 5], [4, 2, 1, 6, 3, 5], [4, 2, 1, 6, 5, 3], [4, 2, 3, 1, 6, 5], [4, 5, 2, 1, 3, 6], [4, 5, 2, 1, 6, 3], [4, 5, 2, 3, 1, 6]]
Distance: 32
M(A) inter A:
set()
M(B) inter B:
set()

AUB = 
{(1, 3, 2, 6, 4, 5), (1, 2, 4, 3, 6, 5), (5, 2, 6, 3, 1, 4), (6, 5, 2, 4, 1, 3), (1, 3, 6, 4, 2, 5), (4, 2, 1, 3, 6, 5), (3, 1, 6, 5, 2, 4), (6, 5, 3, 4, 2, 1), (2, 4, 3, 1, 5, 6), (4, 5, 6, 1, 2, 3), (4, 5, 2, 6, 3, 1), (4, 6, 3, 5, 2, 1), (4, 5, 2, 3, 1, 6), (2, 4, 1, 5, 6, 3)}
M(AUB) = 
[[2, 4, 1, 3, 6, 5], [2, 4, 1, 6, 3, 5], [2, 4, 1, 6, 5, 3], [2, 4, 3, 1, 6, 5], [4, 2, 1, 3, 6, 5], [4, 2, 1, 6, 3, 5], [4, 2, 1, 6, 5, 3], [4, 2, 3, 1, 6, 5], [4, 5, 2, 1, 3, 6], [4, 5, 2, 1, 6, 3], [4, 5, 2, 3, 1, 6]]
Distance:91

(9)
A = 
{(3, 6, 5, 1, 4, 2), (3, 4, 6, 5, 2, 1), (3, 4, 2, 1, 6, 5), (3, 6, 4, 2, 5, 1), (1, 3, 6, 2, 4, 5), (2, 4, 1, 3, 5, 6), (6, 1, 2, 4, 3, 5)}
M(A) = 
[[3, 6, 2, 1, 4, 5], [3, 6, 2, 4, 1, 5], [3, 6, 4, 2, 1, 5]]
Distance: 32
B = 
{(2, 1, 3, 4, 5, 6), (3, 6, 2, 4, 1, 5), (1, 2, 5, 4, 6, 3), (3, 2, 1, 6, 5, 4), (5, 3, 1, 6, 4, 2), (6, 4, 2, 3, 1, 5), (4, 3, 6, 5, 2, 1)}
M(B) = 
[[3, 6, 2, 1, 4, 5], [3, 6, 2, 4, 1, 5], [3, 6, 4, 2, 1, 5]]
Distance: 40
M(A) inter A:
set()
M(B) inter B:
set()

AUB = 
{(1, 2, 5, 4, 6, 3), (4, 3, 6, 5, 2, 1), (3, 6, 5, 1, 4, 2), (2, 4, 1, 3, 5, 6), (3, 4, 2, 1, 6, 5), (3, 6, 4, 2, 5, 1), (1, 3, 6, 2, 4, 5), (5, 3, 1, 6, 4, 2), (3, 2, 1, 6, 5, 4), (3, 6, 2, 4, 1, 5), (3, 4, 6, 5, 2, 1), (6, 4, 2, 3, 1, 5), (6, 1, 2, 4, 3, 5), (2, 1, 3, 4, 5, 6)}
M(AUB) = 
[[3, 6, 2, 1, 4, 5], [3, 6, 2, 4, 1, 5], [3, 6, 4, 2, 1, 5]]
Distance:74

(10)
A = 
{(1, 5, 6, 2, 4, 3), (6, 1, 3, 2, 4, 5), (1, 4, 6, 3, 2, 5), (2, 6, 5, 3, 1, 4), (4, 6, 2, 1, 3, 5), (4, 2, 6, 3, 1, 5), (5, 4, 1, 3, 6, 2)}
M(A) = 
[[4, 6, 1, 2, 3, 5], [4, 6, 1, 2, 5, 3], [4, 6, 1, 5, 2, 3], [4, 6, 2, 1, 3, 5], [4, 6, 2, 1, 5, 3], [4, 6, 2, 5, 1, 3], [4, 6, 5, 1, 2, 3], [4, 6, 5, 2, 1, 3], [5, 4, 6, 1, 2, 3], [5, 4, 6, 2, 1, 3], [6, 5, 4, 1, 2, 3], [6, 5, 4, 2, 1, 3]]
Distance: 38
B = 
{(2, 3, 1, 6, 5, 4), (4, 6, 5, 1, 3, 2), (5, 4, 6, 2, 3, 1), (5, 2, 1, 3, 4, 6), (3, 5, 4, 6, 1, 2), (5, 6, 4, 1, 2, 3), (6, 3, 2, 4, 1, 5)}
M(B) = 
[[4, 6, 1, 2, 3, 5], [4, 6, 1, 2, 5, 3], [4, 6, 1, 5, 2, 3], [4, 6, 2, 1, 3, 5], [4, 6, 2, 1, 5, 3], [4, 6, 2, 5, 1, 3], [4, 6, 5, 1, 2, 3], [4, 6, 5, 2, 1, 3], [5, 4, 6, 1, 2, 3], [5, 4, 6, 2, 1, 3], [6, 5, 4, 1, 2, 3], [6, 5, 4, 2, 1, 3]]
Distance: 40
M(A) inter A:
set()
M(B) inter B:
{(5, 4, 6, 2, 3, 1)}

AUB = 
{(2, 3, 1, 6, 5, 4), (2, 6, 5, 3, 1, 4), (6, 1, 3, 2, 4, 5), (4, 6, 5, 1, 3, 2), (5, 4, 6, 2, 3, 1), (1, 4, 6, 3, 2, 5), (6, 3, 2, 4, 1, 5), (1, 5, 6, 2, 4, 3), (5, 4, 1, 3, 6, 2), (3, 5, 4, 6, 1, 2), (5, 6, 4, 1, 2, 3), (4, 2, 6, 3, 1, 5), (5, 2, 1, 3, 4, 6), (4, 6, 2, 1, 3, 5)}
M(AUB) = 
[[4, 6, 1, 2, 3, 5], [4, 6, 1, 2, 5, 3], [4, 6, 1, 5, 2, 3], [4, 6, 2, 1, 3, 5], [4, 6, 2, 1, 5, 3], [4, 6, 2, 5, 1, 3], [4, 6, 5, 1, 2, 3], [4, 6, 5, 2, 1, 3], [5, 4, 6, 1, 2, 3], [5, 4, 6, 2, 1, 3], [6, 5, 4, 1, 2, 3], [6, 5, 4, 2, 1, 3]]
Distance:91

(11)
A = 
{(1, 2, 5, 6, 4, 3), (4, 2, 1, 5, 6, 3), (2, 5, 1, 6, 4, 3), (1, 5, 3, 6, 2, 4), (2, 6, 3, 4, 5, 1), (3, 6, 1, 2, 5, 4), (3, 5, 2, 4, 1, 6)}
M(A) = 
[[2, 3, 1, 5, 6, 4], [2, 3, 4, 1, 5, 6], [2, 3, 5, 6, 4, 1], [2, 3, 6, 4, 1, 5], [2, 4, 3, 1, 5, 6], [2, 6, 3, 4, 1, 5], [2, 6, 4, 3, 1, 5], [3, 2, 1, 5, 6, 4], [3, 2, 4, 1, 5, 6], [3, 2, 5, 6, 4, 1], [3, 2, 6, 4, 1, 5]]
Distance: 37
B = 
{(4, 3, 2, 6, 1, 5), (1, 5, 6, 2, 3, 4), (4, 3, 5, 2, 6, 1), (6, 4, 3, 2, 1, 5), (6, 2, 1, 3, 5, 4), (4, 3, 5, 1, 6, 2), (2, 3, 4, 6, 5, 1)}
M(B) = 
[[2, 3, 1, 5, 6, 4], [2, 3, 4, 1, 5, 6], [2, 3, 5, 6, 4, 1], [2, 3, 6, 4, 1, 5], [2, 4, 3, 1, 5, 6], [2, 6, 3, 4, 1, 5], [2, 6, 4, 3, 1, 5], [3, 2, 1, 5, 6, 4], [3, 2, 4, 1, 5, 6], [3, 2, 5, 6, 4, 1], [3, 2, 6, 4, 1, 5]]
Distance: 38
M(A) inter A:
set()
M(B) inter B:
set()

AUB = 
{(4, 3, 2, 6, 1, 5), (1, 5, 6, 2, 3, 4), (1, 2, 5, 6, 4, 3), (2, 5, 1, 6, 4, 3), (3, 6, 1, 2, 5, 4), (4, 3, 5, 2, 6, 1), (1, 5, 3, 6, 2, 4), (4, 3, 5, 1, 6, 2), (6, 4, 3, 2, 1, 5), (6, 2, 1, 3, 5, 4), (2, 6, 3, 4, 5, 1), (3, 5, 2, 4, 1, 6), (2, 3, 4, 6, 5, 1), (4, 2, 1, 5, 6, 3)}
M(AUB) = 
[[2, 3, 1, 5, 6, 4], [2, 3, 4, 1, 5, 6], [2, 3, 5, 6, 4, 1], [2, 3, 6, 4, 1, 5], [2, 4, 3, 1, 5, 6], [2, 6, 3, 4, 1, 5], [2, 6, 4, 3, 1, 5], [3, 2, 1, 5, 6, 4], [3, 2, 4, 1, 5, 6], [3, 2, 5, 6, 4, 1], [3, 2, 6, 4, 1, 5]]
Distance:93

(12)
A = 
{(1, 4, 3, 5, 6, 2), (1, 4, 5, 3, 2, 6), (1, 3, 4, 2, 5, 6), (1, 2, 5, 4, 6, 3), (3, 4, 1, 6, 2, 5), (2, 4, 5, 6, 3, 1), (4, 5, 3, 2, 1, 6)}
M(A) = 
[[1, 4, 3, 2, 5, 6], [4, 3, 1, 2, 5, 6]]
Distance: 30
B = 
{(3, 2, 5, 4, 6, 1), (3, 1, 5, 6, 2, 4), (1, 6, 3, 2, 5, 4), (6, 5, 2, 4, 3, 1), (2, 4, 5, 6, 3, 1), (1, 2, 4, 3, 5, 6), (4, 2, 3, 6, 1, 5)}
M(B) = 
[[1, 4, 3, 2, 5, 6], [4, 3, 1, 2, 5, 6]]
Distance: 42
M(A) inter A:
set()
M(B) inter B:
set()

AUB = 
{(3, 2, 5, 4, 6, 1), (1, 2, 5, 4, 6, 3), (1, 4, 5, 3, 2, 6), (1, 3, 4, 2, 5, 6), (6, 5, 2, 4, 3, 1), (1, 4, 3, 5, 6, 2), (3, 1, 5, 6, 2, 4), (3, 4, 1, 6, 2, 5), (2, 4, 5, 6, 3, 1), (4, 5, 3, 2, 1, 6), (1, 2, 4, 3, 5, 6), (4, 2, 3, 6, 1, 5), (1, 6, 3, 2, 5, 4)}
M(AUB) = 
[[1, 4, 3, 2, 5, 6], [4, 3, 1, 2, 5, 6]]
Distance:74

(13)
A = 
{(3, 6, 1, 4, 5, 2), (4, 6, 1, 3, 5, 2), (5, 4, 1, 2, 3, 6), (3, 1, 6, 5, 4, 2), (5, 1, 2, 3, 4, 6), (5, 3, 2, 6, 1, 4), (1, 2, 4, 3, 5, 6)}
M(A) = 
[[1, 3, 5, 2, 4, 6], [1, 5, 2, 3, 4, 6], [1, 5, 3, 2, 4, 6], [5, 1, 2, 3, 4, 6], [5, 1, 3, 2, 4, 6]]
Distance: 38
B = 
{(1, 5, 3, 2, 4, 6), (5, 4, 2, 3, 6, 1), (3, 2, 5, 1, 4, 6), (5, 2, 3, 6, 4, 1), (2, 4, 1, 6, 3, 5), (1, 4, 3, 6, 5, 2), (6, 2, 5, 1, 3, 4)}
M(B) = 
[[1, 3, 5, 2, 4, 6], [1, 5, 2, 3, 4, 6], [1, 5, 3, 2, 4, 6], [5, 1, 2, 3, 4, 6], [5, 1, 3, 2, 4, 6]]
Distance: 39
M(A) inter A:
set()
M(B) inter B:
set()

AUB = 
{(1, 5, 3, 2, 4, 6), (5, 4, 2, 3, 6, 1), (1, 4, 3, 6, 5, 2), (3, 6, 1, 4, 5, 2), (4, 6, 1, 3, 5, 2), (6, 2, 5, 1, 3, 4), (5, 4, 1, 2, 3, 6), (3, 1, 6, 5, 4, 2), (2, 4, 1, 6, 3, 5), (3, 2, 5, 1, 4, 6), (5, 1, 2, 3, 4, 6), (5, 3, 2, 6, 1, 4), (1, 2, 4, 3, 5, 6), (5, 2, 3, 6, 4, 1)}
M(AUB) = 
[[1, 3, 5, 2, 4, 6], [1, 5, 2, 3, 4, 6], [1, 5, 3, 2, 4, 6], [5, 1, 2, 3, 4, 6], [5, 1, 3, 2, 4, 6]]
Distance:84

(14)
A = 
{(2, 6, 5, 1, 4, 3), (3, 1, 5, 6, 2, 4), (2, 4, 6, 1, 5, 3), (3, 2, 4, 5, 1, 6), (3, 5, 6, 2, 4, 1), (6, 2, 3, 1, 4, 5), (2, 5, 6, 1, 3, 4)}
M(A) = 
[[2, 3, 5, 6, 1, 4]]
Distance: 37
B = 
{(2, 1, 3, 4, 5, 6), (5, 6, 1, 2, 3, 4), (3, 1, 5, 2, 4, 6), (6, 2, 3, 1, 4, 5), (2, 3, 1, 5, 4, 6), (3, 5, 1, 6, 4, 2), (2, 3, 6, 5, 1, 4)}
M(B) = 
[[2, 3, 5, 6, 1, 4]]
Distance: 30
M(A) inter A:
set()
M(B) inter B:
set()

AUB = 
{(2, 6, 5, 1, 4, 3), (3, 1, 5, 6, 2, 4), (2, 4, 6, 1, 5, 3), (2, 1, 3, 4, 5, 6), (3, 2, 4, 5, 1, 6), (5, 6, 1, 2, 3, 4), (3, 1, 5, 2, 4, 6), (3, 5, 6, 2, 4, 1), (6, 2, 3, 1, 4, 5), (2, 3, 1, 5, 4, 6), (2, 5, 6, 1, 3, 4), (3, 5, 1, 6, 4, 2), (2, 3, 6, 5, 1, 4)}
M(AUB) = 
[[2, 3, 5, 6, 1, 4]]
Distance:64

(15)
A = 
{(1, 5, 3, 2, 4, 6), (6, 1, 5, 3, 4, 2), (5, 2, 1, 4, 6, 3), (1, 2, 4, 5, 6, 3), (1, 4, 3, 6, 5, 2), (4, 6, 3, 2, 5, 1), (5, 4, 2, 6, 3, 1)}
M(A) = 
[[1, 4, 3, 5, 2, 6], [1, 4, 6, 3, 5, 2]]
Distance: 38
B = 
{(4, 5, 2, 1, 3, 6), (6, 2, 3, 5, 1, 4), (4, 6, 1, 3, 5, 2), (2, 1, 6, 3, 5, 4), (1, 3, 6, 2, 4, 5), (1, 4, 3, 5, 2, 6), (3, 4, 5, 2, 6, 1)}
M(B) = 
[[1, 4, 3, 5, 2, 6], [1, 4, 6, 3, 5, 2]]
Distance: 43
M(A) inter A:
set()
M(B) inter B:
set()

AUB = 
{(1, 5, 3, 2, 4, 6), (4, 5, 2, 1, 3, 6), (1, 3, 6, 2, 4, 5), (6, 1, 5, 3, 4, 2), (4, 6, 1, 3, 5, 2), (2, 1, 6, 3, 5, 4), (1, 4, 3, 5, 2, 6), (5, 2, 1, 4, 6, 3), (6, 2, 3, 5, 1, 4), (1, 2, 4, 5, 6, 3), (1, 4, 3, 6, 5, 2), (3, 4, 5, 2, 6, 1), (4, 6, 3, 2, 5, 1), (5, 4, 2, 6, 3, 1)}
M(AUB) = 
[[1, 4, 3, 5, 2, 6], [1, 4, 6, 3, 5, 2]]
Distance:88

(16)
A = 
{(2, 3, 5, 6, 1, 4), (4, 6, 1, 2, 3, 5), (6, 3, 1, 5, 2, 4), (4, 3, 1, 5, 6, 2), (1, 2, 5, 3, 6, 4), (1, 4, 2, 5, 6, 3), (1, 4, 3, 6, 5, 2)}
M(A) = 
[[1, 3, 4, 5, 2, 6], [1, 3, 4, 5, 6, 2], [1, 3, 5, 2, 4, 6], [1, 3, 5, 2, 6, 4], [1, 3, 5, 4, 2, 6], [1, 3, 5, 4, 6, 2], [1, 3, 5, 6, 2, 4], [1, 3, 5, 6, 4, 2], [3, 1, 4, 5, 2, 6], [3, 1, 4, 5, 6, 2], [3, 1, 5, 2, 4, 6], [3, 1, 5, 2, 6, 4], [3, 1, 5, 4, 2, 6], [3, 1, 5, 4, 6, 2], [3, 1, 5, 6, 2, 4], [3, 1, 5, 6, 4, 2]]
Distance: 40
B = 
{(6, 4, 5, 2, 3, 1), (3, 5, 1, 4, 2, 6), (5, 1, 3, 2, 4, 6), (5, 1, 6, 2, 3, 4), (2, 1, 6, 3, 5, 4), (3, 4, 1, 5, 2, 6), (6, 3, 1, 2, 4, 5)}
M(B) = 
[[1, 3, 4, 5, 2, 6], [1, 3, 4, 5, 6, 2], [1, 3, 5, 2, 4, 6], [1, 3, 5, 2, 6, 4], [1, 3, 5, 4, 2, 6], [1, 3, 5, 4, 6, 2], [1, 3, 5, 6, 2, 4], [1, 3, 5, 6, 4, 2], [3, 1, 4, 5, 2, 6], [3, 1, 4, 5, 6, 2], [3, 1, 5, 2, 4, 6], [3, 1, 5, 2, 6, 4], [3, 1, 5, 4, 2, 6], [3, 1, 5, 4, 6, 2], [3, 1, 5, 6, 2, 4], [3, 1, 5, 6, 4, 2]]
Distance: 40
M(A) inter A:
set()
M(B) inter B:
set()

AUB = 
{(2, 3, 5, 6, 1, 4), (6, 4, 5, 2, 3, 1), (4, 6, 1, 2, 3, 5), (3, 5, 1, 4, 2, 6), (6, 3, 1, 5, 2, 4), (5, 1, 3, 2, 4, 6), (4, 3, 1, 5, 6, 2), (2, 1, 6, 3, 5, 4), (1, 2, 5, 3, 6, 4), (1, 4, 2, 5, 6, 3), (1, 4, 3, 6, 5, 2), (6, 3, 1, 2, 4, 5), (5, 1, 6, 2, 3, 4), (3, 4, 1, 5, 2, 6)}
M(AUB) = 
[[1, 3, 4, 5, 2, 6], [1, 3, 4, 5, 6, 2], [1, 3, 5, 2, 4, 6], [1, 3, 5, 2, 6, 4], [1, 3, 5, 4, 2, 6], [1, 3, 5, 4, 6, 2], [1, 3, 5, 6, 2, 4], [1, 3, 5, 6, 4, 2], [3, 1, 4, 5, 2, 6], [3, 1, 4, 5, 6, 2], [3, 1, 5, 2, 4, 6], [3, 1, 5, 2, 6, 4], [3, 1, 5, 4, 2, 6], [3, 1, 5, 4, 6, 2], [3, 1, 5, 6, 2, 4], [3, 1, 5, 6, 4, 2]]
Distance:88

(17)
A = 
{(2, 6, 1, 4, 3, 5), (1, 3, 4, 5, 6, 2), (1, 2, 3, 5, 6, 4), (5, 3, 4, 6, 1, 2), (1, 6, 5, 3, 2, 4), (1, 5, 2, 6, 3, 4), (6, 3, 2, 5, 1, 4)}
M(A) = 
[[1, 5, 6, 3, 2, 4]]
Distance: 36
B = 
{(2, 1, 4, 5, 3, 6), (6, 3, 5, 2, 1, 4), (2, 5, 1, 6, 4, 3), (1, 4, 5, 6, 2, 3), (6, 5, 3, 2, 1, 4), (5, 4, 3, 6, 2, 1), (3, 1, 2, 4, 5, 6)}
M(B) = 
[[1, 5, 6, 3, 2, 4]]
Distance: 42
M(A) inter A:
set()
M(B) inter B:
set()

AUB = 
{(2, 6, 1, 4, 3, 5), (1, 4, 5, 6, 2, 3), (1, 3, 4, 5, 6, 2), (1, 2, 3, 5, 6, 4), (2, 5, 1, 6, 4, 3), (1, 5, 2, 6, 3, 4), (1, 6, 5, 3, 2, 4), (6, 3, 5, 2, 1, 4), (5, 3, 4, 6, 1, 2), (6, 3, 2, 5, 1, 4), (6, 5, 3, 2, 1, 4), (2, 1, 4, 5, 3, 6), (5, 4, 3, 6, 2, 1), (3, 1, 2, 4, 5, 6)}
M(AUB) = 
[[1, 5, 6, 3, 2, 4]]
Distance:82

(18)
A = 
{(6, 5, 1, 2, 4, 3), (4, 2, 3, 6, 5, 1), (2, 1, 4, 6, 3, 5), (4, 5, 1, 3, 6, 2), (6, 2, 1, 3, 5, 4), (4, 5, 2, 3, 1, 6), (4, 3, 6, 5, 2, 1)}
M(A) = 
[[6, 2, 4, 5, 1, 3]]
Distance: 39
B = 
{(4, 6, 2, 5, 3, 1), (2, 6, 4, 5, 1, 3), (1, 6, 5, 2, 4, 3), (3, 1, 4, 5, 6, 2), (1, 6, 2, 4, 3, 5), (6, 2, 4, 5, 3, 1), (1, 6, 5, 2, 3, 4)}
M(B) = 
[[6, 2, 4, 5, 1, 3]]
Distance: 32
M(A) inter A:
set()
M(B) inter B:
set()

AUB = 
{(4, 6, 2, 5, 3, 1), (3, 1, 4, 5, 6, 2), (6, 5, 1, 2, 4, 3), (4, 2, 3, 6, 5, 1), (2, 6, 4, 5, 1, 3), (1, 6, 5, 2, 4, 3), (6, 2, 4, 5, 3, 1), (1, 6, 5, 2, 3, 4), (2, 1, 4, 6, 3, 5), (4, 5, 1, 3, 6, 2), (1, 6, 2, 4, 3, 5), (6, 2, 1, 3, 5, 4), (4, 5, 2, 3, 1, 6), (4, 3, 6, 5, 2, 1)}
M(AUB) = 
[[6, 2, 4, 5, 1, 3]]
Distance:80

(19)
A = 
{(1, 2, 6, 3, 4, 5), (6, 3, 4, 5, 1, 2), (6, 4, 5, 3, 2, 1), (1, 2, 5, 4, 6, 3), (3, 4, 5, 2, 6, 1), (2, 1, 4, 5, 6, 3), (4, 6, 1, 3, 2, 5)}
M(A) = 
[[2, 5, 6, 1, 3, 4], [5, 1, 2, 6, 3, 4], [5, 2, 6, 1, 3, 4], [5, 6, 1, 2, 3, 4], [5, 6, 1, 3, 2, 4]]
Distance: 42
B = 
{(5, 2, 6, 4, 3, 1), (5, 1, 6, 3, 2, 4), (1, 2, 5, 3, 6, 4), (4, 5, 6, 1, 3, 2), (2, 5, 6, 1, 3, 4), (1, 2, 5, 6, 3, 4), (3, 6, 5, 4, 2, 1)}
M(B) = 
[[2, 5, 6, 1, 3, 4], [5, 1, 2, 6, 3, 4], [5, 2, 6, 1, 3, 4], [5, 6, 1, 2, 3, 4], [5, 6, 1, 3, 2, 4]]
Distance: 33
M(A) inter A:
set()
M(B) inter B:
set()

AUB = 
{(1, 2, 6, 3, 4, 5), (1, 2, 5, 3, 6, 4), (3, 6, 5, 4, 2, 1), (1, 2, 5, 6, 3, 4), (6, 3, 4, 5, 1, 2), (5, 1, 6, 3, 2, 4), (6, 4, 5, 3, 2, 1), (1, 2, 5, 4, 6, 3), (4, 5, 6, 1, 3, 2), (2, 5, 6, 1, 3, 4), (5, 2, 6, 4, 3, 1), (3, 4, 5, 2, 6, 1), (2, 1, 4, 5, 6, 3), (4, 6, 1, 3, 2, 5)}
M(AUB) = 
[[2, 5, 6, 1, 3, 4], [5, 1, 2, 6, 3, 4], [5, 2, 6, 1, 3, 4], [5, 6, 1, 2, 3, 4], [5, 6, 1, 3, 2, 4]]
Distance:89

(20)
A = 
{(5, 4, 3, 6, 1, 2), (1, 6, 3, 5, 2, 4), (3, 5, 2, 4, 6, 1), (6, 5, 3, 1, 2, 4), (1, 3, 4, 6, 5, 2), (5, 4, 2, 1, 6, 3), (6, 5, 4, 1, 2, 3)}
M(A) = 
[[3, 5, 4, 1, 6, 2], [5, 3, 4, 1, 6, 2]]
Distance: 38
B = 
{(4, 3, 6, 2, 5, 1), (1, 3, 2, 6, 5, 4), (3, 1, 4, 6, 2, 5), (6, 1, 3, 5, 4, 2), (5, 4, 3, 1, 2, 6), (5, 3, 2, 4, 1, 6), (4, 1, 6, 5, 2, 3)}
M(B) = 
[[3, 5, 4, 1, 6, 2], [5, 3, 4, 1, 6, 2]]
Distance: 38
M(A) inter A:
set()
M(B) inter B:
set()

AUB = 
{(5, 4, 3, 1, 2, 6), (5, 3, 2, 4, 1, 6), (1, 3, 2, 6, 5, 4), (5, 4, 3, 6, 1, 2), (1, 6, 3, 5, 2, 4), (3, 1, 4, 6, 2, 5), (3, 5, 2, 4, 6, 1), (6, 1, 3, 5, 4, 2), (4, 3, 6, 2, 5, 1), (6, 5, 3, 1, 2, 4), (1, 3, 4, 6, 5, 2), (5, 4, 2, 1, 6, 3), (6, 5, 4, 1, 2, 3), (4, 1, 6, 5, 2, 3)}
M(AUB) = 
[[3, 5, 4, 1, 6, 2], [5, 3, 4, 1, 6, 2]]
Distance:82

(21)
A = 
{(5, 6, 1, 4, 3, 2), (1, 5, 6, 4, 2, 3), (1, 3, 2, 6, 5, 4), (6, 4, 2, 1, 5, 3), (3, 1, 5, 6, 2, 4), (1, 4, 6, 5, 3, 2), (1, 4, 2, 6, 3, 5)}
M(A) = 
[[1, 6, 4, 5, 2, 3], [1, 6, 4, 5, 3, 2], [1, 6, 5, 4, 2, 3], [1, 6, 5, 4, 3, 2]]
Distance: 31
B = 
{(5, 6, 4, 3, 1, 2), (4, 6, 1, 2, 5, 3), (1, 2, 6, 4, 5, 3), (6, 3, 4, 5, 1, 2), (5, 1, 2, 3, 6, 4), (4, 6, 5, 3, 2, 1), (2, 3, 5, 4, 1, 6)}
M(B) = 
[[1, 6, 4, 5, 2, 3], [1, 6, 4, 5, 3, 2], [1, 6, 5, 4, 2, 3], [1, 6, 5, 4, 3, 2]]
Distance: 41
M(A) inter A:
set()
M(B) inter B:
set()

AUB = 
{(4, 6, 1, 2, 5, 3), (5, 6, 1, 4, 3, 2), (1, 5, 6, 4, 2, 3), (1, 3, 2, 6, 5, 4), (3, 1, 5, 6, 2, 4), (1, 2, 6, 4, 5, 3), (6, 3, 4, 5, 1, 2), (5, 6, 4, 3, 1, 2), (6, 4, 2, 1, 5, 3), (5, 1, 2, 3, 6, 4), (1, 4, 6, 5, 3, 2), (4, 6, 5, 3, 2, 1), (2, 3, 5, 4, 1, 6), (1, 4, 2, 6, 3, 5)}
M(AUB) = 
[[1, 6, 4, 5, 2, 3], [1, 6, 4, 5, 3, 2], [1, 6, 5, 4, 2, 3], [1, 6, 5, 4, 3, 2]]
Distance:81

(22)
A = 
{(4, 6, 2, 1, 5, 3), (5, 2, 4, 1, 6, 3), (6, 1, 3, 4, 2, 5), (5, 3, 1, 6, 2, 4), (3, 4, 2, 5, 1, 6), (2, 6, 3, 4, 5, 1), (5, 1, 4, 3, 6, 2)}
M(A) = 
[[3, 2, 4, 5, 1, 6], [3, 2, 4, 5, 6, 1], [3, 2, 4, 6, 5, 1], [3, 2, 6, 4, 5, 1], [3, 4, 5, 1, 2, 6], [3, 4, 5, 1, 6, 2], [3, 4, 5, 6, 1, 2], [3, 4, 6, 5, 1, 2], [3, 5, 1, 2, 4, 6], [3, 5, 1, 2, 6, 4], [3, 5, 1, 6, 2, 4], [3, 5, 6, 1, 2, 4], [3, 6, 2, 4, 5, 1], [3, 6, 4, 5, 1, 2], [3, 6, 5, 1, 2, 4], [6, 3, 2, 4, 5, 1], [6, 3, 4, 5, 1, 2], [6, 3, 5, 1, 2, 4]]
Distance: 47
B = 
{(5, 6, 1, 3, 2, 4), (3, 5, 2, 6, 4, 1), (6, 5, 3, 4, 1, 2), (1, 3, 2, 4, 6, 5), (3, 1, 4, 5, 2, 6), (2, 3, 4, 6, 5, 1), (1, 6, 2, 4, 3, 5)}
M(B) = 
[[3, 2, 4, 5, 1, 6], [3, 2, 4, 5, 6, 1], [3, 2, 4, 6, 5, 1], [3, 2, 6, 4, 5, 1], [3, 4, 5, 1, 2, 6], [3, 4, 5, 1, 6, 2], [3, 4, 5, 6, 1, 2], [3, 4, 6, 5, 1, 2], [3, 5, 1, 2, 4, 6], [3, 5, 1, 2, 6, 4], [3, 5, 1, 6, 2, 4], [3, 5, 6, 1, 2, 4], [3, 6, 2, 4, 5, 1], [3, 6, 4, 5, 1, 2], [3, 6, 5, 1, 2, 4], [6, 3, 2, 4, 5, 1], [6, 3, 4, 5, 1, 2], [6, 3, 5, 1, 2, 4]]
Distance: 41
M(A) inter A:
set()
M(B) inter B:
set()

AUB = 
{(5, 6, 1, 3, 2, 4), (4, 6, 2, 1, 5, 3), (3, 5, 2, 6, 4, 1), (6, 5, 3, 4, 1, 2), (5, 2, 4, 1, 6, 3), (6, 1, 3, 4, 2, 5), (5, 3, 1, 6, 2, 4), (3, 4, 2, 5, 1, 6), (1, 3, 2, 4, 6, 5), (3, 1, 4, 5, 2, 6), (2, 6, 3, 4, 5, 1), (2, 3, 4, 6, 5, 1), (5, 1, 4, 3, 6, 2), (1, 6, 2, 4, 3, 5)}
M(AUB) = 
[[3, 2, 4, 5, 1, 6], [3, 2, 4, 5, 6, 1], [3, 2, 4, 6, 5, 1], [3, 2, 6, 4, 5, 1], [3, 4, 5, 1, 2, 6], [3, 4, 5, 1, 6, 2], [3, 4, 5, 6, 1, 2], [3, 4, 6, 5, 1, 2], [3, 5, 1, 2, 4, 6], [3, 5, 1, 2, 6, 4], [3, 5, 1, 6, 2, 4], [3, 5, 6, 1, 2, 4], [3, 6, 2, 4, 5, 1], [3, 6, 4, 5, 1, 2], [3, 6, 5, 1, 2, 4], [6, 3, 2, 4, 5, 1], [6, 3, 4, 5, 1, 2], [6, 3, 5, 1, 2, 4]]
Distance:96

(23)
A = 
{(4, 2, 6, 3, 5, 1), (1, 2, 5, 3, 4, 6), (1, 6, 4, 5, 3, 2), (4, 3, 5, 2, 1, 6), (2, 6, 1, 4, 5, 3), (1, 6, 5, 2, 3, 4), (1, 4, 5, 6, 2, 3)}
M(A) = 
[[1, 6, 5, 2, 4, 3]]
Distance: 37
B = 
{(6, 5, 1, 2, 4, 3), (3, 2, 5, 1, 6, 4), (3, 1, 6, 5, 2, 4), (5, 1, 6, 3, 4, 2), (6, 2, 4, 1, 5, 3), (6, 2, 4, 5, 1, 3), (5, 1, 6, 4, 3, 2)}
M(B) = 
[[1, 6, 5, 2, 4, 3]]
Distance: 35
M(A) inter A:
set()
M(B) inter B:
{(6, 5, 1, 2, 4, 3)}

AUB = 
{(1, 2, 5, 3, 4, 6), (6, 5, 1, 2, 4, 3), (3, 2, 5, 1, 6, 4), (5, 1, 6, 3, 4, 2), (3, 1, 6, 5, 2, 4), (1, 6, 4, 5, 3, 2), (4, 2, 6, 3, 5, 1), (2, 6, 1, 4, 5, 3), (5, 1, 6, 4, 3, 2), (6, 2, 4, 5, 1, 3), (6, 2, 4, 1, 5, 3), (4, 3, 5, 2, 1, 6), (1, 6, 5, 2, 3, 4), (1, 4, 5, 6, 2, 3)}
M(AUB) = 
[[1, 6, 5, 2, 4, 3]]
Distance:79

(24)
A = 
{(2, 6, 3, 1, 5, 4), (1, 2, 3, 5, 6, 4), (4, 3, 1, 6, 2, 5), (4, 3, 5, 2, 1, 6), (4, 1, 3, 2, 6, 5), (5, 3, 2, 6, 1, 4), (6, 2, 1, 3, 5, 4)}
M(A) = 
[[1, 3, 2, 4, 6, 5], [1, 3, 4, 2, 6, 5], [3, 1, 2, 4, 6, 5], [3, 1, 4, 2, 6, 5], [3, 4, 1, 2, 6, 5]]
Distance: 39
B = 
{(1, 2, 5, 3, 4, 6), (6, 3, 1, 4, 2, 5), (1, 6, 3, 5, 2, 4), (4, 6, 1, 5, 3, 2), (3, 4, 1, 5, 2, 6), (5, 2, 4, 3, 6, 1), (4, 1, 6, 2, 5, 3)}
M(B) = 
[[1, 3, 2, 4, 6, 5], [1, 3, 4, 2, 6, 5], [3, 1, 2, 4, 6, 5], [3, 1, 4, 2, 6, 5], [3, 4, 1, 2, 6, 5]]
Distance: 41
M(A) inter A:
set()
M(B) inter B:
set()

AUB = 
{(4, 3, 5, 2, 1, 6), (1, 2, 5, 3, 4, 6), (6, 3, 1, 4, 2, 5), (1, 2, 3, 5, 6, 4), (4, 6, 1, 5, 3, 2), (4, 1, 3, 2, 6, 5), (2, 6, 3, 1, 5, 4), (1, 6, 3, 5, 2, 4), (4, 3, 1, 6, 2, 5), (5, 2, 4, 3, 6, 1), (5, 3, 2, 6, 1, 4), (6, 2, 1, 3, 5, 4), (4, 1, 6, 2, 5, 3), (3, 4, 1, 5, 2, 6)}
M(AUB) = 
[[1, 3, 2, 4, 6, 5], [1, 3, 4, 2, 6, 5], [3, 1, 2, 4, 6, 5], [3, 1, 4, 2, 6, 5], [3, 4, 1, 2, 6, 5]]
Distance:89

(25)
A = 
{(6, 1, 2, 5, 3, 4), (4, 6, 2, 5, 3, 1), (5, 4, 6, 2, 3, 1), (1, 4, 6, 3, 2, 5), (2, 4, 3, 5, 6, 1), (5, 2, 1, 6, 3, 4), (5, 1, 4, 3, 6, 2)}
M(A) = 
[[3, 4, 2, 5, 6, 1], [4, 2, 3, 5, 6, 1], [4, 2, 5, 3, 6, 1], [4, 3, 2, 5, 6, 1]]
Distance: 40
B = 
{(1, 5, 3, 4, 2, 6), (4, 1, 3, 5, 2, 6), (3, 1, 6, 5, 4, 2), (2, 4, 5, 3, 6, 1), (6, 2, 3, 4, 1, 5), (3, 4, 2, 6, 5, 1), (3, 2, 5, 6, 1, 4)}
M(B) = 
[[3, 4, 2, 5, 6, 1], [4, 2, 3, 5, 6, 1], [4, 2, 5, 3, 6, 1], [4, 3, 2, 5, 6, 1]]
Distance: 39
M(A) inter A:
set()
M(B) inter B:
set()

AUB = 
{(6, 1, 2, 5, 3, 4), (4, 6, 2, 5, 3, 1), (4, 1, 3, 5, 2, 6), (5, 4, 6, 2, 3, 1), (3, 1, 6, 5, 4, 2), (1, 4, 6, 3, 2, 5), (2, 4, 3, 5, 6, 1), (6, 2, 3, 4, 1, 5), (2, 4, 5, 3, 6, 1), (1, 5, 3, 4, 2, 6), (5, 2, 1, 6, 3, 4), (3, 2, 5, 6, 1, 4), (5, 1, 4, 3, 6, 2), (3, 4, 2, 6, 5, 1)}
M(AUB) = 
[[3, 4, 2, 5, 6, 1], [4, 2, 3, 5, 6, 1], [4, 2, 5, 3, 6, 1], [4, 3, 2, 5, 6, 1]]
Distance:95

(26)
A = 
{(2, 3, 5, 1, 4, 6), (3, 6, 4, 1, 2, 5), (2, 6, 4, 5, 3, 1), (3, 6, 1, 5, 2, 4), (3, 5, 4, 2, 6, 1), (3, 2, 1, 5, 4, 6), (4, 6, 3, 2, 5, 1)}
M(A) = 
[[3, 2, 5, 6, 1, 4], [3, 2, 5, 6, 4, 1], [3, 2, 6, 1, 5, 4], [3, 2, 6, 5, 1, 4], [3, 2, 6, 5, 4, 1]]
Distance: 35
B = 
{(4, 2, 1, 5, 3, 6), (5, 6, 4, 1, 3, 2), (2, 6, 1, 3, 5, 4), (1, 3, 6, 4, 2, 5), (2, 3, 6, 5, 4, 1), (1, 5, 3, 6, 4, 2), (5, 2, 6, 1, 4, 3)}
M(B) = 
[[3, 2, 5, 6, 1, 4], [3, 2, 5, 6, 4, 1], [3, 2, 6, 1, 5, 4], [3, 2, 6, 5, 1, 4], [3, 2, 6, 5, 4, 1]]
Distance: 42
M(A) inter A:
set()
M(B) inter B:
set()

AUB = 
{(5, 2, 6, 1, 4, 3), (4, 2, 1, 5, 3, 6), (5, 6, 4, 1, 3, 2), (2, 3, 5, 1, 4, 6), (2, 6, 1, 3, 5, 4), (4, 6, 3, 2, 5, 1), (2, 6, 4, 5, 3, 1), (2, 3, 6, 5, 4, 1), (1, 5, 3, 6, 4, 2), (3, 6, 1, 5, 2, 4), (3, 5, 4, 2, 6, 1), (1, 3, 6, 4, 2, 5), (3, 2, 1, 5, 4, 6), (3, 6, 4, 1, 2, 5)}
M(AUB) = 
[[3, 2, 5, 6, 1, 4], [3, 2, 5, 6, 4, 1], [3, 2, 6, 1, 5, 4], [3, 2, 6, 5, 1, 4], [3, 2, 6, 5, 4, 1]]
Distance:86

(27)
A = 
{(3, 5, 4, 2, 1, 6), (1, 5, 6, 4, 2, 3), (2, 4, 1, 5, 3, 6), (2, 4, 1, 3, 6, 5), (2, 5, 4, 6, 1, 3), (5, 6, 2, 1, 3, 4), (1, 6, 2, 5, 4, 3)}
M(A) = 
[[1, 5, 2, 4, 3, 6], [1, 5, 2, 4, 6, 3], [1, 5, 2, 6, 4, 3], [1, 5, 4, 2, 3, 6], [1, 5, 4, 2, 6, 3]]
Distance: 35
B = 
{(5, 6, 1, 4, 2, 3), (5, 6, 1, 4, 3, 2), (4, 6, 1, 2, 3, 5), (3, 5, 4, 1, 2, 6), (1, 5, 2, 3, 6, 4), (1, 2, 5, 3, 6, 4), (1, 4, 5, 2, 3, 6)}
M(B) = 
[[1, 5, 2, 4, 3, 6], [1, 5, 2, 4, 6, 3], [1, 5, 2, 6, 4, 3], [1, 5, 4, 2, 3, 6], [1, 5, 4, 2, 6, 3]]
Distance: 33
M(A) inter A:
set()
M(B) inter B:
set()

AUB = 
{(1, 2, 5, 3, 6, 4), (3, 5, 4, 2, 1, 6), (1, 5, 6, 4, 2, 3), (2, 5, 4, 6, 1, 3), (1, 5, 2, 3, 6, 4), (3, 5, 4, 1, 2, 6), (5, 6, 1, 4, 3, 2), (2, 4, 1, 3, 6, 5), (5, 6, 1, 4, 2, 3), (2, 4, 1, 5, 3, 6), (5, 6, 2, 1, 3, 4), (1, 6, 2, 5, 4, 3), (4, 6, 1, 2, 3, 5), (1, 4, 5, 2, 3, 6)}
M(AUB) = 
[[1, 5, 2, 4, 3, 6], [1, 5, 2, 4, 6, 3], [1, 5, 2, 6, 4, 3], [1, 5, 4, 2, 3, 6], [1, 5, 4, 2, 6, 3]]
Distance:76

(28)
A = 
{(3, 2, 4, 5, 1, 6), (3, 2, 5, 1, 6, 4), (2, 6, 3, 1, 4, 5), (3, 2, 6, 5, 4, 1), (3, 1, 2, 4, 6, 5), (6, 1, 2, 5, 4, 3), (1, 2, 3, 4, 5, 6)}
M(A) = 
[[3, 2, 6, 1, 4, 5]]
Distance: 30
B = 
{(3, 6, 5, 2, 1, 4), (2, 3, 5, 1, 6, 4), (3, 4, 5, 6, 2, 1), (3, 5, 6, 1, 2, 4), (1, 3, 2, 4, 5, 6), (4, 2, 6, 3, 1, 5), (2, 6, 4, 1, 3, 5)}
M(B) = 
[[3, 2, 6, 1, 4, 5]]
Distance: 37
M(A) inter A:
set()
M(B) inter B:
set()

AUB = 
{(3, 2, 4, 5, 1, 6), (3, 6, 5, 2, 1, 4), (2, 3, 5, 1, 6, 4), (3, 2, 6, 5, 4, 1), (3, 5, 6, 1, 2, 4), (2, 6, 3, 1, 4, 5), (3, 2, 5, 1, 6, 4), (3, 1, 2, 4, 6, 5), (6, 1, 2, 5, 4, 3), (4, 2, 6, 3, 1, 5), (3, 4, 5, 6, 2, 1), (2, 6, 4, 1, 3, 5), (1, 3, 2, 4, 5, 6), (1, 2, 3, 4, 5, 6)}
M(AUB) = 
[[3, 2, 6, 1, 4, 5]]
Distance:69

(29)
A = 
{(1, 3, 2, 4, 5, 6), (3, 2, 1, 4, 6, 5), (3, 1, 6, 5, 4, 2), (2, 5, 1, 4, 6, 3), (2, 4, 3, 5, 6, 1), (3, 6, 1, 5, 4, 2), (1, 2, 3, 4, 5, 6)}
M(A) = 
[[1, 2, 3, 5, 4, 6], [1, 2, 3, 5, 6, 4], [1, 2, 3, 6, 5, 4], [1, 3, 2, 5, 4, 6], [1, 3, 2, 5, 6, 4], [1, 3, 2, 6, 5, 4], [1, 3, 6, 2, 5, 4], [2, 1, 3, 5, 4, 6], [2, 1, 3, 5, 6, 4], [2, 1, 3, 6, 5, 4]]
Distance: 32
B = 
{(6, 3, 4, 2, 5, 1), (5, 3, 6, 4, 2, 1), (1, 6, 5, 3, 4, 2), (5, 1, 4, 6, 2, 3), (5, 1, 2, 4, 3, 6), (6, 2, 5, 1, 3, 4), (2, 1, 6, 3, 4, 5)}
M(B) = 
[[1, 2, 3, 5, 4, 6], [1, 2, 3, 5, 6, 4], [1, 2, 3, 6, 5, 4], [1, 3, 2, 5, 4, 6], [1, 3, 2, 5, 6, 4], [1, 3, 2, 6, 5, 4], [1, 3, 6, 2, 5, 4], [2, 1, 3, 5, 4, 6], [2, 1, 3, 5, 6, 4], [2, 1, 3, 6, 5, 4]]
Distance: 38
M(A) inter A:
set()
M(B) inter B:
set()

AUB = 
{(1, 3, 2, 4, 5, 6), (3, 2, 1, 4, 6, 5), (5, 3, 6, 4, 2, 1), (3, 1, 6, 5, 4, 2), (2, 1, 6, 3, 4, 5), (2, 4, 3, 5, 6, 1), (1, 6, 5, 3, 4, 2), (5, 1, 4, 6, 2, 3), (2, 5, 1, 4, 6, 3), (5, 1, 2, 4, 3, 6), (3, 6, 1, 5, 4, 2), (6, 2, 5, 1, 3, 4), (6, 3, 4, 2, 5, 1), (1, 2, 3, 4, 5, 6)}
M(AUB) = 
[[1, 2, 3, 5, 4, 6], [1, 2, 3, 5, 6, 4], [1, 2, 3, 6, 5, 4], [1, 3, 2, 5, 4, 6], [1, 3, 2, 5, 6, 4], [1, 3, 2, 6, 5, 4], [1, 3, 6, 2, 5, 4], [2, 1, 3, 5, 4, 6], [2, 1, 3, 5, 6, 4], [2, 1, 3, 6, 5, 4]]
Distance:90

(30)
A = 
{(4, 6, 2, 3, 5, 1), (1, 5, 3, 2, 4, 6), (5, 2, 4, 3, 1, 6), (2, 4, 1, 3, 6, 5), (1, 5, 6, 2, 4, 3), (1, 5, 4, 3, 6, 2), (5, 3, 1, 6, 4, 2)}
M(A) = 
[[5, 1, 2, 3, 4, 6], [5, 1, 2, 4, 3, 6], [5, 1, 3, 2, 4, 6], [5, 1, 3, 6, 2, 4], [5, 2, 1, 3, 4, 6], [5, 2, 1, 4, 3, 6], [5, 2, 3, 1, 4, 6], [5, 3, 1, 2, 4, 6], [5, 3, 1, 6, 2, 4], [5, 3, 2, 1, 4, 6]]
Distance: 37
B = 
{(5, 3, 1, 2, 6, 4), (3, 4, 5, 6, 2, 1), (5, 2, 1, 3, 4, 6), (5, 4, 2, 3, 1, 6), (6, 2, 5, 4, 1, 3), (1, 3, 6, 2, 5, 4), (3, 5, 1, 6, 2, 4)}
M(B) = 
[[5, 1, 2, 3, 4, 6], [5, 1, 2, 4, 3, 6], [5, 1, 3, 2, 4, 6], [5, 1, 3, 6, 2, 4], [5, 2, 1, 3, 4, 6], [5, 2, 1, 4, 3, 6], [5, 2, 3, 1, 4, 6], [5, 3, 1, 2, 4, 6], [5, 3, 1, 6, 2, 4], [5, 3, 2, 1, 4, 6]]
Distance: 35
M(A) inter A:
set()
M(B) inter B:
set()

AUB = 
{(4, 6, 2, 3, 5, 1), (1, 5, 3, 2, 4, 6), (5, 2, 4, 3, 1, 6), (6, 2, 5, 4, 1, 3), (1, 3, 6, 2, 5, 4), (3, 4, 5, 6, 2, 1), (2, 4, 1, 3, 6, 5), (1, 5, 6, 2, 4, 3), (3, 5, 1, 6, 2, 4), (5, 4, 2, 3, 1, 6), (1, 5, 4, 3, 6, 2), (5, 3, 1, 2, 6, 4), (5, 3, 1, 6, 4, 2), (5, 2, 1, 3, 4, 6)}
M(AUB) = 
[[5, 1, 2, 3, 4, 6], [5, 1, 2, 4, 3, 6], [5, 1, 3, 2, 4, 6], [5, 1, 3, 6, 2, 4], [5, 2, 1, 3, 4, 6], [5, 2, 1, 4, 3, 6], [5, 2, 3, 1, 4, 6], [5, 3, 1, 2, 4, 6], [5, 3, 1, 6, 2, 4], [5, 3, 2, 1, 4, 6]]
Distance:80

(31)
A = 
{(2, 6, 1, 4, 3, 5), (6, 5, 4, 1, 3, 2), (6, 3, 5, 1, 4, 2), (1, 5, 6, 2, 4, 3), (4, 1, 6, 2, 5, 3), (3, 2, 6, 4, 5, 1), (1, 6, 2, 5, 4, 3)}
M(A) = 
[[1, 6, 2, 4, 3, 5], [1, 6, 2, 4, 5, 3], [1, 6, 4, 2, 3, 5], [1, 6, 4, 2, 5, 3], [1, 6, 4, 3, 2, 5]]
Distance: 35
B = 
{(1, 4, 3, 2, 6, 5), (5, 3, 1, 2, 6, 4), (4, 5, 1, 6, 2, 3), (3, 6, 2, 4, 5, 1), (1, 4, 3, 5, 6, 2), (2, 1, 4, 5, 6, 3), (1, 4, 2, 6, 3, 5)}
M(B) = 
[[1, 6, 2, 4, 3, 5], [1, 6, 2, 4, 5, 3], [1, 6, 4, 2, 3, 5], [1, 6, 4, 2, 5, 3], [1, 6, 4, 3, 2, 5]]
Distance: 36
M(A) inter A:
set()
M(B) inter B:
set()

AUB = 
{(2, 6, 1, 4, 3, 5), (1, 4, 3, 2, 6, 5), (4, 5, 1, 6, 2, 3), (6, 5, 4, 1, 3, 2), (6, 3, 5, 1, 4, 2), (3, 6, 2, 4, 5, 1), (1, 5, 6, 2, 4, 3), (4, 1, 6, 2, 5, 3), (3, 2, 6, 4, 5, 1), (1, 6, 2, 5, 4, 3), (5, 3, 1, 2, 6, 4), (1, 4, 3, 5, 6, 2), (2, 1, 4, 5, 6, 3), (1, 4, 2, 6, 3, 5)}
M(AUB) = 
[[1, 6, 2, 4, 3, 5], [1, 6, 2, 4, 5, 3], [1, 6, 4, 2, 3, 5], [1, 6, 4, 2, 5, 3], [1, 6, 4, 3, 2, 5]]
Distance:82

(32)
A = 
{(4, 6, 2, 5, 3, 1), (6, 3, 1, 2, 5, 4), (2, 1, 6, 4, 5, 3), (1, 6, 3, 4, 2, 5), (4, 2, 5, 3, 1, 6), (5, 2, 4, 6, 1, 3), (4, 2, 1, 3, 5, 6)}
M(A) = 
[[2, 1, 4, 6, 5, 3], [2, 4, 1, 6, 5, 3], [4, 2, 1, 6, 5, 3]]
Distance: 38
B = 
{(3, 2, 1, 4, 6, 5), (5, 3, 4, 1, 6, 2), (2, 6, 5, 4, 3, 1), (1, 6, 5, 4, 3, 2), (1, 2, 4, 5, 6, 3), (3, 2, 6, 5, 1, 4), (5, 4, 6, 1, 2, 3)}
M(B) = 
[[2, 1, 4, 6, 5, 3], [2, 4, 1, 6, 5, 3], [4, 2, 1, 6, 5, 3]]
Distance: 47
M(A) inter A:
set()
M(B) inter B:
set()

AUB = 
{(4, 6, 2, 5, 3, 1), (2, 6, 5, 4, 3, 1), (2, 1, 6, 4, 5, 3), (5, 3, 4, 1, 6, 2), (1, 6, 5, 4, 3, 2), (3, 2, 1, 4, 6, 5), (1, 6, 3, 4, 2, 5), (4, 2, 5, 3, 1, 6), (5, 2, 4, 6, 1, 3), (6, 3, 1, 2, 5, 4), (1, 2, 4, 5, 6, 3), (3, 2, 6, 5, 1, 4), (4, 2, 1, 3, 5, 6), (5, 4, 6, 1, 2, 3)}
M(AUB) = 
[[2, 1, 4, 6, 5, 3], [2, 4, 1, 6, 5, 3], [4, 2, 1, 6, 5, 3]]
Distance:90

(33)
A = 
{(4, 6, 3, 5, 1, 2), (5, 4, 1, 2, 3, 6), (6, 5, 3, 2, 1, 4), (2, 5, 1, 6, 3, 4), (4, 5, 6, 1, 3, 2), (2, 4, 1, 5, 3, 6), (5, 2, 3, 4, 1, 6)}
M(A) = 
[[4, 2, 5, 1, 6, 3], [4, 5, 1, 2, 6, 3], [4, 5, 2, 1, 6, 3]]
Distance: 37
B = 
{(2, 6, 3, 1, 4, 5), (6, 4, 1, 2, 3, 5), (1, 4, 5, 6, 3, 2), (5, 4, 3, 1, 2, 6), (3, 4, 2, 5, 1, 6), (4, 1, 6, 2, 5, 3), (2, 1, 3, 6, 4, 5)}
M(B) = 
[[4, 2, 5, 1, 6, 3], [4, 5, 1, 2, 6, 3], [4, 5, 2, 1, 6, 3]]
Distance: 39
M(A) inter A:
set()
M(B) inter B:
set()

AUB = 
{(2, 6, 3, 1, 4, 5), (6, 4, 1, 2, 3, 5), (6, 5, 3, 2, 1, 4), (5, 4, 1, 2, 3, 6), (1, 4, 5, 6, 3, 2), (5, 4, 3, 1, 2, 6), (4, 6, 3, 5, 1, 2), (3, 4, 2, 5, 1, 6), (2, 5, 1, 6, 3, 4), (4, 5, 6, 1, 3, 2), (4, 1, 6, 2, 5, 3), (2, 1, 3, 6, 4, 5), (2, 4, 1, 5, 3, 6), (5, 2, 3, 4, 1, 6)}
M(AUB) = 
[[4, 2, 5, 1, 6, 3], [4, 5, 1, 2, 6, 3], [4, 5, 2, 1, 6, 3]]
Distance:87

(34)
A = 
{(3, 4, 6, 2, 5, 1), (5, 6, 3, 4, 1, 2), (4, 1, 5, 2, 6, 3), (2, 4, 1, 3, 6, 5), (2, 5, 1, 6, 3, 4), (6, 2, 4, 5, 1, 3), (2, 6, 1, 5, 4, 3)}
M(A) = 
[[4, 2, 5, 1, 6, 3], [4, 2, 5, 6, 1, 3], [4, 2, 6, 5, 1, 3]]
Distance: 38
B = 
{(5, 3, 1, 4, 6, 2), (4, 6, 2, 1, 3, 5), (3, 4, 1, 5, 6, 2), (4, 2, 6, 3, 5, 1), (5, 2, 1, 3, 6, 4), (2, 4, 6, 5, 1, 3), (1, 5, 4, 3, 2, 6)}
M(B) = 
[[4, 2, 5, 1, 6, 3], [4, 2, 5, 6, 1, 3], [4, 2, 6, 5, 1, 3]]
Distance: 42
M(A) inter A:
set()
M(B) inter B:
set()

AUB = 
{(5, 3, 1, 4, 6, 2), (3, 4, 1, 5, 6, 2), (3, 4, 6, 2, 5, 1), (5, 6, 3, 4, 1, 2), (4, 2, 6, 3, 5, 1), (4, 1, 5, 2, 6, 3), (2, 4, 1, 3, 6, 5), (4, 6, 2, 1, 3, 5), (2, 4, 6, 5, 1, 3), (2, 5, 1, 6, 3, 4), (5, 2, 1, 3, 6, 4), (6, 2, 4, 5, 1, 3), (1, 5, 4, 3, 2, 6), (2, 6, 1, 5, 4, 3)}
M(AUB) = 
[[4, 2, 5, 1, 6, 3], [4, 2, 5, 6, 1, 3], [4, 2, 6, 5, 1, 3]]
Distance:86

(35)
A = 
{(2, 5, 6, 4, 3, 1), (5, 4, 3, 2, 6, 1), (3, 4, 1, 5, 6, 2), (2, 5, 4, 3, 6, 1), (5, 1, 2, 3, 4, 6), (2, 3, 1, 5, 4, 6), (6, 3, 4, 2, 5, 1)}
M(A) = 
[[2, 5, 3, 4, 1, 6], [2, 5, 4, 3, 1, 6]]
Distance: 34
B = 
{(2, 4, 5, 1, 3, 6), (2, 6, 5, 4, 1, 3), (4, 2, 1, 5, 6, 3), (3, 1, 4, 5, 2, 6), (5, 4, 1, 3, 6, 2), (5, 3, 2, 4, 1, 6), (2, 6, 1, 3, 4, 5)}
M(B) = 
[[2, 5, 3, 4, 1, 6], [2, 5, 4, 3, 1, 6]]
Distance: 36
M(A) inter A:
set()
M(B) inter B:
{(2, 4, 5, 1, 3, 6)}

AUB = 
{(2, 4, 5, 1, 3, 6), (2, 5, 6, 4, 3, 1), (2, 6, 1, 3, 4, 5), (5, 4, 3, 2, 6, 1), (3, 1, 4, 5, 2, 6), (3, 4, 1, 5, 6, 2), (2, 5, 4, 3, 6, 1), (5, 1, 2, 3, 4, 6), (2, 3, 1, 5, 4, 6), (5, 4, 1, 3, 6, 2), (2, 6, 5, 4, 1, 3), (4, 2, 1, 5, 6, 3), (6, 3, 4, 2, 5, 1), (5, 3, 2, 4, 1, 6)}
M(AUB) = 
[[2, 5, 3, 4, 1, 6], [2, 5, 4, 3, 1, 6]]
Distance:76

(36)
A = 
{(1, 3, 6, 5, 2, 4), (4, 1, 3, 6, 2, 5), (4, 5, 6, 3, 2, 1), (4, 5, 6, 1, 3, 2), (6, 4, 3, 2, 1, 5), (4, 3, 5, 1, 2, 6), (4, 3, 2, 6, 5, 1)}
M(A) = 
[[1, 4, 3, 2, 6, 5], [1, 4, 3, 6, 2, 5], [1, 4, 3, 6, 5, 2], [4, 1, 3, 2, 6, 5], [4, 1, 3, 6, 2, 5], [4, 1, 3, 6, 5, 2], [4, 3, 1, 2, 6, 5], [4, 3, 1, 6, 2, 5], [4, 3, 1, 6, 5, 2]]
Distance: 31
B = 
{(5, 3, 1, 2, 4, 6), (1, 2, 6, 3, 5, 4), (6, 3, 5, 2, 1, 4), (6, 1, 4, 2, 3, 5), (1, 3, 2, 4, 6, 5), (1, 4, 5, 3, 2, 6), (4, 3, 2, 5, 1, 6)}
M(B) = 
[[1, 4, 3, 2, 6, 5], [1, 4, 3, 6, 2, 5], [1, 4, 3, 6, 5, 2], [4, 1, 3, 2, 6, 5], [4, 1, 3, 6, 2, 5], [4, 1, 3, 6, 5, 2], [4, 3, 1, 2, 6, 5], [4, 3, 1, 6, 2, 5], [4, 3, 1, 6, 5, 2]]
Distance: 38
M(A) inter A:
set()
M(B) inter B:
{(1, 3, 2, 4, 6, 5)}

AUB = 
{(5, 3, 1, 2, 4, 6), (4, 5, 6, 1, 3, 2), (1, 3, 6, 5, 2, 4), (1, 2, 6, 3, 5, 4), (6, 3, 5, 2, 1, 4), (1, 3, 2, 4, 6, 5), (4, 1, 3, 6, 2, 5), (6, 1, 4, 2, 3, 5), (4, 5, 6, 3, 2, 1), (4, 3, 2, 6, 5, 1), (1, 4, 5, 3, 2, 6), (6, 4, 3, 2, 1, 5), (4, 3, 5, 1, 2, 6), (4, 3, 2, 5, 1, 6)}
M(AUB) = 
[[1, 4, 3, 2, 6, 5], [1, 4, 3, 6, 2, 5], [1, 4, 3, 6, 5, 2], [4, 1, 3, 2, 6, 5], [4, 1, 3, 6, 2, 5], [4, 1, 3, 6, 5, 2], [4, 3, 1, 2, 6, 5], [4, 3, 1, 6, 2, 5], [4, 3, 1, 6, 5, 2]]
Distance:83

(37)
A = 
{(6, 2, 1, 4, 5, 3), (6, 4, 1, 5, 2, 3), (2, 1, 6, 5, 3, 4), (3, 1, 5, 6, 2, 4), (3, 6, 5, 2, 4, 1), (5, 1, 2, 4, 3, 6), (5, 4, 1, 3, 2, 6)}
M(A) = 
[[1, 5, 3, 6, 2, 4], [5, 1, 3, 6, 2, 4], [5, 3, 1, 6, 2, 4], [5, 3, 6, 1, 2, 4]]
Distance: 40
B = 
{(6, 3, 4, 1, 5, 2), (2, 5, 3, 1, 4, 6), (6, 1, 5, 3, 2, 4), (3, 4, 5, 6, 2, 1), (4, 3, 1, 5, 6, 2), (5, 1, 3, 2, 4, 6), (5, 3, 2, 6, 1, 4)}
M(B) = 
[[1, 5, 3, 6, 2, 4], [5, 1, 3, 6, 2, 4], [5, 3, 1, 6, 2, 4], [5, 3, 6, 1, 2, 4]]
Distance: 37
M(A) inter A:
set()
M(B) inter B:
set()

AUB = 
{(6, 3, 4, 1, 5, 2), (6, 2, 1, 4, 5, 3), (2, 5, 3, 1, 4, 6), (6, 4, 1, 5, 2, 3), (3, 1, 5, 6, 2, 4), (4, 3, 1, 5, 6, 2), (5, 3, 2, 6, 1, 4), (6, 1, 5, 3, 2, 4), (2, 1, 6, 5, 3, 4), (3, 6, 5, 2, 4, 1), (5, 1, 2, 4, 3, 6), (5, 4, 1, 3, 2, 6), (3, 4, 5, 6, 2, 1), (5, 1, 3, 2, 4, 6)}
M(AUB) = 
[[1, 5, 3, 6, 2, 4], [5, 1, 3, 6, 2, 4], [5, 3, 1, 6, 2, 4], [5, 3, 6, 1, 2, 4]]
Distance:84

(38)
A = 
{(6, 3, 1, 5, 4, 2), (1, 2, 3, 5, 6, 4), (1, 6, 3, 2, 5, 4), (6, 3, 5, 4, 2, 1), (2, 4, 1, 5, 6, 3), (2, 1, 5, 3, 6, 4), (1, 6, 2, 3, 5, 4)}
M(A) = 
[[1, 2, 6, 3, 4, 5], [1, 2, 6, 3, 5, 4], [1, 2, 6, 4, 3, 5], [1, 2, 6, 4, 5, 3], [1, 2, 6, 5, 3, 4], [1, 2, 6, 5, 4, 3], [1, 6, 2, 3, 4, 5], [1, 6, 2, 3, 5, 4], [1, 6, 2, 4, 3, 5], [1, 6, 2, 4, 5, 3], [1, 6, 2, 5, 3, 4], [1, 6, 2, 5, 4, 3], [2, 1, 6, 3, 4, 5], [2, 1, 6, 3, 5, 4], [2, 1, 6, 4, 3, 5], [2, 1, 6, 4, 5, 3], [2, 1, 6, 5, 3, 4], [2, 1, 6, 5, 4, 3]]
Distance: 30
B = 
{(2, 1, 4, 5, 3, 6), (1, 2, 4, 5, 3, 6), (4, 6, 5, 3, 1, 2), (4, 2, 1, 6, 5, 3), (2, 3, 4, 1, 5, 6), (6, 2, 5, 4, 1, 3), (6, 1, 2, 4, 3, 5)}
M(B) = 
[[1, 2, 6, 3, 4, 5], [1, 2, 6, 3, 5, 4], [1, 2, 6, 4, 3, 5], [1, 2, 6, 4, 5, 3], [1, 2, 6, 5, 3, 4], [1, 2, 6, 5, 4, 3], [1, 6, 2, 3, 4, 5], [1, 6, 2, 3, 5, 4], [1, 6, 2, 4, 3, 5], [1, 6, 2, 4, 5, 3], [1, 6, 2, 5, 3, 4], [1, 6, 2, 5, 4, 3], [2, 1, 6, 3, 4, 5], [2, 1, 6, 3, 5, 4], [2, 1, 6, 4, 3, 5], [2, 1, 6, 4, 5, 3], [2, 1, 6, 5, 3, 4], [2, 1, 6, 5, 4, 3]]
Distance: 32
M(A) inter A:
set()
M(B) inter B:
set()

AUB = 
{(2, 1, 4, 5, 3, 6), (1, 2, 4, 5, 3, 6), (6, 3, 1, 5, 4, 2), (1, 2, 3, 5, 6, 4), (1, 6, 3, 2, 5, 4), (6, 3, 5, 4, 2, 1), (4, 2, 1, 6, 5, 3), (4, 6, 5, 3, 1, 2), (6, 2, 5, 4, 1, 3), (1, 6, 2, 3, 5, 4), (2, 1, 5, 3, 6, 4), (2, 3, 4, 1, 5, 6), (6, 1, 2, 4, 3, 5), (2, 4, 1, 5, 6, 3)}
M(AUB) = 
[[1, 2, 6, 3, 4, 5], [1, 2, 6, 3, 5, 4], [1, 2, 6, 4, 3, 5], [1, 2, 6, 4, 5, 3], [1, 2, 6, 5, 3, 4], [1, 2, 6, 5, 4, 3], [1, 6, 2, 3, 4, 5], [1, 6, 2, 3, 5, 4], [1, 6, 2, 4, 3, 5], [1, 6, 2, 4, 5, 3], [1, 6, 2, 5, 3, 4], [1, 6, 2, 5, 4, 3], [2, 1, 6, 3, 4, 5], [2, 1, 6, 3, 5, 4], [2, 1, 6, 4, 3, 5], [2, 1, 6, 4, 5, 3], [2, 1, 6, 5, 3, 4], [2, 1, 6, 5, 4, 3]]
Distance:81

(39)
A = 
{(2, 3, 6, 5, 4, 1), (1, 2, 5, 3, 4, 6), (4, 3, 6, 2, 1, 5), (3, 2, 1, 6, 5, 4), (3, 6, 5, 2, 4, 1), (5, 4, 3, 6, 2, 1), (3, 2, 4, 1, 6, 5)}
M(A) = 
[[2, 3, 5, 4, 6, 1], [2, 3, 6, 5, 4, 1], [2, 5, 3, 4, 6, 1], [2, 5, 4, 3, 6, 1], [3, 2, 5, 4, 6, 1], [3, 2, 6, 5, 4, 1], [3, 5, 2, 4, 6, 1], [3, 6, 2, 5, 4, 1], [3, 6, 5, 2, 4, 1], [5, 2, 3, 4, 6, 1], [5, 2, 4, 3, 6, 1], [5, 3, 2, 4, 6, 1]]
Distance: 32
B = 
{(5, 4, 2, 6, 1, 3), (6, 5, 2, 3, 4, 1), (2, 4, 1, 3, 5, 6), (4, 5, 1, 3, 6, 2), (6, 5, 2, 1, 4, 3), (4, 5, 3, 1, 6, 2), (2, 3, 6, 5, 1, 4)}
M(B) = 
[[2, 3, 5, 4, 6, 1], [2, 3, 6, 5, 4, 1], [2, 5, 3, 4, 6, 1], [2, 5, 4, 3, 6, 1], [3, 2, 5, 4, 6, 1], [3, 2, 6, 5, 4, 1], [3, 5, 2, 4, 6, 1], [3, 6, 2, 5, 4, 1], [3, 6, 5, 2, 4, 1], [5, 2, 3, 4, 6, 1], [5, 2, 4, 3, 6, 1], [5, 3, 2, 4, 6, 1]]
Distance: 39
M(A) inter A:
set()
M(B) inter B:
set()

AUB = 
{(5, 4, 2, 6, 1, 3), (6, 5, 2, 3, 4, 1), (2, 4, 1, 3, 5, 6), (4, 5, 1, 3, 6, 2), (2, 3, 6, 5, 4, 1), (1, 2, 5, 3, 4, 6), (4, 3, 6, 2, 1, 5), (3, 2, 1, 6, 5, 4), (3, 6, 5, 2, 4, 1), (2, 3, 6, 5, 1, 4), (6, 5, 2, 1, 4, 3), (5, 4, 3, 6, 2, 1), (4, 5, 3, 1, 6, 2), (3, 2, 4, 1, 6, 5)}
M(AUB) = 
[[2, 3, 5, 4, 6, 1], [2, 3, 6, 5, 4, 1], [2, 5, 3, 4, 6, 1], [2, 5, 4, 3, 6, 1], [3, 2, 5, 4, 6, 1], [3, 2, 6, 5, 4, 1], [3, 5, 2, 4, 6, 1], [3, 6, 2, 5, 4, 1], [3, 6, 5, 2, 4, 1], [5, 2, 3, 4, 6, 1], [5, 2, 4, 3, 6, 1], [5, 3, 2, 4, 6, 1]]
Distance:85

(40)
A = 
{(5, 4, 2, 6, 1, 3), (6, 2, 4, 1, 3, 5), (3, 2, 5, 6, 4, 1), (6, 4, 2, 5, 1, 3), (4, 1, 6, 2, 5, 3), (3, 5, 2, 1, 4, 6), (3, 1, 2, 4, 6, 5)}
M(A) = 
[[4, 2, 1, 3, 6, 5], [4, 2, 1, 6, 3, 5], [4, 2, 6, 1, 3, 5], [4, 6, 2, 1, 3, 5]]
Distance: 43
B = 
{(4, 2, 5, 6, 1, 3), (5, 4, 3, 6, 1, 2), (4, 1, 5, 3, 6, 2), (2, 1, 6, 3, 5, 4), (6, 1, 4, 3, 5, 2), (3, 1, 6, 4, 2, 5), (2, 3, 1, 4, 6, 5)}
M(B) = 
[[4, 2, 1, 3, 6, 5], [4, 2, 1, 6, 3, 5], [4, 2, 6, 1, 3, 5], [4, 6, 2, 1, 3, 5]]
Distance: 42
M(A) inter A:
set()
M(B) inter B:
set()

AUB = 
{(4, 2, 5, 6, 1, 3), (6, 1, 4, 3, 5, 2), (5, 4, 2, 6, 1, 3), (3, 1, 6, 4, 2, 5), (5, 4, 3, 6, 1, 2), (6, 2, 4, 1, 3, 5), (4, 1, 5, 3, 6, 2), (3, 2, 5, 6, 4, 1), (6, 4, 2, 5, 1, 3), (3, 1, 2, 4, 6, 5), (2, 3, 1, 4, 6, 5), (3, 5, 2, 1, 4, 6), (4, 1, 6, 2, 5, 3), (2, 1, 6, 3, 5, 4)}
M(AUB) = 
[[4, 2, 1, 3, 6, 5], [4, 2, 1, 6, 3, 5], [4, 2, 6, 1, 3, 5], [4, 6, 2, 1, 3, 5]]
Distance:92

(41)
A = 
{(4, 2, 1, 5, 3, 6), (5, 6, 3, 1, 2, 4), (4, 2, 1, 6, 3, 5), (3, 1, 5, 4, 2, 6), (6, 1, 5, 2, 3, 4), (3, 4, 5, 2, 6, 1), (6, 3, 4, 2, 5, 1)}
M(A) = 
[[6, 3, 4, 1, 5, 2], [6, 3, 4, 2, 1, 5]]
Distance: 45
B = 
{(1, 5, 3, 2, 6, 4), (1, 5, 6, 4, 2, 3), (1, 6, 3, 5, 2, 4), (3, 6, 2, 4, 1, 5), (4, 2, 6, 1, 5, 3), (4, 6, 3, 5, 2, 1), (2, 3, 5, 4, 1, 6)}
M(B) = 
[[6, 3, 4, 1, 5, 2], [6, 3, 4, 2, 1, 5]]
Distance: 46
M(A) inter A:
set()
M(B) inter B:
{(1, 6, 3, 5, 2, 4)}

AUB = 
{(1, 5, 3, 2, 6, 4), (4, 2, 1, 5, 3, 6), (5, 6, 3, 1, 2, 4), (2, 3, 5, 4, 1, 6), (4, 2, 1, 6, 3, 5), (3, 6, 2, 4, 1, 5), (3, 1, 5, 4, 2, 6), (1, 6, 3, 5, 2, 4), (6, 1, 5, 2, 3, 4), (3, 4, 5, 2, 6, 1), (1, 5, 6, 4, 2, 3), (4, 6, 3, 5, 2, 1), (4, 2, 6, 1, 5, 3), (6, 3, 4, 2, 5, 1)}
M(AUB) = 
[[6, 3, 4, 1, 5, 2], [6, 3, 4, 2, 1, 5]]
Distance:96

(42)
A = 
{(3, 4, 5, 1, 2, 6), (2, 3, 1, 6, 5, 4), (6, 2, 3, 5, 4, 1), (3, 6, 4, 5, 1, 2), (5, 3, 1, 6, 4, 2), (5, 3, 2, 4, 1, 6), (6, 5, 1, 3, 2, 4)}
M(A) = 
[[3, 5, 6, 4, 1, 2], [3, 6, 5, 4, 1, 2]]
Distance: 35
B = 
{(4, 3, 2, 6, 1, 5), (1, 5, 6, 2, 3, 4), (5, 3, 6, 1, 2, 4), (3, 5, 4, 6, 1, 2), (3, 2, 6, 1, 5, 4), (6, 4, 3, 2, 5, 1), (4, 5, 1, 3, 6, 2)}
M(B) = 
[[3, 5, 6, 4, 1, 2], [3, 6, 5, 4, 1, 2]]
Distance: 39
M(A) inter A:
set()
M(B) inter B:
set()

AUB = 
{(3, 4, 5, 1, 2, 6), (2, 3, 1, 6, 5, 4), (6, 2, 3, 5, 4, 1), (1, 5, 6, 2, 3, 4), (5, 3, 6, 1, 2, 4), (3, 6, 4, 5, 1, 2), (3, 2, 6, 1, 5, 4), (6, 4, 3, 2, 5, 1), (3, 5, 4, 6, 1, 2), (4, 5, 1, 3, 6, 2), (5, 3, 1, 6, 4, 2), (5, 3, 2, 4, 1, 6), (4, 3, 2, 6, 1, 5), (6, 5, 1, 3, 2, 4)}
M(AUB) = 
[[3, 5, 6, 4, 1, 2], [3, 6, 5, 4, 1, 2]]
Distance:75

(43)
A = 
{(6, 2, 5, 3, 1, 4), (4, 2, 5, 1, 6, 3), (2, 5, 6, 1, 4, 3), (1, 3, 6, 2, 4, 5), (1, 6, 3, 2, 4, 5), (3, 4, 5, 2, 6, 1), (3, 1, 6, 2, 5, 4)}
M(A) = 
[[1, 2, 5, 6, 3, 4], [1, 2, 6, 5, 3, 4], [1, 6, 2, 5, 3, 4], [1, 6, 3, 2, 5, 4]]
Distance: 41
B = 
{(5, 3, 1, 2, 4, 6), (5, 2, 4, 3, 1, 6), (1, 2, 6, 3, 5, 4), (2, 6, 1, 4, 5, 3), (1, 5, 3, 6, 4, 2), (6, 3, 1, 2, 4, 5), (5, 1, 6, 4, 3, 2)}
M(B) = 
[[1, 2, 5, 6, 3, 4], [1, 2, 6, 5, 3, 4], [1, 6, 2, 5, 3, 4], [1, 6, 3, 2, 5, 4]]
Distance: 38
M(A) inter A:
set()
M(B) inter B:
set()

AUB = 
{(6, 2, 5, 3, 1, 4), (5, 3, 1, 2, 4, 6), (4, 2, 5, 1, 6, 3), (1, 2, 6, 3, 5, 4), (5, 2, 4, 3, 1, 6), (2, 5, 6, 1, 4, 3), (1, 3, 6, 2, 4, 5), (1, 5, 3, 6, 4, 2), (1, 6, 3, 2, 4, 5), (5, 1, 6, 4, 3, 2), (3, 4, 5, 2, 6, 1), (2, 6, 1, 4, 5, 3), (6, 3, 1, 2, 4, 5), (3, 1, 6, 2, 5, 4)}
M(AUB) = 
[[1, 2, 5, 6, 3, 4], [1, 2, 6, 5, 3, 4], [1, 6, 2, 5, 3, 4], [1, 6, 3, 2, 5, 4]]
Distance:85

(44)
A = 
{(6, 2, 3, 5, 1, 4), (2, 6, 5, 4, 1, 3), (1, 2, 3, 5, 6, 4), (1, 2, 6, 4, 5, 3), (3, 1, 5, 2, 6, 4), (1, 2, 6, 5, 3, 4), (2, 6, 3, 4, 5, 1)}
M(A) = 
[[2, 6, 5, 1, 3, 4], [2, 6, 5, 1, 4, 3], [2, 6, 5, 4, 1, 3]]
Distance: 28
B = 
{(6, 5, 2, 1, 3, 4), (3, 2, 6, 5, 4, 1), (2, 4, 5, 3, 6, 1), (4, 1, 6, 3, 5, 2), (5, 4, 6, 1, 3, 2), (5, 4, 1, 3, 6, 2), (5, 6, 1, 2, 4, 3)}
M(B) = 
[[2, 6, 5, 1, 3, 4], [2, 6, 5, 1, 4, 3], [2, 6, 5, 4, 1, 3]]
Distance: 36
M(A) inter A:
set()
M(B) inter B:
{(5, 4, 6, 1, 3, 2)}

AUB = 
{(6, 5, 2, 1, 3, 4), (3, 1, 5, 2, 6, 4), (2, 6, 5, 4, 1, 3), (1, 2, 3, 5, 6, 4), (5, 6, 1, 2, 4, 3), (1, 2, 6, 4, 5, 3), (2, 4, 5, 3, 6, 1), (6, 2, 3, 5, 1, 4), (3, 2, 6, 5, 4, 1), (1, 2, 6, 5, 3, 4), (4, 1, 6, 3, 5, 2), (5, 4, 6, 1, 3, 2), (2, 6, 3, 4, 5, 1), (5, 4, 1, 3, 6, 2)}
M(AUB) = 
[[2, 6, 5, 1, 3, 4], [2, 6, 5, 1, 4, 3], [2, 6, 5, 4, 1, 3]]
Distance:83

(45)
A = 
{(2, 6, 5, 1, 4, 3), (1, 2, 6, 3, 5, 4), (4, 6, 1, 2, 5, 3), (3, 5, 2, 4, 6, 1), (1, 3, 6, 2, 4, 5), (6, 2, 5, 4, 1, 3), (5, 1, 4, 3, 6, 2)}
M(A) = 
[[1, 3, 6, 2, 5, 4]]
Distance: 40
B = 
{(5, 3, 4, 2, 1, 6), (3, 6, 1, 2, 4, 5), (4, 6, 5, 3, 1, 2), (3, 5, 6, 4, 2, 1), (1, 3, 6, 2, 4, 5), (1, 2, 3, 4, 6, 5), (1, 3, 6, 5, 4, 2)}
M(B) = 
[[1, 3, 6, 2, 5, 4]]
Distance: 35
M(A) inter A:
set()
M(B) inter B:
set()

AUB = 
{(2, 6, 5, 1, 4, 3), (3, 6, 1, 2, 4, 5), (1, 2, 6, 3, 5, 4), (4, 6, 1, 2, 5, 3), (3, 5, 6, 4, 2, 1), (3, 5, 2, 4, 6, 1), (5, 3, 4, 2, 1, 6), (1, 3, 6, 2, 4, 5), (4, 6, 5, 3, 1, 2), (6, 2, 5, 4, 1, 3), (1, 2, 3, 4, 6, 5), (1, 3, 6, 5, 4, 2), (5, 1, 4, 3, 6, 2)}
M(AUB) = 
[[1, 3, 6, 2, 5, 4]]
Distance:83

(46)
A = 
{(4, 1, 2, 5, 3, 6), (5, 4, 2, 3, 6, 1), (6, 4, 2, 1, 5, 3), (4, 5, 6, 1, 2, 3), (6, 1, 3, 2, 5, 4), (5, 6, 4, 1, 2, 3), (4, 2, 1, 3, 5, 6)}
M(A) = 
[[4, 1, 2, 5, 3, 6]]
Distance: 34
B = 
{(2, 3, 4, 5, 1, 6), (1, 4, 5, 6, 3, 2), (3, 6, 1, 2, 4, 5), (4, 6, 5, 3, 1, 2), (4, 3, 1, 6, 2, 5), (4, 2, 5, 3, 1, 6), (2, 1, 3, 6, 4, 5)}
M(B) = 
[[4, 1, 2, 5, 3, 6]]
Distance: 37
M(A) inter A:
set()
M(B) inter B:
{(4, 3, 1, 6, 2, 5)}

AUB = 
{(4, 1, 2, 5, 3, 6), (2, 3, 4, 5, 1, 6), (1, 4, 5, 6, 3, 2), (5, 4, 2, 3, 6, 1), (4, 2, 5, 3, 1, 6), (6, 4, 2, 1, 5, 3), (4, 5, 6, 1, 2, 3), (6, 1, 3, 2, 5, 4), (4, 6, 5, 3, 1, 2), (4, 3, 1, 6, 2, 5), (5, 6, 4, 1, 2, 3), (4, 2, 1, 3, 5, 6), (3, 6, 1, 2, 4, 5), (2, 1, 3, 6, 4, 5)}
M(AUB) = 
[[4, 1, 2, 5, 3, 6]]
Distance:81

(47)
A = 
{(6, 3, 1, 5, 2, 4), (3, 5, 6, 1, 2, 4), (3, 1, 5, 4, 2, 6), (3, 5, 1, 6, 4, 2), (1, 5, 3, 6, 2, 4), (4, 2, 3, 5, 6, 1), (6, 4, 5, 2, 1, 3)}
M(A) = 
[[3, 6, 5, 1, 4, 2]]
Distance: 32
B = 
{(4, 2, 3, 6, 5, 1), (1, 6, 4, 5, 2, 3), (3, 2, 6, 1, 5, 4), (1, 6, 3, 4, 2, 5), (6, 4, 5, 1, 3, 2), (4, 5, 3, 1, 2, 6), (6, 2, 5, 1, 3, 4)}
M(B) = 
[[3, 6, 5, 1, 4, 2]]
Distance: 42
M(A) inter A:
set()
M(B) inter B:
{(6, 4, 5, 1, 3, 2)}

AUB = 
{(1, 6, 3, 4, 2, 5), (4, 2, 3, 6, 5, 1), (6, 3, 1, 5, 2, 4), (1, 6, 4, 5, 2, 3), (3, 5, 6, 1, 2, 4), (3, 2, 6, 1, 5, 4), (3, 1, 5, 4, 2, 6), (3, 5, 1, 6, 4, 2), (1, 5, 3, 6, 2, 4), (4, 2, 3, 5, 6, 1), (6, 4, 5, 2, 1, 3), (4, 5, 3, 1, 2, 6), (6, 2, 5, 1, 3, 4), (6, 4, 5, 1, 3, 2)}
M(AUB) = 
[[3, 6, 5, 1, 4, 2]]
Distance:83

(48)
A = 
{(1, 3, 2, 6, 4, 5), (2, 5, 4, 6, 1, 3), (3, 5, 6, 1, 2, 4), (4, 3, 5, 2, 1, 6), (6, 2, 5, 1, 4, 3), (1, 5, 3, 6, 4, 2), (6, 1, 5, 4, 2, 3)}
M(A) = 
[[1, 5, 2, 3, 6, 4], [1, 5, 3, 2, 6, 4]]
Distance: 43
B = 
{(5, 2, 1, 3, 6, 4), (1, 3, 2, 4, 5, 6), (2, 3, 6, 1, 5, 4), (3, 1, 6, 5, 2, 4), (2, 1, 5, 4, 3, 6), (4, 5, 2, 3, 1, 6), (1, 5, 4, 6, 3, 2)}
M(B) = 
[[1, 5, 2, 3, 6, 4], [1, 5, 3, 2, 6, 4]]
Distance: 35
M(A) inter A:
set()
M(B) inter B:
set()

AUB = 
{(1, 3, 2, 6, 4, 5), (5, 2, 1, 3, 6, 4), (1, 3, 2, 4, 5, 6), (2, 5, 4, 6, 1, 3), (2, 3, 6, 1, 5, 4), (3, 5, 6, 1, 2, 4), (2, 1, 5, 4, 3, 6), (4, 3, 5, 2, 1, 6), (6, 2, 5, 1, 4, 3), (3, 1, 6, 5, 2, 4), (1, 5, 4, 6, 3, 2), (1, 5, 3, 6, 4, 2), (4, 5, 2, 3, 1, 6), (6, 1, 5, 4, 2, 3)}
M(AUB) = 
[[1, 5, 2, 3, 6, 4], [1, 5, 3, 2, 6, 4]]
Distance:82

(49)
A = 
{(5, 3, 2, 6, 4, 1), (5, 6, 1, 2, 3, 4), (6, 2, 3, 5, 1, 4), (6, 3, 4, 2, 1, 5), (5, 6, 2, 3, 1, 4), (6, 5, 3, 1, 2, 4), (3, 4, 6, 1, 2, 5)}
M(A) = 
[[5, 6, 3, 2, 4, 1], [5, 6, 3, 4, 2, 1], [6, 3, 5, 2, 4, 1], [6, 3, 5, 4, 2, 1], [6, 5, 3, 2, 4, 1], [6, 5, 3, 4, 2, 1]]
Distance: 29
B = 
{(4, 5, 3, 2, 6, 1), (6, 3, 1, 4, 2, 5), (3, 6, 5, 4, 1, 2), (1, 6, 3, 5, 2, 4), (5, 4, 2, 1, 6, 3), (4, 3, 2, 1, 5, 6), (5, 2, 3, 6, 4, 1)}
M(B) = 
[[5, 6, 3, 2, 4, 1], [5, 6, 3, 4, 2, 1], [6, 3, 5, 2, 4, 1], [6, 3, 5, 4, 2, 1], [6, 5, 3, 2, 4, 1], [6, 5, 3, 4, 2, 1]]
Distance: 41
M(A) inter A:
set()
M(B) inter B:
set()

AUB = 
{(4, 5, 3, 2, 6, 1), (3, 6, 5, 4, 1, 2), (6, 3, 1, 4, 2, 5), (5, 3, 2, 6, 4, 1), (5, 2, 3, 6, 4, 1), (4, 3, 2, 1, 5, 6), (5, 6, 2, 3, 1, 4), (6, 2, 3, 5, 1, 4), (1, 6, 3, 5, 2, 4), (6, 3, 4, 2, 1, 5), (5, 6, 1, 2, 3, 4), (6, 5, 3, 1, 2, 4), (3, 4, 6, 1, 2, 5), (5, 4, 2, 1, 6, 3)}
M(AUB) = 
[[5, 6, 3, 2, 4, 1], [5, 6, 3, 4, 2, 1], [6, 3, 5, 2, 4, 1], [6, 3, 5, 4, 2, 1], [6, 5, 3, 2, 4, 1], [6, 5, 3, 4, 2, 1]]
Distance:77

(50)
A = 
{(3, 4, 2, 1, 5, 6), (6, 4, 2, 3, 5, 1), (2, 1, 3, 6, 5, 4), (2, 3, 6, 5, 1, 4), (6, 3, 5, 4, 2, 1), (1, 6, 3, 2, 4, 5), (6, 3, 5, 4, 1, 2)}
M(A) = 
[[2, 6, 3, 1, 4, 5], [2, 6, 3, 4, 1, 5], [2, 6, 3, 4, 5, 1], [6, 2, 3, 1, 4, 5], [6, 2, 3, 4, 1, 5], [6, 2, 3, 4, 5, 1], [6, 3, 2, 1, 4, 5], [6, 3, 2, 4, 1, 5], [6, 3, 2, 4, 5, 1]]
Distance: 34
B = 
{(3, 4, 1, 2, 6, 5), (2, 3, 5, 6, 1, 4), (6, 2, 1, 4, 5, 3), (1, 2, 5, 4, 6, 3), (6, 4, 3, 2, 5, 1), (2, 4, 5, 6, 3, 1), (3, 1, 6, 2, 4, 5)}
M(B) = 
[[2, 6, 3, 1, 4, 5], [2, 6, 3, 4, 1, 5], [2, 6, 3, 4, 5, 1], [6, 2, 3, 1, 4, 5], [6, 2, 3, 4, 1, 5], [6, 2, 3, 4, 5, 1], [6, 3, 2, 1, 4, 5], [6, 3, 2, 4, 1, 5], [6, 3, 2, 4, 5, 1]]
Distance: 40
M(A) inter A:
set()
M(B) inter B:
set()

AUB = 
{(3, 4, 1, 2, 6, 5), (2, 3, 5, 6, 1, 4), (3, 4, 2, 1, 5, 6), (6, 4, 2, 3, 5, 1), (2, 1, 3, 6, 5, 4), (6, 3, 5, 4, 1, 2), (6, 3, 5, 4, 2, 1), (1, 2, 5, 4, 6, 3), (3, 1, 6, 2, 4, 5), (1, 6, 3, 2, 4, 5), (6, 4, 3, 2, 5, 1), (2, 4, 5, 6, 3, 1), (6, 2, 1, 4, 5, 3), (2, 3, 6, 5, 1, 4)}
M(AUB) = 
[[2, 6, 3, 1, 4, 5], [2, 6, 3, 4, 1, 5], [2, 6, 3, 4, 5, 1], [6, 2, 3, 1, 4, 5], [6, 2, 3, 4, 1, 5], [6, 2, 3, 4, 5, 1], [6, 3, 2, 1, 4, 5], [6, 3, 2, 4, 1, 5], [6, 3, 2, 4, 5, 1]]
Distance:79

(51)
A = 
{(5, 2, 4, 3, 1, 6), (1, 2, 6, 3, 5, 4), (6, 2, 1, 3, 4, 5), (2, 4, 6, 5, 1, 3), (6, 5, 1, 4, 2, 3), (5, 4, 1, 3, 2, 6), (6, 5, 3, 4, 1, 2)}
M(A) = 
[[1, 6, 5, 2, 3, 4], [6, 5, 1, 2, 3, 4]]
Distance: 40
B = 
{(5, 4, 3, 2, 1, 6), (2, 1, 4, 3, 6, 5), (1, 6, 5, 3, 2, 4), (1, 2, 3, 4, 6, 5), (6, 5, 3, 1, 2, 4), (3, 5, 1, 6, 2, 4), (6, 5, 3, 4, 1, 2)}
M(B) = 
[[1, 6, 5, 2, 3, 4], [6, 5, 1, 2, 3, 4]]
Distance: 38
M(A) inter A:
set()
M(B) inter B:
set()

AUB = 
{(1, 6, 5, 3, 2, 4), (5, 2, 4, 3, 1, 6), (5, 4, 3, 2, 1, 6), (1, 2, 6, 3, 5, 4), (6, 2, 1, 3, 4, 5), (3, 5, 1, 6, 2, 4), (2, 4, 6, 5, 1, 3), (1, 2, 3, 4, 6, 5), (6, 5, 1, 4, 2, 3), (5, 4, 1, 3, 2, 6), (6, 5, 3, 1, 2, 4), (6, 5, 3, 4, 1, 2), (2, 1, 4, 3, 6, 5)}
M(AUB) = 
[[1, 6, 5, 2, 3, 4], [6, 5, 1, 2, 3, 4]]
Distance:81

(52)
A = 
{(3, 1, 5, 2, 6, 4), (1, 2, 3, 6, 5, 4), (4, 2, 1, 3, 6, 5), (2, 5, 6, 1, 4, 3), (1, 6, 5, 3, 4, 2), (1, 2, 5, 6, 3, 4), (5, 4, 1, 3, 6, 2)}
M(A) = 
[[1, 2, 6, 5, 4, 3], [1, 6, 5, 4, 3, 2]]
Distance: 34
B = 
{(3, 4, 1, 2, 6, 5), (5, 6, 1, 4, 3, 2), (4, 1, 2, 3, 6, 5), (6, 5, 3, 2, 1, 4), (2, 5, 1, 6, 4, 3), (4, 6, 3, 2, 5, 1), (6, 4, 3, 5, 2, 1)}
M(B) = 
[[1, 2, 6, 5, 4, 3], [1, 6, 5, 4, 3, 2]]
Distance: 39
M(A) inter A:
set()
M(B) inter B:
set()

AUB = 
{(3, 4, 1, 2, 6, 5), (1, 6, 5, 3, 4, 2), (1, 2, 3, 6, 5, 4), (4, 1, 2, 3, 6, 5), (6, 5, 3, 2, 1, 4), (4, 2, 1, 3, 6, 5), (5, 6, 1, 4, 3, 2), (2, 5, 6, 1, 4, 3), (3, 1, 5, 2, 6, 4), (1, 2, 5, 6, 3, 4), (5, 4, 1, 3, 6, 2), (4, 6, 3, 2, 5, 1), (2, 5, 1, 6, 4, 3), (6, 4, 3, 5, 2, 1)}
M(AUB) = 
[[1, 2, 6, 5, 4, 3], [1, 6, 5, 4, 3, 2]]
Distance:92

(53)
A = 
{(4, 2, 5, 6, 1, 3), (2, 4, 6, 5, 1, 3), (3, 5, 6, 2, 1, 4), (5, 6, 2, 3, 1, 4), (4, 2, 6, 5, 3, 1), (3, 6, 4, 2, 1, 5), (6, 4, 5, 3, 1, 2)}
M(A) = 
[[4, 6, 2, 5, 3, 1], [6, 4, 2, 5, 3, 1]]
Distance: 33
B = 
{(4, 6, 2, 3, 5, 1), (1, 3, 6, 4, 5, 2), (2, 3, 1, 4, 5, 6), (1, 2, 6, 4, 3, 5), (1, 6, 5, 4, 3, 2), (2, 1, 5, 3, 4, 6), (5, 4, 3, 6, 2, 1)}
M(B) = 
[[4, 6, 2, 5, 3, 1], [6, 4, 2, 5, 3, 1]]
Distance: 44
M(A) inter A:
set()
M(B) inter B:
set()

AUB = 
{(4, 2, 5, 6, 1, 3), (4, 2, 6, 5, 3, 1), (1, 3, 6, 4, 5, 2), (4, 6, 2, 3, 5, 1), (2, 3, 1, 4, 5, 6), (1, 2, 6, 4, 3, 5), (3, 5, 6, 2, 1, 4), (3, 6, 4, 2, 1, 5), (2, 4, 6, 5, 1, 3), (1, 6, 5, 4, 3, 2), (5, 6, 2, 3, 1, 4), (2, 1, 5, 3, 4, 6), (5, 4, 3, 6, 2, 1), (6, 4, 5, 3, 1, 2)}
M(AUB) = 
[[4, 6, 2, 5, 3, 1], [6, 4, 2, 5, 3, 1]]
Distance:88

(54)
A = 
{(3, 4, 5, 1, 6, 2), (6, 5, 2, 1, 3, 4), (2, 6, 5, 1, 4, 3), (6, 5, 2, 3, 4, 1), (3, 1, 2, 4, 5, 6), (3, 2, 6, 4, 5, 1), (4, 3, 5, 1, 2, 6)}
M(A) = 
[[4, 5, 1, 2, 3, 6], [4, 5, 2, 1, 3, 6], [4, 5, 2, 3, 1, 6], [4, 5, 2, 3, 6, 1]]
Distance: 41
B = 
{(2, 6, 5, 3, 4, 1), (4, 2, 3, 6, 5, 1), (5, 4, 2, 1, 3, 6), (5, 6, 1, 4, 2, 3), (4, 5, 1, 2, 6, 3), (4, 1, 5, 2, 3, 6), (1, 4, 5, 2, 3, 6)}
M(B) = 
[[4, 5, 1, 2, 3, 6], [4, 5, 2, 1, 3, 6], [4, 5, 2, 3, 1, 6], [4, 5, 2, 3, 6, 1]]
Distance: 28
M(A) inter A:
set()
M(B) inter B:
set()

AUB = 
{(3, 4, 5, 1, 6, 2), (6, 5, 2, 1, 3, 4), (2, 6, 5, 1, 4, 3), (4, 2, 3, 6, 5, 1), (6, 5, 2, 3, 4, 1), (3, 1, 2, 4, 5, 6), (2, 6, 5, 3, 4, 1), (5, 4, 2, 1, 3, 6), (5, 6, 1, 4, 2, 3), (4, 5, 1, 2, 6, 3), (4, 1, 5, 2, 3, 6), (3, 2, 6, 4, 5, 1), (4, 3, 5, 1, 2, 6), (1, 4, 5, 2, 3, 6)}
M(AUB) = 
[[4, 5, 1, 2, 3, 6], [4, 5, 2, 1, 3, 6], [4, 5, 2, 3, 1, 6], [4, 5, 2, 3, 6, 1]]
Distance:83

(55)
A = 
{(1, 3, 5, 6, 4, 2), (5, 6, 4, 3, 1, 2), (1, 4, 2, 5, 3, 6), (5, 6, 4, 1, 3, 2), (4, 3, 1, 5, 6, 2), (3, 5, 2, 4, 6, 1), (1, 5, 6, 2, 4, 3)}
M(A) = 
[[1, 3, 5, 6, 4, 2], [3, 1, 5, 6, 4, 2]]
Distance: 35
B = 
{(3, 6, 5, 1, 4, 2), (1, 6, 3, 2, 5, 4), (3, 4, 2, 1, 6, 5), (1, 3, 4, 2, 6, 5), (3, 2, 1, 5, 6, 4), (3, 5, 2, 1, 6, 4), (1, 6, 2, 4, 3, 5)}
M(B) = 
[[1, 3, 5, 6, 4, 2], [3, 1, 5, 6, 4, 2]]
Distance: 29
M(A) inter A:
set()
M(B) inter B:
set()

AUB = 
{(1, 3, 5, 6, 4, 2), (5, 6, 4, 3, 1, 2), (1, 4, 2, 5, 3, 6), (5, 6, 4, 1, 3, 2), (3, 6, 5, 1, 4, 2), (3, 4, 2, 1, 6, 5), (4, 3, 1, 5, 6, 2), (3, 5, 2, 4, 6, 1), (1, 5, 6, 2, 4, 3), (1, 3, 4, 2, 6, 5), (3, 2, 1, 5, 6, 4), (3, 5, 2, 1, 6, 4), (1, 6, 3, 2, 5, 4), (1, 6, 2, 4, 3, 5)}
M(AUB) = 
[[1, 3, 5, 6, 4, 2], [3, 1, 5, 6, 4, 2]]
Distance:76

(56)
A = 
{(4, 5, 3, 2, 6, 1), (5, 2, 4, 1, 6, 3), (2, 1, 5, 6, 4, 3), (1, 6, 4, 5, 3, 2), (6, 3, 5, 1, 2, 4), (3, 5, 2, 4, 1, 6), (2, 4, 6, 3, 1, 5)}
M(A) = 
[[2, 3, 4, 5, 1, 6], [2, 4, 3, 5, 1, 6], [2, 4, 5, 3, 1, 6], [2, 4, 5, 6, 3, 1], [3, 2, 4, 5, 1, 6]]
Distance: 41
B = 
{(2, 3, 4, 5, 1, 6), (3, 4, 2, 1, 5, 6), (5, 2, 3, 6, 4, 1), (3, 4, 1, 5, 6, 2), (6, 2, 5, 1, 4, 3), (1, 6, 3, 2, 4, 5), (6, 2, 4, 5, 3, 1)}
M(B) = 
[[2, 3, 4, 5, 1, 6], [2, 4, 3, 5, 1, 6], [2, 4, 5, 3, 1, 6], [2, 4, 5, 6, 3, 1], [3, 2, 4, 5, 1, 6]]
Distance: 40
M(A) inter A:
set()
M(B) inter B:
{(2, 3, 4, 5, 1, 6)}

AUB = 
{(2, 3, 4, 5, 1, 6), (4, 5, 3, 2, 6, 1), (5, 2, 3, 6, 4, 1), (6, 2, 4, 5, 3, 1), (5, 2, 4, 1, 6, 3), (2, 1, 5, 6, 4, 3), (1, 6, 4, 5, 3, 2), (3, 4, 1, 5, 6, 2), (6, 2, 5, 1, 4, 3), (1, 6, 3, 2, 4, 5), (6, 3, 5, 1, 2, 4), (3, 5, 2, 4, 1, 6), (2, 4, 6, 3, 1, 5), (3, 4, 2, 1, 5, 6)}
M(AUB) = 
[[2, 3, 4, 5, 1, 6], [2, 4, 3, 5, 1, 6], [2, 4, 5, 3, 1, 6], [2, 4, 5, 6, 3, 1], [3, 2, 4, 5, 1, 6]]
Distance:91

(57)
A = 
{(1, 4, 5, 3, 6, 2), (3, 4, 6, 1, 5, 2), (1, 6, 4, 5, 3, 2), (1, 6, 3, 4, 2, 5), (1, 3, 5, 4, 6, 2), (2, 5, 4, 3, 6, 1), (2, 3, 5, 4, 1, 6)}
M(A) = 
[[1, 3, 5, 4, 6, 2], [1, 5, 3, 4, 6, 2]]
Distance: 37
B = 
{(5, 2, 1, 4, 3, 6), (1, 3, 6, 2, 5, 4), (3, 1, 5, 6, 2, 4), (3, 4, 5, 6, 2, 1), (4, 1, 2, 5, 6, 3), (1, 5, 3, 6, 2, 4), (5, 1, 4, 3, 2, 6)}
M(B) = 
[[1, 3, 5, 4, 6, 2], [1, 5, 3, 4, 6, 2]]
Distance: 34
M(A) inter A:
set()
M(B) inter B:
{(1, 5, 3, 6, 2, 4)}

AUB = 
{(5, 2, 1, 4, 3, 6), (4, 1, 2, 5, 6, 3), (3, 1, 5, 6, 2, 4), (1, 3, 5, 4, 6, 2), (5, 1, 4, 3, 2, 6), (3, 4, 6, 1, 5, 2), (1, 6, 4, 5, 3, 2), (1, 6, 3, 4, 2, 5), (1, 4, 5, 3, 6, 2), (2, 5, 4, 3, 6, 1), (1, 3, 6, 2, 5, 4), (1, 5, 3, 6, 2, 4), (3, 4, 5, 6, 2, 1), (2, 3, 5, 4, 1, 6)}
M(AUB) = 
[[1, 3, 5, 4, 6, 2], [1, 5, 3, 4, 6, 2]]
Distance:73

(58)
A = 
{(3, 4, 2, 5, 6, 1), (5, 6, 4, 1, 3, 2), (3, 4, 5, 6, 2, 1), (5, 4, 6, 2, 1, 3), (5, 6, 3, 2, 4, 1), (5, 3, 2, 1, 6, 4), (3, 6, 1, 2, 5, 4)}
M(A) = 
[[6, 3, 4, 5, 2, 1], [6, 3, 5, 4, 2, 1], [6, 4, 3, 5, 2, 1]]
Distance: 30
B = 
{(2, 6, 1, 4, 3, 5), (3, 6, 2, 5, 4, 1), (4, 5, 6, 2, 3, 1), (6, 3, 1, 4, 2, 5), (6, 5, 4, 2, 1, 3), (2, 6, 4, 3, 1, 5), (4, 1, 6, 3, 5, 2)}
M(B) = 
[[6, 3, 4, 5, 2, 1], [6, 3, 5, 4, 2, 1], [6, 4, 3, 5, 2, 1]]
Distance: 32
M(A) inter A:
set()
M(B) inter B:
set()

AUB = 
{(2, 6, 1, 4, 3, 5), (3, 6, 2, 5, 4, 1), (4, 5, 6, 2, 3, 1), (3, 4, 2, 5, 6, 1), (6, 3, 1, 4, 2, 5), (5, 6, 4, 1, 3, 2), (3, 4, 5, 6, 2, 1), (5, 4, 6, 2, 1, 3), (2, 6, 4, 3, 1, 5), (4, 1, 6, 3, 5, 2), (6, 5, 4, 2, 1, 3), (5, 3, 2, 1, 6, 4), (5, 6, 3, 2, 4, 1), (3, 6, 1, 2, 5, 4)}
M(AUB) = 
[[6, 3, 4, 5, 2, 1], [6, 3, 5, 4, 2, 1], [6, 4, 3, 5, 2, 1]]
Distance:78

(59)
A = 
{(5, 6, 1, 3, 2, 4), (6, 4, 1, 3, 2, 5), (3, 1, 5, 2, 4, 6), (2, 3, 1, 5, 4, 6), (4, 2, 1, 3, 5, 6), (4, 1, 2, 6, 5, 3), (2, 3, 6, 1, 4, 5)}
M(A) = 
[[1, 2, 3, 5, 4, 6], [2, 1, 3, 5, 4, 6], [2, 3, 1, 5, 4, 6]]
Distance: 40
B = 
{(1, 5, 3, 2, 4, 6), (1, 2, 5, 3, 4, 6), (6, 2, 3, 4, 1, 5), (2, 5, 3, 6, 1, 4), (3, 5, 2, 1, 4, 6), (3, 5, 6, 4, 1, 2), (2, 4, 1, 5, 6, 3)}
M(B) = 
[[1, 2, 3, 5, 4, 6], [2, 1, 3, 5, 4, 6], [2, 3, 1, 5, 4, 6]]
Distance: 37
M(A) inter A:
{(2, 3, 1, 5, 4, 6)}
M(B) inter B:
set()

AUB = 
{(5, 6, 1, 3, 2, 4), (1, 5, 3, 2, 4, 6), (1, 2, 5, 3, 4, 6), (6, 2, 3, 4, 1, 5), (6, 4, 1, 3, 2, 5), (3, 1, 5, 2, 4, 6), (2, 5, 3, 6, 1, 4), (3, 5, 2, 1, 4, 6), (2, 4, 1, 5, 6, 3), (2, 3, 1, 5, 4, 6), (4, 2, 1, 3, 5, 6), (3, 5, 6, 4, 1, 2), (4, 1, 2, 6, 5, 3), (2, 3, 6, 1, 4, 5)}
M(AUB) = 
[[1, 2, 3, 5, 4, 6], [2, 1, 3, 5, 4, 6], [2, 3, 1, 5, 4, 6]]
Distance:80

(60)
A = 
{(6, 5, 1, 4, 3, 2), (1, 4, 2, 5, 3, 6), (6, 5, 3, 2, 1, 4), (3, 5, 4, 6, 1, 2), (3, 1, 2, 5, 4, 6), (3, 4, 5, 6, 1, 2), (4, 6, 3, 2, 1, 5)}
M(A) = 
[[4, 3, 2, 5, 6, 1], [4, 3, 5, 6, 1, 2], [4, 3, 5, 6, 2, 1], [4, 3, 6, 2, 5, 1], [4, 5, 3, 6, 1, 2], [4, 5, 3, 6, 2, 1], [4, 5, 6, 3, 1, 2], [4, 5, 6, 3, 2, 1], [4, 6, 3, 2, 5, 1]]
Distance: 38
B = 
{(4, 2, 5, 6, 3, 1), (2, 4, 3, 5, 1, 6), (4, 6, 3, 2, 5, 1), (4, 2, 6, 5, 1, 3), (3, 4, 2, 6, 1, 5), (5, 1, 4, 3, 6, 2), (5, 6, 1, 2, 4, 3)}
M(B) = 
[[4, 3, 2, 5, 6, 1], [4, 3, 5, 6, 1, 2], [4, 3, 5, 6, 2, 1], [4, 3, 6, 2, 5, 1], [4, 5, 3, 6, 1, 2], [4, 5, 3, 6, 2, 1], [4, 5, 6, 3, 1, 2], [4, 5, 6, 3, 2, 1], [4, 6, 3, 2, 5, 1]]
Distance: 33
M(A) inter A:
set()
M(B) inter B:
{(4, 2, 5, 6, 3, 1)}

AUB = 
{(6, 5, 1, 4, 3, 2), (4, 2, 5, 6, 3, 1), (1, 4, 2, 5, 3, 6), (6, 5, 3, 2, 1, 4), (4, 6, 3, 2, 5, 1), (4, 2, 6, 5, 1, 3), (3, 4, 2, 6, 1, 5), (5, 6, 1, 2, 4, 3), (3, 5, 4, 6, 1, 2), (3, 1, 2, 5, 4, 6), (3, 4, 5, 6, 1, 2), (5, 1, 4, 3, 6, 2), (4, 6, 3, 2, 1, 5), (2, 4, 3, 5, 1, 6)}
M(AUB) = 
[[4, 3, 2, 5, 6, 1], [4, 3, 5, 6, 1, 2], [4, 3, 5, 6, 2, 1], [4, 3, 6, 2, 5, 1], [4, 5, 3, 6, 1, 2], [4, 5, 3, 6, 2, 1], [4, 5, 6, 3, 1, 2], [4, 5, 6, 3, 2, 1], [4, 6, 3, 2, 5, 1]]
Distance:83

(61)
A = 
{(4, 6, 5, 1, 3, 2), (3, 5, 2, 4, 6, 1), (1, 6, 3, 2, 5, 4), (4, 5, 1, 6, 3, 2), (5, 6, 1, 2, 3, 4), (2, 5, 3, 6, 1, 4), (1, 2, 3, 4, 6, 5)}
M(A) = 
[[5, 1, 3, 2, 4, 6]]
Distance: 41
B = 
{(1, 5, 3, 4, 2, 6), (4, 1, 6, 3, 2, 5), (1, 2, 6, 4, 3, 5), (1, 5, 2, 4, 6, 3), (5, 2, 1, 3, 6, 4), (5, 3, 6, 2, 4, 1), (5, 1, 4, 3, 6, 2)}
M(B) = 
[[5, 1, 3, 2, 4, 6]]
Distance: 36
M(A) inter A:
set()
M(B) inter B:
set()

AUB = 
{(1, 5, 3, 4, 2, 6), (5, 2, 1, 3, 6, 4), (4, 6, 5, 1, 3, 2), (1, 2, 6, 4, 3, 5), (4, 1, 6, 3, 2, 5), (3, 5, 2, 4, 6, 1), (1, 6, 3, 2, 5, 4), (4, 5, 1, 6, 3, 2), (5, 6, 1, 2, 3, 4), (2, 5, 3, 6, 1, 4), (5, 3, 6, 2, 4, 1), (5, 1, 4, 3, 6, 2), (1, 2, 3, 4, 6, 5), (1, 5, 2, 4, 6, 3)}
M(AUB) = 
[[5, 1, 3, 2, 4, 6]]
Distance:80

(62)
A = 
{(4, 1, 6, 2, 3, 5), (1, 3, 5, 2, 4, 6), (4, 1, 3, 6, 2, 5), (1, 5, 2, 3, 4, 6), (5, 4, 1, 3, 6, 2), (1, 6, 3, 2, 4, 5), (2, 5, 6, 1, 3, 4)}
M(A) = 
[[1, 3, 5, 4, 6, 2], [1, 5, 3, 4, 6, 2]]
Distance: 37
B = 
{(2, 3, 1, 6, 5, 4), (5, 6, 2, 3, 4, 1), (1, 3, 4, 5, 6, 2), (4, 5, 6, 2, 3, 1), (5, 3, 4, 1, 2, 6), (3, 2, 1, 5, 4, 6), (6, 5, 4, 1, 3, 2)}
M(B) = 
[[1, 3, 5, 4, 6, 2], [1, 5, 3, 4, 6, 2]]
Distance: 41
M(A) inter A:
set()
M(B) inter B:
set()

AUB = 
{(4, 1, 6, 2, 3, 5), (2, 3, 1, 6, 5, 4), (1, 3, 4, 5, 6, 2), (4, 5, 6, 2, 3, 1), (1, 3, 5, 2, 4, 6), (5, 3, 4, 1, 2, 6), (4, 1, 3, 6, 2, 5), (1, 5, 2, 3, 4, 6), (3, 2, 1, 5, 4, 6), (2, 5, 6, 1, 3, 4), (1, 6, 3, 2, 4, 5), (5, 6, 2, 3, 4, 1), (5, 4, 1, 3, 6, 2), (6, 5, 4, 1, 3, 2)}
M(AUB) = 
[[1, 3, 5, 4, 6, 2], [1, 5, 3, 4, 6, 2]]
Distance:85

(63)
A = 
{(4, 6, 2, 5, 3, 1), (1, 2, 6, 3, 4, 5), (4, 1, 3, 6, 2, 5), (6, 5, 2, 3, 1, 4), (2, 5, 4, 3, 1, 6), (4, 5, 3, 1, 2, 6), (6, 4, 1, 3, 5, 2)}
M(A) = 
[[4, 5, 2, 3, 6, 1], [4, 5, 2, 6, 3, 1], [4, 5, 3, 2, 6, 1], [4, 5, 3, 6, 2, 1], [4, 5, 6, 2, 3, 1], [4, 5, 6, 3, 2, 1]]
Distance: 43
B = 
{(4, 5, 3, 2, 6, 1), (5, 3, 2, 6, 1, 4), (3, 1, 5, 6, 4, 2), (6, 1, 3, 5, 4, 2), (4, 5, 2, 3, 6, 1), (2, 4, 5, 1, 6, 3), (4, 5, 6, 2, 1, 3)}
M(B) = 
[[4, 5, 2, 3, 6, 1], [4, 5, 2, 6, 3, 1], [4, 5, 3, 2, 6, 1], [4, 5, 3, 6, 2, 1], [4, 5, 6, 2, 3, 1], [4, 5, 6, 3, 2, 1]]
Distance: 36
M(A) inter A:
set()
M(B) inter B:
{(4, 5, 3, 2, 6, 1)}

AUB = 
{(4, 6, 2, 5, 3, 1), (1, 2, 6, 3, 4, 5), (4, 5, 3, 2, 6, 1), (2, 4, 5, 1, 6, 3), (4, 5, 6, 2, 1, 3), (3, 1, 5, 6, 4, 2), (4, 5, 2, 3, 6, 1), (4, 1, 3, 6, 2, 5), (6, 1, 3, 5, 4, 2), (6, 5, 2, 3, 1, 4), (2, 5, 4, 3, 1, 6), (5, 3, 2, 6, 1, 4), (4, 5, 3, 1, 2, 6), (6, 4, 1, 3, 5, 2)}
M(AUB) = 
[[4, 5, 2, 3, 6, 1], [4, 5, 2, 6, 3, 1], [4, 5, 3, 2, 6, 1], [4, 5, 3, 6, 2, 1], [4, 5, 6, 2, 3, 1], [4, 5, 6, 3, 2, 1]]
Distance:86

(64)
A = 
{(4, 2, 1, 5, 3, 6), (6, 3, 1, 5, 4, 2), (5, 1, 4, 6, 3, 2), (3, 5, 2, 4, 6, 1), (4, 5, 6, 3, 2, 1), (4, 2, 3, 6, 5, 1), (2, 3, 1, 4, 5, 6)}
M(A) = 
[[4, 5, 2, 3, 1, 6], [4, 5, 3, 1, 2, 6], [4, 5, 3, 2, 1, 6]]
Distance: 39
B = 
{(6, 5, 2, 3, 4, 1), (1, 4, 5, 3, 2, 6), (3, 1, 4, 5, 6, 2), (3, 1, 4, 5, 2, 6), (5, 2, 3, 4, 6, 1), (4, 5, 1, 2, 6, 3), (1, 2, 4, 5, 6, 3)}
M(B) = 
[[4, 5, 2, 3, 1, 6], [4, 5, 3, 1, 2, 6], [4, 5, 3, 2, 1, 6]]
Distance: 36
M(A) inter A:
set()
M(B) inter B:
set()

AUB = 
{(5, 2, 3, 4, 6, 1), (4, 2, 1, 5, 3, 6), (6, 3, 1, 5, 4, 2), (5, 1, 4, 6, 3, 2), (1, 4, 5, 3, 2, 6), (3, 1, 4, 5, 6, 2), (3, 5, 2, 4, 6, 1), (4, 5, 6, 3, 2, 1), (6, 5, 2, 3, 4, 1), (4, 5, 1, 2, 6, 3), (1, 2, 4, 5, 6, 3), (3, 1, 4, 5, 2, 6), (4, 2, 3, 6, 5, 1), (2, 3, 1, 4, 5, 6)}
M(AUB) = 
[[4, 5, 2, 3, 1, 6], [4, 5, 3, 1, 2, 6], [4, 5, 3, 2, 1, 6]]
Distance:82

(65)
A = 
{(2, 5, 6, 4, 1, 3), (5, 4, 3, 6, 1, 2), (1, 2, 3, 5, 4, 6), (3, 2, 6, 1, 4, 5), (3, 5, 2, 4, 1, 6), (6, 5, 3, 4, 1, 2), (4, 1, 6, 5, 2, 3)}
M(A) = 
[[2, 3, 5, 6, 4, 1], [2, 3, 6, 1, 5, 4], [2, 3, 6, 5, 4, 1], [3, 2, 5, 6, 4, 1], [3, 2, 6, 1, 5, 4], [3, 2, 6, 5, 4, 1]]
Distance: 44
B = 
{(6, 2, 3, 5, 4, 1), (6, 1, 2, 3, 5, 4), (1, 3, 2, 4, 6, 5), (6, 3, 4, 1, 2, 5), (2, 3, 5, 6, 4, 1), (2, 3, 1, 5, 4, 6), (3, 2, 1, 5, 6, 4)}
M(B) = 
[[2, 3, 5, 6, 4, 1], [2, 3, 6, 1, 5, 4], [2, 3, 6, 5, 4, 1], [3, 2, 5, 6, 4, 1], [3, 2, 6, 1, 5, 4], [3, 2, 6, 5, 4, 1]]
Distance: 30
M(A) inter A:
set()
M(B) inter B:
set()

AUB = 
{(2, 5, 6, 4, 1, 3), (6, 2, 3, 5, 4, 1), (6, 1, 2, 3, 5, 4), (5, 4, 3, 6, 1, 2), (3, 2, 6, 1, 4, 5), (1, 3, 2, 4, 6, 5), (2, 3, 5, 6, 4, 1), (1, 2, 3, 5, 4, 6), (6, 3, 4, 1, 2, 5), (2, 3, 1, 5, 4, 6), (3, 2, 1, 5, 6, 4), (3, 5, 2, 4, 1, 6), (6, 5, 3, 4, 1, 2), (4, 1, 6, 5, 2, 3)}
M(AUB) = 
[[2, 3, 5, 6, 4, 1], [2, 3, 6, 1, 5, 4], [2, 3, 6, 5, 4, 1], [3, 2, 5, 6, 4, 1], [3, 2, 6, 1, 5, 4], [3, 2, 6, 5, 4, 1]]
Distance:83

(66)
A = 
{(1, 6, 3, 4, 2, 5), (1, 4, 5, 6, 3, 2), (1, 3, 5, 2, 6, 4), (5, 3, 6, 4, 2, 1), (2, 1, 5, 4, 3, 6), (4, 6, 1, 2, 5, 3), (2, 4, 1, 5, 6, 3)}
M(A) = 
[[1, 3, 2, 5, 4, 6], [1, 3, 2, 5, 6, 4]]
Distance: 39
B = 
{(1, 5, 3, 4, 2, 6), (1, 3, 2, 6, 5, 4), (2, 4, 1, 5, 3, 6), (2, 3, 6, 1, 5, 4), (3, 1, 5, 2, 4, 6), (6, 3, 2, 4, 1, 5), (3, 2, 1, 5, 6, 4)}
M(B) = 
[[1, 3, 2, 5, 4, 6], [1, 3, 2, 5, 6, 4]]
Distance: 28
M(A) inter A:
set()
M(B) inter B:
{(3, 2, 1, 5, 6, 4)}

AUB = 
{(1, 5, 3, 4, 2, 6), (2, 1, 5, 4, 3, 6), (1, 4, 5, 6, 3, 2), (1, 3, 2, 6, 5, 4), (1, 3, 5, 2, 6, 4), (2, 3, 6, 1, 5, 4), (5, 3, 6, 4, 2, 1), (1, 6, 3, 4, 2, 5), (4, 6, 1, 2, 5, 3), (6, 3, 2, 4, 1, 5), (3, 2, 1, 5, 6, 4), (2, 4, 1, 5, 3, 6), (3, 1, 5, 2, 4, 6), (2, 4, 1, 5, 6, 3)}
M(AUB) = 
[[1, 3, 2, 5, 4, 6], [1, 3, 2, 5, 6, 4]]
Distance:77

(67)
A = 
{(5, 3, 1, 2, 6, 4), (5, 6, 2, 3, 4, 1), (4, 3, 6, 2, 1, 5), (1, 4, 6, 5, 3, 2), (6, 4, 5, 1, 3, 2), (1, 4, 5, 2, 3, 6), (4, 2, 1, 5, 6, 3)}
M(A) = 
[[1, 5, 6, 4, 2, 3], [1, 5, 6, 4, 3, 2]]
Distance: 39
B = 
{(5, 6, 1, 4, 3, 2), (6, 3, 2, 1, 5, 4), (6, 3, 1, 2, 5, 4), (6, 2, 4, 1, 5, 3), (1, 5, 4, 2, 6, 3), (5, 1, 4, 2, 6, 3), (2, 5, 1, 3, 6, 4)}
M(B) = 
[[1, 5, 6, 4, 2, 3], [1, 5, 6, 4, 3, 2]]
Distance: 37
M(A) inter A:
set()
M(B) inter B:
set()

AUB = 
{(5, 3, 1, 2, 6, 4), (5, 6, 2, 3, 4, 1), (5, 6, 1, 4, 3, 2), (6, 3, 2, 1, 5, 4), (6, 3, 1, 2, 5, 4), (6, 2, 4, 1, 5, 3), (6, 4, 5, 1, 3, 2), (1, 5, 4, 2, 6, 3), (1, 4, 6, 5, 3, 2), (4, 3, 6, 2, 1, 5), (1, 4, 5, 2, 3, 6), (5, 1, 4, 2, 6, 3), (4, 2, 1, 5, 6, 3), (2, 5, 1, 3, 6, 4)}
M(AUB) = 
[[1, 5, 6, 4, 2, 3], [1, 5, 6, 4, 3, 2]]
Distance:84

(68)
A = 
{(2, 3, 5, 6, 1, 4), (1, 5, 6, 4, 2, 3), (3, 6, 2, 1, 5, 4), (2, 1, 6, 3, 5, 4), (3, 2, 1, 4, 5, 6), (5, 1, 4, 2, 3, 6), (5, 4, 1, 3, 6, 2)}
M(A) = 
[[5, 2, 1, 3, 4, 6], [5, 2, 1, 3, 6, 4], [5, 2, 3, 1, 4, 6], [5, 2, 3, 1, 6, 4]]
Distance: 38
B = 
{(5, 6, 2, 3, 4, 1), (4, 5, 2, 1, 3, 6), (3, 6, 1, 4, 5, 2), (1, 2, 3, 5, 4, 6), (4, 5, 3, 6, 2, 1), (2, 1, 4, 6, 5, 3), (6, 5, 3, 2, 4, 1)}
M(B) = 
[[5, 2, 1, 3, 4, 6], [5, 2, 1, 3, 6, 4], [5, 2, 3, 1, 4, 6], [5, 2, 3, 1, 6, 4]]
Distance: 44
M(A) inter A:
set()
M(B) inter B:
set()

AUB = 
{(2, 3, 5, 6, 1, 4), (5, 6, 2, 3, 4, 1), (1, 5, 6, 4, 2, 3), (3, 6, 1, 4, 5, 2), (3, 6, 2, 1, 5, 4), (1, 2, 3, 5, 4, 6), (4, 5, 3, 6, 2, 1), (2, 1, 6, 3, 5, 4), (5, 1, 4, 2, 3, 6), (2, 1, 4, 6, 5, 3), (4, 5, 2, 1, 3, 6), (3, 2, 1, 4, 5, 6), (5, 4, 1, 3, 6, 2), (6, 5, 3, 2, 4, 1)}
M(AUB) = 
[[5, 2, 1, 3, 4, 6], [5, 2, 1, 3, 6, 4], [5, 2, 3, 1, 4, 6], [5, 2, 3, 1, 6, 4]]
Distance:89

(69)
A = 
{(5, 2, 3, 6, 4, 1), (2, 6, 3, 1, 5, 4), (4, 3, 6, 2, 1, 5), (4, 5, 3, 1, 2, 6), (4, 5, 1, 2, 3, 6), (1, 2, 4, 3, 5, 6), (6, 5, 1, 3, 2, 4)}
M(A) = 
[[3, 6, 1, 5, 2, 4], [3, 6, 5, 1, 2, 4], [5, 2, 3, 6, 1, 4], [5, 2, 3, 6, 4, 1], [5, 3, 1, 2, 6, 4], [5, 3, 2, 6, 1, 4], [5, 3, 2, 6, 4, 1], [5, 3, 6, 1, 2, 4], [6, 5, 3, 1, 2, 4]]
Distance: 45
B = 
{(6, 5, 2, 3, 4, 1), (2, 6, 5, 3, 1, 4), (1, 6, 5, 4, 3, 2), (6, 1, 4, 5, 3, 2), (3, 5, 6, 2, 4, 1), (4, 3, 1, 2, 6, 5), (1, 2, 3, 4, 5, 6)}
M(B) = 
[[3, 6, 1, 5, 2, 4], [3, 6, 5, 1, 2, 4], [5, 2, 3, 6, 1, 4], [5, 2, 3, 6, 4, 1], [5, 3, 1, 2, 6, 4], [5, 3, 2, 6, 1, 4], [5, 3, 2, 6, 4, 1], [5, 3, 6, 1, 2, 4], [6, 5, 3, 1, 2, 4]]
Distance: 44
M(A) inter A:
set()
M(B) inter B:
set()

AUB = 
{(2, 6, 5, 3, 1, 4), (4, 3, 1, 2, 6, 5), (6, 5, 2, 3, 4, 1), (5, 2, 3, 6, 4, 1), (2, 6, 3, 1, 5, 4), (3, 5, 6, 2, 4, 1), (1, 6, 5, 4, 3, 2), (6, 1, 4, 5, 3, 2), (1, 2, 3, 4, 5, 6), (4, 3, 6, 2, 1, 5), (4, 5, 3, 1, 2, 6), (4, 5, 1, 2, 3, 6), (1, 2, 4, 3, 5, 6), (6, 5, 1, 3, 2, 4)}
M(AUB) = 
[[3, 6, 1, 5, 2, 4], [3, 6, 5, 1, 2, 4], [5, 2, 3, 6, 1, 4], [5, 2, 3, 6, 4, 1], [5, 3, 1, 2, 6, 4], [5, 3, 2, 6, 1, 4], [5, 3, 2, 6, 4, 1], [5, 3, 6, 1, 2, 4], [6, 5, 3, 1, 2, 4]]
Distance:99

(70)
A = 
{(2, 5, 6, 1, 4, 3), (1, 6, 4, 2, 5, 3), (6, 3, 2, 5, 1, 4), (6, 3, 5, 1, 4, 2), (3, 2, 1, 5, 6, 4), (3, 5, 6, 4, 1, 2), (2, 6, 4, 3, 5, 1)}
M(A) = 
[[1, 3, 2, 5, 6, 4], [3, 1, 2, 5, 6, 4]]
Distance: 34
B = 
{(1, 4, 3, 2, 5, 6), (6, 1, 5, 3, 4, 2), (3, 1, 5, 6, 2, 4), (1, 3, 5, 4, 6, 2), (2, 4, 3, 1, 5, 6), (2, 1, 5, 3, 4, 6), (1, 2, 4, 6, 3, 5)}
M(B) = 
[[1, 3, 2, 5, 6, 4], [3, 1, 2, 5, 6, 4]]
Distance: 32
M(A) inter A:
set()
M(B) inter B:
set()

AUB = 
{(2, 1, 5, 3, 4, 6), (6, 1, 5, 3, 4, 2), (1, 4, 3, 2, 5, 6), (3, 1, 5, 6, 2, 4), (2, 5, 6, 1, 4, 3), (1, 3, 5, 4, 6, 2), (1, 6, 4, 2, 5, 3), (6, 3, 2, 5, 1, 4), (6, 3, 5, 1, 4, 2), (3, 2, 1, 5, 6, 4), (2, 4, 3, 1, 5, 6), (3, 5, 6, 4, 1, 2), (2, 6, 4, 3, 5, 1), (1, 2, 4, 6, 3, 5)}
M(AUB) = 
[[1, 3, 2, 5, 6, 4], [3, 1, 2, 5, 6, 4]]
Distance:84

(71)
A = 
{(4, 1, 3, 5, 2, 6), (1, 2, 6, 3, 5, 4), (1, 4, 5, 2, 6, 3), (3, 5, 6, 4, 2, 1), (4, 5, 1, 6, 2, 3), (2, 4, 1, 6, 3, 5), (4, 6, 3, 1, 2, 5)}
M(A) = 
[[4, 3, 6, 1, 5, 2]]
Distance: 36
B = 
{(1, 4, 3, 2, 6, 5), (3, 4, 6, 2, 1, 5), (5, 4, 3, 6, 1, 2), (6, 1, 4, 5, 3, 2), (3, 5, 2, 6, 1, 4), (3, 6, 5, 4, 2, 1), (4, 2, 3, 6, 1, 5)}
M(B) = 
[[4, 3, 6, 1, 5, 2]]
Distance: 35
M(A) inter A:
set()
M(B) inter B:
set()

AUB = 
{(1, 4, 3, 2, 6, 5), (4, 1, 3, 5, 2, 6), (3, 4, 6, 2, 1, 5), (1, 2, 6, 3, 5, 4), (1, 4, 5, 2, 6, 3), (5, 4, 3, 6, 1, 2), (3, 5, 6, 4, 2, 1), (4, 5, 1, 6, 2, 3), (2, 4, 1, 6, 3, 5), (4, 6, 3, 1, 2, 5), (6, 1, 4, 5, 3, 2), (3, 5, 2, 6, 1, 4), (3, 6, 5, 4, 2, 1), (4, 2, 3, 6, 1, 5)}
M(AUB) = 
[[4, 3, 6, 1, 5, 2]]
Distance:81

(72)
A = 
{(1, 4, 2, 3, 6, 5), (6, 3, 2, 5, 4, 1), (3, 1, 2, 6, 4, 5), (4, 2, 5, 3, 6, 1), (3, 5, 6, 1, 2, 4), (1, 3, 6, 2, 5, 4), (3, 2, 1, 5, 6, 4)}
M(A) = 
[[2, 3, 1, 6, 4, 5], [3, 2, 1, 6, 4, 5]]
Distance: 33
B = 
{(6, 2, 5, 3, 1, 4), (2, 6, 3, 5, 1, 4), (6, 2, 4, 1, 3, 5), (1, 4, 3, 6, 2, 5), (2, 3, 1, 6, 4, 5), (1, 6, 3, 4, 5, 2), (4, 5, 2, 3, 1, 6)}
M(B) = 
[[2, 3, 1, 6, 4, 5], [3, 2, 1, 6, 4, 5]]
Distance: 37
M(A) inter A:
set()
M(B) inter B:
set()

AUB = 
{(6, 2, 5, 3, 1, 4), (2, 6, 3, 5, 1, 4), (1, 4, 2, 3, 6, 5), (1, 6, 3, 4, 5, 2), (6, 3, 2, 5, 4, 1), (3, 1, 2, 6, 4, 5), (6, 2, 4, 1, 3, 5), (4, 2, 5, 3, 6, 1), (3, 5, 6, 1, 2, 4), (1, 4, 3, 6, 2, 5), (2, 3, 1, 6, 4, 5), (1, 3, 6, 2, 5, 4), (3, 2, 1, 5, 6, 4), (4, 5, 2, 3, 1, 6)}
M(AUB) = 
[[2, 3, 1, 6, 4, 5], [3, 2, 1, 6, 4, 5]]
Distance:76

(73)
A = 
{(3, 6, 2, 1, 4, 5), (6, 2, 1, 4, 5, 3), (1, 4, 2, 5, 3, 6), (1, 6, 3, 2, 4, 5), (3, 2, 6, 4, 5, 1), (1, 2, 4, 3, 6, 5), (4, 6, 3, 2, 5, 1)}
M(A) = 
[[2, 1, 4, 3, 6, 5], [3, 2, 6, 1, 4, 5], [3, 6, 2, 1, 4, 5]]
Distance: 35
B = 
{(1, 2, 5, 4, 3, 6), (5, 3, 6, 2, 1, 4), (1, 4, 5, 3, 6, 2), (1, 6, 3, 5, 2, 4), (5, 2, 4, 6, 1, 3), (4, 3, 2, 6, 5, 1), (2, 3, 6, 4, 1, 5)}
M(B) = 
[[2, 1, 4, 3, 6, 5], [3, 2, 6, 1, 4, 5], [3, 6, 2, 1, 4, 5]]
Distance: 46
M(A) inter A:
set()
M(B) inter B:
set()

AUB = 
{(3, 6, 2, 1, 4, 5), (1, 2, 5, 4, 3, 6), (1, 2, 4, 3, 6, 5), (5, 3, 6, 2, 1, 4), (1, 4, 2, 5, 3, 6), (1, 4, 5, 3, 6, 2), (2, 3, 6, 4, 1, 5), (1, 6, 3, 5, 2, 4), (5, 2, 4, 6, 1, 3), (1, 6, 3, 2, 4, 5), (3, 2, 6, 4, 5, 1), (4, 3, 2, 6, 5, 1), (6, 2, 1, 4, 5, 3), (4, 6, 3, 2, 5, 1)}
M(AUB) = 
[[2, 1, 4, 3, 6, 5], [3, 2, 6, 1, 4, 5], [3, 6, 2, 1, 4, 5]]
Distance:86

(74)
A = 
{(1, 3, 2, 4, 5, 6), (6, 4, 1, 5, 2, 3), (5, 1, 3, 4, 2, 6), (3, 6, 4, 2, 1, 5), (5, 1, 3, 2, 6, 4), (4, 3, 5, 1, 6, 2), (2, 3, 5, 4, 1, 6)}
M(A) = 
[[3, 2, 5, 1, 4, 6], [3, 2, 5, 1, 6, 4], [3, 2, 5, 4, 1, 6], [3, 2, 5, 4, 6, 1], [3, 2, 5, 6, 1, 4], [3, 2, 5, 6, 4, 1], [3, 5, 1, 2, 4, 6], [3, 5, 1, 2, 6, 4], [3, 5, 2, 1, 4, 6], [3, 5, 2, 1, 6, 4], [3, 5, 2, 4, 1, 6], [3, 5, 2, 4, 6, 1], [3, 5, 2, 6, 1, 4], [3, 5, 2, 6, 4, 1], [5, 3, 1, 2, 4, 6], [5, 3, 1, 2, 6, 4], [5, 3, 2, 1, 4, 6], [5, 3, 2, 1, 6, 4], [5, 3, 2, 4, 1, 6], [5, 3, 2, 4, 6, 1], [5, 3, 2, 6, 1, 4], [5, 3, 2, 6, 4, 1]]
Distance: 39
B = 
{(3, 5, 1, 2, 4, 6), (6, 5, 3, 2, 1, 4), (2, 6, 1, 5, 4, 3), (5, 3, 6, 4, 2, 1), (3, 1, 2, 6, 5, 4), (2, 3, 4, 5, 6, 1), (2, 4, 6, 5, 3, 1)}
M(B) = 
[[3, 2, 5, 1, 4, 6], [3, 2, 5, 1, 6, 4], [3, 2, 5, 4, 1, 6], [3, 2, 5, 4, 6, 1], [3, 2, 5, 6, 1, 4], [3, 2, 5, 6, 4, 1], [3, 5, 1, 2, 4, 6], [3, 5, 1, 2, 6, 4], [3, 5, 2, 1, 4, 6], [3, 5, 2, 1, 6, 4], [3, 5, 2, 4, 1, 6], [3, 5, 2, 4, 6, 1], [3, 5, 2, 6, 1, 4], [3, 5, 2, 6, 4, 1], [5, 3, 1, 2, 4, 6], [5, 3, 1, 2, 6, 4], [5, 3, 2, 1, 4, 6], [5, 3, 2, 1, 6, 4], [5, 3, 2, 4, 1, 6], [5, 3, 2, 4, 6, 1], [5, 3, 2, 6, 1, 4], [5, 3, 2, 6, 4, 1]]
Distance: 36
M(A) inter A:
set()
M(B) inter B:
set()

AUB = 
{(3, 5, 1, 2, 4, 6), (1, 3, 2, 4, 5, 6), (6, 4, 1, 5, 2, 3), (5, 1, 3, 2, 6, 4), (2, 6, 1, 5, 4, 3), (5, 3, 6, 4, 2, 1), (3, 6, 4, 2, 1, 5), (5, 1, 3, 4, 2, 6), (2, 3, 4, 5, 6, 1), (2, 4, 6, 5, 3, 1), (3, 1, 2, 6, 5, 4), (6, 5, 3, 2, 1, 4), (4, 3, 5, 1, 6, 2), (2, 3, 5, 4, 1, 6)}
M(AUB) = 
[[3, 2, 5, 1, 4, 6], [3, 2, 5, 1, 6, 4], [3, 2, 5, 4, 1, 6], [3, 2, 5, 4, 6, 1], [3, 2, 5, 6, 1, 4], [3, 2, 5, 6, 4, 1], [3, 5, 1, 2, 4, 6], [3, 5, 1, 2, 6, 4], [3, 5, 2, 1, 4, 6], [3, 5, 2, 1, 6, 4], [3, 5, 2, 4, 1, 6], [3, 5, 2, 4, 6, 1], [3, 5, 2, 6, 1, 4], [3, 5, 2, 6, 4, 1], [5, 3, 1, 2, 4, 6], [5, 3, 1, 2, 6, 4], [5, 3, 2, 1, 4, 6], [5, 3, 2, 1, 6, 4], [5, 3, 2, 4, 1, 6], [5, 3, 2, 4, 6, 1], [5, 3, 2, 6, 1, 4], [5, 3, 2, 6, 4, 1]]
Distance:87

(75)
A = 
{(3, 6, 1, 4, 2, 5), (3, 2, 4, 5, 1, 6), (2, 1, 6, 4, 5, 3), (3, 6, 2, 4, 5, 1), (2, 3, 4, 1, 5, 6), (1, 6, 5, 2, 3, 4), (2, 1, 3, 5, 4, 6)}
M(A) = 
[[2, 1, 3, 5, 6, 4], [2, 1, 3, 6, 4, 5], [2, 1, 3, 6, 5, 4], [2, 1, 6, 3, 4, 5], [2, 1, 6, 3, 5, 4], [2, 3, 1, 5, 6, 4], [2, 3, 1, 6, 4, 5], [2, 3, 1, 6, 5, 4], [2, 3, 5, 1, 6, 4]]
Distance: 33
B = 
{(5, 2, 1, 6, 4, 3), (6, 5, 4, 2, 1, 3), (2, 4, 3, 5, 6, 1), (5, 6, 2, 3, 1, 4), (6, 4, 2, 1, 3, 5), (2, 3, 5, 4, 1, 6), (2, 1, 6, 5, 4, 3)}
M(B) = 
[[2, 1, 3, 5, 6, 4], [2, 1, 3, 6, 4, 5], [2, 1, 3, 6, 5, 4], [2, 1, 6, 3, 4, 5], [2, 1, 6, 3, 5, 4], [2, 3, 1, 5, 6, 4], [2, 3, 1, 6, 4, 5], [2, 3, 1, 6, 5, 4], [2, 3, 5, 1, 6, 4]]
Distance: 33
M(A) inter A:
set()
M(B) inter B:
set()

AUB = 
{(3, 6, 1, 4, 2, 5), (3, 2, 4, 5, 1, 6), (5, 2, 1, 6, 4, 3), (2, 3, 4, 1, 5, 6), (6, 5, 4, 2, 1, 3), (2, 4, 3, 5, 6, 1), (5, 6, 2, 3, 1, 4), (3, 6, 2, 4, 5, 1), (2, 1, 6, 4, 5, 3), (1, 6, 5, 2, 3, 4), (6, 4, 2, 1, 3, 5), (2, 1, 6, 5, 4, 3), (2, 3, 5, 4, 1, 6), (2, 1, 3, 5, 4, 6)}
M(AUB) = 
[[2, 1, 3, 5, 6, 4], [2, 1, 3, 6, 4, 5], [2, 1, 3, 6, 5, 4], [2, 1, 6, 3, 4, 5], [2, 1, 6, 3, 5, 4], [2, 3, 1, 5, 6, 4], [2, 3, 1, 6, 4, 5], [2, 3, 1, 6, 5, 4], [2, 3, 5, 1, 6, 4]]
Distance:83

(76)
A = 
{(4, 2, 6, 1, 3, 5), (1, 6, 5, 3, 2, 4), (4, 1, 3, 5, 6, 2), (1, 3, 2, 4, 5, 6), (2, 1, 5, 4, 3, 6), (4, 6, 3, 2, 1, 5), (6, 4, 5, 2, 1, 3)}
M(A) = 
[[6, 1, 3, 2, 4, 5], [6, 1, 3, 4, 2, 5]]
Distance: 39
B = 
{(3, 6, 2, 1, 4, 5), (6, 3, 1, 2, 5, 4), (6, 5, 1, 2, 3, 4), (3, 4, 6, 5, 2, 1), (3, 6, 5, 1, 4, 2), (3, 2, 6, 1, 4, 5), (1, 4, 6, 2, 5, 3)}
M(B) = 
[[6, 1, 3, 2, 4, 5], [6, 1, 3, 4, 2, 5]]
Distance: 30
M(A) inter A:
set()
M(B) inter B:
set()

AUB = 
{(4, 2, 6, 1, 3, 5), (2, 1, 5, 4, 3, 6), (4, 1, 3, 5, 6, 2), (6, 3, 1, 2, 5, 4), (3, 4, 6, 5, 2, 1), (6, 5, 1, 2, 3, 4), (1, 3, 2, 4, 5, 6), (1, 6, 5, 3, 2, 4), (3, 6, 5, 1, 4, 2), (4, 6, 3, 2, 1, 5), (3, 2, 6, 1, 4, 5), (1, 4, 6, 2, 5, 3), (6, 4, 5, 2, 1, 3), (3, 6, 2, 1, 4, 5)}
M(AUB) = 
[[6, 1, 3, 2, 4, 5], [6, 1, 3, 4, 2, 5]]
Distance:82

(77)
A = 
{(5, 4, 2, 1, 6, 3), (6, 4, 3, 5, 1, 2), (4, 5, 1, 2, 6, 3), (3, 1, 2, 4, 6, 5), (2, 4, 5, 1, 6, 3), (5, 4, 1, 2, 6, 3), (4, 3, 2, 5, 1, 6)}
M(A) = 
[[4, 5, 1, 2, 6, 3]]
Distance: 29
B = 
{(5, 3, 4, 2, 1, 6), (1, 2, 4, 5, 3, 6), (3, 6, 5, 1, 2, 4), (2, 6, 3, 5, 4, 1), (1, 2, 3, 4, 5, 6), (6, 4, 1, 2, 5, 3), (5, 1, 6, 4, 3, 2)}
M(B) = 
[[4, 5, 1, 2, 6, 3]]
Distance: 45
M(A) inter A:
set()
M(B) inter B:
set()

AUB = 
{(5, 3, 4, 2, 1, 6), (1, 2, 4, 5, 3, 6), (6, 4, 1, 2, 5, 3), (3, 6, 5, 1, 2, 4), (5, 4, 2, 1, 6, 3), (6, 4, 3, 5, 1, 2), (2, 6, 3, 5, 4, 1), (4, 5, 1, 2, 6, 3), (3, 1, 2, 4, 6, 5), (5, 1, 6, 4, 3, 2), (2, 4, 5, 1, 6, 3), (5, 4, 1, 2, 6, 3), (4, 3, 2, 5, 1, 6), (1, 2, 3, 4, 5, 6)}
M(AUB) = 
[[4, 5, 1, 2, 6, 3]]
Distance:80

(78)
A = 
{(6, 1, 5, 3, 2, 4), (1, 6, 3, 2, 5, 4), (5, 1, 4, 2, 3, 6), (6, 1, 4, 3, 5, 2), (3, 1, 6, 4, 2, 5), (4, 3, 6, 2, 1, 5), (4, 3, 1, 5, 2, 6)}
M(A) = 
[[1, 6, 4, 3, 5, 2], [6, 1, 4, 3, 5, 2]]
Distance: 35
B = 
{(6, 5, 2, 1, 3, 4), (2, 4, 3, 1, 6, 5), (6, 4, 3, 5, 1, 2), (4, 1, 6, 5, 2, 3), (6, 2, 1, 5, 4, 3), (6, 1, 3, 4, 5, 2), (2, 1, 6, 5, 4, 3)}
M(B) = 
[[1, 6, 4, 3, 5, 2], [6, 1, 4, 3, 5, 2]]
Distance: 35
M(A) inter A:
set()
M(B) inter B:
set()

AUB = 
{(6, 5, 2, 1, 3, 4), (2, 4, 3, 1, 6, 5), (6, 1, 5, 3, 2, 4), (1, 6, 3, 2, 5, 4), (6, 4, 3, 5, 1, 2), (5, 1, 4, 2, 3, 6), (6, 1, 4, 3, 5, 2), (3, 1, 6, 4, 2, 5), (2, 1, 6, 5, 4, 3), (4, 3, 6, 2, 1, 5), (6, 2, 1, 5, 4, 3), (6, 1, 3, 4, 5, 2), (4, 3, 1, 5, 2, 6), (4, 1, 6, 5, 2, 3)}
M(AUB) = 
[[1, 6, 4, 3, 5, 2], [6, 1, 4, 3, 5, 2]]
Distance:76

(79)
A = 
{(5, 6, 1, 3, 4, 2), (5, 6, 2, 1, 4, 3), (3, 5, 4, 2, 1, 6), (1, 6, 4, 2, 3, 5), (4, 5, 6, 1, 3, 2), (6, 1, 2, 4, 3, 5), (3, 2, 4, 6, 5, 1)}
M(A) = 
[[4, 5, 6, 1, 3, 2]]
Distance: 42
B = 
{(2, 4, 5, 3, 6, 1), (5, 4, 1, 3, 6, 2), (2, 4, 5, 6, 1, 3), (1, 2, 3, 4, 6, 5), (4, 6, 3, 2, 1, 5), (6, 3, 1, 2, 4, 5), (5, 1, 4, 3, 6, 2)}
M(B) = 
[[4, 5, 6, 1, 3, 2]]
Distance: 44
M(A) inter A:
set()
M(B) inter B:
{(2, 4, 5, 6, 1, 3), (2, 4, 5, 3, 6, 1)}

AUB = 
{(5, 6, 1, 3, 4, 2), (5, 6, 2, 1, 4, 3), (3, 5, 4, 2, 1, 6), (5, 1, 4, 3, 6, 2), (1, 6, 4, 2, 3, 5), (5, 4, 1, 3, 6, 2), (2, 4, 5, 6, 1, 3), (2, 4, 5, 3, 6, 1), (4, 5, 6, 1, 3, 2), (4, 6, 3, 2, 1, 5), (6, 3, 1, 2, 4, 5), (6, 1, 2, 4, 3, 5), (1, 2, 3, 4, 6, 5), (3, 2, 4, 6, 5, 1)}
M(AUB) = 
[[4, 5, 6, 1, 3, 2]]
Distance:88

(80)
A = 
{(3, 4, 1, 6, 2, 5), (1, 3, 4, 6, 2, 5), (2, 5, 3, 1, 4, 6), (2, 1, 6, 3, 5, 4), (1, 2, 5, 4, 6, 3), (4, 5, 2, 1, 6, 3), (4, 3, 5, 6, 1, 2)}
M(A) = 
[[2, 5, 3, 1, 4, 6], [5, 2, 3, 1, 4, 6], [5, 3, 1, 2, 4, 6], [5, 3, 2, 1, 4, 6]]
Distance: 41
B = 
{(5, 2, 4, 3, 1, 6), (3, 1, 2, 6, 4, 5), (1, 2, 5, 4, 3, 6), (1, 3, 5, 4, 2, 6), (5, 3, 2, 1, 6, 4), (6, 5, 4, 3, 2, 1), (5, 6, 2, 4, 3, 1)}
M(B) = 
[[2, 5, 3, 1, 4, 6], [5, 2, 3, 1, 4, 6], [5, 3, 1, 2, 4, 6], [5, 3, 2, 1, 4, 6]]
Distance: 36
M(A) inter A:
set()
M(B) inter B:
{(5, 3, 2, 1, 6, 4)}

AUB = 
{(1, 2, 5, 4, 6, 3), (5, 2, 4, 3, 1, 6), (1, 3, 4, 6, 2, 5), (2, 5, 3, 1, 4, 6), (3, 1, 2, 6, 4, 5), (2, 1, 6, 3, 5, 4), (1, 2, 5, 4, 3, 6), (3, 4, 1, 6, 2, 5), (1, 3, 5, 4, 2, 6), (5, 3, 2, 1, 6, 4), (4, 5, 2, 1, 6, 3), (4, 3, 5, 6, 1, 2), (6, 5, 4, 3, 2, 1), (5, 6, 2, 4, 3, 1)}
M(AUB) = 
[[2, 5, 3, 1, 4, 6], [5, 2, 3, 1, 4, 6], [5, 3, 1, 2, 4, 6], [5, 3, 2, 1, 4, 6]]
Distance:87

(81)
A = 
{(3, 4, 5, 1, 2, 6), (2, 6, 4, 5, 3, 1), (2, 1, 3, 4, 5, 6), (4, 2, 1, 6, 3, 5), (2, 4, 1, 6, 3, 5), (2, 1, 4, 3, 5, 6), (4, 2, 3, 5, 6, 1)}
M(A) = 
[[2, 4, 1, 3, 5, 6], [2, 4, 3, 1, 5, 6], [2, 4, 3, 5, 1, 6], [4, 2, 1, 3, 5, 6], [4, 2, 3, 1, 5, 6], [4, 2, 3, 5, 1, 6]]
Distance: 26
B = 
{(4, 5, 6, 2, 3, 1), (6, 3, 1, 5, 2, 4), (1, 3, 5, 4, 6, 2), (3, 5, 4, 1, 6, 2), (2, 4, 1, 3, 6, 5), (4, 6, 3, 5, 2, 1), (2, 5, 1, 3, 6, 4)}
M(B) = 
[[2, 4, 1, 3, 5, 6], [2, 4, 3, 1, 5, 6], [2, 4, 3, 5, 1, 6], [4, 2, 1, 3, 5, 6], [4, 2, 3, 1, 5, 6], [4, 2, 3, 5, 1, 6]]
Distance: 42
M(A) inter A:
set()
M(B) inter B:
{(3, 5, 4, 1, 6, 2)}

AUB = 
{(3, 4, 5, 1, 2, 6), (4, 5, 6, 2, 3, 1), (6, 3, 1, 5, 2, 4), (2, 6, 4, 5, 3, 1), (4, 2, 1, 6, 3, 5), (2, 1, 3, 4, 5, 6), (2, 4, 1, 3, 6, 5), (2, 4, 1, 6, 3, 5), (1, 3, 5, 4, 6, 2), (2, 1, 4, 3, 5, 6), (4, 2, 3, 5, 6, 1), (4, 6, 3, 5, 2, 1), (2, 5, 1, 3, 6, 4), (3, 5, 4, 1, 6, 2)}
M(AUB) = 
[[2, 4, 1, 3, 5, 6], [2, 4, 3, 1, 5, 6], [2, 4, 3, 5, 1, 6], [4, 2, 1, 3, 5, 6], [4, 2, 3, 1, 5, 6], [4, 2, 3, 5, 1, 6]]
Distance:79

(82)
A = 
{(1, 2, 3, 5, 6, 4), (5, 2, 3, 6, 1, 4), (6, 2, 1, 4, 3, 5), (3, 2, 4, 1, 5, 6), (4, 5, 2, 6, 1, 3), (5, 3, 2, 1, 6, 4), (5, 6, 1, 2, 4, 3)}
M(A) = 
[[1, 2, 3, 5, 6, 4], [1, 5, 2, 3, 6, 4], [2, 1, 3, 5, 6, 4]]
Distance: 37
B = 
{(1, 2, 6, 3, 4, 5), (1, 3, 6, 5, 2, 4), (6, 1, 3, 4, 5, 2), (5, 2, 1, 3, 4, 6), (1, 5, 4, 3, 6, 2), (1, 2, 3, 4, 6, 5), (2, 6, 4, 3, 5, 1)}
M(B) = 
[[1, 2, 3, 5, 6, 4], [1, 5, 2, 3, 6, 4], [2, 1, 3, 5, 6, 4]]
Distance: 35
M(A) inter A:
set()
M(B) inter B:
set()

AUB = 
{(1, 2, 6, 3, 4, 5), (5, 2, 1, 3, 4, 6), (1, 3, 6, 5, 2, 4), (1, 2, 3, 5, 6, 4), (6, 1, 3, 4, 5, 2), (5, 2, 3, 6, 1, 4), (2, 6, 4, 3, 5, 1), (6, 2, 1, 4, 3, 5), (1, 5, 4, 3, 6, 2), (3, 2, 4, 1, 5, 6), (4, 5, 2, 6, 1, 3), (1, 2, 3, 4, 6, 5), (5, 3, 2, 1, 6, 4), (5, 6, 1, 2, 4, 3)}
M(AUB) = 
[[1, 2, 3, 5, 6, 4], [1, 5, 2, 3, 6, 4], [2, 1, 3, 5, 6, 4]]
Distance:82

(83)
A = 
{(2, 6, 5, 3, 1, 4), (1, 4, 2, 6, 5, 3), (3, 1, 5, 6, 4, 2), (1, 6, 2, 5, 3, 4), (3, 1, 5, 2, 6, 4), (6, 2, 1, 3, 5, 4), (2, 6, 3, 4, 5, 1)}
M(A) = 
[[1, 6, 2, 3, 4, 5], [1, 6, 2, 3, 5, 4], [6, 1, 2, 3, 4, 5], [6, 1, 2, 3, 5, 4]]
Distance: 33
B = 
{(3, 5, 4, 2, 1, 6), (3, 2, 5, 1, 4, 6), (3, 4, 6, 1, 5, 2), (4, 1, 6, 2, 5, 3), (6, 1, 4, 5, 2, 3), (4, 6, 5, 1, 2, 3), (6, 2, 1, 3, 4, 5)}
M(B) = 
[[1, 6, 2, 3, 4, 5], [1, 6, 2, 3, 5, 4], [6, 1, 2, 3, 4, 5], [6, 1, 2, 3, 5, 4]]
Distance: 42
M(A) inter A:
set()
M(B) inter B:
set()

AUB = 
{(3, 1, 5, 2, 6, 4), (1, 4, 2, 6, 5, 3), (6, 2, 1, 3, 4, 5), (3, 1, 5, 6, 4, 2), (1, 6, 2, 5, 3, 4), (3, 5, 4, 2, 1, 6), (2, 6, 5, 3, 1, 4), (2, 6, 3, 4, 5, 1), (4, 1, 6, 2, 5, 3), (6, 1, 4, 5, 2, 3), (6, 2, 1, 3, 5, 4), (4, 6, 5, 1, 2, 3), (3, 2, 5, 1, 4, 6), (3, 4, 6, 1, 5, 2)}
M(AUB) = 
[[1, 6, 2, 3, 4, 5], [1, 6, 2, 3, 5, 4], [6, 1, 2, 3, 4, 5], [6, 1, 2, 3, 5, 4]]
Distance:86

(84)
A = 
{(4, 5, 2, 1, 3, 6), (2, 5, 6, 4, 1, 3), (5, 6, 2, 4, 1, 3), (4, 1, 5, 2, 6, 3), (4, 3, 2, 5, 6, 1), (3, 1, 2, 5, 4, 6), (1, 5, 4, 3, 6, 2)}
M(A) = 
[[1, 2, 5, 3, 4, 6], [1, 2, 5, 4, 3, 6], [2, 1, 5, 3, 4, 6], [2, 1, 5, 4, 3, 6]]
Distance: 35
B = 
{(1, 4, 2, 3, 6, 5), (2, 1, 6, 5, 3, 4), (3, 1, 6, 5, 4, 2), (2, 5, 3, 4, 1, 6), (1, 3, 5, 4, 2, 6), (1, 2, 6, 5, 3, 4), (2, 5, 6, 1, 3, 4)}
M(B) = 
[[1, 2, 5, 3, 4, 6], [1, 2, 5, 4, 3, 6], [2, 1, 5, 3, 4, 6], [2, 1, 5, 4, 3, 6]]
Distance: 32
M(A) inter A:
set()
M(B) inter B:
{(1, 2, 6, 5, 3, 4)}

AUB = 
{(4, 5, 2, 1, 3, 6), (2, 5, 6, 4, 1, 3), (5, 6, 2, 4, 1, 3), (1, 4, 2, 3, 6, 5), (2, 1, 6, 5, 3, 4), (2, 5, 3, 4, 1, 6), (4, 1, 5, 2, 6, 3), (3, 1, 6, 5, 4, 2), (4, 3, 2, 5, 6, 1), (1, 3, 5, 4, 2, 6), (1, 2, 6, 5, 3, 4), (3, 1, 2, 5, 4, 6), (2, 5, 6, 1, 3, 4), (1, 5, 4, 3, 6, 2)}
M(AUB) = 
[[1, 2, 5, 3, 4, 6], [1, 2, 5, 4, 3, 6], [2, 1, 5, 3, 4, 6], [2, 1, 5, 4, 3, 6]]
Distance:80

(85)
A = 
{(1, 5, 3, 2, 6, 4), (1, 3, 6, 2, 4, 5), (4, 5, 3, 2, 6, 1), (3, 6, 2, 1, 5, 4), (4, 3, 2, 5, 6, 1), (2, 4, 6, 5, 1, 3), (2, 3, 4, 6, 5, 1)}
M(A) = 
[[3, 4, 2, 6, 1, 5], [3, 4, 6, 2, 1, 5], [3, 6, 4, 2, 1, 5], [4, 3, 2, 6, 1, 5], [4, 3, 6, 2, 1, 5]]
Distance: 36
B = 
{(6, 4, 2, 1, 3, 5), (1, 3, 6, 4, 2, 5), (3, 6, 4, 1, 5, 2), (6, 4, 2, 5, 3, 1), (5, 4, 3, 2, 1, 6), (1, 3, 4, 2, 6, 5), (4, 6, 1, 3, 2, 5)}
M(B) = 
[[3, 4, 2, 6, 1, 5], [3, 4, 6, 2, 1, 5], [3, 6, 4, 2, 1, 5], [4, 3, 2, 6, 1, 5], [4, 3, 6, 2, 1, 5]]
Distance: 33
M(A) inter A:
set()
M(B) inter B:
set()

AUB = 
{(1, 5, 3, 2, 6, 4), (2, 4, 6, 5, 1, 3), (4, 5, 3, 2, 6, 1), (6, 4, 2, 1, 3, 5), (3, 6, 2, 1, 5, 4), (1, 3, 6, 4, 2, 5), (4, 3, 2, 5, 6, 1), (1, 3, 6, 2, 4, 5), (3, 6, 4, 1, 5, 2), (6, 4, 2, 5, 3, 1), (5, 4, 3, 2, 1, 6), (1, 3, 4, 2, 6, 5), (4, 6, 1, 3, 2, 5), (2, 3, 4, 6, 5, 1)}
M(AUB) = 
[[3, 4, 2, 6, 1, 5], [3, 4, 6, 2, 1, 5], [3, 6, 4, 2, 1, 5], [4, 3, 2, 6, 1, 5], [4, 3, 6, 2, 1, 5]]
Distance:79

(86)
A = 
{(5, 6, 1, 3, 4, 2), (3, 4, 1, 2, 6, 5), (6, 2, 1, 4, 5, 3), (1, 4, 3, 2, 5, 6), (6, 4, 5, 1, 2, 3), (2, 1, 3, 6, 4, 5), (6, 2, 4, 5, 3, 1)}
M(A) = 
[[6, 4, 1, 5, 3, 2], [6, 4, 5, 1, 3, 2]]
Distance: 39
B = 
{(4, 6, 5, 1, 3, 2), (3, 6, 1, 4, 5, 2), (4, 1, 6, 5, 3, 2), (6, 4, 5, 3, 2, 1), (3, 6, 5, 4, 2, 1), (5, 3, 4, 6, 1, 2), (2, 1, 4, 3, 5, 6)}
M(B) = 
[[6, 4, 1, 5, 3, 2], [6, 4, 5, 1, 3, 2]]
Distance: 34
M(A) inter A:
set()
M(B) inter B:
set()

AUB = 
{(5, 6, 1, 3, 4, 2), (3, 4, 1, 2, 6, 5), (6, 2, 1, 4, 5, 3), (3, 6, 1, 4, 5, 2), (1, 4, 3, 2, 5, 6), (4, 1, 6, 5, 3, 2), (6, 4, 5, 1, 2, 3), (2, 1, 4, 3, 5, 6), (5, 3, 4, 6, 1, 2), (6, 4, 5, 3, 2, 1), (3, 6, 5, 4, 2, 1), (4, 6, 5, 1, 3, 2), (2, 1, 3, 6, 4, 5), (6, 2, 4, 5, 3, 1)}
M(AUB) = 
[[6, 4, 1, 5, 3, 2], [6, 4, 5, 1, 3, 2]]
Distance:81

(87)
A = 
{(1, 5, 6, 4, 2, 3), (3, 4, 5, 6, 2, 1), (6, 5, 2, 4, 3, 1), (2, 3, 5, 4, 6, 1), (6, 3, 2, 4, 1, 5), (2, 3, 6, 5, 1, 4), (2, 5, 1, 3, 6, 4)}
M(A) = 
[[5, 2, 3, 6, 1, 4], [5, 2, 6, 1, 3, 4], [5, 2, 6, 3, 1, 4], [5, 6, 2, 1, 3, 4], [5, 6, 2, 3, 1, 4]]
Distance: 36
B = 
{(2, 1, 5, 4, 3, 6), (5, 4, 2, 6, 1, 3), (5, 1, 3, 2, 4, 6), (5, 6, 1, 4, 3, 2), (1, 2, 5, 4, 6, 3), (3, 6, 1, 5, 4, 2), (6, 5, 3, 4, 1, 2)}
M(B) = 
[[5, 2, 3, 6, 1, 4], [5, 2, 6, 1, 3, 4], [5, 2, 6, 3, 1, 4], [5, 6, 2, 1, 3, 4], [5, 6, 2, 3, 1, 4]]
Distance: 37
M(A) inter A:
set()
M(B) inter B:
{(5, 6, 1, 4, 3, 2)}

AUB = 
{(1, 2, 5, 4, 6, 3), (5, 4, 2, 6, 1, 3), (1, 5, 6, 4, 2, 3), (3, 4, 5, 6, 2, 1), (6, 5, 3, 4, 1, 2), (6, 5, 2, 4, 3, 1), (5, 6, 1, 4, 3, 2), (2, 3, 5, 4, 6, 1), (2, 1, 5, 4, 3, 6), (5, 1, 3, 2, 4, 6), (6, 3, 2, 4, 1, 5), (3, 6, 1, 5, 4, 2), (2, 3, 6, 5, 1, 4), (2, 5, 1, 3, 6, 4)}
M(AUB) = 
[[5, 2, 3, 6, 1, 4], [5, 2, 6, 1, 3, 4], [5, 2, 6, 3, 1, 4], [5, 6, 2, 1, 3, 4], [5, 6, 2, 3, 1, 4]]
Distance:85

(88)
A = 
{(3, 5, 4, 6, 2, 1), (5, 1, 3, 4, 2, 6), (2, 5, 4, 6, 3, 1), (4, 5, 1, 3, 2, 6), (6, 5, 2, 3, 1, 4), (1, 4, 2, 3, 5, 6), (6, 4, 3, 5, 2, 1)}
M(A) = 
[[5, 4, 2, 3, 6, 1], [5, 4, 2, 6, 1, 3], [5, 4, 2, 6, 3, 1], [5, 4, 3, 2, 6, 1], [5, 4, 3, 6, 2, 1], [5, 4, 6, 2, 1, 3], [5, 4, 6, 2, 3, 1], [5, 4, 6, 3, 2, 1]]
Distance: 39
B = 
{(4, 5, 3, 2, 6, 1), (6, 5, 1, 2, 3, 4), (3, 6, 4, 2, 5, 1), (5, 2, 1, 4, 6, 3), (3, 5, 4, 6, 1, 2), (6, 2, 5, 4, 1, 3), (4, 1, 2, 6, 5, 3)}
M(B) = 
[[5, 4, 2, 3, 6, 1], [5, 4, 2, 6, 1, 3], [5, 4, 2, 6, 3, 1], [5, 4, 3, 2, 6, 1], [5, 4, 3, 6, 2, 1], [5, 4, 6, 2, 1, 3], [5, 4, 6, 2, 3, 1], [5, 4, 6, 3, 2, 1]]
Distance: 41
M(A) inter A:
set()
M(B) inter B:
set()

AUB = 
{(4, 5, 3, 2, 6, 1), (3, 5, 4, 6, 2, 1), (5, 1, 3, 4, 2, 6), (6, 5, 1, 2, 3, 4), (2, 5, 4, 6, 3, 1), (3, 5, 4, 6, 1, 2), (3, 6, 4, 2, 5, 1), (5, 2, 1, 4, 6, 3), (4, 5, 1, 3, 2, 6), (6, 5, 2, 3, 1, 4), (6, 2, 5, 4, 1, 3), (1, 4, 2, 3, 5, 6), (4, 1, 2, 6, 5, 3), (6, 4, 3, 5, 2, 1)}
M(AUB) = 
[[5, 4, 2, 3, 6, 1], [5, 4, 2, 6, 1, 3], [5, 4, 2, 6, 3, 1], [5, 4, 3, 2, 6, 1], [5, 4, 3, 6, 2, 1], [5, 4, 6, 2, 1, 3], [5, 4, 6, 2, 3, 1], [5, 4, 6, 3, 2, 1]]
Distance:84

(89)
A = 
{(6, 5, 2, 1, 3, 4), (4, 3, 1, 6, 5, 2), (4, 6, 5, 1, 3, 2), (4, 2, 1, 3, 6, 5), (6, 4, 1, 5, 3, 2), (3, 4, 6, 1, 2, 5), (1, 5, 4, 6, 3, 2)}
M(A) = 
[[4, 6, 1, 5, 3, 2]]
Distance: 30
B = 
{(6, 5, 4, 1, 3, 2), (5, 6, 3, 1, 2, 4), (1, 3, 2, 4, 6, 5), (5, 1, 2, 4, 3, 6), (6, 2, 5, 4, 3, 1), (4, 6, 5, 1, 3, 2), (2, 4, 1, 5, 6, 3)}
M(B) = 
[[4, 6, 1, 5, 3, 2]]
Distance: 40
M(A) inter A:
set()
M(B) inter B:
set()

AUB = 
{(6, 5, 2, 1, 3, 4), (4, 3, 1, 6, 5, 2), (4, 6, 5, 1, 3, 2), (5, 6, 3, 1, 2, 4), (4, 2, 1, 3, 6, 5), (1, 3, 2, 4, 6, 5), (6, 4, 1, 5, 3, 2), (3, 4, 6, 1, 2, 5), (2, 4, 1, 5, 6, 3), (5, 1, 2, 4, 3, 6), (6, 2, 5, 4, 3, 1), (6, 5, 4, 1, 3, 2), (1, 5, 4, 6, 3, 2)}
M(AUB) = 
[[4, 6, 1, 5, 3, 2]]
Distance:73

(90)
A = 
{(6, 1, 5, 4, 3, 2), (4, 3, 1, 5, 2, 6), (5, 6, 1, 2, 3, 4), (4, 5, 6, 1, 3, 2), (5, 1, 4, 6, 2, 3), (4, 1, 3, 6, 5, 2), (4, 3, 2, 1, 5, 6)}
M(A) = 
[[4, 1, 6, 3, 5, 2], [4, 1, 6, 5, 3, 2]]
Distance: 32
B = 
{(4, 6, 5, 3, 1, 2), (2, 1, 4, 6, 3, 5), (1, 2, 3, 6, 4, 5), (2, 4, 1, 3, 6, 5), (2, 4, 6, 5, 1, 3), (1, 6, 5, 4, 3, 2), (6, 3, 4, 2, 1, 5)}
M(B) = 
[[4, 1, 6, 3, 5, 2], [4, 1, 6, 5, 3, 2]]
Distance: 35
M(A) inter A:
set()
M(B) inter B:
set()

AUB = 
{(6, 1, 5, 4, 3, 2), (4, 6, 5, 3, 1, 2), (4, 3, 1, 5, 2, 6), (2, 1, 4, 6, 3, 5), (5, 6, 1, 2, 3, 4), (2, 4, 6, 5, 1, 3), (4, 1, 3, 6, 5, 2), (1, 6, 5, 4, 3, 2), (5, 1, 4, 6, 2, 3), (2, 4, 1, 3, 6, 5), (4, 5, 6, 1, 3, 2), (4, 3, 2, 1, 5, 6), (1, 2, 3, 6, 4, 5), (6, 3, 4, 2, 1, 5)}
M(AUB) = 
[[4, 1, 6, 3, 5, 2], [4, 1, 6, 5, 3, 2]]
Distance:78

(91)
A = 
{(2, 4, 1, 6, 5, 3), (5, 1, 2, 4, 6, 3), (5, 1, 3, 4, 2, 6), (1, 4, 6, 3, 2, 5), (1, 6, 5, 2, 4, 3), (5, 6, 1, 4, 2, 3), (4, 6, 2, 1, 5, 3)}
M(A) = 
[[5, 1, 4, 2, 6, 3]]
Distance: 32
B = 
{(4, 2, 5, 6, 1, 3), (2, 3, 5, 1, 6, 4), (5, 4, 1, 2, 3, 6), (5, 3, 6, 1, 2, 4), (4, 5, 1, 2, 6, 3), (4, 3, 1, 5, 2, 6), (1, 2, 3, 4, 5, 6)}
M(B) = 
[[5, 1, 4, 2, 6, 3]]
Distance: 34
M(A) inter A:
set()
M(B) inter B:
set()

AUB = 
{(4, 2, 5, 6, 1, 3), (5, 1, 2, 4, 6, 3), (4, 6, 2, 1, 5, 3), (2, 3, 5, 1, 6, 4), (5, 1, 3, 4, 2, 6), (1, 6, 5, 2, 4, 3), (5, 4, 1, 2, 3, 6), (1, 4, 6, 3, 2, 5), (5, 6, 1, 4, 2, 3), (4, 5, 1, 2, 6, 3), (5, 3, 6, 1, 2, 4), (2, 4, 1, 6, 5, 3), (4, 3, 1, 5, 2, 6), (1, 2, 3, 4, 5, 6)}
M(AUB) = 
[[5, 1, 4, 2, 6, 3]]
Distance:73

(92)
A = 
{(1, 3, 6, 4, 5, 2), (3, 4, 2, 1, 6, 5), (2, 4, 5, 3, 6, 1), (4, 2, 3, 1, 5, 6), (3, 4, 6, 5, 1, 2), (2, 4, 1, 3, 5, 6), (1, 2, 3, 4, 5, 6)}
M(A) = 
[[3, 4, 1, 2, 5, 6], [3, 4, 1, 2, 6, 5], [3, 4, 1, 6, 2, 5], [3, 4, 2, 1, 5, 6], [3, 4, 2, 1, 6, 5], [3, 4, 2, 5, 1, 6], [3, 4, 2, 5, 6, 1], [3, 4, 2, 6, 1, 5], [3, 4, 2, 6, 5, 1], [3, 4, 6, 1, 2, 5], [3, 4, 6, 2, 1, 5], [3, 4, 6, 2, 5, 1]]
Distance: 31
B = 
{(1, 5, 6, 3, 2, 4), (3, 6, 5, 4, 1, 2), (3, 4, 2, 6, 5, 1), (6, 2, 5, 3, 4, 1), (3, 4, 6, 1, 2, 5), (4, 5, 3, 6, 1, 2), (2, 4, 5, 3, 1, 6)}
M(B) = 
[[3, 4, 1, 2, 5, 6], [3, 4, 1, 2, 6, 5], [3, 4, 1, 6, 2, 5], [3, 4, 2, 1, 5, 6], [3, 4, 2, 1, 6, 5], [3, 4, 2, 5, 1, 6], [3, 4, 2, 5, 6, 1], [3, 4, 2, 6, 1, 5], [3, 4, 2, 6, 5, 1], [3, 4, 6, 1, 2, 5], [3, 4, 6, 2, 1, 5], [3, 4, 6, 2, 5, 1]]
Distance: 37
M(A) inter A:
{(3, 4, 6, 5, 1, 2)}
M(B) inter B:
set()

AUB = 
{(1, 3, 6, 4, 5, 2), (1, 5, 6, 3, 2, 4), (3, 6, 5, 4, 1, 2), (2, 4, 5, 3, 1, 6), (3, 4, 2, 1, 6, 5), (2, 4, 5, 3, 6, 1), (4, 2, 3, 1, 5, 6), (6, 2, 5, 3, 4, 1), (3, 4, 6, 1, 2, 5), (3, 4, 2, 6, 5, 1), (4, 5, 3, 6, 1, 2), (3, 4, 6, 5, 1, 2), (2, 4, 1, 3, 5, 6), (1, 2, 3, 4, 5, 6)}
M(AUB) = 
[[3, 4, 1, 2, 5, 6], [3, 4, 1, 2, 6, 5], [3, 4, 1, 6, 2, 5], [3, 4, 2, 1, 5, 6], [3, 4, 2, 1, 6, 5], [3, 4, 2, 5, 1, 6], [3, 4, 2, 5, 6, 1], [3, 4, 2, 6, 1, 5], [3, 4, 2, 6, 5, 1], [3, 4, 6, 1, 2, 5], [3, 4, 6, 2, 1, 5], [3, 4, 6, 2, 5, 1]]
Distance:78

(93)
A = 
{(1, 5, 2, 3, 6, 4), (2, 5, 1, 4, 6, 3), (5, 1, 4, 6, 2, 3), (3, 1, 2, 5, 4, 6), (1, 4, 6, 2, 5, 3), (4, 3, 1, 2, 6, 5), (2, 5, 1, 3, 4, 6)}
M(A) = 
[[3, 1, 2, 4, 5, 6], [3, 1, 2, 4, 6, 5], [3, 1, 2, 5, 4, 6]]
Distance: 30
B = 
{(1, 2, 4, 3, 6, 5), (4, 6, 3, 1, 2, 5), (3, 1, 2, 4, 6, 5), (3, 4, 1, 6, 5, 2), (3, 6, 1, 5, 2, 4), (3, 5, 2, 1, 6, 4), (2, 4, 5, 3, 1, 6)}
M(B) = 
[[3, 1, 2, 4, 5, 6], [3, 1, 2, 4, 6, 5], [3, 1, 2, 5, 4, 6]]
Distance: 31
M(A) inter A:
set()
M(B) inter B:
{(3, 1, 2, 4, 6, 5)}

AUB = 
{(3, 1, 2, 4, 6, 5), (1, 2, 4, 3, 6, 5), (3, 5, 2, 1, 6, 4), (1, 5, 2, 3, 6, 4), (2, 5, 1, 4, 6, 3), (4, 6, 3, 1, 2, 5), (5, 1, 4, 6, 2, 3), (3, 4, 1, 6, 5, 2), (3, 6, 1, 5, 2, 4), (3, 1, 2, 5, 4, 6), (1, 4, 6, 2, 5, 3), (2, 4, 5, 3, 1, 6), (4, 3, 1, 2, 6, 5), (2, 5, 1, 3, 4, 6)}
M(AUB) = 
[[3, 1, 2, 4, 5, 6], [3, 1, 2, 4, 6, 5], [3, 1, 2, 5, 4, 6]]
Distance:77

(94)
A = 
{(5, 6, 2, 4, 1, 3), (2, 6, 5, 4, 3, 1), (3, 6, 4, 2, 1, 5), (1, 2, 5, 4, 6, 3), (1, 6, 3, 5, 2, 4), (6, 4, 3, 2, 1, 5), (5, 1, 4, 3, 2, 6)}
M(A) = 
[[6, 3, 5, 4, 1, 2], [6, 5, 3, 4, 1, 2], [6, 5, 4, 1, 3, 2], [6, 5, 4, 3, 1, 2]]
Distance: 43
B = 
{(3, 5, 4, 1, 2, 6), (4, 6, 1, 2, 5, 3), (6, 2, 4, 1, 3, 5), (5, 3, 6, 1, 2, 4), (3, 6, 4, 1, 5, 2), (5, 1, 2, 6, 3, 4), (6, 3, 5, 4, 1, 2)}
M(B) = 
[[6, 3, 5, 4, 1, 2], [6, 5, 3, 4, 1, 2], [6, 5, 4, 1, 3, 2], [6, 5, 4, 3, 1, 2]]
Distance: 37
M(A) inter A:
set()
M(B) inter B:
{(6, 3, 5, 4, 1, 2)}

AUB = 
{(5, 3, 6, 1, 2, 4), (4, 6, 1, 2, 5, 3), (5, 6, 2, 4, 1, 3), (1, 6, 3, 5, 2, 4), (6, 2, 4, 1, 3, 5), (3, 5, 4, 1, 2, 6), (3, 6, 4, 2, 1, 5), (1, 2, 5, 4, 6, 3), (2, 6, 5, 4, 3, 1), (3, 6, 4, 1, 5, 2), (6, 4, 3, 2, 1, 5), (5, 1, 2, 6, 3, 4), (5, 1, 4, 3, 2, 6), (6, 3, 5, 4, 1, 2)}
M(AUB) = 
[[6, 3, 5, 4, 1, 2], [6, 5, 3, 4, 1, 2], [6, 5, 4, 1, 3, 2], [6, 5, 4, 3, 1, 2]]
Distance:87

(95)
A = 
{(1, 2, 6, 3, 5, 4), (4, 3, 2, 1, 6, 5), (3, 4, 6, 2, 1, 5), (3, 6, 4, 2, 1, 5), (5, 6, 2, 1, 3, 4), (3, 2, 6, 4, 5, 1), (5, 1, 4, 2, 6, 3)}
M(A) = 
[[4, 2, 3, 6, 5, 1], [4, 2, 6, 3, 5, 1]]
Distance: 41
B = 
{(6, 5, 1, 2, 4, 3), (4, 2, 3, 5, 1, 6), (4, 1, 5, 3, 2, 6), (3, 5, 6, 4, 2, 1), (2, 4, 6, 5, 3, 1), (4, 2, 6, 3, 1, 5), (4, 5, 6, 2, 1, 3)}
M(B) = 
[[4, 2, 3, 6, 5, 1], [4, 2, 6, 3, 5, 1]]
Distance: 34
M(A) inter A:
set()
M(B) inter B:
set()

AUB = 
{(6, 5, 1, 2, 4, 3), (1, 2, 6, 3, 5, 4), (4, 3, 2, 1, 6, 5), (3, 4, 6, 2, 1, 5), (4, 2, 3, 5, 1, 6), (4, 5, 6, 2, 1, 3), (4, 1, 5, 3, 2, 6), (3, 5, 6, 4, 2, 1), (3, 6, 4, 2, 1, 5), (5, 6, 2, 1, 3, 4), (2, 4, 6, 5, 3, 1), (3, 2, 6, 4, 5, 1), (4, 2, 6, 3, 1, 5), (5, 1, 4, 2, 6, 3)}
M(AUB) = 
[[4, 2, 3, 6, 5, 1], [4, 2, 6, 3, 5, 1]]
Distance:84

(96)
A = 
{(1, 4, 6, 3, 5, 2), (3, 4, 6, 1, 5, 2), (5, 2, 4, 6, 3, 1), (3, 5, 2, 1, 6, 4), (3, 2, 6, 4, 5, 1), (5, 2, 6, 4, 1, 3), (2, 1, 3, 5, 6, 4)}
M(A) = 
[[2, 4, 3, 1, 6, 5], [2, 4, 3, 6, 1, 5], [2, 4, 6, 3, 1, 5], [4, 2, 3, 1, 6, 5], [4, 2, 3, 6, 1, 5], [4, 2, 6, 3, 1, 5], [4, 3, 2, 1, 6, 5], [4, 3, 2, 6, 1, 5]]
Distance: 40
B = 
{(2, 4, 3, 1, 6, 5), (1, 4, 2, 6, 5, 3), (3, 4, 6, 2, 5, 1), (1, 2, 6, 3, 5, 4), (4, 6, 2, 3, 1, 5), (5, 4, 3, 2, 1, 6), (6, 4, 3, 2, 1, 5)}
M(B) = 
[[2, 4, 3, 1, 6, 5], [2, 4, 3, 6, 1, 5], [2, 4, 6, 3, 1, 5], [4, 2, 3, 1, 6, 5], [4, 2, 3, 6, 1, 5], [4, 2, 6, 3, 1, 5], [4, 3, 2, 1, 6, 5], [4, 3, 2, 6, 1, 5]]
Distance: 33
M(A) inter A:
set()
M(B) inter B:
set()

AUB = 
{(1, 4, 6, 3, 5, 2), (3, 4, 6, 2, 5, 1), (2, 4, 3, 1, 6, 5), (4, 6, 2, 3, 1, 5), (3, 4, 6, 1, 5, 2), (1, 4, 2, 6, 5, 3), (5, 2, 4, 6, 3, 1), (6, 4, 3, 2, 1, 5), (3, 5, 2, 1, 6, 4), (3, 2, 6, 4, 5, 1), (1, 2, 6, 3, 5, 4), (5, 2, 6, 4, 1, 3), (5, 4, 3, 2, 1, 6), (2, 1, 3, 5, 6, 4)}
M(AUB) = 
[[2, 4, 3, 1, 6, 5], [2, 4, 3, 6, 1, 5], [2, 4, 6, 3, 1, 5], [4, 2, 3, 1, 6, 5], [4, 2, 3, 6, 1, 5], [4, 2, 6, 3, 1, 5], [4, 3, 2, 1, 6, 5], [4, 3, 2, 6, 1, 5]]
Distance:86

(97)
A = 
{(3, 2, 5, 4, 6, 1), (6, 3, 4, 1, 5, 2), (4, 3, 5, 2, 6, 1), (4, 2, 1, 5, 3, 6), (1, 4, 5, 3, 6, 2), (5, 4, 6, 3, 1, 2), (6, 4, 2, 5, 1, 3)}
M(A) = 
[[6, 3, 4, 1, 5, 2], [6, 4, 1, 3, 5, 2], [6, 4, 1, 5, 3, 2], [6, 4, 3, 1, 5, 2]]
Distance: 35
B = 
{(1, 3, 5, 6, 4, 2), (6, 4, 3, 1, 5, 2), (1, 6, 4, 5, 3, 2), (1, 2, 5, 3, 6, 4), (6, 3, 4, 1, 2, 5), (6, 1, 5, 2, 3, 4), (6, 3, 2, 4, 1, 5)}
M(B) = 
[[6, 3, 4, 1, 5, 2], [6, 4, 1, 3, 5, 2], [6, 4, 1, 5, 3, 2], [6, 4, 3, 1, 5, 2]]
Distance: 31
M(A) inter A:
set()
M(B) inter B:
set()

AUB = 
{(3, 2, 5, 4, 6, 1), (6, 3, 4, 1, 5, 2), (4, 3, 5, 2, 6, 1), (1, 3, 5, 6, 4, 2), (4, 2, 1, 5, 3, 6), (1, 4, 5, 3, 6, 2), (5, 4, 6, 3, 1, 2), (6, 3, 2, 4, 1, 5), (1, 6, 4, 5, 3, 2), (6, 4, 2, 5, 1, 3), (6, 3, 4, 1, 2, 5), (6, 4, 3, 1, 5, 2), (6, 1, 5, 2, 3, 4), (1, 2, 5, 3, 6, 4)}
M(AUB) = 
[[6, 3, 4, 1, 5, 2], [6, 4, 1, 3, 5, 2], [6, 4, 1, 5, 3, 2], [6, 4, 3, 1, 5, 2]]
Distance:81

(98)
A = 
{(5, 2, 4, 3, 1, 6), (4, 3, 1, 5, 6, 2), (1, 6, 4, 2, 3, 5), (4, 5, 2, 6, 1, 3), (5, 1, 6, 2, 3, 4), (1, 4, 2, 3, 5, 6), (3, 1, 2, 4, 5, 6)}
M(A) = 
[[1, 3, 4, 5, 2, 6], [1, 3, 4, 5, 6, 2], [1, 4, 3, 5, 2, 6], [1, 4, 3, 5, 6, 2], [4, 1, 3, 5, 2, 6], [4, 1, 3, 5, 6, 2]]
Distance: 37
B = 
{(4, 1, 6, 2, 3, 5), (1, 3, 6, 4, 5, 2), (3, 4, 6, 2, 1, 5), (1, 3, 5, 2, 6, 4), (3, 4, 2, 5, 1, 6), (5, 1, 2, 6, 3, 4), (4, 3, 6, 5, 2, 1)}
M(B) = 
[[1, 3, 4, 5, 2, 6], [1, 3, 4, 5, 6, 2], [1, 4, 3, 5, 2, 6], [1, 4, 3, 5, 6, 2], [4, 1, 3, 5, 2, 6], [4, 1, 3, 5, 6, 2]]
Distance: 38
M(A) inter A:
set()
M(B) inter B:
set()

AUB = 
{(4, 1, 6, 2, 3, 5), (5, 2, 4, 3, 1, 6), (3, 4, 6, 2, 1, 5), (5, 1, 2, 6, 3, 4), (1, 3, 5, 2, 6, 4), (3, 1, 2, 4, 5, 6), (1, 3, 6, 4, 5, 2), (5, 1, 6, 2, 3, 4), (3, 4, 2, 5, 1, 6), (4, 5, 2, 6, 1, 3), (1, 6, 4, 2, 3, 5), (1, 4, 2, 3, 5, 6), (4, 3, 1, 5, 6, 2), (4, 3, 6, 5, 2, 1)}
M(AUB) = 
[[1, 3, 4, 5, 2, 6], [1, 3, 4, 5, 6, 2], [1, 4, 3, 5, 2, 6], [1, 4, 3, 5, 6, 2], [4, 1, 3, 5, 2, 6], [4, 1, 3, 5, 6, 2]]
Distance:82

(99)
A = 
{(4, 6, 3, 1, 5, 2), (5, 1, 6, 2, 3, 4), (6, 1, 5, 2, 3, 4), (2, 4, 5, 1, 6, 3), (5, 3, 1, 6, 2, 4), (3, 5, 2, 1, 4, 6), (1, 2, 4, 6, 3, 5)}
M(A) = 
[[5, 1, 6, 2, 4, 3], [5, 2, 1, 4, 6, 3], [5, 2, 1, 6, 4, 3], [5, 6, 2, 1, 4, 3]]
Distance: 39
B = 
{(4, 5, 6, 2, 3, 1), (4, 2, 5, 1, 3, 6), (2, 5, 6, 1, 4, 3), (2, 1, 5, 4, 3, 6), (1, 6, 3, 2, 4, 5), (6, 5, 3, 2, 4, 1), (6, 4, 5, 2, 1, 3)}
M(B) = 
[[5, 1, 6, 2, 4, 3], [5, 2, 1, 4, 6, 3], [5, 2, 1, 6, 4, 3], [5, 6, 2, 1, 4, 3]]
Distance: 37
M(A) inter A:
set()
M(B) inter B:
set()

AUB = 
{(4, 6, 3, 1, 5, 2), (4, 5, 6, 2, 3, 1), (5, 1, 6, 2, 3, 4), (4, 2, 5, 1, 3, 6), (2, 5, 6, 1, 4, 3), (2, 1, 5, 4, 3, 6), (1, 6, 3, 2, 4, 5), (6, 1, 5, 2, 3, 4), (2, 4, 5, 1, 6, 3), (5, 3, 1, 6, 2, 4), (3, 5, 2, 1, 4, 6), (6, 5, 3, 2, 4, 1), (6, 4, 5, 2, 1, 3), (1, 2, 4, 6, 3, 5)}
M(AUB) = 
[[5, 1, 6, 2, 4, 3], [5, 2, 1, 4, 6, 3], [5, 2, 1, 6, 4, 3], [5, 6, 2, 1, 4, 3]]
Distance:85

