(0)
A = 
{(4, 2, 3, 1), (3, 1, 4, 2), (3, 1, 2, 4), (1, 2, 4, 3), (2, 3, 4, 1), (2, 1, 4, 3), (3, 2, 1, 4), (4, 3, 1, 2)}
M(A) = 
[[1, 2, 4, 3]]
Distance: 20
B = 
{(4, 2, 1, 3), (1, 2, 3, 4), (1, 4, 3, 2), (1, 4, 2, 3), (2, 4, 3, 1), (4, 2, 3, 1), (3, 2, 1, 4), (2, 1, 4, 3)}
M(B) = 
[[1, 2, 4, 3]]
Distance: 17
M(A) inter A:
{(2, 1, 4, 3)}
M(B) inter B:
{(2, 1, 4, 3)}

AUB = 
{(4, 2, 1, 3), (3, 1, 4, 2), (1, 4, 2, 3), (4, 3, 1, 2), (1, 2, 3, 4), (1, 4, 3, 2), (3, 2, 1, 4), (1, 2, 4, 3), (2, 4, 3, 1), (2, 3, 4, 1), (4, 2, 3, 1), (3, 1, 2, 4), (2, 1, 4, 3)}
M(AUB) = 
[[1, 2, 4, 3]]
Distance:34

(1)
A = 
{(3, 1, 4, 2), (2, 1, 3, 4), (3, 4, 1, 2), (1, 3, 4, 2), (1, 2, 4, 3), (4, 1, 3, 2), (3, 1, 2, 4), (1, 3, 2, 4)}
M(A) = 
[[1, 4, 3, 2]]
Distance: 14
B = 
{(2, 1, 3, 4), (3, 1, 4, 2), (4, 3, 2, 1), (1, 4, 3, 2), (1, 2, 4, 3), (4, 2, 1, 3), (4, 2, 3, 1), (2, 1, 4, 3)}
M(B) = 
[[1, 4, 3, 2]]
Distance: 19
M(A) inter A:
set()
M(B) inter B:
{(4, 2, 1, 3), (2, 1, 4, 3)}

AUB = 
{(2, 1, 3, 4), (1, 3, 2, 4), (3, 1, 4, 2), (4, 2, 3, 1), (1, 3, 4, 2), (1, 4, 3, 2), (1, 2, 4, 3), (4, 3, 2, 1), (4, 2, 1, 3), (4, 1, 3, 2), (2, 1, 4, 3), (3, 1, 2, 4), (3, 4, 1, 2)}
M(AUB) = 
[[1, 4, 3, 2]]
Distance:31

(2)
A = 
{(4, 2, 1, 3), (1, 2, 3, 4), (3, 2, 4, 1), (3, 4, 2, 1), (2, 3, 4, 1), (2, 1, 4, 3), (3, 2, 1, 4), (2, 4, 1, 3)}
M(A) = 
[[2, 1, 3, 4], [2, 3, 1, 4], [2, 3, 4, 1]]
Distance: 16
B = 
{(4, 1, 2, 3), (3, 1, 4, 2), (2, 3, 1, 4), (1, 3, 4, 2), (1, 4, 2, 3), (4, 2, 1, 3), (4, 2, 3, 1), (2, 1, 4, 3)}
M(B) = 
[[2, 1, 3, 4], [2, 3, 1, 4], [2, 3, 4, 1]]
Distance: 17
M(A) inter A:
set()
M(B) inter B:
{(1, 4, 2, 3)}

AUB = 
{(3, 1, 4, 2), (4, 2, 1, 3), (1, 2, 3, 4), (3, 4, 2, 1), (2, 3, 1, 4), (4, 2, 3, 1), (1, 3, 4, 2), (3, 2, 4, 1), (4, 1, 2, 3), (1, 4, 2, 3), (2, 3, 4, 1), (2, 4, 1, 3), (3, 2, 1, 4), (2, 1, 4, 3)}
M(AUB) = 
[[2, 1, 3, 4], [2, 3, 1, 4], [2, 3, 4, 1]]
Distance:37

(3)
A = 
{(1, 3, 2, 4), (3, 4, 1, 2), (1, 3, 4, 2), (1, 2, 4, 3), (2, 3, 4, 1), (4, 1, 3, 2), (3, 2, 1, 4), (2, 4, 1, 3)}
M(A) = 
[[1, 3, 2, 4], [3, 1, 2, 4]]
Distance: 19
B = 
{(3, 1, 4, 2), (1, 3, 2, 4), (1, 2, 3, 4), (1, 4, 3, 2), (3, 2, 4, 1), (2, 4, 3, 1), (3, 2, 1, 4), (4, 3, 1, 2)}
M(B) = 
[[1, 3, 2, 4], [3, 1, 2, 4]]
Distance: 17
M(A) inter A:
set()
M(B) inter B:
set()

AUB = 
{(2, 4, 1, 3), (3, 1, 4, 2), (1, 3, 2, 4), (3, 2, 4, 1), (4, 3, 1, 2), (1, 2, 3, 4), (1, 3, 4, 2), (1, 4, 3, 2), (1, 2, 4, 3), (2, 4, 3, 1), (2, 3, 4, 1), (4, 1, 3, 2), (3, 2, 1, 4), (3, 4, 1, 2)}
M(AUB) = 
[[1, 3, 2, 4], [3, 1, 2, 4]]
Distance:36

(4)
A = 
{(4, 1, 2, 3), (3, 1, 4, 2), (3, 4, 2, 1), (3, 2, 4, 1), (4, 2, 1, 3), (2, 4, 3, 1), (4, 1, 3, 2), (3, 4, 1, 2)}
M(A) = 
[[4, 3, 1, 2]]
Distance: 17
B = 
{(4, 1, 2, 3), (2, 4, 3, 1), (1, 4, 2, 3), (2, 3, 4, 1), (4, 1, 3, 2), (2, 4, 1, 3), (3, 1, 2, 4), (4, 3, 1, 2)}
M(B) = 
[[4, 3, 1, 2]]
Distance: 18
M(A) inter A:
{(4, 1, 2, 3)}
M(B) inter B:
{(4, 1, 2, 3)}

AUB = 
{(4, 1, 2, 3), (3, 4, 1, 2), (3, 1, 4, 2), (3, 2, 4, 1), (4, 3, 1, 2), (2, 3, 4, 1), (3, 4, 2, 1), (4, 2, 1, 3), (1, 4, 2, 3), (2, 4, 3, 1), (2, 4, 1, 3), (3, 1, 2, 4), (4, 1, 3, 2)}
M(AUB) = 
[[4, 3, 1, 2]]
Distance:31

(5)
A = 
{(2, 1, 3, 4), (3, 4, 1, 2), (1, 2, 3, 4), (1, 4, 2, 3), (2, 3, 1, 4), (2, 4, 3, 1), (4, 2, 3, 1), (3, 1, 4, 2)}
M(A) = 
[[1, 2, 3, 4], [1, 2, 4, 3], [1, 4, 2, 3], [2, 1, 3, 4], [2, 1, 4, 3], [2, 3, 1, 4], [2, 3, 4, 1], [2, 4, 1, 3], [2, 4, 3, 1], [4, 1, 2, 3], [4, 2, 1, 3], [4, 2, 3, 1]]
Distance: 19
B = 
{(4, 1, 2, 3), (1, 3, 2, 4), (2, 3, 1, 4), (1, 2, 4, 3), (4, 2, 1, 3), (2, 3, 4, 1), (2, 1, 3, 4), (4, 3, 2, 1)}
M(B) = 
[[1, 2, 3, 4], [1, 2, 4, 3], [1, 4, 2, 3], [2, 1, 3, 4], [2, 1, 4, 3], [2, 3, 1, 4], [2, 3, 4, 1], [2, 4, 1, 3], [2, 4, 3, 1], [4, 1, 2, 3], [4, 2, 1, 3], [4, 2, 3, 1]]
Distance: 19
M(A) inter A:
{(2, 1, 3, 4)}
M(B) inter B:
{(2, 1, 3, 4)}

AUB = 
{(3, 1, 4, 2), (2, 1, 3, 4), (1, 3, 2, 4), (3, 4, 1, 2), (4, 3, 2, 1), (1, 2, 4, 3), (2, 3, 4, 1), (4, 1, 2, 3), (1, 4, 2, 3), (2, 3, 1, 4), (4, 2, 1, 3), (2, 4, 3, 1), (4, 2, 3, 1), (1, 2, 3, 4)}
M(AUB) = 
[[1, 2, 3, 4], [1, 2, 4, 3], [1, 4, 2, 3], [2, 1, 3, 4], [2, 1, 4, 3], [2, 3, 1, 4], [2, 3, 4, 1], [2, 4, 1, 3], [2, 4, 3, 1], [4, 1, 2, 3], [4, 2, 1, 3], [4, 2, 3, 1]]
Distance:39

(6)
A = 
{(2, 1, 3, 4), (3, 4, 1, 2), (3, 4, 2, 1), (3, 2, 4, 1), (2, 3, 1, 4), (4, 3, 2, 1), (3, 1, 2, 4), (1, 3, 2, 4)}
M(A) = 
[[3, 4, 2, 1]]
Distance: 15
B = 
{(4, 2, 1, 3), (3, 4, 1, 2), (3, 2, 4, 1), (1, 3, 4, 2), (3, 4, 2, 1), (2, 3, 4, 1), (4, 3, 1, 2), (4, 1, 3, 2)}
M(B) = 
[[3, 4, 2, 1]]
Distance: 15
M(A) inter A:
{(3, 4, 2, 1), (3, 4, 1, 2)}
M(B) inter B:
{(3, 4, 2, 1), (3, 4, 1, 2)}

AUB = 
{(2, 1, 3, 4), (3, 4, 1, 2), (3, 2, 4, 1), (4, 3, 1, 2), (2, 3, 4, 1), (1, 3, 4, 2), (3, 4, 2, 1), (2, 3, 1, 4), (4, 2, 1, 3), (4, 1, 3, 2), (4, 3, 2, 1), (3, 1, 2, 4), (1, 3, 2, 4)}
M(AUB) = 
[[3, 4, 2, 1]]
Distance:30

(7)
A = 
{(3, 1, 4, 2), (1, 3, 2, 4), (1, 2, 3, 4), (4, 3, 1, 2), (3, 4, 2, 1), (2, 1, 4, 3), (3, 1, 2, 4), (4, 1, 3, 2)}
M(A) = 
[[3, 1, 2, 4]]
Distance: 18
B = 
{(2, 3, 1, 4), (1, 3, 2, 4), (3, 1, 4, 2), (3, 2, 4, 1), (4, 1, 2, 3), (2, 3, 4, 1), (2, 1, 3, 4), (2, 1, 4, 3)}
M(B) = 
[[3, 1, 2, 4]]
Distance: 17
M(A) inter A:
set()
M(B) inter B:
{(2, 1, 3, 4), (2, 3, 1, 4)}

AUB = 
{(2, 1, 4, 3), (3, 1, 4, 2), (3, 2, 4, 1), (1, 2, 3, 4), (4, 1, 2, 3), (3, 4, 2, 1), (2, 3, 1, 4), (2, 3, 4, 1), (2, 1, 3, 4), (4, 1, 3, 2), (4, 3, 1, 2), (3, 1, 2, 4), (1, 3, 2, 4)}
M(AUB) = 
[[3, 1, 2, 4]]
Distance:33

(8)
A = 
{(3, 1, 4, 2), (4, 2, 1, 3), (1, 2, 3, 4), (1, 4, 3, 2), (3, 2, 4, 1), (2, 3, 1, 4), (3, 2, 1, 4), (4, 3, 1, 2)}
M(A) = 
[[1, 3, 2, 4], [3, 1, 2, 4]]
Distance: 20
B = 
{(1, 3, 2, 4), (1, 2, 4, 3), (1, 2, 3, 4), (1, 4, 2, 3), (2, 3, 4, 1), (4, 1, 3, 2), (3, 1, 2, 4), (4, 3, 1, 2)}
M(B) = 
[[1, 3, 2, 4], [3, 1, 2, 4]]
Distance: 18
M(A) inter A:
{(1, 2, 3, 4)}
M(B) inter B:
{(1, 2, 4, 3), (1, 2, 3, 4), (1, 3, 2, 4)}

AUB = 
{(4, 2, 1, 3), (1, 3, 2, 4), (3, 1, 4, 2), (1, 2, 4, 3), (1, 4, 3, 2), (3, 1, 2, 4), (3, 2, 4, 1), (2, 3, 1, 4), (1, 4, 2, 3), (2, 3, 4, 1), (4, 1, 3, 2), (4, 3, 1, 2), (3, 2, 1, 4), (1, 2, 3, 4)}
M(AUB) = 
[[1, 3, 2, 4], [3, 1, 2, 4]]
Distance:35

(9)
A = 
{(4, 2, 1, 3), (3, 4, 1, 2), (3, 2, 4, 1), (1, 4, 3, 2), (3, 4, 2, 1), (4, 2, 3, 1), (3, 2, 1, 4), (1, 2, 3, 4)}
M(A) = 
[[2, 3, 1, 4], [2, 3, 4, 1], [2, 4, 3, 1], [3, 1, 2, 4], [3, 1, 4, 2], [3, 2, 1, 4], [3, 2, 4, 1], [3, 4, 1, 2], [3, 4, 2, 1], [4, 2, 3, 1], [4, 3, 1, 2], [4, 3, 2, 1]]
Distance: 18
B = 
{(4, 1, 2, 3), (3, 1, 4, 2), (3, 2, 4, 1), (1, 4, 3, 2), (1, 2, 4, 3), (2, 4, 3, 1), (3, 1, 2, 4), (2, 1, 4, 3)}
M(B) = 
[[2, 3, 1, 4], [2, 3, 4, 1], [2, 4, 3, 1], [3, 1, 2, 4], [3, 1, 4, 2], [3, 2, 1, 4], [3, 2, 4, 1], [3, 4, 1, 2], [3, 4, 2, 1], [4, 2, 3, 1], [4, 3, 1, 2], [4, 3, 2, 1]]
Distance: 20
M(A) inter A:
set()
M(B) inter B:
{(1, 2, 4, 3)}

AUB = 
{(3, 1, 4, 2), (4, 2, 1, 3), (3, 4, 1, 2), (3, 4, 2, 1), (1, 2, 4, 3), (1, 4, 3, 2), (3, 1, 2, 4), (3, 2, 4, 1), (4, 1, 2, 3), (2, 4, 3, 1), (4, 2, 3, 1), (2, 1, 4, 3), (3, 2, 1, 4), (1, 2, 3, 4)}
M(AUB) = 
[[2, 3, 1, 4], [2, 3, 4, 1], [2, 4, 3, 1], [3, 1, 2, 4], [3, 1, 4, 2], [3, 2, 1, 4], [3, 2, 4, 1], [3, 4, 1, 2], [3, 4, 2, 1], [4, 2, 3, 1], [4, 3, 1, 2], [4, 3, 2, 1]]
Distance:41

(10)
A = 
{(3, 1, 4, 2), (2, 1, 3, 4), (1, 3, 2, 4), (4, 1, 2, 3), (3, 4, 2, 1), (2, 3, 1, 4), (4, 2, 1, 3), (3, 4, 1, 2)}
M(A) = 
[[1, 4, 2, 3], [4, 1, 2, 3]]
Distance: 21
B = 
{(4, 2, 3, 1), (3, 4, 1, 2), (1, 2, 3, 4), (1, 2, 4, 3), (1, 4, 2, 3), (2, 4, 3, 1), (4, 1, 3, 2), (3, 1, 4, 2)}
M(B) = 
[[1, 4, 2, 3], [4, 1, 2, 3]]
Distance: 19
M(A) inter A:
{(4, 1, 2, 3)}
M(B) inter B:
{(1, 4, 2, 3)}

AUB = 
{(2, 1, 3, 4), (3, 4, 1, 2), (3, 1, 4, 2), (1, 2, 4, 3), (2, 3, 1, 4), (1, 2, 3, 4), (3, 4, 2, 1), (4, 1, 2, 3), (1, 4, 2, 3), (2, 4, 3, 1), (4, 2, 1, 3), (4, 1, 3, 2), (4, 2, 3, 1), (1, 3, 2, 4)}
M(AUB) = 
[[1, 4, 2, 3], [4, 1, 2, 3]]
Distance:37

(11)
A = 
{(4, 1, 2, 3), (3, 4, 1, 2), (3, 2, 4, 1), (1, 2, 4, 3), (2, 3, 4, 1), (4, 2, 3, 1), (3, 1, 2, 4), (2, 4, 1, 3)}
M(A) = 
[[2, 3, 1, 4]]
Distance: 19
B = 
{(2, 3, 1, 4), (1, 3, 2, 4), (3, 1, 4, 2), (1, 4, 3, 2), (1, 2, 4, 3), (2, 1, 3, 4), (3, 2, 1, 4), (2, 1, 4, 3)}
M(B) = 
[[2, 3, 1, 4]]
Distance: 16
M(A) inter A:
set()
M(B) inter B:
{(2, 1, 3, 4), (1, 3, 2, 4)}

AUB = 
{(3, 1, 4, 2), (4, 1, 2, 3), (1, 3, 2, 4), (3, 4, 1, 2), (1, 2, 4, 3), (1, 4, 3, 2), (3, 2, 1, 4), (3, 2, 4, 1), (2, 3, 1, 4), (2, 3, 4, 1), (2, 1, 3, 4), (4, 2, 3, 1), (2, 1, 4, 3), (3, 1, 2, 4), (2, 4, 1, 3)}
M(AUB) = 
[[2, 3, 1, 4]]
Distance:38

(12)
A = 
{(2, 4, 1, 3), (1, 3, 2, 4), (1, 4, 3, 2), (1, 4, 2, 3), (2, 4, 3, 1), (2, 1, 4, 3), (3, 1, 2, 4), (4, 1, 3, 2)}
M(A) = 
[[1, 2, 4, 3], [1, 4, 3, 2]]
Distance: 17
B = 
{(2, 4, 1, 3), (2, 1, 4, 3), (4, 3, 1, 2), (1, 4, 3, 2), (3, 2, 1, 4), (4, 2, 3, 1), (3, 1, 2, 4), (4, 1, 3, 2)}
M(B) = 
[[1, 2, 4, 3], [1, 4, 3, 2]]
Distance: 21
M(A) inter A:
{(1, 4, 3, 2), (4, 1, 3, 2)}
M(B) inter B:
{(4, 1, 3, 2), (1, 4, 3, 2), (4, 3, 1, 2)}

AUB = 
{(4, 2, 3, 1), (1, 3, 2, 4), (4, 3, 1, 2), (1, 4, 3, 2), (3, 2, 1, 4), (1, 4, 2, 3), (2, 4, 3, 1), (4, 1, 3, 2), (2, 1, 4, 3), (3, 1, 2, 4), (2, 4, 1, 3)}
M(AUB) = 
[[1, 2, 4, 3], [1, 4, 3, 2]]
Distance:29

(13)
A = 
{(4, 1, 2, 3), (2, 4, 3, 1), (4, 2, 3, 1), (1, 4, 2, 3), (2, 3, 4, 1), (4, 3, 2, 1), (3, 1, 2, 4), (4, 3, 1, 2)}
M(A) = 
[[4, 1, 2, 3]]
Distance: 16
B = 
{(4, 2, 1, 3), (1, 3, 2, 4), (3, 1, 4, 2), (1, 2, 4, 3), (4, 1, 2, 3), (4, 1, 3, 2), (4, 3, 2, 1), (2, 1, 4, 3)}
M(B) = 
[[4, 1, 2, 3]]
Distance: 18
M(A) inter A:
{(1, 4, 2, 3), (4, 1, 2, 3)}
M(B) inter B:
{(4, 1, 2, 3), (4, 1, 3, 2)}

AUB = 
{(3, 1, 4, 2), (4, 1, 2, 3), (1, 3, 2, 4), (1, 2, 4, 3), (2, 3, 4, 1), (1, 4, 2, 3), (4, 3, 2, 1), (4, 2, 1, 3), (2, 4, 3, 1), (4, 1, 3, 2), (4, 2, 3, 1), (2, 1, 4, 3), (3, 1, 2, 4), (4, 3, 1, 2)}
M(AUB) = 
[[4, 1, 2, 3]]
Distance:35

(14)
A = 
{(4, 3, 2, 1), (3, 4, 1, 2), (3, 1, 2, 4), (1, 2, 4, 3), (2, 3, 4, 1), (2, 4, 1, 3), (3, 2, 1, 4), (4, 3, 1, 2)}
M(A) = 
[[2, 4, 3, 1]]
Distance: 19
B = 
{(2, 1, 3, 4), (3, 4, 1, 2), (1, 2, 3, 4), (1, 4, 3, 2), (1, 4, 2, 3), (2, 4, 3, 1), (4, 2, 3, 1), (2, 4, 1, 3)}
M(B) = 
[[2, 4, 3, 1]]
Distance: 20
M(A) inter A:
{(1, 2, 4, 3), (2, 4, 1, 3)}
M(B) inter B:
{(1, 4, 2, 3), (2, 4, 1, 3)}

AUB = 
{(2, 1, 3, 4), (3, 4, 1, 2), (1, 4, 2, 3), (4, 3, 1, 2), (1, 2, 3, 4), (4, 2, 3, 1), (1, 4, 3, 2), (3, 2, 1, 4), (1, 2, 4, 3), (2, 4, 3, 1), (2, 3, 4, 1), (4, 3, 2, 1), (3, 1, 2, 4), (2, 4, 1, 3)}
M(AUB) = 
[[2, 4, 3, 1]]
Distance:38

(15)
A = 
{(2, 1, 3, 4), (1, 3, 2, 4), (1, 2, 3, 4), (1, 3, 4, 2), (2, 3, 4, 1), (2, 4, 1, 3), (3, 2, 1, 4), (2, 1, 4, 3)}
M(A) = 
[[2, 1, 3, 4]]
Distance: 13
B = 
{(4, 2, 3, 1), (1, 2, 3, 4), (1, 4, 2, 3), (2, 4, 3, 1), (3, 4, 2, 1), (2, 3, 4, 1), (2, 1, 4, 3), (2, 4, 1, 3)}
M(B) = 
[[2, 1, 3, 4]]
Distance: 16
M(A) inter A:
{(2, 4, 1, 3)}
M(B) inter B:
{(2, 4, 1, 3), (2, 4, 3, 1)}

AUB = 
{(2, 1, 3, 4), (1, 3, 2, 4), (3, 4, 2, 1), (2, 4, 3, 1), (4, 2, 3, 1), (1, 3, 4, 2), (1, 4, 2, 3), (2, 3, 4, 1), (2, 4, 1, 3), (2, 1, 4, 3), (3, 2, 1, 4), (1, 2, 3, 4)}
M(AUB) = 
[[2, 1, 3, 4]]
Distance:27

(16)
A = 
{(4, 1, 2, 3), (1, 3, 2, 4), (4, 3, 1, 2), (1, 4, 2, 3), (2, 4, 3, 1), (4, 3, 2, 1), (3, 1, 2, 4), (3, 1, 4, 2)}
M(A) = 
[[1, 3, 4, 2], [3, 1, 4, 2]]
Distance: 18
B = 
{(4, 1, 2, 3), (3, 4, 1, 2), (3, 4, 2, 1), (1, 3, 4, 2), (1, 4, 3, 2), (1, 4, 2, 3), (2, 1, 3, 4), (1, 2, 3, 4)}
M(B) = 
[[1, 3, 4, 2], [3, 1, 4, 2]]
Distance: 16
M(A) inter A:
set()
M(B) inter B:
{(1, 3, 4, 2)}

AUB = 
{(3, 1, 4, 2), (4, 1, 2, 3), (3, 4, 1, 2), (1, 3, 2, 4), (3, 4, 2, 1), (1, 2, 3, 4), (1, 3, 4, 2), (1, 4, 3, 2), (1, 4, 2, 3), (2, 1, 3, 4), (2, 4, 3, 1), (4, 3, 2, 1), (3, 1, 2, 4), (4, 3, 1, 2)}
M(AUB) = 
[[1, 3, 4, 2], [3, 1, 4, 2]]
Distance:33

(17)
A = 
{(2, 1, 3, 4), (3, 1, 4, 2), (3, 2, 4, 1), (4, 3, 2, 1), (2, 3, 4, 1), (2, 1, 4, 3), (3, 1, 2, 4), (4, 1, 3, 2)}
M(A) = 
[[3, 2, 1, 4]]
Distance: 19
B = 
{(2, 3, 1, 4), (3, 1, 4, 2), (3, 2, 4, 1), (2, 1, 3, 4), (2, 4, 3, 1), (4, 3, 2, 1), (3, 2, 1, 4), (2, 1, 4, 3)}
M(B) = 
[[3, 2, 1, 4]]
Distance: 15
M(A) inter A:
set()
M(B) inter B:
{(2, 3, 1, 4), (3, 2, 1, 4)}

AUB = 
{(2, 1, 3, 4), (3, 1, 4, 2), (2, 4, 3, 1), (3, 2, 1, 4), (3, 2, 4, 1), (2, 3, 1, 4), (2, 3, 4, 1), (4, 1, 3, 2), (4, 3, 2, 1), (3, 1, 2, 4), (2, 1, 4, 3)}
M(AUB) = 
[[3, 2, 1, 4]]
Distance:23

(18)
A = 
{(2, 3, 1, 4), (3, 2, 4, 1), (4, 3, 1, 2), (4, 2, 3, 1), (1, 2, 4, 3), (4, 2, 1, 3), (2, 1, 4, 3), (2, 4, 1, 3)}
M(A) = 
[[2, 4, 3, 1], [4, 2, 3, 1], [4, 3, 2, 1]]
Distance: 16
B = 
{(4, 2, 1, 3), (3, 4, 1, 2), (1, 3, 2, 4), (3, 4, 2, 1), (4, 3, 1, 2), (3, 2, 4, 1), (4, 3, 2, 1), (2, 4, 1, 3)}
M(B) = 
[[2, 4, 3, 1], [4, 2, 3, 1], [4, 3, 2, 1]]
Distance: 16
M(A) inter A:
set()
M(B) inter B:
{(3, 4, 2, 1), (4, 3, 2, 1)}

AUB = 
{(2, 4, 1, 3), (2, 3, 1, 4), (1, 3, 2, 4), (3, 4, 1, 2), (4, 3, 2, 1), (1, 2, 4, 3), (3, 2, 4, 1), (4, 2, 1, 3), (3, 4, 2, 1), (4, 2, 3, 1), (2, 1, 4, 3), (4, 3, 1, 2)}
M(AUB) = 
[[2, 4, 3, 1], [4, 2, 3, 1], [4, 3, 2, 1]]
Distance:30

(19)
A = 
{(4, 1, 2, 3), (3, 4, 1, 2), (3, 1, 4, 2), (1, 4, 3, 2), (2, 3, 1, 4), (2, 4, 3, 1), (4, 2, 3, 1), (1, 2, 3, 4)}
M(A) = 
[[4, 3, 1, 2]]
Distance: 22
B = 
{(4, 1, 2, 3), (3, 1, 4, 2), (4, 2, 3, 1), (1, 4, 3, 2), (3, 4, 2, 1), (2, 4, 3, 1), (4, 3, 2, 1), (4, 1, 3, 2)}
M(B) = 
[[4, 3, 1, 2]]
Distance: 15
M(A) inter A:
set()
M(B) inter B:
{(4, 3, 2, 1)}

AUB = 
{(4, 1, 2, 3), (3, 4, 1, 2), (4, 3, 2, 1), (1, 2, 3, 4), (1, 4, 3, 2), (3, 4, 2, 1), (2, 3, 1, 4), (2, 4, 3, 1), (4, 1, 3, 2), (4, 2, 3, 1), (3, 1, 4, 2)}
M(AUB) = 
[[4, 3, 1, 2]]
Distance:26

(20)
A = 
{(3, 1, 4, 2), (3, 4, 1, 2), (1, 2, 3, 4), (1, 4, 3, 2), (1, 4, 2, 3), (2, 4, 3, 1), (4, 2, 3, 1), (4, 1, 3, 2)}
M(A) = 
[[4, 3, 1, 2]]
Distance: 19
B = 
{(4, 1, 2, 3), (3, 4, 1, 2), (1, 4, 3, 2), (3, 2, 4, 1), (2, 4, 3, 1), (4, 3, 1, 2), (3, 1, 2, 4), (4, 1, 3, 2)}
M(B) = 
[[4, 3, 1, 2]]
Distance: 15
M(A) inter A:
set()
M(B) inter B:
{(4, 3, 1, 2)}

AUB = 
{(4, 1, 2, 3), (3, 1, 4, 2), (3, 2, 4, 1), (4, 3, 1, 2), (1, 2, 3, 4), (1, 4, 3, 2), (1, 4, 2, 3), (2, 4, 3, 1), (4, 1, 3, 2), (4, 2, 3, 1), (3, 1, 2, 4), (3, 4, 1, 2)}
M(AUB) = 
[[4, 3, 1, 2]]
Distance:27

(21)
A = 
{(2, 1, 3, 4), (3, 4, 1, 2), (4, 2, 3, 1), (1, 4, 3, 2), (3, 2, 4, 1), (2, 4, 3, 1), (4, 3, 2, 1), (3, 2, 1, 4)}
M(A) = 
[[2, 4, 3, 1]]
Distance: 18
B = 
{(2, 4, 1, 3), (4, 3, 2, 1), (3, 2, 4, 1), (2, 3, 4, 1), (1, 2, 4, 3), (2, 4, 3, 1), (4, 2, 3, 1), (4, 3, 1, 2)}
M(B) = 
[[2, 4, 3, 1]]
Distance: 13
M(A) inter A:
{(2, 4, 3, 1)}
M(B) inter B:
{(2, 4, 3, 1)}

AUB = 
{(2, 1, 3, 4), (3, 4, 1, 2), (1, 2, 4, 3), (4, 3, 1, 2), (2, 3, 4, 1), (1, 4, 3, 2), (3, 2, 4, 1), (4, 3, 2, 1), (2, 4, 3, 1), (4, 2, 3, 1), (3, 2, 1, 4), (2, 4, 1, 3)}
M(AUB) = 
[[2, 4, 3, 1]]
Distance:28

(22)
A = 
{(2, 3, 1, 4), (1, 2, 3, 4), (2, 3, 4, 1), (1, 2, 4, 3), (2, 1, 3, 4), (2, 4, 3, 1), (3, 2, 1, 4), (2, 4, 1, 3)}
M(A) = 
[[2, 1, 4, 3], [2, 4, 1, 3]]
Distance: 13
B = 
{(2, 1, 4, 3), (1, 2, 3, 4), (1, 3, 4, 2), (1, 2, 4, 3), (4, 1, 2, 3), (4, 1, 3, 2), (4, 2, 3, 1), (4, 3, 1, 2)}
M(B) = 
[[2, 1, 4, 3], [2, 4, 1, 3]]
Distance: 16
M(A) inter A:
set()
M(B) inter B:
{(4, 1, 2, 3)}

AUB = 
{(2, 3, 1, 4), (1, 2, 3, 4), (4, 3, 1, 2), (2, 4, 3, 1), (4, 2, 3, 1), (1, 3, 4, 2), (4, 1, 2, 3), (1, 2, 4, 3), (2, 1, 3, 4), (2, 3, 4, 1), (4, 1, 3, 2), (2, 1, 4, 3), (3, 2, 1, 4), (2, 4, 1, 3)}
M(AUB) = 
[[2, 1, 4, 3], [2, 4, 1, 3]]
Distance:34

(23)
A = 
{(4, 1, 2, 3), (3, 1, 4, 2), (3, 2, 4, 1), (1, 2, 4, 3), (4, 2, 1, 3), (2, 3, 4, 1), (4, 3, 2, 1), (2, 1, 4, 3)}
M(A) = 
[[1, 2, 3, 4], [1, 2, 4, 3], [1, 3, 2, 4], [1, 3, 4, 2], [1, 4, 2, 3], [1, 4, 3, 2], [2, 1, 3, 4], [2, 1, 4, 3], [2, 4, 1, 3], [4, 1, 2, 3], [4, 1, 3, 2], [4, 2, 1, 3]]
Distance: 20
B = 
{(4, 1, 2, 3), (3, 4, 1, 2), (1, 4, 3, 2), (1, 3, 4, 2), (3, 2, 4, 1), (2, 1, 3, 4), (3, 1, 2, 4), (2, 4, 1, 3)}
M(B) = 
[[1, 2, 3, 4], [1, 2, 4, 3], [1, 3, 2, 4], [1, 3, 4, 2], [1, 4, 2, 3], [1, 4, 3, 2], [2, 1, 3, 4], [2, 1, 4, 3], [2, 4, 1, 3], [4, 1, 2, 3], [4, 1, 3, 2], [4, 2, 1, 3]]
Distance: 20
M(A) inter A:
set()
M(B) inter B:
{(1, 3, 4, 2)}

AUB = 
{(2, 4, 1, 3), (4, 1, 2, 3), (3, 4, 1, 2), (3, 1, 4, 2), (1, 2, 4, 3), (1, 4, 3, 2), (1, 3, 4, 2), (3, 2, 4, 1), (4, 2, 1, 3), (2, 3, 4, 1), (2, 1, 3, 4), (4, 3, 2, 1), (3, 1, 2, 4), (2, 1, 4, 3)}
M(AUB) = 
[[1, 2, 3, 4], [1, 2, 4, 3], [1, 3, 2, 4], [1, 3, 4, 2], [1, 4, 2, 3], [1, 4, 3, 2], [2, 1, 3, 4], [2, 1, 4, 3], [2, 4, 1, 3], [4, 1, 2, 3], [4, 1, 3, 2], [4, 2, 1, 3]]
Distance:41

(24)
A = 
{(4, 1, 2, 3), (3, 1, 4, 2), (3, 2, 4, 1), (1, 2, 3, 4), (3, 4, 2, 1), (2, 4, 3, 1), (2, 1, 4, 3), (4, 1, 3, 2)}
M(A) = 
[[3, 4, 1, 2], [3, 4, 2, 1], [4, 1, 3, 2], [4, 3, 1, 2], [4, 3, 2, 1]]
Distance: 23
B = 
{(4, 2, 1, 3), (3, 4, 1, 2), (4, 3, 1, 2), (1, 3, 4, 2), (3, 2, 4, 1), (2, 4, 1, 3), (3, 2, 1, 4), (1, 2, 3, 4)}
M(B) = 
[[3, 4, 1, 2], [3, 4, 2, 1], [4, 1, 3, 2], [4, 3, 1, 2], [4, 3, 2, 1]]
Distance: 21
M(A) inter A:
{(3, 2, 4, 1), (3, 4, 2, 1)}
M(B) inter B:
{(3, 2, 4, 1), (3, 4, 1, 2)}

AUB = 
{(2, 4, 1, 3), (4, 1, 2, 3), (3, 4, 1, 2), (3, 1, 4, 2), (3, 4, 2, 1), (4, 3, 1, 2), (1, 3, 4, 2), (3, 2, 4, 1), (4, 2, 1, 3), (2, 4, 3, 1), (4, 1, 3, 2), (2, 1, 4, 3), (3, 2, 1, 4), (1, 2, 3, 4)}
M(AUB) = 
[[3, 4, 1, 2], [3, 4, 2, 1], [4, 1, 3, 2], [4, 3, 1, 2], [4, 3, 2, 1]]
Distance:38

(25)
A = 
{(4, 1, 2, 3), (1, 3, 2, 4), (1, 2, 3, 4), (1, 4, 2, 3), (2, 3, 1, 4), (2, 4, 3, 1), (2, 1, 4, 3), (4, 3, 1, 2)}
M(A) = 
[[1, 2, 3, 4], [1, 2, 4, 3], [1, 3, 2, 4], [1, 3, 4, 2], [1, 4, 2, 3], [1, 4, 3, 2], [3, 1, 2, 4], [3, 1, 4, 2]]
Distance: 17
B = 
{(3, 1, 4, 2), (1, 2, 3, 4), (1, 4, 2, 3), (3, 4, 2, 1), (2, 4, 3, 1), (4, 3, 1, 2), (3, 1, 2, 4), (4, 1, 3, 2)}
M(B) = 
[[1, 2, 3, 4], [1, 2, 4, 3], [1, 3, 2, 4], [1, 3, 4, 2], [1, 4, 2, 3], [1, 4, 3, 2], [3, 1, 2, 4], [3, 1, 4, 2]]
Distance: 19
M(A) inter A:
{(4, 3, 1, 2)}
M(B) inter B:
{(3, 1, 4, 2), (4, 3, 1, 2)}

AUB = 
{(3, 1, 4, 2), (4, 1, 2, 3), (1, 3, 2, 4), (3, 4, 2, 1), (4, 3, 1, 2), (1, 4, 2, 3), (2, 3, 1, 4), (2, 4, 3, 1), (4, 1, 3, 2), (2, 1, 4, 3), (3, 1, 2, 4), (1, 2, 3, 4)}
M(AUB) = 
[[1, 2, 3, 4], [1, 2, 4, 3], [1, 3, 2, 4], [1, 3, 4, 2], [1, 4, 2, 3], [1, 4, 3, 2], [3, 1, 2, 4], [3, 1, 4, 2]]
Distance:33

(26)
A = 
{(4, 2, 1, 3), (3, 4, 1, 2), (1, 3, 2, 4), (3, 4, 2, 1), (1, 4, 3, 2), (1, 4, 2, 3), (2, 4, 3, 1), (3, 1, 4, 2)}
M(A) = 
[[1, 2, 3, 4], [1, 3, 4, 2], [1, 4, 2, 3]]
Distance: 20
B = 
{(4, 2, 1, 3), (3, 1, 4, 2), (1, 4, 2, 3), (2, 3, 4, 1), (1, 2, 3, 4), (3, 4, 2, 1), (2, 4, 3, 1), (2, 1, 4, 3)}
M(B) = 
[[1, 2, 3, 4], [1, 3, 4, 2], [1, 4, 2, 3]]
Distance: 21
M(A) inter A:
{(4, 2, 1, 3), (2, 4, 3, 1)}
M(B) inter B:
{(2, 3, 4, 1), (4, 2, 1, 3), (2, 1, 4, 3), (2, 4, 3, 1)}

AUB = 
{(3, 1, 4, 2), (4, 2, 1, 3), (3, 4, 1, 2), (1, 4, 2, 3), (2, 3, 4, 1), (1, 4, 3, 2), (1, 2, 3, 4), (3, 4, 2, 1), (2, 4, 3, 1), (2, 1, 4, 3), (1, 3, 2, 4)}
M(AUB) = 
[[1, 2, 3, 4], [1, 3, 4, 2], [1, 4, 2, 3]]
Distance:31

(27)
A = 
{(2, 1, 3, 4), (1, 3, 2, 4), (1, 2, 4, 3), (1, 4, 3, 2), (3, 2, 4, 1), (4, 2, 1, 3), (4, 1, 3, 2), (3, 4, 1, 2)}
M(A) = 
[[1, 4, 3, 2]]
Distance: 20
B = 
{(2, 1, 3, 4), (3, 4, 1, 2), (1, 4, 2, 3), (1, 3, 4, 2), (1, 2, 4, 3), (4, 1, 2, 3), (4, 2, 1, 3), (4, 1, 3, 2)}
M(B) = 
[[1, 4, 3, 2]]
Distance: 15
M(A) inter A:
set()
M(B) inter B:
{(1, 4, 2, 3), (4, 1, 2, 3)}

AUB = 
{(2, 1, 3, 4), (3, 4, 1, 2), (1, 3, 2, 4), (3, 2, 4, 1), (1, 4, 3, 2), (1, 3, 4, 2), (4, 1, 2, 3), (1, 2, 4, 3), (4, 2, 1, 3), (1, 4, 2, 3), (4, 1, 3, 2)}
M(AUB) = 
[[1, 4, 3, 2]]
Distance:24

(28)
A = 
{(2, 3, 1, 4), (3, 1, 4, 2), (3, 2, 4, 1), (1, 4, 3, 2), (3, 4, 2, 1), (4, 2, 1, 3), (4, 3, 2, 1), (3, 2, 1, 4)}
M(A) = 
[[3, 4, 2, 1]]
Distance: 16
B = 
{(2, 1, 3, 4), (3, 1, 4, 2), (4, 2, 3, 1), (1, 4, 3, 2), (4, 2, 1, 3), (2, 4, 3, 1), (4, 3, 2, 1), (3, 2, 1, 4)}
M(B) = 
[[3, 4, 2, 1]]
Distance: 19
M(A) inter A:
{(4, 3, 2, 1)}
M(B) inter B:
{(4, 2, 3, 1), (4, 3, 2, 1)}

AUB = 
{(2, 3, 1, 4), (3, 1, 4, 2), (3, 4, 2, 1), (4, 2, 3, 1), (1, 4, 3, 2), (3, 2, 4, 1), (4, 2, 1, 3), (2, 4, 3, 1), (2, 1, 3, 4), (4, 3, 2, 1), (3, 2, 1, 4)}
M(AUB) = 
[[3, 4, 2, 1]]
Distance:25

(29)
A = 
{(3, 1, 4, 2), (2, 1, 3, 4), (1, 3, 2, 4), (3, 2, 1, 4), (3, 4, 2, 1), (2, 3, 4, 1), (3, 1, 2, 4), (4, 1, 3, 2)}
M(A) = 
[[2, 3, 1, 4], [2, 3, 4, 1], [2, 4, 3, 1], [3, 2, 1, 4], [3, 2, 4, 1]]
Distance: 16
B = 
{(4, 2, 1, 3), (3, 1, 4, 2), (4, 2, 3, 1), (1, 2, 4, 3), (2, 4, 3, 1), (2, 1, 4, 3), (3, 2, 1, 4), (4, 3, 1, 2)}
M(B) = 
[[2, 3, 1, 4], [2, 3, 4, 1], [2, 4, 3, 1], [3, 2, 1, 4], [3, 2, 4, 1]]
Distance: 19
M(A) inter A:
set()
M(B) inter B:
{(4, 2, 3, 1), (2, 4, 3, 1)}

AUB = 
{(2, 1, 3, 4), (3, 1, 4, 2), (1, 2, 4, 3), (4, 3, 1, 2), (2, 4, 3, 1), (4, 2, 3, 1), (3, 1, 2, 4), (3, 4, 2, 1), (4, 2, 1, 3), (2, 3, 4, 1), (4, 1, 3, 2), (2, 1, 4, 3), (3, 2, 1, 4), (1, 3, 2, 4)}
M(AUB) = 
[[2, 3, 1, 4], [2, 3, 4, 1], [2, 4, 3, 1], [3, 2, 1, 4], [3, 2, 4, 1]]
Distance:39

(30)
A = 
{(4, 2, 1, 3), (1, 2, 3, 4), (3, 2, 4, 1), (4, 3, 1, 2), (1, 3, 4, 2), (1, 2, 4, 3), (4, 2, 3, 1), (2, 1, 4, 3)}
M(A) = 
[[2, 3, 1, 4], [3, 1, 2, 4], [3, 1, 4, 2], [3, 2, 1, 4]]
Distance: 21
B = 
{(3, 1, 4, 2), (2, 3, 1, 4), (1, 2, 3, 4), (3, 2, 4, 1), (3, 4, 2, 1), (4, 2, 3, 1), (3, 1, 2, 4), (4, 3, 1, 2)}
M(B) = 
[[2, 3, 1, 4], [3, 1, 2, 4], [3, 1, 4, 2], [3, 2, 1, 4]]
Distance: 18
M(A) inter A:
{(3, 2, 4, 1)}
M(B) inter B:
{(3, 2, 4, 1), (3, 1, 2, 4), (3, 1, 4, 2), (3, 4, 2, 1)}

AUB = 
{(3, 1, 4, 2), (4, 2, 1, 3), (1, 2, 3, 4), (1, 2, 4, 3), (1, 3, 4, 2), (3, 2, 4, 1), (2, 3, 1, 4), (3, 4, 2, 1), (4, 2, 3, 1), (2, 1, 4, 3), (3, 1, 2, 4), (4, 3, 1, 2)}
M(AUB) = 
[[2, 3, 1, 4], [3, 1, 2, 4], [3, 1, 4, 2], [3, 2, 1, 4]]
Distance:33

(31)
A = 
{(2, 1, 3, 4), (3, 2, 4, 1), (3, 4, 2, 1), (4, 2, 1, 3), (2, 3, 4, 1), (2, 1, 4, 3), (3, 2, 1, 4), (2, 4, 1, 3)}
M(A) = 
[[2, 1, 3, 4], [2, 1, 4, 3], [2, 4, 1, 3]]
Distance: 15
B = 
{(4, 2, 1, 3), (1, 2, 3, 4), (4, 3, 1, 2), (1, 4, 3, 2), (1, 2, 4, 3), (2, 4, 1, 3), (3, 2, 1, 4), (2, 1, 4, 3)}
M(B) = 
[[2, 1, 3, 4], [2, 1, 4, 3], [2, 4, 1, 3]]
Distance: 17
M(A) inter A:
{(2, 1, 4, 3)}
M(B) inter B:
{(1, 2, 4, 3), (2, 1, 4, 3)}

AUB = 
{(2, 1, 3, 4), (1, 2, 3, 4), (3, 4, 2, 1), (4, 3, 1, 2), (1, 2, 4, 3), (1, 4, 3, 2), (3, 2, 4, 1), (4, 2, 1, 3), (2, 3, 4, 1), (2, 4, 1, 3), (3, 2, 1, 4), (2, 1, 4, 3)}
M(AUB) = 
[[2, 1, 3, 4], [2, 1, 4, 3], [2, 4, 1, 3]]
Distance:30

(32)
A = 
{(2, 3, 1, 4), (3, 4, 1, 2), (2, 4, 3, 1), (4, 1, 2, 3), (2, 3, 4, 1), (4, 3, 1, 2), (3, 1, 2, 4), (2, 4, 1, 3)}
M(A) = 
[[2, 3, 4, 1], [2, 4, 3, 1]]
Distance: 18
B = 
{(4, 1, 2, 3), (3, 4, 1, 2), (2, 3, 1, 4), (1, 3, 4, 2), (1, 2, 4, 3), (2, 1, 3, 4), (2, 3, 4, 1), (4, 3, 2, 1)}
M(B) = 
[[2, 3, 4, 1], [2, 4, 3, 1]]
Distance: 22
M(A) inter A:
{(2, 3, 1, 4), (2, 3, 4, 1)}
M(B) inter B:
{(2, 3, 1, 4), (2, 1, 3, 4), (2, 3, 4, 1)}

AUB = 
{(2, 3, 1, 4), (3, 4, 1, 2), (4, 3, 2, 1), (2, 3, 4, 1), (1, 3, 4, 2), (1, 2, 4, 3), (4, 1, 2, 3), (2, 4, 3, 1), (2, 1, 3, 4), (2, 4, 1, 3), (3, 1, 2, 4), (4, 3, 1, 2)}
M(AUB) = 
[[2, 3, 4, 1], [2, 4, 3, 1]]
Distance:32

(33)
A = 
{(4, 2, 1, 3), (3, 1, 4, 2), (1, 2, 4, 3), (3, 2, 4, 1), (4, 1, 2, 3), (4, 1, 3, 2), (4, 2, 3, 1), (1, 2, 3, 4)}
M(A) = 
[[1, 2, 3, 4], [2, 1, 3, 4]]
Distance: 18
B = 
{(2, 3, 1, 4), (1, 3, 2, 4), (3, 2, 4, 1), (1, 3, 4, 2), (4, 1, 2, 3), (3, 4, 2, 1), (2, 1, 3, 4), (2, 1, 4, 3)}
M(B) = 
[[1, 2, 3, 4], [2, 1, 3, 4]]
Distance: 18
M(A) inter A:
set()
M(B) inter B:
{(2, 1, 3, 4)}

AUB = 
{(4, 2, 1, 3), (1, 3, 2, 4), (3, 1, 4, 2), (3, 2, 4, 1), (1, 2, 3, 4), (1, 3, 4, 2), (1, 2, 4, 3), (2, 3, 1, 4), (4, 1, 2, 3), (3, 4, 2, 1), (2, 1, 3, 4), (4, 2, 3, 1), (2, 1, 4, 3), (4, 1, 3, 2)}
M(AUB) = 
[[1, 2, 3, 4], [2, 1, 3, 4]]
Distance:37

(34)
A = 
{(4, 2, 1, 3), (1, 3, 2, 4), (2, 4, 3, 1), (3, 2, 4, 1), (2, 3, 4, 1), (4, 3, 2, 1), (3, 2, 1, 4), (2, 4, 1, 3)}
M(A) = 
[[3, 2, 4, 1]]
Distance: 16
B = 
{(1, 3, 2, 4), (1, 2, 3, 4), (1, 3, 4, 2), (3, 1, 2, 4), (1, 4, 3, 2), (4, 3, 1, 2), (3, 2, 1, 4), (2, 4, 1, 3)}
M(B) = 
[[3, 2, 4, 1]]
Distance: 15
M(A) inter A:
{(1, 3, 2, 4)}
M(B) inter B:
{(1, 3, 2, 4)}

AUB = 
{(4, 2, 1, 3), (1, 3, 2, 4), (4, 3, 1, 2), (2, 3, 4, 1), (1, 3, 4, 2), (1, 2, 3, 4), (3, 2, 4, 1), (3, 1, 2, 4), (2, 4, 3, 1), (1, 4, 3, 2), (4, 3, 2, 1), (3, 2, 1, 4), (2, 4, 1, 3)}
M(AUB) = 
[[3, 2, 4, 1]]
Distance:34

(35)
A = 
{(2, 1, 3, 4), (3, 4, 2, 1), (4, 2, 3, 1), (1, 4, 2, 3), (4, 2, 1, 3), (2, 3, 4, 1), (4, 3, 2, 1), (3, 2, 1, 4)}
M(A) = 
[[3, 4, 2, 1]]
Distance: 17
B = 
{(3, 1, 4, 2), (4, 2, 1, 3), (1, 3, 2, 4), (1, 2, 3, 4), (2, 4, 3, 1), (4, 3, 1, 2), (3, 2, 1, 4), (3, 4, 1, 2)}
M(B) = 
[[3, 4, 2, 1]]
Distance: 20
M(A) inter A:
set()
M(B) inter B:
{(3, 4, 1, 2), (3, 1, 4, 2)}

AUB = 
{(2, 1, 3, 4), (3, 4, 1, 2), (3, 1, 4, 2), (4, 3, 2, 1), (1, 4, 2, 3), (4, 3, 1, 2), (1, 2, 3, 4), (3, 4, 2, 1), (4, 2, 1, 3), (2, 4, 3, 1), (2, 3, 4, 1), (4, 2, 3, 1), (3, 2, 1, 4), (1, 3, 2, 4)}
M(AUB) = 
[[3, 4, 2, 1]]
Distance:36

(36)
A = 
{(4, 1, 2, 3), (3, 4, 1, 2), (1, 3, 4, 2), (1, 2, 4, 3), (4, 2, 1, 3), (2, 3, 4, 1), (4, 2, 3, 1), (4, 1, 3, 2)}
M(A) = 
[[4, 2, 1, 3]]
Distance: 16
B = 
{(2, 1, 3, 4), (1, 2, 3, 4), (3, 4, 2, 1), (1, 4, 2, 3), (2, 4, 3, 1), (4, 2, 3, 1), (3, 2, 1, 4), (2, 1, 4, 3)}
M(B) = 
[[4, 2, 1, 3]]
Distance: 18
M(A) inter A:
set()
M(B) inter B:
{(2, 1, 3, 4), (2, 1, 4, 3)}

AUB = 
{(4, 1, 2, 3), (3, 4, 1, 2), (3, 4, 2, 1), (1, 2, 3, 4), (1, 3, 4, 2), (1, 2, 4, 3), (4, 2, 1, 3), (1, 4, 2, 3), (2, 4, 3, 1), (2, 3, 4, 1), (2, 1, 3, 4), (4, 2, 3, 1), (2, 1, 4, 3), (3, 2, 1, 4), (4, 1, 3, 2)}
M(AUB) = 
[[4, 2, 1, 3]]
Distance:39

(37)
A = 
{(3, 4, 1, 2), (3, 2, 4, 1), (2, 3, 4, 1), (1, 2, 4, 3), (2, 4, 3, 1), (4, 3, 1, 2), (3, 1, 2, 4), (1, 3, 2, 4)}
M(A) = 
[[3, 2, 4, 1]]
Distance: 18
B = 
{(1, 4, 2, 3), (3, 1, 2, 4), (3, 4, 2, 1), (2, 4, 3, 1), (4, 1, 3, 2), (2, 1, 4, 3), (3, 2, 1, 4), (2, 4, 1, 3)}
M(B) = 
[[3, 2, 4, 1]]
Distance: 21
M(A) inter A:
{(2, 4, 3, 1)}
M(B) inter B:
{(2, 4, 3, 1), (2, 1, 4, 3), (2, 4, 1, 3)}

AUB = 
{(2, 4, 1, 3), (3, 4, 2, 1), (1, 3, 2, 4), (3, 4, 1, 2), (1, 2, 4, 3), (2, 4, 3, 1), (3, 2, 1, 4), (3, 2, 4, 1), (1, 4, 2, 3), (2, 3, 4, 1), (4, 1, 3, 2), (2, 1, 4, 3), (3, 1, 2, 4), (4, 3, 1, 2)}
M(AUB) = 
[[3, 2, 4, 1]]
Distance:37

(38)
A = 
{(2, 3, 1, 4), (3, 4, 1, 2), (1, 4, 3, 2), (1, 2, 4, 3), (4, 3, 2, 1), (4, 3, 1, 2), (3, 2, 1, 4), (2, 4, 1, 3)}
M(A) = 
[[4, 1, 3, 2]]
Distance: 21
B = 
{(4, 1, 2, 3), (1, 3, 2, 4), (1, 4, 2, 3), (4, 3, 1, 2), (3, 4, 2, 1), (4, 2, 1, 3), (4, 3, 2, 1), (4, 1, 3, 2)}
M(B) = 
[[4, 1, 3, 2]]
Distance: 14
M(A) inter A:
set()
M(B) inter B:
{(4, 1, 3, 2)}

AUB = 
{(2, 4, 1, 3), (2, 3, 1, 4), (1, 3, 2, 4), (3, 4, 1, 2), (1, 4, 2, 3), (1, 4, 3, 2), (1, 2, 4, 3), (4, 1, 2, 3), (4, 2, 1, 3), (3, 4, 2, 1), (4, 1, 3, 2), (4, 3, 2, 1), (3, 2, 1, 4), (4, 3, 1, 2)}
M(AUB) = 
[[4, 1, 3, 2]]
Distance:34

(39)
A = 
{(3, 1, 4, 2), (2, 1, 3, 4), (3, 4, 1, 2), (3, 2, 1, 4), (2, 3, 4, 1), (4, 3, 2, 1), (3, 1, 2, 4), (4, 1, 3, 2)}
M(A) = 
[[3, 2, 4, 1]]
Distance: 18
B = 
{(2, 1, 3, 4), (1, 3, 2, 4), (3, 2, 4, 1), (3, 4, 2, 1), (4, 2, 1, 3), (4, 1, 3, 2), (3, 2, 1, 4), (1, 2, 3, 4)}
M(B) = 
[[3, 2, 4, 1]]
Distance: 20
M(A) inter A:
{(2, 1, 3, 4), (3, 2, 1, 4)}
M(B) inter B:
{(3, 2, 4, 1), (2, 1, 3, 4), (1, 3, 2, 4), (3, 2, 1, 4)}

AUB = 
{(2, 1, 3, 4), (1, 3, 2, 4), (3, 1, 4, 2), (3, 4, 2, 1), (1, 2, 3, 4), (3, 1, 2, 4), (3, 2, 4, 1), (4, 2, 1, 3), (2, 3, 4, 1), (4, 1, 3, 2), (4, 3, 2, 1), (3, 2, 1, 4), (3, 4, 1, 2)}
M(AUB) = 
[[3, 2, 4, 1]]
Distance:30

(40)
A = 
{(4, 1, 2, 3), (3, 1, 4, 2), (4, 3, 2, 1), (3, 2, 4, 1), (2, 3, 1, 4), (4, 2, 1, 3), (4, 2, 3, 1), (4, 3, 1, 2)}
M(A) = 
[[2, 4, 3, 1], [4, 2, 3, 1]]
Distance: 16
B = 
{(2, 3, 4, 1), (4, 1, 2, 3), (2, 3, 1, 4), (3, 2, 4, 1), (2, 1, 3, 4), (2, 4, 3, 1), (4, 2, 1, 3), (2, 1, 4, 3)}
M(B) = 
[[2, 4, 3, 1], [4, 2, 3, 1]]
Distance: 15
M(A) inter A:
set()
M(B) inter B:
{(2, 3, 4, 1), (2, 4, 3, 1)}

AUB = 
{(4, 1, 2, 3), (3, 1, 4, 2), (2, 3, 4, 1), (4, 2, 3, 1), (3, 2, 4, 1), (2, 3, 1, 4), (2, 4, 3, 1), (4, 2, 1, 3), (2, 1, 3, 4), (4, 3, 2, 1), (2, 1, 4, 3), (4, 3, 1, 2)}
M(AUB) = 
[[2, 4, 3, 1], [4, 2, 3, 1]]
Distance:26

(41)
A = 
{(2, 1, 3, 4), (1, 3, 2, 4), (1, 4, 2, 3), (1, 2, 4, 3), (4, 1, 2, 3), (2, 3, 4, 1), (4, 3, 2, 1), (4, 1, 3, 2)}
M(A) = 
[[2, 1, 4, 3]]
Distance: 19
B = 
{(2, 3, 1, 4), (1, 2, 3, 4), (2, 4, 3, 1), (4, 2, 3, 1), (2, 3, 4, 1), (2, 1, 4, 3), (3, 2, 1, 4), (4, 3, 1, 2)}
M(B) = 
[[2, 1, 4, 3]]
Distance: 16
M(A) inter A:
{(2, 3, 4, 1)}
M(B) inter B:
{(2, 3, 4, 1), (2, 3, 1, 4), (2, 4, 3, 1)}

AUB = 
{(2, 1, 3, 4), (1, 3, 2, 4), (1, 2, 4, 3), (4, 3, 1, 2), (2, 3, 1, 4), (4, 2, 3, 1), (1, 2, 3, 4), (1, 4, 2, 3), (4, 1, 2, 3), (2, 4, 3, 1), (2, 3, 4, 1), (4, 3, 2, 1), (2, 1, 4, 3), (3, 2, 1, 4), (4, 1, 3, 2)}
M(AUB) = 
[[2, 1, 4, 3]]
Distance:38

(42)
A = 
{(2, 3, 1, 4), (3, 1, 4, 2), (1, 3, 4, 2), (3, 2, 4, 1), (4, 2, 1, 3), (4, 3, 1, 2), (3, 2, 1, 4), (1, 2, 3, 4)}
M(A) = 
[[2, 1, 3, 4]]
Distance: 19
B = 
{(2, 1, 3, 4), (1, 2, 3, 4), (1, 4, 3, 2), (1, 3, 4, 2), (3, 2, 4, 1), (2, 3, 1, 4), (2, 1, 4, 3), (2, 4, 1, 3)}
M(B) = 
[[2, 1, 3, 4]]
Distance: 15
M(A) inter A:
set()
M(B) inter B:
{(2, 1, 3, 4)}

AUB = 
{(2, 4, 1, 3), (2, 3, 1, 4), (3, 1, 4, 2), (1, 2, 3, 4), (1, 3, 4, 2), (1, 4, 3, 2), (3, 2, 4, 1), (4, 2, 1, 3), (2, 1, 3, 4), (2, 1, 4, 3), (3, 2, 1, 4), (4, 3, 1, 2)}
M(AUB) = 
[[2, 1, 3, 4]]
Distance:30

(43)
A = 
{(4, 2, 1, 3), (3, 1, 4, 2), (1, 4, 2, 3), (1, 3, 4, 2), (1, 4, 3, 2), (3, 4, 2, 1), (3, 2, 1, 4), (1, 2, 3, 4)}
M(A) = 
[[3, 1, 4, 2], [3, 4, 1, 2], [3, 4, 2, 1], [4, 3, 1, 2], [4, 3, 2, 1]]
Distance: 16
B = 
{(4, 1, 2, 3), (3, 1, 4, 2), (3, 4, 2, 1), (3, 2, 4, 1), (4, 3, 2, 1), (2, 4, 3, 1), (4, 2, 3, 1), (3, 1, 2, 4)}
M(B) = 
[[3, 1, 4, 2], [3, 4, 1, 2], [3, 4, 2, 1], [4, 3, 1, 2], [4, 3, 2, 1]]
Distance: 16
M(A) inter A:
{(3, 4, 2, 1)}
M(B) inter B:
{(3, 4, 2, 1), (4, 3, 2, 1)}

AUB = 
{(4, 2, 1, 3), (3, 1, 4, 2), (3, 4, 2, 1), (4, 2, 3, 1), (1, 3, 4, 2), (1, 4, 3, 2), (1, 4, 2, 3), (4, 1, 2, 3), (3, 2, 4, 1), (3, 1, 2, 4), (2, 4, 3, 1), (4, 3, 2, 1), (3, 2, 1, 4), (1, 2, 3, 4)}
M(AUB) = 
[[3, 1, 4, 2], [3, 4, 1, 2], [3, 4, 2, 1], [4, 3, 1, 2], [4, 3, 2, 1]]
Distance:38

(44)
A = 
{(4, 1, 2, 3), (4, 3, 2, 1), (3, 4, 2, 1), (1, 4, 3, 2), (1, 4, 2, 3), (4, 2, 1, 3), (2, 4, 3, 1), (4, 2, 3, 1)}
M(A) = 
[[4, 2, 3, 1]]
Distance: 14
B = 
{(2, 3, 1, 4), (3, 4, 2, 1), (4, 2, 3, 1), (1, 3, 4, 2), (1, 4, 2, 3), (4, 2, 1, 3), (4, 3, 2, 1), (3, 2, 1, 4)}
M(B) = 
[[4, 2, 3, 1]]
Distance: 19
M(A) inter A:
{(3, 4, 2, 1), (4, 2, 3, 1), (4, 3, 2, 1)}
M(B) inter B:
{(3, 4, 2, 1), (4, 2, 3, 1), (4, 3, 2, 1)}

AUB = 
{(4, 1, 2, 3), (1, 4, 2, 3), (2, 3, 1, 4), (4, 2, 3, 1), (1, 4, 3, 2), (1, 3, 4, 2), (3, 4, 2, 1), (4, 2, 1, 3), (2, 4, 3, 1), (4, 3, 2, 1), (3, 2, 1, 4)}
M(AUB) = 
[[4, 2, 3, 1]]
Distance:26

(45)
A = 
{(4, 1, 2, 3), (4, 3, 2, 1), (4, 2, 1, 3), (2, 3, 4, 1), (4, 1, 3, 2), (4, 2, 3, 1), (2, 1, 4, 3), (4, 3, 1, 2)}
M(A) = 
[[4, 2, 1, 3], [4, 2, 3, 1]]
Distance: 14
B = 
{(4, 1, 2, 3), (3, 1, 4, 2), (4, 3, 2, 1), (2, 3, 4, 1), (1, 4, 2, 3), (2, 1, 3, 4), (2, 4, 3, 1), (4, 2, 3, 1)}
M(B) = 
[[4, 2, 1, 3], [4, 2, 3, 1]]
Distance: 17
M(A) inter A:
{(4, 2, 3, 1)}
M(B) inter B:
{(4, 2, 3, 1)}

AUB = 
{(4, 1, 2, 3), (3, 1, 4, 2), (4, 3, 1, 2), (2, 4, 3, 1), (4, 2, 3, 1), (1, 4, 2, 3), (4, 2, 1, 3), (2, 3, 4, 1), (2, 1, 3, 4), (4, 3, 2, 1), (2, 1, 4, 3), (4, 1, 3, 2)}
M(AUB) = 
[[4, 2, 1, 3], [4, 2, 3, 1]]
Distance:26

(46)
A = 
{(2, 4, 1, 3), (4, 1, 2, 3), (3, 4, 1, 2), (3, 2, 4, 1), (2, 4, 3, 1), (4, 3, 2, 1), (3, 1, 2, 4), (1, 3, 2, 4)}
M(A) = 
[[4, 1, 2, 3], [4, 1, 3, 2]]
Distance: 19
B = 
{(4, 2, 1, 3), (1, 3, 2, 4), (1, 4, 2, 3), (1, 2, 4, 3), (2, 4, 3, 1), (4, 1, 3, 2), (4, 3, 2, 1), (3, 4, 1, 2)}
M(B) = 
[[4, 1, 2, 3], [4, 1, 3, 2]]
Distance: 18
M(A) inter A:
{(4, 1, 2, 3)}
M(B) inter B:
{(4, 1, 3, 2)}

AUB = 
{(4, 1, 2, 3), (1, 3, 2, 4), (3, 4, 1, 2), (1, 4, 2, 3), (1, 2, 4, 3), (3, 2, 4, 1), (4, 2, 1, 3), (2, 4, 3, 1), (4, 1, 3, 2), (4, 3, 2, 1), (3, 1, 2, 4), (2, 4, 1, 3)}
M(AUB) = 
[[4, 1, 2, 3], [4, 1, 3, 2]]
Distance:30

(47)
A = 
{(4, 2, 1, 3), (3, 1, 4, 2), (1, 2, 4, 3), (3, 2, 4, 1), (2, 3, 1, 4), (2, 3, 4, 1), (4, 2, 3, 1), (3, 2, 1, 4)}
M(A) = 
[[2, 3, 4, 1], [3, 2, 4, 1], [3, 4, 2, 1]]
Distance: 17
B = 
{(4, 1, 2, 3), (3, 1, 4, 2), (3, 2, 4, 1), (4, 2, 3, 1), (3, 4, 2, 1), (2, 3, 1, 4), (4, 3, 2, 1), (3, 1, 2, 4)}
M(B) = 
[[2, 3, 4, 1], [3, 2, 4, 1], [3, 4, 2, 1]]
Distance: 16
M(A) inter A:
set()
M(B) inter B:
{(3, 4, 2, 1)}

AUB = 
{(4, 2, 1, 3), (3, 1, 4, 2), (4, 3, 2, 1), (3, 2, 4, 1), (3, 1, 2, 4), (4, 1, 2, 3), (1, 2, 4, 3), (2, 3, 1, 4), (2, 3, 4, 1), (3, 4, 2, 1), (4, 2, 3, 1), (3, 2, 1, 4)}
M(AUB) = 
[[2, 3, 4, 1], [3, 2, 4, 1], [3, 4, 2, 1]]
Distance:29

(48)
A = 
{(4, 1, 2, 3), (1, 3, 2, 4), (2, 4, 3, 1), (3, 2, 4, 1), (4, 2, 1, 3), (2, 3, 4, 1), (2, 1, 4, 3), (4, 1, 3, 2)}
M(A) = 
[[4, 1, 2, 3]]
Distance: 17
B = 
{(4, 1, 2, 3), (3, 1, 4, 2), (1, 2, 4, 3), (1, 3, 4, 2), (1, 4, 2, 3), (4, 2, 1, 3), (4, 1, 3, 2), (4, 3, 1, 2)}
M(B) = 
[[4, 1, 2, 3]]
Distance: 14
M(A) inter A:
{(4, 1, 2, 3), (4, 1, 3, 2)}
M(B) inter B:
{(1, 4, 2, 3), (4, 1, 2, 3), (4, 1, 3, 2)}

AUB = 
{(3, 1, 4, 2), (4, 1, 2, 3), (1, 3, 2, 4), (1, 2, 4, 3), (4, 3, 1, 2), (2, 3, 4, 1), (1, 3, 4, 2), (3, 2, 4, 1), (4, 2, 1, 3), (1, 4, 2, 3), (2, 4, 3, 1), (4, 1, 3, 2), (2, 1, 4, 3)}
M(AUB) = 
[[4, 1, 2, 3]]
Distance:33

(49)
A = 
{(4, 2, 1, 3), (1, 4, 2, 3), (1, 3, 4, 2), (1, 2, 4, 3), (2, 3, 4, 1), (4, 3, 2, 1), (3, 2, 1, 4), (2, 4, 1, 3)}
M(A) = 
[[2, 4, 1, 3]]
Distance: 20
B = 
{(2, 1, 3, 4), (1, 2, 3, 4), (1, 2, 4, 3), (2, 4, 3, 1), (4, 1, 3, 2), (4, 2, 3, 1), (3, 2, 1, 4), (2, 4, 1, 3)}
M(B) = 
[[2, 4, 1, 3]]
Distance: 17
M(A) inter A:
{(2, 4, 1, 3)}
M(B) inter B:
{(2, 4, 1, 3)}

AUB = 
{(4, 2, 1, 3), (1, 2, 3, 4), (1, 2, 4, 3), (2, 4, 3, 1), (4, 2, 3, 1), (1, 3, 4, 2), (1, 4, 2, 3), (2, 1, 3, 4), (2, 3, 4, 1), (4, 1, 3, 2), (4, 3, 2, 1), (3, 2, 1, 4), (2, 4, 1, 3)}
M(AUB) = 
[[2, 4, 1, 3]]
Distance:31

(50)
A = 
{(4, 2, 1, 3), (3, 4, 1, 2), (3, 2, 4, 1), (3, 4, 2, 1), (2, 3, 4, 1), (4, 3, 2, 1), (3, 2, 1, 4), (4, 3, 1, 2)}
M(A) = 
[[3, 4, 1, 2]]
Distance: 12
B = 
{(3, 1, 4, 2), (4, 2, 1, 3), (1, 3, 2, 4), (3, 4, 1, 2), (1, 4, 2, 3), (4, 1, 3, 2), (4, 3, 1, 2), (1, 2, 3, 4)}
M(B) = 
[[3, 4, 1, 2]]
Distance: 17
M(A) inter A:
set()
M(B) inter B:
{(4, 1, 3, 2)}

AUB = 
{(3, 1, 4, 2), (4, 2, 1, 3), (1, 3, 2, 4), (3, 4, 1, 2), (3, 4, 2, 1), (1, 2, 3, 4), (3, 2, 4, 1), (1, 4, 2, 3), (2, 3, 4, 1), (4, 1, 3, 2), (4, 3, 2, 1), (3, 2, 1, 4), (4, 3, 1, 2)}
M(AUB) = 
[[3, 4, 1, 2]]
Distance:30

(51)
A = 
{(4, 2, 1, 3), (1, 3, 2, 4), (3, 2, 4, 1), (1, 3, 4, 2), (3, 4, 2, 1), (2, 3, 4, 1), (4, 1, 3, 2), (2, 1, 4, 3)}
M(A) = 
[[2, 1, 3, 4]]
Distance: 21
B = 
{(4, 2, 1, 3), (3, 4, 1, 2), (1, 2, 3, 4), (1, 4, 3, 2), (2, 1, 3, 4), (4, 2, 3, 1), (3, 2, 1, 4), (2, 4, 1, 3)}
M(B) = 
[[2, 1, 3, 4]]
Distance: 21
M(A) inter A:
{(4, 2, 1, 3), (2, 1, 4, 3)}
M(B) inter B:
{(2, 1, 3, 4), (4, 2, 1, 3), (2, 4, 1, 3)}

AUB = 
{(2, 4, 1, 3), (4, 2, 1, 3), (3, 4, 1, 2), (1, 3, 2, 4), (3, 4, 2, 1), (1, 2, 3, 4), (4, 2, 3, 1), (1, 3, 4, 2), (1, 4, 3, 2), (3, 2, 4, 1), (2, 1, 3, 4), (2, 3, 4, 1), (2, 1, 4, 3), (3, 2, 1, 4), (4, 1, 3, 2)}
M(AUB) = 
[[2, 1, 3, 4]]
Distance:41

(52)
A = 
{(2, 1, 3, 4), (1, 2, 3, 4), (1, 2, 4, 3), (1, 4, 3, 2), (3, 2, 4, 1), (2, 3, 1, 4), (3, 1, 2, 4), (3, 4, 1, 2)}
M(A) = 
[[3, 1, 2, 4]]
Distance: 17
B = 
{(2, 3, 1, 4), (1, 3, 2, 4), (3, 4, 1, 2), (3, 2, 4, 1), (3, 1, 2, 4), (1, 2, 4, 3), (3, 2, 1, 4), (3, 1, 4, 2)}
M(B) = 
[[3, 1, 2, 4]]
Distance: 12
M(A) inter A:
{(3, 1, 2, 4)}
M(B) inter B:
{(3, 1, 2, 4)}

AUB = 
{(3, 1, 4, 2), (2, 1, 3, 4), (1, 3, 2, 4), (1, 2, 3, 4), (3, 2, 4, 1), (1, 4, 3, 2), (3, 2, 1, 4), (1, 2, 4, 3), (2, 3, 1, 4), (3, 1, 2, 4), (3, 4, 1, 2)}
M(AUB) = 
[[3, 1, 2, 4]]
Distance:20

(53)
A = 
{(4, 1, 2, 3), (1, 3, 2, 4), (3, 1, 4, 2), (1, 3, 4, 2), (1, 2, 4, 3), (2, 1, 3, 4), (4, 3, 2, 1), (3, 4, 1, 2)}
M(A) = 
[[1, 3, 4, 2]]
Distance: 17
B = 
{(4, 2, 1, 3), (1, 3, 2, 4), (1, 4, 3, 2), (1, 3, 4, 2), (3, 2, 4, 1), (2, 3, 1, 4), (3, 2, 1, 4), (3, 4, 1, 2)}
M(B) = 
[[1, 3, 4, 2]]
Distance: 19
M(A) inter A:
{(3, 1, 4, 2), (1, 3, 4, 2), (1, 3, 2, 4)}
M(B) inter B:
{(3, 2, 1, 4), (1, 3, 4, 2), (1, 3, 2, 4)}

AUB = 
{(4, 1, 2, 3), (3, 4, 1, 2), (1, 3, 2, 4), (3, 2, 4, 1), (2, 3, 1, 4), (1, 3, 4, 2), (1, 4, 3, 2), (1, 2, 4, 3), (2, 1, 3, 4), (4, 2, 1, 3), (4, 3, 2, 1), (3, 2, 1, 4), (3, 1, 4, 2)}
M(AUB) = 
[[1, 3, 4, 2]]
Distance:33

(54)
A = 
{(4, 2, 1, 3), (1, 2, 3, 4), (1, 3, 4, 2), (1, 4, 2, 3), (2, 3, 1, 4), (4, 2, 3, 1), (2, 1, 4, 3), (4, 3, 1, 2)}
M(A) = 
[[2, 1, 4, 3]]
Distance: 18
B = 
{(2, 1, 4, 3), (1, 4, 2, 3), (2, 3, 4, 1), (1, 2, 4, 3), (2, 4, 3, 1), (4, 3, 1, 2), (3, 2, 1, 4), (2, 4, 1, 3)}
M(B) = 
[[2, 1, 4, 3]]
Distance: 17
M(A) inter A:
{(2, 1, 4, 3)}
M(B) inter B:
{(2, 4, 3, 1), (2, 1, 4, 3), (2, 4, 1, 3)}

AUB = 
{(2, 4, 1, 3), (4, 2, 1, 3), (1, 2, 3, 4), (1, 2, 4, 3), (4, 3, 1, 2), (2, 4, 3, 1), (1, 3, 4, 2), (1, 4, 2, 3), (2, 3, 1, 4), (2, 3, 4, 1), (4, 2, 3, 1), (3, 2, 1, 4), (2, 1, 4, 3)}
M(AUB) = 
[[2, 1, 4, 3]]
Distance:30

(55)
A = 
{(2, 1, 3, 4), (3, 4, 1, 2), (1, 4, 3, 2), (1, 2, 4, 3), (4, 1, 2, 3), (2, 4, 3, 1), (4, 3, 2, 1), (3, 1, 2, 4)}
M(A) = 
[[1, 3, 2, 4], [3, 1, 2, 4]]
Distance: 22
B = 
{(4, 1, 2, 3), (1, 3, 2, 4), (3, 2, 4, 1), (1, 3, 4, 2), (1, 2, 4, 3), (2, 3, 4, 1), (3, 1, 2, 4), (3, 4, 1, 2)}
M(B) = 
[[1, 3, 2, 4], [3, 1, 2, 4]]
Distance: 18
M(A) inter A:
{(3, 1, 2, 4)}
M(B) inter B:
{(1, 3, 2, 4), (3, 1, 2, 4)}

AUB = 
{(2, 1, 3, 4), (3, 4, 1, 2), (3, 2, 4, 1), (2, 3, 4, 1), (1, 4, 3, 2), (1, 3, 4, 2), (1, 2, 4, 3), (4, 1, 2, 3), (2, 4, 3, 1), (4, 3, 2, 1), (3, 1, 2, 4), (1, 3, 2, 4)}
M(AUB) = 
[[1, 3, 2, 4], [3, 1, 2, 4]]
Distance:32

(56)
A = 
{(2, 1, 3, 4), (1, 2, 4, 3), (4, 2, 3, 1), (1, 3, 4, 2), (3, 2, 4, 1), (4, 3, 2, 1), (3, 1, 2, 4), (4, 1, 3, 2)}
M(A) = 
[[2, 3, 1, 4], [2, 3, 4, 1], [2, 4, 3, 1], [3, 1, 2, 4], [3, 1, 4, 2], [3, 2, 1, 4], [3, 2, 4, 1], [3, 4, 1, 2], [3, 4, 2, 1], [4, 2, 3, 1], [4, 3, 1, 2], [4, 3, 2, 1]]
Distance: 23
B = 
{(2, 1, 3, 4), (3, 1, 4, 2), (2, 4, 3, 1), (1, 4, 2, 3), (2, 3, 4, 1), (4, 3, 2, 1), (3, 1, 2, 4), (4, 1, 3, 2)}
M(B) = 
[[2, 3, 1, 4], [2, 3, 4, 1], [2, 4, 3, 1], [3, 1, 2, 4], [3, 1, 4, 2], [3, 2, 1, 4], [3, 2, 4, 1], [3, 4, 1, 2], [3, 4, 2, 1], [4, 2, 3, 1], [4, 3, 1, 2], [4, 3, 2, 1]]
Distance: 23
M(A) inter A:
{(3, 2, 4, 1), (4, 2, 3, 1), (3, 1, 2, 4), (4, 3, 2, 1)}
M(B) inter B:
{(3, 1, 2, 4), (2, 3, 4, 1), (3, 1, 4, 2), (4, 3, 2, 1), (2, 4, 3, 1)}

AUB = 
{(2, 1, 3, 4), (3, 1, 4, 2), (3, 2, 4, 1), (2, 3, 4, 1), (1, 3, 4, 2), (1, 2, 4, 3), (4, 3, 2, 1), (1, 4, 2, 3), (2, 4, 3, 1), (4, 2, 3, 1), (3, 1, 2, 4), (4, 1, 3, 2)}
M(AUB) = 
[[2, 3, 1, 4], [2, 3, 4, 1], [2, 4, 3, 1], [3, 1, 2, 4], [3, 1, 4, 2], [3, 2, 1, 4], [3, 2, 4, 1], [3, 4, 1, 2], [3, 4, 2, 1], [4, 2, 3, 1], [4, 3, 1, 2], [4, 3, 2, 1]]
Distance:35

(57)
A = 
{(4, 1, 2, 3), (1, 3, 2, 4), (1, 2, 4, 3), (1, 3, 4, 2), (3, 2, 4, 1), (2, 3, 1, 4), (2, 1, 3, 4), (4, 3, 2, 1)}
M(A) = 
[[1, 2, 3, 4], [1, 3, 4, 2], [1, 4, 2, 3]]
Distance: 20
B = 
{(4, 1, 2, 3), (3, 1, 4, 2), (1, 4, 2, 3), (2, 3, 1, 4), (1, 3, 4, 2), (1, 2, 4, 3), (4, 3, 2, 1), (4, 2, 3, 1)}
M(B) = 
[[1, 2, 3, 4], [1, 3, 4, 2], [1, 4, 2, 3]]
Distance: 18
M(A) inter A:
set()
M(B) inter B:
{(1, 4, 2, 3)}

AUB = 
{(4, 1, 2, 3), (1, 3, 2, 4), (3, 2, 4, 1), (4, 2, 3, 1), (1, 3, 4, 2), (1, 2, 4, 3), (2, 3, 1, 4), (1, 4, 2, 3), (2, 1, 3, 4), (4, 3, 2, 1), (3, 1, 4, 2)}
M(AUB) = 
[[1, 2, 3, 4], [1, 3, 4, 2], [1, 4, 2, 3]]
Distance:30

(58)
A = 
{(2, 4, 1, 3), (4, 1, 2, 3), (3, 4, 1, 2), (1, 3, 2, 4), (2, 4, 3, 1), (4, 3, 2, 1), (3, 1, 2, 4), (4, 1, 3, 2)}
M(A) = 
[[4, 3, 1, 2]]
Distance: 19
B = 
{(2, 4, 1, 3), (4, 1, 2, 3), (3, 4, 1, 2), (3, 4, 2, 1), (1, 4, 3, 2), (3, 2, 4, 1), (4, 3, 2, 1), (4, 3, 1, 2)}
M(B) = 
[[4, 3, 1, 2]]
Distance: 15
M(A) inter A:
{(4, 3, 2, 1)}
M(B) inter B:
{(4, 3, 2, 1), (4, 3, 1, 2)}

AUB = 
{(4, 1, 2, 3), (1, 3, 2, 4), (3, 4, 1, 2), (3, 2, 4, 1), (4, 3, 1, 2), (1, 4, 3, 2), (3, 4, 2, 1), (2, 4, 3, 1), (4, 1, 3, 2), (4, 3, 2, 1), (3, 1, 2, 4), (2, 4, 1, 3)}
M(AUB) = 
[[4, 3, 1, 2]]
Distance:26

(59)
A = 
{(4, 3, 2, 1), (3, 4, 1, 2), (1, 3, 2, 4), (1, 3, 4, 2), (3, 2, 4, 1), (4, 3, 1, 2), (3, 2, 1, 4), (3, 1, 4, 2)}
M(A) = 
[[3, 4, 1, 2]]
Distance: 14
B = 
{(4, 2, 1, 3), (1, 3, 2, 4), (3, 2, 4, 1), (3, 4, 2, 1), (2, 1, 3, 4), (4, 1, 3, 2), (3, 2, 1, 4), (1, 2, 3, 4)}
M(B) = 
[[3, 4, 1, 2]]
Distance: 20
M(A) inter A:
{(3, 2, 4, 1), (1, 3, 2, 4), (3, 2, 1, 4)}
M(B) inter B:
{(3, 2, 4, 1), (2, 1, 3, 4), (1, 3, 2, 4), (3, 2, 1, 4)}

AUB = 
{(3, 1, 4, 2), (4, 2, 1, 3), (3, 4, 1, 2), (3, 4, 2, 1), (4, 3, 1, 2), (1, 2, 3, 4), (1, 3, 4, 2), (3, 2, 4, 1), (2, 1, 3, 4), (4, 1, 3, 2), (4, 3, 2, 1), (3, 2, 1, 4), (1, 3, 2, 4)}
M(AUB) = 
[[3, 4, 1, 2]]
Distance:30

(60)
A = 
{(2, 1, 4, 3), (1, 3, 2, 4), (1, 2, 3, 4), (3, 1, 2, 4), (1, 2, 4, 3), (2, 4, 1, 3), (3, 2, 1, 4), (4, 3, 1, 2)}
M(A) = 
[[1, 3, 2, 4]]
Distance: 17
B = 
{(1, 3, 2, 4), (1, 2, 4, 3), (4, 3, 1, 2), (1, 4, 3, 2), (3, 2, 4, 1), (4, 1, 3, 2), (2, 1, 4, 3), (2, 4, 1, 3)}
M(B) = 
[[1, 3, 2, 4]]
Distance: 19
M(A) inter A:
{(1, 2, 4, 3)}
M(B) inter B:
{(1, 2, 4, 3), (1, 4, 3, 2), (4, 1, 3, 2)}

AUB = 
{(1, 3, 2, 4), (3, 2, 4, 1), (4, 3, 1, 2), (1, 2, 3, 4), (1, 4, 3, 2), (3, 2, 1, 4), (1, 2, 4, 3), (4, 1, 3, 2), (2, 4, 1, 3), (3, 1, 2, 4), (2, 1, 4, 3)}
M(AUB) = 
[[1, 3, 2, 4]]
Distance:25

(61)
A = 
{(4, 1, 2, 3), (3, 1, 4, 2), (1, 4, 3, 2), (1, 2, 4, 3), (2, 1, 3, 4), (4, 1, 3, 2), (3, 1, 2, 4), (2, 1, 4, 3)}
M(A) = 
[[1, 4, 3, 2]]
Distance: 17
B = 
{(4, 2, 1, 3), (1, 3, 2, 4), (3, 1, 4, 2), (1, 3, 4, 2), (1, 2, 4, 3), (2, 3, 4, 1), (4, 3, 1, 2), (4, 1, 3, 2)}
M(B) = 
[[1, 4, 3, 2]]
Distance: 19
M(A) inter A:
{(1, 4, 3, 2), (4, 1, 3, 2)}
M(B) inter B:
{(1, 3, 4, 2), (4, 1, 3, 2)}

AUB = 
{(4, 1, 2, 3), (1, 3, 2, 4), (3, 1, 4, 2), (4, 3, 1, 2), (2, 3, 4, 1), (1, 4, 3, 2), (1, 3, 4, 2), (1, 2, 4, 3), (2, 1, 3, 4), (4, 2, 1, 3), (2, 1, 4, 3), (3, 1, 2, 4), (4, 1, 3, 2)}
M(AUB) = 
[[1, 4, 3, 2]]
Distance:31

(62)
A = 
{(2, 3, 1, 4), (1, 2, 3, 4), (3, 2, 4, 1), (4, 3, 1, 2), (3, 4, 2, 1), (4, 2, 3, 1), (3, 2, 1, 4), (2, 1, 4, 3)}
M(A) = 
[[2, 3, 1, 4], [2, 3, 4, 1]]
Distance: 18
B = 
{(2, 3, 1, 4), (1, 3, 4, 2), (1, 2, 4, 3), (4, 1, 2, 3), (2, 3, 4, 1), (4, 3, 1, 2), (3, 1, 2, 4), (2, 4, 1, 3)}
M(B) = 
[[2, 3, 1, 4], [2, 3, 4, 1]]
Distance: 21
M(A) inter A:
{(1, 2, 3, 4)}
M(B) inter B:
{(1, 2, 4, 3)}

AUB = 
{(2, 4, 1, 3), (2, 3, 1, 4), (1, 2, 3, 4), (3, 4, 2, 1), (1, 2, 4, 3), (1, 3, 4, 2), (3, 1, 2, 4), (3, 2, 4, 1), (4, 1, 2, 3), (2, 3, 4, 1), (4, 2, 3, 1), (2, 1, 4, 3), (3, 2, 1, 4), (4, 3, 1, 2)}
M(AUB) = 
[[2, 3, 1, 4], [2, 3, 4, 1]]
Distance:36

(63)
A = 
{(2, 1, 3, 4), (1, 2, 3, 4), (1, 4, 3, 2), (3, 2, 4, 1), (4, 2, 1, 3), (4, 2, 3, 1), (3, 2, 1, 4), (4, 1, 3, 2)}
M(A) = 
[[3, 4, 2, 1], [4, 1, 3, 2], [4, 2, 1, 3], [4, 3, 2, 1]]
Distance: 22
B = 
{(2, 1, 3, 4), (1, 3, 2, 4), (3, 4, 1, 2), (1, 4, 2, 3), (3, 4, 2, 1), (4, 1, 3, 2), (4, 3, 2, 1), (2, 4, 1, 3)}
M(B) = 
[[3, 4, 2, 1], [4, 1, 3, 2], [4, 2, 1, 3], [4, 3, 2, 1]]
Distance: 20
M(A) inter A:
{(4, 1, 3, 2)}
M(B) inter B:
{(4, 1, 3, 2)}

AUB = 
{(2, 4, 1, 3), (3, 4, 1, 2), (2, 1, 3, 4), (1, 3, 2, 4), (1, 2, 3, 4), (4, 3, 2, 1), (1, 4, 2, 3), (1, 4, 3, 2), (3, 2, 4, 1), (4, 2, 1, 3), (3, 4, 2, 1), (4, 2, 3, 1), (3, 2, 1, 4), (4, 1, 3, 2)}
M(AUB) = 
[[3, 4, 2, 1], [4, 1, 3, 2], [4, 2, 1, 3], [4, 3, 2, 1]]
Distance:39

(64)
A = 
{(2, 3, 1, 4), (3, 4, 1, 2), (1, 2, 3, 4), (1, 4, 3, 2), (4, 1, 2, 3), (2, 4, 1, 3), (3, 1, 2, 4), (1, 3, 2, 4)}
M(A) = 
[[1, 3, 2, 4], [1, 3, 4, 2], [3, 1, 2, 4], [3, 1, 4, 2]]
Distance: 18
B = 
{(3, 1, 4, 2), (3, 2, 4, 1), (4, 3, 1, 2), (1, 3, 4, 2), (1, 2, 4, 3), (4, 2, 3, 1), (3, 1, 2, 4), (1, 2, 3, 4)}
M(B) = 
[[1, 3, 2, 4], [1, 3, 4, 2], [3, 1, 2, 4], [3, 1, 4, 2]]
Distance: 18
M(A) inter A:
{(3, 1, 2, 4)}
M(B) inter B:
{(3, 1, 2, 4), (3, 1, 4, 2)}

AUB = 
{(3, 1, 4, 2), (2, 3, 1, 4), (1, 3, 2, 4), (3, 4, 1, 2), (1, 2, 4, 3), (4, 3, 1, 2), (4, 2, 3, 1), (1, 4, 3, 2), (1, 3, 4, 2), (3, 2, 4, 1), (4, 1, 2, 3), (2, 4, 1, 3), (3, 1, 2, 4), (1, 2, 3, 4)}
M(AUB) = 
[[1, 3, 2, 4], [1, 3, 4, 2], [3, 1, 2, 4], [3, 1, 4, 2]]
Distance:36

(65)
A = 
{(3, 1, 4, 2), (4, 1, 2, 3), (1, 2, 3, 4), (1, 3, 4, 2), (3, 4, 2, 1), (2, 3, 4, 1), (4, 2, 3, 1), (4, 3, 1, 2)}
M(A) = 
[[3, 1, 4, 2]]
Distance: 18
B = 
{(2, 3, 1, 4), (3, 4, 1, 2), (1, 4, 2, 3), (2, 4, 3, 1), (3, 1, 2, 4), (1, 2, 4, 3), (2, 3, 4, 1), (3, 2, 1, 4)}
M(B) = 
[[3, 1, 4, 2]]
Distance: 17
M(A) inter A:
set()
M(B) inter B:
{(2, 3, 1, 4)}

AUB = 
{(4, 1, 2, 3), (3, 4, 1, 2), (3, 1, 4, 2), (1, 4, 2, 3), (4, 3, 1, 2), (1, 2, 4, 3), (2, 4, 3, 1), (1, 3, 4, 2), (3, 2, 1, 4), (3, 4, 2, 1), (2, 3, 1, 4), (2, 3, 4, 1), (4, 2, 3, 1), (3, 1, 2, 4), (1, 2, 3, 4)}
M(AUB) = 
[[3, 1, 4, 2]]
Distance:39

(66)
A = 
{(3, 1, 4, 2), (4, 3, 2, 1), (1, 3, 2, 4), (1, 4, 3, 2), (1, 2, 4, 3), (4, 2, 1, 3), (4, 1, 3, 2), (4, 3, 1, 2)}
M(A) = 
[[1, 2, 4, 3], [1, 3, 2, 4], [1, 4, 3, 2], [2, 1, 4, 3], [2, 4, 1, 3], [2, 4, 3, 1], [3, 1, 2, 4], [3, 2, 1, 4], [3, 2, 4, 1], [4, 1, 3, 2], [4, 3, 1, 2], [4, 3, 2, 1]]
Distance: 15
B = 
{(1, 3, 2, 4), (2, 4, 3, 1), (1, 2, 3, 4), (3, 2, 4, 1), (2, 3, 4, 1), (2, 1, 4, 3), (3, 2, 1, 4), (4, 1, 3, 2)}
M(B) = 
[[1, 2, 4, 3], [1, 3, 2, 4], [1, 4, 3, 2], [2, 1, 4, 3], [2, 4, 1, 3], [2, 4, 3, 1], [3, 1, 2, 4], [3, 2, 1, 4], [3, 2, 4, 1], [4, 1, 3, 2], [4, 3, 1, 2], [4, 3, 2, 1]]
Distance: 19
M(A) inter A:
set()
M(B) inter B:
{(3, 2, 4, 1), (3, 2, 1, 4), (2, 3, 4, 1)}

AUB = 
{(2, 3, 4, 1), (4, 2, 1, 3), (3, 1, 4, 2), (3, 2, 4, 1), (4, 3, 1, 2), (1, 2, 3, 4), (1, 4, 3, 2), (1, 2, 4, 3), (2, 4, 3, 1), (4, 1, 3, 2), (4, 3, 2, 1), (2, 1, 4, 3), (3, 2, 1, 4), (1, 3, 2, 4)}
M(AUB) = 
[[1, 2, 4, 3], [1, 3, 2, 4], [1, 4, 3, 2], [2, 1, 4, 3], [2, 4, 1, 3], [2, 4, 3, 1], [3, 1, 2, 4], [3, 2, 1, 4], [3, 2, 4, 1], [4, 1, 3, 2], [4, 3, 1, 2], [4, 3, 2, 1]]
Distance:41

(67)
A = 
{(2, 4, 1, 3), (3, 4, 1, 2), (1, 2, 4, 3), (1, 4, 3, 2), (3, 2, 4, 1), (4, 3, 2, 1), (3, 2, 1, 4), (4, 1, 3, 2)}
M(A) = 
[[4, 1, 3, 2]]
Distance: 20
B = 
{(4, 1, 2, 3), (1, 2, 4, 3), (1, 3, 4, 2), (1, 4, 3, 2), (1, 4, 2, 3), (4, 3, 1, 2), (3, 1, 2, 4), (2, 4, 1, 3)}
M(B) = 
[[4, 1, 3, 2]]
Distance: 15
M(A) inter A:
{(1, 4, 3, 2)}
M(B) inter B:
{(1, 4, 2, 3), (1, 4, 3, 2)}

AUB = 
{(4, 1, 2, 3), (3, 4, 1, 2), (3, 2, 4, 1), (4, 3, 1, 2), (1, 4, 3, 2), (1, 3, 4, 2), (1, 2, 4, 3), (1, 4, 2, 3), (3, 1, 2, 4), (4, 1, 3, 2), (4, 3, 2, 1), (3, 2, 1, 4), (2, 4, 1, 3)}
M(AUB) = 
[[4, 1, 3, 2]]
Distance:30

(68)
A = 
{(3, 1, 4, 2), (3, 4, 1, 2), (1, 2, 3, 4), (3, 4, 2, 1), (3, 2, 4, 1), (4, 1, 3, 2), (3, 1, 2, 4), (4, 3, 1, 2)}
M(A) = 
[[3, 1, 4, 2], [3, 4, 1, 2]]
Distance: 13
B = 
{(2, 3, 1, 4), (1, 3, 2, 4), (1, 3, 4, 2), (1, 4, 2, 3), (4, 2, 1, 3), (2, 3, 4, 1), (4, 3, 1, 2), (3, 1, 4, 2)}
M(B) = 
[[3, 1, 4, 2], [3, 4, 1, 2]]
Distance: 20
M(A) inter A:
{(3, 1, 4, 2)}
M(B) inter B:
{(1, 3, 4, 2), (3, 1, 4, 2)}

AUB = 
{(2, 3, 1, 4), (1, 3, 2, 4), (3, 1, 4, 2), (3, 2, 4, 1), (4, 3, 1, 2), (1, 2, 3, 4), (1, 3, 4, 2), (3, 4, 2, 1), (4, 2, 1, 3), (1, 4, 2, 3), (2, 3, 4, 1), (4, 1, 3, 2), (3, 1, 2, 4), (3, 4, 1, 2)}
M(AUB) = 
[[3, 1, 4, 2], [3, 4, 1, 2]]
Distance:33

(69)
A = 
{(4, 1, 2, 3), (3, 4, 1, 2), (1, 2, 3, 4), (1, 3, 4, 2), (3, 4, 2, 1), (2, 3, 1, 4), (2, 4, 1, 3), (1, 3, 2, 4)}
M(A) = 
[[2, 1, 3, 4], [2, 3, 4, 1]]
Distance: 20
B = 
{(2, 3, 1, 4), (4, 3, 2, 1), (4, 1, 2, 3), (3, 2, 4, 1), (2, 1, 3, 4), (2, 4, 3, 1), (2, 1, 4, 3), (2, 4, 1, 3)}
M(B) = 
[[2, 1, 3, 4], [2, 3, 4, 1]]
Distance: 15
M(A) inter A:
{(2, 4, 1, 3)}
M(B) inter B:
{(2, 4, 1, 3), (2, 4, 3, 1)}

AUB = 
{(4, 1, 2, 3), (1, 3, 2, 4), (3, 4, 1, 2), (4, 3, 2, 1), (3, 2, 4, 1), (1, 3, 4, 2), (3, 4, 2, 1), (2, 3, 1, 4), (2, 4, 3, 1), (2, 1, 3, 4), (2, 4, 1, 3), (2, 1, 4, 3), (1, 2, 3, 4)}
M(AUB) = 
[[2, 1, 3, 4], [2, 3, 4, 1]]
Distance:34

(70)
A = 
{(3, 1, 4, 2), (4, 2, 1, 3), (3, 4, 1, 2), (1, 2, 3, 4), (1, 4, 2, 3), (3, 4, 2, 1), (4, 1, 2, 3), (4, 1, 3, 2)}
M(A) = 
[[4, 1, 2, 3]]
Distance: 17
B = 
{(4, 2, 3, 1), (1, 4, 2, 3), (4, 3, 1, 2), (1, 2, 4, 3), (4, 2, 1, 3), (4, 1, 3, 2), (3, 2, 1, 4), (2, 4, 1, 3)}
M(B) = 
[[4, 1, 2, 3]]
Distance: 17
M(A) inter A:
{(4, 1, 2, 3), (4, 2, 1, 3)}
M(B) inter B:
{(4, 2, 1, 3)}

AUB = 
{(2, 4, 1, 3), (4, 2, 1, 3), (3, 1, 4, 2), (3, 4, 2, 1), (4, 3, 1, 2), (1, 2, 4, 3), (1, 2, 3, 4), (4, 2, 3, 1), (1, 4, 2, 3), (4, 1, 2, 3), (4, 1, 3, 2), (3, 2, 1, 4), (3, 4, 1, 2)}
M(AUB) = 
[[4, 1, 2, 3]]
Distance:31

(71)
A = 
{(2, 3, 1, 4), (1, 3, 2, 4), (1, 2, 4, 3), (3, 2, 4, 1), (2, 1, 3, 4), (2, 4, 3, 1), (4, 3, 2, 1), (2, 4, 1, 3)}
M(A) = 
[[2, 1, 4, 3]]
Distance: 18
B = 
{(4, 1, 2, 3), (1, 2, 3, 4), (2, 3, 1, 4), (1, 4, 3, 2), (2, 1, 3, 4), (2, 4, 3, 1), (4, 2, 3, 1), (2, 1, 4, 3)}
M(B) = 
[[2, 1, 4, 3]]
Distance: 16
M(A) inter A:
set()
M(B) inter B:
{(2, 1, 4, 3)}

AUB = 
{(2, 3, 1, 4), (1, 3, 2, 4), (3, 2, 4, 1), (1, 2, 3, 4), (4, 2, 3, 1), (1, 4, 3, 2), (4, 1, 2, 3), (1, 2, 4, 3), (2, 1, 3, 4), (2, 4, 3, 1), (4, 3, 2, 1), (2, 1, 4, 3), (2, 4, 1, 3)}
M(AUB) = 
[[2, 1, 4, 3]]
Distance:29

(72)
A = 
{(2, 4, 1, 3), (4, 1, 2, 3), (3, 4, 1, 2), (4, 2, 3, 1), (1, 4, 3, 2), (2, 4, 3, 1), (4, 3, 2, 1), (4, 1, 3, 2)}
M(A) = 
[[4, 1, 2, 3]]
Distance: 16
B = 
{(2, 4, 1, 3), (4, 2, 3, 1), (1, 4, 2, 3), (4, 3, 1, 2), (1, 2, 4, 3), (2, 3, 4, 1), (2, 1, 4, 3), (4, 1, 3, 2)}
M(B) = 
[[4, 1, 2, 3]]
Distance: 17
M(A) inter A:
{(4, 1, 2, 3), (2, 4, 1, 3)}
M(B) inter B:
{(2, 4, 1, 3)}

AUB = 
{(4, 1, 2, 3), (3, 4, 1, 2), (1, 2, 4, 3), (4, 3, 1, 2), (2, 3, 4, 1), (1, 4, 3, 2), (1, 4, 2, 3), (4, 3, 2, 1), (2, 4, 3, 1), (4, 1, 3, 2), (4, 2, 3, 1), (2, 1, 4, 3), (2, 4, 1, 3)}
M(AUB) = 
[[4, 1, 2, 3]]
Distance:28

(73)
A = 
{(4, 1, 2, 3), (3, 4, 1, 2), (1, 3, 4, 2), (3, 2, 4, 1), (2, 3, 1, 4), (4, 2, 3, 1), (3, 1, 2, 4), (2, 4, 1, 3)}
M(A) = 
[[1, 3, 4, 2]]
Distance: 21
B = 
{(4, 2, 1, 3), (1, 3, 2, 4), (1, 4, 2, 3), (1, 4, 3, 2), (1, 3, 4, 2), (3, 4, 2, 1), (3, 2, 1, 4), (2, 1, 4, 3)}
M(B) = 
[[1, 3, 4, 2]]
Distance: 18
M(A) inter A:
{(1, 3, 4, 2)}
M(B) inter B:
{(1, 3, 4, 2), (1, 4, 3, 2)}

AUB = 
{(4, 1, 2, 3), (1, 3, 2, 4), (3, 4, 1, 2), (1, 4, 2, 3), (3, 2, 1, 4), (1, 3, 4, 2), (1, 4, 3, 2), (3, 2, 4, 1), (2, 3, 1, 4), (4, 2, 1, 3), (3, 4, 2, 1), (4, 2, 3, 1), (2, 1, 4, 3), (3, 1, 2, 4), (2, 4, 1, 3)}
M(AUB) = 
[[1, 3, 4, 2]]
Distance:43

(74)
A = 
{(4, 1, 2, 3), (3, 1, 4, 2), (1, 4, 2, 3), (1, 4, 3, 2), (1, 2, 4, 3), (4, 2, 1, 3), (2, 1, 4, 3), (1, 3, 2, 4)}
M(A) = 
[[3, 1, 2, 4], [3, 1, 4, 2], [3, 2, 1, 4]]
Distance: 13
B = 
{(2, 3, 1, 4), (3, 4, 2, 1), (3, 2, 1, 4), (3, 2, 4, 1), (2, 3, 4, 1), (4, 3, 2, 1), (3, 1, 2, 4), (4, 3, 1, 2)}
M(B) = 
[[3, 1, 2, 4], [3, 1, 4, 2], [3, 2, 1, 4]]
Distance: 12
M(A) inter A:
set()
M(B) inter B:
{(3, 2, 4, 1)}

AUB = 
{(4, 1, 2, 3), (1, 3, 2, 4), (3, 1, 4, 2), (1, 2, 4, 3), (4, 3, 1, 2), (2, 3, 1, 4), (1, 4, 3, 2), (3, 1, 2, 4), (1, 4, 2, 3), (4, 2, 1, 3), (3, 2, 4, 1), (2, 3, 4, 1), (3, 4, 2, 1), (4, 3, 2, 1), (3, 2, 1, 4), (2, 1, 4, 3)}
M(AUB) = 
[[3, 1, 2, 4], [3, 1, 4, 2], [3, 2, 1, 4]]
Distance:45

(75)
A = 
{(3, 1, 4, 2), (4, 1, 2, 3), (3, 4, 1, 2), (1, 4, 2, 3), (3, 4, 2, 1), (4, 2, 1, 3), (4, 2, 3, 1), (4, 3, 1, 2)}
M(A) = 
[[4, 1, 3, 2]]
Distance: 15
B = 
{(4, 2, 1, 3), (3, 4, 1, 2), (1, 3, 2, 4), (1, 2, 4, 3), (1, 2, 3, 4), (1, 4, 2, 3), (3, 2, 1, 4), (4, 1, 3, 2)}
M(B) = 
[[4, 1, 3, 2]]
Distance: 19
M(A) inter A:
{(1, 4, 2, 3)}
M(B) inter B:
{(1, 4, 2, 3), (1, 3, 2, 4), (1, 2, 3, 4), (1, 2, 4, 3)}

AUB = 
{(4, 1, 2, 3), (1, 3, 2, 4), (3, 1, 4, 2), (3, 4, 2, 1), (4, 3, 1, 2), (1, 2, 4, 3), (1, 2, 3, 4), (1, 4, 2, 3), (4, 2, 1, 3), (4, 1, 3, 2), (4, 2, 3, 1), (3, 2, 1, 4), (3, 4, 1, 2)}
M(AUB) = 
[[4, 1, 3, 2]]
Distance:32

(76)
A = 
{(2, 3, 1, 4), (1, 2, 3, 4), (4, 3, 1, 2), (1, 2, 4, 3), (2, 4, 3, 1), (2, 4, 1, 3), (3, 1, 2, 4), (1, 3, 2, 4)}
M(A) = 
[[3, 1, 2, 4]]
Distance: 18
B = 
{(2, 4, 1, 3), (2, 3, 1, 4), (1, 2, 3, 4), (1, 4, 3, 2), (1, 3, 4, 2), (3, 4, 2, 1), (4, 2, 3, 1), (3, 4, 1, 2)}
M(B) = 
[[3, 1, 2, 4]]
Distance: 22
M(A) inter A:
set()
M(B) inter B:
{(3, 4, 2, 1), (3, 4, 1, 2), (1, 3, 4, 2)}

AUB = 
{(3, 4, 1, 2), (2, 3, 1, 4), (1, 3, 2, 4), (1, 2, 3, 4), (3, 4, 2, 1), (4, 2, 3, 1), (1, 4, 3, 2), (1, 3, 4, 2), (1, 2, 4, 3), (2, 4, 3, 1), (2, 4, 1, 3), (3, 1, 2, 4), (4, 3, 1, 2)}
M(AUB) = 
[[3, 1, 2, 4]]
Distance:35

(77)
A = 
{(2, 1, 3, 4), (3, 4, 1, 2), (3, 4, 2, 1), (1, 3, 4, 2), (3, 2, 4, 1), (4, 2, 1, 3), (4, 2, 3, 1), (3, 2, 1, 4)}
M(A) = 
[[3, 4, 2, 1]]
Distance: 16
B = 
{(4, 1, 2, 3), (3, 4, 1, 2), (1, 4, 3, 2), (3, 4, 2, 1), (2, 1, 3, 4), (4, 3, 2, 1), (3, 1, 2, 4), (3, 1, 4, 2)}
M(B) = 
[[3, 4, 2, 1]]
Distance: 17
M(A) inter A:
{(3, 4, 1, 2)}
M(B) inter B:
{(3, 1, 4, 2), (3, 4, 1, 2)}

AUB = 
{(2, 1, 3, 4), (3, 4, 1, 2), (4, 3, 2, 1), (3, 2, 4, 1), (1, 3, 4, 2), (1, 4, 3, 2), (4, 1, 2, 3), (3, 4, 2, 1), (4, 2, 1, 3), (3, 1, 2, 4), (4, 2, 3, 1), (3, 2, 1, 4), (3, 1, 4, 2)}
M(AUB) = 
[[3, 4, 2, 1]]
Distance:30

(78)
A = 
{(2, 4, 1, 3), (4, 3, 2, 1), (1, 4, 3, 2), (1, 4, 2, 3), (2, 3, 1, 4), (4, 2, 3, 1), (3, 2, 1, 4), (4, 3, 1, 2)}
M(A) = 
[[3, 4, 2, 1], [4, 3, 2, 1]]
Distance: 19
B = 
{(4, 2, 1, 3), (3, 4, 1, 2), (3, 2, 4, 1), (1, 3, 4, 2), (3, 4, 2, 1), (2, 3, 4, 1), (3, 2, 1, 4), (4, 3, 1, 2)}
M(B) = 
[[3, 4, 2, 1], [4, 3, 2, 1]]
Distance: 14
M(A) inter A:
set()
M(B) inter B:
{(3, 4, 2, 1)}

AUB = 
{(2, 3, 1, 4), (3, 4, 1, 2), (3, 2, 4, 1), (4, 3, 1, 2), (4, 2, 3, 1), (1, 4, 3, 2), (1, 3, 4, 2), (1, 4, 2, 3), (4, 2, 1, 3), (2, 3, 4, 1), (3, 4, 2, 1), (4, 3, 2, 1), (3, 2, 1, 4), (2, 4, 1, 3)}
M(AUB) = 
[[3, 4, 2, 1], [4, 3, 2, 1]]
Distance:33

(79)
A = 
{(2, 1, 4, 3), (1, 3, 2, 4), (3, 2, 1, 4), (3, 4, 2, 1), (2, 3, 1, 4), (4, 3, 2, 1), (3, 1, 2, 4), (2, 4, 1, 3)}
M(A) = 
[[2, 1, 3, 4], [3, 2, 1, 4]]
Distance: 16
B = 
{(2, 1, 3, 4), (3, 1, 4, 2), (3, 2, 4, 1), (2, 3, 1, 4), (1, 3, 4, 2), (4, 1, 2, 3), (1, 2, 4, 3), (4, 2, 1, 3)}
M(B) = 
[[2, 1, 3, 4], [3, 2, 1, 4]]
Distance: 20
M(A) inter A:
set()
M(B) inter B:
{(2, 1, 3, 4)}

AUB = 
{(2, 4, 1, 3), (3, 1, 4, 2), (2, 3, 1, 4), (1, 3, 2, 4), (3, 2, 4, 1), (1, 2, 4, 3), (1, 3, 4, 2), (3, 1, 2, 4), (4, 1, 2, 3), (3, 4, 2, 1), (2, 1, 3, 4), (4, 2, 1, 3), (4, 3, 2, 1), (3, 2, 1, 4), (2, 1, 4, 3)}
M(AUB) = 
[[2, 1, 3, 4], [3, 2, 1, 4]]
Distance:39

(80)
A = 
{(2, 3, 1, 4), (1, 3, 2, 4), (1, 2, 3, 4), (1, 4, 3, 2), (1, 4, 2, 3), (2, 1, 4, 3), (3, 2, 1, 4), (2, 4, 1, 3)}
M(A) = 
[[1, 2, 4, 3]]
Distance: 16
B = 
{(4, 3, 2, 1), (3, 4, 1, 2), (3, 1, 2, 4), (1, 2, 4, 3), (2, 4, 3, 1), (4, 3, 1, 2), (3, 2, 1, 4), (2, 4, 1, 3)}
M(B) = 
[[1, 2, 4, 3]]
Distance: 20
M(A) inter A:
set()
M(B) inter B:
{(4, 3, 2, 1), (2, 4, 3, 1), (4, 3, 1, 2)}

AUB = 
{(2, 4, 1, 3), (2, 3, 1, 4), (3, 4, 1, 2), (1, 3, 2, 4), (1, 2, 4, 3), (4, 3, 1, 2), (1, 4, 3, 2), (3, 1, 2, 4), (1, 4, 2, 3), (4, 3, 2, 1), (2, 4, 3, 1), (2, 1, 4, 3), (3, 2, 1, 4), (1, 2, 3, 4)}
M(AUB) = 
[[1, 2, 4, 3]]
Distance:36

(81)
A = 
{(4, 2, 1, 3), (3, 4, 1, 2), (3, 2, 4, 1), (1, 4, 3, 2), (3, 4, 2, 1), (4, 3, 1, 2), (3, 2, 1, 4), (2, 4, 1, 3)}
M(A) = 
[[2, 4, 3, 1]]
Distance: 17
B = 
{(2, 3, 1, 4), (4, 3, 1, 2), (2, 4, 3, 1), (3, 2, 4, 1), (2, 3, 4, 1), (4, 2, 3, 1), (3, 2, 1, 4), (2, 1, 4, 3)}
M(B) = 
[[2, 4, 3, 1]]
Distance: 14
M(A) inter A:
set()
M(B) inter B:
{(2, 3, 4, 1), (2, 4, 3, 1)}

AUB = 
{(4, 2, 1, 3), (3, 4, 1, 2), (3, 4, 2, 1), (2, 3, 4, 1), (4, 2, 3, 1), (1, 4, 3, 2), (3, 2, 4, 1), (2, 3, 1, 4), (2, 4, 3, 1), (2, 4, 1, 3), (2, 1, 4, 3), (3, 2, 1, 4), (4, 3, 1, 2)}
M(AUB) = 
[[2, 4, 3, 1]]
Distance:29

(82)
A = 
{(4, 3, 2, 1), (3, 1, 4, 2), (3, 4, 2, 1), (1, 3, 4, 2), (1, 4, 2, 3), (4, 3, 1, 2), (3, 1, 2, 4), (4, 1, 3, 2)}
M(A) = 
[[3, 4, 1, 2]]
Distance: 15
B = 
{(4, 2, 1, 3), (3, 4, 1, 2), (3, 1, 4, 2), (4, 2, 3, 1), (3, 2, 4, 1), (4, 3, 2, 1), (3, 2, 1, 4), (4, 1, 3, 2)}
M(B) = 
[[3, 4, 1, 2]]
Distance: 15
M(A) inter A:
{(3, 4, 2, 1), (4, 3, 2, 1)}
M(B) inter B:
{(4, 3, 2, 1)}

AUB = 
{(4, 2, 1, 3), (3, 4, 1, 2), (3, 1, 4, 2), (1, 4, 2, 3), (4, 2, 3, 1), (1, 3, 4, 2), (3, 2, 1, 4), (3, 4, 2, 1), (3, 2, 4, 1), (4, 1, 3, 2), (4, 3, 2, 1), (3, 1, 2, 4), (4, 3, 1, 2)}
M(AUB) = 
[[3, 4, 1, 2]]
Distance:27

(83)
A = 
{(4, 1, 2, 3), (3, 4, 1, 2), (1, 4, 3, 2), (1, 2, 4, 3), (2, 1, 3, 4), (2, 4, 3, 1), (4, 3, 2, 1), (3, 1, 2, 4)}
M(A) = 
[[2, 3, 4, 1], [2, 4, 3, 1], [4, 2, 3, 1]]
Distance: 22
B = 
{(2, 1, 3, 4), (4, 3, 2, 1), (2, 3, 4, 1), (3, 4, 2, 1), (2, 3, 1, 4), (4, 2, 1, 3), (4, 2, 3, 1), (3, 2, 1, 4)}
M(B) = 
[[2, 3, 4, 1], [2, 4, 3, 1], [4, 2, 3, 1]]
Distance: 15
M(A) inter A:
set()
M(B) inter B:
{(2, 3, 4, 1)}

AUB = 
{(4, 1, 2, 3), (3, 4, 1, 2), (3, 4, 2, 1), (2, 3, 4, 1), (4, 2, 3, 1), (1, 4, 3, 2), (3, 2, 1, 4), (1, 2, 4, 3), (2, 1, 3, 4), (4, 2, 1, 3), (2, 4, 3, 1), (4, 3, 2, 1), (3, 1, 2, 4), (2, 3, 1, 4)}
M(AUB) = 
[[2, 3, 4, 1], [2, 4, 3, 1], [4, 2, 3, 1]]
Distance:36

(84)
A = 
{(2, 1, 4, 3), (3, 1, 4, 2), (4, 3, 1, 2), (1, 4, 3, 2), (1, 2, 4, 3), (4, 3, 2, 1), (3, 1, 2, 4), (4, 1, 3, 2)}
M(A) = 
[[3, 2, 1, 4]]
Distance: 16
B = 
{(2, 1, 3, 4), (1, 2, 3, 4), (2, 3, 1, 4), (3, 2, 4, 1), (4, 2, 1, 3), (2, 3, 4, 1), (3, 2, 1, 4), (2, 1, 4, 3)}
M(B) = 
[[3, 2, 1, 4]]
Distance: 13
M(A) inter A:
set()
M(B) inter B:
{(2, 1, 3, 4), (2, 3, 1, 4)}

AUB = 
{(2, 3, 4, 1), (4, 3, 2, 1), (3, 1, 4, 2), (3, 2, 4, 1), (1, 2, 3, 4), (1, 4, 3, 2), (3, 2, 1, 4), (1, 2, 4, 3), (2, 3, 1, 4), (2, 1, 3, 4), (4, 2, 1, 3), (4, 1, 3, 2), (4, 3, 1, 2), (3, 1, 2, 4), (2, 1, 4, 3)}
M(AUB) = 
[[3, 2, 1, 4]]
Distance:40

(85)
A = 
{(4, 2, 1, 3), (3, 1, 4, 2), (1, 4, 2, 3), (2, 4, 3, 1), (3, 4, 2, 1), (2, 3, 4, 1), (4, 3, 1, 2), (2, 1, 4, 3)}
M(A) = 
[[4, 2, 1, 3]]
Distance: 18
B = 
{(4, 1, 2, 3), (1, 4, 3, 2), (4, 2, 1, 3), (2, 4, 3, 1), (2, 1, 3, 4), (4, 1, 3, 2), (4, 3, 2, 1), (2, 1, 4, 3)}
M(B) = 
[[4, 2, 1, 3]]
Distance: 15
M(A) inter A:
{(4, 2, 1, 3)}
M(B) inter B:
{(4, 2, 1, 3)}

AUB = 
{(4, 2, 1, 3), (3, 1, 4, 2), (4, 3, 2, 1), (3, 4, 2, 1), (2, 3, 4, 1), (1, 4, 3, 2), (1, 4, 2, 3), (4, 1, 2, 3), (2, 4, 3, 1), (2, 1, 3, 4), (4, 1, 3, 2), (2, 1, 4, 3), (4, 3, 1, 2)}
M(AUB) = 
[[4, 2, 1, 3]]
Distance:31

(86)
A = 
{(4, 2, 1, 3), (2, 3, 1, 4), (3, 4, 2, 1), (4, 3, 2, 1), (2, 4, 3, 1), (4, 2, 3, 1), (3, 2, 1, 4), (2, 1, 4, 3)}
M(A) = 
[[2, 1, 4, 3], [2, 4, 1, 3], [2, 4, 3, 1], [4, 2, 1, 3], [4, 2, 3, 1]]
Distance: 15
B = 
{(1, 2, 3, 4), (1, 4, 2, 3), (1, 3, 4, 2), (1, 2, 4, 3), (2, 3, 4, 1), (2, 1, 4, 3), (3, 2, 1, 4), (4, 1, 3, 2)}
M(B) = 
[[2, 1, 4, 3], [2, 4, 1, 3], [2, 4, 3, 1], [4, 2, 1, 3], [4, 2, 3, 1]]
Distance: 17
M(A) inter A:
set()
M(B) inter B:
{(1, 2, 4, 3), (1, 2, 3, 4)}

AUB = 
{(4, 2, 1, 3), (1, 2, 3, 4), (1, 4, 2, 3), (1, 2, 4, 3), (2, 3, 4, 1), (4, 2, 3, 1), (1, 3, 4, 2), (3, 4, 2, 1), (2, 3, 1, 4), (2, 4, 3, 1), (4, 1, 3, 2), (4, 3, 2, 1), (3, 2, 1, 4), (2, 1, 4, 3)}
M(AUB) = 
[[2, 1, 4, 3], [2, 4, 1, 3], [2, 4, 3, 1], [4, 2, 1, 3], [4, 2, 3, 1]]
Distance:37

(87)
A = 
{(2, 1, 3, 4), (1, 3, 2, 4), (4, 1, 2, 3), (1, 4, 2, 3), (4, 2, 1, 3), (2, 3, 4, 1), (2, 1, 4, 3), (2, 4, 1, 3)}
M(A) = 
[[2, 1, 4, 3]]
Distance: 15
B = 
{(4, 2, 3, 1), (1, 4, 2, 3), (1, 4, 3, 2), (3, 1, 2, 4), (1, 2, 4, 3), (4, 3, 2, 1), (3, 2, 1, 4), (4, 3, 1, 2)}
M(B) = 
[[2, 1, 4, 3]]
Distance: 19
M(A) inter A:
set()
M(B) inter B:
{(1, 4, 3, 2), (4, 3, 1, 2)}

AUB = 
{(2, 1, 3, 4), (1, 3, 2, 4), (4, 3, 2, 1), (1, 2, 4, 3), (4, 3, 1, 2), (2, 3, 4, 1), (4, 2, 3, 1), (1, 4, 3, 2), (3, 2, 1, 4), (1, 4, 2, 3), (4, 1, 2, 3), (4, 2, 1, 3), (2, 4, 1, 3), (3, 1, 2, 4), (2, 1, 4, 3)}
M(AUB) = 
[[2, 1, 4, 3]]
Distance:38

(88)
A = 
{(2, 1, 3, 4), (1, 3, 2, 4), (1, 4, 2, 3), (3, 2, 1, 4), (3, 4, 2, 1), (2, 3, 4, 1), (3, 1, 2, 4), (2, 4, 1, 3)}
M(A) = 
[[2, 1, 3, 4], [2, 1, 4, 3]]
Distance: 18
B = 
{(4, 1, 2, 3), (1, 3, 2, 4), (1, 4, 3, 2), (1, 4, 2, 3), (2, 3, 1, 4), (4, 2, 1, 3), (2, 1, 4, 3), (4, 3, 1, 2)}
M(B) = 
[[2, 1, 3, 4], [2, 1, 4, 3]]
Distance: 16
M(A) inter A:
{(1, 4, 2, 3)}
M(B) inter B:
{(1, 4, 2, 3)}

AUB = 
{(2, 1, 3, 4), (1, 3, 2, 4), (3, 4, 2, 1), (4, 3, 1, 2), (2, 3, 1, 4), (1, 4, 3, 2), (3, 1, 2, 4), (1, 4, 2, 3), (4, 1, 2, 3), (4, 2, 1, 3), (2, 3, 4, 1), (2, 1, 4, 3), (3, 2, 1, 4), (2, 4, 1, 3)}
M(AUB) = 
[[2, 1, 3, 4], [2, 1, 4, 3]]
Distance:37

(89)
A = 
{(2, 3, 1, 4), (3, 1, 4, 2), (3, 2, 4, 1), (1, 4, 3, 2), (1, 2, 4, 3), (2, 1, 3, 4), (2, 4, 3, 1), (1, 3, 2, 4)}
M(A) = 
[[2, 1, 3, 4], [2, 3, 1, 4], [3, 2, 1, 4]]
Distance: 19
B = 
{(2, 1, 3, 4), (3, 1, 2, 4), (1, 2, 4, 3), (2, 3, 1, 4), (2, 4, 3, 1), (2, 1, 4, 3), (3, 2, 1, 4), (2, 4, 1, 3)}
M(B) = 
[[2, 1, 3, 4], [2, 3, 1, 4], [3, 2, 1, 4]]
Distance: 14
M(A) inter A:
{(2, 1, 3, 4), (2, 3, 1, 4)}
M(B) inter B:
{(2, 1, 3, 4), (2, 3, 1, 4), (2, 1, 4, 3)}

AUB = 
{(2, 4, 1, 3), (2, 3, 1, 4), (3, 1, 4, 2), (1, 2, 4, 3), (1, 4, 3, 2), (3, 2, 1, 4), (3, 2, 4, 1), (2, 1, 3, 4), (2, 4, 3, 1), (2, 1, 4, 3), (3, 1, 2, 4), (1, 3, 2, 4)}
M(AUB) = 
[[2, 1, 3, 4], [2, 3, 1, 4], [3, 2, 1, 4]]
Distance:27

(90)
A = 
{(2, 3, 1, 4), (1, 2, 3, 4), (1, 4, 2, 3), (2, 1, 3, 4), (2, 3, 4, 1), (4, 2, 3, 1), (3, 1, 2, 4), (3, 1, 4, 2)}
M(A) = 
[[2, 3, 1, 4]]
Distance: 16
B = 
{(4, 2, 1, 3), (1, 4, 2, 3), (4, 3, 1, 2), (1, 3, 4, 2), (3, 4, 2, 1), (4, 1, 3, 2), (3, 2, 1, 4), (2, 1, 4, 3)}
M(B) = 
[[2, 3, 1, 4]]
Distance: 19
M(A) inter A:
set()
M(B) inter B:
{(4, 1, 3, 2)}

AUB = 
{(2, 3, 1, 4), (1, 2, 3, 4), (3, 4, 2, 1), (4, 3, 1, 2), (1, 3, 4, 2), (3, 2, 1, 4), (1, 4, 2, 3), (2, 1, 3, 4), (4, 2, 1, 3), (2, 3, 4, 1), (4, 1, 3, 2), (4, 2, 3, 1), (2, 1, 4, 3), (3, 1, 2, 4), (3, 1, 4, 2)}
M(AUB) = 
[[2, 3, 1, 4]]
Distance:41

(91)
A = 
{(4, 2, 1, 3), (3, 4, 1, 2), (1, 3, 2, 4), (1, 3, 4, 2), (3, 2, 4, 1), (2, 4, 1, 3), (3, 2, 1, 4), (4, 3, 1, 2)}
M(A) = 
[[2, 3, 4, 1], [3, 2, 4, 1], [3, 4, 2, 1]]
Distance: 20
B = 
{(4, 1, 2, 3), (1, 2, 3, 4), (3, 2, 4, 1), (3, 4, 2, 1), (2, 3, 1, 4), (2, 3, 4, 1), (4, 2, 3, 1), (2, 4, 1, 3)}
M(B) = 
[[2, 3, 4, 1], [3, 2, 4, 1], [3, 4, 2, 1]]
Distance: 15
M(A) inter A:
set()
M(B) inter B:
{(2, 3, 4, 1)}

AUB = 
{(4, 2, 1, 3), (3, 4, 1, 2), (3, 4, 2, 1), (4, 3, 1, 2), (1, 2, 3, 4), (4, 2, 3, 1), (1, 3, 4, 2), (3, 2, 4, 1), (2, 3, 1, 4), (4, 1, 2, 3), (2, 3, 4, 1), (2, 4, 1, 3), (3, 2, 1, 4), (1, 3, 2, 4)}
M(AUB) = 
[[2, 3, 4, 1], [3, 2, 4, 1], [3, 4, 2, 1]]
Distance:36

(92)
A = 
{(2, 1, 3, 4), (1, 2, 4, 3), (1, 4, 2, 3), (4, 3, 2, 1), (2, 3, 4, 1), (4, 2, 3, 1), (3, 1, 2, 4), (2, 1, 4, 3)}
M(A) = 
[[2, 1, 3, 4]]
Distance: 18
B = 
{(4, 2, 1, 3), (1, 2, 3, 4), (3, 4, 2, 1), (1, 4, 3, 2), (1, 3, 4, 2), (1, 4, 2, 3), (3, 2, 1, 4), (3, 4, 1, 2)}
M(B) = 
[[2, 1, 3, 4]]
Distance: 17
M(A) inter A:
set()
M(B) inter B:
{(1, 3, 4, 2)}

AUB = 
{(2, 1, 3, 4), (3, 4, 1, 2), (1, 2, 3, 4), (1, 4, 2, 3), (3, 2, 1, 4), (4, 2, 3, 1), (1, 4, 3, 2), (1, 3, 4, 2), (1, 2, 4, 3), (4, 2, 1, 3), (2, 3, 4, 1), (3, 4, 2, 1), (4, 3, 2, 1), (3, 1, 2, 4), (2, 1, 4, 3)}
M(AUB) = 
[[2, 1, 3, 4]]
Distance:42

(93)
A = 
{(2, 3, 1, 4), (1, 3, 2, 4), (1, 2, 4, 3), (3, 2, 4, 1), (2, 4, 3, 1), (2, 1, 4, 3), (3, 2, 1, 4), (3, 1, 4, 2)}
M(A) = 
[[3, 2, 1, 4]]
Distance: 16
B = 
{(2, 1, 3, 4), (1, 3, 2, 4), (3, 1, 4, 2), (1, 2, 4, 3), (2, 3, 4, 1), (4, 3, 2, 1), (3, 1, 2, 4), (3, 4, 1, 2)}
M(B) = 
[[3, 2, 1, 4]]
Distance: 17
M(A) inter A:
set()
M(B) inter B:
{(3, 1, 2, 4)}

AUB = 
{(3, 1, 4, 2), (2, 3, 1, 4), (3, 4, 1, 2), (1, 3, 2, 4), (3, 2, 4, 1), (2, 3, 4, 1), (3, 1, 2, 4), (1, 2, 4, 3), (2, 1, 3, 4), (2, 4, 3, 1), (4, 3, 2, 1), (3, 2, 1, 4), (2, 1, 4, 3)}
M(AUB) = 
[[3, 2, 1, 4]]
Distance:27

(94)
A = 
{(3, 1, 4, 2), (2, 3, 1, 4), (1, 2, 3, 4), (3, 2, 4, 1), (2, 1, 3, 4), (2, 3, 4, 1), (3, 2, 1, 4), (3, 4, 1, 2)}
M(A) = 
[[2, 1, 3, 4], [2, 3, 1, 4]]
Distance: 14
B = 
{(2, 1, 3, 4), (1, 3, 2, 4), (1, 4, 2, 3), (4, 2, 1, 3), (2, 4, 3, 1), (4, 1, 3, 2), (3, 2, 1, 4), (2, 1, 4, 3)}
M(B) = 
[[2, 1, 3, 4], [2, 3, 1, 4]]
Distance: 17
M(A) inter A:
set()
M(B) inter B:
{(2, 1, 4, 3)}

AUB = 
{(2, 3, 1, 4), (3, 4, 1, 2), (3, 1, 4, 2), (1, 3, 2, 4), (1, 4, 2, 3), (2, 4, 3, 1), (3, 2, 4, 1), (2, 1, 3, 4), (4, 2, 1, 3), (2, 3, 4, 1), (4, 1, 3, 2), (2, 1, 4, 3), (3, 2, 1, 4), (1, 2, 3, 4)}
M(AUB) = 
[[2, 1, 3, 4], [2, 3, 1, 4]]
Distance:35

(95)
A = 
{(4, 2, 1, 3), (1, 4, 2, 3), (2, 4, 3, 1), (3, 4, 2, 1), (2, 3, 4, 1), (4, 3, 2, 1), (3, 2, 1, 4), (4, 3, 1, 2)}
M(A) = 
[[4, 2, 1, 3]]
Distance: 16
B = 
{(4, 1, 2, 3), (1, 2, 3, 4), (1, 4, 3, 2), (1, 4, 2, 3), (4, 2, 1, 3), (2, 4, 3, 1), (2, 1, 3, 4), (2, 4, 1, 3)}
M(B) = 
[[4, 2, 1, 3]]
Distance: 16
M(A) inter A:
{(1, 4, 2, 3), (4, 2, 1, 3)}
M(B) inter B:
{(2, 4, 1, 3), (1, 4, 2, 3), (4, 1, 2, 3), (4, 2, 1, 3)}

AUB = 
{(2, 4, 1, 3), (4, 2, 1, 3), (1, 2, 3, 4), (3, 4, 2, 1), (2, 3, 4, 1), (1, 4, 3, 2), (1, 4, 2, 3), (4, 1, 2, 3), (2, 4, 3, 1), (2, 1, 3, 4), (4, 3, 2, 1), (3, 2, 1, 4), (4, 3, 1, 2)}
M(AUB) = 
[[4, 2, 1, 3]]
Distance:32

(96)
A = 
{(2, 1, 3, 4), (1, 3, 4, 2), (1, 4, 3, 2), (3, 2, 4, 1), (4, 2, 1, 3), (2, 1, 4, 3), (3, 2, 1, 4), (4, 1, 3, 2)}
M(A) = 
[[1, 3, 2, 4]]
Distance: 21
B = 
{(4, 2, 1, 3), (1, 3, 2, 4), (3, 2, 4, 1), (1, 2, 3, 4), (1, 3, 4, 2), (1, 2, 4, 3), (2, 3, 4, 1), (4, 3, 1, 2)}
M(B) = 
[[1, 3, 2, 4]]
Distance: 20
M(A) inter A:
set()
M(B) inter B:
{(1, 2, 3, 4), (1, 3, 2, 4)}

AUB = 
{(2, 1, 3, 4), (1, 3, 2, 4), (1, 2, 4, 3), (4, 3, 1, 2), (1, 2, 3, 4), (1, 3, 4, 2), (1, 4, 3, 2), (3, 2, 4, 1), (4, 2, 1, 3), (2, 3, 4, 1), (4, 1, 3, 2), (3, 2, 1, 4), (2, 1, 4, 3)}
M(AUB) = 
[[1, 3, 2, 4]]
Distance:32

(97)
A = 
{(2, 1, 3, 4), (3, 1, 4, 2), (3, 2, 1, 4), (1, 4, 2, 3), (2, 4, 3, 1), (4, 2, 3, 1), (3, 1, 2, 4), (4, 1, 3, 2)}
M(A) = 
[[1, 4, 3, 2]]
Distance: 22
B = 
{(1, 2, 4, 3), (1, 4, 3, 2), (1, 3, 4, 2), (1, 4, 2, 3), (4, 1, 3, 2), (4, 3, 1, 2), (3, 1, 2, 4), (2, 4, 1, 3)}
M(B) = 
[[1, 4, 3, 2]]
Distance: 14
M(A) inter A:
set()
M(B) inter B:
{(1, 4, 3, 2)}

AUB = 
{(2, 4, 1, 3), (2, 1, 3, 4), (3, 1, 4, 2), (1, 2, 4, 3), (4, 3, 1, 2), (1, 4, 3, 2), (1, 3, 4, 2), (3, 1, 2, 4), (1, 4, 2, 3), (2, 4, 3, 1), (4, 2, 3, 1), (3, 2, 1, 4), (4, 1, 3, 2)}
M(AUB) = 
[[1, 4, 3, 2]]
Distance:33

(98)
A = 
{(2, 3, 1, 4), (3, 4, 1, 2), (1, 2, 4, 3), (4, 1, 2, 3), (4, 2, 1, 3), (2, 3, 4, 1), (4, 2, 3, 1), (4, 3, 1, 2)}
M(A) = 
[[1, 2, 4, 3]]
Distance: 17
B = 
{(4, 1, 2, 3), (1, 3, 2, 4), (1, 2, 3, 4), (1, 4, 2, 3), (2, 1, 3, 4), (2, 4, 3, 1), (3, 1, 2, 4), (2, 1, 4, 3)}
M(B) = 
[[1, 2, 4, 3]]
Distance: 15
M(A) inter A:
{(1, 2, 4, 3)}
M(B) inter B:
{(1, 2, 3, 4)}

AUB = 
{(2, 3, 1, 4), (1, 3, 2, 4), (3, 4, 1, 2), (1, 4, 2, 3), (2, 3, 4, 1), (1, 2, 3, 4), (1, 2, 4, 3), (4, 1, 2, 3), (2, 4, 3, 1), (4, 2, 1, 3), (2, 1, 3, 4), (4, 2, 3, 1), (2, 1, 4, 3), (3, 1, 2, 4), (4, 3, 1, 2)}
M(AUB) = 
[[1, 2, 4, 3]]
Distance:38

(99)
A = 
{(2, 1, 3, 4), (3, 1, 4, 2), (4, 1, 2, 3), (1, 4, 2, 3), (4, 3, 2, 1), (4, 2, 3, 1), (3, 1, 2, 4), (3, 4, 1, 2)}
M(A) = 
[[2, 3, 1, 4]]
Distance: 20
B = 
{(2, 1, 3, 4), (1, 2, 3, 4), (1, 4, 2, 3), (2, 3, 1, 4), (4, 2, 3, 1), (2, 1, 4, 3), (3, 2, 1, 4), (2, 4, 1, 3)}
M(B) = 
[[2, 3, 1, 4]]
Distance: 14
M(A) inter A:
{(2, 1, 3, 4)}
M(B) inter B:
{(2, 1, 3, 4), (2, 1, 4, 3)}

AUB = 
{(2, 4, 1, 3), (2, 1, 3, 4), (3, 1, 4, 2), (1, 2, 3, 4), (4, 2, 3, 1), (3, 2, 1, 4), (1, 4, 2, 3), (2, 3, 1, 4), (4, 1, 2, 3), (4, 3, 2, 1), (2, 1, 4, 3), (3, 1, 2, 4), (3, 4, 1, 2)}
M(AUB) = 
[[2, 3, 1, 4]]
Distance:34

