(0)
A = 
{(4, 1, 3, 2, 5), (5, 4, 3, 1, 2), (2, 5, 1, 4, 3), (1, 2, 4, 3, 5), (4, 1, 3, 5, 2), (5, 1, 3, 4, 2), (1, 3, 5, 2, 4), (3, 4, 1, 2, 5)}
M(A) = 
[[4, 1, 3, 5, 2]]
Distance: 29
B = 
{(2, 4, 1, 5, 3), (4, 3, 1, 5, 2), (1, 5, 3, 4, 2), (5, 4, 1, 2, 3), (4, 2, 3, 1, 5), (3, 5, 2, 4, 1), (1, 4, 5, 2, 3), (3, 1, 2, 5, 4)}
M(B) = 
[[4, 1, 3, 5, 2]]
Distance: 33
M(A) inter A:
{(4, 1, 3, 5, 2)}
M(B) inter B:
{(4, 3, 1, 5, 2)}

AUB = 
{(4, 1, 3, 2, 5), (3, 5, 2, 4, 1), (2, 4, 1, 5, 3), (4, 3, 1, 5, 2), (5, 4, 3, 1, 2), (1, 5, 3, 4, 2), (4, 1, 3, 5, 2), (1, 2, 4, 3, 5), (2, 5, 1, 4, 3), (5, 4, 1, 2, 3), (4, 2, 3, 1, 5), (5, 1, 3, 4, 2), (1, 4, 5, 2, 3), (3, 1, 2, 5, 4), (1, 3, 5, 2, 4), (3, 4, 1, 2, 5)}
M(AUB) = 
[[4, 1, 3, 5, 2]]
Distance:62

(1)
A = 
{(5, 3, 4, 2, 1), (2, 4, 1, 5, 3), (3, 1, 2, 5, 4), (4, 3, 2, 5, 1), (1, 2, 5, 4, 3), (5, 1, 2, 3, 4), (3, 2, 5, 4, 1), (5, 3, 2, 4, 1)}
M(A) = 
[[2, 4, 5, 3, 1], [2, 5, 4, 3, 1]]
Distance: 30
B = 
{(1, 2, 4, 5, 3), (1, 2, 5, 4, 3), (5, 3, 2, 4, 1), (1, 4, 2, 5, 3), (2, 3, 5, 4, 1), (4, 2, 3, 5, 1), (2, 1, 4, 3, 5), (4, 2, 5, 3, 1)}
M(B) = 
[[2, 4, 5, 3, 1], [2, 5, 4, 3, 1]]
Distance: 28
M(A) inter A:
{(2, 4, 1, 5, 3)}
M(B) inter B:
set()

AUB = 
{(5, 1, 2, 3, 4), (2, 4, 1, 5, 3), (3, 1, 2, 5, 4), (4, 3, 2, 5, 1), (1, 2, 5, 4, 3), (5, 3, 4, 2, 1), (1, 4, 2, 5, 3), (1, 2, 4, 5, 3), (4, 2, 5, 3, 1), (2, 3, 5, 4, 1), (3, 2, 5, 4, 1), (5, 3, 2, 4, 1), (2, 1, 4, 3, 5), (4, 2, 3, 5, 1)}
M(AUB) = 
[[2, 4, 5, 3, 1], [2, 5, 4, 3, 1]]
Distance:55

(2)
A = 
{(2, 4, 1, 5, 3), (2, 1, 5, 3, 4), (3, 5, 1, 2, 4), (1, 2, 4, 3, 5), (2, 3, 5, 4, 1), (1, 4, 3, 5, 2), (5, 2, 3, 4, 1), (5, 3, 1, 2, 4)}
M(A) = 
[[5, 1, 2, 3, 4], [5, 1, 2, 4, 3], [5, 2, 1, 3, 4], [5, 2, 1, 4, 3], [5, 2, 3, 1, 4]]
Distance: 33
B = 
{(4, 5, 1, 2, 3), (1, 5, 4, 2, 3), (5, 4, 1, 3, 2), (3, 1, 2, 4, 5), (2, 4, 3, 1, 5), (4, 5, 2, 1, 3), (2, 5, 3, 1, 4), (3, 5, 2, 1, 4)}
M(B) = 
[[5, 1, 2, 3, 4], [5, 1, 2, 4, 3], [5, 2, 1, 3, 4], [5, 2, 1, 4, 3], [5, 2, 3, 1, 4]]
Distance: 35
M(A) inter A:
set()
M(B) inter B:
{(4, 5, 1, 2, 3), (4, 5, 2, 1, 3)}

AUB = 
{(4, 5, 2, 1, 3), (2, 4, 1, 5, 3), (1, 5, 4, 2, 3), (5, 4, 1, 3, 2), (2, 1, 5, 3, 4), (5, 3, 1, 2, 4), (1, 2, 4, 3, 5), (3, 5, 2, 1, 4), (4, 5, 1, 2, 3), (3, 1, 2, 4, 5), (2, 3, 5, 4, 1), (1, 4, 3, 5, 2), (2, 5, 3, 1, 4), (5, 2, 3, 4, 1), (3, 5, 1, 2, 4), (2, 4, 3, 1, 5)}
M(AUB) = 
[[5, 1, 2, 3, 4], [5, 1, 2, 4, 3], [5, 2, 1, 3, 4], [5, 2, 1, 4, 3], [5, 2, 3, 1, 4]]
Distance:70

(3)
A = 
{(5, 1, 3, 2, 4), (1, 2, 4, 3, 5), (2, 5, 1, 3, 4), (4, 5, 1, 3, 2), (3, 1, 4, 5, 2), (3, 2, 5, 4, 1), (2, 1, 3, 4, 5), (5, 4, 2, 3, 1)}
M(A) = 
[[4, 2, 5, 1, 3]]
Distance: 35
B = 
{(3, 5, 4, 2, 1), (3, 1, 2, 5, 4), (3, 4, 5, 1, 2), (4, 2, 1, 5, 3), (2, 5, 4, 1, 3), (5, 1, 4, 3, 2), (4, 2, 5, 1, 3), (4, 2, 3, 5, 1)}
M(B) = 
[[4, 2, 5, 1, 3]]
Distance: 31
M(A) inter A:
set()
M(B) inter B:
{(4, 2, 3, 5, 1), (4, 2, 5, 1, 3)}

AUB = 
{(2, 5, 1, 3, 4), (3, 1, 2, 5, 4), (4, 2, 1, 5, 3), (3, 4, 5, 1, 2), (3, 5, 4, 2, 1), (1, 2, 4, 3, 5), (2, 5, 4, 1, 3), (5, 1, 3, 2, 4), (5, 1, 4, 3, 2), (4, 5, 1, 3, 2), (4, 2, 5, 1, 3), (3, 1, 4, 5, 2), (3, 2, 5, 4, 1), (2, 1, 3, 4, 5), (5, 4, 2, 3, 1), (4, 2, 3, 5, 1)}
M(AUB) = 
[[4, 2, 5, 1, 3]]
Distance:72

(4)
A = 
{(5, 2, 1, 3, 4), (4, 2, 1, 5, 3), (3, 1, 4, 2, 5), (1, 3, 5, 4, 2), (3, 5, 2, 4, 1), (1, 4, 2, 3, 5), (2, 1, 3, 4, 5), (3, 2, 5, 4, 1)}
M(A) = 
[[2, 3, 1, 5, 4]]
Distance: 31
B = 
{(2, 3, 1, 5, 4), (4, 2, 1, 5, 3), (2, 1, 5, 3, 4), (3, 2, 1, 4, 5), (2, 5, 3, 1, 4), (4, 3, 2, 1, 5), (2, 5, 4, 3, 1), (4, 5, 2, 3, 1)}
M(B) = 
[[2, 3, 1, 5, 4]]
Distance: 28
M(A) inter A:
set()
M(B) inter B:
{(2, 5, 3, 1, 4), (2, 3, 1, 5, 4), (2, 5, 4, 3, 1)}

AUB = 
{(2, 3, 1, 5, 4), (4, 2, 1, 5, 3), (5, 2, 1, 3, 4), (3, 1, 4, 2, 5), (3, 2, 1, 4, 5), (1, 3, 5, 4, 2), (4, 5, 2, 3, 1), (3, 5, 2, 4, 1), (2, 1, 5, 3, 4), (2, 5, 4, 3, 1), (4, 3, 2, 1, 5), (2, 5, 3, 1, 4), (1, 4, 2, 3, 5), (2, 1, 3, 4, 5), (3, 2, 5, 4, 1)}
M(AUB) = 
[[2, 3, 1, 5, 4]]
Distance:55

(5)
A = 
{(5, 2, 3, 1, 4), (1, 2, 5, 3, 4), (3, 5, 4, 1, 2), (1, 3, 4, 5, 2), (3, 5, 1, 4, 2), (4, 5, 2, 1, 3), (1, 4, 5, 3, 2), (1, 4, 2, 3, 5)}
M(A) = 
[[1, 4, 3, 5, 2]]
Distance: 30
B = 
{(1, 2, 4, 5, 3), (4, 3, 5, 1, 2), (3, 5, 4, 1, 2), (5, 3, 4, 1, 2), (4, 1, 3, 5, 2), (1, 5, 4, 2, 3), (1, 3, 2, 5, 4), (4, 2, 3, 5, 1)}
M(B) = 
[[1, 4, 3, 5, 2]]
Distance: 30
M(A) inter A:
set()
M(B) inter B:
{(4, 3, 5, 1, 2), (4, 1, 3, 5, 2)}

AUB = 
{(1, 2, 4, 5, 3), (4, 3, 5, 1, 2), (1, 2, 5, 3, 4), (5, 2, 3, 1, 4), (1, 3, 4, 5, 2), (3, 5, 4, 1, 2), (5, 3, 4, 1, 2), (4, 5, 2, 1, 3), (3, 5, 1, 4, 2), (1, 4, 5, 3, 2), (1, 5, 4, 2, 3), (1, 4, 2, 3, 5), (1, 3, 2, 5, 4), (4, 2, 3, 5, 1), (4, 1, 3, 5, 2)}
M(AUB) = 
[[1, 4, 3, 5, 2]]
Distance:59

(6)
A = 
{(2, 5, 1, 3, 4), (4, 1, 2, 5, 3), (5, 3, 2, 1, 4), (3, 5, 4, 1, 2), (5, 1, 4, 3, 2), (1, 5, 3, 4, 2), (2, 3, 5, 4, 1), (2, 1, 4, 3, 5)}
M(A) = 
[[4, 2, 3, 5, 1]]
Distance: 33
B = 
{(4, 1, 2, 3, 5), (1, 5, 3, 4, 2), (4, 2, 1, 3, 5), (4, 3, 1, 2, 5), (2, 3, 4, 5, 1), (4, 2, 3, 1, 5), (4, 5, 3, 2, 1), (3, 4, 5, 2, 1)}
M(B) = 
[[4, 2, 3, 5, 1]]
Distance: 24
M(A) inter A:
set()
M(B) inter B:
{(4, 2, 3, 1, 5)}

AUB = 
{(4, 1, 2, 3, 5), (5, 1, 4, 3, 2), (4, 1, 2, 5, 3), (2, 1, 4, 3, 5), (3, 5, 4, 1, 2), (4, 2, 1, 3, 5), (2, 5, 1, 3, 4), (1, 5, 3, 4, 2), (2, 3, 5, 4, 1), (4, 2, 3, 1, 5), (4, 3, 1, 2, 5), (2, 3, 4, 5, 1), (3, 4, 5, 2, 1), (5, 3, 2, 1, 4), (4, 5, 3, 2, 1)}
M(AUB) = 
[[4, 2, 3, 5, 1]]
Distance:62

(7)
A = 
{(4, 1, 2, 3, 5), (4, 3, 1, 5, 2), (3, 2, 5, 1, 4), (3, 4, 5, 1, 2), (5, 3, 4, 1, 2), (2, 4, 1, 3, 5), (5, 2, 3, 1, 4), (3, 5, 4, 1, 2)}
M(A) = 
[[3, 1, 4, 5, 2], [3, 4, 1, 5, 2], [3, 4, 5, 1, 2]]
Distance: 28
B = 
{(3, 1, 2, 5, 4), (4, 2, 5, 1, 3), (1, 5, 3, 2, 4), (1, 2, 3, 4, 5), (5, 1, 2, 4, 3), (3, 1, 4, 5, 2), (1, 4, 5, 3, 2), (4, 5, 3, 2, 1)}
M(B) = 
[[3, 1, 4, 5, 2], [3, 4, 1, 5, 2], [3, 4, 5, 1, 2]]
Distance: 30
M(A) inter A:
set()
M(B) inter B:
{(1, 4, 5, 3, 2)}

AUB = 
{(4, 1, 2, 3, 5), (5, 1, 2, 4, 3), (4, 3, 1, 5, 2), (3, 4, 5, 1, 2), (3, 2, 5, 1, 4), (1, 5, 3, 2, 4), (3, 5, 4, 1, 2), (2, 4, 1, 3, 5), (5, 2, 3, 1, 4), (5, 3, 4, 1, 2), (3, 1, 4, 5, 2), (4, 2, 5, 1, 3), (1, 4, 5, 3, 2), (4, 5, 3, 2, 1), (3, 1, 2, 5, 4), (1, 2, 3, 4, 5)}
M(AUB) = 
[[3, 1, 4, 5, 2], [3, 4, 1, 5, 2], [3, 4, 5, 1, 2]]
Distance:68

(8)
A = 
{(2, 3, 1, 4, 5), (5, 2, 1, 3, 4), (2, 1, 3, 5, 4), (3, 2, 1, 4, 5), (2, 5, 1, 4, 3), (4, 3, 5, 2, 1), (4, 2, 5, 3, 1), (4, 2, 3, 5, 1)}
M(A) = 
[[3, 4, 2, 1, 5], [4, 2, 3, 1, 5]]
Distance: 28
B = 
{(4, 1, 3, 2, 5), (1, 2, 3, 5, 4), (3, 4, 1, 5, 2), (4, 1, 3, 5, 2), (3, 2, 1, 4, 5), (5, 3, 4, 1, 2), (4, 2, 1, 3, 5), (5, 3, 4, 2, 1)}
M(B) = 
[[3, 4, 2, 1, 5], [4, 2, 3, 1, 5]]
Distance: 27
M(A) inter A:
set()
M(B) inter B:
{(3, 4, 1, 5, 2)}

AUB = 
{(4, 1, 3, 2, 5), (2, 3, 1, 4, 5), (1, 2, 3, 5, 4), (5, 2, 1, 3, 4), (2, 1, 3, 5, 4), (4, 1, 3, 5, 2), (3, 2, 1, 4, 5), (2, 5, 1, 4, 3), (5, 3, 4, 1, 2), (4, 2, 1, 3, 5), (5, 3, 4, 2, 1), (4, 3, 5, 2, 1), (4, 2, 3, 5, 1), (3, 4, 1, 5, 2), (4, 2, 5, 3, 1)}
M(AUB) = 
[[3, 4, 2, 1, 5], [4, 2, 3, 1, 5]]
Distance:63

(9)
A = 
{(4, 1, 2, 3, 5), (5, 2, 4, 1, 3), (2, 1, 5, 4, 3), (1, 3, 5, 2, 4), (4, 1, 5, 3, 2), (2, 3, 5, 4, 1), (5, 3, 1, 2, 4), (4, 2, 3, 5, 1)}
M(A) = 
[[3, 1, 5, 2, 4]]
Distance: 34
B = 
{(2, 3, 1, 4, 5), (1, 5, 3, 2, 4), (1, 3, 5, 4, 2), (4, 2, 3, 1, 5), (2, 1, 5, 4, 3), (3, 4, 5, 2, 1), (3, 5, 1, 2, 4), (4, 3, 1, 5, 2)}
M(B) = 
[[3, 1, 5, 2, 4]]
Distance: 31
M(A) inter A:
set()
M(B) inter B:
set()

AUB = 
{(4, 1, 2, 3, 5), (5, 2, 4, 1, 3), (3, 5, 1, 2, 4), (2, 1, 5, 4, 3), (1, 5, 3, 2, 4), (5, 3, 1, 2, 4), (4, 1, 5, 3, 2), (4, 2, 3, 1, 5), (2, 3, 5, 4, 1), (2, 3, 1, 4, 5), (1, 3, 5, 4, 2), (1, 3, 5, 2, 4), (3, 4, 5, 2, 1), (4, 2, 3, 5, 1), (4, 3, 1, 5, 2)}
M(AUB) = 
[[3, 1, 5, 2, 4]]
Distance:67

(10)
A = 
{(2, 5, 3, 1, 4), (5, 4, 1, 2, 3), (4, 3, 5, 2, 1), (1, 2, 4, 3, 5), (5, 1, 2, 3, 4), (1, 4, 2, 3, 5), (2, 1, 4, 3, 5), (4, 2, 3, 5, 1)}
M(A) = 
[[1, 2, 3, 4, 5], [1, 3, 4, 2, 5], [1, 4, 2, 3, 5]]
Distance: 31
B = 
{(1, 3, 2, 4, 5), (3, 4, 1, 5, 2), (1, 2, 5, 3, 4), (3, 4, 2, 1, 5), (3, 5, 1, 4, 2), (5, 1, 4, 3, 2), (1, 4, 2, 3, 5), (5, 3, 1, 2, 4)}
M(B) = 
[[1, 2, 3, 4, 5], [1, 3, 4, 2, 5], [1, 4, 2, 3, 5]]
Distance: 28
M(A) inter A:
set()
M(B) inter B:
set()

AUB = 
{(1, 3, 2, 4, 5), (5, 1, 2, 3, 4), (5, 4, 1, 2, 3), (1, 2, 5, 3, 4), (3, 4, 1, 5, 2), (4, 3, 5, 2, 1), (5, 3, 1, 2, 4), (1, 2, 4, 3, 5), (3, 5, 1, 4, 2), (2, 5, 3, 1, 4), (5, 1, 4, 3, 2), (1, 4, 2, 3, 5), (2, 1, 4, 3, 5), (3, 4, 2, 1, 5), (4, 2, 3, 5, 1)}
M(AUB) = 
[[1, 2, 3, 4, 5], [1, 3, 4, 2, 5], [1, 4, 2, 3, 5]]
Distance:67

(11)
A = 
{(1, 2, 5, 3, 4), (3, 2, 1, 4, 5), (5, 3, 1, 4, 2), (5, 1, 3, 4, 2), (3, 1, 4, 5, 2), (4, 5, 2, 3, 1), (3, 4, 2, 5, 1), (5, 3, 1, 2, 4)}
M(A) = 
[[5, 3, 1, 2, 4], [5, 3, 2, 1, 4]]
Distance: 26
B = 
{(2, 5, 3, 1, 4), (5, 3, 4, 1, 2), (3, 4, 2, 1, 5), (2, 5, 1, 4, 3), (5, 1, 2, 3, 4), (5, 2, 4, 3, 1), (3, 5, 1, 2, 4), (3, 2, 4, 1, 5)}
M(B) = 
[[5, 3, 1, 2, 4], [5, 3, 2, 1, 4]]
Distance: 28
M(A) inter A:
set()
M(B) inter B:
{(2, 5, 3, 1, 4)}

AUB = 
{(2, 5, 3, 1, 4), (3, 5, 1, 2, 4), (2, 5, 1, 4, 3), (1, 2, 5, 3, 4), (5, 1, 2, 3, 4), (5, 3, 4, 1, 2), (3, 2, 1, 4, 5), (5, 3, 1, 4, 2), (5, 2, 4, 3, 1), (3, 2, 4, 1, 5), (5, 1, 3, 4, 2), (3, 1, 4, 5, 2), (4, 5, 2, 3, 1), (3, 4, 2, 5, 1), (5, 3, 1, 2, 4), (3, 4, 2, 1, 5)}
M(AUB) = 
[[5, 3, 1, 2, 4], [5, 3, 2, 1, 4]]
Distance:58

(12)
A = 
{(5, 1, 4, 3, 2), (1, 2, 4, 5, 3), (1, 5, 2, 4, 3), (1, 2, 5, 3, 4), (1, 5, 3, 2, 4), (2, 4, 3, 1, 5), (2, 5, 3, 1, 4), (4, 5, 1, 3, 2)}
M(A) = 
[[1, 2, 4, 5, 3], [1, 5, 2, 4, 3]]
Distance: 25
B = 
{(2, 4, 1, 5, 3), (4, 1, 5, 3, 2), (2, 4, 3, 1, 5), (3, 5, 4, 1, 2), (4, 5, 2, 3, 1), (4, 3, 1, 2, 5), (3, 5, 1, 2, 4), (2, 4, 1, 3, 5)}
M(B) = 
[[1, 2, 4, 5, 3], [1, 5, 2, 4, 3]]
Distance: 30
M(A) inter A:
{(2, 4, 3, 1, 5)}
M(B) inter B:
{(4, 3, 1, 2, 5), (2, 4, 3, 1, 5)}

AUB = 
{(2, 5, 3, 1, 4), (1, 2, 4, 5, 3), (1, 5, 2, 4, 3), (1, 2, 5, 3, 4), (1, 5, 3, 2, 4), (3, 5, 4, 1, 2), (2, 4, 3, 1, 5), (4, 1, 5, 3, 2), (2, 4, 1, 5, 3), (5, 1, 4, 3, 2), (4, 3, 1, 2, 5), (4, 5, 1, 3, 2), (4, 5, 2, 3, 1), (3, 5, 1, 2, 4), (2, 4, 1, 3, 5)}
M(AUB) = 
[[1, 2, 4, 5, 3], [1, 5, 2, 4, 3]]
Distance:63

(13)
A = 
{(5, 1, 2, 3, 4), (3, 4, 5, 1, 2), (5, 4, 1, 3, 2), (5, 1, 2, 4, 3), (2, 3, 5, 1, 4), (2, 5, 3, 1, 4), (2, 4, 3, 5, 1), (4, 2, 3, 5, 1)}
M(A) = 
[[2, 3, 5, 1, 4]]
Distance: 31
B = 
{(4, 1, 3, 2, 5), (5, 2, 1, 4, 3), (3, 1, 2, 5, 4), (3, 1, 2, 4, 5), (1, 3, 4, 5, 2), (5, 2, 4, 3, 1), (2, 4, 3, 5, 1), (3, 2, 4, 5, 1)}
M(B) = 
[[2, 3, 5, 1, 4]]
Distance: 32
M(A) inter A:
set()
M(B) inter B:
{(3, 1, 2, 4, 5), (3, 2, 4, 5, 1)}

AUB = 
{(4, 1, 3, 2, 5), (2, 3, 5, 1, 4), (5, 2, 1, 4, 3), (3, 1, 2, 5, 4), (5, 4, 1, 3, 2), (3, 4, 5, 1, 2), (3, 1, 2, 4, 5), (1, 3, 4, 5, 2), (5, 1, 2, 4, 3), (5, 1, 2, 3, 4), (3, 2, 4, 5, 1), (2, 5, 3, 1, 4), (2, 4, 3, 5, 1), (5, 2, 4, 3, 1), (4, 2, 3, 5, 1)}
M(AUB) = 
[[2, 3, 5, 1, 4]]
Distance:64

(14)
A = 
{(1, 3, 2, 4, 5), (3, 1, 5, 2, 4), (1, 5, 3, 4, 2), (4, 3, 1, 2, 5), (1, 4, 3, 2, 5), (3, 5, 2, 1, 4), (1, 4, 2, 3, 5), (4, 2, 3, 5, 1)}
M(A) = 
[[1, 4, 3, 2, 5]]
Distance: 26
B = 
{(1, 2, 5, 4, 3), (1, 2, 4, 3, 5), (5, 3, 1, 4, 2), (4, 5, 1, 2, 3), (1, 4, 2, 5, 3), (4, 5, 3, 1, 2), (4, 5, 1, 3, 2), (2, 4, 5, 3, 1)}
M(B) = 
[[1, 4, 3, 2, 5]]
Distance: 25
M(A) inter A:
set()
M(B) inter B:
{(4, 5, 1, 2, 3)}

AUB = 
{(1, 3, 2, 4, 5), (1, 2, 5, 4, 3), (3, 1, 5, 2, 4), (1, 5, 3, 4, 2), (1, 2, 4, 3, 5), (5, 3, 1, 4, 2), (4, 5, 1, 2, 3), (1, 4, 2, 5, 3), (4, 5, 3, 1, 2), (2, 4, 5, 3, 1), (4, 3, 1, 2, 5), (4, 5, 1, 3, 2), (1, 4, 3, 2, 5), (3, 5, 2, 1, 4), (1, 4, 2, 3, 5), (4, 2, 3, 5, 1)}
M(AUB) = 
[[1, 4, 3, 2, 5]]
Distance:61

(15)
A = 
{(5, 2, 1, 4, 3), (4, 2, 1, 5, 3), (5, 3, 1, 2, 4), (1, 2, 3, 4, 5), (5, 2, 4, 1, 3), (1, 2, 4, 5, 3), (3, 2, 4, 5, 1), (1, 3, 2, 5, 4)}
M(A) = 
[[5, 1, 3, 2, 4]]
Distance: 31
B = 
{(5, 4, 3, 1, 2), (3, 4, 5, 1, 2), (1, 5, 4, 3, 2), (1, 2, 3, 4, 5), (5, 1, 3, 2, 4), (3, 5, 2, 1, 4), (3, 2, 1, 4, 5), (4, 2, 3, 5, 1)}
M(B) = 
[[5, 1, 3, 2, 4]]
Distance: 31
M(A) inter A:
set()
M(B) inter B:
set()

AUB = 
{(5, 2, 1, 4, 3), (5, 4, 3, 1, 2), (4, 2, 1, 5, 3), (1, 5, 4, 3, 2), (1, 3, 2, 5, 4), (1, 2, 3, 4, 5), (3, 5, 2, 1, 4), (3, 2, 1, 4, 5), (5, 2, 4, 1, 3), (5, 1, 3, 2, 4), (1, 2, 4, 5, 3), (3, 2, 4, 5, 1), (5, 3, 1, 2, 4), (3, 4, 5, 1, 2), (4, 2, 3, 5, 1)}
M(AUB) = 
[[5, 1, 3, 2, 4]]
Distance:65

(16)
A = 
{(4, 3, 1, 5, 2), (5, 3, 1, 4, 2), (3, 2, 1, 4, 5), (2, 5, 1, 4, 3), (2, 3, 5, 1, 4), (1, 5, 2, 4, 3), (1, 3, 5, 2, 4), (3, 4, 1, 2, 5)}
M(A) = 
[[1, 3, 5, 2, 4], [1, 5, 2, 3, 4], [1, 5, 3, 2, 4], [3, 1, 5, 2, 4]]
Distance: 30
B = 
{(3, 4, 1, 5, 2), (1, 5, 3, 2, 4), (1, 3, 5, 4, 2), (1, 2, 3, 4, 5), (5, 1, 2, 4, 3), (2, 5, 1, 3, 4), (4, 5, 2, 3, 1), (4, 2, 5, 3, 1)}
M(B) = 
[[1, 3, 5, 2, 4], [1, 5, 2, 3, 4], [1, 5, 3, 2, 4], [3, 1, 5, 2, 4]]
Distance: 33
M(A) inter A:
set()
M(B) inter B:
set()

AUB = 
{(2, 5, 1, 3, 4), (5, 1, 2, 4, 3), (4, 3, 1, 5, 2), (3, 4, 1, 5, 2), (1, 5, 3, 2, 4), (2, 5, 1, 4, 3), (3, 2, 1, 4, 5), (5, 3, 1, 4, 2), (2, 3, 5, 1, 4), (4, 5, 2, 3, 1), (4, 2, 5, 3, 1), (1, 2, 3, 4, 5), (1, 5, 2, 4, 3), (1, 3, 5, 2, 4), (3, 4, 1, 2, 5), (1, 3, 5, 4, 2)}
M(AUB) = 
[[1, 3, 5, 2, 4], [1, 5, 2, 3, 4], [1, 5, 3, 2, 4], [3, 1, 5, 2, 4]]
Distance:69

(17)
A = 
{(5, 2, 4, 1, 3), (2, 3, 4, 1, 5), (1, 5, 4, 3, 2), (3, 5, 4, 1, 2), (2, 3, 1, 5, 4), (3, 1, 5, 4, 2), (1, 5, 2, 4, 3), (5, 2, 3, 4, 1)}
M(A) = 
[[2, 3, 5, 1, 4], [3, 5, 2, 1, 4], [5, 2, 3, 1, 4]]
Distance: 32
B = 
{(1, 5, 2, 4, 3), (3, 2, 1, 5, 4), (4, 2, 5, 1, 3), (2, 5, 4, 1, 3), (2, 3, 5, 1, 4), (4, 5, 1, 3, 2), (3, 1, 2, 5, 4), (3, 5, 1, 2, 4)}
M(B) = 
[[2, 3, 5, 1, 4], [3, 5, 2, 1, 4], [5, 2, 3, 1, 4]]
Distance: 33
M(A) inter A:
set()
M(B) inter B:
{(2, 3, 5, 1, 4)}

AUB = 
{(2, 3, 5, 1, 4), (5, 2, 4, 1, 3), (2, 3, 4, 1, 5), (4, 2, 5, 1, 3), (3, 2, 1, 5, 4), (4, 5, 1, 3, 2), (1, 5, 4, 3, 2), (2, 5, 4, 1, 3), (3, 1, 2, 5, 4), (3, 5, 4, 1, 2), (2, 3, 1, 5, 4), (3, 1, 5, 4, 2), (1, 5, 2, 4, 3), (5, 2, 3, 4, 1), (3, 5, 1, 2, 4)}
M(AUB) = 
[[2, 3, 5, 1, 4], [3, 5, 2, 1, 4], [5, 2, 3, 1, 4]]
Distance:63

(18)
A = 
{(1, 3, 4, 2, 5), (2, 1, 5, 4, 3), (2, 1, 3, 4, 5), (1, 3, 5, 2, 4), (5, 1, 4, 3, 2), (4, 3, 5, 1, 2), (3, 2, 4, 5, 1), (1, 3, 2, 5, 4)}
M(A) = 
[[1, 2, 3, 5, 4], [1, 3, 2, 5, 4], [2, 1, 3, 5, 4], [2, 5, 1, 3, 4]]
Distance: 27
B = 
{(5, 1, 3, 4, 2), (5, 2, 1, 4, 3), (5, 4, 1, 3, 2), (2, 1, 3, 5, 4), (1, 2, 3, 4, 5), (5, 2, 4, 1, 3), (2, 5, 1, 3, 4), (2, 4, 3, 5, 1)}
M(B) = 
[[1, 2, 3, 5, 4], [1, 3, 2, 5, 4], [2, 1, 3, 5, 4], [2, 5, 1, 3, 4]]
Distance: 26
M(A) inter A:
set()
M(B) inter B:
{(2, 5, 1, 3, 4), (5, 2, 1, 4, 3)}

AUB = 
{(1, 3, 4, 2, 5), (5, 1, 3, 4, 2), (5, 2, 1, 4, 3), (2, 1, 5, 4, 3), (5, 4, 1, 3, 2), (2, 1, 3, 5, 4), (1, 3, 5, 2, 4), (1, 2, 3, 4, 5), (2, 5, 1, 3, 4), (5, 2, 4, 1, 3), (5, 1, 4, 3, 2), (1, 3, 2, 5, 4), (4, 3, 5, 1, 2), (3, 2, 4, 5, 1), (2, 1, 3, 4, 5), (2, 4, 3, 5, 1)}
M(AUB) = 
[[1, 2, 3, 5, 4], [1, 3, 2, 5, 4], [2, 1, 3, 5, 4], [2, 5, 1, 3, 4]]
Distance:65

(19)
A = 
{(5, 1, 3, 2, 4), (1, 5, 4, 3, 2), (5, 1, 4, 2, 3), (3, 5, 4, 2, 1), (1, 5, 3, 2, 4), (2, 3, 5, 4, 1), (5, 2, 3, 4, 1), (1, 5, 3, 4, 2)}
M(A) = 
[[5, 1, 3, 4, 2], [5, 1, 4, 2, 3], [5, 1, 4, 3, 2], [5, 4, 1, 2, 3], [5, 4, 1, 3, 2], [5, 4, 2, 1, 3]]
Distance: 24
B = 
{(4, 5, 2, 1, 3), (2, 1, 5, 4, 3), (2, 5, 1, 3, 4), (1, 4, 3, 2, 5), (4, 5, 1, 2, 3), (4, 5, 3, 1, 2), (2, 4, 5, 3, 1), (3, 4, 2, 5, 1)}
M(B) = 
[[5, 1, 3, 4, 2], [5, 1, 4, 2, 3], [5, 1, 4, 3, 2], [5, 4, 1, 2, 3], [5, 4, 1, 3, 2], [5, 4, 2, 1, 3]]
Distance: 26
M(A) inter A:
set()
M(B) inter B:
set()

AUB = 
{(3, 5, 4, 2, 1), (2, 1, 5, 4, 3), (1, 5, 4, 3, 2), (2, 5, 1, 3, 4), (3, 4, 2, 5, 1), (5, 1, 4, 2, 3), (4, 5, 2, 1, 3), (1, 4, 3, 2, 5), (5, 1, 3, 2, 4), (1, 5, 3, 2, 4), (2, 3, 5, 4, 1), (2, 4, 5, 3, 1), (4, 5, 3, 1, 2), (5, 2, 3, 4, 1), (1, 5, 3, 4, 2), (4, 5, 1, 2, 3)}
M(AUB) = 
[[5, 1, 3, 4, 2], [5, 1, 4, 2, 3], [5, 1, 4, 3, 2], [5, 4, 1, 2, 3], [5, 4, 1, 3, 2], [5, 4, 2, 1, 3]]
Distance:66

(20)
A = 
{(2, 1, 4, 5, 3), (5, 4, 3, 1, 2), (5, 4, 1, 3, 2), (1, 5, 2, 3, 4), (2, 1, 3, 5, 4), (3, 5, 4, 2, 1), (4, 1, 2, 5, 3), (1, 4, 2, 5, 3)}
M(A) = 
[[1, 4, 2, 5, 3]]
Distance: 30
B = 
{(2, 5, 1, 3, 4), (1, 2, 4, 5, 3), (5, 4, 1, 3, 2), (4, 2, 5, 1, 3), (3, 1, 4, 2, 5), (2, 3, 5, 1, 4), (1, 5, 3, 4, 2), (4, 5, 3, 1, 2)}
M(B) = 
[[1, 4, 2, 5, 3]]
Distance: 34
M(A) inter A:
{(1, 4, 2, 5, 3)}
M(B) inter B:
set()

AUB = 
{(2, 5, 1, 3, 4), (1, 2, 4, 5, 3), (2, 1, 4, 5, 3), (5, 4, 1, 3, 2), (5, 4, 3, 1, 2), (2, 3, 5, 1, 4), (1, 5, 2, 3, 4), (4, 1, 2, 5, 3), (3, 5, 4, 2, 1), (2, 1, 3, 5, 4), (1, 4, 2, 5, 3), (4, 5, 3, 1, 2), (4, 2, 5, 1, 3), (3, 1, 4, 2, 5), (1, 5, 3, 4, 2)}
M(AUB) = 
[[1, 4, 2, 5, 3]]
Distance:61

(21)
A = 
{(3, 1, 5, 2, 4), (3, 4, 1, 5, 2), (5, 4, 3, 1, 2), (4, 1, 5, 3, 2), (3, 5, 1, 4, 2), (2, 5, 1, 3, 4), (2, 3, 5, 4, 1), (3, 2, 1, 5, 4)}
M(A) = 
[[4, 3, 5, 1, 2], [4, 3, 5, 2, 1]]
Distance: 29
B = 
{(4, 1, 2, 3, 5), (4, 3, 5, 2, 1), (2, 5, 1, 4, 3), (4, 5, 3, 1, 2), (1, 4, 5, 3, 2), (4, 5, 3, 2, 1), (2, 4, 3, 5, 1), (3, 2, 4, 5, 1)}
M(B) = 
[[4, 3, 5, 1, 2], [4, 3, 5, 2, 1]]
Distance: 26
M(A) inter A:
set()
M(B) inter B:
{(4, 3, 5, 2, 1), (4, 5, 3, 2, 1)}

AUB = 
{(4, 1, 2, 3, 5), (3, 1, 5, 2, 4), (5, 4, 3, 1, 2), (3, 4, 1, 5, 2), (4, 3, 5, 2, 1), (3, 5, 1, 4, 2), (4, 1, 5, 3, 2), (2, 5, 1, 3, 4), (2, 3, 5, 4, 1), (2, 5, 1, 4, 3), (1, 4, 5, 3, 2), (4, 5, 3, 1, 2), (4, 5, 3, 2, 1), (3, 2, 1, 5, 4), (2, 4, 3, 5, 1), (3, 2, 4, 5, 1)}
M(AUB) = 
[[4, 3, 5, 1, 2], [4, 3, 5, 2, 1]]
Distance:65

(22)
A = 
{(5, 1, 2, 3, 4), (2, 4, 1, 5, 3), (4, 3, 1, 5, 2), (5, 2, 1, 3, 4), (4, 1, 5, 2, 3), (5, 3, 4, 1, 2), (3, 5, 2, 4, 1), (1, 4, 2, 3, 5)}
M(A) = 
[[4, 1, 5, 3, 2]]
Distance: 33
B = 
{(5, 2, 1, 4, 3), (4, 3, 1, 5, 2), (3, 4, 1, 5, 2), (1, 5, 4, 3, 2), (2, 4, 1, 3, 5), (3, 5, 1, 4, 2), (4, 5, 1, 3, 2), (3, 2, 1, 4, 5)}
M(B) = 
[[4, 1, 5, 3, 2]]
Distance: 30
M(A) inter A:
{(4, 3, 1, 5, 2)}
M(B) inter B:
{(4, 3, 1, 5, 2)}

AUB = 
{(3, 5, 2, 4, 1), (2, 4, 1, 5, 3), (4, 3, 1, 5, 2), (3, 4, 1, 5, 2), (5, 2, 1, 3, 4), (4, 1, 5, 2, 3), (3, 5, 1, 4, 2), (2, 4, 1, 3, 5), (5, 3, 4, 1, 2), (5, 2, 1, 4, 3), (5, 1, 2, 3, 4), (1, 5, 4, 3, 2), (4, 5, 1, 3, 2), (1, 4, 2, 3, 5), (3, 2, 1, 4, 5)}
M(AUB) = 
[[4, 1, 5, 3, 2]]
Distance:65

(23)
A = 
{(1, 3, 2, 4, 5), (1, 2, 5, 4, 3), (4, 2, 5, 1, 3), (4, 1, 2, 5, 3), (2, 5, 4, 1, 3), (5, 3, 4, 2, 1), (4, 3, 2, 1, 5), (5, 3, 2, 1, 4)}
M(A) = 
[[2, 1, 3, 4, 5], [2, 1, 5, 3, 4], [2, 3, 4, 1, 5]]
Distance: 32
B = 
{(1, 2, 5, 4, 3), (2, 3, 4, 1, 5), (1, 5, 2, 3, 4), (1, 2, 3, 4, 5), (2, 5, 1, 3, 4), (2, 3, 4, 5, 1), (4, 3, 1, 2, 5), (3, 5, 2, 1, 4)}
M(B) = 
[[2, 1, 3, 4, 5], [2, 1, 5, 3, 4], [2, 3, 4, 1, 5]]
Distance: 28
M(A) inter A:
set()
M(B) inter B:
{(1, 2, 3, 4, 5)}

AUB = 
{(1, 3, 2, 4, 5), (2, 5, 1, 3, 4), (1, 2, 5, 4, 3), (2, 3, 4, 1, 5), (4, 2, 5, 1, 3), (4, 1, 2, 5, 3), (3, 5, 2, 1, 4), (1, 2, 3, 4, 5), (2, 5, 4, 1, 3), (5, 3, 4, 2, 1), (1, 5, 2, 3, 4), (2, 3, 4, 5, 1), (4, 3, 1, 2, 5), (4, 3, 2, 1, 5), (5, 3, 2, 1, 4)}
M(AUB) = 
[[2, 1, 3, 4, 5], [2, 1, 5, 3, 4], [2, 3, 4, 1, 5]]
Distance:64

(24)
A = 
{(5, 4, 1, 3, 2), (5, 2, 1, 3, 4), (1, 5, 4, 3, 2), (3, 2, 1, 4, 5), (5, 3, 4, 2, 1), (1, 4, 3, 5, 2), (3, 2, 4, 5, 1), (1, 3, 5, 2, 4)}
M(A) = 
[[3, 5, 1, 4, 2]]
Distance: 31
B = 
{(1, 3, 4, 2, 5), (3, 4, 5, 1, 2), (2, 4, 3, 1, 5), (3, 5, 1, 4, 2), (1, 4, 2, 5, 3), (4, 5, 3, 2, 1), (3, 2, 5, 4, 1), (3, 5, 1, 2, 4)}
M(B) = 
[[3, 5, 1, 4, 2]]
Distance: 29
M(A) inter A:
set()
M(B) inter B:
{(3, 4, 5, 1, 2)}

AUB = 
{(1, 3, 4, 2, 5), (3, 2, 5, 4, 1), (5, 2, 1, 3, 4), (5, 4, 1, 3, 2), (1, 5, 4, 3, 2), (3, 5, 1, 2, 4), (3, 2, 1, 4, 5), (3, 5, 1, 4, 2), (5, 3, 4, 2, 1), (1, 4, 2, 5, 3), (1, 4, 3, 5, 2), (4, 5, 3, 2, 1), (2, 4, 3, 1, 5), (3, 2, 4, 5, 1), (1, 3, 5, 2, 4), (3, 4, 5, 1, 2)}
M(AUB) = 
[[3, 5, 1, 4, 2]]
Distance:64

(25)
A = 
{(3, 5, 2, 4, 1), (5, 4, 1, 2, 3), (4, 3, 2, 5, 1), (5, 3, 1, 4, 2), (5, 4, 2, 1, 3), (2, 5, 1, 3, 4), (3, 1, 4, 5, 2), (3, 4, 2, 5, 1)}
M(A) = 
[[3, 2, 5, 4, 1], [3, 5, 2, 4, 1], [3, 5, 4, 2, 1]]
Distance: 28
B = 
{(5, 2, 4, 1, 3), (3, 1, 2, 5, 4), (3, 2, 1, 5, 4), (3, 2, 5, 4, 1), (4, 1, 3, 5, 2), (3, 5, 4, 1, 2), (3, 2, 4, 5, 1), (2, 4, 3, 5, 1)}
M(B) = 
[[3, 2, 5, 4, 1], [3, 5, 2, 4, 1], [3, 5, 4, 2, 1]]
Distance: 24
M(A) inter A:
set()
M(B) inter B:
{(3, 2, 5, 4, 1)}

AUB = 
{(2, 4, 3, 5, 1), (2, 5, 1, 3, 4), (5, 4, 1, 2, 3), (3, 1, 2, 5, 4), (3, 2, 1, 5, 4), (4, 3, 2, 5, 1), (4, 1, 3, 5, 2), (5, 2, 4, 1, 3), (5, 3, 1, 4, 2), (5, 4, 2, 1, 3), (3, 5, 2, 4, 1), (3, 1, 4, 5, 2), (3, 2, 4, 5, 1), (3, 4, 2, 5, 1), (3, 2, 5, 4, 1), (3, 5, 4, 1, 2)}
M(AUB) = 
[[3, 2, 5, 4, 1], [3, 5, 2, 4, 1], [3, 5, 4, 2, 1]]
Distance:58

(26)
A = 
{(1, 4, 5, 3, 2), (3, 4, 1, 2, 5), (1, 3, 5, 4, 2), (3, 5, 4, 2, 1), (1, 4, 3, 5, 2), (4, 3, 1, 2, 5), (5, 4, 3, 2, 1), (2, 1, 4, 3, 5)}
M(A) = 
[[1, 4, 3, 2, 5]]
Distance: 26
B = 
{(1, 2, 5, 3, 4), (4, 2, 5, 1, 3), (1, 2, 3, 5, 4), (2, 1, 5, 3, 4), (5, 1, 3, 2, 4), (2, 4, 5, 3, 1), (1, 4, 3, 2, 5), (4, 2, 5, 3, 1)}
M(B) = 
[[1, 4, 3, 2, 5]]
Distance: 29
M(A) inter A:
set()
M(B) inter B:
{(2, 1, 5, 3, 4), (1, 2, 5, 3, 4)}

AUB = 
{(5, 1, 3, 2, 4), (1, 4, 3, 5, 2), (1, 2, 5, 3, 4), (2, 1, 5, 3, 4), (3, 4, 1, 2, 5), (1, 3, 5, 4, 2), (1, 4, 3, 2, 5), (3, 5, 4, 2, 1), (1, 2, 3, 5, 4), (4, 2, 5, 1, 3), (1, 4, 5, 3, 2), (4, 3, 1, 2, 5), (5, 4, 3, 2, 1), (2, 1, 4, 3, 5), (2, 4, 5, 3, 1), (4, 2, 5, 3, 1)}
M(AUB) = 
[[1, 4, 3, 2, 5]]
Distance:67

(27)
A = 
{(1, 3, 4, 2, 5), (1, 2, 5, 4, 3), (4, 2, 5, 1, 3), (3, 2, 4, 1, 5), (4, 1, 5, 3, 2), (2, 3, 5, 4, 1), (1, 4, 3, 5, 2), (3, 5, 2, 1, 4)}
M(A) = 
[[3, 2, 4, 1, 5], [3, 2, 4, 5, 1]]
Distance: 34
B = 
{(5, 3, 2, 4, 1), (3, 4, 5, 2, 1), (4, 2, 1, 5, 3), (3, 1, 2, 4, 5), (3, 2, 1, 4, 5), (5, 1, 2, 3, 4), (3, 2, 4, 5, 1), (5, 4, 2, 3, 1)}
M(B) = 
[[3, 2, 4, 1, 5], [3, 2, 4, 5, 1]]
Distance: 29
M(A) inter A:
set()
M(B) inter B:
{(3, 2, 4, 5, 1)}

AUB = 
{(1, 3, 4, 2, 5), (5, 1, 2, 3, 4), (1, 2, 5, 4, 3), (4, 2, 1, 5, 3), (4, 2, 5, 1, 3), (5, 4, 2, 3, 1), (3, 1, 2, 4, 5), (3, 2, 4, 1, 5), (4, 1, 5, 3, 2), (5, 3, 2, 4, 1), (3, 2, 4, 5, 1), (2, 3, 5, 4, 1), (1, 4, 3, 5, 2), (3, 4, 5, 2, 1), (3, 5, 2, 1, 4), (3, 2, 1, 4, 5)}
M(AUB) = 
[[3, 2, 4, 1, 5], [3, 2, 4, 5, 1]]
Distance:67

(28)
A = 
{(5, 4, 2, 3, 1), (3, 4, 5, 1, 2), (3, 4, 1, 5, 2), (3, 1, 4, 2, 5), (2, 3, 4, 5, 1), (4, 5, 2, 3, 1), (2, 4, 3, 5, 1), (2, 4, 5, 3, 1)}
M(A) = 
[[2, 3, 4, 5, 1], [2, 5, 3, 4, 1], [5, 2, 3, 4, 1]]
Distance: 24
B = 
{(2, 4, 1, 5, 3), (2, 3, 1, 4, 5), (1, 2, 3, 5, 4), (1, 5, 2, 3, 4), (2, 5, 4, 1, 3), (1, 5, 3, 2, 4), (5, 2, 3, 4, 1), (5, 3, 1, 2, 4)}
M(B) = 
[[2, 3, 4, 5, 1], [2, 5, 3, 4, 1], [5, 2, 3, 4, 1]]
Distance: 25
M(A) inter A:
set()
M(B) inter B:
{(1, 5, 2, 3, 4)}

AUB = 
{(2, 4, 1, 5, 3), (1, 5, 3, 2, 4), (2, 3, 1, 4, 5), (3, 4, 1, 5, 2), (3, 4, 5, 1, 2), (1, 2, 3, 5, 4), (3, 1, 4, 2, 5), (2, 5, 4, 1, 3), (2, 4, 5, 3, 1), (1, 5, 2, 3, 4), (2, 3, 4, 5, 1), (5, 2, 3, 4, 1), (4, 5, 2, 3, 1), (5, 4, 2, 3, 1), (5, 3, 1, 2, 4), (2, 4, 3, 5, 1)}
M(AUB) = 
[[2, 3, 4, 5, 1], [2, 5, 3, 4, 1], [5, 2, 3, 4, 1]]
Distance:65

(29)
A = 
{(5, 2, 4, 1, 3), (4, 3, 5, 1, 2), (4, 2, 1, 5, 3), (5, 4, 1, 3, 2), (1, 3, 5, 4, 2), (4, 2, 3, 1, 5), (2, 5, 1, 3, 4), (4, 3, 1, 2, 5)}
M(A) = 
[[2, 5, 4, 1, 3], [2, 5, 4, 3, 1], [5, 2, 4, 1, 3], [5, 2, 4, 3, 1], [5, 4, 2, 1, 3], [5, 4, 2, 3, 1]]
Distance: 33
B = 
{(5, 4, 1, 2, 3), (4, 3, 1, 5, 2), (5, 2, 1, 3, 4), (3, 2, 5, 1, 4), (2, 5, 1, 4, 3), (2, 5, 3, 1, 4), (3, 1, 2, 5, 4), (5, 2, 3, 4, 1)}
M(B) = 
[[2, 5, 4, 1, 3], [2, 5, 4, 3, 1], [5, 2, 4, 1, 3], [5, 2, 4, 3, 1], [5, 4, 2, 1, 3], [5, 4, 2, 3, 1]]
Distance: 27
M(A) inter A:
set()
M(B) inter B:
{(2, 5, 3, 1, 4)}

AUB = 
{(2, 5, 3, 1, 4), (5, 2, 4, 1, 3), (4, 3, 5, 1, 2), (5, 4, 1, 3, 2), (4, 2, 1, 5, 3), (2, 5, 1, 4, 3), (3, 1, 2, 5, 4), (1, 3, 5, 4, 2), (5, 4, 1, 2, 3), (4, 2, 3, 1, 5), (2, 5, 1, 3, 4), (3, 2, 5, 1, 4), (4, 3, 1, 2, 5), (4, 3, 1, 5, 2), (5, 2, 3, 4, 1), (5, 2, 1, 3, 4)}
M(AUB) = 
[[2, 5, 4, 1, 3], [2, 5, 4, 3, 1], [5, 2, 4, 1, 3], [5, 2, 4, 3, 1], [5, 4, 2, 1, 3], [5, 4, 2, 3, 1]]
Distance:70

(30)
A = 
{(4, 3, 2, 5, 1), (5, 3, 4, 1, 2), (4, 1, 5, 3, 2), (4, 2, 3, 1, 5), (3, 1, 2, 4, 5), (2, 3, 5, 4, 1), (3, 1, 4, 2, 5), (5, 3, 1, 2, 4)}
M(A) = 
[[3, 4, 1, 2, 5], [3, 4, 1, 5, 2], [3, 4, 2, 1, 5], [3, 4, 2, 5, 1], [3, 4, 5, 1, 2], [3, 4, 5, 2, 1]]
Distance: 28
B = 
{(4, 5, 1, 2, 3), (4, 2, 1, 5, 3), (3, 4, 5, 1, 2), (1, 5, 2, 3, 4), (3, 4, 2, 1, 5), (3, 5, 4, 2, 1), (4, 5, 2, 3, 1), (2, 1, 4, 3, 5)}
M(B) = 
[[3, 4, 1, 2, 5], [3, 4, 1, 5, 2], [3, 4, 2, 1, 5], [3, 4, 2, 5, 1], [3, 4, 5, 1, 2], [3, 4, 5, 2, 1]]
Distance: 31
M(A) inter A:
set()
M(B) inter B:
{(4, 5, 2, 3, 1)}

AUB = 
{(2, 1, 4, 3, 5), (3, 5, 4, 2, 1), (3, 4, 5, 1, 2), (4, 2, 1, 5, 3), (4, 3, 2, 5, 1), (4, 1, 5, 3, 2), (3, 4, 2, 1, 5), (5, 3, 4, 1, 2), (4, 2, 3, 1, 5), (4, 5, 1, 2, 3), (3, 1, 2, 4, 5), (2, 3, 5, 4, 1), (3, 1, 4, 2, 5), (4, 5, 2, 3, 1), (1, 5, 2, 3, 4), (5, 3, 1, 2, 4)}
M(AUB) = 
[[3, 4, 1, 2, 5], [3, 4, 1, 5, 2], [3, 4, 2, 1, 5], [3, 4, 2, 5, 1], [3, 4, 5, 1, 2], [3, 4, 5, 2, 1]]
Distance:65

(31)
A = 
{(2, 5, 3, 1, 4), (3, 1, 5, 2, 4), (1, 5, 4, 3, 2), (3, 4, 1, 2, 5), (5, 1, 2, 4, 3), (2, 3, 5, 1, 4), (4, 5, 1, 3, 2), (4, 5, 2, 3, 1)}
M(A) = 
[[5, 3, 1, 2, 4]]
Distance: 33
B = 
{(5, 4, 2, 1, 3), (3, 2, 1, 5, 4), (3, 5, 1, 2, 4), (3, 2, 4, 1, 5), (5, 1, 2, 4, 3), (5, 1, 3, 4, 2), (1, 4, 2, 5, 3), (2, 1, 3, 4, 5)}
M(B) = 
[[5, 3, 1, 2, 4]]
Distance: 34
M(A) inter A:
set()
M(B) inter B:
set()

AUB = 
{(2, 3, 5, 1, 4), (5, 4, 2, 1, 3), (2, 1, 3, 4, 5), (3, 1, 5, 2, 4), (3, 2, 1, 5, 4), (1, 5, 4, 3, 2), (5, 1, 3, 4, 2), (3, 4, 1, 2, 5), (5, 1, 2, 4, 3), (2, 5, 3, 1, 4), (1, 4, 2, 5, 3), (4, 5, 1, 3, 2), (4, 5, 2, 3, 1), (3, 5, 1, 2, 4), (3, 2, 4, 1, 5)}
M(AUB) = 
[[5, 3, 1, 2, 4]]
Distance:66

(32)
A = 
{(4, 1, 2, 3, 5), (2, 1, 4, 5, 3), (2, 1, 3, 5, 4), (5, 1, 2, 4, 3), (4, 2, 3, 1, 5), (1, 4, 5, 3, 2), (1, 4, 2, 3, 5), (2, 1, 3, 4, 5)}
M(A) = 
[[1, 4, 2, 3, 5], [4, 1, 2, 3, 5]]
Distance: 22
B = 
{(4, 5, 2, 1, 3), (1, 2, 5, 3, 4), (3, 4, 1, 5, 2), (4, 1, 3, 5, 2), (5, 1, 2, 3, 4), (4, 5, 3, 1, 2), (3, 4, 2, 5, 1), (4, 2, 3, 5, 1)}
M(B) = 
[[1, 4, 2, 3, 5], [4, 1, 2, 3, 5]]
Distance: 31
M(A) inter A:
set()
M(B) inter B:
{(4, 5, 3, 1, 2)}

AUB = 
{(4, 1, 2, 3, 5), (5, 1, 2, 3, 4), (2, 1, 4, 5, 3), (3, 4, 1, 5, 2), (1, 2, 5, 3, 4), (2, 1, 3, 5, 4), (4, 1, 3, 5, 2), (5, 1, 2, 4, 3), (4, 2, 3, 1, 5), (4, 5, 2, 1, 3), (4, 5, 3, 1, 2), (1, 4, 5, 3, 2), (1, 4, 2, 3, 5), (2, 1, 3, 4, 5), (3, 4, 2, 5, 1), (4, 2, 3, 5, 1)}
M(AUB) = 
[[1, 4, 2, 3, 5], [4, 1, 2, 3, 5]]
Distance:61

(33)
A = 
{(1, 2, 4, 5, 3), (1, 2, 3, 5, 4), (5, 4, 3, 1, 2), (4, 1, 2, 5, 3), (1, 5, 3, 4, 2), (3, 2, 5, 4, 1), (3, 5, 1, 2, 4), (3, 4, 2, 5, 1)}
M(A) = 
[[3, 1, 2, 5, 4]]
Distance: 34
B = 
{(1, 3, 2, 4, 5), (1, 3, 4, 2, 5), (1, 2, 4, 5, 3), (3, 1, 5, 2, 4), (2, 3, 5, 1, 4), (1, 4, 2, 5, 3), (2, 4, 5, 3, 1), (5, 2, 3, 4, 1)}
M(B) = 
[[3, 1, 2, 5, 4]]
Distance: 29
M(A) inter A:
set()
M(B) inter B:
set()

AUB = 
{(1, 3, 2, 4, 5), (1, 3, 4, 2, 5), (1, 2, 4, 5, 3), (3, 1, 5, 2, 4), (5, 4, 3, 1, 2), (1, 2, 3, 5, 4), (4, 1, 2, 5, 3), (2, 3, 5, 1, 4), (1, 5, 3, 4, 2), (1, 4, 2, 5, 3), (5, 2, 3, 4, 1), (2, 4, 5, 3, 1), (3, 2, 5, 4, 1), (3, 5, 1, 2, 4), (3, 4, 2, 5, 1)}
M(AUB) = 
[[3, 1, 2, 5, 4]]
Distance:62

(34)
A = 
{(4, 3, 1, 5, 2), (3, 4, 1, 5, 2), (5, 2, 3, 1, 4), (4, 1, 3, 5, 2), (5, 3, 1, 4, 2), (4, 5, 1, 2, 3), (5, 2, 4, 3, 1), (4, 2, 5, 3, 1)}
M(A) = 
[[3, 5, 1, 2, 4], [3, 5, 1, 4, 2], [3, 5, 4, 1, 2], [5, 3, 1, 2, 4], [5, 3, 1, 4, 2], [5, 3, 4, 1, 2]]
Distance: 26
B = 
{(2, 3, 1, 5, 4), (3, 5, 4, 2, 1), (1, 5, 2, 3, 4), (1, 3, 2, 5, 4), (5, 1, 3, 2, 4), (5, 3, 2, 4, 1), (1, 4, 3, 2, 5), (3, 5, 2, 1, 4)}
M(B) = 
[[3, 5, 1, 2, 4], [3, 5, 1, 4, 2], [3, 5, 4, 1, 2], [5, 3, 1, 2, 4], [5, 3, 1, 4, 2], [5, 3, 4, 1, 2]]
Distance: 26
M(A) inter A:
set()
M(B) inter B:
{(3, 5, 2, 1, 4)}

AUB = 
{(2, 3, 1, 5, 4), (4, 3, 1, 5, 2), (5, 2, 3, 1, 4), (3, 4, 1, 5, 2), (3, 5, 4, 2, 1), (1, 5, 2, 3, 4), (5, 3, 1, 4, 2), (3, 5, 2, 1, 4), (4, 1, 3, 5, 2), (5, 1, 3, 2, 4), (4, 5, 1, 2, 3), (5, 2, 4, 3, 1), (5, 3, 2, 4, 1), (1, 3, 2, 5, 4), (1, 4, 3, 2, 5), (4, 2, 5, 3, 1)}
M(AUB) = 
[[3, 5, 1, 2, 4], [3, 5, 1, 4, 2], [3, 5, 4, 1, 2], [5, 3, 1, 2, 4], [5, 3, 1, 4, 2], [5, 3, 4, 1, 2]]
Distance:66

(35)
A = 
{(4, 1, 2, 3, 5), (5, 2, 1, 4, 3), (4, 3, 1, 5, 2), (4, 2, 1, 5, 3), (2, 1, 5, 3, 4), (3, 5, 4, 1, 2), (5, 3, 4, 1, 2), (1, 4, 3, 2, 5)}
M(A) = 
[[1, 2, 3, 5, 4]]
Distance: 33
B = 
{(1, 2, 5, 4, 3), (2, 3, 1, 4, 5), (1, 2, 3, 5, 4), (3, 5, 2, 1, 4), (2, 3, 4, 5, 1), (1, 4, 2, 3, 5), (1, 3, 2, 5, 4), (3, 2, 5, 4, 1)}
M(B) = 
[[1, 2, 3, 5, 4]]
Distance: 24
M(A) inter A:
set()
M(B) inter B:
{(1, 2, 3, 5, 4)}

AUB = 
{(4, 1, 2, 3, 5), (5, 2, 1, 4, 3), (4, 3, 1, 5, 2), (1, 2, 3, 5, 4), (4, 2, 1, 5, 3), (3, 2, 5, 4, 1), (2, 1, 5, 3, 4), (5, 3, 4, 1, 2), (3, 5, 4, 1, 2), (1, 2, 5, 4, 3), (2, 3, 4, 5, 1), (1, 3, 2, 5, 4), (2, 3, 1, 4, 5), (1, 4, 3, 2, 5), (3, 5, 2, 1, 4), (1, 4, 2, 3, 5)}
M(AUB) = 
[[1, 2, 3, 5, 4]]
Distance:65

(36)
A = 
{(1, 5, 4, 3, 2), (1, 2, 3, 4, 5), (2, 4, 5, 3, 1), (4, 1, 2, 5, 3), (4, 5, 3, 1, 2), (2, 4, 3, 1, 5), (5, 4, 2, 3, 1), (3, 4, 5, 2, 1)}
M(A) = 
[[1, 5, 2, 3, 4], [5, 1, 2, 3, 4], [5, 2, 3, 4, 1], [5, 3, 1, 2, 4], [5, 3, 4, 1, 2]]
Distance: 30
B = 
{(4, 3, 5, 1, 2), (1, 2, 3, 5, 4), (1, 5, 3, 2, 4), (1, 3, 5, 4, 2), (1, 5, 2, 3, 4), (2, 5, 3, 4, 1), (5, 2, 3, 4, 1), (3, 5, 1, 2, 4)}
M(B) = 
[[1, 5, 2, 3, 4], [5, 1, 2, 3, 4], [5, 2, 3, 4, 1], [5, 3, 1, 2, 4], [5, 3, 4, 1, 2]]
Distance: 27
M(A) inter A:
set()
M(B) inter B:
{(1, 5, 2, 3, 4), (1, 5, 3, 2, 4), (3, 5, 1, 2, 4)}

AUB = 
{(5, 4, 2, 3, 1), (3, 4, 5, 2, 1), (1, 5, 3, 2, 4), (4, 3, 5, 1, 2), (1, 2, 3, 5, 4), (1, 5, 4, 3, 2), (1, 2, 3, 4, 5), (1, 3, 5, 4, 2), (4, 1, 2, 5, 3), (4, 5, 3, 1, 2), (5, 2, 3, 4, 1), (2, 5, 3, 4, 1), (2, 4, 5, 3, 1), (1, 5, 2, 3, 4), (3, 5, 1, 2, 4), (2, 4, 3, 1, 5)}
M(AUB) = 
[[1, 5, 2, 3, 4], [5, 1, 2, 3, 4], [5, 2, 3, 4, 1], [5, 3, 1, 2, 4], [5, 3, 4, 1, 2]]
Distance:73

(37)
A = 
{(4, 1, 3, 2, 5), (1, 5, 4, 2, 3), (1, 5, 2, 3, 4), (2, 5, 1, 4, 3), (2, 4, 3, 1, 5), (5, 3, 4, 1, 2), (2, 5, 3, 4, 1), (3, 1, 4, 5, 2)}
M(A) = 
[[2, 5, 3, 1, 4], [2, 5, 3, 4, 1], [5, 2, 3, 1, 4], [5, 2, 3, 4, 1], [5, 3, 2, 1, 4], [5, 3, 2, 4, 1]]
Distance: 35
B = 
{(5, 3, 4, 2, 1), (2, 1, 3, 5, 4), (2, 4, 3, 1, 5), (5, 3, 4, 1, 2), (2, 5, 3, 1, 4), (3, 5, 2, 4, 1), (4, 3, 2, 1, 5), (5, 3, 1, 2, 4)}
M(B) = 
[[2, 5, 3, 1, 4], [2, 5, 3, 4, 1], [5, 2, 3, 1, 4], [5, 2, 3, 4, 1], [5, 3, 2, 1, 4], [5, 3, 2, 4, 1]]
Distance: 27
M(A) inter A:
set()
M(B) inter B:
{(3, 5, 2, 4, 1)}

AUB = 
{(4, 1, 3, 2, 5), (2, 5, 3, 1, 4), (1, 5, 4, 2, 3), (1, 5, 2, 3, 4), (5, 3, 4, 1, 2), (2, 4, 3, 1, 5), (2, 5, 1, 4, 3), (5, 3, 4, 2, 1), (2, 1, 3, 5, 4), (2, 5, 3, 4, 1), (3, 5, 2, 4, 1), (4, 3, 2, 1, 5), (3, 1, 4, 5, 2), (5, 3, 1, 2, 4)}
M(AUB) = 
[[2, 5, 3, 1, 4], [2, 5, 3, 4, 1], [5, 2, 3, 1, 4], [5, 2, 3, 4, 1], [5, 3, 2, 1, 4], [5, 3, 2, 4, 1]]
Distance:60

(38)
A = 
{(3, 1, 4, 2, 5), (1, 3, 2, 5, 4), (2, 4, 1, 3, 5), (5, 1, 2, 4, 3), (2, 3, 4, 5, 1), (3, 4, 5, 2, 1), (2, 1, 4, 3, 5), (2, 4, 3, 1, 5)}
M(A) = 
[[2, 1, 4, 3, 5], [2, 3, 1, 4, 5], [2, 4, 3, 1, 5]]
Distance: 28
B = 
{(1, 3, 2, 4, 5), (1, 5, 2, 4, 3), (3, 1, 2, 4, 5), (3, 5, 4, 1, 2), (2, 5, 1, 4, 3), (2, 3, 4, 5, 1), (4, 5, 3, 2, 1), (2, 5, 4, 3, 1)}
M(B) = 
[[2, 1, 4, 3, 5], [2, 3, 1, 4, 5], [2, 4, 3, 1, 5]]
Distance: 35
M(A) inter A:
{(2, 3, 4, 5, 1)}
M(B) inter B:
{(2, 5, 4, 3, 1), (2, 3, 4, 5, 1)}

AUB = 
{(1, 3, 2, 4, 5), (1, 5, 2, 4, 3), (2, 5, 1, 4, 3), (3, 1, 4, 2, 5), (2, 1, 4, 3, 5), (2, 4, 1, 3, 5), (5, 1, 2, 4, 3), (3, 1, 2, 4, 5), (2, 3, 4, 5, 1), (4, 5, 3, 2, 1), (2, 5, 4, 3, 1), (3, 4, 5, 2, 1), (1, 3, 2, 5, 4), (2, 4, 3, 1, 5), (3, 5, 4, 1, 2)}
M(AUB) = 
[[2, 1, 4, 3, 5], [2, 3, 1, 4, 5], [2, 4, 3, 1, 5]]
Distance:63

(39)
A = 
{(5, 1, 3, 2, 4), (5, 2, 1, 3, 4), (3, 1, 4, 2, 5), (3, 5, 1, 4, 2), (5, 3, 1, 4, 2), (4, 5, 2, 1, 3), (2, 5, 3, 4, 1), (2, 1, 3, 4, 5)}
M(A) = 
[[3, 5, 2, 1, 4], [3, 5, 2, 4, 1], [3, 5, 4, 2, 1], [5, 2, 3, 1, 4], [5, 2, 3, 4, 1], [5, 3, 2, 1, 4], [5, 3, 2, 4, 1], [5, 3, 4, 2, 1]]
Distance: 30
B = 
{(3, 5, 4, 2, 1), (5, 4, 1, 2, 3), (3, 5, 4, 1, 2), (2, 3, 1, 5, 4), (3, 2, 4, 5, 1), (5, 3, 2, 1, 4), (5, 2, 4, 3, 1), (4, 2, 3, 5, 1)}
M(B) = 
[[3, 5, 2, 1, 4], [3, 5, 2, 4, 1], [3, 5, 4, 2, 1], [5, 2, 3, 1, 4], [5, 2, 3, 4, 1], [5, 3, 2, 1, 4], [5, 3, 2, 4, 1], [5, 3, 4, 2, 1]]
Distance: 25
M(A) inter A:
set()
M(B) inter B:
{(3, 5, 4, 2, 1)}

AUB = 
{(4, 5, 2, 1, 3), (5, 4, 1, 2, 3), (5, 2, 1, 3, 4), (3, 5, 4, 2, 1), (3, 1, 4, 2, 5), (5, 3, 1, 4, 2), (3, 5, 1, 4, 2), (5, 3, 2, 1, 4), (5, 1, 3, 2, 4), (2, 5, 3, 4, 1), (4, 2, 3, 5, 1), (2, 3, 1, 5, 4), (3, 2, 4, 5, 1), (2, 1, 3, 4, 5), (5, 2, 4, 3, 1), (3, 5, 4, 1, 2)}
M(AUB) = 
[[3, 5, 2, 1, 4], [3, 5, 2, 4, 1], [3, 5, 4, 2, 1], [5, 2, 3, 1, 4], [5, 2, 3, 4, 1], [5, 3, 2, 1, 4], [5, 3, 2, 4, 1], [5, 3, 4, 2, 1]]
Distance:61

(40)
A = 
{(1, 3, 4, 2, 5), (2, 3, 1, 5, 4), (5, 2, 3, 1, 4), (1, 5, 4, 3, 2), (5, 3, 4, 1, 2), (3, 5, 4, 2, 1), (2, 5, 3, 4, 1), (3, 4, 2, 5, 1)}
M(A) = 
[[2, 5, 3, 4, 1]]
Distance: 29
B = 
{(4, 1, 2, 3, 5), (1, 2, 5, 4, 3), (4, 2, 5, 1, 3), (1, 2, 3, 4, 5), (5, 1, 4, 2, 3), (2, 4, 5, 1, 3), (2, 3, 4, 5, 1), (2, 4, 5, 3, 1)}
M(B) = 
[[2, 5, 3, 4, 1]]
Distance: 23
M(A) inter A:
set()
M(B) inter B:
{(2, 4, 5, 1, 3)}

AUB = 
{(1, 3, 4, 2, 5), (3, 5, 4, 2, 1), (1, 2, 5, 4, 3), (4, 2, 5, 1, 3), (5, 2, 3, 1, 4), (1, 5, 4, 3, 2), (5, 1, 4, 2, 3), (1, 2, 3, 4, 5), (5, 3, 4, 1, 2), (2, 4, 5, 1, 3), (2, 3, 1, 5, 4), (2, 5, 3, 4, 1), (4, 1, 2, 3, 5), (2, 3, 4, 5, 1), (3, 4, 2, 5, 1), (2, 4, 5, 3, 1)}
M(AUB) = 
[[2, 5, 3, 4, 1]]
Distance:68

(41)
A = 
{(5, 3, 1, 2, 4), (1, 2, 4, 3, 5), (5, 3, 4, 1, 2), (4, 5, 1, 2, 3), (4, 2, 3, 5, 1), (3, 5, 2, 1, 4), (3, 4, 2, 1, 5), (4, 2, 5, 3, 1)}
M(A) = 
[[2, 1, 3, 4, 5], [2, 1, 4, 3, 5], [2, 1, 4, 5, 3], [2, 4, 1, 3, 5], [2, 4, 1, 5, 3], [4, 2, 1, 3, 5], [4, 2, 1, 5, 3]]
Distance: 33
B = 
{(2, 1, 3, 5, 4), (1, 2, 3, 5, 4), (4, 2, 1, 5, 3), (1, 5, 4, 3, 2), (2, 4, 1, 3, 5), (2, 1, 5, 3, 4), (2, 1, 4, 5, 3), (3, 4, 1, 5, 2)}
M(B) = 
[[2, 1, 3, 4, 5], [2, 1, 4, 3, 5], [2, 1, 4, 5, 3], [2, 4, 1, 3, 5], [2, 4, 1, 5, 3], [4, 2, 1, 3, 5], [4, 2, 1, 5, 3]]
Distance: 26
M(A) inter A:
set()
M(B) inter B:
{(2, 1, 3, 5, 4), (2, 1, 5, 3, 4), (2, 1, 4, 5, 3)}

AUB = 
{(2, 1, 4, 5, 3), (4, 2, 1, 5, 3), (1, 2, 3, 5, 4), (2, 1, 3, 5, 4), (3, 5, 2, 1, 4), (1, 2, 4, 3, 5), (5, 3, 4, 1, 2), (4, 5, 1, 2, 3), (1, 5, 4, 3, 2), (2, 1, 5, 3, 4), (4, 2, 5, 3, 1), (2, 4, 1, 3, 5), (3, 4, 1, 5, 2), (5, 3, 1, 2, 4), (3, 4, 2, 1, 5), (4, 2, 3, 5, 1)}
M(AUB) = 
[[2, 1, 3, 4, 5], [2, 1, 4, 3, 5], [2, 1, 4, 5, 3], [2, 4, 1, 3, 5], [2, 4, 1, 5, 3], [4, 2, 1, 3, 5], [4, 2, 1, 5, 3]]
Distance:71

(42)
A = 
{(2, 3, 1, 4, 5), (3, 2, 5, 1, 4), (5, 1, 4, 2, 3), (4, 5, 1, 3, 2), (1, 4, 3, 5, 2), (5, 2, 3, 4, 1), (2, 1, 4, 3, 5), (4, 2, 5, 3, 1)}
M(A) = 
[[1, 3, 4, 2, 5], [1, 3, 4, 5, 2], [1, 4, 2, 3, 5], [1, 4, 2, 5, 3], [1, 4, 3, 2, 5], [1, 4, 3, 5, 2], [1, 4, 5, 2, 3], [1, 4, 5, 3, 2], [2, 1, 3, 4, 5], [2, 1, 4, 3, 5], [2, 1, 4, 5, 3], [4, 2, 5, 1, 3], [4, 5, 2, 1, 3]]
Distance: 36
B = 
{(1, 2, 4, 5, 3), (5, 2, 1, 3, 4), (3, 4, 2, 1, 5), (5, 1, 3, 4, 2), (1, 4, 5, 3, 2), (3, 4, 2, 5, 1), (1, 3, 5, 2, 4), (4, 2, 3, 5, 1)}
M(B) = 
[[1, 3, 4, 2, 5], [1, 3, 4, 5, 2], [1, 4, 2, 3, 5], [1, 4, 2, 5, 3], [1, 4, 3, 2, 5], [1, 4, 3, 5, 2], [1, 4, 5, 2, 3], [1, 4, 5, 3, 2], [2, 1, 3, 4, 5], [2, 1, 4, 3, 5], [2, 1, 4, 5, 3], [4, 2, 5, 1, 3], [4, 5, 2, 1, 3]]
Distance: 34
M(A) inter A:
set()
M(B) inter B:
set()

AUB = 
{(1, 4, 5, 3, 2), (1, 2, 4, 5, 3), (2, 3, 1, 4, 5), (5, 2, 1, 3, 4), (3, 2, 5, 1, 4), (1, 3, 5, 2, 4), (3, 4, 2, 1, 5), (5, 1, 4, 2, 3), (5, 1, 3, 4, 2), (4, 5, 1, 3, 2), (4, 2, 3, 5, 1), (1, 4, 3, 5, 2), (5, 2, 3, 4, 1), (2, 1, 4, 3, 5), (3, 4, 2, 5, 1), (4, 2, 5, 3, 1)}
M(AUB) = 
[[1, 3, 4, 2, 5], [1, 3, 4, 5, 2], [1, 4, 2, 3, 5], [1, 4, 2, 5, 3], [1, 4, 3, 2, 5], [1, 4, 3, 5, 2], [1, 4, 5, 2, 3], [1, 4, 5, 3, 2], [2, 1, 3, 4, 5], [2, 1, 4, 3, 5], [2, 1, 4, 5, 3], [4, 2, 5, 1, 3], [4, 5, 2, 1, 3]]
Distance:76

(43)
A = 
{(5, 2, 1, 4, 3), (2, 3, 4, 1, 5), (5, 2, 1, 3, 4), (4, 2, 5, 1, 3), (1, 3, 4, 5, 2), (3, 4, 2, 1, 5), (4, 1, 5, 3, 2), (5, 4, 3, 2, 1)}
M(A) = 
[[4, 5, 2, 1, 3], [4, 5, 2, 3, 1], [5, 4, 2, 1, 3], [5, 4, 2, 3, 1]]
Distance: 32
B = 
{(5, 3, 2, 4, 1), (1, 5, 4, 2, 3), (5, 2, 3, 1, 4), (2, 3, 1, 5, 4), (4, 2, 3, 1, 5), (2, 5, 1, 3, 4), (1, 4, 5, 3, 2), (4, 5, 3, 2, 1)}
M(B) = 
[[4, 5, 2, 1, 3], [4, 5, 2, 3, 1], [5, 4, 2, 1, 3], [5, 4, 2, 3, 1]]
Distance: 31
M(A) inter A:
set()
M(B) inter B:
{(5, 2, 3, 1, 4)}

AUB = 
{(2, 3, 1, 5, 4), (5, 2, 1, 4, 3), (2, 3, 4, 1, 5), (4, 2, 5, 1, 3), (5, 2, 1, 3, 4), (4, 1, 5, 3, 2), (3, 4, 2, 1, 5), (5, 2, 3, 1, 4), (1, 3, 4, 5, 2), (4, 2, 3, 1, 5), (5, 3, 2, 4, 1), (2, 5, 1, 3, 4), (1, 4, 5, 3, 2), (4, 5, 3, 2, 1), (1, 5, 4, 2, 3), (5, 4, 3, 2, 1)}
M(AUB) = 
[[4, 5, 2, 1, 3], [4, 5, 2, 3, 1], [5, 4, 2, 1, 3], [5, 4, 2, 3, 1]]
Distance:69

(44)
A = 
{(4, 3, 5, 2, 1), (5, 3, 1, 4, 2), (5, 1, 2, 4, 3), (5, 3, 2, 1, 4), (1, 3, 5, 2, 4), (4, 5, 3, 2, 1), (5, 4, 3, 2, 1), (3, 5, 2, 1, 4)}
M(A) = 
[[4, 3, 5, 2, 1], [4, 5, 3, 2, 1], [5, 4, 3, 2, 1]]
Distance: 23
B = 
{(1, 3, 4, 2, 5), (5, 4, 2, 1, 3), (1, 2, 4, 3, 5), (4, 2, 3, 1, 5), (4, 5, 1, 2, 3), (4, 5, 3, 2, 1), (2, 4, 3, 5, 1), (5, 3, 2, 1, 4)}
M(B) = 
[[4, 3, 5, 2, 1], [4, 5, 3, 2, 1], [5, 4, 3, 2, 1]]
Distance: 31
M(A) inter A:
set()
M(B) inter B:
set()

AUB = 
{(1, 3, 4, 2, 5), (4, 5, 1, 2, 3), (5, 4, 2, 1, 3), (4, 3, 5, 2, 1), (5, 1, 2, 4, 3), (1, 2, 4, 3, 5), (3, 5, 2, 1, 4), (5, 3, 1, 4, 2), (4, 2, 3, 1, 5), (1, 3, 5, 2, 4), (4, 5, 3, 2, 1), (5, 4, 3, 2, 1), (5, 3, 2, 1, 4), (2, 4, 3, 5, 1)}
M(AUB) = 
[[4, 3, 5, 2, 1], [4, 5, 3, 2, 1], [5, 4, 3, 2, 1]]
Distance:58

(45)
A = 
{(4, 1, 3, 2, 5), (5, 4, 1, 3, 2), (1, 2, 3, 5, 4), (5, 1, 3, 4, 2), (3, 1, 5, 4, 2), (4, 5, 3, 1, 2), (5, 2, 4, 3, 1), (1, 3, 2, 5, 4)}
M(A) = 
[[5, 1, 3, 4, 2]]
Distance: 30
B = 
{(4, 5, 1, 2, 3), (5, 4, 1, 3, 2), (1, 5, 4, 3, 2), (3, 2, 1, 4, 5), (5, 3, 1, 4, 2), (2, 5, 3, 1, 4), (3, 2, 4, 5, 1), (1, 2, 4, 3, 5)}
M(B) = 
[[5, 1, 3, 4, 2]]
Distance: 35
M(A) inter A:
{(5, 1, 3, 4, 2)}
M(B) inter B:
{(5, 3, 1, 4, 2)}

AUB = 
{(4, 1, 3, 2, 5), (4, 5, 1, 2, 3), (1, 2, 3, 5, 4), (5, 4, 1, 3, 2), (2, 5, 3, 1, 4), (1, 5, 4, 3, 2), (3, 2, 1, 4, 5), (5, 3, 1, 4, 2), (5, 1, 3, 4, 2), (3, 1, 5, 4, 2), (1, 2, 4, 3, 5), (4, 5, 3, 1, 2), (5, 2, 4, 3, 1), (1, 3, 2, 5, 4), (3, 2, 4, 5, 1)}
M(AUB) = 
[[5, 1, 3, 4, 2]]
Distance:63

(46)
A = 
{(2, 4, 1, 5, 3), (4, 3, 5, 1, 2), (1, 5, 3, 2, 4), (2, 4, 3, 1, 5), (1, 2, 5, 4, 3), (4, 2, 3, 1, 5), (2, 5, 1, 3, 4), (2, 4, 1, 3, 5)}
M(A) = 
[[2, 4, 3, 1, 5]]
Distance: 26
B = 
{(5, 4, 2, 1, 3), (2, 3, 4, 1, 5), (1, 2, 5, 3, 4), (3, 1, 5, 4, 2), (4, 3, 2, 1, 5), (2, 3, 4, 5, 1), (4, 2, 3, 5, 1), (2, 3, 5, 4, 1)}
M(B) = 
[[2, 4, 3, 1, 5]]
Distance: 27
M(A) inter A:
set()
M(B) inter B:
{(2, 3, 4, 1, 5), (2, 3, 4, 5, 1), (2, 3, 5, 4, 1)}

AUB = 
{(2, 4, 1, 5, 3), (4, 3, 5, 1, 2), (1, 2, 5, 3, 4), (2, 3, 4, 5, 1), (1, 5, 3, 2, 4), (2, 4, 3, 1, 5), (5, 4, 2, 1, 3), (1, 2, 5, 4, 3), (4, 2, 3, 1, 5), (2, 5, 1, 3, 4), (3, 1, 5, 4, 2), (4, 3, 2, 1, 5), (2, 3, 4, 1, 5), (2, 4, 1, 3, 5), (4, 2, 3, 5, 1), (2, 3, 5, 4, 1)}
M(AUB) = 
[[2, 4, 3, 1, 5]]
Distance:57

(47)
A = 
{(1, 3, 4, 2, 5), (5, 2, 1, 3, 4), (3, 1, 2, 4, 5), (1, 3, 5, 4, 2), (3, 4, 1, 2, 5), (2, 5, 4, 1, 3), (4, 2, 1, 3, 5), (4, 3, 2, 5, 1)}
M(A) = 
[[3, 4, 2, 1, 5]]
Distance: 30
B = 
{(1, 3, 2, 4, 5), (2, 3, 1, 4, 5), (2, 4, 1, 3, 5), (5, 3, 4, 2, 1), (3, 4, 2, 1, 5), (4, 5, 2, 3, 1), (2, 1, 4, 3, 5), (3, 4, 1, 2, 5)}
M(B) = 
[[3, 4, 2, 1, 5]]
Distance: 26
M(A) inter A:
set()
M(B) inter B:
{(3, 4, 2, 1, 5)}

AUB = 
{(1, 3, 4, 2, 5), (1, 3, 2, 4, 5), (2, 3, 1, 4, 5), (5, 2, 1, 3, 4), (3, 1, 2, 4, 5), (2, 5, 4, 1, 3), (3, 4, 1, 2, 5), (1, 3, 5, 4, 2), (4, 2, 1, 3, 5), (5, 3, 4, 2, 1), (4, 3, 2, 5, 1), (3, 4, 2, 1, 5), (4, 5, 2, 3, 1), (2, 1, 4, 3, 5), (2, 4, 1, 3, 5)}
M(AUB) = 
[[3, 4, 2, 1, 5]]
Distance:57

(48)
A = 
{(2, 3, 1, 5, 4), (3, 1, 4, 2, 5), (5, 1, 3, 4, 2), (3, 2, 4, 1, 5), (4, 1, 3, 5, 2), (2, 5, 1, 3, 4), (2, 1, 4, 3, 5), (4, 2, 3, 5, 1)}
M(A) = 
[[3, 1, 2, 4, 5]]
Distance: 31
B = 
{(5, 4, 3, 1, 2), (3, 1, 2, 4, 5), (3, 2, 1, 4, 5), (5, 1, 2, 4, 3), (4, 1, 5, 2, 3), (3, 1, 4, 5, 2), (5, 2, 4, 3, 1), (1, 2, 4, 3, 5)}
M(B) = 
[[3, 1, 2, 4, 5]]
Distance: 35
M(A) inter A:
set()
M(B) inter B:
{(3, 1, 2, 4, 5), (1, 2, 4, 3, 5), (3, 1, 4, 5, 2)}

AUB = 
{(5, 1, 3, 4, 2), (5, 1, 2, 4, 3), (5, 4, 3, 1, 2), (3, 1, 4, 2, 5), (2, 5, 1, 3, 4), (3, 2, 4, 1, 5), (4, 1, 3, 5, 2), (2, 3, 1, 5, 4), (3, 1, 2, 4, 5), (4, 1, 5, 2, 3), (1, 2, 4, 3, 5), (3, 1, 4, 5, 2), (5, 2, 4, 3, 1), (2, 1, 4, 3, 5), (3, 2, 1, 4, 5), (4, 2, 3, 5, 1)}
M(AUB) = 
[[3, 1, 2, 4, 5]]
Distance:68

(49)
A = 
{(2, 3, 1, 5, 4), (1, 2, 5, 4, 3), (4, 3, 1, 5, 2), (3, 4, 1, 5, 2), (1, 2, 3, 5, 4), (1, 5, 3, 4, 2), (2, 5, 3, 1, 4), (4, 3, 1, 2, 5)}
M(A) = 
[[5, 3, 1, 2, 4]]
Distance: 29
B = 
{(2, 4, 1, 5, 3), (4, 3, 1, 5, 2), (5, 4, 1, 3, 2), (2, 5, 1, 4, 3), (5, 3, 1, 4, 2), (3, 5, 4, 2, 1), (2, 4, 5, 3, 1), (5, 3, 2, 1, 4)}
M(B) = 
[[5, 3, 1, 2, 4]]
Distance: 29
M(A) inter A:
set()
M(B) inter B:
set()

AUB = 
{(2, 5, 3, 1, 4), (1, 2, 5, 4, 3), (5, 4, 1, 3, 2), (4, 3, 1, 5, 2), (1, 2, 3, 5, 4), (3, 4, 1, 5, 2), (3, 5, 4, 2, 1), (1, 5, 3, 4, 2), (5, 3, 1, 4, 2), (2, 5, 1, 4, 3), (2, 4, 1, 5, 3), (2, 3, 1, 5, 4), (4, 3, 1, 2, 5), (2, 4, 5, 3, 1), (5, 3, 2, 1, 4)}
M(AUB) = 
[[5, 3, 1, 2, 4]]
Distance:68

(50)
A = 
{(5, 1, 4, 3, 2), (5, 4, 1, 2, 3), (1, 2, 3, 5, 4), (4, 1, 2, 5, 3), (5, 1, 2, 4, 3), (5, 3, 4, 1, 2), (5, 1, 3, 4, 2), (3, 4, 2, 5, 1)}
M(A) = 
[[5, 4, 1, 2, 3]]
Distance: 26
B = 
{(2, 4, 1, 5, 3), (3, 1, 5, 2, 4), (3, 4, 5, 1, 2), (4, 5, 1, 3, 2), (2, 5, 4, 3, 1), (2, 5, 3, 4, 1), (2, 4, 3, 5, 1), (2, 4, 5, 3, 1)}
M(B) = 
[[5, 4, 1, 2, 3]]
Distance: 25
M(A) inter A:
set()
M(B) inter B:
{(2, 4, 5, 3, 1)}

AUB = 
{(5, 1, 3, 4, 2), (5, 4, 1, 2, 3), (3, 1, 5, 2, 4), (3, 4, 5, 1, 2), (1, 2, 3, 5, 4), (4, 1, 2, 5, 3), (5, 3, 4, 1, 2), (5, 1, 2, 4, 3), (2, 4, 1, 5, 3), (5, 1, 4, 3, 2), (2, 5, 3, 4, 1), (4, 5, 1, 3, 2), (2, 4, 5, 3, 1), (2, 5, 4, 3, 1), (3, 4, 2, 5, 1), (2, 4, 3, 5, 1)}
M(AUB) = 
[[5, 4, 1, 2, 3]]
Distance:65

(51)
A = 
{(4, 1, 3, 2, 5), (2, 1, 5, 4, 3), (4, 2, 5, 1, 3), (2, 1, 5, 3, 4), (2, 1, 3, 5, 4), (4, 1, 5, 2, 3), (4, 5, 2, 3, 1), (5, 3, 1, 2, 4)}
M(A) = 
[[5, 4, 2, 1, 3]]
Distance: 30
B = 
{(2, 1, 5, 4, 3), (4, 3, 5, 2, 1), (3, 5, 4, 1, 2), (3, 4, 1, 2, 5), (5, 1, 2, 4, 3), (1, 5, 3, 4, 2), (2, 5, 4, 3, 1), (3, 4, 5, 2, 1)}
M(B) = 
[[5, 4, 2, 1, 3]]
Distance: 33
M(A) inter A:
set()
M(B) inter B:
{(3, 5, 4, 1, 2)}

AUB = 
{(4, 1, 3, 2, 5), (2, 1, 5, 4, 3), (4, 2, 5, 1, 3), (2, 1, 5, 3, 4), (5, 1, 2, 4, 3), (3, 4, 1, 2, 5), (3, 5, 4, 1, 2), (1, 5, 3, 4, 2), (2, 1, 3, 5, 4), (4, 1, 5, 2, 3), (4, 5, 2, 3, 1), (2, 5, 4, 3, 1), (3, 4, 5, 2, 1), (5, 3, 1, 2, 4), (4, 3, 5, 2, 1)}
M(AUB) = 
[[5, 4, 2, 1, 3]]
Distance:67

(52)
A = 
{(4, 1, 3, 2, 5), (2, 1, 5, 3, 4), (1, 2, 4, 3, 5), (1, 4, 3, 2, 5), (2, 3, 5, 1, 4), (2, 3, 4, 5, 1), (3, 2, 4, 5, 1), (3, 4, 5, 2, 1)}
M(A) = 
[[1, 3, 2, 4, 5], [2, 1, 3, 4, 5]]
Distance: 29
B = 
{(5, 1, 4, 3, 2), (3, 5, 4, 1, 2), (2, 5, 1, 4, 3), (4, 1, 5, 3, 2), (2, 5, 1, 3, 4), (3, 2, 4, 5, 1), (2, 1, 4, 3, 5), (1, 3, 2, 5, 4)}
M(B) = 
[[1, 3, 2, 4, 5], [2, 1, 3, 4, 5]]
Distance: 34
M(A) inter A:
set()
M(B) inter B:
{(2, 5, 1, 3, 4), (1, 3, 2, 5, 4), (2, 5, 1, 4, 3)}

AUB = 
{(4, 1, 3, 2, 5), (5, 1, 4, 3, 2), (3, 4, 5, 2, 1), (2, 1, 5, 3, 4), (2, 5, 1, 4, 3), (1, 2, 4, 3, 5), (2, 5, 1, 3, 4), (3, 5, 4, 1, 2), (2, 3, 5, 1, 4), (4, 1, 5, 3, 2), (2, 3, 4, 5, 1), (1, 3, 2, 5, 4), (1, 4, 3, 2, 5), (2, 1, 4, 3, 5), (3, 2, 4, 5, 1)}
M(AUB) = 
[[1, 3, 2, 4, 5], [2, 1, 3, 4, 5]]
Distance:63

(53)
A = 
{(3, 1, 5, 2, 4), (1, 5, 2, 3, 4), (5, 3, 1, 2, 4), (2, 5, 4, 3, 1), (4, 3, 2, 1, 5), (2, 4, 3, 5, 1), (2, 1, 4, 3, 5), (4, 2, 3, 5, 1)}
M(A) = 
[[2, 3, 1, 4, 5]]
Distance: 31
B = 
{(1, 3, 4, 2, 5), (3, 1, 2, 5, 4), (3, 4, 2, 1, 5), (1, 4, 5, 2, 3), (1, 4, 2, 5, 3), (3, 4, 5, 2, 1), (5, 3, 1, 2, 4), (5, 2, 3, 4, 1)}
M(B) = 
[[2, 3, 1, 4, 5]]
Distance: 31
M(A) inter A:
set()
M(B) inter B:
set()

AUB = 
{(1, 3, 4, 2, 5), (3, 1, 5, 2, 4), (1, 5, 2, 3, 4), (2, 1, 4, 3, 5), (3, 4, 2, 1, 5), (1, 4, 2, 5, 3), (1, 4, 5, 2, 3), (2, 5, 4, 3, 1), (5, 2, 3, 4, 1), (4, 3, 2, 1, 5), (3, 1, 2, 5, 4), (2, 4, 3, 5, 1), (5, 3, 1, 2, 4), (3, 4, 5, 2, 1), (4, 2, 3, 5, 1)}
M(AUB) = 
[[2, 3, 1, 4, 5]]
Distance:64

(54)
A = 
{(1, 2, 3, 5, 4), (1, 5, 3, 4, 2), (1, 3, 4, 5, 2), (2, 5, 4, 1, 3), (4, 2, 1, 3, 5), (2, 3, 4, 5, 1), (5, 4, 3, 2, 1), (1, 3, 5, 2, 4)}
M(A) = 
[[5, 4, 1, 2, 3], [5, 4, 2, 1, 3]]
Distance: 34
B = 
{(4, 1, 3, 2, 5), (5, 4, 1, 2, 3), (2, 1, 5, 4, 3), (1, 2, 3, 5, 4), (4, 5, 2, 3, 1), (5, 4, 3, 2, 1), (5, 3, 1, 2, 4), (4, 2, 3, 5, 1)}
M(B) = 
[[5, 4, 1, 2, 3], [5, 4, 2, 1, 3]]
Distance: 32
M(A) inter A:
set()
M(B) inter B:
{(5, 4, 1, 2, 3)}

AUB = 
{(4, 1, 3, 2, 5), (5, 4, 1, 2, 3), (2, 1, 5, 4, 3), (1, 2, 3, 5, 4), (5, 3, 1, 2, 4), (1, 5, 3, 4, 2), (2, 5, 4, 1, 3), (1, 3, 4, 5, 2), (4, 2, 1, 3, 5), (2, 3, 4, 5, 1), (4, 5, 2, 3, 1), (5, 4, 3, 2, 1), (1, 3, 5, 2, 4), (4, 2, 3, 5, 1)}
M(AUB) = 
[[5, 4, 1, 2, 3], [5, 4, 2, 1, 3]]
Distance:63

(55)
A = 
{(1, 3, 2, 4, 5), (2, 1, 4, 5, 3), (5, 4, 1, 3, 2), (2, 5, 4, 1, 3), (3, 5, 1, 4, 2), (3, 5, 4, 2, 1), (2, 1, 5, 4, 3), (2, 1, 4, 3, 5)}
M(A) = 
[[2, 5, 1, 3, 4], [2, 5, 1, 4, 3], [2, 5, 4, 1, 3]]
Distance: 32
B = 
{(4, 2, 1, 5, 3), (5, 1, 2, 4, 3), (5, 3, 1, 4, 2), (5, 3, 2, 4, 1), (2, 5, 3, 4, 1), (5, 4, 3, 2, 1), (1, 3, 2, 5, 4), (3, 4, 2, 5, 1)}
M(B) = 
[[2, 5, 1, 3, 4], [2, 5, 1, 4, 3], [2, 5, 4, 1, 3]]
Distance: 29
M(A) inter A:
set()
M(B) inter B:
{(5, 3, 2, 4, 1)}

AUB = 
{(1, 3, 2, 4, 5), (5, 3, 2, 4, 1), (5, 1, 2, 4, 3), (2, 1, 4, 5, 3), (4, 2, 1, 5, 3), (5, 4, 1, 3, 2), (3, 5, 1, 4, 2), (2, 5, 4, 1, 3), (3, 5, 4, 2, 1), (2, 5, 3, 4, 1), (5, 3, 1, 4, 2), (1, 3, 2, 5, 4), (2, 1, 5, 4, 3), (5, 4, 3, 2, 1), (2, 1, 4, 3, 5), (3, 4, 2, 5, 1)}
M(AUB) = 
[[2, 5, 1, 3, 4], [2, 5, 1, 4, 3], [2, 5, 4, 1, 3]]
Distance:69

(56)
A = 
{(5, 4, 2, 3, 1), (4, 1, 2, 3, 5), (2, 1, 5, 4, 3), (5, 4, 3, 1, 2), (3, 1, 2, 5, 4), (5, 4, 3, 2, 1), (3, 2, 5, 4, 1), (4, 3, 5, 1, 2)}
M(A) = 
[[3, 5, 2, 4, 1]]
Distance: 29
B = 
{(2, 3, 1, 5, 4), (5, 2, 1, 4, 3), (2, 3, 1, 4, 5), (1, 5, 3, 2, 4), (2, 4, 3, 1, 5), (5, 3, 2, 4, 1), (4, 3, 5, 1, 2), (3, 4, 5, 2, 1)}
M(B) = 
[[3, 5, 2, 4, 1]]
Distance: 31
M(A) inter A:
set()
M(B) inter B:
set()

AUB = 
{(4, 1, 2, 3, 5), (5, 3, 2, 4, 1), (5, 2, 1, 4, 3), (2, 1, 5, 4, 3), (2, 3, 1, 4, 5), (5, 4, 3, 1, 2), (3, 2, 5, 4, 1), (1, 5, 3, 2, 4), (2, 4, 3, 1, 5), (2, 3, 1, 5, 4), (3, 1, 2, 5, 4), (5, 4, 2, 3, 1), (3, 4, 5, 2, 1), (5, 4, 3, 2, 1), (4, 3, 5, 1, 2)}
M(AUB) = 
[[3, 5, 2, 4, 1]]
Distance:62

(57)
A = 
{(5, 3, 4, 2, 1), (5, 4, 3, 1, 2), (1, 2, 5, 3, 4), (1, 5, 3, 2, 4), (5, 1, 2, 3, 4), (2, 3, 5, 4, 1), (2, 5, 3, 4, 1), (3, 4, 2, 5, 1)}
M(A) = 
[[5, 3, 1, 2, 4], [5, 3, 4, 1, 2]]
Distance: 27
B = 
{(5, 4, 1, 3, 2), (1, 2, 5, 3, 4), (3, 5, 1, 2, 4), (3, 4, 1, 2, 5), (5, 3, 4, 2, 1), (2, 3, 5, 4, 1), (1, 4, 3, 2, 5), (2, 1, 3, 4, 5)}
M(B) = 
[[5, 3, 1, 2, 4], [5, 3, 4, 1, 2]]
Distance: 33
M(A) inter A:
set()
M(B) inter B:
set()

AUB = 
{(5, 1, 2, 3, 4), (5, 4, 1, 3, 2), (1, 2, 5, 3, 4), (5, 4, 3, 1, 2), (1, 5, 3, 2, 4), (2, 1, 3, 4, 5), (3, 4, 1, 2, 5), (5, 3, 4, 2, 1), (2, 3, 5, 4, 1), (2, 5, 3, 4, 1), (3, 4, 2, 5, 1), (3, 5, 1, 2, 4), (1, 4, 3, 2, 5)}
M(AUB) = 
[[5, 3, 1, 2, 4], [5, 3, 4, 1, 2]]
Distance:54

(58)
A = 
{(5, 4, 2, 1, 3), (1, 2, 5, 3, 4), (5, 2, 1, 3, 4), (4, 3, 2, 5, 1), (5, 1, 4, 3, 2), (2, 3, 5, 4, 1), (3, 1, 4, 5, 2), (3, 2, 4, 5, 1)}
M(A) = 
[[2, 3, 5, 4, 1], [2, 5, 3, 4, 1], [2, 5, 4, 1, 3], [2, 5, 4, 3, 1], [3, 2, 5, 4, 1]]
Distance: 35
B = 
{(4, 1, 2, 3, 5), (5, 4, 2, 1, 3), (5, 4, 1, 3, 2), (3, 2, 1, 5, 4), (5, 1, 4, 3, 2), (2, 4, 5, 3, 1), (1, 3, 2, 5, 4), (4, 2, 5, 3, 1)}
M(B) = 
[[2, 3, 5, 4, 1], [2, 5, 3, 4, 1], [2, 5, 4, 1, 3], [2, 5, 4, 3, 1], [3, 2, 5, 4, 1]]
Distance: 33
M(A) inter A:
{(5, 4, 2, 1, 3)}
M(B) inter B:
{(5, 4, 2, 1, 3), (5, 4, 1, 3, 2)}

AUB = 
{(4, 1, 2, 3, 5), (5, 4, 2, 1, 3), (5, 4, 1, 3, 2), (5, 2, 1, 3, 4), (1, 2, 5, 3, 4), (4, 3, 2, 5, 1), (5, 1, 4, 3, 2), (2, 3, 5, 4, 1), (3, 2, 1, 5, 4), (3, 1, 4, 5, 2), (3, 2, 4, 5, 1), (1, 3, 2, 5, 4), (2, 4, 5, 3, 1), (4, 2, 5, 3, 1)}
M(AUB) = 
[[2, 3, 5, 4, 1], [2, 5, 3, 4, 1], [2, 5, 4, 1, 3], [2, 5, 4, 3, 1], [3, 2, 5, 4, 1]]
Distance:63

(59)
A = 
{(1, 5, 2, 4, 3), (5, 4, 3, 1, 2), (3, 5, 2, 1, 4), (3, 5, 1, 4, 2), (4, 5, 1, 2, 3), (2, 3, 5, 4, 1), (4, 5, 3, 1, 2), (5, 3, 2, 1, 4)}
M(A) = 
[[3, 5, 1, 2, 4], [3, 5, 4, 1, 2], [5, 4, 3, 1, 2]]
Distance: 27
B = 
{(4, 3, 1, 5, 2), (3, 4, 1, 5, 2), (5, 4, 1, 3, 2), (5, 3, 2, 1, 4), (3, 5, 2, 4, 1), (2, 1, 4, 5, 3), (3, 1, 5, 2, 4), (2, 1, 4, 3, 5)}
M(B) = 
[[3, 5, 1, 2, 4], [3, 5, 4, 1, 2], [5, 4, 3, 1, 2]]
Distance: 32
M(A) inter A:
set()
M(B) inter B:
{(3, 1, 5, 2, 4)}

AUB = 
{(3, 5, 2, 4, 1), (5, 4, 1, 3, 2), (1, 5, 2, 4, 3), (3, 4, 1, 5, 2), (5, 4, 3, 1, 2), (5, 3, 2, 1, 4), (3, 5, 1, 4, 2), (4, 5, 1, 2, 3), (2, 3, 5, 4, 1), (3, 1, 5, 2, 4), (2, 1, 4, 5, 3), (4, 5, 3, 1, 2), (2, 1, 4, 3, 5), (3, 5, 2, 1, 4), (4, 3, 1, 5, 2)}
M(AUB) = 
[[3, 5, 1, 2, 4], [3, 5, 4, 1, 2], [5, 4, 3, 1, 2]]
Distance:61

(60)
A = 
{(5, 4, 2, 1, 3), (4, 2, 1, 5, 3), (3, 2, 1, 4, 5), (5, 3, 1, 4, 2), (5, 3, 2, 4, 1), (2, 5, 4, 3, 1), (5, 4, 3, 2, 1), (2, 4, 5, 3, 1)}
M(A) = 
[[4, 2, 5, 3, 1], [4, 5, 2, 3, 1], [4, 5, 3, 2, 1], [5, 4, 2, 3, 1], [5, 4, 3, 2, 1]]
Distance: 26
B = 
{(5, 2, 1, 4, 3), (3, 4, 1, 5, 2), (4, 2, 5, 1, 3), (4, 1, 5, 2, 3), (3, 5, 1, 4, 2), (2, 3, 1, 5, 4), (3, 1, 4, 2, 5), (1, 4, 3, 2, 5)}
M(B) = 
[[4, 2, 5, 3, 1], [4, 5, 2, 3, 1], [4, 5, 3, 2, 1], [5, 4, 2, 3, 1], [5, 4, 3, 2, 1]]
Distance: 33
M(A) inter A:
set()
M(B) inter B:
{(3, 1, 4, 2, 5), (1, 4, 3, 2, 5)}

AUB = 
{(2, 3, 1, 5, 4), (5, 4, 2, 1, 3), (3, 4, 1, 5, 2), (4, 2, 1, 5, 3), (4, 1, 5, 2, 3), (3, 5, 1, 4, 2), (3, 2, 1, 4, 5), (5, 3, 1, 4, 2), (5, 2, 1, 4, 3), (1, 4, 3, 2, 5), (5, 3, 2, 4, 1), (3, 1, 4, 2, 5), (2, 5, 4, 3, 1), (4, 2, 5, 1, 3), (5, 4, 3, 2, 1), (2, 4, 5, 3, 1)}
M(AUB) = 
[[4, 2, 5, 3, 1], [4, 5, 2, 3, 1], [4, 5, 3, 2, 1], [5, 4, 2, 3, 1], [5, 4, 3, 2, 1]]
Distance:69

(61)
A = 
{(2, 4, 5, 1, 3), (1, 5, 2, 4, 3), (4, 2, 5, 1, 3), (5, 2, 3, 1, 4), (5, 3, 4, 1, 2), (5, 1, 4, 2, 3), (2, 5, 3, 1, 4), (4, 3, 1, 2, 5)}
M(A) = 
[[5, 4, 2, 3, 1]]
Distance: 31
B = 
{(5, 4, 3, 1, 2), (4, 1, 5, 2, 3), (2, 5, 4, 1, 3), (1, 4, 3, 2, 5), (2, 5, 3, 1, 4), (2, 5, 3, 4, 1), (5, 4, 2, 3, 1), (5, 2, 4, 3, 1)}
M(B) = 
[[5, 4, 2, 3, 1]]
Distance: 25
M(A) inter A:
set()
M(B) inter B:
{(5, 2, 4, 3, 1), (5, 4, 2, 3, 1)}

AUB = 
{(2, 4, 5, 1, 3), (1, 5, 2, 4, 3), (5, 2, 3, 1, 4), (4, 2, 5, 1, 3), (4, 1, 5, 2, 3), (5, 1, 4, 2, 3), (5, 3, 4, 1, 2), (2, 5, 4, 1, 3), (5, 2, 4, 3, 1), (2, 5, 3, 1, 4), (5, 4, 3, 1, 2), (2, 5, 3, 4, 1), (4, 3, 1, 2, 5), (1, 4, 3, 2, 5), (5, 4, 2, 3, 1)}
M(AUB) = 
[[5, 4, 2, 3, 1]]
Distance:52

(62)
A = 
{(2, 1, 5, 4, 3), (3, 4, 2, 1, 5), (2, 5, 1, 4, 3), (5, 1, 2, 3, 4), (2, 5, 4, 3, 1), (2, 3, 4, 1, 5), (5, 4, 3, 2, 1), (5, 4, 2, 3, 1)}
M(A) = 
[[5, 4, 3, 2, 1]]
Distance: 25
B = 
{(1, 5, 4, 3, 2), (4, 3, 5, 2, 1), (1, 3, 5, 4, 2), (3, 5, 4, 1, 2), (5, 3, 2, 4, 1), (1, 5, 3, 2, 4), (1, 4, 3, 2, 5), (2, 1, 4, 3, 5)}
M(B) = 
[[5, 4, 3, 2, 1]]
Distance: 28
M(A) inter A:
set()
M(B) inter B:
{(1, 3, 5, 4, 2)}

AUB = 
{(5, 3, 2, 4, 1), (1, 5, 3, 2, 4), (2, 1, 5, 4, 3), (1, 5, 4, 3, 2), (1, 3, 5, 4, 2), (3, 4, 2, 1, 5), (2, 5, 1, 4, 3), (1, 4, 3, 2, 5), (5, 1, 2, 3, 4), (4, 3, 5, 2, 1), (2, 5, 4, 3, 1), (2, 3, 4, 1, 5), (5, 4, 3, 2, 1), (2, 1, 4, 3, 5), (5, 4, 2, 3, 1), (3, 5, 4, 1, 2)}
M(AUB) = 
[[5, 4, 3, 2, 1]]
Distance:71

(63)
A = 
{(2, 4, 1, 5, 3), (1, 5, 2, 4, 3), (5, 1, 2, 4, 3), (1, 3, 4, 5, 2), (2, 5, 3, 1, 4), (4, 3, 1, 2, 5), (5, 2, 4, 3, 1), (2, 1, 4, 3, 5)}
M(A) = 
[[4, 5, 2, 1, 3], [4, 5, 2, 3, 1]]
Distance: 30
B = 
{(5, 4, 2, 1, 3), (3, 4, 1, 5, 2), (1, 5, 4, 3, 2), (3, 5, 2, 4, 1), (4, 3, 2, 5, 1), (4, 5, 3, 2, 1), (1, 4, 2, 3, 5), (4, 2, 3, 5, 1)}
M(B) = 
[[4, 5, 2, 1, 3], [4, 5, 2, 3, 1]]
Distance: 26
M(A) inter A:
set()
M(B) inter B:
set()

AUB = 
{(3, 5, 2, 4, 1), (2, 4, 1, 5, 3), (1, 5, 2, 4, 3), (3, 4, 1, 5, 2), (1, 5, 4, 3, 2), (1, 3, 4, 5, 2), (5, 1, 2, 4, 3), (5, 4, 2, 1, 3), (2, 5, 3, 1, 4), (4, 3, 2, 5, 1), (4, 5, 3, 2, 1), (4, 3, 1, 2, 5), (5, 2, 4, 3, 1), (2, 1, 4, 3, 5), (1, 4, 2, 3, 5), (4, 2, 3, 5, 1)}
M(AUB) = 
[[4, 5, 2, 1, 3], [4, 5, 2, 3, 1]]
Distance:70

(64)
A = 
{(5, 3, 2, 4, 1), (5, 4, 1, 2, 3), (2, 1, 5, 3, 4), (3, 4, 1, 2, 5), (3, 5, 2, 4, 1), (2, 5, 4, 3, 1), (1, 4, 5, 3, 2), (2, 1, 3, 4, 5)}
M(A) = 
[[1, 5, 3, 4, 2], [5, 1, 3, 4, 2], [5, 3, 1, 4, 2], [5, 3, 4, 1, 2]]
Distance: 34
B = 
{(4, 5, 1, 2, 3), (1, 5, 3, 4, 2), (3, 5, 1, 4, 2), (2, 4, 3, 1, 5), (5, 1, 2, 4, 3), (5, 3, 4, 2, 1), (3, 1, 4, 2, 5), (1, 4, 2, 5, 3)}
M(B) = 
[[1, 5, 3, 4, 2], [5, 1, 3, 4, 2], [5, 3, 1, 4, 2], [5, 3, 4, 1, 2]]
Distance: 33
M(A) inter A:
{(1, 4, 5, 3, 2)}
M(B) inter B:
{(1, 5, 3, 4, 2)}

AUB = 
{(3, 5, 2, 4, 1), (5, 4, 1, 2, 3), (5, 1, 2, 4, 3), (2, 1, 5, 3, 4), (4, 5, 1, 2, 3), (3, 4, 1, 2, 5), (5, 3, 4, 2, 1), (3, 5, 1, 4, 2), (5, 3, 2, 4, 1), (1, 5, 3, 4, 2), (1, 4, 2, 5, 3), (2, 5, 4, 3, 1), (3, 1, 4, 2, 5), (1, 4, 5, 3, 2), (2, 1, 3, 4, 5), (2, 4, 3, 1, 5)}
M(AUB) = 
[[1, 5, 3, 4, 2], [5, 1, 3, 4, 2], [5, 3, 1, 4, 2], [5, 3, 4, 1, 2]]
Distance:73

(65)
A = 
{(1, 5, 2, 4, 3), (1, 2, 3, 5, 4), (2, 5, 4, 3, 1), (1, 2, 3, 4, 5), (5, 3, 2, 4, 1), (2, 3, 4, 5, 1), (3, 1, 4, 5, 2), (4, 2, 3, 5, 1)}
M(A) = 
[[2, 3, 4, 5, 1], [2, 3, 5, 4, 1]]
Distance: 32
B = 
{(5, 4, 3, 1, 2), (4, 2, 3, 1, 5), (5, 3, 2, 4, 1), (2, 3, 4, 5, 1), (4, 2, 1, 3, 5), (2, 3, 5, 4, 1), (3, 4, 5, 2, 1), (3, 5, 1, 2, 4)}
M(B) = 
[[2, 3, 4, 5, 1], [2, 3, 5, 4, 1]]
Distance: 27
M(A) inter A:
{(2, 3, 4, 5, 1)}
M(B) inter B:
{(2, 3, 4, 5, 1), (3, 4, 5, 2, 1), (2, 3, 5, 4, 1)}

AUB = 
{(1, 5, 2, 4, 3), (5, 4, 3, 1, 2), (1, 2, 3, 5, 4), (1, 2, 3, 4, 5), (4, 2, 3, 1, 5), (5, 3, 2, 4, 1), (4, 2, 1, 3, 5), (2, 5, 4, 3, 1), (4, 2, 3, 5, 1), (2, 3, 4, 5, 1), (3, 4, 5, 2, 1), (3, 5, 1, 2, 4), (3, 1, 4, 5, 2), (2, 3, 5, 4, 1)}
M(AUB) = 
[[2, 3, 4, 5, 1], [2, 3, 5, 4, 1]]
Distance:55

(66)
A = 
{(5, 2, 4, 1, 3), (5, 4, 1, 3, 2), (3, 5, 1, 4, 2), (5, 3, 4, 1, 2), (4, 5, 1, 3, 2), (1, 4, 3, 5, 2), (1, 3, 5, 2, 4), (4, 2, 3, 5, 1)}
M(A) = 
[[5, 1, 4, 3, 2]]
Distance: 25
B = 
{(5, 2, 4, 1, 3), (1, 5, 4, 2, 3), (1, 5, 3, 2, 4), (1, 3, 4, 5, 2), (3, 5, 4, 2, 1), (1, 4, 5, 2, 3), (2, 3, 4, 5, 1), (1, 4, 5, 3, 2)}
M(B) = 
[[5, 1, 4, 3, 2]]
Distance: 30
M(A) inter A:
set()
M(B) inter B:
{(1, 4, 5, 2, 3), (1, 5, 4, 2, 3), (1, 4, 5, 3, 2)}

AUB = 
{(5, 2, 4, 1, 3), (1, 5, 4, 2, 3), (1, 4, 5, 3, 2), (5, 4, 1, 3, 2), (1, 5, 3, 2, 4), (5, 3, 4, 1, 2), (3, 5, 1, 4, 2), (3, 5, 4, 2, 1), (1, 4, 5, 2, 3), (4, 5, 1, 3, 2), (1, 3, 4, 5, 2), (1, 4, 3, 5, 2), (2, 3, 4, 5, 1), (1, 3, 5, 2, 4), (4, 2, 3, 5, 1)}
M(AUB) = 
[[5, 1, 4, 3, 2]]
Distance:55

(67)
A = 
{(4, 1, 3, 2, 5), (1, 5, 4, 2, 3), (5, 4, 1, 3, 2), (1, 5, 3, 2, 4), (2, 4, 1, 3, 5), (4, 1, 5, 2, 3), (4, 3, 2, 5, 1), (4, 3, 1, 2, 5)}
M(A) = 
[[4, 1, 3, 2, 5]]
Distance: 25
B = 
{(5, 4, 1, 3, 2), (1, 2, 3, 5, 4), (5, 1, 4, 2, 3), (4, 1, 5, 3, 2), (3, 5, 2, 4, 1), (4, 3, 2, 1, 5), (2, 4, 5, 3, 1), (2, 1, 3, 4, 5)}
M(B) = 
[[4, 1, 3, 2, 5]]
Distance: 37
M(A) inter A:
{(4, 1, 3, 2, 5), (4, 1, 5, 2, 3), (2, 4, 1, 3, 5), (5, 4, 1, 3, 2)}
M(B) inter B:
{(4, 1, 5, 3, 2), (5, 4, 1, 3, 2)}

AUB = 
{(4, 1, 3, 2, 5), (1, 5, 4, 2, 3), (1, 2, 3, 5, 4), (5, 4, 1, 3, 2), (1, 5, 3, 2, 4), (4, 1, 5, 3, 2), (2, 4, 1, 3, 5), (5, 1, 4, 2, 3), (4, 3, 2, 1, 5), (3, 5, 2, 4, 1), (4, 1, 5, 2, 3), (4, 3, 2, 5, 1), (4, 3, 1, 2, 5), (2, 4, 5, 3, 1), (2, 1, 3, 4, 5)}
M(AUB) = 
[[4, 1, 3, 2, 5]]
Distance:58

(68)
A = 
{(4, 2, 5, 1, 3), (1, 5, 4, 3, 2), (3, 4, 2, 1, 5), (4, 1, 3, 5, 2), (2, 5, 1, 3, 4), (4, 5, 3, 1, 2), (3, 2, 5, 4, 1), (3, 2, 1, 4, 5)}
M(A) = 
[[2, 1, 3, 5, 4]]
Distance: 33
B = 
{(5, 2, 1, 3, 4), (4, 2, 5, 1, 3), (2, 1, 5, 3, 4), (1, 2, 4, 3, 5), (4, 2, 1, 3, 5), (3, 1, 5, 4, 2), (2, 5, 3, 4, 1), (1, 3, 5, 2, 4)}
M(B) = 
[[2, 1, 3, 5, 4]]
Distance: 29
M(A) inter A:
set()
M(B) inter B:
{(2, 1, 5, 3, 4)}

AUB = 
{(5, 2, 1, 3, 4), (4, 2, 5, 1, 3), (1, 5, 4, 3, 2), (3, 4, 2, 1, 5), (4, 1, 3, 5, 2), (4, 2, 1, 3, 5), (2, 5, 1, 3, 4), (2, 1, 5, 3, 4), (2, 5, 3, 4, 1), (4, 5, 3, 1, 2), (1, 2, 4, 3, 5), (3, 1, 5, 4, 2), (3, 2, 5, 4, 1), (1, 3, 5, 2, 4), (3, 2, 1, 4, 5)}
M(AUB) = 
[[2, 1, 3, 5, 4]]
Distance:66

(69)
A = 
{(1, 3, 4, 2, 5), (1, 2, 5, 4, 3), (1, 5, 4, 2, 3), (3, 5, 1, 4, 2), (3, 1, 5, 4, 2), (3, 1, 2, 5, 4), (5, 2, 3, 4, 1), (4, 3, 1, 5, 2)}
M(A) = 
[[1, 3, 5, 4, 2], [3, 1, 5, 4, 2]]
Distance: 25
B = 
{(2, 5, 3, 1, 4), (5, 2, 1, 4, 3), (1, 3, 5, 4, 2), (5, 4, 1, 2, 3), (4, 2, 1, 3, 5), (2, 3, 5, 1, 4), (1, 4, 5, 3, 2), (3, 4, 5, 2, 1)}
M(B) = 
[[1, 3, 5, 4, 2], [3, 1, 5, 4, 2]]
Distance: 34
M(A) inter A:
set()
M(B) inter B:
{(5, 2, 1, 4, 3)}

AUB = 
{(1, 3, 4, 2, 5), (2, 3, 5, 1, 4), (1, 2, 5, 4, 3), (1, 5, 4, 2, 3), (5, 4, 1, 2, 3), (1, 3, 5, 4, 2), (3, 5, 1, 4, 2), (5, 2, 1, 4, 3), (4, 2, 1, 3, 5), (2, 5, 3, 1, 4), (3, 1, 5, 4, 2), (1, 4, 5, 3, 2), (3, 1, 2, 5, 4), (5, 2, 3, 4, 1), (3, 4, 5, 2, 1), (4, 3, 1, 5, 2)}
M(AUB) = 
[[1, 3, 5, 4, 2], [3, 1, 5, 4, 2]]
Distance:65

(70)
A = 
{(1, 5, 2, 4, 3), (5, 4, 1, 3, 2), (1, 2, 3, 5, 4), (3, 2, 1, 4, 5), (2, 3, 5, 1, 4), (3, 1, 5, 4, 2), (1, 4, 3, 5, 2), (3, 2, 5, 4, 1)}
M(A) = 
[[1, 3, 5, 2, 4], [1, 3, 5, 4, 2], [3, 1, 5, 2, 4], [3, 1, 5, 4, 2]]
Distance: 29
B = 
{(4, 1, 3, 2, 5), (5, 4, 2, 1, 3), (3, 1, 5, 2, 4), (4, 1, 3, 5, 2), (1, 4, 5, 2, 3), (4, 5, 2, 3, 1), (2, 3, 1, 4, 5), (5, 3, 2, 1, 4)}
M(B) = 
[[1, 3, 5, 2, 4], [1, 3, 5, 4, 2], [3, 1, 5, 2, 4], [3, 1, 5, 4, 2]]
Distance: 34
M(A) inter A:
{(1, 4, 3, 5, 2)}
M(B) inter B:
{(1, 4, 5, 2, 3), (4, 1, 3, 5, 2)}

AUB = 
{(4, 1, 3, 2, 5), (5, 4, 2, 1, 3), (1, 5, 2, 4, 3), (1, 2, 3, 5, 4), (5, 4, 1, 3, 2), (2, 3, 1, 4, 5), (3, 2, 1, 4, 5), (4, 1, 3, 5, 2), (2, 3, 5, 1, 4), (1, 4, 5, 2, 3), (3, 1, 5, 4, 2), (1, 4, 3, 5, 2), (4, 5, 2, 3, 1), (3, 1, 5, 2, 4), (3, 2, 5, 4, 1), (5, 3, 2, 1, 4)}
M(AUB) = 
[[1, 3, 5, 2, 4], [1, 3, 5, 4, 2], [3, 1, 5, 2, 4], [3, 1, 5, 4, 2]]
Distance:69

(71)
A = 
{(2, 4, 5, 1, 3), (1, 5, 2, 4, 3), (3, 2, 1, 5, 4), (3, 4, 1, 5, 2), (3, 4, 2, 1, 5), (5, 3, 1, 4, 2), (1, 3, 5, 2, 4), (1, 2, 3, 4, 5)}
M(A) = 
[[1, 3, 5, 2, 4]]
Distance: 31
B = 
{(1, 3, 4, 2, 5), (3, 1, 5, 2, 4), (2, 1, 5, 3, 4), (4, 1, 5, 3, 2), (3, 4, 1, 2, 5), (3, 5, 4, 1, 2), (1, 5, 3, 2, 4), (3, 4, 2, 1, 5)}
M(B) = 
[[1, 3, 5, 2, 4]]
Distance: 27
M(A) inter A:
{(3, 4, 1, 5, 2)}
M(B) inter B:
{(1, 3, 4, 2, 5), (3, 4, 1, 2, 5)}

AUB = 
{(1, 3, 4, 2, 5), (2, 4, 5, 1, 3), (1, 5, 2, 4, 3), (3, 4, 1, 5, 2), (3, 2, 1, 5, 4), (2, 1, 5, 3, 4), (4, 1, 5, 3, 2), (3, 4, 2, 1, 5), (5, 3, 1, 4, 2), (1, 5, 3, 2, 4), (3, 1, 5, 2, 4), (3, 4, 1, 2, 5), (1, 3, 5, 2, 4), (1, 2, 3, 4, 5), (3, 5, 4, 1, 2)}
M(AUB) = 
[[1, 3, 5, 2, 4]]
Distance:54

(72)
A = 
{(1, 3, 4, 2, 5), (4, 3, 1, 5, 2), (2, 1, 3, 5, 4), (1, 2, 3, 4, 5), (2, 3, 1, 5, 4), (4, 1, 5, 2, 3), (1, 4, 5, 2, 3), (1, 4, 2, 3, 5)}
M(A) = 
[[1, 2, 3, 4, 5]]
Distance: 22
B = 
{(4, 3, 1, 5, 2), (5, 2, 1, 3, 4), (1, 3, 5, 2, 4), (2, 4, 3, 1, 5), (4, 1, 3, 5, 2), (3, 5, 2, 4, 1), (1, 5, 2, 4, 3), (3, 5, 2, 1, 4)}
M(B) = 
[[1, 2, 3, 4, 5]]
Distance: 30
M(A) inter A:
set()
M(B) inter B:
{(1, 3, 5, 2, 4)}

AUB = 
{(1, 3, 4, 2, 5), (3, 5, 2, 4, 1), (4, 3, 1, 5, 2), (5, 2, 1, 3, 4), (2, 1, 3, 5, 4), (3, 5, 2, 1, 4), (1, 2, 3, 4, 5), (4, 1, 3, 5, 2), (2, 3, 1, 5, 4), (4, 1, 5, 2, 3), (1, 4, 5, 2, 3), (1, 5, 2, 4, 3), (1, 4, 2, 3, 5), (1, 3, 5, 2, 4), (2, 4, 3, 1, 5)}
M(AUB) = 
[[1, 2, 3, 4, 5]]
Distance:58

(73)
A = 
{(3, 4, 1, 5, 2), (3, 2, 1, 5, 4), (1, 5, 2, 3, 4), (2, 4, 3, 1, 5), (5, 1, 2, 4, 3), (1, 5, 3, 2, 4), (2, 4, 5, 3, 1), (5, 4, 3, 2, 1)}
M(A) = 
[[1, 5, 2, 3, 4], [1, 5, 3, 2, 4], [2, 1, 5, 3, 4], [2, 3, 1, 5, 4], [3, 1, 5, 2, 4], [3, 2, 1, 5, 4], [5, 2, 3, 1, 4], [5, 3, 2, 1, 4]]
Distance: 35
B = 
{(5, 2, 3, 1, 4), (3, 4, 1, 5, 2), (1, 5, 4, 3, 2), (3, 2, 4, 1, 5), (3, 1, 2, 4, 5), (5, 2, 1, 3, 4), (2, 1, 4, 3, 5), (2, 4, 3, 1, 5)}
M(B) = 
[[1, 5, 2, 3, 4], [1, 5, 3, 2, 4], [2, 1, 5, 3, 4], [2, 3, 1, 5, 4], [3, 1, 5, 2, 4], [3, 2, 1, 5, 4], [5, 2, 3, 1, 4], [5, 3, 2, 1, 4]]
Distance: 30
M(A) inter A:
set()
M(B) inter B:
set()

AUB = 
{(3, 2, 1, 5, 4), (3, 4, 1, 5, 2), (1, 5, 2, 3, 4), (2, 4, 3, 1, 5), (5, 2, 3, 1, 4), (5, 1, 2, 4, 3), (1, 5, 4, 3, 2), (1, 5, 3, 2, 4), (3, 2, 4, 1, 5), (2, 4, 5, 3, 1), (5, 2, 1, 3, 4), (2, 1, 4, 3, 5), (5, 4, 3, 2, 1), (3, 1, 2, 4, 5)}
M(AUB) = 
[[1, 5, 2, 3, 4], [1, 5, 3, 2, 4], [2, 1, 5, 3, 4], [2, 3, 1, 5, 4], [3, 1, 5, 2, 4], [3, 2, 1, 5, 4], [5, 2, 3, 1, 4], [5, 3, 2, 1, 4]]
Distance:60

(74)
A = 
{(2, 4, 5, 1, 3), (3, 1, 5, 2, 4), (5, 4, 3, 1, 2), (2, 1, 5, 3, 4), (5, 2, 1, 4, 3), (4, 5, 2, 1, 3), (5, 4, 2, 3, 1), (4, 2, 5, 3, 1)}
M(A) = 
[[2, 5, 4, 3, 1], [5, 2, 4, 3, 1], [5, 4, 2, 3, 1]]
Distance: 26
B = 
{(4, 3, 1, 5, 2), (5, 4, 1, 3, 2), (3, 1, 2, 4, 5), (2, 3, 1, 5, 4), (2, 5, 4, 3, 1), (3, 1, 5, 2, 4), (3, 4, 2, 5, 1), (4, 2, 5, 3, 1)}
M(B) = 
[[2, 5, 4, 3, 1], [5, 2, 4, 3, 1], [5, 4, 2, 3, 1]]
Distance: 33
M(A) inter A:
set()
M(B) inter B:
{(3, 4, 2, 5, 1)}

AUB = 
{(2, 3, 1, 5, 4), (2, 4, 5, 1, 3), (3, 1, 5, 2, 4), (5, 4, 1, 3, 2), (5, 4, 3, 1, 2), (2, 1, 5, 3, 4), (5, 2, 1, 4, 3), (4, 5, 2, 1, 3), (3, 1, 2, 4, 5), (2, 5, 4, 3, 1), (4, 3, 1, 5, 2), (5, 4, 2, 3, 1), (3, 4, 2, 5, 1), (4, 2, 5, 3, 1)}
M(AUB) = 
[[2, 5, 4, 3, 1], [5, 2, 4, 3, 1], [5, 4, 2, 3, 1]]
Distance:56

(75)
A = 
{(2, 3, 5, 1, 4), (5, 2, 1, 4, 3), (4, 3, 1, 5, 2), (3, 5, 4, 2, 1), (3, 5, 4, 1, 2), (4, 2, 1, 3, 5), (5, 1, 3, 2, 4), (3, 4, 5, 2, 1)}
M(A) = 
[[2, 3, 5, 4, 1], [3, 5, 2, 4, 1]]
Distance: 27
B = 
{(5, 4, 2, 3, 1), (1, 2, 5, 3, 4), (2, 5, 4, 1, 3), (3, 2, 4, 1, 5), (2, 5, 1, 4, 3), (1, 4, 3, 5, 2), (3, 4, 5, 2, 1), (2, 4, 3, 1, 5)}
M(B) = 
[[2, 3, 5, 4, 1], [3, 5, 2, 4, 1]]
Distance: 33
M(A) inter A:
set()
M(B) inter B:
{(2, 4, 3, 1, 5), (2, 5, 4, 1, 3)}

AUB = 
{(3, 5, 4, 2, 1), (5, 2, 1, 4, 3), (4, 3, 1, 5, 2), (2, 5, 1, 4, 3), (1, 2, 5, 3, 4), (2, 5, 4, 1, 3), (3, 2, 4, 1, 5), (3, 5, 4, 1, 2), (4, 2, 1, 3, 5), (5, 1, 3, 2, 4), (2, 3, 5, 1, 4), (1, 4, 3, 5, 2), (2, 4, 3, 1, 5), (3, 4, 5, 2, 1), (5, 4, 2, 3, 1)}
M(AUB) = 
[[2, 3, 5, 4, 1], [3, 5, 2, 4, 1]]
Distance:66

(76)
A = 
{(2, 5, 3, 1, 4), (3, 1, 5, 2, 4), (1, 2, 5, 3, 4), (3, 1, 2, 4, 5), (2, 4, 1, 3, 5), (2, 5, 1, 3, 4), (1, 4, 3, 2, 5), (3, 4, 2, 1, 5)}
M(A) = 
[[3, 1, 4, 2, 5]]
Distance: 28
B = 
{(4, 3, 5, 1, 2), (3, 1, 4, 2, 5), (3, 4, 1, 2, 5), (5, 3, 1, 4, 2), (1, 4, 5, 2, 3), (3, 1, 5, 4, 2), (4, 5, 2, 3, 1), (3, 4, 2, 5, 1)}
M(B) = 
[[3, 1, 4, 2, 5]]
Distance: 24
M(A) inter A:
set()
M(B) inter B:
set()

AUB = 
{(2, 5, 1, 3, 4), (3, 1, 5, 2, 4), (1, 2, 5, 3, 4), (3, 1, 2, 4, 5), (3, 4, 2, 5, 1), (2, 4, 1, 3, 5), (5, 3, 1, 4, 2), (2, 5, 3, 1, 4), (3, 1, 4, 2, 5), (1, 4, 5, 2, 3), (3, 1, 5, 4, 2), (4, 5, 2, 3, 1), (4, 3, 5, 1, 2), (1, 4, 3, 2, 5), (3, 4, 1, 2, 5), (3, 4, 2, 1, 5)}
M(AUB) = 
[[3, 1, 4, 2, 5]]
Distance:58

(77)
A = 
{(5, 1, 3, 2, 4), (1, 5, 2, 3, 4), (1, 2, 4, 3, 5), (4, 5, 1, 2, 3), (2, 1, 3, 5, 4), (3, 5, 2, 4, 1), (5, 3, 1, 2, 4), (2, 4, 1, 3, 5)}
M(A) = 
[[3, 2, 5, 4, 1], [3, 5, 2, 4, 1]]
Distance: 29
B = 
{(3, 2, 5, 1, 4), (4, 3, 2, 5, 1), (2, 5, 4, 1, 3), (2, 4, 3, 1, 5), (3, 5, 4, 1, 2), (5, 3, 2, 4, 1), (3, 2, 5, 4, 1), (5, 3, 2, 1, 4)}
M(B) = 
[[3, 2, 5, 4, 1], [3, 5, 2, 4, 1]]
Distance: 20
M(A) inter A:
set()
M(B) inter B:
{(3, 2, 5, 4, 1)}

AUB = 
{(4, 5, 1, 2, 3), (3, 2, 5, 1, 4), (1, 5, 2, 3, 4), (3, 5, 4, 1, 2), (1, 2, 4, 3, 5), (2, 5, 4, 1, 3), (5, 3, 2, 1, 4), (5, 1, 3, 2, 4), (2, 1, 3, 5, 4), (4, 3, 2, 5, 1), (3, 5, 2, 4, 1), (2, 4, 3, 1, 5), (3, 2, 5, 4, 1), (5, 3, 2, 4, 1), (5, 3, 1, 2, 4), (2, 4, 1, 3, 5)}
M(AUB) = 
[[3, 2, 5, 4, 1], [3, 5, 2, 4, 1]]
Distance:61

(78)
A = 
{(2, 3, 1, 4, 5), (5, 3, 1, 4, 2), (5, 1, 2, 4, 3), (5, 3, 2, 4, 1), (3, 1, 4, 5, 2), (1, 4, 3, 5, 2), (3, 1, 5, 4, 2), (2, 1, 4, 3, 5)}
M(A) = 
[[3, 1, 5, 4, 2], [3, 5, 1, 4, 2]]
Distance: 29
B = 
{(5, 4, 1, 2, 3), (3, 4, 5, 1, 2), (5, 4, 3, 1, 2), (3, 1, 4, 2, 5), (5, 3, 2, 1, 4), (5, 2, 3, 1, 4), (4, 2, 3, 1, 5), (1, 3, 2, 5, 4)}
M(B) = 
[[3, 1, 5, 4, 2], [3, 5, 1, 4, 2]]
Distance: 31
M(A) inter A:
{(5, 3, 1, 4, 2)}
M(B) inter B:
set()

AUB = 
{(5, 4, 1, 2, 3), (2, 3, 1, 4, 5), (5, 4, 3, 1, 2), (3, 4, 5, 1, 2), (3, 1, 4, 2, 5), (5, 1, 2, 4, 3), (5, 2, 3, 1, 4), (5, 3, 1, 4, 2), (4, 2, 3, 1, 5), (5, 3, 2, 1, 4), (5, 3, 2, 4, 1), (3, 1, 4, 5, 2), (1, 4, 3, 5, 2), (1, 3, 2, 5, 4), (3, 1, 5, 4, 2), (2, 1, 4, 3, 5)}
M(AUB) = 
[[3, 1, 5, 4, 2], [3, 5, 1, 4, 2]]
Distance:62

(79)
A = 
{(2, 5, 3, 1, 4), (4, 3, 1, 5, 2), (2, 4, 3, 1, 5), (5, 1, 2, 4, 3), (2, 3, 1, 5, 4), (2, 1, 5, 4, 3), (5, 4, 2, 3, 1), (5, 3, 2, 1, 4)}
M(A) = 
[[4, 3, 1, 2, 5]]
Distance: 29
B = 
{(4, 1, 3, 2, 5), (4, 1, 2, 5, 3), (3, 4, 1, 2, 5), (1, 5, 3, 4, 2), (4, 5, 3, 1, 2), (4, 3, 1, 2, 5), (2, 3, 4, 5, 1), (1, 3, 2, 5, 4)}
M(B) = 
[[4, 3, 1, 2, 5]]
Distance: 24
M(A) inter A:
set()
M(B) inter B:
{(4, 1, 3, 2, 5), (4, 3, 1, 2, 5), (3, 4, 1, 2, 5)}

AUB = 
{(4, 1, 3, 2, 5), (2, 3, 1, 5, 4), (4, 3, 1, 5, 2), (2, 3, 4, 5, 1), (4, 1, 2, 5, 3), (1, 3, 2, 5, 4), (2, 4, 3, 1, 5), (5, 1, 2, 4, 3), (2, 5, 3, 1, 4), (1, 5, 3, 4, 2), (4, 5, 3, 1, 2), (4, 3, 1, 2, 5), (2, 1, 5, 4, 3), (5, 4, 2, 3, 1), (5, 3, 2, 1, 4), (3, 4, 1, 2, 5)}
M(AUB) = 
[[4, 3, 1, 2, 5]]
Distance:71

(80)
A = 
{(5, 1, 3, 2, 4), (2, 4, 1, 5, 3), (4, 1, 5, 2, 3), (5, 3, 4, 1, 2), (3, 2, 4, 1, 5), (1, 3, 5, 4, 2), (5, 1, 3, 4, 2), (4, 3, 1, 2, 5)}
M(A) = 
[[1, 3, 4, 2, 5], [4, 1, 3, 2, 5]]
Distance: 31
B = 
{(3, 2, 5, 1, 4), (4, 2, 1, 5, 3), (1, 3, 4, 5, 2), (1, 2, 4, 3, 5), (4, 1, 3, 5, 2), (1, 2, 3, 4, 5), (3, 4, 1, 2, 5), (4, 2, 5, 3, 1)}
M(B) = 
[[1, 3, 4, 2, 5], [4, 1, 3, 2, 5]]
Distance: 28
M(A) inter A:
set()
M(B) inter B:
set()

AUB = 
{(5, 1, 3, 4, 2), (2, 4, 1, 5, 3), (4, 2, 1, 5, 3), (3, 2, 5, 1, 4), (4, 1, 5, 2, 3), (1, 3, 5, 4, 2), (3, 2, 4, 1, 5), (5, 3, 4, 1, 2), (4, 1, 3, 5, 2), (1, 2, 3, 4, 5), (5, 1, 3, 2, 4), (1, 3, 4, 5, 2), (4, 3, 1, 2, 5), (3, 4, 1, 2, 5), (1, 2, 4, 3, 5), (4, 2, 5, 3, 1)}
M(AUB) = 
[[1, 3, 4, 2, 5], [4, 1, 3, 2, 5]]
Distance:63

(81)
A = 
{(2, 4, 1, 5, 3), (4, 3, 1, 5, 2), (3, 1, 2, 4, 5), (2, 4, 3, 1, 5), (1, 2, 4, 5, 3), (4, 2, 1, 3, 5), (3, 5, 2, 4, 1), (4, 5, 1, 3, 2)}
M(A) = 
[[1, 2, 4, 5, 3], [2, 1, 4, 5, 3], [2, 4, 1, 5, 3]]
Distance: 28
B = 
{(1, 3, 4, 2, 5), (2, 5, 1, 3, 4), (2, 1, 4, 5, 3), (5, 3, 1, 2, 4), (5, 3, 4, 1, 2), (2, 5, 3, 1, 4), (2, 4, 5, 3, 1), (1, 3, 5, 2, 4)}
M(B) = 
[[1, 2, 4, 5, 3], [2, 1, 4, 5, 3], [2, 4, 1, 5, 3]]
Distance: 29
M(A) inter A:
set()
M(B) inter B:
{(2, 5, 1, 3, 4), (2, 5, 3, 1, 4)}

AUB = 
{(1, 3, 4, 2, 5), (2, 5, 1, 3, 4), (2, 4, 1, 5, 3), (4, 3, 1, 5, 2), (2, 5, 3, 1, 4), (3, 1, 2, 4, 5), (1, 3, 5, 2, 4), (2, 4, 3, 1, 5), (5, 3, 4, 1, 2), (1, 2, 4, 5, 3), (4, 2, 1, 3, 5), (3, 5, 2, 4, 1), (4, 5, 1, 3, 2), (2, 1, 4, 5, 3), (2, 4, 5, 3, 1), (5, 3, 1, 2, 4)}
M(AUB) = 
[[1, 2, 4, 5, 3], [2, 1, 4, 5, 3], [2, 4, 1, 5, 3]]
Distance:71

(82)
A = 
{(4, 5, 2, 1, 3), (5, 2, 1, 4, 3), (1, 5, 4, 2, 3), (3, 4, 2, 1, 5), (2, 3, 5, 1, 4), (4, 5, 2, 3, 1), (3, 4, 2, 5, 1), (2, 4, 1, 3, 5)}
M(A) = 
[[4, 2, 1, 3, 5]]
Distance: 30
B = 
{(4, 1, 2, 3, 5), (2, 1, 5, 3, 4), (3, 4, 1, 2, 5), (4, 2, 1, 3, 5), (1, 4, 3, 5, 2), (4, 3, 2, 1, 5), (1, 4, 2, 3, 5), (2, 1, 4, 3, 5)}
M(B) = 
[[4, 2, 1, 3, 5]]
Distance: 20
M(A) inter A:
set()
M(B) inter B:
{(4, 1, 2, 3, 5), (1, 4, 2, 3, 5), (4, 2, 1, 3, 5)}

AUB = 
{(4, 1, 2, 3, 5), (2, 3, 5, 1, 4), (5, 2, 1, 4, 3), (1, 5, 4, 2, 3), (2, 1, 5, 3, 4), (3, 4, 2, 1, 5), (4, 2, 1, 3, 5), (4, 5, 2, 1, 3), (4, 3, 2, 1, 5), (1, 4, 3, 5, 2), (1, 4, 2, 3, 5), (4, 5, 2, 3, 1), (3, 4, 2, 5, 1), (3, 4, 1, 2, 5), (2, 1, 4, 3, 5), (2, 4, 1, 3, 5)}
M(AUB) = 
[[4, 2, 1, 3, 5]]
Distance:52

(83)
A = 
{(3, 1, 5, 2, 4), (1, 2, 3, 4, 5), (5, 3, 4, 1, 2), (1, 4, 5, 2, 3), (4, 2, 1, 3, 5), (5, 3, 2, 4, 1), (1, 4, 2, 5, 3), (5, 3, 2, 1, 4)}
M(A) = 
[[1, 2, 5, 3, 4]]
Distance: 34
B = 
{(1, 3, 2, 4, 5), (5, 2, 4, 1, 3), (4, 1, 2, 5, 3), (1, 2, 3, 4, 5), (1, 2, 5, 4, 3), (2, 3, 5, 1, 4), (1, 4, 2, 5, 3), (2, 1, 3, 4, 5)}
M(B) = 
[[1, 2, 5, 3, 4]]
Distance: 23
M(A) inter A:
{(1, 2, 3, 4, 5)}
M(B) inter B:
{(1, 2, 3, 4, 5)}

AUB = 
{(1, 3, 2, 4, 5), (2, 3, 5, 1, 4), (5, 2, 4, 1, 3), (3, 1, 5, 2, 4), (4, 1, 2, 5, 3), (2, 1, 3, 4, 5), (1, 2, 3, 4, 5), (1, 2, 5, 4, 3), (5, 3, 4, 1, 2), (1, 4, 2, 5, 3), (4, 2, 1, 3, 5), (5, 3, 2, 4, 1), (1, 4, 5, 2, 3), (5, 3, 2, 1, 4)}
M(AUB) = 
[[1, 2, 5, 3, 4]]
Distance:56

(84)
A = 
{(1, 5, 4, 2, 3), (1, 3, 5, 2, 4), (1, 2, 3, 4, 5), (5, 1, 4, 2, 3), (4, 5, 1, 3, 2), (2, 1, 4, 5, 3), (5, 3, 2, 1, 4), (1, 2, 4, 3, 5)}
M(A) = 
[[1, 4, 5, 3, 2]]
Distance: 26
B = 
{(3, 5, 4, 2, 1), (4, 1, 3, 5, 2), (1, 2, 3, 4, 5), (4, 1, 5, 3, 2), (4, 5, 2, 1, 3), (2, 5, 1, 3, 4), (1, 4, 3, 2, 5), (1, 3, 2, 5, 4)}
M(B) = 
[[1, 4, 5, 3, 2]]
Distance: 31
M(A) inter A:
set()
M(B) inter B:
{(1, 4, 3, 2, 5), (4, 1, 3, 5, 2)}

AUB = 
{(4, 5, 2, 1, 3), (4, 1, 3, 5, 2), (1, 5, 4, 2, 3), (5, 3, 2, 1, 4), (1, 2, 3, 4, 5), (2, 5, 1, 3, 4), (5, 1, 4, 2, 3), (3, 5, 4, 2, 1), (4, 1, 5, 3, 2), (4, 5, 1, 3, 2), (1, 3, 2, 5, 4), (2, 1, 4, 5, 3), (1, 4, 3, 2, 5), (1, 3, 5, 2, 4), (1, 2, 4, 3, 5)}
M(AUB) = 
[[1, 4, 5, 3, 2]]
Distance:58

(85)
A = 
{(1, 2, 4, 5, 3), (4, 3, 5, 2, 1), (1, 2, 3, 4, 5), (5, 1, 3, 4, 2), (3, 1, 4, 5, 2), (4, 3, 1, 2, 5), (3, 2, 5, 4, 1), (4, 2, 5, 3, 1)}
M(A) = 
[[1, 4, 3, 2, 5], [4, 1, 3, 2, 5]]
Distance: 32
B = 
{(4, 1, 3, 2, 5), (4, 1, 2, 3, 5), (1, 5, 2, 3, 4), (4, 2, 3, 1, 5), (5, 1, 4, 3, 2), (2, 1, 3, 5, 4), (1, 4, 3, 2, 5), (3, 4, 2, 5, 1)}
M(B) = 
[[1, 4, 3, 2, 5], [4, 1, 3, 2, 5]]
Distance: 27
M(A) inter A:
set()
M(B) inter B:
{(4, 1, 2, 3, 5), (4, 1, 3, 2, 5), (1, 4, 3, 2, 5)}

AUB = 
{(4, 1, 3, 2, 5), (4, 1, 2, 3, 5), (1, 2, 4, 5, 3), (2, 1, 3, 5, 4), (4, 3, 5, 2, 1), (3, 4, 2, 5, 1), (1, 2, 3, 4, 5), (4, 2, 3, 1, 5), (5, 1, 4, 3, 2), (5, 1, 3, 4, 2), (1, 5, 2, 3, 4), (3, 1, 4, 5, 2), (4, 3, 1, 2, 5), (3, 2, 5, 4, 1), (1, 4, 3, 2, 5), (4, 2, 5, 3, 1)}
M(AUB) = 
[[1, 4, 3, 2, 5], [4, 1, 3, 2, 5]]
Distance:61

(86)
A = 
{(5, 1, 3, 2, 4), (3, 1, 5, 2, 4), (3, 2, 5, 1, 4), (5, 3, 4, 1, 2), (3, 5, 4, 2, 1), (2, 3, 1, 4, 5), (3, 4, 2, 5, 1), (2, 1, 3, 4, 5)}
M(A) = 
[[3, 2, 5, 1, 4], [3, 5, 1, 2, 4], [3, 5, 2, 1, 4]]
Distance: 25
B = 
{(1, 3, 2, 4, 5), (2, 4, 5, 1, 3), (5, 4, 3, 1, 2), (5, 4, 1, 3, 2), (2, 5, 1, 3, 4), (5, 4, 3, 2, 1), (3, 5, 1, 2, 4), (1, 4, 2, 3, 5)}
M(B) = 
[[3, 2, 5, 1, 4], [3, 5, 1, 2, 4], [3, 5, 2, 1, 4]]
Distance: 32
M(A) inter A:
set()
M(B) inter B:
{(5, 4, 1, 3, 2)}

AUB = 
{(1, 3, 2, 4, 5), (3, 5, 4, 2, 1), (2, 4, 5, 1, 3), (5, 4, 1, 3, 2), (3, 1, 5, 2, 4), (5, 4, 3, 1, 2), (3, 2, 5, 1, 4), (2, 5, 1, 3, 4), (3, 5, 1, 2, 4), (5, 3, 4, 1, 2), (5, 1, 3, 2, 4), (1, 4, 2, 3, 5), (2, 3, 1, 4, 5), (3, 4, 2, 5, 1), (2, 1, 3, 4, 5), (5, 4, 3, 2, 1)}
M(AUB) = 
[[3, 2, 5, 1, 4], [3, 5, 1, 2, 4], [3, 5, 2, 1, 4]]
Distance:65

(87)
A = 
{(5, 1, 2, 3, 4), (1, 5, 2, 4, 3), (5, 2, 1, 3, 4), (5, 1, 2, 4, 3), (2, 3, 1, 5, 4), (2, 3, 5, 4, 1), (5, 4, 2, 3, 1), (2, 1, 4, 3, 5)}
M(A) = 
[[5, 1, 2, 4, 3]]
Distance: 23
B = 
{(5, 4, 1, 2, 3), (2, 1, 5, 4, 3), (5, 2, 1, 3, 4), (1, 2, 4, 3, 5), (3, 5, 4, 1, 2), (4, 5, 3, 1, 2), (1, 5, 4, 2, 3), (3, 2, 4, 1, 5)}
M(B) = 
[[5, 1, 2, 4, 3]]
Distance: 33
M(A) inter A:
{(1, 5, 2, 4, 3), (5, 1, 2, 4, 3)}
M(B) inter B:
{(5, 4, 1, 2, 3), (1, 5, 4, 2, 3)}

AUB = 
{(2, 3, 1, 5, 4), (5, 4, 1, 2, 3), (1, 5, 2, 4, 3), (5, 2, 1, 3, 4), (1, 5, 4, 2, 3), (3, 5, 4, 1, 2), (1, 2, 4, 3, 5), (5, 1, 2, 4, 3), (5, 1, 2, 3, 4), (2, 3, 5, 4, 1), (4, 5, 3, 1, 2), (2, 1, 5, 4, 3), (5, 4, 2, 3, 1), (2, 1, 4, 3, 5), (3, 2, 4, 1, 5)}
M(AUB) = 
[[5, 1, 2, 4, 3]]
Distance:56

(88)
A = 
{(1, 5, 4, 2, 3), (5, 2, 3, 1, 4), (1, 5, 2, 3, 4), (2, 4, 1, 3, 5), (2, 5, 1, 4, 3), (4, 2, 3, 1, 5), (3, 1, 5, 4, 2), (3, 2, 5, 4, 1)}
M(A) = 
[[3, 2, 5, 1, 4]]
Distance: 32
B = 
{(4, 2, 5, 1, 3), (5, 4, 1, 3, 2), (3, 1, 2, 4, 5), (3, 5, 4, 1, 2), (4, 3, 2, 5, 1), (3, 2, 5, 4, 1), (3, 5, 2, 1, 4), (1, 4, 3, 2, 5)}
M(B) = 
[[3, 2, 5, 1, 4]]
Distance: 29
M(A) inter A:
set()
M(B) inter B:
{(4, 3, 2, 5, 1)}

AUB = 
{(5, 4, 1, 3, 2), (1, 5, 4, 2, 3), (4, 2, 5, 1, 3), (5, 2, 3, 1, 4), (1, 5, 2, 3, 4), (3, 5, 4, 1, 2), (2, 4, 1, 3, 5), (2, 5, 1, 4, 3), (4, 2, 3, 1, 5), (3, 1, 2, 4, 5), (3, 1, 5, 4, 2), (4, 3, 2, 5, 1), (3, 2, 5, 4, 1), (3, 5, 2, 1, 4), (1, 4, 3, 2, 5)}
M(AUB) = 
[[3, 2, 5, 1, 4]]
Distance:70

(89)
A = 
{(4, 1, 3, 2, 5), (4, 3, 5, 1, 2), (4, 1, 5, 2, 3), (1, 5, 2, 3, 4), (4, 5, 2, 3, 1), (2, 3, 1, 4, 5), (2, 4, 3, 5, 1), (3, 4, 2, 5, 1)}
M(A) = 
[[4, 5, 3, 1, 2]]
Distance: 30
B = 
{(1, 3, 4, 2, 5), (5, 3, 4, 2, 1), (3, 4, 5, 1, 2), (5, 1, 2, 3, 4), (5, 1, 3, 2, 4), (4, 5, 1, 3, 2), (2, 4, 5, 3, 1), (5, 4, 3, 2, 1)}
M(B) = 
[[4, 5, 3, 1, 2]]
Distance: 27
M(A) inter A:
set()
M(B) inter B:
set()

AUB = 
{(4, 1, 3, 2, 5), (1, 3, 4, 2, 5), (4, 3, 5, 1, 2), (3, 4, 5, 1, 2), (5, 1, 2, 3, 4), (4, 1, 5, 2, 3), (5, 1, 3, 2, 4), (5, 3, 4, 2, 1), (1, 5, 2, 3, 4), (4, 5, 1, 3, 2), (5, 4, 3, 2, 1), (2, 4, 5, 3, 1), (4, 5, 2, 3, 1), (2, 3, 1, 4, 5), (2, 4, 3, 5, 1), (3, 4, 2, 5, 1)}
M(AUB) = 
[[4, 5, 3, 1, 2]]
Distance:63

(90)
A = 
{(4, 1, 3, 2, 5), (5, 2, 4, 1, 3), (2, 5, 4, 1, 3), (1, 2, 4, 5, 3), (1, 4, 5, 2, 3), (3, 1, 5, 4, 2), (5, 2, 3, 4, 1), (3, 5, 2, 1, 4)}
M(A) = 
[[2, 1, 4, 5, 3], [2, 4, 1, 5, 3], [2, 4, 5, 1, 3]]
Distance: 33
B = 
{(2, 1, 4, 5, 3), (4, 2, 1, 5, 3), (4, 2, 5, 1, 3), (1, 5, 4, 3, 2), (1, 2, 4, 3, 5), (2, 3, 5, 1, 4), (4, 3, 2, 5, 1), (2, 4, 3, 5, 1)}
M(B) = 
[[2, 1, 4, 5, 3], [2, 4, 1, 5, 3], [2, 4, 5, 1, 3]]
Distance: 27
M(A) inter A:
set()
M(B) inter B:
{(2, 1, 4, 5, 3), (4, 2, 1, 5, 3), (4, 2, 5, 1, 3)}

AUB = 
{(4, 1, 3, 2, 5), (5, 2, 4, 1, 3), (2, 1, 4, 5, 3), (4, 2, 5, 1, 3), (4, 2, 1, 5, 3), (1, 5, 4, 3, 2), (1, 2, 4, 3, 5), (2, 5, 4, 1, 3), (1, 2, 4, 5, 3), (2, 3, 5, 1, 4), (4, 3, 2, 5, 1), (1, 4, 5, 2, 3), (3, 1, 5, 4, 2), (5, 2, 3, 4, 1), (3, 5, 2, 1, 4), (2, 4, 3, 5, 1)}
M(AUB) = 
[[2, 1, 4, 5, 3], [2, 4, 1, 5, 3], [2, 4, 5, 1, 3]]
Distance:64

(91)
A = 
{(2, 1, 4, 5, 3), (3, 1, 4, 2, 5), (1, 3, 5, 4, 2), (2, 3, 1, 5, 4), (1, 4, 3, 5, 2), (1, 5, 2, 4, 3), (3, 2, 5, 4, 1), (2, 1, 4, 3, 5)}
M(A) = 
[[2, 1, 4, 3, 5]]
Distance: 29
B = 
{(3, 1, 2, 5, 4), (4, 1, 5, 2, 3), (1, 2, 4, 3, 5), (2, 5, 1, 4, 3), (4, 3, 2, 5, 1), (3, 4, 2, 5, 1), (3, 4, 5, 2, 1), (4, 2, 5, 3, 1)}
M(B) = 
[[2, 1, 4, 3, 5]]
Distance: 29
M(A) inter A:
set()
M(B) inter B:
{(4, 3, 2, 5, 1)}

AUB = 
{(3, 1, 2, 5, 4), (3, 4, 5, 2, 1), (2, 1, 4, 5, 3), (3, 1, 4, 2, 5), (2, 5, 1, 4, 3), (1, 2, 4, 3, 5), (1, 3, 5, 4, 2), (2, 3, 1, 5, 4), (4, 1, 5, 2, 3), (4, 3, 2, 5, 1), (1, 4, 3, 5, 2), (1, 5, 2, 4, 3), (3, 2, 5, 4, 1), (2, 1, 4, 3, 5), (3, 4, 2, 5, 1), (4, 2, 5, 3, 1)}
M(AUB) = 
[[2, 1, 4, 3, 5]]
Distance:66

(92)
A = 
{(2, 4, 1, 5, 3), (4, 3, 1, 5, 2), (4, 1, 5, 2, 3), (1, 2, 3, 4, 5), (3, 1, 4, 2, 5), (4, 2, 5, 3, 1), (4, 3, 5, 1, 2), (4, 2, 3, 5, 1)}
M(A) = 
[[4, 3, 1, 5, 2]]
Distance: 26
B = 
{(4, 3, 5, 1, 2), (4, 3, 5, 2, 1), (1, 3, 4, 5, 2), (4, 1, 5, 3, 2), (1, 5, 3, 2, 4), (2, 5, 3, 4, 1), (1, 4, 5, 3, 2), (3, 4, 2, 5, 1)}
M(B) = 
[[4, 3, 1, 5, 2]]
Distance: 29
M(A) inter A:
{(4, 3, 1, 5, 2), (4, 3, 5, 1, 2)}
M(B) inter B:
{(4, 1, 5, 3, 2), (4, 3, 5, 1, 2)}

AUB = 
{(2, 4, 1, 5, 3), (1, 5, 3, 2, 4), (4, 3, 1, 5, 2), (4, 1, 5, 2, 3), (4, 1, 5, 3, 2), (1, 2, 3, 4, 5), (1, 3, 4, 5, 2), (3, 1, 4, 2, 5), (2, 5, 3, 4, 1), (4, 2, 3, 5, 1), (1, 4, 5, 3, 2), (4, 3, 5, 1, 2), (3, 4, 2, 5, 1), (4, 3, 5, 2, 1), (4, 2, 5, 3, 1)}
M(AUB) = 
[[4, 3, 1, 5, 2]]
Distance:56

(93)
A = 
{(4, 1, 3, 2, 5), (5, 4, 3, 1, 2), (3, 2, 5, 1, 4), (2, 4, 1, 3, 5), (4, 3, 1, 2, 5), (4, 5, 2, 3, 1), (1, 4, 3, 2, 5), (5, 3, 1, 2, 4)}
M(A) = 
[[3, 4, 5, 1, 2]]
Distance: 29
B = 
{(5, 1, 3, 2, 4), (3, 1, 5, 2, 4), (3, 4, 5, 1, 2), (3, 1, 4, 2, 5), (5, 3, 4, 2, 1), (2, 3, 5, 4, 1), (3, 4, 2, 5, 1), (3, 4, 5, 2, 1)}
M(B) = 
[[3, 4, 5, 1, 2]]
Distance: 23
M(A) inter A:
set()
M(B) inter B:
{(3, 4, 5, 2, 1), (3, 4, 5, 1, 2)}

AUB = 
{(4, 1, 3, 2, 5), (5, 3, 4, 2, 1), (3, 4, 5, 2, 1), (3, 1, 5, 2, 4), (3, 2, 5, 1, 4), (5, 4, 3, 1, 2), (3, 1, 4, 2, 5), (3, 4, 2, 5, 1), (2, 4, 1, 3, 5), (5, 1, 3, 2, 4), (4, 5, 2, 3, 1), (2, 3, 5, 4, 1), (4, 3, 1, 2, 5), (1, 4, 3, 2, 5), (5, 3, 1, 2, 4), (3, 4, 5, 1, 2)}
M(AUB) = 
[[3, 4, 5, 1, 2]]
Distance:58

(94)
A = 
{(5, 4, 1, 2, 3), (5, 4, 3, 1, 2), (3, 1, 2, 4, 5), (3, 5, 2, 4, 1), (2, 5, 4, 3, 1), (4, 3, 2, 1, 5), (5, 4, 3, 2, 1), (1, 3, 2, 5, 4)}
M(A) = 
[[5, 3, 2, 4, 1], [5, 3, 4, 1, 2], [5, 3, 4, 2, 1], [5, 4, 3, 1, 2], [5, 4, 3, 2, 1]]
Distance: 30
B = 
{(1, 3, 4, 2, 5), (5, 1, 4, 3, 2), (2, 4, 5, 1, 3), (4, 3, 5, 1, 2), (1, 2, 5, 3, 4), (2, 5, 1, 3, 4), (5, 3, 4, 2, 1), (2, 5, 3, 1, 4)}
M(B) = 
[[5, 3, 2, 4, 1], [5, 3, 4, 1, 2], [5, 3, 4, 2, 1], [5, 4, 3, 1, 2], [5, 4, 3, 2, 1]]
Distance: 31
M(A) inter A:
set()
M(B) inter B:
{(2, 5, 1, 3, 4)}

AUB = 
{(1, 3, 4, 2, 5), (5, 1, 4, 3, 2), (5, 4, 1, 2, 3), (4, 3, 5, 1, 2), (1, 2, 5, 3, 4), (5, 4, 3, 1, 2), (3, 1, 2, 4, 5), (2, 5, 1, 3, 4), (5, 3, 4, 2, 1), (2, 4, 5, 1, 3), (3, 5, 2, 4, 1), (2, 5, 4, 3, 1), (4, 3, 2, 1, 5), (2, 5, 3, 1, 4), (5, 4, 3, 2, 1), (1, 3, 2, 5, 4)}
M(AUB) = 
[[5, 3, 2, 4, 1], [5, 3, 4, 1, 2], [5, 3, 4, 2, 1], [5, 4, 3, 1, 2], [5, 4, 3, 2, 1]]
Distance:69

(95)
A = 
{(1, 3, 2, 4, 5), (4, 1, 2, 3, 5), (2, 1, 4, 5, 3), (1, 3, 4, 5, 2), (2, 5, 4, 1, 3), (2, 5, 3, 1, 4), (1, 5, 2, 4, 3), (5, 3, 1, 2, 4)}
M(A) = 
[[1, 2, 3, 4, 5], [1, 2, 4, 3, 5], [1, 2, 4, 5, 3], [1, 3, 2, 4, 5]]
Distance: 29
B = 
{(4, 3, 5, 1, 2), (3, 2, 5, 1, 4), (1, 5, 3, 2, 4), (3, 4, 1, 2, 5), (4, 2, 3, 1, 5), (4, 5, 1, 3, 2), (2, 1, 3, 4, 5), (4, 2, 5, 3, 1)}
M(B) = 
[[1, 2, 3, 4, 5], [1, 2, 4, 3, 5], [1, 2, 4, 5, 3], [1, 3, 2, 4, 5]]
Distance: 32
M(A) inter A:
set()
M(B) inter B:
{(3, 4, 1, 2, 5)}

AUB = 
{(1, 3, 2, 4, 5), (4, 1, 2, 3, 5), (2, 1, 3, 4, 5), (2, 1, 4, 5, 3), (3, 2, 5, 1, 4), (1, 5, 3, 2, 4), (2, 5, 4, 1, 3), (3, 4, 1, 2, 5), (1, 3, 4, 5, 2), (4, 2, 3, 1, 5), (2, 5, 3, 1, 4), (4, 5, 1, 3, 2), (1, 5, 2, 4, 3), (5, 3, 1, 2, 4), (4, 2, 5, 3, 1), (4, 3, 5, 1, 2)}
M(AUB) = 
[[1, 2, 3, 4, 5], [1, 2, 4, 3, 5], [1, 2, 4, 5, 3], [1, 3, 2, 4, 5]]
Distance:71

(96)
A = 
{(1, 2, 5, 4, 3), (5, 4, 2, 1, 3), (3, 5, 4, 2, 1), (4, 3, 1, 2, 5), (1, 4, 5, 3, 2), (4, 5, 3, 2, 1), (5, 4, 2, 3, 1), (1, 3, 2, 5, 4)}
M(A) = 
[[4, 1, 3, 5, 2], [4, 3, 1, 5, 2]]
Distance: 31
B = 
{(1, 3, 2, 4, 5), (2, 3, 4, 1, 5), (1, 2, 3, 5, 4), (3, 4, 1, 2, 5), (4, 5, 1, 2, 3), (1, 4, 3, 5, 2), (4, 3, 5, 1, 2), (5, 4, 3, 2, 1)}
M(B) = 
[[4, 1, 3, 5, 2], [4, 3, 1, 5, 2]]
Distance: 30
M(A) inter A:
{(4, 3, 1, 2, 5)}
M(B) inter B:
{(3, 4, 1, 2, 5)}

AUB = 
{(1, 3, 2, 4, 5), (4, 5, 1, 2, 3), (1, 2, 5, 4, 3), (2, 3, 4, 1, 5), (1, 4, 3, 5, 2), (1, 2, 3, 5, 4), (3, 4, 1, 2, 5), (5, 4, 2, 1, 3), (3, 5, 4, 2, 1), (4, 5, 3, 2, 1), (1, 4, 5, 3, 2), (4, 3, 1, 2, 5), (4, 3, 5, 1, 2), (5, 4, 2, 3, 1), (1, 3, 2, 5, 4), (5, 4, 3, 2, 1)}
M(AUB) = 
[[4, 1, 3, 5, 2], [4, 3, 1, 5, 2]]
Distance:65

(97)
A = 
{(5, 2, 1, 4, 3), (2, 1, 3, 5, 4), (3, 5, 4, 1, 2), (5, 3, 1, 4, 2), (3, 1, 4, 5, 2), (4, 5, 2, 3, 1), (1, 4, 3, 2, 5), (2, 1, 4, 3, 5)}
M(A) = 
[[1, 2, 3, 4, 5]]
Distance: 35
B = 
{(1, 3, 2, 4, 5), (2, 3, 1, 4, 5), (2, 1, 3, 4, 5), (3, 2, 4, 1, 5), (1, 4, 2, 5, 3), (1, 4, 5, 2, 3), (1, 4, 3, 2, 5), (5, 3, 1, 2, 4)}
M(B) = 
[[1, 2, 3, 4, 5]]
Distance: 24
M(A) inter A:
set()
M(B) inter B:
{(1, 3, 2, 4, 5)}

AUB = 
{(1, 3, 2, 4, 5), (5, 2, 1, 4, 3), (2, 1, 3, 4, 5), (2, 3, 1, 4, 5), (5, 3, 1, 2, 4), (2, 1, 3, 5, 4), (5, 3, 1, 4, 2), (3, 2, 4, 1, 5), (3, 5, 4, 1, 2), (1, 4, 5, 2, 3), (1, 4, 2, 5, 3), (3, 1, 4, 5, 2), (4, 5, 2, 3, 1), (1, 4, 3, 2, 5), (2, 1, 4, 3, 5)}
M(AUB) = 
[[1, 2, 3, 4, 5]]
Distance:60

(98)
A = 
{(2, 4, 5, 1, 3), (3, 5, 1, 2, 4), (1, 5, 4, 3, 2), (1, 5, 3, 2, 4), (1, 3, 2, 5, 4), (4, 3, 5, 2, 1), (5, 4, 3, 2, 1), (2, 1, 4, 3, 5)}
M(A) = 
[[1, 3, 2, 4, 5]]
Distance: 34
B = 
{(1, 3, 2, 4, 5), (3, 1, 5, 2, 4), (5, 4, 1, 3, 2), (2, 1, 3, 4, 5), (2, 4, 1, 3, 5), (4, 3, 1, 2, 5), (3, 5, 1, 2, 4), (2, 4, 3, 1, 5)}
M(B) = 
[[1, 3, 2, 4, 5]]
Distance: 29
M(A) inter A:
set()
M(B) inter B:
{(1, 3, 2, 4, 5)}

AUB = 
{(1, 3, 2, 4, 5), (2, 4, 5, 1, 3), (2, 1, 3, 4, 5), (3, 1, 5, 2, 4), (5, 4, 1, 3, 2), (1, 5, 4, 3, 2), (1, 3, 2, 5, 4), (2, 4, 1, 3, 5), (1, 5, 3, 2, 4), (4, 3, 1, 2, 5), (2, 4, 3, 1, 5), (5, 4, 3, 2, 1), (2, 1, 4, 3, 5), (3, 5, 1, 2, 4), (4, 3, 5, 2, 1)}
M(AUB) = 
[[1, 3, 2, 4, 5]]
Distance:63

(99)
A = 
{(4, 1, 3, 2, 5), (1, 2, 5, 3, 4), (4, 1, 2, 5, 3), (5, 1, 4, 2, 3), (2, 5, 3, 4, 1), (1, 4, 3, 2, 5), (3, 5, 1, 2, 4), (5, 4, 2, 3, 1)}
M(A) = 
[[1, 2, 4, 5, 3], [1, 4, 2, 5, 3]]
Distance: 33
B = 
{(1, 3, 2, 4, 5), (2, 5, 1, 3, 4), (2, 1, 4, 5, 3), (3, 4, 1, 2, 5), (5, 1, 3, 2, 4), (4, 5, 3, 1, 2), (1, 4, 3, 5, 2), (2, 3, 1, 4, 5)}
M(B) = 
[[1, 2, 4, 5, 3], [1, 4, 2, 5, 3]]
Distance: 29
M(A) inter A:
set()
M(B) inter B:
{(1, 3, 2, 4, 5)}

AUB = 
{(4, 1, 3, 2, 5), (1, 3, 2, 4, 5), (2, 1, 4, 5, 3), (1, 2, 5, 3, 4), (2, 3, 1, 4, 5), (4, 1, 2, 5, 3), (3, 4, 1, 2, 5), (5, 1, 4, 2, 3), (5, 1, 3, 2, 4), (2, 5, 1, 3, 4), (2, 5, 3, 4, 1), (1, 4, 3, 5, 2), (4, 5, 3, 1, 2), (1, 4, 3, 2, 5), (3, 5, 1, 2, 4), (5, 4, 2, 3, 1)}
M(AUB) = 
[[1, 2, 4, 5, 3], [1, 4, 2, 5, 3]]
Distance:68

