(0)
A = 
{(4, 2, 1, 3), (1, 2, 3, 4), (1, 2, 4, 3), (1, 3, 4, 2), (3, 2, 4, 1), (4, 1, 2, 3), (2, 3, 4, 1), (2, 1, 3, 4), (2, 1, 4, 3)}
M(A) = 
[[2, 3, 1, 4]]
Distance: 19
B = 
{(2, 3, 1, 4), (3, 1, 4, 2), (3, 2, 4, 1), (3, 4, 2, 1), (4, 2, 1, 3), (2, 3, 4, 1), (4, 2, 3, 1), (3, 2, 1, 4), (4, 3, 1, 2)}
M(B) = 
[[2, 3, 1, 4]]
Distance: 17
M(A) inter A:
set()
M(B) inter B:
{(3, 4, 2, 1)}

AUB = 
{(3, 1, 4, 2), (4, 2, 1, 3), (1, 2, 3, 4), (3, 2, 4, 1), (4, 3, 1, 2), (2, 3, 1, 4), (1, 3, 4, 2), (1, 2, 4, 3), (4, 1, 2, 3), (2, 3, 4, 1), (3, 4, 2, 1), (2, 1, 3, 4), (4, 2, 3, 1), (3, 2, 1, 4), (2, 1, 4, 3)}
M(AUB) = 
[[2, 3, 1, 4]]
Distance:39

(1)
A = 
{(4, 1, 2, 3), (3, 1, 4, 2), (1, 2, 4, 3), (1, 4, 3, 2), (1, 3, 4, 2), (1, 4, 2, 3), (4, 2, 1, 3), (2, 1, 4, 3), (4, 3, 1, 2)}
M(A) = 
[[1, 4, 2, 3]]
Distance: 15
B = 
{(2, 3, 1, 4), (3, 1, 4, 2), (1, 4, 2, 3), (1, 3, 4, 2), (4, 1, 2, 3), (1, 2, 4, 3), (4, 2, 1, 3), (2, 3, 4, 1), (3, 4, 1, 2)}
M(B) = 
[[1, 4, 2, 3]]
Distance: 22
M(A) inter A:
{(1, 4, 2, 3)}
M(B) inter B:
{(1, 4, 2, 3)}

AUB = 
{(4, 1, 2, 3), (3, 4, 1, 2), (3, 1, 4, 2), (1, 4, 2, 3), (2, 3, 1, 4), (1, 4, 3, 2), (1, 3, 4, 2), (1, 2, 4, 3), (4, 2, 1, 3), (2, 3, 4, 1), (4, 3, 1, 2), (2, 1, 4, 3)}
M(AUB) = 
[[1, 4, 2, 3]]
Distance:28

(2)
A = 
{(2, 1, 3, 4), (1, 3, 2, 4), (1, 4, 2, 3), (3, 4, 2, 1), (2, 4, 3, 1), (4, 3, 2, 1), (2, 1, 4, 3), (3, 1, 2, 4), (4, 1, 3, 2)}
M(A) = 
[[3, 2, 1, 4]]
Distance: 25
B = 
{(2, 1, 3, 4), (1, 2, 3, 4), (3, 4, 2, 1), (1, 4, 3, 2), (3, 2, 1, 4), (3, 2, 4, 1), (2, 3, 1, 4), (3, 1, 2, 4), (2, 1, 4, 3)}
M(B) = 
[[3, 2, 1, 4]]
Distance: 17
M(A) inter A:
set()
M(B) inter B:
{(3, 2, 1, 4)}

AUB = 
{(2, 1, 3, 4), (1, 3, 2, 4), (3, 4, 2, 1), (1, 2, 3, 4), (1, 4, 3, 2), (3, 2, 1, 4), (1, 4, 2, 3), (2, 3, 1, 4), (3, 2, 4, 1), (2, 4, 3, 1), (4, 1, 3, 2), (4, 3, 2, 1), (3, 1, 2, 4), (2, 1, 4, 3)}
M(AUB) = 
[[3, 2, 1, 4]]
Distance:35

(3)
A = 
{(4, 1, 2, 3), (1, 2, 4, 3), (2, 3, 4, 1), (3, 2, 4, 1), (2, 1, 3, 4), (4, 2, 1, 3), (2, 4, 3, 1), (4, 3, 2, 1), (2, 1, 4, 3)}
M(A) = 
[[2, 4, 3, 1]]
Distance: 17
B = 
{(2, 4, 1, 3), (4, 2, 3, 1), (2, 4, 3, 1), (3, 2, 1, 4), (3, 4, 2, 1), (2, 3, 4, 1), (4, 1, 3, 2), (3, 1, 2, 4), (4, 3, 1, 2)}
M(B) = 
[[2, 4, 3, 1]]
Distance: 20
M(A) inter A:
{(3, 2, 4, 1), (4, 3, 2, 1), (2, 4, 3, 1)}
M(B) inter B:
{(2, 4, 3, 1)}

AUB = 
{(2, 4, 1, 3), (4, 1, 2, 3), (3, 2, 4, 1), (4, 3, 1, 2), (2, 4, 3, 1), (4, 2, 3, 1), (3, 1, 2, 4), (1, 2, 4, 3), (2, 1, 3, 4), (4, 2, 1, 3), (2, 3, 4, 1), (3, 4, 2, 1), (4, 1, 3, 2), (4, 3, 2, 1), (3, 2, 1, 4), (2, 1, 4, 3)}
M(AUB) = 
[[2, 4, 3, 1]]
Distance:37

(4)
A = 
{(4, 1, 2, 3), (3, 4, 1, 2), (1, 3, 4, 2), (1, 4, 2, 3), (4, 2, 1, 3), (2, 3, 4, 1), (4, 1, 3, 2), (4, 2, 3, 1), (3, 1, 4, 2)}
M(A) = 
[[3, 4, 2, 1], [4, 2, 3, 1]]
Distance: 19
B = 
{(2, 3, 1, 4), (3, 1, 4, 2), (1, 4, 2, 3), (4, 1, 2, 3), (3, 4, 2, 1), (2, 1, 3, 4), (4, 3, 2, 1), (3, 1, 2, 4), (2, 1, 4, 3)}
M(B) = 
[[3, 4, 2, 1], [4, 2, 3, 1]]
Distance: 24
M(A) inter A:
set()
M(B) inter B:
{(2, 3, 1, 4)}

AUB = 
{(3, 1, 4, 2), (4, 1, 2, 3), (3, 4, 1, 2), (4, 3, 2, 1), (3, 4, 2, 1), (2, 3, 1, 4), (1, 3, 4, 2), (1, 4, 2, 3), (4, 2, 1, 3), (2, 3, 4, 1), (2, 1, 3, 4), (4, 2, 3, 1), (2, 1, 4, 3), (3, 1, 2, 4), (4, 1, 3, 2)}
M(AUB) = 
[[3, 4, 2, 1], [4, 2, 3, 1]]
Distance:41

(5)
A = 
{(4, 1, 2, 3), (3, 1, 4, 2), (1, 2, 4, 3), (1, 2, 3, 4), (3, 2, 4, 1), (2, 3, 1, 4), (4, 2, 1, 3), (2, 4, 3, 1), (4, 3, 1, 2)}
M(A) = 
[[1, 4, 2, 3], [1, 4, 3, 2], [4, 1, 2, 3], [4, 1, 3, 2], [4, 3, 1, 2]]
Distance: 24
B = 
{(4, 1, 2, 3), (3, 4, 2, 1), (1, 3, 4, 2), (1, 4, 2, 3), (4, 3, 2, 1), (4, 1, 3, 2), (4, 3, 1, 2), (3, 1, 2, 4), (2, 1, 4, 3)}
M(B) = 
[[1, 4, 2, 3], [1, 4, 3, 2], [4, 1, 2, 3], [4, 1, 3, 2], [4, 3, 1, 2]]
Distance: 19
M(A) inter A:
set()
M(B) inter B:
{(4, 1, 3, 2)}

AUB = 
{(4, 1, 2, 3), (3, 1, 4, 2), (4, 3, 2, 1), (3, 2, 4, 1), (2, 4, 3, 1), (1, 3, 4, 2), (1, 2, 4, 3), (2, 3, 1, 4), (1, 4, 2, 3), (4, 2, 1, 3), (3, 4, 2, 1), (4, 1, 3, 2), (4, 3, 1, 2), (2, 1, 4, 3), (3, 1, 2, 4), (1, 2, 3, 4)}
M(AUB) = 
[[1, 4, 2, 3], [1, 4, 3, 2], [4, 1, 2, 3], [4, 1, 3, 2], [4, 3, 1, 2]]
Distance:45

(6)
A = 
{(4, 1, 2, 3), (1, 3, 2, 4), (4, 3, 1, 2), (1, 3, 4, 2), (1, 4, 3, 2), (1, 2, 4, 3), (4, 2, 1, 3), (4, 3, 2, 1), (2, 4, 1, 3)}
M(A) = 
[[1, 2, 4, 3], [2, 1, 4, 3], [2, 4, 1, 3]]
Distance: 18
B = 
{(2, 4, 1, 3), (2, 3, 1, 4), (1, 3, 2, 4), (1, 2, 3, 4), (1, 3, 4, 2), (3, 2, 4, 1), (2, 3, 4, 1), (2, 1, 4, 3), (4, 3, 1, 2)}
M(B) = 
[[1, 2, 4, 3], [2, 1, 4, 3], [2, 4, 1, 3]]
Distance: 21
M(A) inter A:
set()
M(B) inter B:
set()

AUB = 
{(2, 4, 1, 3), (1, 2, 3, 4), (4, 1, 2, 3), (1, 3, 2, 4), (3, 2, 4, 1), (2, 3, 1, 4), (1, 3, 4, 2), (1, 4, 3, 2), (1, 2, 4, 3), (4, 2, 1, 3), (2, 3, 4, 1), (4, 3, 2, 1), (2, 1, 4, 3), (4, 3, 1, 2)}
M(AUB) = 
[[1, 2, 4, 3], [2, 1, 4, 3], [2, 4, 1, 3]]
Distance:37

(7)
A = 
{(2, 1, 3, 4), (1, 2, 3, 4), (3, 4, 2, 1), (1, 4, 3, 2), (1, 3, 4, 2), (1, 4, 2, 3), (4, 1, 3, 2), (4, 2, 3, 1), (2, 1, 4, 3)}
M(A) = 
[[2, 1, 4, 3], [4, 2, 1, 3]]
Distance: 20
B = 
{(2, 1, 3, 4), (1, 3, 2, 4), (3, 4, 2, 1), (2, 3, 1, 4), (1, 4, 3, 2), (3, 2, 4, 1), (4, 2, 1, 3), (2, 4, 3, 1), (4, 3, 2, 1)}
M(B) = 
[[2, 1, 4, 3], [4, 2, 1, 3]]
Distance: 22
M(A) inter A:
set()
M(B) inter B:
{(3, 2, 4, 1)}

AUB = 
{(2, 1, 3, 4), (1, 3, 2, 4), (1, 2, 3, 4), (4, 3, 2, 1), (1, 4, 2, 3), (2, 4, 3, 1), (1, 4, 3, 2), (1, 3, 4, 2), (3, 4, 2, 1), (2, 3, 1, 4), (3, 2, 4, 1), (4, 2, 1, 3), (4, 2, 3, 1), (2, 1, 4, 3), (4, 1, 3, 2)}
M(AUB) = 
[[2, 1, 4, 3], [4, 2, 1, 3]]
Distance:41

(8)
A = 
{(2, 3, 1, 4), (3, 2, 4, 1), (2, 4, 3, 1), (1, 4, 3, 2), (4, 1, 2, 3), (3, 4, 2, 1), (2, 1, 3, 4), (4, 2, 1, 3), (2, 4, 1, 3)}
M(A) = 
[[2, 4, 1, 3]]
Distance: 20
B = 
{(1, 3, 2, 4), (1, 4, 3, 2), (3, 2, 1, 4), (3, 2, 4, 1), (2, 4, 3, 1), (4, 1, 3, 2), (4, 3, 1, 2), (3, 1, 2, 4), (2, 1, 4, 3)}
M(B) = 
[[2, 4, 1, 3]]
Distance: 22
M(A) inter A:
set()
M(B) inter B:
{(3, 1, 2, 4)}

AUB = 
{(2, 3, 1, 4), (1, 3, 2, 4), (3, 4, 2, 1), (4, 3, 1, 2), (1, 4, 3, 2), (3, 1, 2, 4), (3, 2, 4, 1), (4, 1, 2, 3), (4, 2, 1, 3), (2, 4, 3, 1), (2, 1, 3, 4), (4, 1, 3, 2), (2, 1, 4, 3), (3, 2, 1, 4), (2, 4, 1, 3)}
M(AUB) = 
[[2, 4, 1, 3]]
Distance:41

(9)
A = 
{(2, 1, 3, 4), (3, 1, 4, 2), (4, 3, 2, 1), (3, 2, 4, 1), (1, 2, 4, 3), (4, 2, 1, 3), (2, 4, 3, 1), (4, 2, 3, 1), (3, 4, 1, 2)}
M(A) = 
[[3, 2, 1, 4]]
Distance: 21
B = 
{(2, 3, 1, 4), (1, 3, 2, 4), (3, 4, 2, 1), (1, 3, 4, 2), (3, 1, 2, 4), (1, 4, 2, 3), (4, 3, 2, 1), (3, 2, 1, 4), (3, 4, 1, 2)}
M(B) = 
[[3, 2, 1, 4]]
Distance: 18
M(A) inter A:
{(3, 1, 4, 2)}
M(B) inter B:
set()

AUB = 
{(2, 1, 3, 4), (1, 3, 2, 4), (3, 1, 4, 2), (1, 2, 4, 3), (2, 3, 1, 4), (4, 2, 3, 1), (1, 3, 4, 2), (3, 2, 1, 4), (3, 2, 4, 1), (4, 2, 1, 3), (1, 4, 2, 3), (2, 4, 3, 1), (3, 4, 2, 1), (4, 3, 2, 1), (3, 1, 2, 4), (3, 4, 1, 2)}
M(AUB) = 
[[3, 2, 1, 4]]
Distance:41

(10)
A = 
{(2, 4, 1, 3), (4, 2, 1, 3), (3, 4, 1, 2), (1, 3, 2, 4), (1, 4, 3, 2), (1, 3, 4, 2), (4, 1, 2, 3), (4, 3, 2, 1), (4, 3, 1, 2)}
M(A) = 
[[1, 2, 3, 4], [1, 3, 2, 4], [2, 1, 3, 4]]
Distance: 17
B = 
{(2, 1, 3, 4), (1, 2, 3, 4), (1, 3, 4, 2), (3, 2, 1, 4), (2, 3, 1, 4), (2, 3, 4, 1), (2, 1, 4, 3), (3, 1, 2, 4), (2, 4, 1, 3)}
M(B) = 
[[1, 2, 3, 4], [1, 3, 2, 4], [2, 1, 3, 4]]
Distance: 15
M(A) inter A:
set()
M(B) inter B:
{(2, 1, 3, 4)}

AUB = 
{(4, 2, 1, 3), (1, 3, 2, 4), (3, 4, 1, 2), (4, 3, 1, 2), (1, 2, 3, 4), (1, 4, 3, 2), (1, 3, 4, 2), (2, 3, 1, 4), (4, 1, 2, 3), (3, 1, 2, 4), (2, 3, 4, 1), (2, 1, 3, 4), (4, 3, 2, 1), (2, 1, 4, 3), (3, 2, 1, 4), (2, 4, 1, 3)}
M(AUB) = 
[[1, 2, 3, 4], [1, 3, 2, 4], [2, 1, 3, 4]]
Distance:44

(11)
A = 
{(4, 1, 2, 3), (1, 3, 2, 4), (1, 2, 4, 3), (2, 3, 1, 4), (1, 4, 2, 3), (4, 3, 2, 1), (4, 3, 1, 2), (3, 1, 2, 4), (2, 1, 4, 3)}
M(A) = 
[[2, 1, 4, 3]]
Distance: 21
B = 
{(2, 1, 3, 4), (1, 2, 3, 4), (3, 2, 4, 1), (1, 2, 4, 3), (4, 2, 1, 3), (4, 1, 3, 2), (4, 2, 3, 1), (3, 2, 1, 4), (2, 4, 1, 3)}
M(B) = 
[[2, 1, 4, 3]]
Distance: 20
M(A) inter A:
set()
M(B) inter B:
{(2, 4, 1, 3)}

AUB = 
{(2, 4, 1, 3), (4, 1, 2, 3), (1, 3, 2, 4), (1, 4, 2, 3), (1, 2, 3, 4), (4, 2, 3, 1), (3, 2, 1, 4), (1, 2, 4, 3), (2, 3, 1, 4), (3, 2, 4, 1), (4, 2, 1, 3), (2, 1, 3, 4), (4, 1, 3, 2), (4, 3, 2, 1), (2, 1, 4, 3), (3, 1, 2, 4), (4, 3, 1, 2)}
M(AUB) = 
[[2, 1, 4, 3]]
Distance:44

(12)
A = 
{(4, 1, 2, 3), (3, 1, 4, 2), (1, 4, 3, 2), (1, 2, 4, 3), (4, 2, 1, 3), (2, 4, 3, 1), (4, 1, 3, 2), (2, 1, 4, 3), (4, 3, 1, 2)}
M(A) = 
[[1, 4, 2, 3], [1, 4, 3, 2], [4, 1, 2, 3], [4, 1, 3, 2], [4, 3, 1, 2]]
Distance: 18
B = 
{(4, 2, 3, 1), (3, 1, 4, 2), (1, 2, 4, 3), (1, 4, 3, 2), (3, 2, 1, 4), (1, 4, 2, 3), (4, 3, 2, 1), (3, 1, 2, 4), (4, 1, 3, 2)}
M(B) = 
[[1, 4, 2, 3], [1, 4, 3, 2], [4, 1, 2, 3], [4, 1, 3, 2], [4, 3, 1, 2]]
Distance: 20
M(A) inter A:
{(1, 4, 3, 2)}
M(B) inter B:
{(1, 4, 3, 2)}

AUB = 
{(4, 1, 2, 3), (3, 1, 4, 2), (4, 3, 2, 1), (1, 4, 2, 3), (4, 3, 1, 2), (4, 2, 3, 1), (1, 4, 3, 2), (3, 1, 2, 4), (1, 2, 4, 3), (4, 2, 1, 3), (2, 4, 3, 1), (2, 1, 4, 3), (3, 2, 1, 4), (4, 1, 3, 2)}
M(AUB) = 
[[1, 4, 2, 3], [1, 4, 3, 2], [4, 1, 2, 3], [4, 1, 3, 2], [4, 3, 1, 2]]
Distance:35

(13)
A = 
{(4, 2, 3, 1), (1, 2, 3, 4), (3, 4, 2, 1), (4, 3, 1, 2), (1, 3, 4, 2), (1, 4, 2, 3), (2, 3, 4, 1), (4, 1, 3, 2), (2, 4, 1, 3)}
M(A) = 
[[4, 1, 2, 3]]
Distance: 22
B = 
{(4, 2, 1, 3), (3, 1, 4, 2), (1, 4, 3, 2), (1, 2, 4, 3), (2, 1, 3, 4), (2, 4, 3, 1), (4, 2, 3, 1), (3, 2, 1, 4), (3, 4, 1, 2)}
M(B) = 
[[4, 1, 2, 3]]
Distance: 25
M(A) inter A:
{(4, 2, 3, 1)}
M(B) inter B:
{(4, 2, 3, 1)}

AUB = 
{(2, 4, 1, 3), (3, 1, 4, 2), (4, 2, 1, 3), (3, 4, 1, 2), (1, 2, 3, 4), (1, 4, 2, 3), (1, 2, 4, 3), (2, 4, 3, 1), (1, 3, 4, 2), (1, 4, 3, 2), (3, 4, 2, 1), (2, 1, 3, 4), (2, 3, 4, 1), (4, 1, 3, 2), (4, 2, 3, 1), (3, 2, 1, 4), (4, 3, 1, 2)}
M(AUB) = 
[[4, 1, 2, 3]]
Distance:47

(14)
A = 
{(2, 1, 3, 4), (1, 2, 4, 3), (1, 3, 4, 2), (1, 4, 2, 3), (2, 3, 1, 4), (2, 3, 4, 1), (4, 2, 3, 1), (2, 1, 4, 3), (2, 4, 1, 3)}
M(A) = 
[[2, 1, 3, 4]]
Distance: 17
B = 
{(4, 2, 3, 1), (1, 2, 3, 4), (1, 3, 4, 2), (1, 4, 3, 2), (3, 4, 2, 1), (2, 1, 3, 4), (2, 4, 1, 3), (3, 2, 1, 4), (2, 1, 4, 3)}
M(B) = 
[[2, 1, 3, 4]]
Distance: 21
M(A) inter A:
{(2, 1, 3, 4)}
M(B) inter B:
{(2, 1, 3, 4)}

AUB = 
{(2, 4, 1, 3), (2, 1, 3, 4), (1, 2, 3, 4), (1, 4, 2, 3), (1, 3, 4, 2), (1, 4, 3, 2), (1, 2, 4, 3), (2, 3, 1, 4), (2, 3, 4, 1), (3, 4, 2, 1), (4, 2, 3, 1), (3, 2, 1, 4), (2, 1, 4, 3)}
M(AUB) = 
[[2, 1, 3, 4]]
Distance:29

(15)
A = 
{(1, 3, 2, 4), (3, 4, 1, 2), (1, 4, 3, 2), (3, 1, 2, 4), (1, 4, 2, 3), (2, 4, 3, 1), (2, 4, 1, 3), (3, 2, 1, 4), (4, 1, 3, 2)}
M(A) = 
[[1, 3, 4, 2]]
Distance: 23
B = 
{(2, 1, 3, 4), (3, 1, 4, 2), (1, 4, 3, 2), (1, 3, 4, 2), (3, 1, 2, 4), (1, 4, 2, 3), (4, 2, 3, 1), (3, 2, 1, 4), (3, 4, 1, 2)}
M(B) = 
[[1, 3, 4, 2]]
Distance: 18
M(A) inter A:
set()
M(B) inter B:
{(3, 1, 4, 2)}

AUB = 
{(3, 1, 4, 2), (2, 1, 3, 4), (1, 3, 2, 4), (4, 2, 3, 1), (1, 4, 3, 2), (1, 3, 4, 2), (3, 2, 1, 4), (1, 4, 2, 3), (2, 4, 3, 1), (4, 1, 3, 2), (2, 4, 1, 3), (3, 1, 2, 4), (3, 4, 1, 2)}
M(AUB) = 
[[1, 3, 4, 2]]
Distance:33

(16)
A = 
{(2, 3, 1, 4), (1, 3, 2, 4), (3, 1, 4, 2), (3, 2, 4, 1), (1, 2, 4, 3), (4, 2, 1, 3), (2, 3, 4, 1), (4, 3, 2, 1), (2, 1, 4, 3)}
M(A) = 
[[1, 3, 2, 4], [2, 1, 3, 4]]
Distance: 22
B = 
{(2, 1, 3, 4), (1, 3, 2, 4), (3, 2, 4, 1), (1, 4, 3, 2), (1, 3, 4, 2), (1, 2, 4, 3), (4, 1, 3, 2), (3, 1, 2, 4), (2, 4, 1, 3)}
M(B) = 
[[1, 3, 2, 4], [2, 1, 3, 4]]
Distance: 18
M(A) inter A:
{(1, 3, 2, 4)}
M(B) inter B:
{(1, 3, 2, 4)}

AUB = 
{(2, 4, 1, 3), (2, 3, 1, 4), (1, 3, 2, 4), (1, 2, 4, 3), (1, 4, 3, 2), (1, 3, 4, 2), (3, 2, 4, 1), (4, 2, 1, 3), (2, 3, 4, 1), (2, 1, 3, 4), (4, 1, 3, 2), (4, 3, 2, 1), (2, 1, 4, 3), (3, 1, 2, 4), (3, 1, 4, 2)}
M(AUB) = 
[[1, 3, 2, 4], [2, 1, 3, 4]]
Distance:40

(17)
A = 
{(1, 3, 2, 4), (3, 1, 4, 2), (1, 4, 2, 3), (1, 3, 4, 2), (3, 2, 1, 4), (3, 4, 2, 1), (4, 1, 3, 2), (3, 1, 2, 4), (2, 1, 4, 3)}
M(A) = 
[[1, 2, 3, 4], [1, 3, 2, 4], [2, 1, 3, 4]]
Distance: 18
B = 
{(4, 1, 2, 3), (1, 2, 3, 4), (3, 2, 4, 1), (2, 1, 3, 4), (4, 2, 1, 3), (2, 3, 4, 1), (2, 4, 1, 3), (2, 1, 4, 3), (4, 1, 3, 2)}
M(B) = 
[[1, 2, 3, 4], [1, 3, 2, 4], [2, 1, 3, 4]]
Distance: 17
M(A) inter A:
set()
M(B) inter B:
{(2, 4, 1, 3)}

AUB = 
{(2, 4, 1, 3), (2, 3, 4, 1), (2, 1, 4, 3), (1, 3, 2, 4), (3, 4, 2, 1), (1, 2, 3, 4), (1, 3, 4, 2), (3, 1, 2, 4), (1, 4, 2, 3), (4, 1, 2, 3), (3, 2, 4, 1), (4, 2, 1, 3), (2, 1, 3, 4), (4, 1, 3, 2), (3, 2, 1, 4), (3, 1, 4, 2)}
M(AUB) = 
[[1, 2, 3, 4], [1, 3, 2, 4], [2, 1, 3, 4]]
Distance:42

(18)
A = 
{(2, 1, 3, 4), (3, 4, 1, 2), (1, 3, 4, 2), (3, 2, 4, 1), (4, 2, 1, 3), (2, 3, 4, 1), (4, 2, 3, 1), (3, 2, 1, 4), (2, 4, 1, 3)}
M(A) = 
[[3, 4, 2, 1]]
Distance: 20
B = 
{(2, 1, 3, 4), (3, 4, 1, 2), (1, 4, 2, 3), (1, 3, 4, 2), (3, 4, 2, 1), (4, 1, 2, 3), (4, 2, 1, 3), (4, 3, 2, 1), (1, 3, 2, 4)}
M(B) = 
[[3, 4, 2, 1]]
Distance: 22
M(A) inter A:
{(1, 3, 4, 2)}
M(B) inter B:
{(1, 3, 4, 2)}

AUB = 
{(2, 1, 3, 4), (1, 3, 2, 4), (3, 4, 1, 2), (4, 3, 2, 1), (1, 4, 2, 3), (1, 3, 4, 2), (4, 1, 2, 3), (3, 2, 4, 1), (4, 2, 1, 3), (2, 3, 4, 1), (3, 4, 2, 1), (4, 2, 3, 1), (3, 2, 1, 4), (2, 4, 1, 3)}
M(AUB) = 
[[3, 4, 2, 1]]
Distance:36

(19)
A = 
{(4, 1, 2, 3), (1, 2, 3, 4), (1, 3, 4, 2), (1, 4, 2, 3), (2, 1, 3, 4), (2, 3, 4, 1), (4, 1, 3, 2), (3, 1, 2, 4), (2, 1, 4, 3)}
M(A) = 
[[2, 1, 3, 4], [2, 3, 1, 4], [2, 3, 4, 1]]
Distance: 19
B = 
{(2, 3, 1, 4), (3, 4, 1, 2), (3, 1, 2, 4), (3, 4, 2, 1), (4, 3, 2, 1), (2, 3, 4, 1), (4, 2, 3, 1), (3, 2, 1, 4), (2, 4, 1, 3)}
M(B) = 
[[2, 1, 3, 4], [2, 3, 1, 4], [2, 3, 4, 1]]
Distance: 17
M(A) inter A:
set()
M(B) inter B:
set()

AUB = 
{(2, 4, 1, 3), (4, 1, 2, 3), (3, 4, 1, 2), (1, 2, 3, 4), (4, 3, 2, 1), (3, 4, 2, 1), (2, 3, 1, 4), (4, 2, 3, 1), (1, 3, 4, 2), (3, 2, 1, 4), (1, 4, 2, 3), (2, 1, 3, 4), (2, 3, 4, 1), (2, 1, 4, 3), (3, 1, 2, 4), (4, 1, 3, 2)}
M(AUB) = 
[[2, 1, 3, 4], [2, 3, 1, 4], [2, 3, 4, 1]]
Distance:45

(20)
A = 
{(2, 3, 1, 4), (4, 3, 1, 2), (4, 2, 3, 1), (1, 3, 4, 2), (3, 1, 2, 4), (1, 4, 2, 3), (4, 3, 2, 1), (3, 2, 1, 4), (2, 1, 4, 3)}
M(A) = 
[[4, 3, 1, 2]]
Distance: 24
B = 
{(4, 1, 2, 3), (3, 4, 1, 2), (3, 1, 4, 2), (3, 4, 2, 1), (1, 4, 3, 2), (1, 4, 2, 3), (2, 4, 3, 1), (3, 1, 2, 4), (4, 1, 3, 2)}
M(B) = 
[[4, 3, 1, 2]]
Distance: 19
M(A) inter A:
{(4, 3, 1, 2)}
M(B) inter B:
set()

AUB = 
{(3, 1, 4, 2), (2, 3, 1, 4), (3, 4, 1, 2), (3, 4, 2, 1), (1, 3, 4, 2), (3, 2, 1, 4), (4, 1, 2, 3), (1, 4, 2, 3), (4, 3, 2, 1), (2, 4, 3, 1), (1, 4, 3, 2), (4, 2, 3, 1), (2, 1, 4, 3), (3, 1, 2, 4), (4, 1, 3, 2), (4, 3, 1, 2)}
M(AUB) = 
[[4, 3, 1, 2]]
Distance:39

(21)
A = 
{(4, 1, 2, 3), (1, 3, 2, 4), (3, 1, 4, 2), (3, 4, 2, 1), (1, 3, 4, 2), (3, 2, 4, 1), (2, 3, 1, 4), (3, 1, 2, 4), (3, 4, 1, 2)}
M(A) = 
[[1, 3, 4, 2]]
Distance: 17
B = 
{(4, 2, 1, 3), (3, 4, 1, 2), (1, 2, 3, 4), (3, 2, 4, 1), (1, 4, 3, 2), (1, 2, 4, 3), (4, 1, 3, 2), (4, 2, 3, 1), (2, 4, 1, 3)}
M(B) = 
[[1, 3, 4, 2]]
Distance: 21
M(A) inter A:
{(4, 1, 2, 3)}
M(B) inter B:
set()

AUB = 
{(2, 4, 1, 3), (4, 1, 2, 3), (3, 4, 1, 2), (1, 3, 2, 4), (3, 2, 4, 1), (1, 2, 4, 3), (1, 2, 3, 4), (4, 2, 3, 1), (1, 3, 4, 2), (1, 4, 3, 2), (3, 4, 2, 1), (2, 3, 1, 4), (4, 2, 1, 3), (4, 1, 3, 2), (3, 1, 2, 4), (3, 1, 4, 2)}
M(AUB) = 
[[1, 3, 4, 2]]
Distance:42

(22)
A = 
{(4, 1, 2, 3), (3, 1, 4, 2), (2, 3, 1, 4), (4, 2, 3, 1), (1, 3, 4, 2), (3, 4, 2, 1), (4, 2, 1, 3), (4, 3, 2, 1), (4, 3, 1, 2)}
M(A) = 
[[1, 4, 2, 3], [1, 4, 3, 2], [4, 1, 2, 3], [4, 1, 3, 2], [4, 2, 1, 3]]
Distance: 19
B = 
{(4, 1, 2, 3), (1, 3, 2, 4), (1, 2, 3, 4), (1, 4, 3, 2), (1, 3, 4, 2), (3, 4, 2, 1), (2, 3, 1, 4), (2, 4, 1, 3), (2, 1, 4, 3)}
M(B) = 
[[1, 4, 2, 3], [1, 4, 3, 2], [4, 1, 2, 3], [4, 1, 3, 2], [4, 2, 1, 3]]
Distance: 21
M(A) inter A:
set()
M(B) inter B:
{(1, 2, 3, 4)}

AUB = 
{(2, 4, 1, 3), (4, 1, 2, 3), (1, 3, 2, 4), (3, 1, 4, 2), (4, 3, 2, 1), (1, 2, 3, 4), (1, 3, 4, 2), (1, 4, 3, 2), (3, 4, 2, 1), (2, 3, 1, 4), (4, 2, 1, 3), (4, 2, 3, 1), (2, 1, 4, 3), (4, 3, 1, 2)}
M(AUB) = 
[[1, 4, 2, 3], [1, 4, 3, 2], [4, 1, 2, 3], [4, 1, 3, 2], [4, 2, 1, 3]]
Distance:38

(23)
A = 
{(2, 3, 1, 4), (1, 3, 2, 4), (1, 4, 2, 3), (1, 3, 4, 2), (3, 4, 2, 1), (2, 3, 4, 1), (2, 4, 1, 3), (3, 1, 2, 4), (4, 3, 1, 2)}
M(A) = 
[[3, 4, 1, 2], [4, 1, 2, 3], [4, 1, 3, 2], [4, 3, 1, 2]]
Distance: 23
B = 
{(4, 2, 3, 1), (3, 4, 1, 2), (1, 4, 2, 3), (1, 2, 4, 3), (4, 2, 1, 3), (2, 3, 4, 1), (4, 1, 3, 2), (4, 3, 1, 2), (2, 4, 1, 3)}
M(B) = 
[[3, 4, 1, 2], [4, 1, 2, 3], [4, 1, 3, 2], [4, 3, 1, 2]]
Distance: 18
M(A) inter A:
set()
M(B) inter B:
set()

AUB = 
{(2, 3, 1, 4), (3, 4, 1, 2), (1, 3, 2, 4), (3, 4, 2, 1), (1, 2, 4, 3), (4, 2, 3, 1), (1, 3, 4, 2), (1, 4, 2, 3), (4, 2, 1, 3), (2, 3, 4, 1), (4, 1, 3, 2), (4, 3, 1, 2), (3, 1, 2, 4), (2, 4, 1, 3)}
M(AUB) = 
[[3, 4, 1, 2], [4, 1, 2, 3], [4, 1, 3, 2], [4, 3, 1, 2]]
Distance:39

(24)
A = 
{(2, 1, 3, 4), (1, 3, 2, 4), (1, 4, 2, 3), (1, 4, 3, 2), (3, 4, 2, 1), (4, 2, 1, 3), (2, 4, 3, 1), (4, 3, 2, 1), (3, 2, 1, 4)}
M(A) = 
[[1, 4, 2, 3], [1, 4, 3, 2]]
Distance: 25
B = 
{(3, 1, 4, 2), (4, 1, 2, 3), (1, 2, 3, 4), (1, 4, 2, 3), (1, 4, 3, 2), (1, 2, 4, 3), (2, 1, 3, 4), (4, 1, 3, 2), (1, 3, 2, 4)}
M(B) = 
[[1, 4, 2, 3], [1, 4, 3, 2]]
Distance: 16
M(A) inter A:
{(1, 4, 2, 3)}
M(B) inter B:
{(1, 4, 2, 3)}

AUB = 
{(2, 1, 3, 4), (1, 3, 2, 4), (3, 4, 2, 1), (1, 2, 4, 3), (1, 2, 3, 4), (1, 4, 3, 2), (4, 1, 2, 3), (1, 4, 2, 3), (4, 2, 1, 3), (2, 4, 3, 1), (4, 1, 3, 2), (4, 3, 2, 1), (3, 2, 1, 4), (3, 1, 4, 2)}
M(AUB) = 
[[1, 4, 2, 3], [1, 4, 3, 2]]
Distance:36

(25)
A = 
{(2, 1, 3, 4), (3, 1, 4, 2), (1, 2, 3, 4), (1, 4, 3, 2), (3, 2, 1, 4), (1, 2, 4, 3), (4, 2, 3, 1), (3, 1, 2, 4), (2, 1, 4, 3)}
M(A) = 
[[1, 2, 3, 4]]
Distance: 20
B = 
{(3, 4, 1, 2), (4, 1, 2, 3), (1, 3, 2, 4), (1, 2, 3, 4), (1, 4, 3, 2), (3, 4, 2, 1), (2, 4, 3, 1), (3, 1, 2, 4), (2, 4, 1, 3)}
M(B) = 
[[1, 2, 3, 4]]
Distance: 24
M(A) inter A:
set()
M(B) inter B:
{(1, 3, 2, 4)}

AUB = 
{(2, 4, 1, 3), (2, 1, 3, 4), (3, 4, 1, 2), (3, 1, 4, 2), (1, 3, 2, 4), (3, 4, 2, 1), (1, 4, 3, 2), (3, 1, 2, 4), (1, 2, 4, 3), (4, 1, 2, 3), (2, 4, 3, 1), (4, 2, 3, 1), (2, 1, 4, 3), (3, 2, 1, 4), (1, 2, 3, 4)}
M(AUB) = 
[[1, 2, 3, 4]]
Distance:40

(26)
A = 
{(4, 3, 2, 1), (3, 4, 1, 2), (1, 4, 2, 3), (1, 3, 4, 2), (1, 2, 4, 3), (4, 2, 1, 3), (2, 3, 4, 1), (4, 2, 3, 1), (2, 4, 1, 3)}
M(A) = 
[[4, 1, 2, 3]]
Distance: 20
B = 
{(2, 4, 1, 3), (4, 1, 2, 3), (1, 2, 3, 4), (3, 2, 4, 1), (1, 3, 4, 2), (1, 2, 4, 3), (4, 2, 3, 1), (3, 1, 2, 4), (4, 3, 1, 2)}
M(B) = 
[[4, 1, 2, 3]]
Distance: 24
M(A) inter A:
{(1, 2, 4, 3)}
M(B) inter B:
{(1, 2, 4, 3), (4, 1, 2, 3)}

AUB = 
{(4, 2, 1, 3), (3, 4, 1, 2), (1, 2, 4, 3), (4, 3, 1, 2), (1, 2, 3, 4), (4, 2, 3, 1), (1, 3, 4, 2), (1, 4, 2, 3), (4, 1, 2, 3), (3, 2, 4, 1), (2, 3, 4, 1), (4, 3, 2, 1), (3, 1, 2, 4), (2, 4, 1, 3)}
M(AUB) = 
[[4, 1, 2, 3]]
Distance:36

(27)
A = 
{(2, 3, 1, 4), (3, 4, 1, 2), (3, 2, 4, 1), (1, 3, 4, 2), (4, 1, 2, 3), (1, 2, 4, 3), (4, 2, 1, 3), (4, 2, 3, 1), (4, 3, 1, 2)}
M(A) = 
[[3, 1, 4, 2], [3, 4, 1, 2], [3, 4, 2, 1]]
Distance: 23
B = 
{(2, 1, 3, 4), (3, 4, 1, 2), (1, 2, 3, 4), (3, 4, 2, 1), (3, 2, 4, 1), (4, 2, 1, 3), (4, 2, 3, 1), (3, 2, 1, 4), (3, 1, 4, 2)}
M(B) = 
[[3, 1, 4, 2], [3, 4, 1, 2], [3, 4, 2, 1]]
Distance: 20
M(A) inter A:
set()
M(B) inter B:
{(3, 4, 2, 1)}

AUB = 
{(3, 1, 4, 2), (2, 3, 1, 4), (3, 4, 1, 2), (1, 2, 4, 3), (1, 2, 3, 4), (1, 3, 4, 2), (3, 2, 4, 1), (4, 1, 2, 3), (4, 2, 1, 3), (3, 4, 2, 1), (2, 1, 3, 4), (4, 2, 3, 1), (3, 2, 1, 4), (4, 3, 1, 2)}
M(AUB) = 
[[3, 1, 4, 2], [3, 4, 1, 2], [3, 4, 2, 1]]
Distance:38

(28)
A = 
{(2, 1, 3, 4), (3, 4, 1, 2), (1, 3, 2, 4), (1, 4, 3, 2), (3, 2, 1, 4), (2, 3, 1, 4), (2, 4, 3, 1), (3, 1, 2, 4), (2, 4, 1, 3)}
M(A) = 
[[2, 1, 3, 4], [2, 3, 1, 4], [3, 2, 1, 4]]
Distance: 20
B = 
{(2, 3, 1, 4), (3, 4, 1, 2), (1, 3, 4, 2), (1, 4, 2, 3), (4, 2, 1, 3), (2, 3, 4, 1), (4, 3, 2, 1), (3, 2, 1, 4), (2, 4, 1, 3)}
M(B) = 
[[2, 1, 3, 4], [2, 3, 1, 4], [3, 2, 1, 4]]
Distance: 24
M(A) inter A:
set()
M(B) inter B:
{(2, 3, 4, 1)}

AUB = 
{(2, 1, 3, 4), (3, 4, 1, 2), (4, 3, 2, 1), (2, 3, 4, 1), (1, 4, 3, 2), (1, 3, 4, 2), (3, 1, 2, 4), (1, 4, 2, 3), (2, 3, 1, 4), (4, 2, 1, 3), (2, 4, 3, 1), (2, 4, 1, 3), (3, 2, 1, 4), (1, 3, 2, 4)}
M(AUB) = 
[[2, 1, 3, 4], [2, 3, 1, 4], [3, 2, 1, 4]]
Distance:38

(29)
A = 
{(2, 1, 3, 4), (1, 3, 2, 4), (1, 2, 4, 3), (1, 4, 2, 3), (4, 1, 2, 3), (2, 3, 4, 1), (4, 1, 3, 2), (3, 1, 2, 4), (2, 4, 1, 3)}
M(A) = 
[[2, 4, 1, 3]]
Distance: 19
B = 
{(2, 1, 4, 3), (4, 3, 2, 1), (2, 4, 3, 1), (4, 2, 1, 3), (2, 3, 4, 1), (4, 1, 3, 2), (4, 2, 3, 1), (3, 2, 1, 4), (4, 3, 1, 2)}
M(B) = 
[[2, 4, 1, 3]]
Distance: 17
M(A) inter A:
set()
M(B) inter B:
{(4, 2, 3, 1)}

AUB = 
{(2, 1, 3, 4), (1, 3, 2, 4), (4, 3, 2, 1), (1, 4, 2, 3), (4, 3, 1, 2), (2, 4, 3, 1), (4, 2, 3, 1), (3, 2, 1, 4), (1, 2, 4, 3), (4, 1, 2, 3), (4, 2, 1, 3), (2, 3, 4, 1), (2, 4, 1, 3), (2, 1, 4, 3), (3, 1, 2, 4), (4, 1, 3, 2)}
M(AUB) = 
[[2, 4, 1, 3]]
Distance:39

(30)
A = 
{(2, 1, 3, 4), (1, 3, 2, 4), (1, 4, 3, 2), (3, 1, 2, 4), (3, 4, 2, 1), (2, 4, 3, 1), (4, 1, 3, 2), (3, 2, 1, 4), (1, 2, 3, 4)}
M(A) = 
[[2, 1, 3, 4], [2, 3, 1, 4], [3, 2, 1, 4]]
Distance: 20
B = 
{(4, 2, 1, 3), (1, 3, 2, 4), (1, 2, 3, 4), (3, 4, 2, 1), (2, 3, 1, 4), (2, 3, 4, 1), (4, 3, 1, 2), (3, 2, 1, 4), (2, 1, 4, 3)}
M(B) = 
[[2, 1, 3, 4], [2, 3, 1, 4], [3, 2, 1, 4]]
Distance: 21
M(A) inter A:
set()
M(B) inter B:
{(2, 3, 1, 4)}

AUB = 
{(2, 3, 4, 1), (2, 1, 3, 4), (1, 3, 2, 4), (1, 2, 3, 4), (1, 4, 3, 2), (3, 2, 1, 4), (3, 4, 2, 1), (2, 3, 1, 4), (4, 2, 1, 3), (2, 4, 3, 1), (4, 3, 1, 2), (2, 1, 4, 3), (3, 1, 2, 4), (4, 1, 3, 2)}
M(AUB) = 
[[2, 1, 3, 4], [2, 3, 1, 4], [3, 2, 1, 4]]
Distance:37

(31)
A = 
{(2, 3, 1, 4), (1, 4, 2, 3), (4, 3, 1, 2), (4, 2, 3, 1), (1, 2, 4, 3), (2, 3, 4, 1), (4, 3, 2, 1), (3, 2, 1, 4), (2, 1, 4, 3)}
M(A) = 
[[4, 2, 3, 1]]
Distance: 21
B = 
{(4, 2, 1, 3), (3, 4, 1, 2), (3, 1, 4, 2), (1, 2, 4, 3), (1, 4, 3, 2), (1, 4, 2, 3), (2, 3, 1, 4), (2, 4, 3, 1), (4, 3, 1, 2)}
M(B) = 
[[4, 2, 3, 1]]
Distance: 22
M(A) inter A:
{(1, 4, 2, 3)}
M(B) inter B:
{(1, 4, 2, 3)}

AUB = 
{(3, 1, 4, 2), (2, 3, 1, 4), (3, 4, 1, 2), (1, 2, 4, 3), (2, 4, 3, 1), (1, 4, 3, 2), (1, 4, 2, 3), (4, 3, 2, 1), (4, 2, 1, 3), (2, 3, 4, 1), (4, 2, 3, 1), (2, 1, 4, 3), (3, 2, 1, 4), (4, 3, 1, 2)}
M(AUB) = 
[[4, 2, 3, 1]]
Distance:35

(32)
A = 
{(2, 1, 3, 4), (3, 4, 1, 2), (3, 1, 4, 2), (1, 4, 2, 3), (1, 4, 3, 2), (1, 3, 4, 2), (1, 2, 4, 3), (4, 2, 1, 3), (1, 2, 3, 4)}
M(A) = 
[[1, 3, 4, 2], [1, 4, 3, 2]]
Distance: 18
B = 
{(2, 1, 3, 4), (3, 4, 1, 2), (1, 2, 4, 3), (1, 3, 4, 2), (1, 4, 3, 2), (3, 2, 4, 1), (4, 2, 1, 3), (4, 3, 2, 1), (4, 1, 3, 2)}
M(B) = 
[[1, 3, 4, 2], [1, 4, 3, 2]]
Distance: 21
M(A) inter A:
set()
M(B) inter B:
{(4, 1, 3, 2)}

AUB = 
{(2, 1, 3, 4), (3, 4, 1, 2), (1, 2, 4, 3), (1, 2, 3, 4), (1, 4, 3, 2), (1, 3, 4, 2), (1, 4, 2, 3), (4, 2, 1, 3), (3, 2, 4, 1), (4, 1, 3, 2), (4, 3, 2, 1), (3, 1, 4, 2)}
M(AUB) = 
[[1, 3, 4, 2], [1, 4, 3, 2]]
Distance:28

(33)
A = 
{(4, 1, 2, 3), (1, 2, 3, 4), (1, 4, 2, 3), (1, 4, 3, 2), (1, 2, 4, 3), (2, 1, 3, 4), (2, 1, 4, 3), (3, 1, 2, 4), (4, 1, 3, 2)}
M(A) = 
[[1, 2, 4, 3], [1, 4, 2, 3], [2, 1, 4, 3], [2, 4, 1, 3], [4, 1, 2, 3], [4, 2, 1, 3]]
Distance: 15
B = 
{(2, 4, 1, 3), (2, 1, 3, 4), (4, 3, 2, 1), (4, 2, 3, 1), (4, 1, 2, 3), (4, 2, 1, 3), (2, 3, 4, 1), (2, 1, 4, 3), (4, 1, 3, 2)}
M(B) = 
[[1, 2, 4, 3], [1, 4, 2, 3], [2, 1, 4, 3], [2, 4, 1, 3], [4, 1, 2, 3], [4, 2, 1, 3]]
Distance: 15
M(A) inter A:
set()
M(B) inter B:
{(4, 2, 1, 3)}

AUB = 
{(2, 4, 1, 3), (4, 1, 2, 3), (1, 2, 3, 4), (4, 3, 2, 1), (1, 2, 4, 3), (2, 3, 4, 1), (4, 2, 3, 1), (1, 4, 3, 2), (1, 4, 2, 3), (2, 1, 3, 4), (4, 2, 1, 3), (4, 1, 3, 2), (3, 1, 2, 4), (2, 1, 4, 3)}
M(AUB) = 
[[1, 2, 4, 3], [1, 4, 2, 3], [2, 1, 4, 3], [2, 4, 1, 3], [4, 1, 2, 3], [4, 2, 1, 3]]
Distance:33

(34)
A = 
{(2, 3, 1, 4), (1, 2, 3, 4), (4, 3, 1, 2), (1, 4, 3, 2), (3, 2, 4, 1), (2, 4, 3, 1), (4, 2, 3, 1), (3, 2, 1, 4), (3, 4, 1, 2)}
M(A) = 
[[2, 3, 4, 1], [2, 4, 3, 1], [3, 2, 4, 1], [3, 4, 2, 1], [4, 2, 3, 1], [4, 3, 2, 1]]
Distance: 22
B = 
{(4, 1, 2, 3), (1, 2, 3, 4), (4, 2, 3, 1), (1, 4, 3, 2), (3, 4, 2, 1), (2, 1, 3, 4), (2, 4, 3, 1), (2, 1, 4, 3), (4, 1, 3, 2)}
M(B) = 
[[2, 3, 4, 1], [2, 4, 3, 1], [3, 2, 4, 1], [3, 4, 2, 1], [4, 2, 3, 1], [4, 3, 2, 1]]
Distance: 21
M(A) inter A:
set()
M(B) inter B:
set()

AUB = 
{(2, 3, 1, 4), (3, 4, 1, 2), (1, 2, 3, 4), (3, 4, 2, 1), (1, 4, 3, 2), (3, 2, 4, 1), (4, 1, 2, 3), (2, 4, 3, 1), (2, 1, 3, 4), (4, 1, 3, 2), (4, 2, 3, 1), (2, 1, 4, 3), (3, 2, 1, 4), (4, 3, 1, 2)}
M(AUB) = 
[[2, 3, 4, 1], [2, 4, 3, 1], [3, 2, 4, 1], [3, 4, 2, 1], [4, 2, 3, 1], [4, 3, 2, 1]]
Distance:39

(35)
A = 
{(2, 1, 3, 4), (1, 3, 2, 4), (1, 4, 2, 3), (1, 2, 3, 4), (4, 1, 2, 3), (3, 4, 2, 1), (2, 3, 1, 4), (4, 2, 1, 3), (3, 4, 1, 2)}
M(A) = 
[[1, 2, 3, 4], [1, 2, 4, 3], [1, 4, 2, 3]]
Distance: 22
B = 
{(2, 1, 3, 4), (1, 3, 2, 4), (1, 4, 2, 3), (1, 2, 3, 4), (1, 4, 3, 2), (1, 2, 4, 3), (2, 1, 4, 3), (3, 1, 2, 4), (4, 1, 3, 2)}
M(B) = 
[[1, 2, 3, 4], [1, 2, 4, 3], [1, 4, 2, 3]]
Distance: 15
M(A) inter A:
set()
M(B) inter B:
{(1, 2, 4, 3)}

AUB = 
{(2, 1, 3, 4), (3, 4, 1, 2), (1, 3, 2, 4), (3, 4, 2, 1), (1, 2, 4, 3), (2, 3, 1, 4), (1, 4, 3, 2), (1, 4, 2, 3), (4, 1, 2, 3), (4, 2, 1, 3), (4, 1, 3, 2), (2, 1, 4, 3), (3, 1, 2, 4), (1, 2, 3, 4)}
M(AUB) = 
[[1, 2, 3, 4], [1, 2, 4, 3], [1, 4, 2, 3]]
Distance:34

(36)
A = 
{(4, 2, 3, 1), (3, 1, 4, 2), (4, 3, 1, 2), (1, 4, 3, 2), (1, 2, 4, 3), (4, 1, 3, 2), (4, 3, 2, 1), (3, 1, 2, 4), (2, 1, 4, 3)}
M(A) = 
[[1, 4, 3, 2]]
Distance: 20
B = 
{(4, 2, 1, 3), (3, 4, 1, 2), (1, 2, 3, 4), (1, 3, 2, 4), (1, 4, 3, 2), (1, 3, 4, 2), (3, 2, 4, 1), (4, 1, 3, 2), (3, 1, 4, 2)}
M(B) = 
[[1, 4, 3, 2]]
Distance: 17
M(A) inter A:
set()
M(B) inter B:
{(1, 3, 4, 2)}

AUB = 
{(4, 3, 2, 1), (3, 4, 1, 2), (3, 1, 4, 2), (1, 3, 2, 4), (3, 2, 4, 1), (1, 2, 3, 4), (1, 4, 3, 2), (1, 3, 4, 2), (1, 2, 4, 3), (4, 2, 1, 3), (4, 1, 3, 2), (4, 2, 3, 1), (2, 1, 4, 3), (3, 1, 2, 4), (4, 3, 1, 2)}
M(AUB) = 
[[1, 4, 3, 2]]
Distance:37

(37)
A = 
{(2, 3, 1, 4), (3, 4, 1, 2), (1, 2, 3, 4), (1, 4, 2, 3), (1, 2, 4, 3), (2, 4, 3, 1), (4, 2, 3, 1), (3, 1, 2, 4), (4, 3, 1, 2)}
M(A) = 
[[2, 3, 1, 4]]
Distance: 24
B = 
{(2, 3, 1, 4), (3, 1, 4, 2), (1, 3, 4, 2), (3, 4, 2, 1), (4, 2, 1, 3), (2, 3, 4, 1), (4, 2, 3, 1), (3, 2, 1, 4), (2, 1, 4, 3)}
M(B) = 
[[2, 3, 1, 4]]
Distance: 21
M(A) inter A:
{(2, 3, 1, 4)}
M(B) inter B:
{(2, 3, 1, 4)}

AUB = 
{(3, 1, 4, 2), (2, 3, 1, 4), (3, 4, 1, 2), (1, 2, 4, 3), (4, 3, 1, 2), (2, 3, 4, 1), (1, 3, 4, 2), (3, 2, 1, 4), (1, 4, 2, 3), (4, 2, 1, 3), (2, 4, 3, 1), (3, 4, 2, 1), (4, 2, 3, 1), (2, 1, 4, 3), (3, 1, 2, 4), (1, 2, 3, 4)}
M(AUB) = 
[[2, 3, 1, 4]]
Distance:43

(38)
A = 
{(2, 3, 1, 4), (3, 4, 1, 2), (3, 1, 4, 2), (1, 4, 3, 2), (1, 3, 4, 2), (1, 4, 2, 3), (4, 1, 2, 3), (4, 3, 2, 1), (4, 3, 1, 2)}
M(A) = 
[[1, 4, 3, 2]]
Distance: 19
B = 
{(4, 1, 2, 3), (1, 2, 3, 4), (3, 2, 4, 1), (1, 2, 4, 3), (2, 3, 4, 1), (4, 1, 3, 2), (2, 1, 4, 3), (3, 1, 2, 4), (2, 4, 1, 3)}
M(B) = 
[[1, 4, 3, 2]]
Distance: 21
M(A) inter A:
set()
M(B) inter B:
{(1, 2, 4, 3), (2, 4, 1, 3)}

AUB = 
{(2, 4, 1, 3), (2, 3, 1, 4), (3, 4, 1, 2), (3, 2, 4, 1), (4, 3, 1, 2), (1, 2, 4, 3), (1, 2, 3, 4), (1, 4, 3, 2), (1, 3, 4, 2), (1, 4, 2, 3), (4, 1, 2, 3), (2, 3, 4, 1), (4, 1, 3, 2), (4, 3, 2, 1), (2, 1, 4, 3), (3, 1, 2, 4), (3, 1, 4, 2)}
M(AUB) = 
[[1, 4, 3, 2]]
Distance:46

(39)
A = 
{(2, 3, 1, 4), (1, 2, 3, 4), (3, 2, 4, 1), (2, 3, 4, 1), (1, 2, 4, 3), (2, 4, 3, 1), (4, 3, 1, 2), (3, 2, 1, 4), (2, 4, 1, 3)}
M(A) = 
[[2, 3, 1, 4]]
Distance: 18
B = 
{(2, 1, 3, 4), (3, 4, 1, 2), (3, 4, 2, 1), (1, 2, 3, 4), (1, 3, 4, 2), (1, 4, 3, 2), (1, 4, 2, 3), (4, 2, 1, 3), (3, 1, 4, 2)}
M(B) = 
[[2, 3, 1, 4]]
Distance: 18
M(A) inter A:
set()
M(B) inter B:
{(1, 3, 4, 2)}

AUB = 
{(3, 1, 4, 2), (2, 3, 1, 4), (3, 4, 1, 2), (1, 2, 3, 4), (1, 2, 4, 3), (2, 4, 3, 1), (1, 3, 4, 2), (1, 4, 3, 2), (3, 2, 4, 1), (2, 1, 3, 4), (1, 4, 2, 3), (4, 2, 1, 3), (2, 3, 4, 1), (3, 4, 2, 1), (2, 4, 1, 3), (3, 2, 1, 4), (4, 3, 1, 2)}
M(AUB) = 
[[2, 3, 1, 4]]
Distance:47

(40)
A = 
{(4, 2, 1, 3), (1, 3, 2, 4), (3, 4, 1, 2), (1, 3, 4, 2), (1, 4, 2, 3), (2, 3, 4, 1), (4, 1, 3, 2), (3, 2, 1, 4), (4, 3, 1, 2)}
M(A) = 
[[1, 2, 3, 4]]
Distance: 22
B = 
{(4, 1, 2, 3), (1, 3, 2, 4), (1, 2, 3, 4), (2, 4, 3, 1), (2, 3, 1, 4), (2, 3, 4, 1), (2, 1, 3, 4), (3, 1, 2, 4), (3, 4, 1, 2)}
M(B) = 
[[1, 2, 3, 4]]
Distance: 20
M(A) inter A:
set()
M(B) inter B:
{(2, 3, 1, 4), (1, 2, 3, 4)}

AUB = 
{(4, 2, 1, 3), (1, 3, 2, 4), (4, 3, 1, 2), (1, 2, 3, 4), (1, 3, 4, 2), (3, 1, 2, 4), (1, 4, 2, 3), (2, 3, 1, 4), (4, 1, 2, 3), (2, 4, 3, 1), (2, 3, 4, 1), (2, 1, 3, 4), (4, 1, 3, 2), (3, 2, 1, 4), (3, 4, 1, 2)}
M(AUB) = 
[[1, 2, 3, 4]]
Distance:40

(41)
A = 
{(2, 3, 1, 4), (1, 3, 2, 4), (1, 4, 2, 3), (1, 4, 3, 2), (3, 1, 2, 4), (3, 4, 2, 1), (2, 1, 3, 4), (4, 3, 2, 1), (3, 2, 1, 4)}
M(A) = 
[[1, 3, 2, 4]]
Distance: 20
B = 
{(2, 1, 3, 4), (1, 2, 3, 4), (1, 3, 4, 2), (3, 1, 2, 4), (1, 4, 2, 3), (2, 3, 4, 1), (2, 4, 1, 3), (3, 2, 1, 4), (4, 1, 3, 2)}
M(B) = 
[[1, 3, 2, 4]]
Distance: 20
M(A) inter A:
set()
M(B) inter B:
{(1, 2, 3, 4)}

AUB = 
{(2, 4, 1, 3), (2, 3, 1, 4), (1, 3, 2, 4), (3, 4, 2, 1), (1, 4, 3, 2), (1, 3, 4, 2), (3, 2, 1, 4), (1, 4, 2, 3), (2, 1, 3, 4), (2, 3, 4, 1), (4, 1, 3, 2), (4, 3, 2, 1), (3, 1, 2, 4), (1, 2, 3, 4)}
M(AUB) = 
[[1, 3, 2, 4]]
Distance:35

(42)
A = 
{(2, 3, 1, 4), (3, 4, 1, 2), (3, 2, 1, 4), (1, 3, 4, 2), (1, 4, 3, 2), (3, 4, 2, 1), (2, 4, 1, 3), (3, 1, 2, 4), (1, 3, 2, 4)}
M(A) = 
[[3, 4, 2, 1]]
Distance: 19
B = 
{(4, 3, 2, 1), (3, 4, 2, 1), (2, 4, 3, 1), (1, 4, 2, 3), (4, 2, 1, 3), (2, 3, 4, 1), (4, 2, 3, 1), (3, 2, 1, 4), (2, 4, 1, 3)}
M(B) = 
[[3, 4, 2, 1]]
Distance: 16
M(A) inter A:
set()
M(B) inter B:
{(4, 2, 3, 1)}

AUB = 
{(2, 3, 1, 4), (1, 3, 2, 4), (3, 4, 1, 2), (1, 4, 2, 3), (2, 3, 4, 1), (4, 2, 3, 1), (1, 3, 4, 2), (1, 4, 3, 2), (3, 4, 2, 1), (4, 2, 1, 3), (3, 1, 2, 4), (2, 4, 3, 1), (4, 3, 2, 1), (3, 2, 1, 4), (2, 4, 1, 3)}
M(AUB) = 
[[3, 4, 2, 1]]
Distance:40

(43)
A = 
{(4, 1, 2, 3), (1, 3, 2, 4), (1, 4, 2, 3), (1, 3, 4, 2), (1, 2, 4, 3), (2, 3, 4, 1), (2, 1, 4, 3), (3, 1, 2, 4), (2, 4, 1, 3)}
M(A) = 
[[1, 2, 3, 4], [2, 1, 3, 4]]
Distance: 18
B = 
{(2, 1, 3, 4), (1, 3, 2, 4), (1, 3, 4, 2), (1, 4, 3, 2), (3, 4, 2, 1), (2, 3, 1, 4), (2, 4, 1, 3), (3, 2, 1, 4), (2, 1, 4, 3)}
M(B) = 
[[1, 2, 3, 4], [2, 1, 3, 4]]
Distance: 19
M(A) inter A:
set()
M(B) inter B:
{(2, 1, 3, 4)}

AUB = 
{(3, 2, 1, 4), (4, 1, 2, 3), (1, 3, 2, 4), (1, 2, 4, 3), (2, 3, 1, 4), (1, 3, 4, 2), (1, 4, 3, 2), (1, 4, 2, 3), (2, 1, 3, 4), (2, 3, 4, 1), (3, 4, 2, 1), (2, 4, 1, 3), (3, 1, 2, 4), (2, 1, 4, 3)}
M(AUB) = 
[[1, 2, 3, 4], [2, 1, 3, 4]]
Distance:33

(44)
A = 
{(4, 1, 2, 3), (3, 4, 1, 2), (1, 3, 2, 4), (1, 2, 4, 3), (1, 4, 2, 3), (2, 3, 1, 4), (2, 3, 4, 1), (3, 1, 2, 4), (2, 4, 1, 3)}
M(A) = 
[[1, 2, 3, 4], [1, 2, 4, 3]]
Distance: 21
B = 
{(3, 4, 1, 2), (4, 1, 2, 3), (1, 3, 2, 4), (1, 2, 3, 4), (1, 2, 4, 3), (2, 3, 1, 4), (2, 4, 3, 1), (4, 3, 1, 2), (2, 4, 1, 3)}
M(B) = 
[[1, 2, 3, 4], [1, 2, 4, 3]]
Distance: 22
M(A) inter A:
{(1, 2, 4, 3)}
M(B) inter B:
{(1, 2, 4, 3)}

AUB = 
{(4, 1, 2, 3), (3, 4, 1, 2), (1, 4, 2, 3), (4, 3, 1, 2), (1, 2, 3, 4), (1, 2, 4, 3), (2, 3, 1, 4), (2, 4, 3, 1), (2, 3, 4, 1), (2, 4, 1, 3), (3, 1, 2, 4), (1, 3, 2, 4)}
M(AUB) = 
[[1, 2, 3, 4], [1, 2, 4, 3]]
Distance:30

(45)
A = 
{(2, 4, 1, 3), (4, 1, 2, 3), (1, 3, 2, 4), (4, 3, 1, 2), (1, 4, 3, 2), (1, 2, 4, 3), (4, 2, 1, 3), (4, 1, 3, 2), (2, 1, 4, 3)}
M(A) = 
[[1, 2, 4, 3], [1, 4, 2, 3]]
Distance: 17
B = 
{(2, 3, 1, 4), (1, 2, 3, 4), (1, 4, 2, 3), (1, 3, 4, 2), (1, 4, 3, 2), (1, 2, 4, 3), (2, 1, 4, 3), (3, 1, 2, 4), (2, 4, 1, 3)}
M(B) = 
[[1, 2, 4, 3], [1, 4, 2, 3]]
Distance: 16
M(A) inter A:
{(1, 2, 4, 3)}
M(B) inter B:
{(1, 2, 4, 3)}

AUB = 
{(4, 1, 2, 3), (1, 3, 2, 4), (1, 4, 2, 3), (2, 3, 1, 4), (1, 4, 3, 2), (1, 3, 4, 2), (1, 2, 3, 4), (1, 2, 4, 3), (4, 2, 1, 3), (4, 1, 3, 2), (4, 3, 1, 2), (2, 1, 4, 3), (3, 1, 2, 4), (2, 4, 1, 3)}
M(AUB) = 
[[1, 2, 4, 3], [1, 4, 2, 3]]
Distance:30

(46)
A = 
{(2, 1, 3, 4), (3, 4, 2, 1), (1, 3, 4, 2), (4, 1, 2, 3), (1, 4, 2, 3), (2, 3, 1, 4), (2, 3, 4, 1), (4, 3, 2, 1), (2, 4, 1, 3)}
M(A) = 
[[1, 2, 3, 4], [1, 3, 2, 4], [1, 3, 4, 2], [2, 1, 3, 4], [2, 3, 1, 4], [2, 3, 4, 1], [3, 1, 2, 4], [3, 1, 4, 2], [3, 2, 1, 4], [3, 2, 4, 1], [3, 4, 1, 2], [3, 4, 2, 1]]
Distance: 23
B = 
{(2, 3, 1, 4), (3, 1, 4, 2), (3, 2, 4, 1), (4, 3, 1, 2), (1, 3, 4, 2), (1, 2, 4, 3), (2, 3, 4, 1), (4, 3, 2, 1), (1, 3, 2, 4)}
M(B) = 
[[1, 2, 3, 4], [1, 3, 2, 4], [1, 3, 4, 2], [2, 1, 3, 4], [2, 3, 1, 4], [2, 3, 4, 1], [3, 1, 2, 4], [3, 1, 4, 2], [3, 2, 1, 4], [3, 2, 4, 1], [3, 4, 1, 2], [3, 4, 2, 1]]
Distance: 21
M(A) inter A:
set()
M(B) inter B:
set()

AUB = 
{(2, 1, 3, 4), (1, 3, 2, 4), (3, 1, 4, 2), (1, 4, 2, 3), (4, 3, 1, 2), (1, 2, 4, 3), (2, 3, 1, 4), (1, 3, 4, 2), (3, 4, 2, 1), (4, 1, 2, 3), (3, 2, 4, 1), (2, 3, 4, 1), (4, 3, 2, 1), (2, 4, 1, 3)}
M(AUB) = 
[[1, 2, 3, 4], [1, 3, 2, 4], [1, 3, 4, 2], [2, 1, 3, 4], [2, 3, 1, 4], [2, 3, 4, 1], [3, 1, 2, 4], [3, 1, 4, 2], [3, 2, 1, 4], [3, 2, 4, 1], [3, 4, 1, 2], [3, 4, 2, 1]]
Distance:41

(47)
A = 
{(3, 1, 4, 2), (4, 2, 1, 3), (3, 4, 1, 2), (1, 2, 3, 4), (1, 3, 4, 2), (1, 4, 3, 2), (1, 4, 2, 3), (4, 2, 3, 1), (4, 1, 3, 2)}
M(A) = 
[[1, 3, 4, 2]]
Distance: 18
B = 
{(2, 1, 3, 4), (3, 4, 1, 2), (1, 3, 4, 2), (1, 4, 2, 3), (4, 2, 1, 3), (4, 1, 3, 2), (4, 2, 3, 1), (3, 2, 1, 4), (3, 1, 4, 2)}
M(B) = 
[[1, 3, 4, 2]]
Distance: 22
M(A) inter A:
{(1, 3, 4, 2)}
M(B) inter B:
{(1, 3, 4, 2)}

AUB = 
{(4, 2, 1, 3), (3, 1, 4, 2), (1, 2, 3, 4), (1, 3, 4, 2), (1, 4, 3, 2), (1, 4, 2, 3), (2, 1, 3, 4), (4, 1, 3, 2), (4, 2, 3, 1), (3, 2, 1, 4), (3, 4, 1, 2)}
M(AUB) = 
[[1, 3, 4, 2]]
Distance:25

(48)
A = 
{(2, 1, 3, 4), (1, 2, 3, 4), (1, 4, 3, 2), (1, 3, 4, 2), (3, 2, 4, 1), (2, 3, 1, 4), (4, 2, 3, 1), (3, 1, 2, 4), (2, 4, 1, 3)}
M(A) = 
[[2, 1, 3, 4], [2, 1, 4, 3], [2, 4, 1, 3], [4, 2, 1, 3]]
Distance: 21
B = 
{(4, 1, 2, 3), (1, 4, 2, 3), (3, 4, 2, 1), (2, 1, 3, 4), (2, 3, 4, 1), (4, 3, 2, 1), (2, 1, 4, 3), (3, 1, 2, 4), (4, 1, 3, 2)}
M(B) = 
[[2, 1, 3, 4], [2, 1, 4, 3], [2, 4, 1, 3], [4, 2, 1, 3]]
Distance: 24
M(A) inter A:
set()
M(B) inter B:
set()

AUB = 
{(2, 1, 3, 4), (1, 2, 3, 4), (4, 3, 2, 1), (1, 4, 2, 3), (1, 4, 3, 2), (1, 3, 4, 2), (4, 1, 2, 3), (3, 2, 4, 1), (2, 3, 1, 4), (2, 3, 4, 1), (3, 4, 2, 1), (4, 1, 3, 2), (4, 2, 3, 1), (2, 1, 4, 3), (3, 1, 2, 4), (2, 4, 1, 3)}
M(AUB) = 
[[2, 1, 3, 4], [2, 1, 4, 3], [2, 4, 1, 3], [4, 2, 1, 3]]
Distance:45

(49)
A = 
{(3, 1, 4, 2), (1, 3, 2, 4), (3, 4, 2, 1), (1, 4, 3, 2), (3, 2, 1, 4), (1, 4, 2, 3), (4, 3, 1, 2), (3, 1, 2, 4), (4, 1, 3, 2)}
M(A) = 
[[1, 4, 2, 3], [1, 4, 3, 2], [4, 1, 2, 3], [4, 1, 3, 2]]
Distance: 17
B = 
{(2, 4, 1, 3), (4, 1, 2, 3), (1, 2, 3, 4), (1, 4, 3, 2), (4, 2, 1, 3), (2, 4, 3, 1), (4, 2, 3, 1), (2, 1, 4, 3), (4, 3, 1, 2)}
M(B) = 
[[1, 4, 2, 3], [1, 4, 3, 2], [4, 1, 2, 3], [4, 1, 3, 2]]
Distance: 17
M(A) inter A:
set()
M(B) inter B:
{(4, 2, 1, 3)}

AUB = 
{(2, 4, 1, 3), (4, 1, 2, 3), (3, 1, 4, 2), (1, 4, 2, 3), (1, 2, 3, 4), (4, 2, 3, 1), (1, 4, 3, 2), (3, 1, 2, 4), (3, 4, 2, 1), (4, 2, 1, 3), (2, 4, 3, 1), (4, 1, 3, 2), (4, 3, 1, 2), (2, 1, 4, 3), (3, 2, 1, 4), (1, 3, 2, 4)}
M(AUB) = 
[[1, 4, 2, 3], [1, 4, 3, 2], [4, 1, 2, 3], [4, 1, 3, 2]]
Distance:43

(50)
A = 
{(4, 1, 2, 3), (3, 4, 1, 2), (1, 2, 3, 4), (1, 3, 4, 2), (1, 4, 3, 2), (3, 2, 4, 1), (2, 3, 1, 4), (2, 1, 3, 4), (1, 3, 2, 4)}
M(A) = 
[[2, 1, 3, 4]]
Distance: 19
B = 
{(2, 3, 1, 4), (4, 2, 3, 1), (1, 3, 4, 2), (1, 2, 4, 3), (4, 3, 2, 1), (2, 1, 3, 4), (2, 1, 4, 3), (3, 2, 1, 4), (2, 4, 1, 3)}
M(B) = 
[[2, 1, 3, 4]]
Distance: 19
M(A) inter A:
set()
M(B) inter B:
{(2, 1, 4, 3)}

AUB = 
{(2, 4, 1, 3), (4, 1, 2, 3), (1, 3, 2, 4), (3, 4, 1, 2), (4, 3, 2, 1), (1, 2, 4, 3), (1, 3, 4, 2), (1, 4, 3, 2), (3, 2, 4, 1), (2, 3, 1, 4), (2, 1, 3, 4), (4, 2, 3, 1), (2, 1, 4, 3), (3, 2, 1, 4), (1, 2, 3, 4)}
M(AUB) = 
[[2, 1, 3, 4]]
Distance:39

(51)
A = 
{(3, 1, 4, 2), (2, 3, 1, 4), (3, 4, 1, 2), (1, 2, 4, 3), (3, 1, 2, 4), (1, 4, 2, 3), (4, 3, 2, 1), (3, 2, 1, 4), (1, 3, 2, 4)}
M(A) = 
[[4, 3, 1, 2]]
Distance: 18
B = 
{(4, 2, 1, 3), (1, 3, 2, 4), (1, 4, 2, 3), (4, 3, 1, 2), (1, 2, 4, 3), (2, 4, 3, 1), (2, 4, 1, 3), (3, 2, 1, 4), (4, 1, 3, 2)}
M(B) = 
[[4, 3, 1, 2]]
Distance: 22
M(A) inter A:
{(1, 2, 4, 3)}
M(B) inter B:
{(1, 2, 4, 3), (2, 4, 1, 3)}

AUB = 
{(2, 4, 1, 3), (2, 3, 1, 4), (1, 3, 2, 4), (3, 1, 4, 2), (1, 4, 2, 3), (4, 3, 1, 2), (3, 2, 1, 4), (1, 2, 4, 3), (4, 2, 1, 3), (2, 4, 3, 1), (4, 1, 3, 2), (4, 3, 2, 1), (3, 1, 2, 4), (3, 4, 1, 2)}
M(AUB) = 
[[4, 3, 1, 2]]
Distance:38

(52)
A = 
{(4, 3, 2, 1), (1, 4, 3, 2), (1, 4, 2, 3), (4, 1, 2, 3), (4, 1, 3, 2), (4, 3, 1, 2), (2, 1, 4, 3), (3, 1, 2, 4), (2, 4, 1, 3)}
M(A) = 
[[4, 1, 3, 2]]
Distance: 18
B = 
{(3, 1, 4, 2), (1, 3, 2, 4), (1, 2, 3, 4), (2, 3, 4, 1), (3, 4, 2, 1), (2, 4, 3, 1), (2, 1, 4, 3), (3, 1, 2, 4), (4, 3, 1, 2)}
M(B) = 
[[4, 1, 3, 2]]
Distance: 21
M(A) inter A:
{(3, 1, 2, 4)}
M(B) inter B:
{(3, 1, 2, 4)}

AUB = 
{(2, 4, 1, 3), (4, 1, 2, 3), (1, 3, 2, 4), (3, 1, 4, 2), (3, 4, 2, 1), (4, 3, 1, 2), (1, 2, 3, 4), (1, 4, 3, 2), (1, 4, 2, 3), (2, 4, 3, 1), (2, 3, 4, 1), (4, 3, 2, 1), (2, 1, 4, 3), (3, 1, 2, 4), (4, 1, 3, 2)}
M(AUB) = 
[[4, 1, 3, 2]]
Distance:40

(53)
A = 
{(2, 4, 1, 3), (4, 3, 2, 1), (2, 3, 4, 1), (3, 2, 4, 1), (4, 1, 2, 3), (2, 4, 3, 1), (4, 2, 3, 1), (2, 1, 4, 3), (4, 1, 3, 2)}
M(A) = 
[[3, 2, 4, 1]]
Distance: 16
B = 
{(4, 1, 2, 3), (3, 1, 4, 2), (3, 4, 2, 1), (1, 3, 4, 2), (3, 2, 4, 1), (2, 3, 1, 4), (2, 3, 4, 1), (3, 1, 2, 4), (1, 3, 2, 4)}
M(B) = 
[[3, 2, 4, 1]]
Distance: 19
M(A) inter A:
set()
M(B) inter B:
{(3, 1, 2, 4)}

AUB = 
{(4, 1, 2, 3), (1, 3, 2, 4), (3, 1, 4, 2), (3, 4, 2, 1), (2, 4, 3, 1), (4, 2, 3, 1), (1, 3, 4, 2), (3, 2, 4, 1), (2, 3, 1, 4), (2, 3, 4, 1), (4, 1, 3, 2), (4, 3, 2, 1), (2, 1, 4, 3), (3, 1, 2, 4), (2, 4, 1, 3)}
M(AUB) = 
[[3, 2, 4, 1]]
Distance:39

(54)
A = 
{(4, 1, 2, 3), (1, 3, 2, 4), (4, 3, 1, 2), (1, 4, 3, 2), (1, 3, 4, 2), (3, 2, 4, 1), (4, 3, 2, 1), (2, 1, 4, 3), (2, 4, 1, 3)}
M(A) = 
[[1, 2, 4, 3]]
Distance: 21
B = 
{(4, 1, 2, 3), (1, 3, 2, 4), (3, 2, 4, 1), (1, 2, 4, 3), (2, 3, 1, 4), (2, 4, 3, 1), (2, 1, 3, 4), (3, 1, 2, 4), (1, 2, 3, 4)}
M(B) = 
[[1, 2, 4, 3]]
Distance: 18
M(A) inter A:
set()
M(B) inter B:
{(1, 2, 3, 4)}

AUB = 
{(2, 4, 1, 3), (4, 1, 2, 3), (1, 3, 2, 4), (1, 2, 4, 3), (1, 2, 3, 4), (1, 4, 3, 2), (1, 3, 4, 2), (3, 2, 4, 1), (2, 3, 1, 4), (2, 4, 3, 1), (2, 1, 3, 4), (4, 3, 2, 1), (2, 1, 4, 3), (3, 1, 2, 4), (4, 3, 1, 2)}
M(AUB) = 
[[1, 2, 4, 3]]
Distance:38

(55)
A = 
{(1, 3, 2, 4), (4, 3, 1, 2), (1, 4, 3, 2), (1, 3, 4, 2), (3, 2, 4, 1), (4, 1, 3, 2), (2, 4, 1, 3), (3, 2, 1, 4), (2, 1, 4, 3)}
M(A) = 
[[4, 1, 3, 2]]
Distance: 22
B = 
{(4, 3, 2, 1), (1, 3, 2, 4), (1, 4, 3, 2), (1, 3, 4, 2), (3, 4, 2, 1), (4, 1, 2, 3), (4, 1, 3, 2), (2, 1, 4, 3), (4, 3, 1, 2)}
M(B) = 
[[4, 1, 3, 2]]
Distance: 17
M(A) inter A:
{(4, 1, 3, 2)}
M(B) inter B:
{(4, 1, 3, 2)}

AUB = 
{(2, 4, 1, 3), (2, 1, 4, 3), (1, 3, 2, 4), (3, 4, 2, 1), (1, 4, 3, 2), (1, 3, 4, 2), (4, 1, 2, 3), (3, 2, 4, 1), (4, 3, 2, 1), (4, 1, 3, 2), (3, 2, 1, 4), (4, 3, 1, 2)}
M(AUB) = 
[[4, 1, 3, 2]]
Distance:29

(56)
A = 
{(4, 1, 2, 3), (3, 4, 1, 2), (3, 2, 4, 1), (1, 3, 4, 2), (1, 2, 4, 3), (4, 2, 1, 3), (2, 1, 3, 4), (4, 2, 3, 1), (1, 2, 3, 4)}
M(A) = 
[[3, 4, 1, 2], [4, 1, 3, 2]]
Distance: 23
B = 
{(4, 2, 1, 3), (1, 2, 3, 4), (3, 4, 2, 1), (4, 3, 1, 2), (1, 3, 4, 2), (3, 2, 4, 1), (4, 1, 3, 2), (3, 2, 1, 4), (3, 4, 1, 2)}
M(B) = 
[[3, 4, 1, 2], [4, 1, 3, 2]]
Distance: 19
M(A) inter A:
{(3, 4, 1, 2)}
M(B) inter B:
{(3, 4, 1, 2)}

AUB = 
{(4, 1, 2, 3), (3, 4, 1, 2), (1, 2, 4, 3), (4, 3, 1, 2), (1, 3, 4, 2), (3, 2, 4, 1), (4, 2, 1, 3), (3, 4, 2, 1), (2, 1, 3, 4), (4, 1, 3, 2), (4, 2, 3, 1), (3, 2, 1, 4), (1, 2, 3, 4)}
M(AUB) = 
[[3, 4, 1, 2], [4, 1, 3, 2]]
Distance:35

(57)
A = 
{(3, 4, 1, 2), (1, 2, 3, 4), (1, 4, 3, 2), (3, 2, 1, 4), (1, 2, 4, 3), (2, 4, 3, 1), (4, 3, 1, 2), (3, 1, 2, 4), (4, 1, 3, 2)}
M(A) = 
[[1, 2, 3, 4], [1, 2, 4, 3], [1, 3, 2, 4], [1, 3, 4, 2], [1, 4, 2, 3], [1, 4, 3, 2], [3, 1, 2, 4], [3, 1, 4, 2]]
Distance: 22
B = 
{(4, 1, 2, 3), (1, 3, 2, 4), (1, 4, 2, 3), (1, 2, 3, 4), (1, 2, 4, 3), (2, 3, 1, 4), (4, 2, 1, 3), (2, 3, 4, 1), (3, 1, 4, 2)}
M(B) = 
[[1, 2, 3, 4], [1, 2, 4, 3], [1, 3, 2, 4], [1, 3, 4, 2], [1, 4, 2, 3], [1, 4, 3, 2], [3, 1, 2, 4], [3, 1, 4, 2]]
Distance: 19
M(A) inter A:
{(1, 2, 3, 4)}
M(B) inter B:
{(1, 2, 3, 4)}

AUB = 
{(3, 1, 4, 2), (4, 1, 2, 3), (1, 3, 2, 4), (3, 4, 1, 2), (1, 4, 2, 3), (2, 3, 4, 1), (1, 4, 3, 2), (3, 1, 2, 4), (1, 2, 4, 3), (2, 3, 1, 4), (4, 2, 1, 3), (2, 4, 3, 1), (4, 1, 3, 2), (4, 3, 1, 2), (3, 2, 1, 4), (1, 2, 3, 4)}
M(AUB) = 
[[1, 2, 3, 4], [1, 2, 4, 3], [1, 3, 2, 4], [1, 3, 4, 2], [1, 4, 2, 3], [1, 4, 3, 2], [3, 1, 2, 4], [3, 1, 4, 2]]
Distance:44

(58)
A = 
{(3, 1, 4, 2), (4, 2, 1, 3), (1, 2, 3, 4), (1, 4, 2, 3), (1, 2, 4, 3), (2, 3, 4, 1), (4, 1, 3, 2), (4, 2, 3, 1), (2, 1, 4, 3)}
M(A) = 
[[1, 2, 4, 3], [1, 4, 2, 3], [1, 4, 3, 2], [4, 1, 2, 3], [4, 1, 3, 2]]
Distance: 20
B = 
{(1, 3, 2, 4), (1, 2, 4, 3), (4, 3, 1, 2), (1, 3, 4, 2), (3, 2, 4, 1), (2, 3, 4, 1), (4, 3, 2, 1), (3, 1, 2, 4), (2, 4, 1, 3)}
M(B) = 
[[1, 2, 4, 3], [1, 4, 2, 3], [1, 4, 3, 2], [4, 1, 2, 3], [4, 1, 3, 2]]
Distance: 23
M(A) inter A:
set()
M(B) inter B:
{(3, 2, 4, 1), (3, 1, 2, 4)}

AUB = 
{(2, 4, 1, 3), (4, 2, 1, 3), (1, 3, 2, 4), (3, 1, 4, 2), (1, 2, 4, 3), (4, 3, 1, 2), (4, 2, 3, 1), (1, 3, 4, 2), (1, 4, 2, 3), (4, 3, 2, 1), (3, 2, 4, 1), (2, 3, 4, 1), (4, 1, 3, 2), (2, 1, 4, 3), (3, 1, 2, 4), (1, 2, 3, 4)}
M(AUB) = 
[[1, 2, 4, 3], [1, 4, 2, 3], [1, 4, 3, 2], [4, 1, 2, 3], [4, 1, 3, 2]]
Distance:45

(59)
A = 
{(4, 1, 2, 3), (3, 4, 1, 2), (1, 3, 2, 4), (3, 2, 4, 1), (2, 4, 3, 1), (3, 4, 2, 1), (2, 3, 1, 4), (2, 3, 4, 1), (2, 4, 1, 3)}
M(A) = 
[[2, 3, 4, 1]]
Distance: 18
B = 
{(4, 2, 1, 3), (3, 1, 4, 2), (1, 2, 4, 3), (1, 3, 4, 2), (3, 2, 4, 1), (2, 1, 3, 4), (2, 3, 4, 1), (3, 2, 1, 4), (1, 3, 2, 4)}
M(B) = 
[[2, 3, 4, 1]]
Distance: 21
M(A) inter A:
{(1, 3, 2, 4)}
M(B) inter B:
{(2, 1, 3, 4), (1, 3, 2, 4), (3, 2, 1, 4)}

AUB = 
{(3, 1, 4, 2), (4, 1, 2, 3), (3, 4, 1, 2), (3, 4, 2, 1), (1, 2, 4, 3), (2, 3, 4, 1), (1, 3, 4, 2), (3, 2, 4, 1), (2, 3, 1, 4), (4, 2, 1, 3), (2, 4, 3, 1), (2, 1, 3, 4), (2, 4, 1, 3), (3, 2, 1, 4), (1, 3, 2, 4)}
M(AUB) = 
[[2, 3, 4, 1]]
Distance:38

(60)
A = 
{(4, 1, 2, 3), (4, 3, 2, 1), (3, 2, 4, 1), (3, 4, 2, 1), (2, 3, 1, 4), (2, 4, 1, 3), (2, 1, 4, 3), (3, 1, 2, 4), (4, 3, 1, 2)}
M(A) = 
[[3, 2, 4, 1]]
Distance: 22
B = 
{(4, 3, 2, 1), (1, 3, 2, 4), (2, 4, 3, 1), (3, 2, 1, 4), (3, 2, 4, 1), (2, 3, 4, 1), (4, 3, 1, 2), (3, 1, 2, 4), (3, 1, 4, 2)}
M(B) = 
[[3, 2, 4, 1]]
Distance: 17
M(A) inter A:
{(3, 2, 4, 1)}
M(B) inter B:
{(3, 2, 4, 1)}

AUB = 
{(3, 1, 4, 2), (4, 1, 2, 3), (1, 3, 2, 4), (3, 4, 2, 1), (4, 3, 1, 2), (2, 3, 4, 1), (3, 2, 1, 4), (3, 2, 4, 1), (2, 3, 1, 4), (2, 4, 3, 1), (4, 3, 2, 1), (2, 1, 4, 3), (3, 1, 2, 4), (2, 4, 1, 3)}
M(AUB) = 
[[3, 2, 4, 1]]
Distance:32

(61)
A = 
{(2, 1, 3, 4), (3, 4, 1, 2), (4, 3, 2, 1), (4, 2, 3, 1), (1, 4, 2, 3), (4, 1, 2, 3), (2, 4, 1, 3), (3, 1, 2, 4), (4, 1, 3, 2)}
M(A) = 
[[2, 3, 4, 1], [2, 4, 3, 1]]
Distance: 21
B = 
{(2, 3, 1, 4), (1, 2, 3, 4), (3, 2, 4, 1), (2, 3, 4, 1), (3, 1, 2, 4), (1, 2, 4, 3), (2, 4, 3, 1), (3, 2, 1, 4), (2, 4, 1, 3)}
M(B) = 
[[2, 3, 4, 1], [2, 4, 3, 1]]
Distance: 16
M(A) inter A:
set()
M(B) inter B:
{(2, 3, 1, 4)}

AUB = 
{(3, 2, 1, 4), (2, 1, 3, 4), (3, 4, 1, 2), (3, 2, 4, 1), (1, 2, 4, 3), (2, 3, 1, 4), (4, 2, 3, 1), (1, 2, 3, 4), (1, 4, 2, 3), (4, 1, 2, 3), (2, 4, 3, 1), (2, 3, 4, 1), (4, 1, 3, 2), (4, 3, 2, 1), (3, 1, 2, 4), (2, 4, 1, 3)}
M(AUB) = 
[[2, 3, 4, 1], [2, 4, 3, 1]]
Distance:41

(62)
A = 
{(2, 1, 4, 3), (1, 2, 3, 4), (1, 2, 4, 3), (3, 2, 1, 4), (1, 4, 2, 3), (2, 4, 3, 1), (4, 2, 3, 1), (3, 1, 2, 4), (2, 4, 1, 3)}
M(A) = 
[[2, 3, 1, 4]]
Distance: 18
B = 
{(3, 1, 4, 2), (2, 3, 1, 4), (1, 3, 2, 4), (1, 4, 2, 3), (3, 1, 2, 4), (3, 4, 2, 1), (2, 3, 4, 1), (3, 2, 1, 4), (3, 4, 1, 2)}
M(B) = 
[[2, 3, 1, 4]]
Distance: 17
M(A) inter A:
{(3, 1, 2, 4)}
M(B) inter B:
{(3, 1, 2, 4)}

AUB = 
{(2, 4, 1, 3), (3, 1, 4, 2), (2, 3, 1, 4), (1, 3, 2, 4), (1, 2, 3, 4), (1, 4, 2, 3), (2, 3, 4, 1), (3, 1, 2, 4), (1, 2, 4, 3), (3, 4, 1, 2), (2, 4, 3, 1), (3, 4, 2, 1), (4, 2, 3, 1), (3, 2, 1, 4), (2, 1, 4, 3)}
M(AUB) = 
[[2, 3, 1, 4]]
Distance:36

(63)
A = 
{(4, 2, 1, 3), (3, 4, 1, 2), (1, 3, 4, 2), (3, 4, 2, 1), (2, 3, 1, 4), (2, 1, 3, 4), (4, 3, 2, 1), (3, 2, 1, 4), (2, 4, 1, 3)}
M(A) = 
[[2, 1, 3, 4], [2, 3, 1, 4], [3, 2, 1, 4]]
Distance: 21
B = 
{(2, 3, 1, 4), (1, 3, 2, 4), (3, 4, 1, 2), (1, 4, 2, 3), (1, 2, 3, 4), (3, 4, 2, 1), (2, 4, 3, 1), (3, 2, 1, 4), (3, 1, 4, 2)}
M(B) = 
[[2, 1, 3, 4], [2, 3, 1, 4], [3, 2, 1, 4]]
Distance: 20
M(A) inter A:
set()
M(B) inter B:
set()

AUB = 
{(3, 1, 4, 2), (4, 2, 1, 3), (1, 3, 2, 4), (3, 4, 1, 2), (1, 4, 2, 3), (1, 2, 3, 4), (1, 3, 4, 2), (3, 4, 2, 1), (2, 3, 1, 4), (2, 4, 3, 1), (2, 1, 3, 4), (4, 3, 2, 1), (3, 2, 1, 4), (2, 4, 1, 3)}
M(AUB) = 
[[2, 1, 3, 4], [2, 3, 1, 4], [3, 2, 1, 4]]
Distance:38

(64)
A = 
{(2, 3, 1, 4), (3, 4, 1, 2), (3, 1, 4, 2), (1, 3, 2, 4), (3, 2, 4, 1), (1, 4, 3, 2), (1, 2, 4, 3), (4, 1, 2, 3), (1, 2, 3, 4)}
M(A) = 
[[4, 1, 2, 3]]
Distance: 20
B = 
{(4, 2, 1, 3), (1, 3, 2, 4), (1, 2, 3, 4), (4, 3, 1, 2), (2, 3, 4, 1), (1, 2, 4, 3), (2, 4, 3, 1), (2, 4, 1, 3), (4, 1, 3, 2)}
M(B) = 
[[4, 1, 2, 3]]
Distance: 20
M(A) inter A:
set()
M(B) inter B:
{(2, 4, 1, 3)}

AUB = 
{(2, 4, 1, 3), (2, 3, 4, 1), (2, 3, 1, 4), (1, 3, 2, 4), (3, 4, 1, 2), (1, 2, 4, 3), (1, 2, 3, 4), (1, 4, 3, 2), (3, 2, 4, 1), (4, 1, 2, 3), (2, 4, 3, 1), (4, 2, 1, 3), (4, 1, 3, 2), (4, 3, 1, 2), (3, 1, 4, 2)}
M(AUB) = 
[[4, 1, 2, 3]]
Distance:41

(65)
A = 
{(2, 1, 4, 3), (1, 3, 2, 4), (2, 3, 1, 4), (1, 4, 3, 2), (1, 4, 2, 3), (4, 2, 1, 3), (2, 4, 3, 1), (2, 4, 1, 3), (4, 3, 1, 2)}
M(A) = 
[[1, 2, 4, 3], [2, 1, 4, 3]]
Distance: 20
B = 
{(4, 2, 1, 3), (1, 3, 2, 4), (3, 1, 4, 2), (1, 2, 3, 4), (2, 3, 4, 1), (4, 1, 3, 2), (2, 1, 4, 3), (3, 2, 1, 4), (4, 3, 1, 2)}
M(B) = 
[[1, 2, 4, 3], [2, 1, 4, 3]]
Distance: 24
M(A) inter A:
{(1, 3, 2, 4)}
M(B) inter B:
{(1, 3, 2, 4)}

AUB = 
{(3, 1, 4, 2), (2, 3, 4, 1), (2, 3, 1, 4), (1, 3, 2, 4), (4, 3, 1, 2), (1, 2, 3, 4), (1, 4, 3, 2), (1, 4, 2, 3), (4, 2, 1, 3), (2, 4, 3, 1), (4, 1, 3, 2), (2, 4, 1, 3), (3, 2, 1, 4), (2, 1, 4, 3)}
M(AUB) = 
[[1, 2, 4, 3], [2, 1, 4, 3]]
Distance:37

(66)
A = 
{(2, 3, 1, 4), (1, 3, 2, 4), (1, 2, 3, 4), (3, 4, 2, 1), (1, 4, 2, 3), (4, 1, 2, 3), (2, 3, 4, 1), (2, 1, 4, 3), (4, 3, 1, 2)}
M(A) = 
[[2, 3, 4, 1], [2, 4, 3, 1]]
Distance: 23
B = 
{(4, 3, 2, 1), (3, 4, 1, 2), (1, 4, 2, 3), (2, 4, 3, 1), (3, 4, 2, 1), (2, 3, 4, 1), (2, 4, 1, 3), (3, 2, 1, 4), (4, 3, 1, 2)}
M(B) = 
[[2, 3, 4, 1], [2, 4, 3, 1]]
Distance: 19
M(A) inter A:
set()
M(B) inter B:
{(4, 3, 2, 1)}

AUB = 
{(2, 4, 1, 3), (2, 3, 1, 4), (3, 4, 1, 2), (1, 3, 2, 4), (4, 3, 2, 1), (1, 4, 2, 3), (4, 3, 1, 2), (2, 4, 3, 1), (3, 4, 2, 1), (4, 1, 2, 3), (2, 3, 4, 1), (2, 1, 4, 3), (3, 2, 1, 4), (1, 2, 3, 4)}
M(AUB) = 
[[2, 3, 4, 1], [2, 4, 3, 1]]
Distance:37

(67)
A = 
{(2, 3, 1, 4), (1, 2, 3, 4), (3, 2, 4, 1), (4, 3, 1, 2), (2, 3, 4, 1), (1, 2, 4, 3), (2, 4, 3, 1), (4, 2, 3, 1), (3, 1, 4, 2)}
M(A) = 
[[2, 3, 4, 1], [2, 4, 3, 1], [4, 2, 3, 1]]
Distance: 20
B = 
{(4, 1, 2, 3), (3, 4, 1, 2), (3, 2, 4, 1), (4, 3, 1, 2), (1, 2, 3, 4), (3, 4, 2, 1), (2, 3, 4, 1), (4, 1, 3, 2), (2, 4, 1, 3)}
M(B) = 
[[2, 3, 4, 1], [2, 4, 3, 1], [4, 2, 3, 1]]
Distance: 21
M(A) inter A:
set()
M(B) inter B:
{(3, 4, 1, 2)}

AUB = 
{(2, 4, 1, 3), (3, 1, 4, 2), (2, 3, 1, 4), (3, 4, 1, 2), (1, 2, 3, 4), (1, 2, 4, 3), (2, 4, 3, 1), (3, 2, 4, 1), (4, 1, 2, 3), (2, 3, 4, 1), (3, 4, 2, 1), (4, 1, 3, 2), (4, 2, 3, 1), (4, 3, 1, 2)}
M(AUB) = 
[[2, 3, 4, 1], [2, 4, 3, 1], [4, 2, 3, 1]]
Distance:36

(68)
A = 
{(2, 3, 1, 4), (1, 2, 3, 4), (3, 4, 2, 1), (1, 4, 3, 2), (3, 2, 4, 1), (2, 4, 3, 1), (4, 2, 3, 1), (3, 1, 2, 4), (3, 1, 4, 2)}
M(A) = 
[[2, 4, 3, 1]]
Distance: 21
B = 
{(4, 2, 1, 3), (4, 3, 1, 2), (4, 2, 3, 1), (1, 4, 3, 2), (1, 2, 4, 3), (2, 4, 3, 1), (4, 1, 3, 2), (2, 1, 4, 3), (2, 4, 1, 3)}
M(B) = 
[[2, 4, 3, 1]]
Distance: 17
M(A) inter A:
set()
M(B) inter B:
{(4, 2, 1, 3)}

AUB = 
{(2, 4, 1, 3), (2, 3, 1, 4), (1, 2, 3, 4), (3, 2, 4, 1), (4, 3, 1, 2), (1, 2, 4, 3), (1, 4, 3, 2), (3, 4, 2, 1), (4, 2, 1, 3), (2, 4, 3, 1), (4, 1, 3, 2), (4, 2, 3, 1), (2, 1, 4, 3), (3, 1, 2, 4), (3, 1, 4, 2)}
M(AUB) = 
[[2, 4, 3, 1]]
Distance:41

(69)
A = 
{(3, 1, 4, 2), (3, 4, 1, 2), (3, 2, 4, 1), (4, 3, 1, 2), (3, 4, 2, 1), (2, 3, 4, 1), (4, 3, 2, 1), (3, 1, 2, 4), (4, 1, 3, 2)}
M(A) = 
[[3, 4, 1, 2]]
Distance: 14
B = 
{(2, 4, 1, 3), (1, 3, 2, 4), (3, 2, 4, 1), (1, 4, 3, 2), (1, 3, 4, 2), (1, 2, 4, 3), (4, 1, 3, 2), (3, 1, 2, 4), (2, 1, 4, 3)}
M(B) = 
[[3, 4, 1, 2]]
Distance: 19
M(A) inter A:
set()
M(B) inter B:
{(1, 3, 2, 4)}

AUB = 
{(2, 4, 1, 3), (4, 3, 2, 1), (1, 3, 2, 4), (3, 1, 4, 2), (3, 4, 2, 1), (1, 2, 4, 3), (1, 4, 3, 2), (1, 3, 4, 2), (3, 2, 4, 1), (2, 3, 4, 1), (4, 1, 3, 2), (4, 3, 1, 2), (2, 1, 4, 3), (3, 1, 2, 4), (3, 4, 1, 2)}
M(AUB) = 
[[3, 4, 1, 2]]
Distance:38

(70)
A = 
{(4, 1, 2, 3), (1, 3, 2, 4), (3, 2, 4, 1), (2, 3, 1, 4), (1, 2, 4, 3), (4, 2, 1, 3), (2, 4, 3, 1), (2, 4, 1, 3), (1, 2, 3, 4)}
M(A) = 
[[4, 1, 2, 3]]
Distance: 19
B = 
{(1, 3, 2, 4), (3, 4, 1, 2), (1, 4, 2, 3), (1, 2, 3, 4), (1, 4, 3, 2), (1, 2, 4, 3), (2, 4, 3, 1), (4, 3, 1, 2), (4, 1, 3, 2)}
M(B) = 
[[4, 1, 2, 3]]
Distance: 19
M(A) inter A:
set()
M(B) inter B:
{(1, 4, 3, 2)}

AUB = 
{(4, 1, 2, 3), (3, 4, 1, 2), (1, 3, 2, 4), (1, 2, 4, 3), (2, 4, 3, 1), (1, 4, 3, 2), (1, 2, 3, 4), (3, 2, 4, 1), (2, 3, 1, 4), (1, 4, 2, 3), (4, 2, 1, 3), (4, 1, 3, 2), (4, 3, 1, 2), (2, 4, 1, 3)}
M(AUB) = 
[[4, 1, 2, 3]]
Distance:34

(71)
A = 
{(2, 3, 1, 4), (3, 4, 1, 2), (1, 3, 2, 4), (1, 4, 3, 2), (3, 2, 4, 1), (2, 4, 3, 1), (4, 3, 2, 1), (3, 1, 2, 4), (4, 3, 1, 2)}
M(A) = 
[[3, 4, 1, 2], [4, 3, 1, 2]]
Distance: 21
B = 
{(3, 4, 1, 2), (4, 1, 2, 3), (1, 3, 2, 4), (1, 2, 3, 4), (1, 4, 2, 3), (1, 4, 3, 2), (3, 4, 2, 1), (4, 2, 1, 3), (4, 3, 1, 2)}
M(B) = 
[[3, 4, 1, 2], [4, 3, 1, 2]]
Distance: 19
M(A) inter A:
set()
M(B) inter B:
set()

AUB = 
{(2, 3, 1, 4), (3, 4, 1, 2), (1, 4, 2, 3), (4, 3, 1, 2), (1, 2, 3, 4), (1, 4, 3, 2), (3, 2, 4, 1), (4, 1, 2, 3), (4, 2, 1, 3), (2, 4, 3, 1), (3, 4, 2, 1), (4, 3, 2, 1), (3, 1, 2, 4), (1, 3, 2, 4)}
M(AUB) = 
[[3, 4, 1, 2], [4, 3, 1, 2]]
Distance:37

(72)
A = 
{(2, 3, 1, 4), (3, 4, 1, 2), (3, 2, 4, 1), (3, 4, 2, 1), (4, 2, 1, 3), (2, 4, 3, 1), (2, 1, 3, 4), (4, 3, 2, 1), (3, 1, 4, 2)}
M(A) = 
[[2, 3, 4, 1], [3, 4, 2, 1], [4, 2, 3, 1]]
Distance: 18
B = 
{(4, 1, 2, 3), (1, 2, 3, 4), (1, 4, 3, 2), (1, 2, 4, 3), (2, 1, 3, 4), (2, 4, 3, 1), (4, 2, 3, 1), (3, 1, 2, 4), (3, 4, 1, 2)}
M(B) = 
[[2, 3, 4, 1], [3, 4, 2, 1], [4, 2, 3, 1]]
Distance: 22
M(A) inter A:
set()
M(B) inter B:
{(1, 2, 4, 3)}

AUB = 
{(2, 3, 1, 4), (3, 4, 1, 2), (3, 4, 2, 1), (1, 2, 4, 3), (1, 2, 3, 4), (4, 2, 3, 1), (1, 4, 3, 2), (4, 1, 2, 3), (3, 2, 4, 1), (4, 2, 1, 3), (2, 4, 3, 1), (2, 1, 3, 4), (4, 3, 2, 1), (3, 1, 2, 4), (3, 1, 4, 2)}
M(AUB) = 
[[2, 3, 4, 1], [3, 4, 2, 1], [4, 2, 3, 1]]
Distance:42

(73)
A = 
{(4, 2, 1, 3), (1, 3, 2, 4), (1, 2, 4, 3), (1, 2, 3, 4), (1, 4, 3, 2), (1, 3, 4, 2), (1, 4, 2, 3), (2, 1, 4, 3), (2, 4, 1, 3)}
M(A) = 
[[1, 4, 2, 3], [4, 1, 2, 3]]
Distance: 15
B = 
{(3, 1, 4, 2), (4, 1, 2, 3), (1, 2, 3, 4), (4, 2, 3, 1), (3, 4, 2, 1), (2, 4, 3, 1), (4, 1, 3, 2), (2, 1, 4, 3), (4, 3, 1, 2)}
M(B) = 
[[1, 4, 2, 3], [4, 1, 2, 3]]
Distance: 22
M(A) inter A:
set()
M(B) inter B:
{(4, 1, 2, 3), (4, 2, 3, 1), (4, 3, 1, 2)}

AUB = 
{(2, 4, 1, 3), (3, 1, 4, 2), (4, 2, 1, 3), (1, 3, 2, 4), (1, 4, 2, 3), (4, 3, 1, 2), (4, 2, 3, 1), (1, 4, 3, 2), (1, 3, 4, 2), (1, 2, 4, 3), (4, 1, 2, 3), (2, 4, 3, 1), (3, 4, 2, 1), (4, 1, 3, 2), (2, 1, 4, 3), (1, 2, 3, 4)}
M(AUB) = 
[[1, 4, 2, 3], [4, 1, 2, 3]]
Distance:37

(74)
A = 
{(3, 1, 4, 2), (2, 1, 3, 4), (3, 4, 1, 2), (1, 3, 4, 2), (4, 2, 1, 3), (2, 3, 4, 1), (4, 2, 3, 1), (3, 2, 1, 4), (1, 2, 3, 4)}
M(A) = 
[[1, 3, 4, 2], [1, 4, 2, 3], [1, 4, 3, 2]]
Distance: 23
B = 
{(2, 4, 1, 3), (4, 3, 1, 2), (1, 3, 4, 2), (3, 1, 2, 4), (1, 4, 2, 3), (1, 4, 3, 2), (2, 1, 4, 3), (3, 2, 1, 4), (4, 1, 3, 2)}
M(B) = 
[[1, 3, 4, 2], [1, 4, 2, 3], [1, 4, 3, 2]]
Distance: 19
M(A) inter A:
set()
M(B) inter B:
{(1, 4, 3, 2)}

AUB = 
{(2, 4, 1, 3), (2, 1, 3, 4), (3, 1, 4, 2), (4, 3, 1, 2), (1, 2, 3, 4), (1, 3, 4, 2), (3, 1, 2, 4), (1, 4, 2, 3), (4, 2, 1, 3), (2, 3, 4, 1), (1, 4, 3, 2), (4, 2, 3, 1), (2, 1, 4, 3), (3, 2, 1, 4), (4, 1, 3, 2), (3, 4, 1, 2)}
M(AUB) = 
[[1, 3, 4, 2], [1, 4, 2, 3], [1, 4, 3, 2]]
Distance:44

(75)
A = 
{(4, 2, 1, 3), (3, 4, 2, 1), (1, 4, 3, 2), (1, 4, 2, 3), (2, 1, 3, 4), (2, 4, 3, 1), (4, 3, 2, 1), (3, 2, 1, 4), (2, 1, 4, 3)}
M(A) = 
[[2, 3, 1, 4], [3, 1, 4, 2], [3, 2, 1, 4]]
Distance: 22
B = 
{(3, 1, 4, 2), (2, 3, 1, 4), (1, 2, 3, 4), (1, 4, 3, 2), (1, 3, 4, 2), (3, 4, 2, 1), (4, 2, 3, 1), (3, 1, 2, 4), (3, 4, 1, 2)}
M(B) = 
[[2, 3, 1, 4], [3, 1, 4, 2], [3, 2, 1, 4]]
Distance: 17
M(A) inter A:
set()
M(B) inter B:
{(3, 1, 4, 2)}

AUB = 
{(4, 2, 1, 3), (3, 4, 1, 2), (3, 1, 4, 2), (1, 4, 2, 3), (2, 3, 1, 4), (4, 2, 3, 1), (1, 4, 3, 2), (1, 3, 4, 2), (1, 2, 3, 4), (3, 4, 2, 1), (2, 1, 3, 4), (3, 1, 2, 4), (2, 4, 3, 1), (4, 3, 2, 1), (3, 2, 1, 4), (2, 1, 4, 3)}
M(AUB) = 
[[2, 3, 1, 4], [3, 1, 4, 2], [3, 2, 1, 4]]
Distance:44

(76)
A = 
{(4, 2, 3, 1), (2, 4, 3, 1), (1, 4, 2, 3), (2, 3, 1, 4), (2, 3, 4, 1), (4, 3, 2, 1), (2, 1, 4, 3), (3, 2, 1, 4), (4, 3, 1, 2)}
M(A) = 
[[2, 3, 4, 1], [3, 2, 4, 1], [3, 4, 2, 1]]
Distance: 18
B = 
{(2, 1, 3, 4), (3, 4, 1, 2), (3, 2, 4, 1), (3, 4, 2, 1), (2, 3, 1, 4), (2, 3, 4, 1), (4, 2, 3, 1), (3, 2, 1, 4), (3, 1, 4, 2)}
M(B) = 
[[2, 3, 4, 1], [3, 2, 4, 1], [3, 4, 2, 1]]
Distance: 16
M(A) inter A:
set()
M(B) inter B:
{(3, 2, 4, 1)}

AUB = 
{(3, 1, 4, 2), (2, 3, 1, 4), (3, 4, 1, 2), (3, 2, 4, 1), (4, 3, 1, 2), (2, 3, 4, 1), (1, 4, 2, 3), (4, 3, 2, 1), (2, 4, 3, 1), (3, 4, 2, 1), (2, 1, 3, 4), (4, 2, 3, 1), (3, 2, 1, 4), (2, 1, 4, 3)}
M(AUB) = 
[[2, 3, 4, 1], [3, 2, 4, 1], [3, 4, 2, 1]]
Distance:33

(77)
A = 
{(4, 2, 1, 3), (3, 4, 1, 2), (1, 2, 3, 4), (1, 4, 2, 3), (2, 3, 1, 4), (2, 1, 3, 4), (2, 4, 3, 1), (3, 2, 1, 4), (2, 4, 1, 3)}
M(A) = 
[[1, 2, 3, 4], [2, 1, 3, 4]]
Distance: 20
B = 
{(2, 3, 4, 1), (4, 2, 1, 3), (1, 3, 2, 4), (3, 4, 1, 2), (1, 2, 3, 4), (1, 2, 4, 3), (4, 1, 2, 3), (2, 4, 3, 1), (3, 1, 4, 2)}
M(B) = 
[[1, 2, 3, 4], [2, 1, 3, 4]]
Distance: 23
M(A) inter A:
{(1, 2, 3, 4)}
M(B) inter B:
{(1, 2, 3, 4)}

AUB = 
{(3, 1, 4, 2), (4, 2, 1, 3), (1, 3, 2, 4), (3, 4, 1, 2), (1, 2, 4, 3), (2, 3, 4, 1), (4, 1, 2, 3), (1, 4, 2, 3), (2, 3, 1, 4), (2, 4, 3, 1), (2, 1, 3, 4), (2, 4, 1, 3), (3, 2, 1, 4), (1, 2, 3, 4)}
M(AUB) = 
[[1, 2, 3, 4], [2, 1, 3, 4]]
Distance:34

(78)
A = 
{(2, 1, 3, 4), (1, 3, 2, 4), (2, 4, 3, 1), (1, 2, 4, 3), (2, 3, 1, 4), (4, 2, 1, 3), (2, 3, 4, 1), (2, 1, 4, 3), (1, 2, 3, 4)}
M(A) = 
[[2, 1, 3, 4]]
Distance: 15
B = 
{(4, 2, 1, 3), (1, 3, 4, 2), (1, 2, 4, 3), (2, 3, 1, 4), (2, 3, 4, 1), (2, 1, 3, 4), (4, 3, 2, 1), (3, 2, 1, 4), (2, 1, 4, 3)}
M(B) = 
[[2, 1, 3, 4]]
Distance: 19
M(A) inter A:
{(2, 1, 3, 4)}
M(B) inter B:
{(2, 1, 3, 4)}

AUB = 
{(2, 1, 3, 4), (1, 3, 2, 4), (2, 3, 4, 1), (1, 3, 4, 2), (1, 2, 3, 4), (1, 2, 4, 3), (2, 3, 1, 4), (4, 2, 1, 3), (2, 4, 3, 1), (4, 3, 2, 1), (3, 2, 1, 4), (2, 1, 4, 3)}
M(AUB) = 
[[2, 1, 3, 4]]
Distance:25

(79)
A = 
{(2, 1, 3, 4), (3, 1, 4, 2), (1, 2, 4, 3), (4, 2, 3, 1), (3, 2, 1, 4), (1, 4, 2, 3), (4, 1, 3, 2), (3, 1, 2, 4), (2, 1, 4, 3)}
M(A) = 
[[1, 2, 3, 4], [1, 3, 2, 4], [1, 3, 4, 2]]
Distance: 22
B = 
{(2, 1, 3, 4), (1, 3, 2, 4), (3, 1, 4, 2), (1, 3, 4, 2), (1, 2, 4, 3), (4, 2, 1, 3), (2, 3, 4, 1), (4, 1, 3, 2), (3, 4, 1, 2)}
M(B) = 
[[1, 2, 3, 4], [1, 3, 2, 4], [1, 3, 4, 2]]
Distance: 21
M(A) inter A:
set()
M(B) inter B:
{(1, 3, 4, 2)}

AUB = 
{(3, 4, 1, 2), (2, 1, 3, 4), (1, 3, 2, 4), (3, 1, 4, 2), (1, 4, 2, 3), (1, 3, 4, 2), (3, 1, 2, 4), (1, 2, 4, 3), (4, 2, 1, 3), (2, 3, 4, 1), (4, 2, 3, 1), (2, 1, 4, 3), (3, 2, 1, 4), (4, 1, 3, 2)}
M(AUB) = 
[[1, 2, 3, 4], [1, 3, 2, 4], [1, 3, 4, 2]]
Distance:37

(80)
A = 
{(2, 1, 3, 4), (1, 3, 2, 4), (3, 4, 1, 2), (3, 1, 2, 4), (3, 4, 2, 1), (2, 3, 1, 4), (2, 4, 3, 1), (3, 2, 1, 4), (2, 4, 1, 3)}
M(A) = 
[[2, 3, 1, 4], [2, 3, 4, 1], [3, 2, 1, 4], [3, 2, 4, 1]]
Distance: 18
B = 
{(2, 1, 3, 4), (3, 4, 1, 2), (1, 2, 4, 3), (1, 2, 3, 4), (4, 2, 3, 1), (3, 2, 4, 1), (2, 4, 3, 1), (4, 1, 3, 2), (2, 4, 1, 3)}
M(B) = 
[[2, 3, 1, 4], [2, 3, 4, 1], [3, 2, 1, 4], [3, 2, 4, 1]]
Distance: 21
M(A) inter A:
{(2, 4, 1, 3)}
M(B) inter B:
{(2, 4, 1, 3)}

AUB = 
{(2, 1, 3, 4), (1, 3, 2, 4), (1, 2, 4, 3), (1, 2, 3, 4), (4, 2, 3, 1), (3, 2, 1, 4), (3, 4, 2, 1), (2, 3, 1, 4), (3, 2, 4, 1), (2, 4, 3, 1), (4, 1, 3, 2), (2, 4, 1, 3), (3, 1, 2, 4), (3, 4, 1, 2)}
M(AUB) = 
[[2, 3, 1, 4], [2, 3, 4, 1], [3, 2, 1, 4], [3, 2, 4, 1]]
Distance:35

(81)
A = 
{(2, 4, 1, 3), (4, 2, 1, 3), (3, 4, 1, 2), (3, 2, 4, 1), (1, 3, 4, 2), (3, 4, 2, 1), (4, 1, 3, 2), (4, 2, 3, 1), (4, 3, 1, 2)}
M(A) = 
[[4, 1, 3, 2]]
Distance: 18
B = 
{(2, 4, 1, 3), (1, 2, 3, 4), (4, 3, 1, 2), (1, 3, 4, 2), (1, 4, 3, 2), (1, 2, 4, 3), (4, 2, 3, 1), (3, 1, 2, 4), (4, 1, 3, 2)}
M(B) = 
[[4, 1, 3, 2]]
Distance: 20
M(A) inter A:
set()
M(B) inter B:
{(1, 4, 3, 2)}

AUB = 
{(4, 2, 1, 3), (3, 4, 1, 2), (3, 4, 2, 1), (4, 3, 1, 2), (1, 2, 4, 3), (1, 2, 3, 4), (4, 2, 3, 1), (1, 3, 4, 2), (1, 4, 3, 2), (3, 2, 4, 1), (4, 1, 3, 2), (3, 1, 2, 4), (2, 4, 1, 3)}
M(AUB) = 
[[4, 1, 3, 2]]
Distance:32

(82)
A = 
{(3, 1, 4, 2), (2, 1, 3, 4), (3, 4, 1, 2), (3, 4, 2, 1), (1, 4, 3, 2), (1, 4, 2, 3), (4, 3, 2, 1), (3, 2, 1, 4), (4, 1, 3, 2)}
M(A) = 
[[1, 4, 2, 3], [1, 4, 3, 2], [4, 1, 2, 3], [4, 1, 3, 2], [4, 2, 1, 3], [4, 2, 3, 1], [4, 3, 1, 2], [4, 3, 2, 1]]
Distance: 20
B = 
{(2, 1, 3, 4), (3, 1, 4, 2), (1, 4, 3, 2), (4, 1, 2, 3), (1, 2, 4, 3), (4, 3, 2, 1), (2, 4, 3, 1), (4, 2, 3, 1), (2, 1, 4, 3)}
M(B) = 
[[1, 4, 2, 3], [1, 4, 3, 2], [4, 1, 2, 3], [4, 1, 3, 2], [4, 2, 1, 3], [4, 2, 3, 1], [4, 3, 1, 2], [4, 3, 2, 1]]
Distance: 22
M(A) inter A:
{(1, 4, 2, 3)}
M(B) inter B:
{(2, 1, 4, 3)}

AUB = 
{(2, 1, 3, 4), (3, 1, 4, 2), (1, 4, 2, 3), (1, 2, 4, 3), (4, 2, 3, 1), (1, 4, 3, 2), (3, 4, 2, 1), (4, 1, 2, 3), (2, 4, 3, 1), (4, 1, 3, 2), (4, 3, 2, 1), (2, 1, 4, 3), (3, 2, 1, 4), (3, 4, 1, 2)}
M(AUB) = 
[[1, 4, 2, 3], [1, 4, 3, 2], [4, 1, 2, 3], [4, 1, 3, 2], [4, 2, 1, 3], [4, 2, 3, 1], [4, 3, 1, 2], [4, 3, 2, 1]]
Distance:38

(83)
A = 
{(2, 3, 1, 4), (3, 4, 1, 2), (1, 2, 3, 4), (1, 3, 2, 4), (1, 2, 4, 3), (1, 4, 2, 3), (2, 4, 1, 3), (3, 2, 1, 4), (4, 3, 1, 2)}
M(A) = 
[[1, 2, 3, 4]]
Distance: 21
B = 
{(3, 1, 4, 2), (2, 1, 3, 4), (1, 3, 2, 4), (1, 2, 4, 3), (4, 1, 2, 3), (2, 3, 4, 1), (4, 1, 3, 2), (3, 1, 2, 4), (2, 1, 4, 3)}
M(B) = 
[[1, 2, 3, 4]]
Distance: 20
M(A) inter A:
{(1, 2, 3, 4)}
M(B) inter B:
set()

AUB = 
{(3, 1, 4, 2), (2, 3, 1, 4), (1, 3, 2, 4), (3, 4, 1, 2), (1, 4, 2, 3), (4, 3, 1, 2), (3, 1, 2, 4), (4, 1, 2, 3), (1, 2, 4, 3), (2, 1, 3, 4), (2, 3, 4, 1), (4, 1, 3, 2), (2, 4, 1, 3), (2, 1, 4, 3), (3, 2, 1, 4), (1, 2, 3, 4)}
M(AUB) = 
[[1, 2, 3, 4]]
Distance:39

(84)
A = 
{(4, 1, 2, 3), (1, 3, 2, 4), (3, 4, 1, 2), (1, 2, 3, 4), (1, 3, 4, 2), (1, 2, 4, 3), (2, 1, 3, 4), (2, 4, 1, 3), (4, 1, 3, 2)}
M(A) = 
[[1, 3, 2, 4]]
Distance: 19
B = 
{(2, 3, 1, 4), (3, 4, 1, 2), (1, 2, 4, 3), (1, 3, 4, 2), (3, 2, 1, 4), (3, 2, 4, 1), (4, 3, 2, 1), (3, 1, 2, 4), (4, 3, 1, 2)}
M(B) = 
[[1, 3, 2, 4]]
Distance: 19
M(A) inter A:
set()
M(B) inter B:
{(3, 1, 2, 4)}

AUB = 
{(4, 1, 2, 3), (1, 3, 2, 4), (4, 3, 2, 1), (3, 2, 4, 1), (4, 3, 1, 2), (1, 2, 3, 4), (1, 3, 4, 2), (3, 1, 2, 4), (1, 2, 4, 3), (2, 3, 1, 4), (2, 1, 3, 4), (4, 1, 3, 2), (2, 4, 1, 3), (3, 2, 1, 4), (3, 4, 1, 2)}
M(AUB) = 
[[1, 3, 2, 4]]
Distance:38

(85)
A = 
{(3, 1, 4, 2), (1, 4, 2, 3), (1, 3, 4, 2), (3, 1, 2, 4), (3, 4, 2, 1), (1, 4, 3, 2), (4, 1, 3, 2), (3, 2, 1, 4), (2, 1, 4, 3)}
M(A) = 
[[1, 3, 2, 4], [1, 3, 4, 2]]
Distance: 18
B = 
{(2, 1, 3, 4), (1, 3, 2, 4), (1, 3, 4, 2), (3, 1, 2, 4), (1, 2, 4, 3), (2, 3, 4, 1), (4, 3, 2, 1), (3, 2, 1, 4), (3, 1, 4, 2)}
M(B) = 
[[1, 3, 2, 4], [1, 3, 4, 2]]
Distance: 18
M(A) inter A:
{(3, 1, 2, 4)}
M(B) inter B:
{(3, 1, 2, 4)}

AUB = 
{(2, 1, 3, 4), (1, 3, 2, 4), (3, 1, 4, 2), (3, 4, 2, 1), (1, 2, 4, 3), (3, 2, 1, 4), (1, 3, 4, 2), (1, 4, 3, 2), (1, 4, 2, 3), (4, 3, 2, 1), (2, 3, 4, 1), (2, 1, 4, 3), (3, 1, 2, 4), (4, 1, 3, 2)}
M(AUB) = 
[[1, 3, 2, 4], [1, 3, 4, 2]]
Distance:34

(86)
A = 
{(3, 1, 4, 2), (2, 3, 1, 4), (1, 3, 2, 4), (1, 2, 3, 4), (1, 4, 2, 3), (4, 1, 2, 3), (2, 3, 4, 1), (4, 3, 1, 2), (2, 1, 4, 3)}
M(A) = 
[[1, 3, 2, 4], [1, 3, 4, 2], [1, 4, 3, 2]]
Distance: 21
B = 
{(4, 3, 2, 1), (1, 3, 2, 4), (3, 2, 4, 1), (1, 4, 3, 2), (1, 3, 4, 2), (1, 2, 4, 3), (4, 3, 1, 2), (3, 2, 1, 4), (4, 1, 3, 2)}
M(B) = 
[[1, 3, 2, 4], [1, 3, 4, 2], [1, 4, 3, 2]]
Distance: 20
M(A) inter A:
set()
M(B) inter B:
{(1, 4, 3, 2)}

AUB = 
{(2, 3, 1, 4), (3, 1, 4, 2), (4, 3, 2, 1), (3, 2, 4, 1), (1, 2, 4, 3), (1, 2, 3, 4), (1, 4, 3, 2), (1, 3, 4, 2), (1, 4, 2, 3), (4, 1, 2, 3), (2, 3, 4, 1), (4, 1, 3, 2), (4, 3, 1, 2), (2, 1, 4, 3), (3, 2, 1, 4), (1, 3, 2, 4)}
M(AUB) = 
[[1, 3, 2, 4], [1, 3, 4, 2], [1, 4, 3, 2]]
Distance:42

(87)
A = 
{(2, 1, 3, 4), (3, 4, 1, 2), (1, 2, 3, 4), (3, 2, 4, 1), (4, 2, 1, 3), (4, 1, 3, 2), (4, 2, 3, 1), (3, 2, 1, 4), (2, 4, 1, 3)}
M(A) = 
[[2, 3, 4, 1]]
Distance: 23
B = 
{(1, 3, 2, 4), (3, 4, 2, 1), (4, 3, 1, 2), (2, 3, 4, 1), (3, 2, 4, 1), (2, 4, 3, 1), (2, 1, 4, 3), (3, 2, 1, 4), (4, 1, 3, 2)}
M(B) = 
[[2, 3, 4, 1]]
Distance: 19
M(A) inter A:
{(3, 2, 4, 1)}
M(B) inter B:
{(3, 2, 4, 1)}

AUB = 
{(2, 4, 1, 3), (2, 1, 3, 4), (1, 3, 2, 4), (3, 4, 1, 2), (3, 4, 2, 1), (4, 3, 1, 2), (2, 4, 3, 1), (4, 2, 3, 1), (3, 2, 4, 1), (4, 2, 1, 3), (2, 3, 4, 1), (4, 1, 3, 2), (2, 1, 4, 3), (3, 2, 1, 4), (1, 2, 3, 4)}
M(AUB) = 
[[2, 3, 4, 1]]
Distance:37

(88)
A = 
{(2, 1, 4, 3), (1, 3, 2, 4), (1, 4, 3, 2), (1, 4, 2, 3), (4, 2, 1, 3), (2, 4, 3, 1), (4, 3, 2, 1), (3, 2, 1, 4), (4, 3, 1, 2)}
M(A) = 
[[2, 1, 4, 3]]
Distance: 23
B = 
{(2, 1, 4, 3), (1, 3, 2, 4), (2, 4, 3, 1), (1, 2, 4, 3), (2, 3, 1, 4), (2, 3, 4, 1), (4, 3, 2, 1), (3, 1, 2, 4), (2, 4, 1, 3)}
M(B) = 
[[2, 1, 4, 3]]
Distance: 20
M(A) inter A:
{(2, 1, 4, 3), (2, 4, 3, 1)}
M(B) inter B:
{(2, 3, 1, 4), (2, 1, 4, 3), (2, 4, 3, 1)}

AUB = 
{(2, 4, 1, 3), (4, 2, 1, 3), (1, 3, 2, 4), (1, 2, 4, 3), (4, 3, 1, 2), (2, 3, 4, 1), (1, 4, 3, 2), (3, 1, 2, 4), (1, 4, 2, 3), (2, 3, 1, 4), (2, 4, 3, 1), (4, 3, 2, 1), (3, 2, 1, 4), (2, 1, 4, 3)}
M(AUB) = 
[[2, 1, 4, 3]]
Distance:35

(89)
A = 
{(2, 4, 1, 3), (2, 3, 1, 4), (3, 2, 1, 4), (1, 2, 4, 3), (2, 1, 3, 4), (2, 3, 4, 1), (4, 2, 3, 1), (3, 1, 2, 4), (2, 1, 4, 3)}
M(A) = 
[[2, 3, 1, 4]]
Distance: 16
B = 
{(2, 3, 1, 4), (1, 2, 3, 4), (3, 2, 4, 1), (3, 4, 2, 1), (4, 1, 2, 3), (2, 3, 4, 1), (4, 2, 3, 1), (3, 1, 2, 4), (3, 1, 4, 2)}
M(B) = 
[[2, 3, 1, 4]]
Distance: 20
M(A) inter A:
{(2, 3, 4, 1)}
M(B) inter B:
{(2, 3, 4, 1)}

AUB = 
{(3, 1, 4, 2), (2, 3, 1, 4), (1, 2, 3, 4), (3, 2, 4, 1), (3, 1, 2, 4), (4, 1, 2, 3), (1, 2, 4, 3), (2, 1, 3, 4), (2, 3, 4, 1), (3, 4, 2, 1), (4, 2, 3, 1), (2, 1, 4, 3), (3, 2, 1, 4), (2, 4, 1, 3)}
M(AUB) = 
[[2, 3, 1, 4]]
Distance:31

(90)
A = 
{(2, 3, 1, 4), (1, 2, 3, 4), (1, 4, 3, 2), (3, 2, 4, 1), (4, 2, 1, 3), (2, 4, 3, 1), (2, 1, 3, 4), (4, 2, 3, 1), (2, 1, 4, 3)}
M(A) = 
[[1, 2, 3, 4], [1, 2, 4, 3], [2, 1, 3, 4], [2, 1, 4, 3], [2, 3, 1, 4]]
Distance: 19
B = 
{(3, 1, 4, 2), (2, 1, 3, 4), (1, 2, 3, 4), (1, 4, 3, 2), (1, 2, 4, 3), (4, 1, 3, 2), (4, 2, 3, 1), (3, 1, 2, 4), (3, 4, 1, 2)}
M(B) = 
[[1, 2, 3, 4], [1, 2, 4, 3], [2, 1, 3, 4], [2, 1, 4, 3], [2, 3, 1, 4]]
Distance: 21
M(A) inter A:
set()
M(B) inter B:
set()

AUB = 
{(3, 1, 4, 2), (2, 3, 1, 4), (3, 4, 1, 2), (1, 2, 3, 4), (1, 2, 4, 3), (1, 4, 3, 2), (3, 2, 4, 1), (4, 2, 1, 3), (2, 4, 3, 1), (2, 1, 3, 4), (4, 1, 3, 2), (4, 2, 3, 1), (3, 1, 2, 4), (2, 1, 4, 3)}
M(AUB) = 
[[1, 2, 3, 4], [1, 2, 4, 3], [2, 1, 3, 4], [2, 1, 4, 3], [2, 3, 1, 4]]
Distance:39

(91)
A = 
{(3, 4, 1, 2), (1, 3, 2, 4), (1, 2, 3, 4), (1, 4, 3, 2), (3, 4, 2, 1), (2, 4, 3, 1), (4, 1, 3, 2), (3, 2, 1, 4), (2, 4, 1, 3)}
M(A) = 
[[3, 2, 4, 1]]
Distance: 24
B = 
{(2, 3, 1, 4), (4, 3, 1, 2), (1, 3, 4, 2), (3, 2, 4, 1), (2, 3, 4, 1), (4, 3, 2, 1), (2, 1, 4, 3), (3, 1, 2, 4), (2, 4, 1, 3)}
M(B) = 
[[3, 2, 4, 1]]
Distance: 21
M(A) inter A:
set()
M(B) inter B:
{(3, 2, 4, 1)}

AUB = 
{(2, 4, 1, 3), (2, 3, 4, 1), (2, 3, 1, 4), (3, 4, 1, 2), (3, 2, 4, 1), (4, 3, 1, 2), (1, 2, 3, 4), (1, 4, 3, 2), (1, 3, 4, 2), (3, 4, 2, 1), (4, 3, 2, 1), (3, 1, 2, 4), (2, 4, 3, 1), (4, 1, 3, 2), (2, 1, 4, 3), (3, 2, 1, 4), (1, 3, 2, 4)}
M(AUB) = 
[[3, 2, 4, 1]]
Distance:43

(92)
A = 
{(4, 2, 3, 1), (1, 2, 3, 4), (1, 4, 3, 2), (3, 1, 2, 4), (3, 2, 4, 1), (2, 4, 3, 1), (2, 4, 1, 3), (3, 2, 1, 4), (4, 3, 1, 2)}
M(A) = 
[[3, 1, 2, 4], [3, 1, 4, 2], [3, 2, 1, 4], [3, 2, 4, 1], [3, 4, 1, 2], [3, 4, 2, 1]]
Distance: 23
B = 
{(2, 3, 1, 4), (3, 4, 1, 2), (1, 4, 2, 3), (1, 3, 4, 2), (1, 4, 3, 2), (3, 4, 2, 1), (4, 2, 3, 1), (3, 2, 1, 4), (2, 4, 1, 3)}
M(B) = 
[[3, 1, 2, 4], [3, 1, 4, 2], [3, 2, 1, 4], [3, 2, 4, 1], [3, 4, 1, 2], [3, 4, 2, 1]]
Distance: 24
M(A) inter A:
set()
M(B) inter B:
{(3, 4, 2, 1)}

AUB = 
{(2, 3, 1, 4), (3, 4, 1, 2), (1, 2, 3, 4), (1, 4, 2, 3), (4, 3, 1, 2), (1, 4, 3, 2), (1, 3, 4, 2), (3, 2, 1, 4), (3, 2, 4, 1), (2, 4, 3, 1), (3, 4, 2, 1), (4, 2, 3, 1), (3, 1, 2, 4), (2, 4, 1, 3)}
M(AUB) = 
[[3, 1, 2, 4], [3, 1, 4, 2], [3, 2, 1, 4], [3, 2, 4, 1], [3, 4, 1, 2], [3, 4, 2, 1]]
Distance:38

(93)
A = 
{(2, 3, 1, 4), (3, 1, 4, 2), (4, 3, 1, 2), (3, 2, 4, 1), (4, 3, 2, 1), (2, 4, 3, 1), (4, 2, 3, 1), (3, 2, 1, 4), (3, 4, 1, 2)}
M(A) = 
[[4, 3, 2, 1]]
Distance: 17
B = 
{(3, 1, 4, 2), (4, 1, 2, 3), (3, 4, 1, 2), (1, 2, 4, 3), (4, 3, 1, 2), (3, 2, 4, 1), (2, 3, 4, 1), (4, 3, 2, 1), (4, 1, 3, 2)}
M(B) = 
[[4, 3, 2, 1]]
Distance: 18
M(A) inter A:
{(4, 3, 1, 2)}
M(B) inter B:
{(4, 3, 1, 2)}

AUB = 
{(2, 3, 1, 4), (3, 4, 1, 2), (3, 1, 4, 2), (1, 2, 4, 3), (2, 3, 4, 1), (4, 2, 3, 1), (3, 2, 4, 1), (4, 1, 2, 3), (2, 4, 3, 1), (4, 1, 3, 2), (4, 3, 2, 1), (3, 2, 1, 4), (4, 3, 1, 2)}
M(AUB) = 
[[4, 3, 2, 1]]
Distance:31

(94)
A = 
{(2, 1, 3, 4), (3, 1, 4, 2), (3, 2, 4, 1), (1, 4, 3, 2), (3, 1, 2, 4), (3, 4, 2, 1), (2, 3, 1, 4), (3, 2, 1, 4), (2, 1, 4, 3)}
M(A) = 
[[1, 3, 2, 4], [1, 3, 4, 2], [3, 1, 2, 4], [3, 1, 4, 2], [3, 2, 1, 4]]
Distance: 16
B = 
{(4, 1, 2, 3), (3, 4, 1, 2), (3, 2, 4, 1), (1, 3, 4, 2), (3, 4, 2, 1), (2, 3, 1, 4), (4, 2, 1, 3), (2, 1, 3, 4), (1, 3, 2, 4)}
M(B) = 
[[1, 3, 2, 4], [1, 3, 4, 2], [3, 1, 2, 4], [3, 1, 4, 2], [3, 2, 1, 4]]
Distance: 23
M(A) inter A:
{(3, 4, 2, 1)}
M(B) inter B:
{(3, 4, 2, 1)}

AUB = 
{(2, 1, 3, 4), (3, 4, 1, 2), (3, 1, 4, 2), (1, 3, 2, 4), (3, 4, 2, 1), (1, 4, 3, 2), (1, 3, 4, 2), (3, 2, 1, 4), (4, 1, 2, 3), (3, 2, 4, 1), (2, 3, 1, 4), (4, 2, 1, 3), (3, 1, 2, 4), (2, 1, 4, 3)}
M(AUB) = 
[[1, 3, 2, 4], [1, 3, 4, 2], [3, 1, 2, 4], [3, 1, 4, 2], [3, 2, 1, 4]]
Distance:35

(95)
A = 
{(2, 1, 3, 4), (1, 3, 2, 4), (3, 1, 4, 2), (1, 4, 3, 2), (1, 4, 2, 3), (2, 4, 3, 1), (4, 3, 2, 1), (3, 2, 1, 4), (2, 1, 4, 3)}
M(A) = 
[[1, 4, 2, 3]]
Distance: 23
B = 
{(4, 1, 2, 3), (3, 1, 4, 2), (1, 4, 3, 2), (1, 3, 4, 2), (1, 2, 4, 3), (2, 3, 1, 4), (4, 2, 1, 3), (4, 2, 3, 1), (4, 3, 1, 2)}
M(B) = 
[[1, 4, 2, 3]]
Distance: 20
M(A) inter A:
{(1, 4, 2, 3)}
M(B) inter B:
set()

AUB = 
{(2, 1, 3, 4), (1, 3, 2, 4), (1, 2, 4, 3), (4, 3, 1, 2), (2, 3, 1, 4), (4, 2, 3, 1), (1, 4, 3, 2), (1, 3, 4, 2), (1, 4, 2, 3), (4, 1, 2, 3), (4, 2, 1, 3), (2, 4, 3, 1), (4, 3, 2, 1), (2, 1, 4, 3), (3, 2, 1, 4), (3, 1, 4, 2)}
M(AUB) = 
[[1, 4, 2, 3]]
Distance:41

(96)
A = 
{(2, 3, 1, 4), (4, 3, 2, 1), (3, 1, 2, 4), (1, 4, 2, 3), (2, 1, 3, 4), (2, 3, 4, 1), (2, 1, 4, 3), (3, 2, 1, 4), (2, 4, 1, 3)}
M(A) = 
[[2, 3, 1, 4]]
Distance: 18
B = 
{(2, 1, 3, 4), (3, 4, 1, 2), (3, 1, 4, 2), (1, 2, 3, 4), (3, 1, 2, 4), (1, 4, 2, 3), (4, 2, 3, 1), (3, 2, 1, 4), (4, 1, 3, 2)}
M(B) = 
[[2, 3, 1, 4]]
Distance: 21
M(A) inter A:
set()
M(B) inter B:
{(3, 1, 4, 2)}

AUB = 
{(2, 4, 1, 3), (3, 1, 4, 2), (2, 3, 1, 4), (3, 4, 1, 2), (1, 2, 3, 4), (4, 2, 3, 1), (3, 2, 1, 4), (1, 4, 2, 3), (2, 1, 3, 4), (2, 3, 4, 1), (4, 1, 3, 2), (4, 3, 2, 1), (3, 1, 2, 4), (2, 1, 4, 3)}
M(AUB) = 
[[2, 3, 1, 4]]
Distance:36

(97)
A = 
{(2, 1, 4, 3), (1, 3, 2, 4), (3, 1, 4, 2), (1, 4, 2, 3), (2, 4, 3, 1), (1, 2, 4, 3), (2, 3, 4, 1), (4, 3, 2, 1), (4, 3, 1, 2)}
M(A) = 
[[2, 4, 1, 3]]
Distance: 24
B = 
{(2, 3, 1, 4), (1, 2, 3, 4), (4, 2, 3, 1), (4, 1, 2, 3), (3, 4, 2, 1), (2, 1, 3, 4), (4, 2, 1, 3), (2, 1, 4, 3), (2, 4, 1, 3)}
M(B) = 
[[2, 4, 1, 3]]
Distance: 18
M(A) inter A:
set()
M(B) inter B:
{(2, 4, 1, 3)}

AUB = 
{(2, 4, 1, 3), (3, 1, 4, 2), (2, 3, 1, 4), (1, 3, 2, 4), (1, 2, 4, 3), (4, 3, 1, 2), (2, 3, 4, 1), (4, 2, 3, 1), (1, 2, 3, 4), (1, 4, 2, 3), (4, 1, 2, 3), (4, 2, 1, 3), (2, 4, 3, 1), (3, 4, 2, 1), (2, 1, 3, 4), (4, 3, 2, 1), (2, 1, 4, 3)}
M(AUB) = 
[[2, 4, 1, 3]]
Distance:43

(98)
A = 
{(2, 1, 4, 3), (1, 3, 2, 4), (1, 3, 4, 2), (1, 4, 3, 2), (1, 2, 4, 3), (4, 1, 2, 3), (4, 3, 2, 1), (3, 1, 2, 4), (4, 3, 1, 2)}
M(A) = 
[[3, 1, 2, 4]]
Distance: 18
B = 
{(2, 3, 1, 4), (3, 4, 1, 2), (3, 1, 4, 2), (3, 2, 4, 1), (2, 1, 3, 4), (2, 3, 4, 1), (4, 3, 2, 1), (3, 2, 1, 4), (1, 3, 2, 4)}
M(B) = 
[[3, 1, 2, 4]]
Distance: 16
M(A) inter A:
set()
M(B) inter B:
{(3, 2, 1, 4)}

AUB = 
{(3, 1, 4, 2), (4, 1, 2, 3), (3, 4, 1, 2), (1, 3, 2, 4), (3, 2, 4, 1), (4, 3, 1, 2), (3, 2, 1, 4), (1, 3, 4, 2), (1, 4, 3, 2), (1, 2, 4, 3), (2, 3, 1, 4), (2, 3, 4, 1), (2, 1, 3, 4), (4, 3, 2, 1), (3, 1, 2, 4), (2, 1, 4, 3)}
M(AUB) = 
[[3, 1, 2, 4]]
Distance:39

(99)
A = 
{(2, 1, 3, 4), (1, 4, 2, 3), (1, 4, 3, 2), (3, 2, 1, 4), (1, 2, 4, 3), (2, 3, 1, 4), (2, 4, 3, 1), (3, 1, 2, 4), (2, 1, 4, 3)}
M(A) = 
[[1, 2, 4, 3]]
Distance: 18
B = 
{(4, 1, 2, 3), (1, 2, 3, 4), (1, 4, 2, 3), (4, 3, 1, 2), (1, 2, 4, 3), (4, 2, 1, 3), (4, 1, 3, 2), (4, 2, 3, 1), (2, 1, 4, 3)}
M(B) = 
[[1, 2, 4, 3]]
Distance: 15
M(A) inter A:
set()
M(B) inter B:
{(4, 1, 2, 3)}

AUB = 
{(2, 1, 3, 4), (1, 2, 3, 4), (1, 2, 4, 3), (4, 2, 3, 1), (1, 4, 3, 2), (3, 1, 2, 4), (4, 1, 2, 3), (1, 4, 2, 3), (2, 3, 1, 4), (4, 2, 1, 3), (2, 4, 3, 1), (4, 1, 3, 2), (4, 3, 1, 2), (3, 2, 1, 4), (2, 1, 4, 3)}
M(AUB) = 
[[1, 2, 4, 3]]
Distance:36

