(0)
A = 
{(3, 5, 2, 4, 1), (5, 2, 4, 1, 3), (2, 3, 4, 1, 5), (3, 2, 1, 5, 4), (5, 1, 2, 3, 4), (5, 3, 1, 2, 4), (4, 5, 2, 1, 3), (1, 4, 2, 3, 5), (3, 5, 1, 2, 4)}
M(A) = 
[[5, 2, 3, 1, 4]]
Distance: 35
B = 
{(2, 4, 5, 1, 3), (2, 3, 4, 1, 5), (5, 2, 1, 3, 4), (3, 1, 2, 4, 5), (5, 3, 1, 4, 2), (4, 2, 1, 3, 5), (2, 5, 4, 3, 1), (3, 1, 5, 2, 4), (5, 4, 2, 3, 1)}
M(B) = 
[[5, 2, 3, 1, 4]]
Distance: 36
M(A) inter A:
set()
M(B) inter B:
set()

AUB = 
{(5, 1, 2, 3, 4), (5, 2, 4, 1, 3), (2, 3, 4, 1, 5), (5, 2, 1, 3, 4), (3, 2, 1, 5, 4), (3, 1, 2, 4, 5), (3, 5, 1, 2, 4), (5, 3, 1, 4, 2), (2, 4, 5, 1, 3), (4, 5, 2, 1, 3), (3, 5, 2, 4, 1), (2, 5, 4, 3, 1), (4, 2, 1, 3, 5), (3, 1, 5, 2, 4), (1, 4, 2, 3, 5), (5, 3, 1, 2, 4), (5, 4, 2, 3, 1)}
M(AUB) = 
[[5, 2, 3, 1, 4]]
Distance:68

(1)
A = 
{(1, 3, 2, 4, 5), (5, 2, 1, 4, 3), (3, 5, 1, 4, 2), (2, 4, 3, 1, 5), (4, 1, 3, 5, 2), (5, 2, 4, 1, 3), (2, 5, 4, 3, 1), (5, 3, 4, 1, 2), (4, 2, 5, 3, 1)}
M(A) = 
[[4, 3, 2, 5, 1], [4, 3, 5, 2, 1]]
Distance: 37
B = 
{(4, 2, 1, 5, 3), (4, 3, 5, 2, 1), (3, 4, 2, 1, 5), (3, 5, 4, 1, 2), (4, 5, 2, 1, 3), (4, 5, 1, 3, 2), (4, 3, 2, 1, 5), (3, 2, 4, 5, 1), (3, 2, 4, 1, 5)}
M(B) = 
[[4, 3, 2, 5, 1], [4, 3, 5, 2, 1]]
Distance: 25
M(A) inter A:
set()
M(B) inter B:
set()

AUB = 
{(1, 3, 2, 4, 5), (5, 2, 1, 4, 3), (3, 2, 4, 1, 5), (4, 2, 1, 5, 3), (4, 3, 5, 2, 1), (4, 1, 3, 5, 2), (2, 4, 3, 1, 5), (3, 5, 1, 4, 2), (5, 2, 4, 1, 3), (4, 5, 2, 1, 3), (4, 3, 2, 1, 5), (2, 5, 4, 3, 1), (5, 3, 4, 1, 2), (3, 5, 4, 1, 2), (4, 5, 1, 3, 2), (3, 2, 4, 5, 1), (3, 4, 2, 1, 5), (4, 2, 5, 3, 1)}
M(AUB) = 
[[4, 3, 2, 5, 1], [4, 3, 5, 2, 1]]
Distance:67

(2)
A = 
{(1, 3, 4, 2, 5), (2, 3, 1, 4, 5), (3, 1, 2, 4, 5), (1, 2, 3, 4, 5), (2, 5, 4, 1, 3), (4, 1, 2, 5, 3), (2, 4, 3, 1, 5), (2, 4, 3, 5, 1), (1, 4, 3, 2, 5)}
M(A) = 
[[2, 4, 3, 5, 1]]
Distance: 27
B = 
{(4, 1, 2, 3, 5), (2, 5, 3, 1, 4), (5, 2, 1, 4, 3), (5, 4, 1, 3, 2), (5, 4, 3, 1, 2), (3, 5, 4, 2, 1), (2, 4, 3, 1, 5), (2, 3, 5, 1, 4), (3, 2, 4, 5, 1)}
M(B) = 
[[2, 4, 3, 5, 1]]
Distance: 35
M(A) inter A:
set()
M(B) inter B:
set()

AUB = 
{(1, 3, 4, 2, 5), (4, 1, 2, 3, 5), (5, 2, 1, 4, 3), (2, 3, 1, 4, 5), (5, 4, 3, 1, 2), (5, 4, 1, 3, 2), (3, 5, 4, 2, 1), (3, 1, 2, 4, 5), (1, 2, 3, 4, 5), (2, 5, 4, 1, 3), (1, 4, 3, 2, 5), (2, 5, 3, 1, 4), (4, 1, 2, 5, 3), (3, 2, 4, 5, 1), (2, 3, 5, 1, 4), (2, 4, 3, 5, 1), (2, 4, 3, 1, 5)}
M(AUB) = 
[[2, 4, 3, 5, 1]]
Distance:71

(3)
A = 
{(4, 1, 3, 2, 5), (4, 3, 5, 1, 2), (4, 2, 1, 5, 3), (5, 4, 1, 3, 2), (1, 2, 4, 3, 5), (1, 3, 4, 5, 2), (4, 3, 1, 2, 5), (4, 3, 1, 5, 2), (2, 1, 4, 3, 5)}
M(A) = 
[[4, 3, 1, 2, 5]]
Distance: 23
B = 
{(4, 1, 3, 2, 5), (2, 5, 3, 1, 4), (2, 3, 1, 4, 5), (2, 3, 1, 5, 4), (1, 5, 3, 2, 4), (2, 4, 1, 3, 5), (3, 5, 4, 2, 1), (3, 1, 5, 4, 2), (5, 3, 2, 4, 1)}
M(B) = 
[[4, 3, 1, 2, 5]]
Distance: 32
M(A) inter A:
set()
M(B) inter B:
set()

AUB = 
{(4, 1, 3, 2, 5), (2, 3, 1, 5, 4), (4, 3, 5, 1, 2), (5, 4, 1, 3, 2), (4, 2, 1, 5, 3), (2, 3, 1, 4, 5), (1, 5, 3, 2, 4), (1, 2, 4, 3, 5), (1, 3, 4, 5, 2), (2, 5, 3, 1, 4), (3, 5, 4, 2, 1), (3, 1, 5, 4, 2), (4, 3, 1, 2, 5), (4, 3, 1, 5, 2), (5, 3, 2, 4, 1), (2, 1, 4, 3, 5), (2, 4, 1, 3, 5)}
M(AUB) = 
[[4, 3, 1, 2, 5]]
Distance:72

(4)
A = 
{(4, 5, 1, 2, 3), (5, 2, 4, 1, 3), (3, 4, 1, 5, 2), (2, 1, 3, 5, 4), (5, 1, 2, 4, 3), (2, 4, 1, 5, 3), (2, 3, 5, 1, 4), (3, 4, 2, 5, 1), (4, 2, 5, 3, 1)}
M(A) = 
[[1, 2, 3, 4, 5], [2, 1, 3, 4, 5]]
Distance: 35
B = 
{(4, 5, 2, 1, 3), (3, 1, 5, 2, 4), (3, 2, 4, 1, 5), (1, 2, 3, 5, 4), (1, 5, 3, 4, 2), (2, 4, 3, 1, 5), (5, 1, 2, 3, 4), (3, 1, 2, 4, 5), (1, 2, 4, 3, 5)}
M(B) = 
[[1, 2, 3, 4, 5], [2, 1, 3, 4, 5]]
Distance: 32
M(A) inter A:
set()
M(B) inter B:
set()

AUB = 
{(2, 3, 5, 1, 4), (5, 2, 4, 1, 3), (3, 1, 5, 2, 4), (1, 2, 3, 5, 4), (3, 4, 1, 5, 2), (5, 1, 2, 3, 4), (2, 1, 3, 5, 4), (3, 2, 4, 1, 5), (3, 1, 2, 4, 5), (5, 1, 2, 4, 3), (2, 4, 1, 5, 3), (4, 5, 2, 1, 3), (4, 5, 1, 2, 3), (1, 5, 3, 4, 2), (1, 2, 4, 3, 5), (3, 4, 2, 5, 1), (2, 4, 3, 1, 5), (4, 2, 5, 3, 1)}
M(AUB) = 
[[1, 2, 3, 4, 5], [2, 1, 3, 4, 5]]
Distance:78

(5)
A = 
{(1, 3, 2, 4, 5), (5, 1, 3, 4, 2), (3, 5, 4, 1, 2), (4, 2, 3, 1, 5), (4, 5, 2, 1, 3), (5, 1, 4, 3, 2), (1, 4, 5, 2, 3), (3, 2, 4, 5, 1), (1, 3, 2, 5, 4)}
M(A) = 
[[1, 3, 4, 2, 5]]
Distance: 37
B = 
{(2, 4, 1, 5, 3), (3, 1, 2, 5, 4), (2, 1, 3, 5, 4), (5, 3, 4, 1, 2), (2, 3, 1, 5, 4), (3, 1, 5, 4, 2), (4, 3, 2, 1, 5), (1, 4, 3, 2, 5), (2, 1, 3, 4, 5)}
M(B) = 
[[1, 3, 4, 2, 5]]
Distance: 31
M(A) inter A:
set()
M(B) inter B:
set()

AUB = 
{(1, 3, 2, 4, 5), (4, 5, 2, 1, 3), (2, 4, 1, 5, 3), (2, 1, 3, 4, 5), (3, 1, 2, 5, 4), (2, 3, 1, 5, 4), (2, 1, 3, 5, 4), (5, 3, 4, 1, 2), (3, 5, 4, 1, 2), (4, 2, 3, 1, 5), (5, 1, 3, 4, 2), (5, 1, 4, 3, 2), (1, 4, 5, 2, 3), (3, 1, 5, 4, 2), (4, 3, 2, 1, 5), (3, 2, 4, 5, 1), (1, 3, 2, 5, 4), (1, 4, 3, 2, 5)}
M(AUB) = 
[[1, 3, 4, 2, 5]]
Distance:73

(6)
A = 
{(2, 3, 5, 1, 4), (2, 3, 1, 4, 5), (2, 3, 1, 5, 4), (3, 1, 4, 2, 5), (1, 3, 2, 5, 4), (3, 4, 2, 1, 5), (2, 5, 1, 3, 4), (5, 2, 4, 3, 1), (3, 5, 1, 2, 4)}
M(A) = 
[[3, 2, 1, 5, 4]]
Distance: 25
B = 
{(5, 1, 3, 2, 4), (5, 4, 1, 3, 2), (4, 1, 5, 2, 3), (3, 2, 1, 4, 5), (1, 3, 5, 4, 2), (2, 5, 1, 3, 4), (2, 3, 4, 5, 1), (1, 4, 3, 5, 2), (3, 5, 2, 1, 4)}
M(B) = 
[[3, 2, 1, 5, 4]]
Distance: 36
M(A) inter A:
set()
M(B) inter B:
{(5, 1, 3, 2, 4)}

AUB = 
{(2, 3, 1, 5, 4), (3, 5, 1, 2, 4), (2, 3, 1, 4, 5), (5, 4, 1, 3, 2), (3, 1, 4, 2, 5), (2, 5, 1, 3, 4), (3, 4, 2, 1, 5), (3, 5, 2, 1, 4), (1, 3, 5, 4, 2), (5, 1, 3, 2, 4), (2, 3, 5, 1, 4), (4, 1, 5, 2, 3), (2, 3, 4, 5, 1), (1, 4, 3, 5, 2), (5, 2, 4, 3, 1), (1, 3, 2, 5, 4), (3, 2, 1, 4, 5)}
M(AUB) = 
[[3, 2, 1, 5, 4]]
Distance:65

(7)
A = 
{(4, 5, 1, 2, 3), (5, 4, 2, 1, 3), (2, 1, 3, 5, 4), (1, 2, 4, 3, 5), (2, 5, 4, 1, 3), (4, 2, 1, 3, 5), (3, 5, 2, 4, 1), (4, 3, 2, 1, 5), (4, 5, 3, 2, 1)}
M(A) = 
[[2, 4, 1, 3, 5]]
Distance: 33
B = 
{(4, 1, 2, 3, 5), (5, 2, 1, 4, 3), (3, 2, 5, 1, 4), (4, 1, 2, 5, 3), (3, 2, 1, 4, 5), (4, 2, 1, 3, 5), (3, 1, 4, 2, 5), (3, 2, 4, 5, 1), (1, 2, 3, 4, 5)}
M(B) = 
[[2, 4, 1, 3, 5]]
Distance: 32
M(A) inter A:
set()
M(B) inter B:
set()

AUB = 
{(4, 1, 2, 3, 5), (3, 5, 2, 4, 1), (5, 4, 2, 1, 3), (1, 2, 3, 4, 5), (3, 2, 5, 1, 4), (2, 1, 3, 5, 4), (1, 2, 4, 3, 5), (2, 5, 4, 1, 3), (5, 2, 1, 4, 3), (4, 2, 1, 3, 5), (4, 5, 1, 2, 3), (4, 5, 3, 2, 1), (3, 1, 4, 2, 5), (4, 1, 2, 5, 3), (4, 3, 2, 1, 5), (3, 2, 4, 5, 1), (3, 2, 1, 4, 5)}
M(AUB) = 
[[2, 4, 1, 3, 5]]
Distance:67

(8)
A = 
{(2, 4, 5, 1, 3), (5, 4, 1, 3, 2), (3, 4, 1, 5, 2), (1, 5, 2, 3, 4), (2, 4, 1, 5, 3), (2, 5, 1, 3, 4), (2, 1, 3, 5, 4), (4, 5, 2, 3, 1), (5, 4, 2, 3, 1)}
M(A) = 
[[4, 1, 5, 2, 3], [4, 1, 5, 3, 2], [4, 5, 1, 2, 3], [4, 5, 1, 3, 2], [4, 5, 2, 1, 3]]
Distance: 33
B = 
{(5, 1, 3, 4, 2), (3, 4, 5, 1, 2), (4, 3, 5, 2, 1), (3, 2, 4, 1, 5), (3, 5, 2, 4, 1), (4, 1, 2, 5, 3), (1, 4, 5, 3, 2), (1, 3, 2, 5, 4), (1, 2, 4, 3, 5)}
M(B) = 
[[4, 1, 5, 2, 3], [4, 1, 5, 3, 2], [4, 5, 1, 2, 3], [4, 5, 1, 3, 2], [4, 5, 2, 1, 3]]
Distance: 36
M(A) inter A:
{(3, 4, 1, 5, 2)}
M(B) inter B:
set()

AUB = 
{(5, 1, 3, 4, 2), (2, 4, 5, 1, 3), (3, 4, 1, 5, 2), (5, 4, 1, 3, 2), (1, 5, 2, 3, 4), (3, 2, 4, 1, 5), (4, 3, 5, 2, 1), (4, 1, 2, 5, 3), (2, 4, 1, 5, 3), (2, 5, 1, 3, 4), (2, 1, 3, 5, 4), (1, 4, 5, 3, 2), (3, 5, 2, 4, 1), (4, 5, 2, 3, 1), (5, 4, 2, 3, 1), (1, 3, 2, 5, 4), (3, 4, 5, 1, 2), (1, 2, 4, 3, 5)}
M(AUB) = 
[[4, 1, 5, 2, 3], [4, 1, 5, 3, 2], [4, 5, 1, 2, 3], [4, 5, 1, 3, 2], [4, 5, 2, 1, 3]]
Distance:83

(9)
A = 
{(4, 2, 5, 1, 3), (5, 2, 1, 3, 4), (2, 1, 3, 5, 4), (1, 3, 4, 5, 2), (5, 1, 2, 4, 3), (1, 4, 2, 5, 3), (4, 5, 1, 3, 2), (5, 4, 3, 2, 1), (1, 3, 5, 2, 4)}
M(A) = 
[[1, 3, 4, 2, 5], [1, 4, 3, 2, 5], [4, 1, 3, 2, 5]]
Distance: 34
B = 
{(4, 1, 3, 2, 5), (2, 4, 5, 1, 3), (1, 2, 3, 5, 4), (3, 2, 5, 1, 4), (2, 5, 4, 1, 3), (3, 4, 2, 1, 5), (5, 3, 1, 4, 2), (4, 1, 3, 5, 2), (3, 4, 1, 2, 5)}
M(B) = 
[[1, 3, 4, 2, 5], [1, 4, 3, 2, 5], [4, 1, 3, 2, 5]]
Distance: 36
M(A) inter A:
set()
M(B) inter B:
{(4, 1, 3, 2, 5), (3, 4, 1, 2, 5)}

AUB = 
{(4, 1, 3, 2, 5), (2, 4, 5, 1, 3), (5, 2, 1, 3, 4), (4, 2, 5, 1, 3), (2, 1, 3, 5, 4), (5, 1, 2, 4, 3), (3, 4, 2, 1, 5), (1, 3, 4, 5, 2), (2, 5, 4, 1, 3), (4, 1, 3, 5, 2), (1, 4, 2, 5, 3), (4, 5, 1, 3, 2), (5, 3, 1, 4, 2), (1, 2, 3, 5, 4), (3, 2, 5, 1, 4), (5, 4, 3, 2, 1), (1, 3, 5, 2, 4), (3, 4, 1, 2, 5)}
M(AUB) = 
[[1, 3, 4, 2, 5], [1, 4, 3, 2, 5], [4, 1, 3, 2, 5]]
Distance:82

(10)
A = 
{(2, 4, 5, 1, 3), (1, 5, 4, 2, 3), (5, 2, 1, 3, 4), (4, 3, 2, 5, 1), (5, 1, 4, 2, 3), (4, 1, 3, 5, 2), (2, 3, 5, 4, 1), (2, 3, 4, 5, 1), (5, 2, 3, 4, 1)}
M(A) = 
[[2, 4, 1, 3, 5], [2, 4, 5, 1, 3], [2, 5, 4, 1, 3], [5, 2, 4, 1, 3]]
Distance: 34
B = 
{(1, 5, 2, 4, 3), (2, 1, 3, 5, 4), (4, 1, 3, 5, 2), (1, 2, 4, 3, 5), (3, 5, 4, 1, 2), (4, 5, 1, 3, 2), (2, 3, 5, 4, 1), (1, 4, 2, 3, 5), (2, 4, 3, 1, 5)}
M(B) = 
[[2, 4, 1, 3, 5], [2, 4, 5, 1, 3], [2, 5, 4, 1, 3], [5, 2, 4, 1, 3]]
Distance: 34
M(A) inter A:
set()
M(B) inter B:
{(1, 2, 4, 3, 5)}

AUB = 
{(2, 4, 5, 1, 3), (1, 5, 4, 2, 3), (5, 2, 1, 3, 4), (4, 5, 1, 3, 2), (4, 3, 2, 5, 1), (4, 1, 3, 5, 2), (1, 2, 4, 3, 5), (5, 1, 4, 2, 3), (2, 1, 3, 5, 4), (2, 3, 5, 4, 1), (1, 5, 2, 4, 3), (2, 3, 4, 5, 1), (5, 2, 3, 4, 1), (2, 4, 3, 1, 5), (1, 4, 2, 3, 5), (3, 5, 4, 1, 2)}
M(AUB) = 
[[2, 4, 1, 3, 5], [2, 4, 5, 1, 3], [2, 5, 4, 1, 3], [5, 2, 4, 1, 3]]
Distance:70

(11)
A = 
{(5, 4, 1, 2, 3), (5, 2, 1, 3, 4), (4, 1, 2, 5, 3), (4, 1, 5, 3, 2), (1, 3, 5, 4, 2), (1, 2, 4, 5, 3), (4, 2, 1, 3, 5), (5, 1, 4, 3, 2), (1, 5, 3, 2, 4)}
M(A) = 
[[1, 4, 5, 2, 3], [1, 5, 4, 2, 3]]
Distance: 28
B = 
{(1, 5, 4, 2, 3), (1, 2, 3, 5, 4), (1, 2, 5, 3, 4), (4, 1, 5, 2, 3), (1, 2, 4, 3, 5), (4, 5, 1, 2, 3), (1, 4, 5, 2, 3), (3, 1, 5, 4, 2), (4, 3, 1, 5, 2)}
M(B) = 
[[1, 4, 5, 2, 3], [1, 5, 4, 2, 3]]
Distance: 25
M(A) inter A:
set()
M(B) inter B:
{(1, 4, 5, 2, 3)}

AUB = 
{(4, 5, 1, 2, 3), (5, 4, 1, 2, 3), (1, 5, 4, 2, 3), (1, 2, 3, 5, 4), (5, 2, 1, 3, 4), (4, 1, 2, 5, 3), (1, 3, 5, 4, 2), (1, 2, 4, 3, 5), (4, 1, 5, 3, 2), (1, 2, 4, 5, 3), (4, 2, 1, 3, 5), (5, 1, 4, 3, 2), (1, 5, 3, 2, 4), (1, 4, 5, 2, 3), (4, 1, 5, 2, 3), (1, 2, 5, 3, 4), (3, 1, 5, 4, 2), (4, 3, 1, 5, 2)}
M(AUB) = 
[[1, 4, 5, 2, 3], [1, 5, 4, 2, 3]]
Distance:54

(12)
A = 
{(5, 2, 4, 1, 3), (4, 2, 5, 1, 3), (4, 2, 1, 5, 3), (2, 1, 5, 3, 4), (3, 4, 2, 1, 5), (2, 3, 5, 1, 4), (4, 5, 3, 2, 1), (3, 2, 4, 5, 1), (1, 2, 4, 3, 5)}
M(A) = 
[[2, 5, 4, 1, 3]]
Distance: 32
B = 
{(1, 2, 5, 4, 3), (3, 2, 1, 5, 4), (5, 4, 3, 1, 2), (3, 5, 1, 2, 4), (5, 1, 2, 4, 3), (4, 5, 1, 3, 2), (3, 2, 4, 5, 1), (1, 3, 2, 5, 4), (2, 4, 5, 3, 1)}
M(B) = 
[[2, 5, 4, 1, 3]]
Distance: 36
M(A) inter A:
set()
M(B) inter B:
set()

AUB = 
{(5, 2, 4, 1, 3), (4, 2, 1, 5, 3), (4, 2, 5, 1, 3), (2, 1, 5, 3, 4), (1, 3, 2, 5, 4), (3, 4, 2, 1, 5), (5, 1, 2, 4, 3), (1, 2, 5, 4, 3), (2, 3, 5, 1, 4), (5, 4, 3, 1, 2), (4, 5, 1, 3, 2), (2, 4, 5, 3, 1), (4, 5, 3, 2, 1), (3, 2, 1, 5, 4), (3, 2, 4, 5, 1), (3, 5, 1, 2, 4), (1, 2, 4, 3, 5)}
M(AUB) = 
[[2, 5, 4, 1, 3]]
Distance:72

(13)
A = 
{(2, 1, 5, 4, 3), (5, 2, 1, 3, 4), (3, 5, 1, 4, 2), (2, 4, 3, 1, 5), (3, 5, 4, 1, 2), (2, 3, 5, 4, 1), (4, 5, 3, 2, 1), (1, 4, 3, 2, 5), (4, 2, 5, 3, 1)}
M(A) = 
[[4, 2, 5, 3, 1]]
Distance: 38
B = 
{(5, 2, 1, 4, 3), (4, 2, 5, 1, 3), (5, 4, 3, 1, 2), (2, 4, 3, 1, 5), (4, 1, 5, 3, 2), (2, 5, 3, 4, 1), (4, 5, 2, 3, 1), (1, 4, 2, 3, 5), (4, 2, 3, 5, 1)}
M(B) = 
[[4, 2, 5, 3, 1]]
Distance: 28
M(A) inter A:
{(4, 2, 5, 3, 1)}
M(B) inter B:
set()

AUB = 
{(5, 2, 1, 4, 3), (2, 1, 5, 4, 3), (4, 2, 5, 1, 3), (5, 2, 1, 3, 4), (3, 5, 4, 1, 2), (2, 4, 3, 1, 5), (3, 5, 1, 4, 2), (4, 5, 2, 3, 1), (4, 1, 5, 3, 2), (5, 4, 3, 1, 2), (2, 3, 5, 4, 1), (4, 2, 3, 5, 1), (4, 5, 3, 2, 1), (2, 5, 3, 4, 1), (1, 4, 3, 2, 5), (1, 4, 2, 3, 5), (4, 2, 5, 3, 1)}
M(AUB) = 
[[4, 2, 5, 3, 1]]
Distance:64

(14)
A = 
{(4, 5, 1, 2, 3), (2, 3, 1, 4, 5), (5, 2, 1, 3, 4), (4, 3, 2, 5, 1), (5, 3, 4, 1, 2), (5, 1, 3, 2, 4), (2, 5, 1, 3, 4), (1, 5, 3, 2, 4), (4, 5, 1, 3, 2)}
M(A) = 
[[5, 1, 3, 2, 4]]
Distance: 33
B = 
{(1, 2, 5, 4, 3), (4, 3, 1, 5, 2), (5, 2, 1, 3, 4), (4, 3, 2, 5, 1), (4, 1, 5, 3, 2), (2, 4, 3, 1, 5), (5, 1, 2, 4, 3), (3, 5, 2, 1, 4), (3, 4, 1, 2, 5)}
M(B) = 
[[5, 1, 3, 2, 4]]
Distance: 40
M(A) inter A:
set()
M(B) inter B:
{(4, 3, 1, 5, 2)}

AUB = 
{(5, 1, 3, 2, 4), (1, 2, 5, 4, 3), (5, 1, 2, 4, 3), (2, 3, 1, 4, 5), (5, 2, 1, 3, 4), (4, 3, 2, 5, 1), (2, 5, 1, 3, 4), (2, 4, 3, 1, 5), (5, 3, 4, 1, 2), (4, 5, 1, 2, 3), (1, 5, 3, 2, 4), (4, 1, 5, 3, 2), (4, 5, 1, 3, 2), (4, 3, 1, 5, 2), (3, 5, 2, 1, 4), (3, 4, 1, 2, 5)}
M(AUB) = 
[[5, 1, 3, 2, 4]]
Distance:70

(15)
A = 
{(1, 3, 4, 2, 5), (1, 2, 4, 5, 3), (1, 5, 4, 3, 2), (3, 5, 1, 4, 2), (3, 5, 4, 1, 2), (3, 1, 5, 4, 2), (2, 5, 3, 4, 1), (2, 4, 5, 3, 1), (2, 1, 4, 3, 5)}
M(A) = 
[[4, 3, 5, 1, 2]]
Distance: 39
B = 
{(4, 3, 1, 5, 2), (5, 4, 1, 3, 2), (3, 5, 1, 2, 4), (1, 2, 3, 4, 5), (4, 2, 1, 3, 5), (4, 5, 2, 3, 1), (4, 5, 3, 2, 1), (3, 5, 2, 1, 4), (4, 2, 3, 5, 1)}
M(B) = 
[[4, 3, 5, 1, 2]]
Distance: 32
M(A) inter A:
set()
M(B) inter B:
set()

AUB = 
{(1, 3, 4, 2, 5), (1, 2, 4, 5, 3), (3, 5, 1, 2, 4), (4, 3, 1, 5, 2), (5, 4, 1, 3, 2), (1, 5, 4, 3, 2), (3, 5, 4, 1, 2), (1, 2, 3, 4, 5), (3, 5, 2, 1, 4), (3, 5, 1, 4, 2), (4, 2, 1, 3, 5), (4, 5, 3, 2, 1), (3, 1, 5, 4, 2), (4, 5, 2, 3, 1), (2, 5, 3, 4, 1), (2, 4, 5, 3, 1), (2, 1, 4, 3, 5), (4, 2, 3, 5, 1)}
M(AUB) = 
[[4, 3, 5, 1, 2]]
Distance:78

(16)
A = 
{(2, 5, 3, 1, 4), (2, 1, 5, 4, 3), (4, 3, 2, 5, 1), (2, 5, 4, 1, 3), (2, 5, 1, 4, 3), (5, 1, 3, 2, 4), (2, 1, 3, 5, 4), (4, 3, 1, 2, 5), (3, 5, 1, 2, 4)}
M(A) = 
[[2, 3, 5, 1, 4]]
Distance: 31
B = 
{(3, 4, 5, 2, 1), (4, 3, 5, 1, 2), (1, 2, 3, 5, 4), (3, 2, 5, 1, 4), (3, 5, 1, 4, 2), (4, 2, 1, 3, 5), (1, 4, 2, 3, 5), (5, 4, 2, 3, 1), (5, 2, 4, 3, 1)}
M(B) = 
[[2, 3, 5, 1, 4]]
Distance: 37
M(A) inter A:
set()
M(B) inter B:
set()

AUB = 
{(5, 4, 2, 3, 1), (5, 1, 3, 2, 4), (2, 1, 5, 4, 3), (3, 2, 5, 1, 4), (1, 2, 3, 5, 4), (4, 3, 2, 5, 1), (2, 5, 1, 4, 3), (2, 5, 4, 1, 3), (4, 2, 1, 3, 5), (2, 5, 3, 1, 4), (2, 1, 3, 5, 4), (3, 5, 1, 4, 2), (4, 3, 1, 2, 5), (4, 3, 5, 1, 2), (3, 4, 5, 2, 1), (3, 5, 1, 2, 4), (1, 4, 2, 3, 5), (5, 2, 4, 3, 1)}
M(AUB) = 
[[2, 3, 5, 1, 4]]
Distance:75

(17)
A = 
{(3, 4, 1, 5, 2), (1, 5, 3, 2, 4), (4, 1, 5, 3, 2), (2, 5, 3, 1, 4), (2, 3, 4, 5, 1), (1, 4, 3, 5, 2), (4, 3, 2, 1, 5), (4, 5, 1, 3, 2), (1, 3, 5, 2, 4)}
M(A) = 
[[1, 5, 3, 4, 2], [5, 1, 3, 4, 2]]
Distance: 35
B = 
{(4, 1, 3, 2, 5), (5, 1, 3, 4, 2), (5, 2, 1, 4, 3), (1, 2, 5, 3, 4), (3, 5, 1, 4, 2), (5, 3, 1, 4, 2), (5, 1, 4, 3, 2), (2, 5, 3, 4, 1), (2, 1, 4, 3, 5)}
M(B) = 
[[1, 5, 3, 4, 2], [5, 1, 3, 4, 2]]
Distance: 32
M(A) inter A:
set()
M(B) inter B:
{(5, 1, 3, 4, 2)}

AUB = 
{(4, 1, 3, 2, 5), (5, 1, 3, 4, 2), (5, 2, 1, 4, 3), (1, 2, 5, 3, 4), (3, 4, 1, 5, 2), (1, 5, 3, 2, 4), (3, 5, 1, 4, 2), (4, 1, 5, 3, 2), (2, 5, 3, 1, 4), (5, 1, 4, 3, 2), (2, 5, 3, 4, 1), (2, 3, 4, 5, 1), (5, 3, 1, 4, 2), (1, 4, 3, 5, 2), (4, 3, 2, 1, 5), (4, 5, 1, 3, 2), (2, 1, 4, 3, 5), (1, 3, 5, 2, 4)}
M(AUB) = 
[[1, 5, 3, 4, 2], [5, 1, 3, 4, 2]]
Distance:74

(18)
A = 
{(1, 2, 5, 4, 3), (1, 5, 3, 2, 4), (4, 1, 3, 5, 2), (5, 3, 1, 4, 2), (5, 1, 4, 3, 2), (1, 5, 2, 3, 4), (1, 4, 5, 3, 2), (2, 4, 5, 3, 1), (1, 5, 3, 4, 2)}
M(A) = 
[[5, 1, 3, 2, 4], [5, 1, 3, 4, 2], [5, 1, 4, 3, 2]]
Distance: 25
B = 
{(2, 3, 5, 1, 4), (5, 2, 1, 4, 3), (2, 1, 5, 4, 3), (5, 1, 3, 4, 2), (2, 5, 4, 1, 3), (5, 3, 4, 2, 1), (2, 5, 3, 4, 1), (3, 1, 5, 4, 2), (5, 4, 3, 2, 1)}
M(B) = 
[[5, 1, 3, 2, 4], [5, 1, 3, 4, 2], [5, 1, 4, 3, 2]]
Distance: 30
M(A) inter A:
set()
M(B) inter B:
set()

AUB = 
{(2, 3, 5, 1, 4), (1, 2, 5, 4, 3), (5, 1, 3, 4, 2), (2, 1, 5, 4, 3), (2, 5, 4, 1, 3), (1, 5, 3, 2, 4), (5, 3, 1, 4, 2), (5, 3, 4, 2, 1), (4, 1, 3, 5, 2), (5, 2, 1, 4, 3), (5, 1, 4, 3, 2), (1, 5, 2, 3, 4), (2, 5, 3, 4, 1), (1, 4, 5, 3, 2), (5, 4, 3, 2, 1), (3, 1, 5, 4, 2), (2, 4, 5, 3, 1), (1, 5, 3, 4, 2)}
M(AUB) = 
[[5, 1, 3, 2, 4], [5, 1, 3, 4, 2], [5, 1, 4, 3, 2]]
Distance:67

(19)
A = 
{(4, 1, 2, 3, 5), (1, 3, 4, 2, 5), (3, 4, 5, 1, 2), (5, 3, 1, 4, 2), (3, 5, 2, 4, 1), (1, 4, 5, 2, 3), (2, 3, 5, 4, 1), (2, 3, 4, 5, 1), (3, 4, 2, 5, 1)}
M(A) = 
[[3, 4, 2, 5, 1]]
Distance: 32
B = 
{(1, 5, 4, 3, 2), (1, 2, 4, 3, 5), (2, 5, 1, 4, 3), (2, 3, 5, 4, 1), (4, 3, 2, 1, 5), (2, 4, 5, 3, 1), (3, 5, 2, 1, 4), (3, 4, 1, 2, 5), (4, 2, 5, 3, 1)}
M(B) = 
[[3, 4, 2, 5, 1]]
Distance: 35
M(A) inter A:
set()
M(B) inter B:
set()

AUB = 
{(4, 1, 2, 3, 5), (1, 3, 4, 2, 5), (3, 4, 5, 1, 2), (1, 5, 4, 3, 2), (2, 5, 1, 4, 3), (1, 2, 4, 3, 5), (5, 3, 1, 4, 2), (3, 5, 2, 4, 1), (1, 4, 5, 2, 3), (2, 3, 5, 4, 1), (4, 3, 2, 1, 5), (2, 3, 4, 5, 1), (3, 4, 2, 5, 1), (3, 4, 1, 2, 5), (3, 5, 2, 1, 4), (2, 4, 5, 3, 1), (4, 2, 5, 3, 1)}
M(AUB) = 
[[3, 4, 2, 5, 1]]
Distance:69

(20)
A = 
{(1, 2, 4, 5, 3), (1, 5, 2, 4, 3), (4, 2, 5, 1, 3), (3, 1, 4, 2, 5), (4, 2, 1, 3, 5), (2, 5, 1, 3, 4), (1, 4, 2, 5, 3), (2, 3, 4, 5, 1), (3, 4, 5, 2, 1)}
M(A) = 
[[4, 1, 2, 5, 3]]
Distance: 34
B = 
{(2, 5, 1, 3, 4), (5, 4, 1, 3, 2), (3, 4, 5, 1, 2), (4, 1, 2, 5, 3), (3, 4, 1, 2, 5), (4, 5, 2, 1, 3), (3, 1, 4, 5, 2), (4, 5, 3, 2, 1), (2, 4, 1, 3, 5)}
M(B) = 
[[4, 1, 2, 5, 3]]
Distance: 34
M(A) inter A:
set()
M(B) inter B:
set()

AUB = 
{(4, 5, 2, 1, 3), (1, 2, 4, 5, 3), (1, 5, 2, 4, 3), (5, 4, 1, 3, 2), (4, 2, 5, 1, 3), (3, 1, 4, 2, 5), (2, 4, 1, 3, 5), (3, 4, 1, 2, 5), (4, 2, 1, 3, 5), (2, 5, 1, 3, 4), (4, 1, 2, 5, 3), (1, 4, 2, 5, 3), (2, 3, 4, 5, 1), (4, 5, 3, 2, 1), (3, 1, 4, 5, 2), (3, 4, 5, 2, 1), (3, 4, 5, 1, 2)}
M(AUB) = 
[[4, 1, 2, 5, 3]]
Distance:66

(21)
A = 
{(2, 5, 3, 1, 4), (5, 4, 1, 2, 3), (1, 4, 5, 3, 2), (3, 1, 2, 4, 5), (2, 4, 1, 3, 5), (1, 3, 5, 4, 2), (5, 1, 3, 4, 2), (1, 4, 3, 5, 2), (5, 3, 2, 1, 4)}
M(A) = 
[[1, 4, 5, 3, 2]]
Distance: 34
B = 
{(4, 1, 2, 3, 5), (5, 3, 4, 2, 1), (2, 4, 1, 5, 3), (4, 1, 2, 5, 3), (4, 1, 5, 3, 2), (2, 5, 1, 3, 4), (1, 4, 2, 5, 3), (3, 1, 4, 5, 2), (1, 4, 3, 5, 2)}
M(B) = 
[[1, 4, 5, 3, 2]]
Distance: 29
M(A) inter A:
set()
M(B) inter B:
{(4, 1, 2, 5, 3)}

AUB = 
{(4, 1, 2, 3, 5), (5, 1, 3, 4, 2), (5, 4, 1, 2, 3), (1, 4, 3, 5, 2), (3, 1, 2, 4, 5), (4, 1, 5, 3, 2), (2, 4, 1, 3, 5), (5, 3, 4, 2, 1), (1, 3, 5, 4, 2), (2, 4, 1, 5, 3), (2, 5, 3, 1, 4), (4, 1, 2, 5, 3), (1, 4, 2, 5, 3), (2, 5, 1, 3, 4), (1, 4, 5, 3, 2), (3, 1, 4, 5, 2), (5, 3, 2, 1, 4)}
M(AUB) = 
[[1, 4, 5, 3, 2]]
Distance:67

(22)
A = 
{(1, 3, 2, 4, 5), (4, 5, 2, 1, 3), (5, 4, 1, 3, 2), (2, 1, 3, 5, 4), (4, 1, 3, 5, 2), (2, 4, 3, 1, 5), (1, 3, 4, 5, 2), (2, 5, 1, 3, 4), (4, 3, 5, 2, 1)}
M(A) = 
[[1, 4, 3, 5, 2]]
Distance: 37
B = 
{(1, 3, 4, 2, 5), (5, 1, 4, 3, 2), (5, 2, 1, 4, 3), (1, 5, 4, 2, 3), (4, 3, 5, 2, 1), (2, 5, 4, 1, 3), (4, 5, 2, 1, 3), (4, 3, 2, 5, 1), (1, 4, 3, 5, 2)}
M(B) = 
[[1, 4, 3, 5, 2]]
Distance: 33
M(A) inter A:
{(4, 5, 2, 1, 3)}
M(B) inter B:
{(4, 5, 2, 1, 3), (5, 1, 4, 3, 2)}

AUB = 
{(1, 3, 2, 4, 5), (2, 5, 1, 3, 4), (5, 2, 1, 4, 3), (1, 5, 4, 2, 3), (2, 5, 4, 1, 3), (5, 4, 1, 3, 2), (2, 1, 3, 5, 4), (1, 3, 4, 5, 2), (2, 4, 3, 1, 5), (4, 1, 3, 5, 2), (1, 3, 4, 2, 5), (5, 1, 4, 3, 2), (4, 5, 2, 1, 3), (4, 3, 5, 2, 1), (4, 3, 2, 5, 1), (1, 4, 3, 5, 2)}
M(AUB) = 
[[1, 4, 3, 5, 2]]
Distance:65

(23)
A = 
{(5, 4, 2, 1, 3), (1, 5, 2, 4, 3), (1, 2, 5, 3, 4), (1, 2, 3, 4, 5), (5, 3, 4, 1, 2), (4, 3, 2, 1, 5), (1, 4, 3, 2, 5), (3, 5, 2, 1, 4), (4, 2, 5, 3, 1)}
M(A) = 
[[1, 5, 4, 2, 3]]
Distance: 41
B = 
{(1, 2, 5, 3, 4), (5, 2, 3, 1, 4), (1, 5, 2, 3, 4), (3, 2, 4, 1, 5), (4, 1, 5, 3, 2), (5, 4, 3, 2, 1), (3, 5, 1, 2, 4), (1, 4, 2, 3, 5), (4, 2, 3, 5, 1)}
M(B) = 
[[1, 5, 4, 2, 3]]
Distance: 41
M(A) inter A:
set()
M(B) inter B:
{(1, 5, 2, 3, 4)}

AUB = 
{(5, 4, 2, 1, 3), (3, 5, 1, 2, 4), (1, 5, 2, 4, 3), (5, 2, 3, 1, 4), (1, 2, 5, 3, 4), (1, 5, 2, 3, 4), (4, 1, 5, 3, 2), (1, 2, 3, 4, 5), (5, 3, 4, 1, 2), (5, 4, 3, 2, 1), (1, 4, 2, 3, 5), (4, 3, 2, 1, 5), (4, 2, 3, 5, 1), (1, 4, 3, 2, 5), (3, 5, 2, 1, 4), (3, 2, 4, 1, 5), (4, 2, 5, 3, 1)}
M(AUB) = 
[[1, 5, 4, 2, 3]]
Distance:81

(24)
A = 
{(3, 5, 2, 4, 1), (3, 2, 5, 1, 4), (4, 2, 5, 1, 3), (1, 3, 5, 4, 2), (4, 2, 1, 3, 5), (4, 5, 2, 1, 3), (4, 5, 1, 3, 2), (4, 3, 2, 1, 5), (1, 4, 3, 2, 5)}
M(A) = 
[[5, 4, 2, 1, 3]]
Distance: 34
B = 
{(5, 2, 1, 4, 3), (1, 5, 2, 4, 3), (1, 2, 5, 3, 4), (3, 4, 5, 1, 2), (3, 1, 4, 2, 5), (2, 5, 4, 1, 3), (2, 5, 1, 3, 4), (5, 4, 2, 3, 1), (5, 3, 1, 2, 4)}
M(B) = 
[[5, 4, 2, 1, 3]]
Distance: 32
M(A) inter A:
set()
M(B) inter B:
set()

AUB = 
{(5, 4, 2, 3, 1), (4, 5, 2, 1, 3), (5, 2, 1, 4, 3), (1, 5, 2, 4, 3), (4, 2, 5, 1, 3), (3, 2, 5, 1, 4), (3, 1, 4, 2, 5), (2, 5, 4, 1, 3), (2, 5, 1, 3, 4), (1, 3, 5, 4, 2), (4, 2, 1, 3, 5), (3, 5, 2, 4, 1), (4, 5, 1, 3, 2), (1, 2, 5, 3, 4), (4, 3, 2, 1, 5), (1, 4, 3, 2, 5), (5, 3, 1, 2, 4), (3, 4, 5, 1, 2)}
M(AUB) = 
[[5, 4, 2, 1, 3]]
Distance:81

(25)
A = 
{(4, 1, 3, 2, 5), (2, 4, 1, 5, 3), (4, 2, 5, 1, 3), (5, 3, 1, 4, 2), (4, 1, 3, 5, 2), (4, 2, 1, 3, 5), (2, 4, 3, 5, 1), (5, 4, 2, 3, 1), (4, 2, 5, 3, 1)}
M(A) = 
[[4, 3, 2, 1, 5]]
Distance: 27
B = 
{(5, 3, 2, 4, 1), (3, 1, 5, 2, 4), (4, 1, 5, 3, 2), (3, 2, 4, 1, 5), (2, 5, 1, 4, 3), (3, 5, 4, 2, 1), (5, 3, 1, 4, 2), (2, 3, 4, 1, 5), (3, 2, 1, 4, 5)}
M(B) = 
[[4, 3, 2, 1, 5]]
Distance: 33
M(A) inter A:
set()
M(B) inter B:
set()

AUB = 
{(4, 1, 3, 2, 5), (3, 5, 4, 2, 1), (2, 4, 1, 5, 3), (3, 2, 1, 4, 5), (3, 1, 5, 2, 4), (2, 5, 1, 4, 3), (4, 2, 5, 1, 3), (4, 1, 3, 5, 2), (3, 2, 4, 1, 5), (5, 3, 1, 4, 2), (4, 2, 1, 3, 5), (5, 3, 2, 4, 1), (4, 1, 5, 3, 2), (2, 3, 4, 1, 5), (2, 4, 3, 5, 1), (5, 4, 2, 3, 1), (4, 2, 5, 3, 1)}
M(AUB) = 
[[4, 3, 2, 1, 5]]
Distance:68

(26)
A = 
{(1, 3, 2, 4, 5), (3, 4, 2, 1, 5), (1, 3, 5, 4, 2), (5, 1, 2, 3, 4), (1, 4, 5, 2, 3), (4, 5, 3, 2, 1), (3, 4, 5, 2, 1), (3, 5, 1, 2, 4), (3, 2, 4, 1, 5)}
M(A) = 
[[3, 2, 4, 5, 1]]
Distance: 33
B = 
{(2, 5, 1, 3, 4), (1, 3, 2, 5, 4), (1, 3, 5, 4, 2), (3, 5, 2, 4, 1), (4, 2, 5, 3, 1), (3, 2, 4, 5, 1), (2, 1, 3, 4, 5), (2, 4, 3, 5, 1), (4, 2, 3, 5, 1)}
M(B) = 
[[3, 2, 4, 5, 1]]
Distance: 31
M(A) inter A:
set()
M(B) inter B:
set()

AUB = 
{(1, 3, 2, 4, 5), (2, 5, 1, 3, 4), (2, 1, 3, 4, 5), (1, 3, 2, 5, 4), (3, 4, 2, 1, 5), (1, 3, 5, 4, 2), (5, 1, 2, 3, 4), (1, 4, 5, 2, 3), (4, 2, 3, 5, 1), (3, 2, 4, 5, 1), (3, 5, 2, 4, 1), (4, 5, 3, 2, 1), (2, 4, 3, 5, 1), (3, 4, 5, 2, 1), (3, 5, 1, 2, 4), (3, 2, 4, 1, 5), (4, 2, 5, 3, 1)}
M(AUB) = 
[[3, 2, 4, 5, 1]]
Distance:65

(27)
A = 
{(2, 5, 3, 1, 4), (3, 2, 1, 5, 4), (1, 5, 3, 4, 2), (3, 4, 1, 2, 5), (2, 5, 4, 1, 3), (3, 5, 4, 2, 1), (3, 1, 4, 2, 5), (3, 2, 4, 5, 1), (5, 4, 2, 3, 1)}
M(A) = 
[[2, 5, 3, 1, 4], [5, 2, 3, 1, 4], [5, 3, 2, 1, 4]]
Distance: 33
B = 
{(5, 1, 3, 2, 4), (1, 5, 2, 4, 3), (5, 2, 1, 3, 4), (5, 1, 2, 4, 3), (2, 3, 1, 5, 4), (2, 5, 4, 3, 1), (4, 3, 5, 1, 2), (3, 5, 2, 1, 4), (4, 2, 5, 3, 1)}
M(B) = 
[[2, 5, 3, 1, 4], [5, 2, 3, 1, 4], [5, 3, 2, 1, 4]]
Distance: 31
M(A) inter A:
set()
M(B) inter B:
set()

AUB = 
{(3, 5, 4, 2, 1), (1, 5, 2, 4, 3), (5, 2, 1, 3, 4), (3, 2, 1, 5, 4), (2, 3, 1, 5, 4), (1, 5, 3, 4, 2), (5, 1, 2, 4, 3), (3, 4, 1, 2, 5), (2, 5, 4, 1, 3), (5, 1, 3, 2, 4), (2, 5, 3, 1, 4), (3, 1, 4, 2, 5), (2, 5, 4, 3, 1), (4, 3, 5, 1, 2), (3, 2, 4, 5, 1), (3, 5, 2, 1, 4), (5, 4, 2, 3, 1), (4, 2, 5, 3, 1)}
M(AUB) = 
[[2, 5, 3, 1, 4], [5, 2, 3, 1, 4], [5, 3, 2, 1, 4]]
Distance:72

(28)
A = 
{(5, 4, 2, 1, 3), (3, 4, 5, 1, 2), (3, 4, 1, 5, 2), (1, 5, 4, 3, 2), (1, 3, 4, 5, 2), (5, 1, 3, 4, 2), (1, 4, 2, 5, 3), (4, 5, 3, 1, 2), (2, 1, 3, 4, 5)}
M(A) = 
[[1, 4, 2, 5, 3], [1, 4, 5, 2, 3], [4, 1, 2, 5, 3], [4, 1, 5, 2, 3], [4, 5, 1, 2, 3]]
Distance: 31
B = 
{(5, 2, 4, 1, 3), (4, 2, 5, 1, 3), (3, 2, 1, 5, 4), (4, 1, 2, 5, 3), (1, 3, 4, 5, 2), (2, 3, 5, 1, 4), (1, 4, 2, 5, 3), (1, 4, 2, 3, 5), (4, 2, 5, 3, 1)}
M(B) = 
[[1, 4, 2, 5, 3], [1, 4, 5, 2, 3], [4, 1, 2, 5, 3], [4, 1, 5, 2, 3], [4, 5, 1, 2, 3]]
Distance: 33
M(A) inter A:
{(1, 4, 2, 5, 3)}
M(B) inter B:
{(1, 4, 2, 5, 3)}

AUB = 
{(2, 3, 5, 1, 4), (5, 4, 2, 1, 3), (3, 4, 1, 5, 2), (3, 4, 5, 1, 2), (1, 5, 4, 3, 2), (1, 3, 4, 5, 2), (5, 2, 4, 1, 3), (5, 1, 3, 4, 2), (4, 1, 2, 5, 3), (1, 4, 2, 5, 3), (4, 5, 3, 1, 2), (4, 2, 5, 1, 3), (3, 2, 1, 5, 4), (1, 4, 2, 3, 5), (2, 1, 3, 4, 5), (4, 2, 5, 3, 1)}
M(AUB) = 
[[1, 4, 2, 5, 3], [1, 4, 5, 2, 3], [4, 1, 2, 5, 3], [4, 1, 5, 2, 3], [4, 5, 1, 2, 3]]
Distance:68

(29)
A = 
{(1, 5, 4, 2, 3), (5, 2, 1, 3, 4), (5, 4, 1, 3, 2), (1, 5, 3, 4, 2), (5, 1, 4, 2, 3), (2, 4, 1, 3, 5), (5, 1, 2, 4, 3), (4, 1, 5, 2, 3), (4, 3, 2, 1, 5)}
M(A) = 
[[1, 5, 2, 3, 4], [1, 5, 2, 4, 3]]
Distance: 27
B = 
{(5, 2, 1, 4, 3), (2, 3, 4, 1, 5), (5, 2, 3, 1, 4), (1, 5, 2, 3, 4), (5, 3, 4, 1, 2), (1, 2, 3, 4, 5), (2, 5, 4, 1, 3), (3, 1, 2, 4, 5), (3, 1, 5, 4, 2)}
M(B) = 
[[1, 5, 2, 3, 4], [1, 5, 2, 4, 3]]
Distance: 34
M(A) inter A:
set()
M(B) inter B:
{(1, 5, 2, 3, 4)}

AUB = 
{(2, 5, 4, 1, 3), (5, 2, 1, 4, 3), (1, 5, 4, 2, 3), (5, 4, 1, 3, 2), (5, 2, 1, 3, 4), (1, 5, 3, 4, 2), (5, 1, 2, 4, 3), (2, 4, 1, 3, 5), (5, 2, 3, 1, 4), (5, 1, 4, 2, 3), (5, 3, 4, 1, 2), (4, 1, 5, 2, 3), (3, 1, 5, 4, 2), (4, 3, 2, 1, 5), (2, 3, 4, 1, 5), (1, 5, 2, 3, 4), (1, 2, 3, 4, 5), (3, 1, 2, 4, 5)}
M(AUB) = 
[[1, 5, 2, 3, 4], [1, 5, 2, 4, 3]]
Distance:69

(30)
A = 
{(1, 2, 4, 5, 3), (1, 2, 3, 5, 4), (4, 2, 1, 5, 3), (2, 4, 3, 1, 5), (2, 5, 4, 3, 1), (1, 2, 3, 4, 5), (3, 1, 5, 4, 2), (3, 4, 2, 5, 1), (3, 4, 5, 2, 1)}
M(A) = 
[[2, 3, 4, 1, 5]]
Distance: 34
B = 
{(3, 1, 2, 5, 4), (2, 3, 4, 1, 5), (1, 2, 3, 5, 4), (3, 4, 5, 1, 2), (1, 3, 5, 4, 2), (2, 3, 1, 5, 4), (2, 5, 4, 3, 1), (2, 3, 5, 4, 1), (4, 2, 5, 3, 1)}
M(B) = 
[[2, 3, 4, 1, 5]]
Distance: 30
M(A) inter A:
set()
M(B) inter B:
{(2, 3, 1, 5, 4), (2, 3, 5, 4, 1)}

AUB = 
{(1, 2, 4, 5, 3), (3, 1, 2, 5, 4), (4, 2, 1, 5, 3), (1, 2, 3, 5, 4), (2, 4, 3, 1, 5), (1, 3, 5, 4, 2), (2, 3, 4, 1, 5), (2, 3, 1, 5, 4), (2, 5, 4, 3, 1), (4, 2, 5, 3, 1), (3, 1, 5, 4, 2), (3, 4, 2, 5, 1), (3, 4, 5, 2, 1), (1, 2, 3, 4, 5), (3, 4, 5, 1, 2), (2, 3, 5, 4, 1)}
M(AUB) = 
[[2, 3, 4, 1, 5]]
Distance:58

(31)
A = 
{(2, 1, 5, 3, 4), (5, 3, 1, 2, 4), (5, 3, 4, 1, 2), (1, 3, 5, 2, 4), (5, 1, 4, 3, 2), (1, 4, 3, 2, 5), (3, 5, 1, 2, 4), (5, 4, 3, 2, 1), (4, 2, 3, 5, 1)}
M(A) = 
[[5, 3, 1, 4, 2]]
Distance: 32
B = 
{(1, 3, 2, 4, 5), (2, 5, 3, 1, 4), (5, 4, 1, 2, 3), (4, 3, 5, 1, 2), (4, 5, 1, 2, 3), (3, 1, 5, 4, 2), (2, 4, 5, 3, 1), (3, 5, 1, 2, 4), (3, 2, 5, 4, 1)}
M(B) = 
[[5, 3, 1, 4, 2]]
Distance: 37
M(A) inter A:
{(3, 5, 1, 2, 4)}
M(B) inter B:
{(3, 5, 1, 2, 4)}

AUB = 
{(1, 3, 2, 4, 5), (2, 5, 3, 1, 4), (5, 4, 1, 2, 3), (3, 5, 1, 2, 4), (4, 3, 5, 1, 2), (3, 2, 5, 4, 1), (2, 1, 5, 3, 4), (1, 3, 5, 2, 4), (5, 3, 4, 1, 2), (5, 1, 4, 3, 2), (3, 1, 5, 4, 2), (2, 4, 5, 3, 1), (4, 5, 1, 2, 3), (1, 4, 3, 2, 5), (5, 3, 1, 2, 4), (5, 4, 3, 2, 1), (4, 2, 3, 5, 1)}
M(AUB) = 
[[5, 3, 1, 4, 2]]
Distance:69

(32)
A = 
{(4, 1, 2, 3, 5), (1, 5, 2, 3, 4), (2, 4, 1, 3, 5), (3, 5, 4, 1, 2), (5, 3, 4, 2, 1), (4, 5, 3, 2, 1), (4, 3, 2, 1, 5), (5, 4, 3, 2, 1), (1, 3, 5, 2, 4)}
M(A) = 
[[3, 5, 4, 2, 1], [5, 4, 3, 2, 1]]
Distance: 37
B = 
{(5, 4, 2, 1, 3), (3, 2, 5, 1, 4), (5, 4, 1, 2, 3), (5, 3, 2, 4, 1), (2, 5, 3, 4, 1), (4, 3, 2, 1, 5), (3, 1, 5, 4, 2), (1, 4, 3, 2, 5), (2, 1, 4, 3, 5)}
M(B) = 
[[3, 5, 4, 2, 1], [5, 4, 3, 2, 1]]
Distance: 40
M(A) inter A:
{(5, 4, 3, 2, 1)}
M(B) inter B:
set()

AUB = 
{(4, 1, 2, 3, 5), (5, 3, 2, 4, 1), (5, 4, 2, 1, 3), (3, 2, 5, 1, 4), (1, 5, 2, 3, 4), (2, 1, 4, 3, 5), (2, 4, 1, 3, 5), (3, 5, 4, 1, 2), (5, 4, 1, 2, 3), (5, 3, 4, 2, 1), (4, 3, 2, 1, 5), (2, 5, 3, 4, 1), (4, 5, 3, 2, 1), (3, 1, 5, 4, 2), (5, 4, 3, 2, 1), (1, 3, 5, 2, 4), (1, 4, 3, 2, 5)}
M(AUB) = 
[[3, 5, 4, 2, 1], [5, 4, 3, 2, 1]]
Distance:73

(33)
A = 
{(1, 3, 4, 2, 5), (1, 5, 3, 2, 4), (2, 1, 4, 3, 5), (2, 4, 1, 3, 5), (5, 1, 4, 2, 3), (4, 2, 1, 3, 5), (4, 5, 2, 1, 3), (3, 2, 5, 4, 1), (1, 3, 5, 2, 4)}
M(A) = 
[[1, 3, 4, 5, 2], [1, 4, 3, 5, 2], [4, 1, 3, 5, 2], [4, 5, 1, 3, 2], [4, 5, 2, 1, 3]]
Distance: 35
B = 
{(5, 1, 3, 2, 4), (4, 1, 5, 2, 3), (3, 5, 1, 4, 2), (1, 3, 4, 5, 2), (2, 5, 1, 3, 4), (4, 3, 2, 5, 1), (4, 5, 3, 2, 1), (3, 4, 5, 2, 1), (5, 4, 2, 3, 1)}
M(B) = 
[[1, 3, 4, 5, 2], [1, 4, 3, 5, 2], [4, 1, 3, 5, 2], [4, 5, 1, 3, 2], [4, 5, 2, 1, 3]]
Distance: 34
M(A) inter A:
set()
M(B) inter B:
{(4, 5, 3, 2, 1), (3, 4, 5, 2, 1)}

AUB = 
{(1, 3, 4, 2, 5), (5, 1, 3, 2, 4), (5, 4, 2, 3, 1), (1, 5, 3, 2, 4), (1, 3, 5, 2, 4), (2, 4, 1, 3, 5), (2, 5, 1, 3, 4), (5, 1, 4, 2, 3), (4, 2, 1, 3, 5), (4, 5, 2, 1, 3), (4, 1, 5, 2, 3), (4, 3, 2, 5, 1), (3, 5, 1, 4, 2), (1, 3, 4, 5, 2), (4, 5, 3, 2, 1), (3, 2, 5, 4, 1), (2, 1, 4, 3, 5), (3, 4, 5, 2, 1)}
M(AUB) = 
[[1, 3, 4, 5, 2], [1, 4, 3, 5, 2], [4, 1, 3, 5, 2], [4, 5, 1, 3, 2], [4, 5, 2, 1, 3]]
Distance:82

(34)
A = 
{(5, 2, 1, 4, 3), (2, 3, 4, 1, 5), (3, 5, 1, 2, 4), (5, 3, 4, 1, 2), (5, 1, 2, 3, 4), (3, 1, 5, 4, 2), (2, 3, 4, 5, 1), (5, 2, 4, 3, 1), (2, 1, 3, 4, 5)}
M(A) = 
[[3, 5, 1, 2, 4]]
Distance: 32
B = 
{(4, 3, 5, 1, 2), (5, 4, 3, 1, 2), (3, 1, 4, 2, 5), (3, 5, 4, 1, 2), (2, 5, 1, 4, 3), (5, 1, 4, 3, 2), (2, 5, 4, 3, 1), (1, 4, 3, 2, 5), (2, 1, 4, 3, 5)}
M(B) = 
[[3, 5, 1, 2, 4]]
Distance: 37
M(A) inter A:
set()
M(B) inter B:
{(5, 1, 4, 3, 2), (4, 3, 5, 1, 2), (5, 4, 3, 1, 2)}

AUB = 
{(2, 5, 4, 3, 1), (5, 1, 4, 3, 2), (5, 2, 1, 4, 3), (2, 3, 4, 1, 5), (2, 5, 1, 4, 3), (5, 4, 3, 1, 2), (3, 1, 4, 2, 5), (2, 1, 3, 4, 5), (5, 3, 4, 1, 2), (5, 1, 2, 3, 4), (3, 1, 5, 4, 2), (2, 3, 4, 5, 1), (5, 2, 4, 3, 1), (2, 1, 4, 3, 5), (3, 5, 1, 2, 4), (1, 4, 3, 2, 5), (3, 5, 4, 1, 2), (4, 3, 5, 1, 2)}
M(AUB) = 
[[3, 5, 1, 2, 4]]
Distance:78

(35)
A = 
{(2, 3, 4, 1, 5), (5, 4, 3, 1, 2), (3, 2, 1, 4, 5), (3, 5, 1, 4, 2), (2, 5, 3, 1, 4), (4, 3, 1, 2, 5), (4, 5, 3, 1, 2), (1, 4, 5, 3, 2), (4, 5, 2, 3, 1)}
M(A) = 
[[4, 5, 2, 3, 1], [5, 4, 2, 3, 1]]
Distance: 34
B = 
{(3, 5, 2, 4, 1), (5, 2, 4, 1, 3), (1, 5, 2, 4, 3), (5, 2, 3, 1, 4), (4, 1, 2, 5, 3), (2, 3, 5, 1, 4), (4, 3, 2, 5, 1), (1, 4, 2, 3, 5), (5, 4, 2, 3, 1)}
M(B) = 
[[4, 5, 2, 3, 1], [5, 4, 2, 3, 1]]
Distance: 34
M(A) inter A:
set()
M(B) inter B:
set()

AUB = 
{(3, 5, 2, 4, 1), (5, 2, 4, 1, 3), (2, 3, 4, 1, 5), (5, 2, 3, 1, 4), (5, 4, 3, 1, 2), (2, 3, 5, 1, 4), (4, 1, 2, 5, 3), (3, 2, 1, 4, 5), (3, 5, 1, 4, 2), (2, 5, 3, 1, 4), (4, 5, 2, 3, 1), (4, 5, 3, 1, 2), (4, 3, 2, 5, 1), (1, 4, 5, 3, 2), (4, 3, 1, 2, 5), (1, 5, 2, 4, 3), (1, 4, 2, 3, 5), (5, 4, 2, 3, 1)}
M(AUB) = 
[[4, 5, 2, 3, 1], [5, 4, 2, 3, 1]]
Distance:76

(36)
A = 
{(5, 3, 4, 2, 1), (2, 4, 1, 5, 3), (1, 5, 4, 2, 3), (1, 2, 5, 4, 3), (4, 1, 5, 3, 2), (5, 2, 4, 1, 3), (4, 2, 3, 1, 5), (4, 5, 2, 1, 3), (2, 5, 4, 3, 1)}
M(A) = 
[[4, 1, 5, 2, 3]]
Distance: 29
B = 
{(1, 2, 4, 5, 3), (3, 1, 2, 5, 4), (3, 1, 2, 4, 5), (5, 3, 1, 4, 2), (4, 1, 3, 5, 2), (5, 2, 4, 3, 1), (1, 3, 4, 5, 2), (5, 4, 2, 3, 1), (2, 4, 5, 3, 1)}
M(B) = 
[[4, 1, 5, 2, 3]]
Distance: 41
M(A) inter A:
set()
M(B) inter B:
{(3, 1, 2, 4, 5)}

AUB = 
{(5, 4, 2, 3, 1), (4, 5, 2, 1, 3), (2, 4, 1, 5, 3), (1, 5, 4, 2, 3), (4, 1, 3, 5, 2), (3, 1, 2, 4, 5), (5, 3, 1, 4, 2), (5, 2, 4, 1, 3), (4, 1, 5, 3, 2), (1, 2, 5, 4, 3), (4, 2, 3, 1, 5), (5, 3, 4, 2, 1), (2, 5, 4, 3, 1), (1, 3, 4, 5, 2), (2, 4, 5, 3, 1), (3, 1, 2, 5, 4), (1, 2, 4, 5, 3), (5, 2, 4, 3, 1)}
M(AUB) = 
[[4, 1, 5, 2, 3]]
Distance:76

(37)
A = 
{(5, 4, 2, 1, 3), (2, 1, 4, 5, 3), (5, 2, 3, 1, 4), (4, 1, 5, 2, 3), (4, 3, 1, 2, 5), (3, 1, 5, 4, 2), (4, 5, 2, 3, 1), (1, 4, 2, 3, 5), (1, 5, 2, 3, 4)}
M(A) = 
[[1, 4, 5, 2, 3], [1, 5, 4, 2, 3], [4, 1, 5, 2, 3]]
Distance: 33
B = 
{(2, 4, 5, 1, 3), (1, 2, 5, 3, 4), (4, 2, 1, 5, 3), (5, 4, 3, 1, 2), (3, 2, 4, 1, 5), (5, 3, 1, 4, 2), (5, 2, 4, 1, 3), (3, 1, 4, 5, 2), (1, 2, 3, 5, 4)}
M(B) = 
[[1, 4, 5, 2, 3], [1, 5, 4, 2, 3], [4, 1, 5, 2, 3]]
Distance: 40
M(A) inter A:
set()
M(B) inter B:
{(1, 2, 5, 3, 4)}

AUB = 
{(5, 4, 2, 1, 3), (2, 1, 4, 5, 3), (1, 2, 5, 3, 4), (5, 2, 3, 1, 4), (1, 2, 3, 5, 4), (4, 1, 5, 2, 3), (5, 3, 1, 4, 2), (3, 2, 4, 1, 5), (5, 2, 4, 1, 3), (4, 2, 1, 5, 3), (2, 4, 5, 1, 3), (4, 5, 2, 3, 1), (5, 4, 3, 1, 2), (3, 1, 5, 4, 2), (4, 3, 1, 2, 5), (3, 1, 4, 5, 2), (1, 4, 2, 3, 5), (1, 5, 2, 3, 4)}
M(AUB) = 
[[1, 4, 5, 2, 3], [1, 5, 4, 2, 3], [4, 1, 5, 2, 3]]
Distance:77

(38)
A = 
{(4, 1, 2, 3, 5), (2, 3, 1, 4, 5), (2, 1, 5, 3, 4), (2, 5, 4, 1, 3), (5, 3, 4, 1, 2), (2, 3, 5, 4, 1), (5, 3, 1, 4, 2), (3, 2, 4, 5, 1), (1, 3, 2, 5, 4)}
M(A) = 
[[2, 1, 3, 5, 4]]
Distance: 34
B = 
{(2, 4, 5, 1, 3), (2, 1, 5, 4, 3), (1, 5, 4, 3, 2), (2, 1, 3, 5, 4), (4, 3, 5, 2, 1), (3, 1, 4, 5, 2), (1, 5, 2, 4, 3), (2, 4, 3, 5, 1), (2, 1, 4, 3, 5)}
M(B) = 
[[2, 1, 3, 5, 4]]
Distance: 32
M(A) inter A:
set()
M(B) inter B:
{(2, 1, 4, 3, 5)}

AUB = 
{(4, 1, 2, 3, 5), (2, 4, 5, 1, 3), (2, 3, 1, 4, 5), (2, 1, 5, 3, 4), (5, 3, 4, 1, 2), (2, 5, 4, 1, 3), (2, 1, 3, 5, 4), (1, 5, 4, 3, 2), (2, 4, 3, 5, 1), (2, 3, 5, 4, 1), (5, 3, 1, 4, 2), (1, 5, 2, 4, 3), (2, 1, 5, 4, 3), (3, 2, 4, 5, 1), (2, 1, 4, 3, 5), (1, 3, 2, 5, 4), (4, 3, 5, 2, 1), (3, 1, 4, 5, 2)}
M(AUB) = 
[[2, 1, 3, 5, 4]]
Distance:75

(39)
A = 
{(5, 1, 2, 3, 4), (2, 1, 5, 4, 3), (3, 1, 2, 4, 5), (4, 1, 3, 5, 2), (3, 5, 4, 2, 1), (4, 2, 3, 5, 1), (3, 4, 2, 5, 1), (2, 1, 3, 4, 5), (4, 2, 5, 3, 1)}
M(A) = 
[[2, 3, 4, 1, 5]]
Distance: 37
B = 
{(5, 4, 1, 2, 3), (3, 4, 1, 5, 2), (2, 1, 3, 5, 4), (3, 4, 1, 2, 5), (2, 5, 4, 1, 3), (1, 2, 4, 5, 3), (5, 1, 3, 2, 4), (3, 1, 2, 4, 5), (3, 2, 4, 1, 5)}
M(B) = 
[[2, 3, 4, 1, 5]]
Distance: 36
M(A) inter A:
set()
M(B) inter B:
set()

AUB = 
{(3, 5, 4, 2, 1), (5, 4, 1, 2, 3), (2, 1, 5, 4, 3), (3, 4, 1, 5, 2), (3, 1, 2, 4, 5), (2, 5, 4, 1, 3), (3, 4, 1, 2, 5), (4, 1, 3, 5, 2), (1, 2, 4, 5, 3), (5, 1, 3, 2, 4), (5, 1, 2, 3, 4), (2, 1, 3, 5, 4), (4, 2, 5, 3, 1), (3, 4, 2, 5, 1), (2, 1, 3, 4, 5), (3, 2, 4, 1, 5), (4, 2, 3, 5, 1)}
M(AUB) = 
[[2, 3, 4, 1, 5]]
Distance:75

(40)
A = 
{(4, 1, 2, 3, 5), (2, 1, 3, 5, 4), (2, 5, 4, 1, 3), (4, 1, 5, 3, 2), (3, 5, 4, 2, 1), (5, 3, 1, 4, 2), (2, 4, 3, 5, 1), (3, 2, 4, 5, 1), (3, 4, 5, 2, 1)}
M(A) = 
[[5, 2, 4, 1, 3], [5, 4, 1, 2, 3], [5, 4, 1, 3, 2], [5, 4, 2, 1, 3]]
Distance: 35
B = 
{(4, 1, 3, 2, 5), (1, 5, 4, 2, 3), (5, 4, 3, 1, 2), (2, 1, 5, 3, 4), (5, 1, 2, 4, 3), (4, 5, 1, 3, 2), (1, 5, 2, 4, 3), (3, 2, 5, 4, 1), (5, 2, 4, 3, 1)}
M(B) = 
[[5, 2, 4, 1, 3], [5, 4, 1, 2, 3], [5, 4, 1, 3, 2], [5, 4, 2, 1, 3]]
Distance: 32
M(A) inter A:
set()
M(B) inter B:
{(5, 1, 2, 4, 3)}

AUB = 
{(4, 1, 2, 3, 5), (4, 1, 3, 2, 5), (3, 4, 5, 2, 1), (5, 1, 2, 4, 3), (1, 5, 4, 2, 3), (5, 4, 3, 1, 2), (3, 2, 5, 4, 1), (2, 1, 3, 5, 4), (4, 1, 5, 3, 2), (2, 5, 4, 1, 3), (5, 2, 4, 3, 1), (3, 5, 4, 2, 1), (2, 1, 5, 3, 4), (4, 5, 1, 3, 2), (5, 3, 1, 4, 2), (1, 5, 2, 4, 3), (2, 4, 3, 5, 1), (3, 2, 4, 5, 1)}
M(AUB) = 
[[5, 2, 4, 1, 3], [5, 4, 1, 2, 3], [5, 4, 1, 3, 2], [5, 4, 2, 1, 3]]
Distance:78

(41)
A = 
{(2, 3, 1, 5, 4), (2, 1, 4, 5, 3), (3, 4, 1, 5, 2), (1, 5, 2, 3, 4), (2, 4, 3, 1, 5), (1, 3, 4, 5, 2), (5, 3, 2, 4, 1), (3, 1, 4, 2, 5), (4, 5, 3, 1, 2)}
M(A) = 
[[3, 1, 2, 4, 5], [3, 1, 5, 2, 4]]
Distance: 36
B = 
{(1, 3, 2, 4, 5), (1, 2, 5, 4, 3), (4, 3, 5, 1, 2), (3, 4, 1, 5, 2), (2, 5, 4, 1, 3), (4, 1, 3, 5, 2), (5, 2, 1, 4, 3), (2, 3, 5, 4, 1), (3, 1, 5, 2, 4)}
M(B) = 
[[3, 1, 2, 4, 5], [3, 1, 5, 2, 4]]
Distance: 39
M(A) inter A:
set()
M(B) inter B:
set()

AUB = 
{(1, 3, 2, 4, 5), (5, 3, 2, 4, 1), (1, 2, 5, 4, 3), (5, 2, 1, 4, 3), (2, 1, 4, 5, 3), (3, 4, 1, 5, 2), (1, 5, 2, 3, 4), (2, 5, 4, 1, 3), (2, 4, 3, 1, 5), (1, 3, 4, 5, 2), (4, 1, 3, 5, 2), (2, 3, 1, 5, 4), (3, 1, 4, 2, 5), (4, 5, 3, 1, 2), (3, 1, 5, 2, 4), (4, 3, 5, 1, 2), (2, 3, 5, 4, 1)}
M(AUB) = 
[[3, 1, 2, 4, 5], [3, 1, 5, 2, 4]]
Distance:75

(42)
A = 
{(1, 3, 4, 2, 5), (1, 5, 2, 4, 3), (1, 5, 3, 4, 2), (3, 4, 2, 1, 5), (1, 3, 5, 4, 2), (4, 2, 3, 1, 5), (3, 5, 2, 4, 1), (3, 1, 2, 4, 5), (3, 5, 1, 2, 4)}
M(A) = 
[[3, 1, 5, 2, 4], [3, 1, 5, 4, 2]]
Distance: 30
B = 
{(1, 2, 5, 4, 3), (1, 2, 5, 3, 4), (5, 3, 4, 1, 2), (2, 4, 3, 1, 5), (3, 5, 1, 4, 2), (5, 1, 2, 3, 4), (4, 5, 2, 3, 1), (4, 3, 1, 2, 5), (3, 5, 2, 1, 4)}
M(B) = 
[[3, 1, 5, 2, 4], [3, 1, 5, 4, 2]]
Distance: 38
M(A) inter A:
set()
M(B) inter B:
set()

AUB = 
{(1, 3, 4, 2, 5), (5, 1, 2, 3, 4), (1, 2, 5, 4, 3), (1, 5, 2, 4, 3), (1, 2, 5, 3, 4), (1, 5, 3, 4, 2), (5, 3, 4, 1, 2), (3, 4, 2, 1, 5), (3, 5, 2, 1, 4), (1, 3, 5, 4, 2), (4, 2, 3, 1, 5), (3, 5, 2, 4, 1), (3, 1, 2, 4, 5), (3, 5, 1, 4, 2), (4, 5, 2, 3, 1), (4, 3, 1, 2, 5), (3, 5, 1, 2, 4), (2, 4, 3, 1, 5)}
M(AUB) = 
[[3, 1, 5, 2, 4], [3, 1, 5, 4, 2]]
Distance:71

(43)
A = 
{(3, 1, 5, 2, 4), (1, 2, 5, 3, 4), (2, 1, 5, 3, 4), (3, 2, 1, 4, 5), (5, 3, 2, 4, 1), (2, 3, 5, 4, 1), (5, 2, 4, 3, 1), (1, 3, 5, 2, 4), (5, 4, 2, 3, 1)}
M(A) = 
[[2, 3, 1, 5, 4], [2, 3, 5, 1, 4], [2, 3, 5, 4, 1], [3, 2, 1, 5, 4], [3, 2, 5, 1, 4], [3, 2, 5, 4, 1]]
Distance: 31
B = 
{(4, 3, 5, 1, 2), (3, 2, 1, 5, 4), (5, 4, 3, 1, 2), (2, 1, 3, 5, 4), (3, 4, 1, 2, 5), (5, 1, 3, 2, 4), (2, 3, 4, 5, 1), (2, 4, 5, 3, 1), (2, 1, 4, 3, 5)}
M(B) = 
[[2, 3, 1, 5, 4], [2, 3, 5, 1, 4], [2, 3, 5, 4, 1], [3, 2, 1, 5, 4], [3, 2, 5, 1, 4], [3, 2, 5, 4, 1]]
Distance: 36
M(A) inter A:
set()
M(B) inter B:
set()

AUB = 
{(5, 1, 3, 2, 4), (3, 1, 5, 2, 4), (3, 2, 1, 5, 4), (1, 2, 5, 3, 4), (2, 3, 4, 5, 1), (2, 1, 5, 3, 4), (2, 1, 4, 3, 5), (3, 2, 1, 4, 5), (5, 3, 2, 4, 1), (2, 1, 3, 5, 4), (5, 4, 3, 1, 2), (2, 3, 5, 4, 1), (2, 4, 5, 3, 1), (4, 3, 5, 1, 2), (5, 2, 4, 3, 1), (3, 4, 1, 2, 5), (1, 3, 5, 2, 4), (5, 4, 2, 3, 1)}
M(AUB) = 
[[2, 3, 1, 5, 4], [2, 3, 5, 1, 4], [2, 3, 5, 4, 1], [3, 2, 1, 5, 4], [3, 2, 5, 1, 4], [3, 2, 5, 4, 1]]
Distance:72

(44)
A = 
{(4, 2, 1, 5, 3), (5, 2, 3, 1, 4), (2, 4, 3, 1, 5), (1, 4, 3, 2, 5), (2, 3, 5, 1, 4), (3, 1, 5, 4, 2), (4, 3, 2, 1, 5), (5, 2, 4, 3, 1), (3, 4, 1, 2, 5)}
M(A) = 
[[1, 5, 2, 4, 3], [2, 1, 5, 4, 3], [5, 2, 1, 4, 3], [5, 2, 4, 1, 3], [5, 2, 4, 3, 1]]
Distance: 34
B = 
{(5, 1, 2, 3, 4), (5, 2, 1, 4, 3), (1, 5, 4, 2, 3), (1, 5, 2, 3, 4), (2, 4, 1, 3, 5), (5, 1, 2, 4, 3), (3, 5, 2, 4, 1), (4, 1, 5, 2, 3), (4, 2, 5, 3, 1)}
M(B) = 
[[1, 5, 2, 4, 3], [2, 1, 5, 4, 3], [5, 2, 1, 4, 3], [5, 2, 4, 1, 3], [5, 2, 4, 3, 1]]
Distance: 28
M(A) inter A:
set()
M(B) inter B:
{(5, 1, 2, 4, 3)}

AUB = 
{(5, 1, 2, 3, 4), (5, 2, 1, 4, 3), (1, 5, 4, 2, 3), (5, 2, 3, 1, 4), (4, 2, 1, 5, 3), (1, 5, 2, 3, 4), (2, 4, 1, 3, 5), (2, 4, 3, 1, 5), (5, 1, 2, 4, 3), (2, 3, 5, 1, 4), (4, 1, 5, 2, 3), (3, 1, 5, 4, 2), (3, 5, 2, 4, 1), (4, 3, 2, 1, 5), (1, 4, 3, 2, 5), (3, 4, 1, 2, 5), (5, 2, 4, 3, 1), (4, 2, 5, 3, 1)}
M(AUB) = 
[[1, 5, 2, 4, 3], [2, 1, 5, 4, 3], [5, 2, 1, 4, 3], [5, 2, 4, 1, 3], [5, 2, 4, 3, 1]]
Distance:80

(45)
A = 
{(2, 4, 5, 1, 3), (3, 4, 1, 5, 2), (4, 1, 2, 5, 3), (3, 4, 1, 2, 5), (4, 2, 3, 1, 5), (2, 5, 4, 3, 1), (2, 4, 5, 3, 1), (2, 1, 4, 3, 5), (3, 4, 5, 2, 1)}
M(A) = 
[[3, 2, 4, 1, 5], [3, 4, 2, 1, 5]]
Distance: 28
B = 
{(2, 3, 1, 4, 5), (3, 4, 5, 1, 2), (3, 2, 5, 1, 4), (3, 1, 2, 4, 5), (1, 3, 4, 5, 2), (2, 4, 1, 3, 5), (1, 3, 5, 4, 2), (1, 4, 5, 3, 2), (3, 2, 4, 5, 1)}
M(B) = 
[[3, 2, 4, 1, 5], [3, 4, 2, 1, 5]]
Distance: 29
M(A) inter A:
set()
M(B) inter B:
{(3, 1, 2, 4, 5)}

AUB = 
{(2, 4, 5, 1, 3), (2, 3, 1, 4, 5), (3, 4, 5, 1, 2), (3, 4, 1, 5, 2), (4, 1, 2, 5, 3), (2, 4, 1, 3, 5), (3, 4, 1, 2, 5), (1, 3, 4, 5, 2), (4, 2, 3, 1, 5), (3, 1, 2, 4, 5), (3, 2, 4, 5, 1), (2, 5, 4, 3, 1), (1, 4, 5, 3, 2), (3, 2, 5, 1, 4), (2, 4, 5, 3, 1), (2, 1, 4, 3, 5), (3, 4, 5, 2, 1), (1, 3, 5, 4, 2)}
M(AUB) = 
[[3, 2, 4, 1, 5], [3, 4, 2, 1, 5]]
Distance:68

(46)
A = 
{(4, 1, 3, 2, 5), (3, 1, 2, 4, 5), (3, 4, 2, 1, 5), (4, 2, 3, 1, 5), (2, 5, 1, 3, 4), (2, 3, 5, 4, 1), (4, 5, 3, 1, 2), (3, 4, 2, 5, 1), (5, 4, 2, 3, 1)}
M(A) = 
[[3, 4, 1, 2, 5], [3, 4, 2, 1, 5], [3, 4, 2, 5, 1]]
Distance: 30
B = 
{(1, 3, 2, 4, 5), (4, 1, 2, 3, 5), (2, 4, 5, 1, 3), (3, 4, 1, 5, 2), (5, 4, 3, 1, 2), (1, 5, 2, 3, 4), (2, 3, 5, 1, 4), (1, 5, 3, 4, 2), (4, 5, 2, 3, 1)}
M(B) = 
[[3, 4, 1, 2, 5], [3, 4, 2, 1, 5], [3, 4, 2, 5, 1]]
Distance: 40
M(A) inter A:
set()
M(B) inter B:
set()

AUB = 
{(4, 1, 3, 2, 5), (1, 3, 2, 4, 5), (2, 4, 5, 1, 3), (5, 4, 3, 1, 2), (3, 4, 1, 5, 2), (2, 3, 5, 1, 4), (3, 1, 2, 4, 5), (3, 4, 2, 1, 5), (4, 2, 3, 1, 5), (2, 5, 1, 3, 4), (1, 5, 2, 3, 4), (2, 3, 5, 4, 1), (4, 1, 2, 3, 5), (4, 5, 2, 3, 1), (4, 5, 3, 1, 2), (3, 4, 2, 5, 1), (1, 5, 3, 4, 2), (5, 4, 2, 3, 1)}
M(AUB) = 
[[3, 4, 1, 2, 5], [3, 4, 2, 1, 5], [3, 4, 2, 5, 1]]
Distance:77

(47)
A = 
{(5, 4, 1, 2, 3), (3, 2, 1, 5, 4), (3, 4, 1, 5, 2), (4, 1, 5, 3, 2), (2, 5, 1, 3, 4), (4, 5, 1, 3, 2), (5, 2, 3, 4, 1), (5, 2, 1, 3, 4), (1, 3, 5, 2, 4)}
M(A) = 
[[5, 1, 3, 4, 2], [5, 3, 4, 1, 2]]
Distance: 35
B = 
{(5, 1, 3, 4, 2), (4, 1, 2, 5, 3), (5, 3, 4, 1, 2), (5, 3, 4, 2, 1), (1, 3, 5, 4, 2), (3, 5, 2, 4, 1), (1, 4, 5, 2, 3), (3, 1, 5, 4, 2), (2, 3, 5, 4, 1)}
M(B) = 
[[5, 1, 3, 4, 2], [5, 3, 4, 1, 2]]
Distance: 30
M(A) inter A:
set()
M(B) inter B:
{(5, 3, 4, 1, 2)}

AUB = 
{(5, 1, 3, 4, 2), (5, 4, 1, 2, 3), (3, 4, 1, 5, 2), (3, 2, 1, 5, 4), (4, 1, 2, 5, 3), (5, 3, 4, 1, 2), (5, 3, 4, 2, 1), (4, 1, 5, 3, 2), (2, 5, 1, 3, 4), (1, 4, 5, 2, 3), (4, 5, 1, 3, 2), (3, 5, 2, 4, 1), (3, 1, 5, 4, 2), (5, 2, 3, 4, 1), (5, 2, 1, 3, 4), (1, 3, 5, 2, 4), (1, 3, 5, 4, 2), (2, 3, 5, 4, 1)}
M(AUB) = 
[[5, 1, 3, 4, 2], [5, 3, 4, 1, 2]]
Distance:68

(48)
A = 
{(2, 4, 5, 1, 3), (1, 5, 4, 2, 3), (1, 2, 3, 5, 4), (4, 1, 5, 3, 2), (5, 2, 4, 1, 3), (5, 1, 2, 3, 4), (1, 4, 2, 5, 3), (5, 4, 3, 2, 1), (5, 3, 2, 1, 4)}
M(A) = 
[[5, 2, 1, 4, 3]]
Distance: 31
B = 
{(4, 5, 2, 1, 3), (5, 2, 1, 4, 3), (2, 1, 5, 4, 3), (3, 2, 5, 1, 4), (2, 1, 5, 3, 4), (2, 4, 1, 3, 5), (5, 3, 4, 1, 2), (5, 1, 3, 2, 4), (1, 4, 2, 3, 5)}
M(B) = 
[[5, 2, 1, 4, 3]]
Distance: 32
M(A) inter A:
set()
M(B) inter B:
set()

AUB = 
{(4, 5, 2, 1, 3), (2, 4, 5, 1, 3), (5, 2, 1, 4, 3), (1, 5, 4, 2, 3), (3, 2, 5, 1, 4), (1, 2, 3, 5, 4), (2, 1, 5, 3, 4), (5, 3, 4, 1, 2), (2, 4, 1, 3, 5), (4, 1, 5, 3, 2), (5, 2, 4, 1, 3), (5, 1, 3, 2, 4), (5, 1, 2, 3, 4), (1, 4, 2, 5, 3), (2, 1, 5, 4, 3), (5, 4, 3, 2, 1), (5, 3, 2, 1, 4), (1, 4, 2, 3, 5)}
M(AUB) = 
[[5, 2, 1, 4, 3]]
Distance:65

(49)
A = 
{(1, 2, 4, 5, 3), (1, 5, 2, 4, 3), (1, 5, 3, 2, 4), (1, 3, 5, 4, 2), (2, 3, 5, 1, 4), (1, 4, 3, 5, 2), (4, 3, 1, 2, 5), (3, 2, 5, 4, 1), (1, 3, 5, 2, 4)}
M(A) = 
[[1, 3, 5, 2, 4]]
Distance: 29
B = 
{(5, 1, 3, 4, 2), (5, 4, 3, 1, 2), (5, 2, 1, 3, 4), (3, 1, 2, 4, 5), (3, 4, 2, 1, 5), (3, 5, 1, 4, 2), (3, 5, 2, 4, 1), (1, 4, 5, 3, 2), (1, 3, 5, 2, 4)}
M(B) = 
[[1, 3, 5, 2, 4]]
Distance: 30
M(A) inter A:
set()
M(B) inter B:
{(3, 5, 1, 4, 2)}

AUB = 
{(5, 1, 3, 4, 2), (1, 2, 4, 5, 3), (1, 5, 2, 4, 3), (5, 2, 1, 3, 4), (5, 4, 3, 1, 2), (1, 5, 3, 2, 4), (3, 5, 1, 4, 2), (3, 4, 2, 1, 5), (1, 3, 5, 4, 2), (1, 4, 5, 3, 2), (2, 3, 5, 1, 4), (3, 1, 2, 4, 5), (1, 4, 3, 5, 2), (3, 5, 2, 4, 1), (4, 3, 1, 2, 5), (3, 2, 5, 4, 1), (1, 3, 5, 2, 4)}
M(AUB) = 
[[1, 3, 5, 2, 4]]
Distance:62

(50)
A = 
{(5, 4, 2, 1, 3), (2, 3, 4, 1, 5), (2, 1, 3, 5, 4), (2, 4, 1, 3, 5), (5, 2, 1, 4, 3), (4, 2, 1, 3, 5), (5, 1, 3, 2, 4), (2, 3, 5, 4, 1), (4, 5, 1, 3, 2)}
M(A) = 
[[2, 1, 3, 4, 5], [2, 1, 4, 3, 5]]
Distance: 33
B = 
{(1, 3, 4, 2, 5), (2, 1, 3, 4, 5), (2, 1, 4, 3, 5), (1, 2, 4, 3, 5), (5, 1, 2, 4, 3), (2, 5, 3, 1, 4), (4, 3, 1, 2, 5), (5, 3, 2, 1, 4), (3, 4, 1, 2, 5)}
M(B) = 
[[2, 1, 3, 4, 5], [2, 1, 4, 3, 5]]
Distance: 32
M(A) inter A:
set()
M(B) inter B:
set()

AUB = 
{(1, 3, 4, 2, 5), (2, 5, 3, 1, 4), (5, 4, 2, 1, 3), (2, 3, 4, 1, 5), (2, 1, 3, 5, 4), (2, 1, 4, 3, 5), (2, 4, 1, 3, 5), (5, 1, 2, 4, 3), (5, 2, 1, 4, 3), (4, 2, 1, 3, 5), (5, 3, 2, 1, 4), (5, 1, 3, 2, 4), (2, 3, 5, 4, 1), (4, 3, 1, 2, 5), (4, 5, 1, 3, 2), (3, 4, 1, 2, 5), (2, 1, 3, 4, 5), (1, 2, 4, 3, 5)}
M(AUB) = 
[[2, 1, 3, 4, 5], [2, 1, 4, 3, 5]]
Distance:71

(51)
A = 
{(2, 4, 5, 1, 3), (5, 2, 3, 1, 4), (3, 4, 1, 5, 2), (3, 1, 4, 2, 5), (3, 5, 1, 2, 4), (3, 5, 4, 2, 1), (2, 3, 5, 4, 1), (1, 4, 2, 3, 5), (1, 3, 5, 2, 4)}
M(A) = 
[[3, 5, 1, 2, 4], [3, 5, 4, 1, 2]]
Distance: 35
B = 
{(1, 2, 4, 5, 3), (3, 1, 5, 2, 4), (5, 4, 1, 3, 2), (2, 1, 3, 4, 5), (5, 3, 4, 1, 2), (4, 3, 1, 2, 5), (4, 3, 5, 1, 2), (5, 2, 3, 4, 1), (3, 5, 1, 2, 4)}
M(B) = 
[[3, 5, 1, 2, 4], [3, 5, 4, 1, 2]]
Distance: 36
M(A) inter A:
{(3, 5, 1, 2, 4)}
M(B) inter B:
{(3, 5, 1, 2, 4)}

AUB = 
{(2, 4, 5, 1, 3), (5, 4, 1, 3, 2), (3, 1, 5, 2, 4), (3, 4, 1, 5, 2), (5, 2, 3, 1, 4), (3, 1, 4, 2, 5), (1, 3, 5, 2, 4), (5, 3, 4, 1, 2), (1, 2, 4, 5, 3), (3, 5, 4, 2, 1), (4, 3, 1, 2, 5), (2, 3, 5, 4, 1), (2, 1, 3, 4, 5), (4, 3, 5, 1, 2), (1, 4, 2, 3, 5), (3, 5, 1, 2, 4), (5, 2, 3, 4, 1)}
M(AUB) = 
[[3, 5, 1, 2, 4], [3, 5, 4, 1, 2]]
Distance:71

(52)
A = 
{(5, 3, 4, 2, 1), (3, 4, 1, 5, 2), (3, 2, 1, 5, 4), (2, 1, 5, 3, 4), (5, 1, 4, 2, 3), (3, 5, 4, 1, 2), (3, 5, 4, 2, 1), (1, 2, 3, 5, 4), (3, 4, 2, 5, 1)}
M(A) = 
[[3, 1, 5, 4, 2]]
Distance: 31
B = 
{(3, 1, 5, 2, 4), (1, 5, 2, 3, 4), (2, 4, 1, 3, 5), (4, 2, 3, 1, 5), (2, 1, 3, 5, 4), (3, 1, 5, 4, 2), (4, 2, 1, 3, 5), (1, 4, 5, 3, 2), (5, 4, 3, 2, 1)}
M(B) = 
[[3, 1, 5, 4, 2]]
Distance: 39
M(A) inter A:
set()
M(B) inter B:
{(2, 1, 3, 5, 4), (4, 2, 1, 3, 5)}

AUB = 
{(3, 5, 4, 2, 1), (3, 1, 5, 2, 4), (3, 2, 1, 5, 4), (3, 4, 1, 5, 2), (2, 1, 5, 3, 4), (3, 5, 4, 1, 2), (2, 4, 1, 3, 5), (5, 1, 4, 2, 3), (4, 2, 3, 1, 5), (2, 1, 3, 5, 4), (5, 3, 4, 2, 1), (1, 5, 2, 3, 4), (1, 2, 3, 5, 4), (4, 2, 1, 3, 5), (1, 4, 5, 3, 2), (3, 1, 5, 4, 2), (3, 4, 2, 5, 1), (5, 4, 3, 2, 1)}
M(AUB) = 
[[3, 1, 5, 4, 2]]
Distance:74

(53)
A = 
{(1, 3, 2, 4, 5), (1, 2, 5, 3, 4), (3, 4, 1, 5, 2), (5, 4, 3, 1, 2), (1, 5, 4, 3, 2), (1, 2, 4, 3, 5), (1, 3, 4, 5, 2), (2, 3, 1, 5, 4), (2, 4, 3, 5, 1)}
M(A) = 
[[1, 4, 2, 3, 5], [4, 1, 2, 3, 5], [4, 2, 3, 1, 5], [4, 2, 3, 5, 1], [4, 3, 1, 2, 5]]
Distance: 34
B = 
{(4, 1, 2, 3, 5), (5, 4, 1, 2, 3), (4, 3, 5, 1, 2), (3, 5, 1, 4, 2), (2, 5, 3, 1, 4), (2, 5, 4, 3, 1), (4, 5, 2, 3, 1), (2, 3, 1, 4, 5), (4, 2, 3, 5, 1)}
M(B) = 
[[1, 4, 2, 3, 5], [4, 1, 2, 3, 5], [4, 2, 3, 1, 5], [4, 2, 3, 5, 1], [4, 3, 1, 2, 5]]
Distance: 31
M(A) inter A:
set()
M(B) inter B:
{(4, 2, 3, 5, 1)}

AUB = 
{(1, 3, 2, 4, 5), (4, 1, 2, 3, 5), (5, 4, 1, 2, 3), (4, 3, 5, 1, 2), (3, 4, 1, 5, 2), (1, 2, 5, 3, 4), (2, 3, 1, 4, 5), (1, 5, 4, 3, 2), (3, 5, 1, 4, 2), (1, 2, 4, 3, 5), (1, 3, 4, 5, 2), (2, 3, 1, 5, 4), (5, 4, 3, 1, 2), (2, 5, 4, 3, 1), (4, 5, 2, 3, 1), (2, 5, 3, 1, 4), (2, 4, 3, 5, 1), (4, 2, 3, 5, 1)}
M(AUB) = 
[[1, 4, 2, 3, 5], [4, 1, 2, 3, 5], [4, 2, 3, 1, 5], [4, 2, 3, 5, 1], [4, 3, 1, 2, 5]]
Distance:82

(54)
A = 
{(2, 1, 5, 4, 3), (5, 2, 1, 3, 4), (1, 5, 3, 4, 2), (5, 3, 2, 1, 4), (5, 1, 2, 3, 4), (2, 3, 5, 4, 1), (5, 2, 3, 4, 1), (2, 1, 4, 3, 5), (3, 2, 5, 4, 1)}
M(A) = 
[[2, 3, 5, 1, 4], [2, 5, 1, 3, 4]]
Distance: 26
B = 
{(4, 1, 3, 2, 5), (4, 3, 1, 5, 2), (1, 5, 3, 4, 2), (5, 1, 4, 2, 3), (3, 5, 2, 4, 1), (2, 3, 4, 5, 1), (1, 4, 3, 2, 5), (2, 1, 3, 4, 5), (2, 4, 5, 3, 1)}
M(B) = 
[[2, 3, 5, 1, 4], [2, 5, 1, 3, 4]]
Distance: 38
M(A) inter A:
set()
M(B) inter B:
{(4, 1, 3, 2, 5)}

AUB = 
{(4, 1, 3, 2, 5), (3, 5, 2, 4, 1), (2, 1, 3, 4, 5), (2, 1, 5, 4, 3), (5, 2, 1, 3, 4), (2, 3, 4, 5, 1), (1, 5, 3, 4, 2), (2, 1, 4, 3, 5), (5, 1, 4, 2, 3), (1, 4, 3, 2, 5), (5, 1, 2, 3, 4), (2, 3, 5, 4, 1), (2, 4, 5, 3, 1), (4, 3, 1, 5, 2), (5, 2, 3, 4, 1), (5, 3, 2, 1, 4), (3, 2, 5, 4, 1)}
M(AUB) = 
[[2, 3, 5, 1, 4], [2, 5, 1, 3, 4]]
Distance:72

(55)
A = 
{(2, 1, 5, 4, 3), (3, 4, 1, 5, 2), (1, 2, 4, 3, 5), (3, 1, 5, 4, 2), (4, 2, 3, 1, 5), (2, 5, 3, 4, 1), (3, 1, 5, 2, 4), (5, 4, 3, 2, 1), (2, 1, 4, 3, 5)}
M(A) = 
[[1, 2, 4, 3, 5], [1, 4, 2, 3, 5], [1, 4, 3, 2, 5], [2, 1, 4, 3, 5], [2, 3, 1, 4, 5], [2, 4, 3, 1, 5], [3, 1, 2, 4, 5], [3, 1, 4, 2, 5], [3, 2, 1, 4, 5], [4, 2, 3, 1, 5], [4, 3, 1, 2, 5], [4, 3, 2, 1, 5]]
Distance: 37
B = 
{(1, 3, 4, 2, 5), (1, 5, 2, 3, 4), (1, 2, 3, 4, 5), (5, 3, 4, 2, 1), (2, 5, 4, 3, 1), (1, 4, 3, 5, 2), (4, 3, 2, 1, 5), (2, 4, 3, 5, 1), (1, 4, 3, 2, 5)}
M(B) = 
[[1, 2, 4, 3, 5], [1, 4, 2, 3, 5], [1, 4, 3, 2, 5], [2, 1, 4, 3, 5], [2, 3, 1, 4, 5], [2, 4, 3, 1, 5], [3, 1, 2, 4, 5], [3, 1, 4, 2, 5], [3, 2, 1, 4, 5], [4, 2, 3, 1, 5], [4, 3, 1, 2, 5], [4, 3, 2, 1, 5]]
Distance: 36
M(A) inter A:
set()
M(B) inter B:
{(1, 4, 3, 2, 5)}

AUB = 
{(1, 3, 4, 2, 5), (2, 1, 5, 4, 3), (3, 4, 1, 5, 2), (1, 5, 2, 3, 4), (2, 5, 4, 3, 1), (1, 2, 4, 3, 5), (4, 2, 3, 1, 5), (1, 4, 3, 2, 5), (5, 3, 4, 2, 1), (3, 1, 5, 4, 2), (2, 4, 3, 5, 1), (1, 4, 3, 5, 2), (3, 1, 5, 2, 4), (4, 3, 2, 1, 5), (2, 5, 3, 4, 1), (5, 4, 3, 2, 1), (2, 1, 4, 3, 5), (1, 2, 3, 4, 5)}
M(AUB) = 
[[1, 2, 4, 3, 5], [1, 4, 2, 3, 5], [1, 4, 3, 2, 5], [2, 1, 4, 3, 5], [2, 3, 1, 4, 5], [2, 4, 3, 1, 5], [3, 1, 2, 4, 5], [3, 1, 4, 2, 5], [3, 2, 1, 4, 5], [4, 2, 3, 1, 5], [4, 3, 1, 2, 5], [4, 3, 2, 1, 5]]
Distance:79

(56)
A = 
{(1, 3, 2, 4, 5), (2, 4, 1, 5, 3), (4, 3, 1, 5, 2), (1, 2, 5, 3, 4), (5, 3, 1, 4, 2), (4, 5, 2, 1, 3), (4, 2, 3, 5, 1), (4, 3, 1, 2, 5), (4, 2, 5, 3, 1)}
M(A) = 
[[2, 3, 4, 1, 5], [3, 2, 4, 1, 5], [3, 4, 2, 1, 5]]
Distance: 35
B = 
{(2, 3, 1, 4, 5), (2, 1, 3, 5, 4), (1, 2, 3, 4, 5), (2, 1, 5, 3, 4), (3, 4, 2, 1, 5), (4, 3, 2, 1, 5), (3, 1, 5, 2, 4), (3, 4, 2, 5, 1), (3, 2, 4, 1, 5)}
M(B) = 
[[2, 3, 4, 1, 5], [3, 2, 4, 1, 5], [3, 4, 2, 1, 5]]
Distance: 23
M(A) inter A:
set()
M(B) inter B:
set()

AUB = 
{(1, 3, 2, 4, 5), (2, 4, 1, 5, 3), (4, 3, 1, 5, 2), (3, 2, 4, 1, 5), (1, 2, 5, 3, 4), (2, 1, 3, 5, 4), (1, 2, 3, 4, 5), (5, 3, 1, 4, 2), (4, 3, 2, 1, 5), (4, 5, 2, 1, 3), (2, 1, 5, 3, 4), (4, 2, 5, 3, 1), (3, 1, 5, 2, 4), (4, 3, 1, 2, 5), (2, 3, 1, 4, 5), (3, 4, 2, 5, 1), (3, 4, 2, 1, 5), (4, 2, 3, 5, 1)}
M(AUB) = 
[[2, 3, 4, 1, 5], [3, 2, 4, 1, 5], [3, 4, 2, 1, 5]]
Distance:67

(57)
A = 
{(5, 2, 1, 3, 4), (4, 3, 2, 5, 1), (1, 2, 4, 3, 5), (5, 1, 2, 3, 4), (2, 1, 5, 3, 4), (1, 4, 2, 5, 3), (2, 5, 4, 3, 1), (3, 1, 4, 5, 2), (4, 2, 3, 5, 1)}
M(A) = 
[[1, 2, 3, 4, 5], [1, 2, 4, 3, 5], [2, 1, 3, 4, 5], [2, 1, 4, 3, 5]]
Distance: 37
B = 
{(4, 3, 5, 1, 2), (1, 2, 3, 5, 4), (3, 2, 5, 1, 4), (4, 1, 2, 5, 3), (1, 2, 3, 4, 5), (2, 3, 1, 5, 4), (1, 4, 5, 2, 3), (4, 2, 5, 1, 3), (3, 2, 1, 4, 5)}
M(B) = 
[[1, 2, 3, 4, 5], [1, 2, 4, 3, 5], [2, 1, 3, 4, 5], [2, 1, 4, 3, 5]]
Distance: 33
M(A) inter A:
set()
M(B) inter B:
{(1, 2, 3, 4, 5)}

AUB = 
{(2, 3, 1, 5, 4), (4, 2, 5, 1, 3), (4, 3, 5, 1, 2), (1, 2, 3, 5, 4), (5, 2, 1, 3, 4), (4, 3, 2, 5, 1), (3, 2, 1, 4, 5), (1, 2, 4, 3, 5), (4, 1, 2, 5, 3), (1, 4, 5, 2, 3), (5, 1, 2, 3, 4), (2, 1, 5, 3, 4), (1, 4, 2, 5, 3), (2, 5, 4, 3, 1), (3, 2, 5, 1, 4), (3, 1, 4, 5, 2), (1, 2, 3, 4, 5), (4, 2, 3, 5, 1)}
M(AUB) = 
[[1, 2, 3, 4, 5], [1, 2, 4, 3, 5], [2, 1, 3, 4, 5], [2, 1, 4, 3, 5]]
Distance:73

(58)
A = 
{(4, 3, 1, 5, 2), (3, 4, 5, 1, 2), (2, 1, 5, 3, 4), (3, 2, 4, 5, 1), (3, 1, 2, 4, 5), (2, 5, 3, 4, 1), (1, 4, 2, 3, 5), (1, 3, 2, 5, 4), (1, 5, 3, 4, 2)}
M(A) = 
[[3, 1, 2, 4, 5]]
Distance: 33
B = 
{(2, 4, 5, 1, 3), (1, 5, 2, 4, 3), (3, 2, 5, 1, 4), (3, 4, 5, 1, 2), (3, 1, 2, 4, 5), (1, 4, 5, 2, 3), (4, 5, 3, 2, 1), (3, 2, 4, 5, 1), (5, 4, 3, 2, 1)}
M(B) = 
[[3, 1, 2, 4, 5]]
Distance: 37
M(A) inter A:
set()
M(B) inter B:
{(4, 5, 3, 2, 1)}

AUB = 
{(2, 4, 5, 1, 3), (4, 3, 1, 5, 2), (3, 2, 5, 1, 4), (3, 4, 5, 1, 2), (2, 1, 5, 3, 4), (1, 5, 3, 4, 2), (3, 1, 2, 4, 5), (1, 4, 5, 2, 3), (2, 5, 3, 4, 1), (5, 4, 3, 2, 1), (4, 5, 3, 2, 1), (1, 5, 2, 4, 3), (3, 2, 4, 5, 1), (1, 3, 2, 5, 4), (1, 4, 2, 3, 5)}
M(AUB) = 
[[3, 1, 2, 4, 5]]
Distance:70

(59)
A = 
{(4, 3, 5, 1, 2), (4, 2, 1, 5, 3), (5, 4, 1, 3, 2), (1, 5, 2, 3, 4), (1, 2, 3, 4, 5), (2, 4, 5, 3, 1), (5, 3, 1, 2, 4), (2, 4, 1, 3, 5), (4, 2, 3, 5, 1)}
M(A) = 
[[4, 1, 2, 3, 5], [4, 2, 3, 1, 5], [4, 3, 1, 2, 5]]
Distance: 37
B = 
{(4, 1, 2, 3, 5), (5, 4, 2, 1, 3), (2, 3, 4, 1, 5), (5, 4, 3, 1, 2), (1, 5, 4, 3, 2), (3, 5, 4, 1, 2), (4, 2, 3, 1, 5), (4, 3, 2, 1, 5), (4, 3, 1, 2, 5)}
M(B) = 
[[4, 1, 2, 3, 5], [4, 2, 3, 1, 5], [4, 3, 1, 2, 5]]
Distance: 29
M(A) inter A:
set()
M(B) inter B:
{(4, 3, 1, 2, 5)}

AUB = 
{(4, 1, 2, 3, 5), (5, 4, 2, 1, 3), (4, 3, 5, 1, 2), (5, 4, 1, 3, 2), (4, 2, 1, 5, 3), (1, 5, 2, 3, 4), (1, 2, 3, 4, 5), (3, 5, 4, 1, 2), (4, 2, 3, 1, 5), (1, 5, 4, 3, 2), (5, 4, 3, 1, 2), (4, 3, 1, 2, 5), (4, 3, 2, 1, 5), (2, 3, 4, 1, 5), (2, 4, 5, 3, 1), (5, 3, 1, 2, 4), (2, 4, 1, 3, 5), (4, 2, 3, 5, 1)}
M(AUB) = 
[[4, 1, 2, 3, 5], [4, 2, 3, 1, 5], [4, 3, 1, 2, 5]]
Distance:72

(60)
A = 
{(2, 4, 1, 5, 3), (3, 2, 1, 5, 4), (3, 2, 4, 1, 5), (3, 5, 4, 1, 2), (5, 2, 4, 3, 1), (2, 3, 5, 4, 1), (1, 4, 2, 3, 5), (1, 4, 3, 2, 5), (3, 4, 5, 2, 1)}
M(A) = 
[[2, 3, 4, 1, 5], [2, 3, 4, 5, 1], [2, 3, 5, 4, 1]]
Distance: 34
B = 
{(2, 5, 3, 1, 4), (5, 2, 4, 1, 3), (2, 3, 1, 4, 5), (1, 2, 3, 5, 4), (4, 3, 2, 5, 1), (3, 4, 2, 1, 5), (2, 4, 5, 1, 3), (2, 3, 1, 5, 4), (2, 5, 4, 3, 1)}
M(B) = 
[[2, 3, 4, 1, 5], [2, 3, 4, 5, 1], [2, 3, 5, 4, 1]]
Distance: 29
M(A) inter A:
{(2, 3, 5, 4, 1)}
M(B) inter B:
set()

AUB = 
{(2, 3, 1, 5, 4), (2, 4, 1, 5, 3), (2, 3, 1, 4, 5), (1, 2, 3, 5, 4), (3, 2, 1, 5, 4), (4, 3, 2, 5, 1), (3, 2, 4, 1, 5), (3, 5, 4, 1, 2), (5, 2, 4, 1, 3), (1, 4, 3, 2, 5), (2, 5, 3, 1, 4), (3, 4, 2, 1, 5), (2, 3, 5, 4, 1), (2, 5, 4, 3, 1), (5, 2, 4, 3, 1), (3, 4, 5, 2, 1), (1, 4, 2, 3, 5), (2, 4, 5, 1, 3)}
M(AUB) = 
[[2, 3, 4, 1, 5], [2, 3, 4, 5, 1], [2, 3, 5, 4, 1]]
Distance:66

(61)
A = 
{(1, 3, 4, 2, 5), (5, 3, 4, 2, 1), (5, 2, 1, 4, 3), (3, 1, 5, 2, 4), (2, 1, 3, 5, 4), (4, 5, 1, 2, 3), (1, 4, 2, 5, 3), (4, 5, 1, 3, 2), (3, 1, 2, 5, 4)}
M(A) = 
[[1, 2, 5, 3, 4], [1, 2, 5, 4, 3]]
Distance: 37
B = 
{(2, 4, 1, 5, 3), (1, 5, 4, 2, 3), (1, 2, 5, 3, 4), (5, 3, 4, 1, 2), (2, 4, 5, 3, 1), (2, 5, 3, 4, 1), (4, 5, 2, 3, 1), (1, 4, 3, 2, 5), (3, 2, 5, 4, 1)}
M(B) = 
[[1, 2, 5, 3, 4], [1, 2, 5, 4, 3]]
Distance: 35
M(A) inter A:
set()
M(B) inter B:
set()

AUB = 
{(1, 3, 4, 2, 5), (4, 5, 1, 2, 3), (5, 2, 1, 4, 3), (3, 1, 5, 2, 4), (1, 2, 5, 3, 4), (1, 5, 4, 2, 3), (2, 1, 3, 5, 4), (5, 3, 4, 1, 2), (2, 4, 1, 5, 3), (5, 3, 4, 2, 1), (2, 5, 3, 4, 1), (1, 4, 2, 5, 3), (4, 5, 1, 3, 2), (4, 5, 2, 3, 1), (3, 1, 2, 5, 4), (2, 4, 5, 3, 1), (3, 2, 5, 4, 1), (1, 4, 3, 2, 5)}
M(AUB) = 
[[1, 2, 5, 3, 4], [1, 2, 5, 4, 3]]
Distance:82

(62)
A = 
{(5, 2, 1, 4, 3), (4, 3, 1, 5, 2), (1, 2, 5, 3, 4), (3, 4, 5, 1, 2), (3, 1, 2, 4, 5), (5, 2, 4, 1, 3), (3, 1, 5, 4, 2), (4, 5, 2, 3, 1), (5, 2, 4, 3, 1)}
M(A) = 
[[3, 5, 2, 4, 1], [5, 2, 3, 4, 1]]
Distance: 38
B = 
{(3, 5, 2, 4, 1), (2, 4, 1, 5, 3), (1, 5, 2, 4, 3), (3, 5, 4, 2, 1), (2, 1, 3, 5, 4), (4, 1, 3, 5, 2), (2, 3, 5, 1, 4), (2, 3, 5, 4, 1), (4, 5, 2, 3, 1)}
M(B) = 
[[3, 5, 2, 4, 1], [5, 2, 3, 4, 1]]
Distance: 34
M(A) inter A:
set()
M(B) inter B:
{(2, 3, 5, 4, 1)}

AUB = 
{(3, 5, 4, 2, 1), (5, 2, 1, 4, 3), (4, 3, 1, 5, 2), (3, 4, 5, 1, 2), (1, 2, 5, 3, 4), (2, 3, 5, 1, 4), (3, 1, 2, 4, 5), (4, 1, 3, 5, 2), (5, 2, 4, 1, 3), (3, 5, 2, 4, 1), (2, 1, 3, 5, 4), (3, 1, 5, 4, 2), (4, 5, 2, 3, 1), (1, 5, 2, 4, 3), (5, 2, 4, 3, 1), (2, 4, 1, 5, 3), (2, 3, 5, 4, 1)}
M(AUB) = 
[[3, 5, 2, 4, 1], [5, 2, 3, 4, 1]]
Distance:72

(63)
A = 
{(3, 5, 4, 2, 1), (2, 1, 4, 5, 3), (3, 2, 5, 1, 4), (2, 3, 5, 1, 4), (2, 3, 4, 5, 1), (4, 5, 3, 2, 1), (2, 4, 5, 3, 1), (2, 1, 3, 4, 5), (1, 4, 2, 3, 5)}
M(A) = 
[[2, 3, 4, 5, 1], [2, 3, 5, 1, 4], [2, 3, 5, 4, 1], [2, 5, 3, 1, 4], [2, 5, 3, 4, 1]]
Distance: 30
B = 
{(3, 1, 5, 2, 4), (1, 5, 3, 2, 4), (2, 4, 1, 3, 5), (2, 5, 4, 1, 3), (2, 5, 1, 3, 4), (2, 5, 4, 3, 1), (1, 4, 5, 3, 2), (3, 4, 5, 2, 1), (5, 2, 3, 4, 1)}
M(B) = 
[[2, 3, 4, 5, 1], [2, 3, 5, 1, 4], [2, 3, 5, 4, 1], [2, 5, 3, 1, 4], [2, 5, 3, 4, 1]]
Distance: 36
M(A) inter A:
set()
M(B) inter B:
{(5, 2, 3, 4, 1)}

AUB = 
{(2, 5, 4, 3, 1), (2, 3, 5, 1, 4), (3, 4, 5, 2, 1), (2, 1, 4, 5, 3), (3, 2, 5, 1, 4), (1, 5, 3, 2, 4), (2, 5, 1, 3, 4), (2, 4, 1, 3, 5), (2, 5, 4, 1, 3), (3, 5, 4, 2, 1), (2, 3, 4, 5, 1), (1, 4, 5, 3, 2), (4, 5, 3, 2, 1), (3, 1, 5, 2, 4), (2, 4, 5, 3, 1), (2, 1, 3, 4, 5), (1, 4, 2, 3, 5), (5, 2, 3, 4, 1)}
M(AUB) = 
[[2, 3, 4, 5, 1], [2, 3, 5, 1, 4], [2, 3, 5, 4, 1], [2, 5, 3, 1, 4], [2, 5, 3, 4, 1]]
Distance:73

(64)
A = 
{(1, 2, 5, 4, 3), (3, 2, 5, 1, 4), (3, 2, 1, 4, 5), (2, 4, 1, 5, 3), (4, 2, 1, 3, 5), (3, 5, 2, 4, 1), (3, 1, 4, 5, 2), (2, 5, 3, 4, 1), (3, 2, 5, 4, 1)}
M(A) = 
[[2, 3, 4, 1, 5], [2, 3, 4, 5, 1], [2, 4, 3, 1, 5], [2, 4, 3, 5, 1], [2, 4, 5, 3, 1], [3, 2, 4, 1, 5], [3, 2, 4, 5, 1]]
Distance: 32
B = 
{(2, 3, 4, 1, 5), (3, 2, 1, 5, 4), (4, 2, 5, 1, 3), (1, 2, 4, 3, 5), (4, 1, 5, 3, 2), (4, 5, 2, 1, 3), (4, 5, 1, 3, 2), (4, 5, 3, 2, 1), (5, 2, 3, 4, 1)}
M(B) = 
[[2, 3, 4, 1, 5], [2, 3, 4, 5, 1], [2, 4, 3, 1, 5], [2, 4, 3, 5, 1], [2, 4, 5, 3, 1], [3, 2, 4, 1, 5], [3, 2, 4, 5, 1]]
Distance: 33
M(A) inter A:
set()
M(B) inter B:
{(4, 5, 2, 1, 3)}

AUB = 
{(4, 5, 2, 1, 3), (1, 2, 5, 4, 3), (2, 3, 4, 1, 5), (3, 2, 1, 5, 4), (3, 2, 5, 1, 4), (4, 5, 1, 3, 2), (3, 2, 1, 4, 5), (4, 1, 5, 3, 2), (2, 4, 1, 5, 3), (4, 2, 1, 3, 5), (3, 5, 2, 4, 1), (3, 1, 4, 5, 2), (4, 2, 5, 1, 3), (5, 2, 3, 4, 1), (4, 5, 3, 2, 1), (2, 5, 3, 4, 1), (3, 2, 5, 4, 1), (1, 2, 4, 3, 5)}
M(AUB) = 
[[2, 3, 4, 1, 5], [2, 3, 4, 5, 1], [2, 4, 3, 1, 5], [2, 4, 3, 5, 1], [2, 4, 5, 3, 1], [3, 2, 4, 1, 5], [3, 2, 4, 5, 1]]
Distance:76

(65)
A = 
{(5, 4, 2, 1, 3), (2, 3, 1, 4, 5), (1, 2, 5, 3, 4), (2, 1, 5, 3, 4), (2, 5, 3, 1, 4), (1, 4, 2, 5, 3), (3, 2, 4, 5, 1), (2, 1, 3, 4, 5), (2, 4, 3, 5, 1)}
M(A) = 
[[2, 1, 3, 4, 5], [2, 1, 4, 3, 5], [2, 1, 4, 5, 3], [2, 3, 1, 4, 5]]
Distance: 29
B = 
{(2, 1, 4, 5, 3), (1, 5, 3, 4, 2), (4, 2, 3, 1, 5), (3, 5, 4, 2, 1), (1, 4, 3, 5, 2), (2, 4, 5, 3, 1), (1, 4, 3, 2, 5), (3, 4, 2, 5, 1), (4, 2, 5, 3, 1)}
M(B) = 
[[2, 1, 3, 4, 5], [2, 1, 4, 3, 5], [2, 1, 4, 5, 3], [2, 3, 1, 4, 5]]
Distance: 33
M(A) inter A:
set()
M(B) inter B:
set()

AUB = 
{(3, 5, 4, 2, 1), (5, 4, 2, 1, 3), (2, 3, 1, 4, 5), (1, 2, 5, 3, 4), (2, 1, 5, 3, 4), (3, 4, 2, 5, 1), (4, 2, 3, 1, 5), (1, 4, 3, 2, 5), (2, 5, 3, 1, 4), (1, 5, 3, 4, 2), (1, 4, 2, 5, 3), (1, 4, 3, 5, 2), (2, 4, 5, 3, 1), (2, 1, 4, 5, 3), (3, 2, 4, 5, 1), (2, 1, 3, 4, 5), (2, 4, 3, 5, 1), (4, 2, 5, 3, 1)}
M(AUB) = 
[[2, 1, 3, 4, 5], [2, 1, 4, 3, 5], [2, 1, 4, 5, 3], [2, 3, 1, 4, 5]]
Distance:73

(66)
A = 
{(4, 5, 2, 1, 3), (2, 4, 5, 1, 3), (1, 5, 4, 2, 3), (5, 2, 3, 1, 4), (2, 1, 5, 3, 4), (2, 5, 4, 1, 3), (4, 2, 3, 1, 5), (3, 5, 2, 4, 1), (1, 4, 3, 2, 5)}
M(A) = 
[[4, 2, 1, 5, 3], [4, 2, 5, 1, 3]]
Distance: 33
B = 
{(1, 2, 5, 4, 3), (4, 3, 5, 1, 2), (4, 2, 1, 5, 3), (4, 1, 2, 5, 3), (3, 2, 1, 4, 5), (5, 1, 4, 3, 2), (1, 5, 4, 3, 2), (5, 2, 4, 3, 1), (4, 2, 3, 5, 1)}
M(B) = 
[[4, 2, 1, 5, 3], [4, 2, 5, 1, 3]]
Distance: 35
M(A) inter A:
set()
M(B) inter B:
{(4, 1, 2, 5, 3)}

AUB = 
{(1, 5, 4, 3, 2), (3, 5, 2, 4, 1), (2, 4, 5, 1, 3), (1, 5, 4, 2, 3), (4, 2, 1, 5, 3), (5, 2, 3, 1, 4), (2, 1, 5, 3, 4), (3, 2, 1, 4, 5), (2, 5, 4, 1, 3), (1, 2, 5, 4, 3), (4, 2, 3, 1, 5), (5, 1, 4, 3, 2), (4, 5, 2, 1, 3), (4, 1, 2, 5, 3), (4, 3, 5, 1, 2), (1, 4, 3, 2, 5), (5, 2, 4, 3, 1), (4, 2, 3, 5, 1)}
M(AUB) = 
[[4, 2, 1, 5, 3], [4, 2, 5, 1, 3]]
Distance:72

(67)
A = 
{(1, 2, 4, 5, 3), (2, 3, 4, 1, 5), (1, 2, 5, 3, 4), (1, 5, 3, 4, 2), (3, 2, 4, 1, 5), (3, 5, 1, 4, 2), (4, 5, 1, 2, 3), (4, 5, 1, 3, 2), (1, 4, 3, 5, 2)}
M(A) = 
[[1, 2, 3, 4, 5], [1, 3, 4, 2, 5], [1, 4, 2, 3, 5]]
Distance: 36
B = 
{(1, 3, 4, 2, 5), (2, 3, 4, 1, 5), (2, 4, 1, 3, 5), (2, 5, 4, 1, 3), (4, 2, 3, 1, 5), (2, 5, 1, 3, 4), (3, 1, 5, 4, 2), (2, 1, 4, 3, 5), (3, 4, 1, 2, 5)}
M(B) = 
[[1, 2, 3, 4, 5], [1, 3, 4, 2, 5], [1, 4, 2, 3, 5]]
Distance: 31
M(A) inter A:
{(2, 3, 4, 1, 5)}
M(B) inter B:
{(2, 4, 1, 3, 5), (2, 3, 4, 1, 5)}

AUB = 
{(1, 3, 4, 2, 5), (2, 5, 1, 3, 4), (1, 2, 4, 5, 3), (2, 3, 4, 1, 5), (1, 2, 5, 3, 4), (1, 5, 3, 4, 2), (2, 5, 4, 1, 3), (3, 2, 4, 1, 5), (3, 5, 1, 4, 2), (4, 2, 3, 1, 5), (4, 5, 1, 2, 3), (4, 5, 1, 3, 2), (1, 4, 3, 5, 2), (3, 1, 5, 4, 2), (3, 4, 1, 2, 5), (2, 1, 4, 3, 5), (2, 4, 1, 3, 5)}
M(AUB) = 
[[1, 2, 3, 4, 5], [1, 3, 4, 2, 5], [1, 4, 2, 3, 5]]
Distance:70

(68)
A = 
{(1, 3, 4, 2, 5), (1, 5, 2, 4, 3), (5, 4, 1, 3, 2), (2, 5, 1, 4, 3), (5, 3, 2, 4, 1), (2, 5, 3, 4, 1), (5, 4, 3, 2, 1), (5, 2, 3, 4, 1), (2, 4, 3, 5, 1)}
M(A) = 
[[5, 2, 1, 4, 3], [5, 2, 4, 1, 3], [5, 4, 2, 1, 3]]
Distance: 31
B = 
{(5, 4, 1, 2, 3), (2, 1, 4, 5, 3), (1, 2, 3, 4, 5), (1, 3, 4, 5, 2), (4, 2, 1, 3, 5), (4, 5, 2, 1, 3), (3, 1, 5, 4, 2), (1, 4, 5, 3, 2), (3, 5, 2, 1, 4)}
M(B) = 
[[5, 2, 1, 4, 3], [5, 2, 4, 1, 3], [5, 4, 2, 1, 3]]
Distance: 34
M(A) inter A:
set()
M(B) inter B:
set()

AUB = 
{(1, 3, 4, 2, 5), (4, 5, 2, 1, 3), (5, 4, 1, 2, 3), (1, 5, 2, 4, 3), (5, 4, 1, 3, 2), (1, 3, 4, 5, 2), (1, 2, 3, 4, 5), (3, 1, 5, 4, 2), (2, 5, 1, 4, 3), (4, 2, 1, 3, 5), (5, 3, 2, 4, 1), (2, 5, 3, 4, 1), (1, 4, 5, 3, 2), (2, 1, 4, 5, 3), (2, 4, 3, 5, 1), (5, 4, 3, 2, 1), (3, 5, 2, 1, 4), (5, 2, 3, 4, 1)}
M(AUB) = 
[[5, 2, 1, 4, 3], [5, 2, 4, 1, 3], [5, 4, 2, 1, 3]]
Distance:79

(69)
A = 
{(2, 3, 5, 1, 4), (4, 2, 5, 1, 3), (3, 1, 2, 4, 5), (2, 1, 3, 4, 5), (1, 3, 5, 4, 2), (5, 1, 3, 2, 4), (1, 4, 3, 5, 2), (5, 2, 4, 3, 1), (1, 3, 5, 2, 4)}
M(A) = 
[[2, 3, 5, 1, 4]]
Distance: 34
B = 
{(1, 3, 2, 4, 5), (5, 4, 2, 1, 3), (3, 1, 2, 5, 4), (5, 2, 3, 1, 4), (5, 2, 1, 3, 4), (2, 4, 3, 1, 5), (3, 5, 4, 2, 1), (2, 5, 3, 4, 1), (2, 4, 3, 5, 1)}
M(B) = 
[[2, 3, 5, 1, 4]]
Distance: 31
M(A) inter A:
set()
M(B) inter B:
set()

AUB = 
{(1, 3, 2, 4, 5), (5, 1, 3, 2, 4), (5, 4, 2, 1, 3), (3, 1, 2, 5, 4), (5, 2, 3, 1, 4), (4, 2, 5, 1, 3), (3, 5, 4, 2, 1), (3, 1, 2, 4, 5), (1, 3, 5, 2, 4), (2, 4, 3, 1, 5), (1, 3, 5, 4, 2), (2, 3, 5, 1, 4), (2, 5, 3, 4, 1), (1, 4, 3, 5, 2), (5, 2, 4, 3, 1), (5, 2, 1, 3, 4), (2, 1, 3, 4, 5), (2, 4, 3, 5, 1)}
M(AUB) = 
[[2, 3, 5, 1, 4]]
Distance:73

(70)
A = 
{(1, 3, 2, 4, 5), (5, 2, 4, 1, 3), (3, 1, 2, 5, 4), (5, 2, 3, 1, 4), (1, 5, 3, 2, 4), (3, 5, 2, 1, 4), (2, 5, 3, 1, 4), (4, 5, 3, 1, 2), (2, 1, 4, 3, 5)}
M(A) = 
[[5, 3, 2, 1, 4]]
Distance: 33
B = 
{(5, 4, 1, 2, 3), (5, 2, 3, 1, 4), (3, 1, 4, 2, 5), (1, 5, 3, 2, 4), (2, 5, 3, 4, 1), (4, 3, 2, 5, 1), (4, 5, 3, 2, 1), (3, 2, 4, 5, 1), (5, 3, 2, 1, 4)}
M(B) = 
[[5, 3, 2, 1, 4]]
Distance: 32
M(A) inter A:
set()
M(B) inter B:
set()

AUB = 
{(1, 3, 2, 4, 5), (5, 2, 4, 1, 3), (3, 1, 2, 5, 4), (5, 2, 3, 1, 4), (1, 5, 3, 2, 4), (2, 1, 4, 3, 5), (5, 4, 1, 2, 3), (5, 3, 2, 1, 4), (2, 5, 3, 1, 4), (3, 1, 4, 2, 5), (4, 5, 3, 1, 2), (4, 3, 2, 5, 1), (4, 5, 3, 2, 1), (2, 5, 3, 4, 1), (3, 2, 4, 5, 1), (3, 5, 2, 1, 4)}
M(AUB) = 
[[5, 3, 2, 1, 4]]
Distance:62

(71)
A = 
{(1, 3, 4, 2, 5), (5, 1, 4, 3, 2), (5, 4, 1, 3, 2), (4, 2, 1, 5, 3), (1, 5, 2, 3, 4), (5, 3, 1, 4, 2), (4, 2, 1, 3, 5), (3, 5, 4, 2, 1), (5, 2, 1, 3, 4)}
M(A) = 
[[5, 4, 2, 1, 3]]
Distance: 33
B = 
{(1, 3, 4, 2, 5), (4, 1, 2, 3, 5), (2, 1, 5, 4, 3), (1, 2, 5, 3, 4), (4, 3, 2, 5, 1), (2, 5, 4, 1, 3), (3, 5, 2, 4, 1), (3, 1, 5, 4, 2), (4, 2, 5, 3, 1)}
M(B) = 
[[5, 4, 2, 1, 3]]
Distance: 39
M(A) inter A:
{(4, 2, 1, 3, 5)}
M(B) inter B:
set()

AUB = 
{(1, 3, 4, 2, 5), (3, 5, 4, 2, 1), (2, 1, 5, 4, 3), (4, 2, 1, 5, 3), (5, 4, 1, 3, 2), (1, 5, 2, 3, 4), (2, 5, 4, 1, 3), (5, 3, 1, 4, 2), (1, 2, 5, 3, 4), (4, 2, 1, 3, 5), (5, 1, 4, 3, 2), (4, 3, 2, 5, 1), (3, 1, 5, 4, 2), (4, 1, 2, 3, 5), (3, 5, 2, 4, 1), (5, 2, 1, 3, 4), (4, 2, 5, 3, 1)}
M(AUB) = 
[[5, 4, 2, 1, 3]]
Distance:74

(72)
A = 
{(5, 3, 2, 4, 1), (2, 1, 5, 4, 3), (1, 2, 3, 5, 4), (5, 4, 3, 1, 2), (3, 2, 1, 4, 5), (2, 5, 4, 1, 3), (5, 1, 2, 3, 4), (2, 4, 3, 5, 1), (3, 4, 2, 1, 5)}
M(A) = 
[[2, 5, 3, 4, 1]]
Distance: 35
B = 
{(1, 2, 5, 4, 3), (3, 4, 5, 1, 2), (1, 2, 3, 5, 4), (1, 5, 3, 4, 2), (4, 1, 5, 3, 2), (4, 2, 3, 1, 5), (2, 5, 3, 1, 4), (3, 1, 5, 4, 2), (4, 2, 3, 5, 1)}
M(B) = 
[[2, 5, 3, 4, 1]]
Distance: 39
M(A) inter A:
set()
M(B) inter B:
{(3, 1, 5, 4, 2)}

AUB = 
{(5, 1, 2, 3, 4), (1, 2, 5, 4, 3), (2, 1, 5, 4, 3), (5, 4, 3, 1, 2), (1, 2, 3, 5, 4), (1, 5, 3, 4, 2), (4, 1, 5, 3, 2), (3, 2, 1, 4, 5), (2, 5, 4, 1, 3), (4, 2, 3, 1, 5), (5, 3, 2, 4, 1), (3, 1, 5, 4, 2), (4, 2, 3, 5, 1), (2, 5, 3, 1, 4), (2, 4, 3, 5, 1), (3, 4, 2, 1, 5), (3, 4, 5, 1, 2)}
M(AUB) = 
[[2, 5, 3, 4, 1]]
Distance:78

(73)
A = 
{(4, 3, 5, 1, 2), (2, 1, 3, 5, 4), (2, 5, 4, 1, 3), (4, 2, 3, 1, 5), (3, 5, 4, 2, 1), (4, 1, 2, 5, 3), (2, 3, 1, 4, 5), (3, 2, 5, 4, 1), (5, 2, 4, 3, 1)}
M(A) = 
[[2, 5, 4, 1, 3]]
Distance: 33
B = 
{(2, 5, 1, 3, 4), (1, 2, 5, 4, 3), (1, 5, 4, 3, 2), (3, 5, 1, 4, 2), (2, 4, 1, 3, 5), (5, 1, 2, 4, 3), (4, 5, 1, 2, 3), (3, 2, 5, 4, 1), (1, 3, 5, 2, 4)}
M(B) = 
[[2, 5, 4, 1, 3]]
Distance: 33
M(A) inter A:
set()
M(B) inter B:
{(5, 1, 2, 4, 3)}

AUB = 
{(2, 5, 1, 3, 4), (1, 2, 5, 4, 3), (5, 1, 2, 4, 3), (4, 3, 5, 1, 2), (1, 5, 4, 3, 2), (2, 1, 3, 5, 4), (3, 5, 1, 4, 2), (2, 4, 1, 3, 5), (2, 5, 4, 1, 3), (4, 2, 3, 1, 5), (3, 5, 4, 2, 1), (4, 1, 2, 5, 3), (2, 3, 1, 4, 5), (3, 2, 5, 4, 1), (1, 3, 5, 2, 4), (5, 2, 4, 3, 1), (4, 5, 1, 2, 3)}
M(AUB) = 
[[2, 5, 4, 1, 3]]
Distance:74

(74)
A = 
{(1, 2, 5, 4, 3), (5, 2, 1, 3, 4), (3, 2, 1, 5, 4), (3, 2, 1, 4, 5), (3, 5, 4, 1, 2), (1, 2, 4, 5, 3), (5, 1, 2, 3, 4), (3, 1, 5, 4, 2), (4, 2, 3, 5, 1)}
M(A) = 
[[2, 5, 3, 1, 4], [5, 3, 1, 4, 2], [5, 3, 2, 1, 4]]
Distance: 36
B = 
{(5, 4, 1, 2, 3), (3, 1, 2, 5, 4), (2, 1, 5, 3, 4), (5, 3, 1, 4, 2), (5, 3, 4, 2, 1), (3, 1, 5, 4, 2), (4, 5, 3, 2, 1), (3, 4, 2, 5, 1), (4, 2, 5, 3, 1)}
M(B) = 
[[2, 5, 3, 1, 4], [5, 3, 1, 4, 2], [5, 3, 2, 1, 4]]
Distance: 31
M(A) inter A:
set()
M(B) inter B:
{(5, 3, 4, 2, 1)}

AUB = 
{(5, 3, 4, 2, 1), (1, 2, 5, 4, 3), (3, 1, 2, 5, 4), (3, 2, 1, 5, 4), (5, 2, 1, 3, 4), (2, 1, 5, 3, 4), (5, 3, 1, 4, 2), (3, 2, 1, 4, 5), (3, 5, 4, 1, 2), (1, 2, 4, 5, 3), (5, 1, 2, 3, 4), (3, 1, 5, 4, 2), (4, 2, 5, 3, 1), (4, 5, 3, 2, 1), (3, 4, 2, 5, 1), (5, 4, 1, 2, 3), (4, 2, 3, 5, 1)}
M(AUB) = 
[[2, 5, 3, 1, 4], [5, 3, 1, 4, 2], [5, 3, 2, 1, 4]]
Distance:73

(75)
A = 
{(2, 5, 1, 3, 4), (1, 2, 5, 4, 3), (5, 2, 1, 4, 3), (1, 5, 2, 4, 3), (3, 2, 5, 1, 4), (2, 4, 1, 5, 3), (5, 1, 3, 2, 4), (2, 3, 5, 1, 4), (3, 1, 5, 4, 2)}
M(A) = 
[[2, 5, 1, 3, 4]]
Distance: 28
B = 
{(3, 5, 2, 4, 1), (1, 5, 2, 4, 3), (5, 4, 3, 1, 2), (1, 2, 3, 5, 4), (2, 1, 5, 3, 4), (3, 2, 4, 1, 5), (5, 3, 1, 4, 2), (4, 5, 2, 1, 3), (2, 4, 3, 1, 5)}
M(B) = 
[[2, 5, 1, 3, 4]]
Distance: 39
M(A) inter A:
set()
M(B) inter B:
set()

AUB = 
{(5, 1, 3, 2, 4), (1, 2, 5, 4, 3), (1, 5, 2, 4, 3), (5, 4, 3, 1, 2), (3, 2, 5, 1, 4), (2, 3, 5, 1, 4), (2, 1, 5, 3, 4), (3, 2, 4, 1, 5), (5, 3, 1, 4, 2), (5, 2, 1, 4, 3), (4, 5, 2, 1, 3), (2, 5, 1, 3, 4), (3, 1, 5, 4, 2), (3, 5, 2, 4, 1), (1, 2, 3, 5, 4), (2, 4, 1, 5, 3), (2, 4, 3, 1, 5)}
M(AUB) = 
[[2, 5, 1, 3, 4]]
Distance:66

(76)
A = 
{(4, 1, 2, 3, 5), (5, 4, 1, 2, 3), (4, 2, 1, 5, 3), (1, 5, 2, 3, 4), (3, 4, 2, 1, 5), (5, 4, 2, 1, 3), (4, 5, 3, 2, 1), (3, 2, 4, 5, 1), (2, 4, 5, 3, 1)}
M(A) = 
[[4, 2, 5, 3, 1], [4, 5, 2, 3, 1]]
Distance: 31
B = 
{(2, 4, 5, 1, 3), (3, 1, 2, 5, 4), (5, 4, 1, 3, 2), (3, 5, 1, 4, 2), (1, 2, 4, 5, 3), (4, 5, 3, 1, 2), (3, 1, 5, 2, 4), (5, 2, 3, 4, 1), (4, 2, 3, 5, 1)}
M(B) = 
[[4, 2, 5, 3, 1], [4, 5, 2, 3, 1]]
Distance: 38
M(A) inter A:
set()
M(B) inter B:
set()

AUB = 
{(4, 1, 2, 3, 5), (5, 4, 1, 2, 3), (3, 1, 2, 5, 4), (5, 4, 1, 3, 2), (4, 2, 1, 5, 3), (1, 5, 2, 3, 4), (3, 4, 2, 1, 5), (3, 5, 1, 4, 2), (5, 4, 2, 1, 3), (1, 2, 4, 5, 3), (4, 2, 3, 5, 1), (5, 2, 3, 4, 1), (3, 1, 5, 2, 4), (4, 5, 3, 2, 1), (4, 5, 3, 1, 2), (3, 2, 4, 5, 1), (2, 4, 5, 3, 1), (2, 4, 5, 1, 3)}
M(AUB) = 
[[4, 2, 5, 3, 1], [4, 5, 2, 3, 1]]
Distance:76

(77)
A = 
{(5, 3, 4, 2, 1), (1, 2, 4, 5, 3), (5, 1, 4, 2, 3), (1, 2, 3, 4, 5), (4, 1, 5, 3, 2), (4, 5, 2, 1, 3), (4, 5, 1, 3, 2), (4, 5, 3, 2, 1), (3, 4, 5, 2, 1)}
M(A) = 
[[4, 1, 5, 3, 2]]
Distance: 28
B = 
{(4, 1, 2, 3, 5), (1, 5, 2, 4, 3), (3, 2, 5, 1, 4), (3, 4, 1, 2, 5), (5, 3, 1, 4, 2), (1, 4, 5, 3, 2), (4, 3, 2, 1, 5), (2, 3, 4, 1, 5), (2, 1, 4, 3, 5)}
M(B) = 
[[4, 1, 5, 3, 2]]
Distance: 36
M(A) inter A:
set()
M(B) inter B:
set()

AUB = 
{(4, 1, 2, 3, 5), (4, 5, 2, 1, 3), (1, 2, 4, 5, 3), (1, 5, 2, 4, 3), (3, 2, 5, 1, 4), (4, 1, 5, 3, 2), (1, 2, 3, 4, 5), (5, 1, 4, 2, 3), (5, 3, 4, 2, 1), (4, 3, 2, 1, 5), (4, 5, 1, 3, 2), (5, 3, 1, 4, 2), (1, 4, 5, 3, 2), (4, 5, 3, 2, 1), (2, 3, 4, 1, 5), (3, 4, 5, 2, 1), (2, 1, 4, 3, 5), (3, 4, 1, 2, 5)}
M(AUB) = 
[[4, 1, 5, 3, 2]]
Distance:74

(78)
A = 
{(1, 3, 2, 4, 5), (2, 5, 3, 1, 4), (3, 1, 2, 5, 4), (1, 5, 4, 3, 2), (4, 5, 1, 2, 3), (1, 3, 4, 5, 2), (2, 5, 1, 3, 4), (1, 5, 4, 2, 3), (5, 3, 1, 2, 4)}
M(A) = 
[[1, 5, 2, 3, 4], [1, 5, 3, 4, 2], [1, 5, 4, 2, 3]]
Distance: 31
B = 
{(5, 1, 4, 3, 2), (2, 1, 5, 4, 3), (5, 2, 3, 1, 4), (3, 4, 1, 5, 2), (3, 2, 1, 4, 5), (4, 5, 1, 2, 3), (5, 4, 2, 3, 1), (1, 4, 2, 3, 5), (4, 2, 3, 5, 1)}
M(B) = 
[[1, 5, 2, 3, 4], [1, 5, 3, 4, 2], [1, 5, 4, 2, 3]]
Distance: 38
M(A) inter A:
set()
M(B) inter B:
set()

AUB = 
{(1, 3, 2, 4, 5), (4, 5, 1, 2, 3), (3, 1, 2, 5, 4), (3, 4, 1, 5, 2), (5, 2, 3, 1, 4), (1, 5, 4, 3, 2), (2, 5, 1, 3, 4), (3, 2, 1, 4, 5), (1, 3, 4, 5, 2), (2, 5, 3, 1, 4), (5, 1, 4, 3, 2), (4, 2, 3, 5, 1), (1, 5, 4, 2, 3), (5, 4, 2, 3, 1), (5, 3, 1, 2, 4), (1, 4, 2, 3, 5), (2, 1, 5, 4, 3)}
M(AUB) = 
[[1, 5, 2, 3, 4], [1, 5, 3, 4, 2], [1, 5, 4, 2, 3]]
Distance:74

(79)
A = 
{(2, 4, 5, 1, 3), (3, 1, 5, 2, 4), (3, 2, 1, 5, 4), (5, 3, 4, 1, 2), (5, 2, 1, 4, 3), (4, 2, 3, 1, 5), (3, 4, 5, 2, 1), (2, 4, 1, 5, 3), (3, 5, 1, 2, 4)}
M(A) = 
[[1, 5, 3, 2, 4]]
Distance: 37
B = 
{(5, 1, 3, 2, 4), (1, 5, 4, 3, 2), (2, 1, 4, 3, 5), (4, 1, 2, 5, 3), (5, 3, 4, 2, 1), (3, 1, 4, 2, 5), (4, 1, 5, 2, 3), (1, 5, 2, 3, 4), (5, 3, 2, 1, 4)}
M(B) = 
[[1, 5, 3, 2, 4]]
Distance: 33
M(A) inter A:
set()
M(B) inter B:
set()

AUB = 
{(5, 3, 4, 2, 1), (2, 4, 5, 1, 3), (3, 1, 5, 2, 4), (3, 2, 1, 5, 4), (1, 5, 4, 3, 2), (2, 1, 4, 3, 5), (5, 3, 4, 1, 2), (5, 2, 1, 4, 3), (4, 2, 3, 1, 5), (5, 3, 2, 1, 4), (5, 1, 3, 2, 4), (4, 1, 2, 5, 3), (1, 5, 2, 3, 4), (4, 1, 5, 2, 3), (3, 1, 4, 2, 5), (3, 4, 5, 2, 1), (2, 4, 1, 5, 3), (3, 5, 1, 2, 4)}
M(AUB) = 
[[1, 5, 3, 2, 4]]
Distance:80

(80)
A = 
{(4, 1, 3, 2, 5), (2, 3, 5, 1, 4), (2, 4, 5, 1, 3), (5, 4, 1, 3, 2), (3, 5, 1, 4, 2), (3, 4, 2, 1, 5), (1, 3, 4, 5, 2), (3, 5, 2, 4, 1), (4, 5, 3, 1, 2)}
M(A) = 
[[3, 4, 5, 1, 2], [3, 5, 1, 4, 2]]
Distance: 34
B = 
{(3, 1, 5, 2, 4), (1, 2, 3, 4, 5), (5, 3, 1, 4, 2), (3, 5, 2, 4, 1), (2, 5, 4, 3, 1), (1, 4, 5, 3, 2), (3, 1, 4, 5, 2), (5, 3, 1, 2, 4), (4, 3, 5, 1, 2)}
M(B) = 
[[3, 4, 5, 1, 2], [3, 5, 1, 4, 2]]
Distance: 30
M(A) inter A:
set()
M(B) inter B:
set()

AUB = 
{(4, 1, 3, 2, 5), (3, 5, 2, 4, 1), (2, 4, 5, 1, 3), (3, 1, 5, 2, 4), (5, 4, 1, 3, 2), (1, 3, 4, 5, 2), (3, 4, 2, 1, 5), (3, 5, 1, 4, 2), (2, 3, 5, 1, 4), (4, 5, 3, 1, 2), (5, 3, 1, 4, 2), (1, 4, 5, 3, 2), (2, 5, 4, 3, 1), (5, 3, 1, 2, 4), (1, 2, 3, 4, 5), (3, 1, 4, 5, 2), (4, 3, 5, 1, 2)}
M(AUB) = 
[[3, 4, 5, 1, 2], [3, 5, 1, 4, 2]]
Distance:66

(81)
A = 
{(5, 2, 1, 4, 3), (4, 3, 5, 1, 2), (5, 4, 1, 3, 2), (4, 1, 2, 5, 3), (3, 2, 1, 4, 5), (5, 1, 3, 4, 2), (4, 3, 2, 5, 1), (2, 3, 4, 5, 1), (1, 3, 5, 2, 4)}
M(A) = 
[[4, 1, 3, 5, 2], [4, 5, 1, 3, 2]]
Distance: 39
B = 
{(4, 1, 2, 3, 5), (4, 5, 2, 1, 3), (3, 4, 1, 5, 2), (2, 1, 3, 5, 4), (3, 2, 1, 4, 5), (4, 2, 3, 1, 5), (4, 5, 1, 2, 3), (5, 1, 4, 3, 2), (1, 4, 5, 3, 2)}
M(B) = 
[[4, 1, 3, 5, 2], [4, 5, 1, 3, 2]]
Distance: 34
M(A) inter A:
set()
M(B) inter B:
{(4, 1, 2, 3, 5)}

AUB = 
{(4, 1, 2, 3, 5), (4, 5, 2, 1, 3), (5, 2, 1, 4, 3), (5, 1, 4, 3, 2), (4, 3, 5, 1, 2), (3, 4, 1, 5, 2), (5, 4, 1, 3, 2), (4, 1, 2, 5, 3), (4, 5, 1, 2, 3), (3, 2, 1, 4, 5), (4, 2, 3, 1, 5), (2, 1, 3, 5, 4), (5, 1, 3, 4, 2), (4, 3, 2, 5, 1), (2, 3, 4, 5, 1), (1, 4, 5, 3, 2), (1, 3, 5, 2, 4)}
M(AUB) = 
[[4, 1, 3, 5, 2], [4, 5, 1, 3, 2]]
Distance:69

(82)
A = 
{(5, 2, 1, 4, 3), (5, 2, 1, 3, 4), (1, 5, 3, 4, 2), (1, 2, 3, 4, 5), (4, 1, 5, 3, 2), (5, 1, 3, 2, 4), (3, 1, 4, 2, 5), (1, 4, 3, 5, 2), (4, 1, 2, 5, 3)}
M(A) = 
[[1, 4, 5, 3, 2]]
Distance: 31
B = 
{(1, 3, 4, 2, 5), (4, 1, 3, 2, 5), (1, 5, 2, 4, 3), (5, 4, 1, 3, 2), (3, 1, 4, 2, 5), (1, 4, 2, 5, 3), (2, 1, 5, 4, 3), (1, 4, 2, 3, 5), (5, 3, 1, 2, 4)}
M(B) = 
[[1, 4, 5, 3, 2]]
Distance: 29
M(A) inter A:
set()
M(B) inter B:
{(1, 4, 2, 5, 3)}

AUB = 
{(1, 3, 4, 2, 5), (4, 1, 3, 2, 5), (5, 2, 1, 4, 3), (1, 5, 2, 4, 3), (5, 4, 1, 3, 2), (5, 2, 1, 3, 4), (1, 5, 3, 4, 2), (1, 2, 3, 4, 5), (4, 1, 5, 3, 2), (5, 1, 3, 2, 4), (3, 1, 4, 2, 5), (1, 4, 2, 5, 3), (1, 4, 3, 5, 2), (2, 1, 5, 4, 3), (1, 4, 2, 3, 5), (5, 3, 1, 2, 4), (4, 1, 2, 5, 3)}
M(AUB) = 
[[1, 4, 5, 3, 2]]
Distance:58

(83)
A = 
{(2, 3, 1, 4, 5), (3, 4, 5, 1, 2), (4, 3, 5, 2, 1), (5, 1, 2, 4, 3), (3, 5, 4, 1, 2), (2, 5, 1, 3, 4), (1, 4, 2, 5, 3), (2, 5, 3, 4, 1), (1, 3, 5, 4, 2)}
M(A) = 
[[3, 5, 1, 4, 2]]
Distance: 39
B = 
{(1, 2, 4, 5, 3), (3, 4, 1, 5, 2), (5, 4, 3, 1, 2), (2, 1, 5, 3, 4), (5, 1, 4, 2, 3), (1, 4, 3, 2, 5), (3, 2, 5, 4, 1), (1, 3, 5, 2, 4), (3, 4, 5, 2, 1)}
M(B) = 
[[3, 5, 1, 4, 2]]
Distance: 38
M(A) inter A:
{(1, 3, 5, 4, 2)}
M(B) inter B:
set()

AUB = 
{(1, 2, 4, 5, 3), (2, 3, 1, 4, 5), (3, 4, 1, 5, 2), (3, 4, 5, 1, 2), (4, 3, 5, 2, 1), (3, 5, 4, 1, 2), (5, 1, 2, 4, 3), (2, 5, 1, 3, 4), (2, 1, 5, 3, 4), (1, 4, 2, 5, 3), (5, 4, 3, 1, 2), (2, 5, 3, 4, 1), (5, 1, 4, 2, 3), (1, 4, 3, 2, 5), (3, 4, 5, 2, 1), (1, 3, 5, 2, 4), (3, 2, 5, 4, 1), (1, 3, 5, 4, 2)}
M(AUB) = 
[[3, 5, 1, 4, 2]]
Distance:79

(84)
A = 
{(4, 1, 3, 5, 2), (4, 3, 5, 2, 1), (4, 1, 5, 3, 2), (5, 1, 4, 2, 3), (1, 3, 5, 2, 4), (1, 4, 5, 3, 2), (3, 2, 5, 4, 1), (5, 3, 1, 2, 4), (4, 2, 3, 5, 1)}
M(A) = 
[[1, 4, 3, 5, 2], [4, 1, 3, 5, 2]]
Distance: 34
B = 
{(1, 3, 2, 4, 5), (1, 3, 4, 2, 5), (1, 2, 5, 4, 3), (5, 4, 3, 1, 2), (1, 5, 2, 3, 4), (5, 3, 4, 1, 2), (4, 2, 3, 1, 5), (4, 1, 2, 3, 5), (1, 4, 3, 5, 2)}
M(B) = 
[[1, 4, 3, 5, 2], [4, 1, 3, 5, 2]]
Distance: 33
M(A) inter A:
set()
M(B) inter B:
set()

AUB = 
{(1, 3, 2, 4, 5), (1, 3, 4, 2, 5), (1, 2, 5, 4, 3), (4, 1, 2, 3, 5), (1, 4, 3, 5, 2), (5, 4, 3, 1, 2), (5, 3, 1, 2, 4), (4, 3, 5, 2, 1), (4, 1, 5, 3, 2), (4, 1, 3, 5, 2), (5, 3, 4, 1, 2), (4, 2, 3, 1, 5), (1, 5, 2, 3, 4), (5, 1, 4, 2, 3), (1, 4, 5, 3, 2), (3, 2, 5, 4, 1), (1, 3, 5, 2, 4), (4, 2, 3, 5, 1)}
M(AUB) = 
[[1, 4, 3, 5, 2], [4, 1, 3, 5, 2]]
Distance:69

(85)
A = 
{(1, 2, 4, 5, 3), (2, 3, 1, 4, 5), (4, 2, 5, 1, 3), (4, 1, 5, 3, 2), (3, 2, 1, 4, 5), (2, 5, 1, 4, 3), (2, 3, 1, 5, 4), (1, 3, 4, 5, 2), (3, 5, 1, 2, 4)}
M(A) = 
[[2, 3, 1, 4, 5]]
Distance: 34
B = 
{(4, 5, 2, 1, 3), (2, 3, 1, 5, 4), (4, 2, 3, 1, 5), (2, 5, 3, 1, 4), (1, 4, 2, 5, 3), (3, 1, 5, 4, 2), (2, 3, 5, 4, 1), (5, 2, 3, 4, 1), (3, 5, 1, 2, 4)}
M(B) = 
[[2, 3, 1, 4, 5]]
Distance: 33
M(A) inter A:
set()
M(B) inter B:
set()

AUB = 
{(4, 5, 2, 1, 3), (1, 2, 4, 5, 3), (2, 3, 1, 4, 5), (4, 2, 5, 1, 3), (2, 5, 1, 4, 3), (3, 2, 1, 4, 5), (4, 1, 5, 3, 2), (4, 2, 3, 1, 5), (2, 3, 1, 5, 4), (1, 4, 2, 5, 3), (3, 1, 5, 4, 2), (1, 3, 4, 5, 2), (2, 5, 3, 1, 4), (5, 2, 3, 4, 1), (3, 5, 1, 2, 4), (2, 3, 5, 4, 1)}
M(AUB) = 
[[2, 3, 1, 4, 5]]
Distance:66

(86)
A = 
{(1, 3, 2, 4, 5), (5, 2, 1, 4, 3), (2, 3, 1, 4, 5), (1, 2, 3, 5, 4), (1, 5, 3, 4, 2), (4, 2, 3, 1, 5), (2, 3, 1, 5, 4), (4, 3, 1, 5, 2), (5, 3, 1, 2, 4)}
M(A) = 
[[2, 3, 1, 5, 4], [3, 1, 2, 5, 4]]
Distance: 34
B = 
{(5, 4, 1, 2, 3), (2, 3, 4, 1, 5), (1, 5, 3, 2, 4), (5, 3, 1, 4, 2), (2, 4, 3, 1, 5), (3, 5, 1, 4, 2), (2, 5, 3, 1, 4), (3, 1, 4, 2, 5), (4, 2, 5, 3, 1)}
M(B) = 
[[2, 3, 1, 5, 4], [3, 1, 2, 5, 4]]
Distance: 39
M(A) inter A:
set()
M(B) inter B:
{(2, 5, 3, 1, 4), (5, 3, 1, 4, 2)}

AUB = 
{(1, 3, 2, 4, 5), (2, 5, 3, 1, 4), (5, 2, 1, 4, 3), (2, 3, 1, 4, 5), (1, 2, 3, 5, 4), (1, 5, 3, 4, 2), (3, 5, 1, 4, 2), (2, 4, 3, 1, 5), (5, 3, 1, 4, 2), (5, 4, 1, 2, 3), (4, 2, 3, 1, 5), (2, 3, 4, 1, 5), (2, 3, 1, 5, 4), (1, 5, 3, 2, 4), (3, 1, 4, 2, 5), (4, 3, 1, 5, 2), (5, 3, 1, 2, 4), (4, 2, 5, 3, 1)}
M(AUB) = 
[[2, 3, 1, 5, 4], [3, 1, 2, 5, 4]]
Distance:75

(87)
A = 
{(4, 1, 3, 2, 5), (2, 4, 1, 5, 3), (3, 1, 5, 2, 4), (3, 2, 5, 1, 4), (4, 2, 1, 5, 3), (4, 3, 2, 5, 1), (3, 5, 4, 1, 2), (2, 5, 1, 3, 4), (5, 3, 1, 2, 4)}
M(A) = 
[[5, 3, 2, 4, 1], [5, 4, 3, 2, 1]]
Distance: 38
B = 
{(5, 4, 2, 1, 3), (1, 5, 2, 4, 3), (5, 4, 3, 1, 2), (1, 5, 2, 3, 4), (5, 2, 4, 1, 3), (5, 3, 2, 4, 1), (4, 5, 3, 1, 2), (4, 5, 3, 2, 1), (3, 2, 5, 4, 1)}
M(B) = 
[[5, 3, 2, 4, 1], [5, 4, 3, 2, 1]]
Distance: 28
M(A) inter A:
set()
M(B) inter B:
set()

AUB = 
{(4, 1, 3, 2, 5), (5, 3, 2, 4, 1), (2, 4, 1, 5, 3), (3, 1, 5, 2, 4), (4, 2, 1, 5, 3), (3, 2, 5, 1, 4), (4, 3, 2, 5, 1), (5, 2, 4, 1, 3), (3, 5, 4, 1, 2), (5, 4, 2, 1, 3), (2, 5, 1, 3, 4), (1, 5, 2, 3, 4), (5, 4, 3, 1, 2), (4, 5, 3, 1, 2), (4, 5, 3, 2, 1), (1, 5, 2, 4, 3), (3, 2, 5, 4, 1), (5, 3, 1, 2, 4)}
M(AUB) = 
[[5, 3, 2, 4, 1], [5, 4, 3, 2, 1]]
Distance:72

(88)
A = 
{(2, 5, 1, 3, 4), (5, 4, 2, 1, 3), (4, 2, 1, 5, 3), (4, 1, 5, 2, 3), (4, 1, 3, 5, 2), (4, 5, 1, 2, 3), (1, 4, 2, 5, 3), (3, 1, 4, 5, 2), (3, 4, 5, 2, 1)}
M(A) = 
[[5, 4, 1, 2, 3]]
Distance: 28
B = 
{(5, 1, 4, 3, 2), (1, 2, 5, 4, 3), (1, 5, 4, 3, 2), (3, 5, 4, 1, 2), (2, 4, 1, 3, 5), (4, 1, 3, 5, 2), (2, 3, 5, 1, 4), (2, 5, 4, 3, 1), (5, 3, 1, 2, 4)}
M(B) = 
[[5, 4, 1, 2, 3]]
Distance: 37
M(A) inter A:
set()
M(B) inter B:
{(5, 1, 4, 3, 2)}

AUB = 
{(4, 5, 1, 2, 3), (5, 4, 2, 1, 3), (1, 5, 4, 3, 2), (4, 2, 1, 5, 3), (2, 3, 5, 1, 4), (4, 1, 5, 2, 3), (3, 5, 4, 1, 2), (2, 4, 1, 3, 5), (4, 1, 3, 5, 2), (1, 2, 5, 4, 3), (2, 5, 1, 3, 4), (5, 1, 4, 3, 2), (1, 4, 2, 5, 3), (3, 1, 4, 5, 2), (2, 5, 4, 3, 1), (3, 4, 5, 2, 1), (5, 3, 1, 2, 4)}
M(AUB) = 
[[5, 4, 1, 2, 3]]
Distance:69

(89)
A = 
{(1, 2, 4, 5, 3), (4, 3, 5, 1, 2), (1, 2, 5, 4, 3), (4, 5, 1, 3, 2), (2, 1, 4, 5, 3), (2, 3, 4, 1, 5), (3, 2, 4, 5, 1), (1, 4, 3, 2, 5), (4, 2, 5, 3, 1)}
M(A) = 
[[4, 2, 5, 3, 1]]
Distance: 34
B = 
{(5, 4, 2, 1, 3), (3, 4, 5, 1, 2), (5, 3, 4, 1, 2), (4, 1, 5, 3, 2), (2, 3, 4, 5, 1), (2, 5, 4, 3, 1), (3, 4, 5, 2, 1), (2, 1, 3, 4, 5), (3, 2, 4, 5, 1)}
M(B) = 
[[4, 2, 5, 3, 1]]
Distance: 31
M(A) inter A:
set()
M(B) inter B:
{(3, 4, 5, 2, 1)}

AUB = 
{(2, 5, 4, 3, 1), (1, 2, 4, 5, 3), (4, 3, 5, 1, 2), (3, 4, 5, 1, 2), (2, 3, 4, 5, 1), (4, 1, 5, 3, 2), (5, 4, 2, 1, 3), (5, 3, 4, 1, 2), (1, 2, 5, 4, 3), (2, 3, 4, 1, 5), (4, 5, 1, 3, 2), (2, 1, 4, 5, 3), (3, 2, 4, 5, 1), (3, 4, 5, 2, 1), (2, 1, 3, 4, 5), (1, 4, 3, 2, 5), (4, 2, 5, 3, 1)}
M(AUB) = 
[[4, 2, 5, 3, 1]]
Distance:70

(90)
A = 
{(1, 2, 4, 5, 3), (2, 1, 4, 5, 3), (2, 1, 5, 3, 4), (2, 5, 1, 4, 3), (2, 4, 3, 1, 5), (2, 5, 4, 1, 3), (3, 2, 5, 4, 1), (3, 5, 1, 2, 4), (3, 4, 2, 5, 1)}
M(A) = 
[[2, 1, 5, 3, 4]]
Distance: 31
B = 
{(4, 1, 3, 2, 5), (2, 4, 1, 5, 3), (2, 3, 4, 1, 5), (5, 2, 1, 3, 4), (2, 1, 3, 5, 4), (2, 5, 1, 4, 3), (1, 5, 3, 4, 2), (5, 2, 3, 4, 1), (5, 3, 2, 1, 4)}
M(B) = 
[[2, 1, 5, 3, 4]]
Distance: 31
M(A) inter A:
{(2, 1, 5, 3, 4)}
M(B) inter B:
set()

AUB = 
{(4, 1, 3, 2, 5), (1, 2, 4, 5, 3), (2, 1, 4, 5, 3), (5, 2, 1, 3, 4), (2, 1, 5, 3, 4), (2, 5, 4, 1, 3), (2, 4, 3, 1, 5), (2, 5, 1, 4, 3), (2, 4, 1, 5, 3), (1, 5, 3, 4, 2), (5, 3, 2, 1, 4), (2, 1, 3, 5, 4), (5, 2, 3, 4, 1), (2, 3, 4, 1, 5), (3, 2, 5, 4, 1), (3, 5, 1, 2, 4), (3, 4, 2, 5, 1)}
M(AUB) = 
[[2, 1, 5, 3, 4]]
Distance:62

(91)
A = 
{(1, 3, 4, 2, 5), (4, 1, 2, 3, 5), (2, 3, 1, 4, 5), (4, 3, 2, 5, 1), (4, 2, 1, 3, 5), (4, 2, 3, 1, 5), (1, 4, 2, 3, 5), (2, 1, 3, 4, 5), (2, 4, 3, 5, 1)}
M(A) = 
[[4, 2, 1, 3, 5]]
Distance: 21
B = 
{(2, 4, 5, 1, 3), (5, 2, 1, 3, 4), (5, 4, 3, 1, 2), (1, 5, 4, 3, 2), (5, 1, 2, 4, 3), (4, 2, 1, 3, 5), (4, 5, 2, 1, 3), (3, 4, 1, 5, 2), (4, 2, 5, 3, 1)}
M(B) = 
[[4, 2, 1, 3, 5]]
Distance: 30
M(A) inter A:
set()
M(B) inter B:
{(4, 5, 2, 1, 3)}

AUB = 
{(1, 3, 4, 2, 5), (4, 1, 2, 3, 5), (2, 4, 5, 1, 3), (2, 3, 1, 4, 5), (5, 4, 3, 1, 2), (5, 2, 1, 3, 4), (4, 3, 2, 5, 1), (5, 1, 2, 4, 3), (4, 2, 1, 3, 5), (4, 5, 2, 1, 3), (1, 5, 4, 3, 2), (4, 2, 3, 1, 5), (1, 4, 2, 3, 5), (3, 4, 1, 5, 2), (2, 1, 3, 4, 5), (2, 4, 3, 5, 1), (4, 2, 5, 3, 1)}
M(AUB) = 
[[4, 2, 1, 3, 5]]
Distance:62

(92)
A = 
{(3, 5, 4, 1, 2), (1, 2, 4, 3, 5), (5, 3, 4, 1, 2), (2, 5, 4, 1, 3), (4, 2, 3, 1, 5), (3, 5, 2, 4, 1), (2, 5, 3, 4, 1), (2, 4, 5, 3, 1), (3, 2, 4, 5, 1)}
M(A) = 
[[2, 3, 4, 1, 5], [2, 3, 4, 5, 1], [3, 2, 4, 1, 5], [3, 2, 4, 5, 1]]
Distance: 30
B = 
{(4, 1, 2, 3, 5), (1, 2, 4, 5, 3), (3, 1, 2, 5, 4), (2, 1, 3, 4, 5), (3, 2, 1, 4, 5), (3, 5, 1, 4, 2), (3, 1, 4, 5, 2), (1, 3, 2, 5, 4), (4, 2, 3, 5, 1)}
M(B) = 
[[2, 3, 4, 1, 5], [2, 3, 4, 5, 1], [3, 2, 4, 1, 5], [3, 2, 4, 5, 1]]
Distance: 28
M(A) inter A:
set()
M(B) inter B:
set()

AUB = 
{(4, 1, 2, 3, 5), (1, 2, 4, 5, 3), (3, 2, 1, 4, 5), (3, 1, 2, 5, 4), (5, 3, 4, 1, 2), (1, 2, 4, 3, 5), (3, 5, 4, 1, 2), (2, 5, 4, 1, 3), (4, 2, 3, 1, 5), (3, 5, 2, 4, 1), (3, 5, 1, 4, 2), (2, 5, 3, 4, 1), (1, 3, 2, 5, 4), (3, 1, 4, 5, 2), (2, 4, 5, 3, 1), (2, 1, 3, 4, 5), (3, 2, 4, 5, 1), (4, 2, 3, 5, 1)}
M(AUB) = 
[[2, 3, 4, 1, 5], [2, 3, 4, 5, 1], [3, 2, 4, 1, 5], [3, 2, 4, 5, 1]]
Distance:73

(93)
A = 
{(2, 5, 3, 1, 4), (3, 2, 5, 1, 4), (5, 4, 1, 3, 2), (4, 2, 3, 1, 5), (4, 5, 2, 1, 3), (3, 1, 4, 5, 2), (1, 4, 3, 5, 2), (4, 3, 1, 2, 5), (5, 2, 4, 3, 1)}
M(A) = 
[[5, 4, 3, 2, 1]]
Distance: 37
B = 
{(3, 1, 5, 2, 4), (3, 2, 1, 5, 4), (1, 5, 4, 3, 2), (3, 4, 2, 1, 5), (5, 3, 2, 4, 1), (2, 5, 4, 3, 1), (4, 3, 1, 2, 5), (5, 4, 2, 3, 1), (5, 3, 1, 2, 4)}
M(B) = 
[[5, 4, 3, 2, 1]]
Distance: 34
M(A) inter A:
set()
M(B) inter B:
{(5, 3, 2, 4, 1)}

AUB = 
{(4, 5, 2, 1, 3), (3, 1, 5, 2, 4), (5, 4, 1, 3, 2), (3, 2, 5, 1, 4), (1, 5, 4, 3, 2), (2, 5, 4, 3, 1), (3, 4, 2, 1, 5), (4, 2, 3, 1, 5), (2, 5, 3, 1, 4), (3, 1, 4, 5, 2), (1, 4, 3, 5, 2), (4, 3, 1, 2, 5), (3, 2, 1, 5, 4), (5, 2, 4, 3, 1), (5, 3, 2, 4, 1), (5, 3, 1, 2, 4), (5, 4, 2, 3, 1)}
M(AUB) = 
[[5, 4, 3, 2, 1]]
Distance:70

(94)
A = 
{(3, 5, 2, 4, 1), (2, 3, 4, 1, 5), (2, 3, 5, 1, 4), (4, 3, 5, 2, 1), (3, 4, 2, 1, 5), (2, 3, 1, 5, 4), (2, 1, 5, 4, 3), (3, 2, 4, 5, 1), (2, 1, 3, 4, 5)}
M(A) = 
[[2, 3, 5, 1, 4], [2, 3, 5, 4, 1]]
Distance: 25
B = 
{(4, 5, 1, 2, 3), (2, 3, 1, 4, 5), (1, 2, 3, 5, 4), (5, 2, 3, 1, 4), (3, 5, 4, 2, 1), (5, 1, 4, 3, 2), (2, 5, 3, 4, 1), (3, 2, 5, 4, 1), (5, 3, 1, 2, 4)}
M(B) = 
[[2, 3, 5, 1, 4], [2, 3, 5, 4, 1]]
Distance: 32
M(A) inter A:
set()
M(B) inter B:
{(5, 2, 3, 1, 4)}

AUB = 
{(2, 3, 5, 1, 4), (2, 3, 4, 1, 5), (2, 3, 1, 4, 5), (1, 2, 3, 5, 4), (2, 3, 1, 5, 4), (4, 3, 5, 2, 1), (4, 5, 1, 2, 3), (3, 4, 2, 1, 5), (5, 2, 3, 1, 4), (5, 3, 1, 2, 4), (3, 5, 2, 4, 1), (5, 1, 4, 3, 2), (3, 5, 4, 2, 1), (2, 5, 3, 4, 1), (2, 1, 5, 4, 3), (3, 2, 4, 5, 1), (2, 1, 3, 4, 5), (3, 2, 5, 4, 1)}
M(AUB) = 
[[2, 3, 5, 1, 4], [2, 3, 5, 4, 1]]
Distance:62

(95)
A = 
{(3, 5, 2, 1, 4), (3, 4, 1, 2, 5), (1, 3, 4, 5, 2), (4, 2, 1, 3, 5), (4, 5, 1, 2, 3), (3, 5, 1, 4, 2), (4, 5, 2, 3, 1), (1, 4, 2, 3, 5), (3, 5, 1, 2, 4)}
M(A) = 
[[3, 1, 4, 5, 2]]
Distance: 34
B = 
{(1, 5, 4, 2, 3), (3, 2, 1, 5, 4), (2, 4, 3, 1, 5), (3, 5, 1, 4, 2), (3, 4, 2, 1, 5), (3, 1, 4, 5, 2), (1, 4, 5, 3, 2), (5, 4, 2, 3, 1), (1, 4, 3, 2, 5)}
M(B) = 
[[3, 1, 4, 5, 2]]
Distance: 33
M(A) inter A:
set()
M(B) inter B:
{(3, 1, 4, 5, 2)}

AUB = 
{(5, 4, 2, 3, 1), (3, 5, 1, 2, 4), (1, 5, 4, 2, 3), (3, 2, 1, 5, 4), (3, 5, 1, 4, 2), (3, 4, 1, 2, 5), (1, 3, 4, 5, 2), (4, 2, 1, 3, 5), (1, 4, 3, 2, 5), (4, 5, 1, 2, 3), (3, 4, 2, 1, 5), (3, 1, 4, 5, 2), (1, 4, 5, 3, 2), (4, 5, 2, 3, 1), (1, 4, 2, 3, 5), (3, 5, 2, 1, 4), (2, 4, 3, 1, 5)}
M(AUB) = 
[[3, 1, 4, 5, 2]]
Distance:65

(96)
A = 
{(4, 1, 3, 2, 5), (4, 3, 5, 2, 1), (3, 2, 1, 4, 5), (5, 3, 4, 1, 2), (2, 3, 1, 5, 4), (2, 5, 4, 3, 1), (1, 4, 5, 3, 2), (3, 2, 5, 4, 1), (5, 3, 2, 1, 4)}
M(A) = 
[[1, 4, 3, 2, 5], [3, 1, 2, 5, 4]]
Distance: 35
B = 
{(1, 2, 5, 4, 3), (1, 5, 3, 4, 2), (1, 2, 4, 3, 5), (2, 5, 1, 4, 3), (3, 1, 2, 4, 5), (1, 4, 5, 2, 3), (2, 5, 4, 3, 1), (1, 4, 3, 2, 5), (5, 4, 3, 2, 1)}
M(B) = 
[[1, 4, 3, 2, 5], [3, 1, 2, 5, 4]]
Distance: 31
M(A) inter A:
set()
M(B) inter B:
{(1, 2, 5, 4, 3)}

AUB = 
{(4, 1, 3, 2, 5), (1, 2, 5, 4, 3), (3, 1, 2, 4, 5), (4, 3, 5, 2, 1), (2, 5, 1, 4, 3), (3, 2, 1, 4, 5), (5, 3, 4, 1, 2), (1, 4, 3, 2, 5), (2, 3, 1, 5, 4), (1, 5, 3, 4, 2), (1, 4, 5, 2, 3), (2, 5, 4, 3, 1), (1, 4, 5, 3, 2), (5, 4, 3, 2, 1), (3, 2, 5, 4, 1), (5, 3, 2, 1, 4), (1, 2, 4, 3, 5)}
M(AUB) = 
[[1, 4, 3, 2, 5], [3, 1, 2, 5, 4]]
Distance:77

(97)
A = 
{(5, 1, 4, 3, 2), (1, 3, 2, 5, 4), (4, 1, 5, 3, 2), (5, 3, 2, 4, 1), (4, 5, 1, 3, 2), (1, 4, 5, 3, 2), (5, 2, 4, 3, 1), (5, 3, 2, 1, 4), (2, 4, 5, 3, 1)}
M(A) = 
[[5, 1, 4, 3, 2]]
Distance: 32
B = 
{(1, 5, 2, 4, 3), (1, 4, 5, 3, 2), (3, 5, 4, 1, 2), (5, 1, 4, 2, 3), (4, 1, 5, 3, 2), (5, 3, 1, 4, 2), (1, 3, 4, 5, 2), (2, 1, 5, 4, 3), (2, 1, 4, 3, 5)}
M(B) = 
[[5, 1, 4, 3, 2]]
Distance: 28
M(A) inter A:
set()
M(B) inter B:
set()

AUB = 
{(5, 3, 2, 4, 1), (1, 5, 2, 4, 3), (3, 5, 4, 1, 2), (5, 3, 2, 1, 4), (4, 1, 5, 3, 2), (5, 1, 4, 3, 2), (5, 1, 4, 2, 3), (4, 5, 1, 3, 2), (5, 3, 1, 4, 2), (1, 4, 5, 3, 2), (1, 3, 4, 5, 2), (2, 1, 5, 4, 3), (5, 2, 4, 3, 1), (2, 1, 4, 3, 5), (1, 3, 2, 5, 4), (2, 4, 5, 3, 1)}
M(AUB) = 
[[5, 1, 4, 3, 2]]
Distance:59

(98)
A = 
{(4, 1, 3, 2, 5), (3, 1, 5, 2, 4), (4, 3, 2, 5, 1), (2, 4, 1, 3, 5), (5, 1, 4, 2, 3), (2, 1, 5, 3, 4), (2, 1, 4, 5, 3), (2, 1, 5, 4, 3), (3, 2, 5, 4, 1)}
M(A) = 
[[2, 5, 1, 3, 4], [2, 5, 1, 4, 3], [5, 2, 1, 3, 4], [5, 2, 1, 4, 3]]
Distance: 34
B = 
{(1, 3, 4, 2, 5), (5, 2, 1, 4, 3), (1, 5, 2, 4, 3), (5, 2, 3, 1, 4), (5, 3, 2, 4, 1), (2, 3, 4, 5, 1), (4, 5, 1, 3, 2), (5, 2, 3, 4, 1), (5, 3, 2, 1, 4)}
M(B) = 
[[2, 5, 1, 3, 4], [2, 5, 1, 4, 3], [5, 2, 1, 3, 4], [5, 2, 1, 4, 3]]
Distance: 29
M(A) inter A:
set()
M(B) inter B:
{(5, 2, 3, 1, 4)}

AUB = 
{(4, 1, 3, 2, 5), (1, 3, 4, 2, 5), (5, 2, 1, 4, 3), (3, 1, 5, 2, 4), (5, 2, 3, 1, 4), (4, 5, 1, 3, 2), (4, 3, 2, 5, 1), (2, 4, 1, 3, 5), (5, 1, 4, 2, 3), (2, 1, 5, 4, 3), (2, 1, 5, 3, 4), (2, 3, 4, 5, 1), (1, 5, 2, 4, 3), (2, 1, 4, 5, 3), (3, 2, 5, 4, 1), (5, 3, 2, 4, 1), (5, 3, 2, 1, 4), (5, 2, 3, 4, 1)}
M(AUB) = 
[[2, 5, 1, 3, 4], [2, 5, 1, 4, 3], [5, 2, 1, 3, 4], [5, 2, 1, 4, 3]]
Distance:75

(99)
A = 
{(4, 1, 2, 3, 5), (1, 2, 5, 4, 3), (3, 1, 2, 5, 4), (3, 2, 1, 5, 4), (1, 3, 5, 4, 2), (5, 3, 2, 4, 1), (4, 5, 1, 3, 2), (4, 3, 1, 2, 5), (2, 3, 4, 5, 1)}
M(A) = 
[[1, 4, 3, 2, 5], [4, 1, 3, 2, 5]]
Distance: 36
B = 
{(3, 5, 2, 4, 1), (2, 4, 1, 5, 3), (1, 5, 2, 4, 3), (1, 5, 4, 3, 2), (2, 4, 1, 3, 5), (4, 1, 5, 3, 2), (5, 1, 3, 4, 2), (3, 1, 4, 2, 5), (1, 4, 2, 3, 5)}
M(B) = 
[[1, 4, 3, 2, 5], [4, 1, 3, 2, 5]]
Distance: 34
M(A) inter A:
set()
M(B) inter B:
set()

AUB = 
{(4, 1, 2, 3, 5), (3, 5, 2, 4, 1), (1, 2, 5, 4, 3), (5, 1, 3, 4, 2), (3, 1, 2, 5, 4), (3, 2, 1, 5, 4), (1, 5, 4, 3, 2), (4, 1, 5, 3, 2), (2, 4, 1, 3, 5), (1, 3, 5, 4, 2), (2, 4, 1, 5, 3), (5, 3, 2, 4, 1), (3, 1, 4, 2, 5), (4, 5, 1, 3, 2), (1, 5, 2, 4, 3), (4, 3, 1, 2, 5), (2, 3, 4, 5, 1), (1, 4, 2, 3, 5)}
M(AUB) = 
[[1, 4, 3, 2, 5], [4, 1, 3, 2, 5]]
Distance:76

