(0)
A = 
{(3, 10, 1, 4, 8, 5, 9, 2, 6, 7), (2, 5, 7, 10, 4, 6, 8, 1, 9, 3), (5, 3, 7, 10, 4, 9, 6, 1, 2, 8)}
M(A) = 
[[5, 3, 7, 10, 4, 1, 9, 2, 6, 8]]
Distance: 37
M(A) inter A:
set()
(1)
A = 
{(6, 3, 1, 8, 7, 4, 5, 10, 9, 2), (4, 8, 7, 2, 1, 3, 5, 6, 10, 9), (4, 5, 9, 1, 10, 8, 2, 3, 6, 7)}
M(A) = 
[[4, 1, 8, 3, 5, 6, 7, 10, 9, 2], [4, 1, 8, 3, 6, 7, 5, 10, 9, 2], [4, 1, 8, 3, 7, 5, 6, 10, 9, 2]]
Distance: 39
M(A) inter A:
set()
(2)
A = 
{(2, 1, 3, 6, 9, 5, 4, 8, 7, 10), (8, 6, 1, 3, 4, 2, 5, 7, 10, 9), (2, 10, 1, 4, 3, 9, 6, 8, 5, 7)}
M(A) = 
[[2, 1, 3, 6, 4, 9, 8, 5, 7, 10]]
Distance: 29
M(A) inter A:
set()
(3)
A = 
{(4, 1, 5, 6, 7, 9, 10, 8, 2, 3), (7, 2, 9, 1, 4, 5, 6, 8, 3, 10), (4, 1, 2, 8, 5, 7, 9, 3, 6, 10)}
M(A) = 
[[4, 1, 2, 5, 7, 9, 6, 8, 3, 10], [4, 1, 5, 7, 2, 9, 6, 8, 3, 10], [4, 1, 7, 2, 5, 9, 6, 8, 3, 10]]
Distance: 25
M(A) inter A:
set()
(4)
A = 
{(3, 2, 6, 5, 9, 1, 7, 4, 10, 8), (3, 2, 5, 8, 9, 4, 1, 10, 6, 7), (4, 2, 6, 3, 5, 8, 1, 7, 9, 10)}
M(A) = 
[[3, 2, 4, 6, 5, 8, 9, 1, 7, 10], [3, 2, 5, 4, 6, 8, 9, 1, 7, 10], [3, 2, 6, 5, 4, 8, 9, 1, 7, 10], [3, 2, 6, 5, 8, 9, 4, 1, 7, 10], [3, 2, 6, 5, 9, 4, 8, 1, 7, 10]]
Distance: 24
M(A) inter A:
set()
(5)
A = 
{(10, 3, 2, 6, 4, 5, 8, 1, 9, 7), (1, 2, 3, 6, 10, 8, 4, 7, 9, 5), (3, 7, 10, 5, 2, 6, 8, 9, 1, 4)}
M(A) = 
[[3, 10, 2, 6, 5, 8, 1, 4, 7, 9], [3, 10, 2, 6, 8, 1, 4, 7, 5, 9]]
Distance: 29
M(A) inter A:
set()
(6)
A = 
{(10, 8, 4, 3, 1, 5, 7, 9, 2, 6), (2, 9, 4, 7, 1, 10, 8, 5, 6, 3), (4, 9, 10, 6, 7, 8, 3, 5, 1, 2)}
M(A) = 
[[4, 9, 10, 7, 8, 3, 1, 5, 2, 6]]
Distance: 34
M(A) inter A:
set()
(7)
A = 
{(9, 4, 7, 2, 3, 6, 10, 1, 5, 8), (3, 1, 2, 7, 6, 4, 8, 5, 9, 10), (3, 4, 5, 9, 6, 7, 8, 10, 1, 2)}
M(A) = 
[[3, 4, 9, 7, 1, 2, 6, 5, 8, 10], [3, 4, 9, 7, 2, 6, 1, 5, 8, 10], [3, 4, 9, 7, 6, 1, 2, 5, 8, 10]]
Distance: 35
M(A) inter A:
set()
(8)
A = 
{(7, 9, 1, 10, 4, 3, 5, 2, 6, 8), (6, 10, 1, 7, 4, 2, 5, 3, 9, 8), (2, 9, 7, 10, 8, 4, 6, 3, 5, 1)}
M(A) = 
[[7, 9, 10, 1, 4, 2, 6, 3, 5, 8]]
Distance: 35
M(A) inter A:
set()
(9)
A = 
{(3, 2, 8, 9, 10, 7, 4, 5, 6, 1), (3, 7, 9, 1, 2, 6, 10, 8, 5, 4), (9, 10, 5, 4, 1, 6, 7, 3, 8, 2)}
M(A) = 
[[3, 9, 2, 10, 7, 5, 4, 1, 6, 8], [3, 9, 2, 10, 7, 8, 5, 4, 1, 6], [3, 9, 7, 2, 10, 5, 4, 1, 6, 8], [3, 9, 7, 2, 10, 8, 5, 4, 1, 6], [3, 9, 10, 7, 1, 2, 8, 5, 4, 6], [3, 9, 10, 7, 2, 8, 5, 4, 1, 6], [3, 9, 10, 7, 2, 5, 4, 1, 6, 8]]
Distance: 40
M(A) inter A:
set()
(10)
A = 
{(2, 3, 1, 4, 7, 5, 6, 9, 8, 10), (2, 6, 1, 7, 3, 4, 5, 10, 9, 8), (2, 1, 6, 5, 3, 4, 7, 9, 8, 10)}
M(A) = 
[[2, 1, 6, 3, 4, 7, 5, 9, 8, 10]]
Distance: 13
M(A) inter A:
set()
(11)
A = 
{(9, 3, 4, 1, 6, 10, 7, 8, 5, 2), (4, 5, 7, 2, 1, 9, 8, 6, 10, 3), (2, 4, 1, 5, 9, 6, 10, 8, 3, 7)}
M(A) = 
[[4, 1, 5, 2, 9, 6, 10, 8, 3, 7], [4, 1, 5, 2, 9, 6, 10, 3, 7, 8], [4, 1, 5, 2, 9, 6, 10, 7, 8, 3], [4, 2, 1, 5, 9, 6, 10, 8, 3, 7], [4, 2, 1, 5, 9, 6, 10, 3, 7, 8], [4, 2, 1, 5, 9, 6, 10, 7, 8, 3], [4, 5, 2, 1, 9, 6, 10, 8, 3, 7], [4, 5, 2, 1, 9, 6, 10, 3, 7, 8], [4, 5, 2, 1, 9, 6, 10, 7, 8, 3]]
Distance: 34
M(A) inter A:
set()
(12)
A = 
{(5, 3, 8, 9, 6, 7, 1, 10, 4, 2), (6, 1, 2, 7, 9, 8, 10, 5, 3, 4), (8, 10, 3, 2, 7, 5, 1, 4, 9, 6)}
M(A) = 
[[8, 3, 6, 2, 7, 5, 1, 9, 10, 4], [8, 3, 6, 7, 1, 10, 2, 5, 9, 4], [8, 5, 3, 6, 1, 2, 7, 9, 10, 4], [8, 5, 3, 6, 2, 7, 1, 9, 10, 4], [8, 5, 3, 6, 7, 1, 9, 10, 2, 4], [8, 5, 3, 6, 7, 1, 2, 9, 10, 4], [8, 5, 3, 6, 7, 1, 10, 2, 9, 4]]
Distance: 45
M(A) inter A:
set()
(13)
A = 
{(8, 7, 6, 9, 4, 2, 1, 10, 5, 3), (2, 3, 4, 8, 1, 6, 5, 10, 9, 7), (1, 2, 10, 6, 7, 9, 3, 5, 4, 8)}
M(A) = 
[[2, 8, 1, 6, 10, 7, 9, 3, 4, 5]]
Distance: 42
M(A) inter A:
set()
(14)
A = 
{(5, 2, 9, 6, 10, 7, 4, 1, 8, 3), (3, 7, 2, 6, 1, 5, 10, 8, 4, 9), (7, 4, 1, 8, 6, 5, 9, 3, 10, 2)}
M(A) = 
[[7, 2, 6, 1, 5, 4, 8, 9, 3, 10], [7, 2, 6, 1, 5, 10, 4, 8, 9, 3], [7, 2, 6, 4, 1, 5, 8, 9, 3, 10], [7, 2, 6, 5, 4, 1, 8, 9, 3, 10], [7, 5, 2, 6, 4, 1, 8, 9, 3, 10], [7, 6, 5, 2, 4, 1, 8, 9, 3, 10]]
Distance: 43
M(A) inter A:
set()
(15)
A = 
{(10, 5, 2, 6, 9, 4, 3, 1, 8, 7), (1, 5, 3, 2, 4, 9, 7, 8, 6, 10), (2, 8, 4, 1, 6, 3, 5, 7, 10, 9)}
M(A) = 
[[5, 2, 4, 1, 6, 3, 9, 8, 7, 10]]
Distance: 38
M(A) inter A:
set()
(16)
A = 
{(1, 3, 2, 4, 5, 6, 7, 8, 9, 10), (5, 8, 4, 9, 2, 7, 6, 10, 1, 3), (1, 2, 3, 4, 5, 6, 7, 8, 9, 10)}
M(A) = 
[[1, 2, 3, 4, 5, 6, 7, 8, 9, 10]]
Distance: 27
M(A) inter A:
{(1, 2, 3, 4, 5, 6, 7, 8, 9, 10)}
(17)
A = 
{(10, 2, 9, 3, 4, 1, 6, 7, 8, 5), (9, 2, 8, 3, 5, 4, 10, 6, 7, 1), (1, 7, 4, 10, 3, 8, 9, 6, 2, 5)}
M(A) = 
[[10, 9, 2, 3, 4, 1, 8, 6, 7, 5], [10, 9, 2, 3, 4, 1, 6, 7, 8, 5], [10, 9, 2, 3, 4, 1, 7, 8, 6, 5]]
Distance: 39
M(A) inter A:
set()
(18)
A = 
{(4, 2, 5, 6, 3, 7, 1, 9, 10, 8), (6, 9, 10, 3, 8, 1, 5, 7, 4, 2), (5, 2, 1, 8, 10, 3, 6, 7, 9, 4)}
M(A) = 
[[5, 2, 6, 3, 1, 9, 10, 8, 7, 4]]
Distance: 44
M(A) inter A:
set()
(19)
A = 
{(1, 8, 10, 5, 7, 4, 6, 9, 3, 2), (2, 3, 4, 9, 1, 7, 6, 5, 8, 10), (5, 10, 8, 9, 7, 3, 6, 2, 4, 1)}
M(A) = 
[[1, 5, 8, 10, 9, 7, 3, 2, 4, 6], [1, 5, 8, 10, 9, 7, 3, 4, 6, 2], [1, 5, 8, 10, 9, 7, 3, 6, 2, 4], [5, 8, 10, 9, 7, 3, 2, 4, 1, 6]]
Distance: 50
M(A) inter A:
set()
(20)
A = 
{(1, 7, 3, 2, 6, 4, 9, 5, 8, 10), (6, 4, 3, 2, 10, 5, 9, 8, 1, 7), (4, 1, 5, 3, 9, 2, 6, 8, 7, 10)}
M(A) = 
[[4, 1, 3, 2, 6, 5, 9, 8, 7, 10]]
Distance: 31
M(A) inter A:
set()
(21)
A = 
{(7, 1, 6, 5, 2, 10, 3, 9, 8, 4), (3, 7, 10, 2, 8, 1, 9, 5, 6, 4), (8, 9, 1, 5, 6, 10, 4, 3, 2, 7)}
M(A) = 
[[7, 1, 5, 6, 10, 3, 2, 8, 9, 4], [7, 8, 1, 5, 6, 10, 3, 2, 9, 4]]
Distance: 43
M(A) inter A:
set()
(22)
A = 
{(4, 7, 5, 10, 2, 9, 6, 8, 1, 3), (4, 2, 1, 8, 5, 6, 9, 10, 7, 3), (6, 9, 10, 4, 1, 5, 2, 8, 7, 3)}
M(A) = 
[[4, 5, 2, 6, 9, 10, 1, 8, 7, 3]]
Distance: 32
M(A) inter A:
set()
(23)
A = 
{(10, 5, 1, 6, 7, 3, 8, 4, 2, 9), (8, 10, 7, 9, 3, 5, 6, 2, 4, 1), (4, 1, 10, 3, 9, 5, 2, 6, 8, 7)}
M(A) = 
[[10, 1, 3, 5, 6, 8, 7, 4, 9, 2], [10, 3, 5, 1, 6, 8, 7, 4, 9, 2], [10, 5, 1, 3, 6, 8, 7, 4, 9, 2]]
Distance: 41
M(A) inter A:
set()
(24)
A = 
{(4, 1, 7, 6, 2, 9, 8, 10, 3, 5), (5, 4, 7, 2, 3, 1, 8, 9, 6, 10), (1, 4, 2, 6, 7, 8, 9, 3, 5, 10)}
M(A) = 
[[4, 1, 7, 2, 6, 8, 9, 3, 5, 10]]
Distance: 23
M(A) inter A:
set()
(25)
A = 
{(8, 3, 4, 1, 10, 2, 5, 9, 7, 6), (5, 6, 4, 1, 2, 9, 10, 8, 7, 3), (4, 2, 7, 6, 10, 5, 1, 3, 8, 9)}
M(A) = 
[[4, 2, 5, 6, 1, 10, 8, 9, 7, 3], [4, 2, 5, 6, 1, 10, 8, 3, 9, 7], [4, 2, 5, 6, 1, 10, 8, 7, 3, 9]]
Distance: 40
M(A) inter A:
set()
(26)
A = 
{(1, 2, 8, 5, 4, 3, 9, 6, 10, 7), (3, 6, 8, 9, 7, 5, 2, 1, 4, 10), (1, 6, 4, 5, 10, 8, 9, 7, 3, 2)}
M(A) = 
[[1, 6, 8, 5, 4, 3, 9, 2, 10, 7], [1, 6, 8, 5, 4, 3, 9, 10, 7, 2], [1, 6, 8, 5, 4, 3, 9, 7, 2, 10]]
Distance: 39
M(A) inter A:
set()
(27)
A = 
{(10, 2, 7, 9, 8, 4, 3, 5, 6, 1), (5, 1, 2, 6, 4, 8, 7, 3, 9, 10), (1, 8, 5, 6, 10, 3, 7, 4, 9, 2)}
M(A) = 
[[5, 1, 2, 8, 6, 10, 7, 4, 3, 9]]
Distance: 44
M(A) inter A:
set()
(28)
A = 
{(5, 1, 2, 7, 8, 4, 10, 9, 6, 3), (9, 2, 6, 8, 1, 5, 10, 7, 4, 3), (3, 9, 1, 4, 5, 2, 8, 7, 10, 6)}
M(A) = 
[[9, 1, 5, 2, 8, 7, 4, 10, 6, 3]]
Distance: 34
M(A) inter A:
set()
(29)
A = 
{(3, 2, 1, 4, 9, 6, 10, 8, 7, 5), (10, 6, 1, 5, 4, 8, 2, 7, 3, 9), (3, 9, 7, 6, 2, 5, 4, 1, 8, 10)}
M(A) = 
[[3, 6, 2, 1, 4, 9, 10, 8, 7, 5], [3, 6, 2, 1, 4, 9, 10, 5, 8, 7], [3, 6, 2, 1, 4, 9, 10, 7, 5, 8]]
Distance: 43
M(A) inter A:
set()
(30)
A = 
{(7, 2, 6, 1, 5, 4, 10, 3, 9, 8), (4, 7, 2, 3, 1, 10, 5, 6, 9, 8), (8, 1, 5, 7, 3, 6, 4, 2, 10, 9)}
M(A) = 
[[7, 2, 1, 5, 3, 6, 4, 10, 9, 8], [7, 2, 1, 5, 4, 3, 6, 10, 9, 8], [7, 2, 1, 5, 6, 4, 3, 10, 9, 8]]
Distance: 31
M(A) inter A:
set()
(31)
A = 
{(1, 2, 4, 8, 3, 5, 10, 7, 9, 6), (7, 5, 1, 4, 10, 8, 3, 2, 6, 9), (1, 3, 9, 5, 2, 10, 4, 7, 6, 8)}
M(A) = 
[[1, 3, 5, 2, 4, 10, 7, 8, 9, 6]]
Distance: 31
M(A) inter A:
set()
(32)
A = 
{(1, 5, 4, 9, 2, 7, 3, 8, 6, 10), (3, 9, 8, 4, 7, 6, 10, 1, 2, 5), (5, 2, 7, 4, 8, 1, 6, 10, 3, 9)}
M(A) = 
[[1, 5, 4, 9, 2, 7, 3, 8, 6, 10], [4, 1, 5, 9, 2, 7, 3, 8, 6, 10], [5, 4, 1, 9, 2, 7, 3, 8, 6, 10]]
Distance: 42
M(A) inter A:
{(1, 5, 4, 9, 2, 7, 3, 8, 6, 10)}
(33)
A = 
{(3, 7, 4, 6, 1, 9, 10, 5, 2, 8), (1, 2, 8, 10, 7, 5, 6, 9, 3, 4), (6, 10, 4, 9, 7, 2, 5, 8, 3, 1)}
M(A) = 
[[6, 10, 7, 4, 1, 9, 2, 5, 8, 3], [7, 6, 1, 10, 4, 9, 2, 5, 8, 3], [7, 6, 4, 1, 10, 9, 2, 5, 8, 3], [7, 6, 10, 4, 1, 9, 2, 5, 8, 3], [10, 7, 6, 4, 1, 9, 2, 5, 8, 3]]
Distance: 45
M(A) inter A:
set()
(34)
A = 
{(3, 10, 1, 9, 8, 4, 6, 5, 7, 2), (1, 3, 5, 4, 2, 7, 6, 9, 10, 8), (1, 3, 6, 4, 9, 5, 10, 7, 2, 8)}
M(A) = 
[[1, 3, 4, 6, 9, 5, 10, 7, 2, 8]]
Distance: 24
M(A) inter A:
set()
(35)
A = 
{(1, 8, 4, 2, 6, 10, 5, 9, 7, 3), (3, 1, 5, 8, 2, 6, 9, 4, 10, 7), (3, 9, 1, 10, 4, 7, 6, 2, 5, 8)}
M(A) = 
[[3, 1, 8, 4, 2, 6, 9, 10, 5, 7], [3, 1, 8, 4, 2, 6, 10, 5, 9, 7], [3, 1, 8, 4, 2, 6, 5, 9, 10, 7]]
Distance: 38
M(A) inter A:
set()
(36)
A = 
{(7, 2, 3, 4, 1, 6, 9, 8, 5, 10), (4, 1, 2, 8, 6, 5, 10, 9, 3, 7), (5, 8, 6, 10, 3, 1, 2, 7, 4, 9)}
M(A) = 
[[1, 2, 4, 8, 6, 5, 10, 3, 7, 9], [2, 4, 1, 8, 6, 5, 10, 3, 7, 9], [4, 1, 2, 8, 6, 5, 10, 3, 7, 9]]
Distance: 42
M(A) inter A:
set()
(37)
A = 
{(1, 8, 3, 2, 9, 5, 6, 7, 4, 10), (4, 2, 7, 6, 10, 3, 5, 1, 9, 8), (8, 5, 2, 9, 3, 1, 10, 6, 7, 4)}
M(A) = 
[[8, 2, 3, 5, 1, 9, 6, 7, 4, 10]]
Distance: 42
M(A) inter A:
set()
(38)
A = 
{(6, 3, 2, 9, 1, 7, 8, 4, 10, 5), (1, 3, 7, 5, 4, 8, 2, 9, 6, 10), (2, 5, 9, 4, 1, 7, 10, 8, 6, 3)}
M(A) = 
[[3, 2, 9, 1, 7, 5, 4, 8, 6, 10]]
Distance: 39
M(A) inter A:
set()
(39)
A = 
{(1, 2, 3, 4, 6, 5, 10, 9, 8, 7), (4, 2, 6, 5, 3, 8, 1, 9, 7, 10), (4, 10, 7, 5, 3, 2, 8, 9, 6, 1)}
M(A) = 
[[4, 2, 3, 6, 5, 1, 10, 8, 9, 7], [4, 2, 3, 6, 5, 8, 1, 10, 9, 7], [4, 2, 3, 6, 5, 10, 8, 1, 9, 7], [4, 2, 5, 3, 6, 1, 10, 8, 9, 7], [4, 2, 5, 3, 6, 8, 1, 10, 9, 7], [4, 2, 5, 3, 6, 10, 8, 1, 9, 7], [4, 2, 6, 5, 3, 1, 10, 8, 9, 7], [4, 2, 6, 5, 3, 8, 1, 10, 9, 7], [4, 2, 6, 5, 3, 10, 8, 1, 9, 7]]
Distance: 34
M(A) inter A:
set()
(40)
A = 
{(7, 10, 8, 4, 6, 9, 5, 3, 2, 1), (8, 2, 9, 3, 4, 10, 7, 5, 6, 1), (9, 2, 10, 7, 1, 3, 8, 6, 4, 5)}
M(A) = 
[[8, 9, 2, 10, 7, 3, 4, 6, 5, 1], [9, 2, 10, 7, 8, 3, 4, 6, 5, 1]]
Distance: 33
M(A) inter A:
set()
(41)
A = 
{(1, 6, 9, 7, 5, 2, 10, 8, 3, 4), (2, 3, 6, 4, 10, 9, 1, 8, 7, 5), (1, 2, 3, 4, 5, 8, 6, 7, 9, 10)}
M(A) = 
[[1, 2, 3, 6, 4, 9, 7, 5, 10, 8]]
Distance: 35
M(A) inter A:
set()
(42)
A = 
{(9, 10, 7, 4, 5, 1, 8, 2, 3, 6), (9, 1, 7, 6, 2, 3, 5, 10, 4, 8), (4, 6, 10, 2, 5, 3, 9, 1, 7, 8)}
M(A) = 
[[9, 10, 1, 7, 4, 6, 2, 5, 3, 8], [9, 10, 4, 1, 7, 6, 2, 5, 3, 8], [9, 10, 7, 4, 1, 6, 2, 5, 3, 8]]
Distance: 39
M(A) inter A:
set()
(43)
A = 
{(6, 1, 8, 2, 4, 7, 3, 9, 5, 10), (8, 6, 9, 1, 5, 4, 2, 10, 3, 7), (1, 2, 8, 7, 10, 9, 3, 6, 4, 5)}
M(A) = 
[[1, 8, 6, 2, 4, 7, 9, 10, 3, 5], [1, 8, 6, 2, 4, 7, 9, 3, 5, 10], [1, 8, 6, 2, 4, 7, 9, 5, 10, 3], [1, 8, 6, 2, 7, 9, 4, 10, 3, 5], [1, 8, 6, 2, 7, 9, 4, 3, 5, 10], [1, 8, 6, 2, 7, 9, 4, 5, 10, 3], [1, 8, 6, 2, 9, 4, 7, 10, 3, 5], [1, 8, 6, 2, 9, 4, 7, 3, 5, 10], [1, 8, 6, 2, 9, 4, 7, 5, 10, 3], [6, 1, 8, 2, 4, 7, 9, 10, 3, 5], [6, 1, 8, 2, 4, 7, 9, 3, 5, 10], [6, 1, 8, 2, 4, 7, 9, 5, 10, 3], [6, 1, 8, 2, 7, 9, 4, 10, 3, 5], [6, 1, 8, 2, 7, 9, 4, 3, 5, 10], [6, 1, 8, 2, 7, 9, 4, 5, 10, 3], [6, 1, 8, 2, 9, 4, 7, 10, 3, 5], [6, 1, 8, 2, 9, 4, 7, 3, 5, 10], [6, 1, 8, 2, 9, 4, 7, 5, 10, 3], [8, 6, 1, 2, 4, 7, 9, 10, 3, 5], [8, 6, 1, 2, 4, 7, 9, 3, 5, 10], [8, 6, 1, 2, 4, 7, 9, 5, 10, 3], [8, 6, 1, 2, 7, 9, 4, 10, 3, 5], [8, 6, 1, 2, 7, 9, 4, 3, 5, 10], [8, 6, 1, 2, 7, 9, 4, 5, 10, 3], [8, 6, 1, 2, 9, 4, 7, 10, 3, 5], [8, 6, 1, 2, 9, 4, 7, 3, 5, 10], [8, 6, 1, 2, 9, 4, 7, 5, 10, 3]]
Distance: 30
M(A) inter A:
set()
(44)
A = 
{(3, 1, 4, 5, 2, 10, 7, 9, 8, 6), (6, 5, 9, 7, 10, 8, 1, 4, 3, 2), (3, 6, 7, 5, 8, 9, 1, 2, 4, 10)}
M(A) = 
[[3, 6, 5, 7, 9, 8, 1, 4, 2, 10]]
Distance: 38
M(A) inter A:
set()
(45)
A = 
{(7, 4, 2, 1, 5, 8, 3, 6, 9, 10), (6, 2, 9, 4, 5, 7, 8, 1, 10, 3), (6, 4, 5, 10, 3, 7, 1, 8, 2, 9)}
M(A) = 
[[6, 4, 2, 5, 7, 1, 8, 9, 10, 3], [6, 4, 2, 5, 7, 1, 8, 10, 3, 9], [6, 4, 2, 5, 7, 1, 8, 3, 9, 10], [6, 4, 5, 7, 2, 1, 8, 9, 10, 3], [6, 4, 5, 7, 2, 1, 8, 10, 3, 9], [6, 4, 5, 7, 2, 1, 8, 3, 9, 10], [6, 4, 7, 2, 5, 1, 8, 9, 10, 3], [6, 4, 7, 2, 5, 1, 8, 10, 3, 9], [6, 4, 7, 2, 5, 1, 8, 3, 9, 10]]
Distance: 34
M(A) inter A:
set()
(46)
A = 
{(4, 7, 10, 1, 9, 2, 8, 5, 6, 3), (7, 2, 1, 5, 4, 9, 6, 8, 3, 10), (6, 3, 8, 4, 2, 9, 7, 1, 10, 5)}
M(A) = 
[[4, 7, 2, 1, 9, 8, 5, 6, 3, 10], [4, 7, 2, 1, 9, 5, 6, 8, 3, 10], [4, 7, 2, 1, 9, 6, 8, 10, 5, 3], [4, 7, 2, 1, 9, 6, 8, 3, 10, 5], [4, 7, 2, 1, 9, 6, 8, 5, 3, 10]]
Distance: 39
M(A) inter A:
set()
(47)
A = 
{(7, 4, 2, 10, 1, 6, 9, 3, 5, 8), (2, 1, 3, 7, 8, 5, 6, 9, 4, 10), (5, 9, 8, 4, 3, 1, 10, 2, 6, 7)}
M(A) = 
[[2, 1, 3, 7, 5, 9, 8, 4, 10, 6]]
Distance: 47
M(A) inter A:
set()
(48)
A = 
{(10, 6, 1, 4, 9, 2, 7, 8, 5, 3), (7, 3, 8, 6, 9, 5, 4, 10, 1, 2), (1, 4, 5, 3, 6, 10, 9, 2, 7, 8)}
M(A) = 
[[6, 1, 4, 3, 10, 9, 2, 7, 8, 5], [6, 1, 4, 5, 3, 10, 9, 2, 7, 8]]
Distance: 44
M(A) inter A:
set()
(49)
A = 
{(4, 6, 2, 5, 1, 3, 8, 7, 9, 10), (10, 8, 3, 1, 9, 4, 5, 2, 7, 6), (9, 5, 10, 4, 6, 2, 3, 8, 7, 1)}
M(A) = 
[[9, 4, 5, 10, 6, 2, 3, 8, 1, 7], [9, 5, 10, 4, 6, 2, 3, 8, 1, 7], [9, 10, 4, 5, 6, 2, 3, 8, 1, 7]]
Distance: 42
M(A) inter A:
set()
(50)
A = 
{(3, 2, 10, 1, 6, 4, 9, 8, 5, 7), (8, 3, 1, 9, 7, 5, 2, 4, 10, 6), (9, 7, 6, 1, 10, 3, 2, 4, 5, 8)}
M(A) = 
[[3, 1, 9, 7, 2, 10, 6, 4, 8, 5]]
Distance: 38
M(A) inter A:
set()
(51)
A = 
{(10, 5, 6, 3, 4, 8, 2, 7, 9, 1), (4, 1, 10, 2, 6, 8, 5, 7, 9, 3), (8, 2, 7, 1, 6, 10, 3, 5, 9, 4)}
M(A) = 
[[10, 4, 8, 2, 1, 6, 5, 7, 3, 9], [10, 6, 4, 8, 2, 1, 5, 7, 3, 9], [10, 6, 4, 8, 2, 5, 7, 1, 3, 9], [10, 6, 4, 8, 2, 7, 1, 5, 3, 9]]
Distance: 40
M(A) inter A:
set()
(52)
A = 
{(2, 5, 1, 9, 4, 3, 10, 8, 7, 6), (2, 9, 4, 6, 3, 5, 7, 10, 8, 1), (8, 1, 9, 4, 10, 6, 7, 5, 2, 3)}
M(A) = 
[[2, 1, 9, 4, 5, 3, 10, 8, 6, 7], [2, 1, 9, 4, 6, 5, 3, 10, 8, 7]]
Distance: 39
M(A) inter A:
set()
(53)
A = 
{(2, 7, 1, 4, 5, 3, 9, 8, 10, 6), (1, 5, 6, 2, 4, 3, 8, 9, 10, 7), (4, 8, 3, 2, 6, 5, 10, 1, 7, 9)}
M(A) = 
[[2, 1, 4, 5, 3, 8, 6, 9, 10, 7], [2, 1, 4, 5, 3, 8, 6, 10, 7, 9], [2, 1, 4, 5, 3, 8, 6, 7, 9, 10]]
Distance: 33
M(A) inter A:
set()
(54)
A = 
{(7, 4, 2, 5, 10, 1, 9, 8, 6, 3), (1, 9, 7, 8, 3, 5, 4, 2, 6, 10), (7, 6, 5, 1, 9, 8, 3, 4, 10, 2)}
M(A) = 
[[7, 5, 1, 9, 8, 3, 4, 2, 6, 10]]
Distance: 30
M(A) inter A:
set()
(55)
A = 
{(9, 4, 7, 8, 2, 1, 5, 3, 10, 6), (8, 5, 4, 3, 1, 7, 10, 6, 2, 9), (1, 4, 2, 8, 3, 7, 6, 10, 9, 5)}
M(A) = 
[[4, 8, 1, 7, 2, 5, 3, 10, 6, 9]]
Distance: 32
M(A) inter A:
set()
(56)
A = 
{(3, 2, 5, 1, 10, 4, 6, 9, 8, 7), (10, 3, 5, 8, 4, 2, 6, 1, 9, 7), (2, 9, 10, 6, 5, 7, 8, 1, 4, 3)}
M(A) = 
[[2, 10, 3, 5, 6, 8, 1, 4, 9, 7], [3, 2, 10, 5, 6, 8, 1, 4, 9, 7], [10, 3, 2, 5, 6, 8, 1, 4, 9, 7]]
Distance: 34
M(A) inter A:
set()
(57)
A = 
{(2, 1, 3, 10, 6, 4, 9, 7, 5, 8), (10, 2, 9, 4, 3, 7, 5, 8, 6, 1), (10, 5, 9, 6, 2, 7, 1, 4, 3, 8)}
M(A) = 
[[10, 2, 9, 3, 6, 4, 7, 5, 1, 8], [10, 2, 9, 4, 3, 5, 6, 7, 1, 8], [10, 2, 9, 4, 3, 6, 7, 5, 1, 8], [10, 2, 9, 4, 3, 7, 5, 6, 1, 8], [10, 2, 9, 6, 1, 4, 3, 7, 5, 8], [10, 2, 9, 6, 4, 3, 7, 5, 1, 8]]
Distance: 32
M(A) inter A:
set()
(58)
A = 
{(2, 9, 6, 7, 5, 3, 1, 8, 10, 4), (9, 8, 10, 1, 6, 3, 4, 5, 2, 7), (2, 3, 4, 5, 8, 9, 1, 6, 7, 10)}
M(A) = 
[[2, 9, 3, 5, 8, 1, 6, 10, 4, 7], [2, 9, 3, 5, 8, 1, 6, 4, 7, 10], [2, 9, 3, 5, 8, 1, 6, 7, 10, 4], [2, 9, 3, 8, 1, 6, 4, 5, 7, 10], [2, 9, 6, 3, 5, 8, 1, 10, 4, 7], [2, 9, 6, 3, 5, 8, 1, 4, 7, 10], [2, 9, 6, 3, 5, 8, 1, 7, 10, 4]]
Distance: 41
M(A) inter A:
set()
(59)
A = 
{(9, 3, 2, 5, 6, 8, 10, 7, 4, 1), (5, 8, 7, 1, 3, 10, 9, 6, 2, 4), (1, 2, 7, 10, 9, 3, 8, 6, 5, 4)}
M(A) = 
[[1, 9, 3, 2, 5, 8, 7, 10, 6, 4], [7, 1, 9, 3, 2, 5, 8, 10, 6, 4], [9, 3, 2, 5, 8, 7, 1, 10, 6, 4]]
Distance: 41
M(A) inter A:
set()
(60)
A = 
{(8, 1, 6, 2, 4, 7, 10, 9, 3, 5), (1, 8, 10, 4, 2, 6, 5, 9, 7, 3), (3, 1, 9, 2, 8, 10, 4, 7, 5, 6)}
M(A) = 
[[1, 8, 2, 10, 4, 6, 9, 7, 3, 5]]
Distance: 28
M(A) inter A:
set()
(61)
A = 
{(10, 2, 1, 9, 3, 8, 7, 4, 6, 5), (1, 10, 4, 9, 3, 7, 2, 5, 8, 6), (3, 10, 2, 1, 9, 6, 5, 8, 4, 7)}
M(A) = 
[[10, 2, 1, 9, 3, 8, 4, 7, 6, 5]]
Distance: 23
M(A) inter A:
set()
(62)
A = 
{(1, 3, 2, 4, 5, 6, 7, 8, 9, 10), (3, 5, 6, 10, 8, 9, 7, 1, 2, 4), (9, 7, 6, 10, 8, 1, 3, 4, 5, 2)}
M(A) = 
[[3, 5, 6, 9, 7, 10, 8, 1, 2, 4]]
Distance: 42
M(A) inter A:
set()
(63)
A = 
{(8, 9, 3, 2, 4, 6, 7, 10, 5, 1), (6, 5, 2, 3, 9, 4, 10, 1, 8, 7), (4, 7, 6, 8, 2, 10, 1, 9, 5, 3)}
M(A) = 
[[6, 8, 2, 9, 3, 4, 7, 10, 5, 1]]
Distance: 39
M(A) inter A:
set()
(64)
A = 
{(3, 9, 6, 8, 1, 2, 10, 4, 5, 7), (3, 9, 5, 8, 4, 10, 1, 6, 2, 7), (5, 6, 3, 2, 7, 10, 9, 4, 1, 8)}
M(A) = 
[[3, 9, 5, 6, 8, 2, 10, 4, 1, 7]]
Distance: 32
M(A) inter A:
set()
(65)
A = 
{(1, 2, 9, 5, 4, 3, 6, 10, 8, 7), (3, 10, 4, 5, 8, 6, 7, 1, 2, 9), (9, 7, 5, 3, 2, 8, 1, 6, 10, 4)}
M(A) = 
[[5, 3, 1, 2, 9, 10, 4, 8, 6, 7], [9, 5, 3, 1, 2, 10, 4, 8, 6, 7]]
Distance: 46
M(A) inter A:
set()
(66)
A = 
{(5, 4, 1, 9, 6, 8, 3, 7, 10, 2), (3, 4, 8, 5, 9, 7, 10, 2, 1, 6), (10, 3, 8, 5, 1, 6, 7, 9, 2, 4)}
M(A) = 
[[3, 4, 8, 5, 1, 9, 10, 6, 7, 2], [3, 4, 8, 5, 1, 9, 6, 7, 10, 2], [3, 4, 8, 5, 1, 9, 7, 10, 6, 2], [3, 4, 8, 5, 9, 10, 1, 6, 7, 2], [3, 4, 8, 5, 10, 1, 9, 6, 7, 2], [3, 5, 4, 8, 1, 9, 10, 6, 7, 2], [3, 5, 4, 8, 1, 9, 6, 7, 10, 2], [3, 5, 4, 8, 1, 9, 7, 10, 6, 2], [3, 5, 4, 8, 9, 10, 1, 6, 7, 2], [3, 5, 4, 8, 10, 1, 9, 6, 7, 2], [3, 8, 5, 4, 1, 9, 10, 6, 7, 2], [3, 8, 5, 4, 1, 9, 6, 7, 10, 2], [3, 8, 5, 4, 1, 9, 7, 10, 6, 2], [3, 8, 5, 4, 9, 10, 1, 6, 7, 2], [3, 8, 5, 4, 10, 1, 9, 6, 7, 2]]
Distance: 35
M(A) inter A:
set()
(67)
A = 
{(9, 10, 1, 6, 8, 5, 7, 2, 3, 4), (1, 5, 4, 6, 2, 8, 9, 3, 7, 10), (7, 6, 10, 3, 2, 8, 4, 5, 9, 1)}
M(A) = 
[[1, 6, 8, 5, 9, 7, 10, 2, 3, 4], [1, 6, 10, 2, 8, 5, 9, 7, 3, 4], [1, 6, 10, 5, 2, 8, 9, 7, 3, 4], [1, 6, 10, 8, 5, 9, 7, 2, 3, 4], [1, 6, 10, 8, 5, 2, 9, 7, 3, 4], [1, 6, 10, 8, 5, 7, 2, 9, 3, 4], [1, 6, 10, 8, 5, 7, 2, 3, 4, 9], [1, 6, 10, 8, 5, 7, 2, 4, 9, 3], [6, 9, 10, 1, 8, 5, 7, 2, 3, 4], [6, 10, 1, 2, 8, 5, 9, 7, 3, 4], [6, 10, 1, 5, 2, 8, 9, 7, 3, 4], [6, 10, 1, 8, 5, 9, 7, 2, 3, 4], [6, 10, 1, 8, 5, 2, 9, 7, 3, 4], [6, 10, 1, 8, 5, 7, 2, 9, 3, 4], [6, 10, 1, 8, 5, 7, 2, 3, 4, 9], [6, 10, 1, 8, 5, 7, 2, 4, 9, 3], [10, 1, 6, 2, 8, 5, 9, 7, 3, 4], [10, 1, 6, 5, 2, 8, 9, 7, 3, 4], [10, 1, 6, 8, 5, 9, 7, 2, 3, 4], [10, 1, 6, 8, 5, 2, 9, 7, 3, 4], [10, 1, 6, 8, 5, 7, 2, 9, 3, 4], [10, 1, 6, 8, 5, 7, 2, 3, 4, 9], [10, 1, 6, 8, 5, 7, 2, 4, 9, 3]]
Distance: 49
M(A) inter A:
set()
(68)
A = 
{(5, 2, 1, 3, 6, 8, 9, 10, 4, 7), (2, 5, 9, 4, 3, 6, 10, 8, 1, 7), (4, 5, 7, 3, 10, 8, 1, 2, 6, 9)}
M(A) = 
[[5, 2, 4, 3, 6, 10, 8, 1, 9, 7]]
Distance: 35
M(A) inter A:
set()
(69)
A = 
{(5, 1, 4, 3, 10, 8, 9, 2, 6, 7), (10, 5, 8, 4, 1, 7, 6, 2, 9, 3), (1, 9, 8, 4, 5, 7, 2, 6, 10, 3)}
M(A) = 
[[5, 1, 4, 10, 8, 9, 7, 2, 6, 3], [5, 1, 8, 4, 10, 9, 7, 2, 6, 3], [5, 1, 10, 8, 4, 9, 7, 2, 6, 3]]
Distance: 30
M(A) inter A:
set()
(70)
A = 
{(7, 8, 3, 2, 1, 6, 9, 4, 5, 10), (4, 9, 8, 2, 3, 7, 1, 5, 6, 10), (7, 3, 5, 2, 10, 8, 4, 1, 6, 9)}
M(A) = 
[[7, 8, 3, 2, 4, 1, 9, 5, 6, 10], [7, 8, 3, 2, 4, 1, 5, 6, 9, 10], [7, 8, 3, 2, 4, 1, 6, 9, 5, 10]]
Distance: 31
M(A) inter A:
set()
(71)
A = 
{(5, 2, 3, 9, 1, 8, 4, 7, 10, 6), (1, 6, 8, 10, 3, 4, 5, 2, 9, 7), (1, 7, 8, 6, 4, 5, 2, 10, 3, 9)}
M(A) = 
[[1, 8, 6, 4, 5, 2, 10, 3, 9, 7]]
Distance: 37
M(A) inter A:
set()
(72)
A = 
{(9, 6, 8, 4, 10, 3, 1, 5, 2, 7), (6, 7, 8, 3, 1, 10, 9, 4, 2, 5), (6, 5, 2, 3, 1, 8, 9, 4, 7, 10)}
M(A) = 
[[6, 8, 3, 1, 9, 4, 10, 5, 2, 7]]
Distance: 34
M(A) inter A:
set()
(73)
A = 
{(2, 7, 5, 8, 6, 10, 3, 4, 9, 1), (9, 7, 3, 10, 5, 4, 8, 2, 1, 6), (9, 6, 4, 1, 8, 2, 5, 3, 7, 10)}
M(A) = 
[[9, 2, 7, 5, 8, 6, 3, 10, 4, 1]]
Distance: 45
M(A) inter A:
set()
(74)
A = 
{(10, 2, 6, 9, 4, 5, 1, 3, 7, 8), (5, 10, 6, 4, 8, 3, 7, 1, 9, 2), (4, 2, 10, 7, 5, 8, 9, 6, 1, 3)}
M(A) = 
[[10, 4, 2, 5, 6, 7, 8, 9, 1, 3]]
Distance: 32
M(A) inter A:
set()
(75)
A = 
{(8, 3, 7, 9, 4, 2, 1, 6, 5, 10), (9, 1, 4, 5, 3, 8, 10, 6, 2, 7), (4, 1, 7, 3, 8, 9, 10, 5, 2, 6)}
M(A) = 
[[4, 1, 3, 8, 7, 9, 5, 10, 2, 6]]
Distance: 30
M(A) inter A:
set()
(76)
A = 
{(7, 2, 1, 6, 4, 3, 9, 8, 5, 10), (1, 4, 5, 3, 7, 2, 8, 6, 9, 10), (5, 2, 9, 4, 7, 6, 8, 1, 10, 3)}
M(A) = 
[[1, 4, 5, 7, 2, 6, 3, 9, 8, 10], [2, 1, 4, 5, 7, 6, 3, 9, 8, 10], [4, 5, 7, 2, 1, 6, 3, 9, 8, 10], [5, 7, 2, 1, 4, 6, 3, 9, 8, 10], [7, 2, 1, 4, 5, 6, 3, 9, 8, 10]]
Distance: 32
M(A) inter A:
set()
(77)
A = 
{(3, 4, 2, 8, 6, 5, 1, 7, 10, 9), (10, 4, 8, 2, 7, 1, 3, 6, 5, 9), (10, 9, 2, 8, 1, 5, 4, 7, 3, 6)}
M(A) = 
[[10, 4, 2, 8, 1, 7, 3, 6, 5, 9]]
Distance: 34
M(A) inter A:
set()
(78)
A = 
{(1, 6, 9, 2, 7, 3, 10, 4, 5, 8), (3, 5, 9, 2, 8, 1, 7, 10, 4, 6), (1, 3, 6, 5, 9, 2, 4, 7, 10, 8)}
M(A) = 
[[1, 3, 6, 5, 9, 2, 7, 10, 4, 8]]
Distance: 26
M(A) inter A:
set()
(79)
A = 
{(6, 7, 10, 3, 8, 1, 2, 4, 5, 9), (10, 3, 4, 5, 9, 6, 7, 2, 1, 8), (7, 10, 5, 3, 1, 6, 2, 9, 4, 8)}
M(A) = 
[[7, 10, 3, 5, 6, 1, 2, 4, 9, 8]]
Distance: 29
M(A) inter A:
set()
(80)
A = 
{(3, 1, 6, 9, 8, 5, 4, 2, 10, 7), (1, 4, 2, 3, 5, 6, 8, 7, 9, 10), (6, 8, 1, 2, 5, 10, 3, 4, 9, 7)}
M(A) = 
[[1, 3, 6, 8, 2, 5, 4, 9, 10, 7], [1, 3, 6, 8, 4, 2, 5, 9, 10, 7], [1, 3, 6, 8, 5, 4, 2, 9, 10, 7]]
Distance: 28
M(A) inter A:
set()
(81)
A = 
{(8, 7, 2, 6, 10, 4, 9, 3, 5, 1), (2, 8, 3, 1, 6, 10, 7, 4, 9, 5), (3, 9, 1, 6, 5, 8, 7, 4, 10, 2)}
M(A) = 
[[8, 2, 3, 1, 6, 7, 10, 4, 9, 5]]
Distance: 37
M(A) inter A:
set()
(82)
A = 
{(4, 7, 6, 10, 5, 3, 9, 2, 8, 1), (5, 8, 4, 3, 9, 6, 7, 10, 2, 1), (4, 2, 8, 1, 7, 10, 5, 3, 9, 6)}
M(A) = 
[[4, 8, 7, 10, 5, 3, 9, 6, 2, 1]]
Distance: 35
M(A) inter A:
set()
(83)
A = 
{(2, 1, 7, 8, 6, 5, 9, 4, 10, 3), (4, 7, 8, 1, 6, 9, 3, 2, 5, 10), (6, 4, 7, 2, 1, 3, 9, 10, 5, 8)}
M(A) = 
[[4, 7, 2, 1, 8, 6, 9, 3, 5, 10]]
Distance: 29
M(A) inter A:
set()
(84)
A = 
{(7, 1, 5, 4, 9, 10, 6, 2, 8, 3), (5, 2, 6, 8, 1, 10, 9, 3, 4, 7), (4, 1, 3, 5, 2, 9, 7, 6, 10, 8)}
M(A) = 
[[1, 5, 4, 2, 9, 7, 6, 10, 8, 3]]
Distance: 36
M(A) inter A:
set()
(85)
A = 
{(3, 1, 2, 5, 10, 4, 7, 9, 6, 8), (7, 3, 1, 5, 10, 2, 9, 8, 6, 4), (9, 6, 1, 8, 10, 4, 3, 7, 5, 2)}
M(A) = 
[[3, 1, 5, 10, 7, 2, 9, 6, 8, 4], [3, 1, 7, 5, 10, 2, 9, 6, 8, 4], [3, 1, 10, 7, 5, 2, 9, 6, 8, 4]]
Distance: 37
M(A) inter A:
set()
(86)
A = 
{(2, 5, 10, 6, 3, 1, 4, 7, 8, 9), (4, 9, 1, 5, 10, 6, 2, 3, 7, 8), (2, 7, 9, 3, 10, 1, 8, 5, 4, 6)}
M(A) = 
[[2, 9, 5, 10, 3, 1, 4, 6, 7, 8]]
Distance: 40
M(A) inter A:
set()
(87)
A = 
{(1, 6, 9, 7, 4, 2, 3, 5, 10, 8), (3, 10, 8, 1, 7, 6, 9, 2, 5, 4), (5, 10, 2, 4, 6, 7, 8, 1, 3, 9)}
M(A) = 
[[10, 1, 6, 7, 2, 3, 9, 5, 4, 8], [10, 1, 6, 7, 3, 9, 2, 5, 4, 8], [10, 1, 6, 7, 9, 2, 3, 5, 4, 8], [10, 1, 6, 7, 9, 2, 4, 3, 5, 8], [10, 1, 6, 7, 9, 2, 5, 4, 3, 8]]
Distance: 48
M(A) inter A:
set()
(88)
A = 
{(7, 3, 8, 1, 4, 5, 10, 2, 9, 6), (2, 3, 8, 10, 1, 4, 7, 6, 9, 5), (9, 8, 2, 10, 5, 1, 3, 4, 6, 7)}
M(A) = 
[[2, 3, 8, 10, 1, 4, 7, 9, 5, 6], [3, 8, 2, 10, 1, 4, 7, 9, 5, 6], [8, 2, 3, 10, 1, 4, 7, 9, 5, 6]]
Distance: 34
M(A) inter A:
set()
(89)
A = 
{(9, 1, 3, 4, 7, 5, 8, 2, 6, 10), (8, 9, 10, 1, 3, 4, 7, 2, 5, 6), (2, 10, 1, 5, 4, 7, 9, 8, 6, 3)}
M(A) = 
[[9, 10, 1, 3, 4, 7, 8, 2, 5, 6], [9, 10, 1, 3, 4, 7, 2, 5, 8, 6], [9, 10, 1, 3, 4, 7, 5, 8, 2, 6]]
Distance: 36
M(A) inter A:
set()
(90)
A = 
{(10, 6, 8, 4, 5, 2, 7, 3, 9, 1), (3, 2, 1, 7, 8, 6, 4, 10, 5, 9), (4, 2, 5, 6, 1, 8, 10, 9, 7, 3)}
M(A) = 
[[2, 6, 1, 8, 4, 10, 5, 7, 3, 9], [2, 6, 4, 1, 8, 10, 5, 7, 3, 9], [2, 6, 8, 4, 1, 10, 5, 7, 3, 9], [2, 6, 8, 4, 5, 1, 10, 7, 3, 9], [2, 6, 8, 4, 10, 5, 1, 7, 3, 9], [2, 6, 8, 4, 10, 5, 3, 1, 7, 9], [2, 6, 8, 4, 10, 5, 7, 3, 1, 9], [4, 2, 6, 1, 8, 10, 5, 7, 3, 9], [6, 4, 2, 1, 8, 10, 5, 7, 3, 9]]
Distance: 40
M(A) inter A:
set()
(91)
A = 
{(9, 5, 3, 2, 4, 1, 6, 8, 7, 10), (2, 7, 6, 3, 9, 10, 4, 5, 1, 8), (7, 2, 3, 1, 5, 9, 4, 8, 6, 10)}
M(A) = 
[[2, 7, 3, 9, 5, 4, 1, 6, 8, 10]]
Distance: 28
M(A) inter A:
set()
(92)
A = 
{(4, 5, 10, 9, 7, 2, 3, 6, 1, 8), (9, 2, 10, 1, 5, 7, 8, 4, 3, 6), (3, 2, 1, 4, 5, 10, 7, 6, 8, 9)}
M(A) = 
[[2, 1, 4, 5, 10, 9, 7, 3, 6, 8], [2, 4, 5, 10, 9, 1, 7, 3, 6, 8], [2, 4, 5, 10, 9, 3, 1, 7, 6, 8], [2, 4, 5, 10, 9, 7, 3, 1, 6, 8]]
Distance: 35
M(A) inter A:
set()
(93)
A = 
{(8, 7, 6, 10, 9, 2, 5, 1, 4, 3), (4, 5, 3, 10, 2, 1, 7, 8, 9, 6), (2, 5, 3, 1, 8, 4, 6, 10, 9, 7)}
M(A) = 
[[2, 5, 3, 1, 8, 4, 10, 7, 6, 9], [2, 5, 3, 1, 8, 4, 6, 10, 7, 9], [2, 5, 3, 1, 8, 4, 7, 6, 10, 9]]
Distance: 43
M(A) inter A:
set()
(94)
A = 
{(10, 9, 3, 2, 6, 7, 8, 5, 1, 4), (7, 10, 8, 9, 6, 1, 4, 3, 2, 5), (8, 2, 3, 1, 6, 9, 5, 7, 4, 10)}
M(A) = 
[[10, 8, 9, 3, 2, 6, 7, 1, 5, 4]]
Distance: 36
M(A) inter A:
set()
(95)
A = 
{(2, 1, 10, 4, 3, 9, 5, 7, 8, 6), (10, 2, 6, 1, 9, 5, 3, 4, 8, 7), (2, 1, 6, 4, 8, 3, 5, 7, 10, 9)}
M(A) = 
[[2, 1, 10, 6, 4, 3, 9, 5, 8, 7]]
Distance: 26
M(A) inter A:
set()
(96)
A = 
{(6, 8, 2, 1, 4, 9, 10, 5, 3, 7), (10, 4, 7, 1, 9, 3, 5, 6, 2, 8), (10, 1, 9, 6, 7, 4, 5, 8, 3, 2)}
M(A) = 
[[10, 1, 4, 9, 6, 7, 5, 8, 3, 2], [10, 1, 6, 4, 9, 7, 5, 8, 3, 2], [10, 1, 9, 6, 4, 7, 5, 8, 3, 2]]
Distance: 34
M(A) inter A:
set()
(97)
A = 
{(8, 7, 6, 10, 5, 2, 3, 1, 9, 4), (7, 6, 1, 4, 8, 5, 10, 2, 9, 3), (4, 3, 8, 2, 1, 6, 5, 9, 7, 10)}
M(A) = 
[[8, 7, 6, 1, 4, 5, 10, 2, 3, 9]]
Distance: 37
M(A) inter A:
set()
(98)
A = 
{(4, 1, 3, 2, 5, 7, 10, 6, 8, 9), (2, 6, 5, 9, 4, 7, 10, 8, 1, 3), (1, 3, 8, 2, 4, 6, 5, 10, 7, 9)}
M(A) = 
[[4, 1, 3, 2, 6, 5, 7, 10, 8, 9]]
Distance: 34
M(A) inter A:
set()
(99)
A = 
{(8, 2, 1, 9, 7, 5, 10, 4, 6, 3), (9, 1, 4, 8, 3, 10, 7, 5, 6, 2), (4, 5, 3, 7, 8, 10, 9, 1, 6, 2)}
M(A) = 
[[8, 9, 1, 4, 3, 7, 5, 10, 6, 2], [8, 9, 1, 4, 5, 3, 7, 10, 6, 2], [8, 9, 1, 4, 7, 5, 3, 10, 6, 2]]
Distance: 37
M(A) inter A:
set()
