(0)
A = 
{(2, 12, 3, 5, 6, 10, 11, 4, 9, 7, 1, 8), (2, 3, 5, 1, 6, 4, 7, 9, 11, 8, 12, 10), (12, 4, 5, 2, 9, 7, 3, 6, 11, 1, 10, 8)}
M(A) = 
[[2, 12, 3, 5, 6, 4, 9, 7, 11, 1, 10, 8]]
Distance: 35
M(A) inter A:
set()
(1)
A = 
{(11, 1, 12, 2, 4, 3, 6, 9, 5, 10, 7, 8), (4, 3, 1, 2, 11, 7, 5, 6, 9, 12, 8, 10), (8, 3, 4, 1, 5, 12, 10, 11, 7, 6, 9, 2)}
M(A) = 
[[4, 3, 1, 11, 2, 5, 12, 7, 6, 9, 8, 10], [4, 3, 1, 11, 5, 12, 2, 7, 6, 9, 8, 10], [4, 3, 1, 11, 12, 2, 5, 7, 6, 9, 8, 10]]
Distance: 45
M(A) inter A:
set()
(2)
A = 
{(1, 6, 8, 7, 11, 4, 9, 2, 12, 10, 5, 3), (11, 9, 2, 6, 5, 4, 3, 10, 7, 8, 12, 1), (5, 4, 1, 7, 3, 2, 6, 9, 10, 11, 12, 8)}
M(A) = 
[[1, 6, 4, 7, 11, 9, 2, 5, 3, 10, 8, 12], [1, 6, 7, 11, 4, 9, 2, 5, 3, 10, 8, 12], [1, 6, 11, 4, 7, 9, 2, 5, 3, 10, 8, 12], [1, 6, 11, 5, 4, 7, 9, 2, 3, 10, 8, 12], [4, 1, 6, 7, 11, 9, 2, 5, 3, 10, 8, 12], [6, 4, 1, 7, 11, 9, 2, 5, 3, 10, 8, 12], [6, 5, 4, 1, 7, 11, 9, 2, 3, 10, 8, 12], [6, 11, 5, 4, 1, 7, 9, 2, 3, 10, 8, 12]]
Distance: 59
M(A) inter A:
set()
(3)
A = 
{(5, 12, 2, 6, 1, 7, 4, 8, 3, 10, 9, 11), (10, 9, 7, 2, 4, 1, 6, 3, 8, 5, 12, 11), (5, 1, 2, 6, 3, 11, 10, 4, 8, 7, 9, 12)}
M(A) = 
[[5, 2, 1, 6, 10, 7, 4, 3, 8, 9, 12, 11]]
Distance: 51
M(A) inter A:
set()
(4)
A = 
{(3, 10, 1, 11, 4, 7, 6, 5, 9, 2, 8, 12), (4, 3, 2, 12, 1, 11, 5, 6, 10, 8, 9, 7), (2, 3, 4, 5, 9, 6, 8, 10, 11, 7, 1, 12)}
M(A) = 
[[3, 4, 2, 1, 11, 5, 6, 10, 9, 8, 7, 12], [3, 4, 2, 10, 1, 11, 5, 6, 9, 8, 7, 12]]
Distance: 46
M(A) inter A:
set()
(5)
A = 
{(9, 3, 10, 6, 8, 2, 1, 12, 4, 7, 11, 5), (10, 9, 2, 1, 8, 6, 11, 4, 5, 7, 12, 3), (3, 2, 1, 8, 7, 5, 11, 9, 4, 6, 12, 10)}
M(A) = 
[[9, 3, 10, 2, 1, 8, 6, 11, 4, 7, 5, 12], [9, 3, 10, 2, 1, 8, 6, 4, 7, 11, 5, 12], [9, 3, 10, 2, 1, 8, 6, 7, 11, 4, 5, 12]]
Distance: 47
M(A) inter A:
set()
(6)
A = 
{(3, 4, 12, 10, 8, 2, 6, 7, 11, 9, 1, 5), (2, 4, 1, 3, 5, 6, 7, 8, 9, 10, 11, 12), (12, 3, 4, 6, 11, 2, 7, 8, 9, 5, 10, 1)}
M(A) = 
[[3, 4, 12, 2, 6, 7, 8, 10, 11, 9, 1, 5], [3, 4, 12, 2, 6, 7, 8, 11, 9, 1, 5, 10], [3, 4, 12, 2, 6, 7, 8, 11, 9, 10, 1, 5], [3, 4, 12, 2, 6, 7, 8, 11, 9, 5, 10, 1], [3, 4, 12, 2, 6, 7, 8, 9, 10, 11, 1, 5]]
Distance: 44
M(A) inter A:
set()
(7)
A = 
{(8, 3, 11, 9, 2, 12, 10, 1, 7, 4, 5, 6), (12, 6, 10, 4, 7, 3, 2, 8, 9, 11, 1, 5), (9, 5, 4, 2, 8, 12, 6, 3, 1, 11, 10, 7)}
M(A) = 
[[9, 4, 2, 8, 12, 6, 3, 11, 10, 1, 7, 5]]
Distance: 60
M(A) inter A:
set()
(8)
A = 
{(10, 7, 4, 5, 1, 12, 2, 11, 6, 9, 3, 8), (2, 12, 10, 3, 1, 6, 9, 8, 4, 5, 7, 11), (4, 1, 6, 2, 8, 3, 10, 5, 11, 9, 7, 12)}
M(A) = 
[[10, 4, 1, 2, 12, 6, 3, 8, 5, 9, 7, 11], [10, 4, 1, 2, 12, 6, 3, 8, 5, 11, 9, 7], [10, 4, 1, 2, 12, 6, 3, 8, 5, 7, 11, 9], [10, 4, 1, 2, 12, 6, 3, 9, 8, 5, 7, 11], [10, 4, 1, 2, 12, 6, 3, 5, 9, 8, 7, 11]]
Distance: 54
M(A) inter A:
set()
(9)
A = 
{(5, 8, 9, 2, 4, 6, 7, 11, 1, 12, 3, 10), (3, 2, 1, 4, 5, 7, 8, 9, 10, 6, 12, 11), (6, 10, 4, 7, 11, 9, 8, 2, 3, 1, 5, 12)}
M(A) = 
[[2, 4, 5, 7, 8, 9, 6, 11, 3, 1, 10, 12]]
Distance: 59
M(A) inter A:
set()
(10)
A = 
{(9, 3, 11, 7, 5, 8, 6, 2, 12, 10, 1, 4), (7, 2, 5, 6, 4, 1, 12, 8, 11, 3, 9, 10), (2, 1, 11, 5, 7, 8, 10, 3, 12, 9, 4, 6)}
M(A) = 
[[2, 11, 7, 5, 1, 8, 3, 9, 6, 12, 10, 4], [2, 11, 7, 5, 1, 8, 3, 6, 12, 9, 10, 4], [2, 11, 7, 5, 1, 8, 3, 12, 9, 6, 10, 4], [7, 2, 1, 11, 5, 8, 3, 9, 6, 12, 10, 4], [7, 2, 1, 11, 5, 8, 3, 6, 12, 9, 10, 4], [7, 2, 1, 11, 5, 8, 3, 12, 9, 6, 10, 4], [7, 2, 5, 1, 11, 8, 3, 9, 6, 12, 10, 4], [7, 2, 5, 1, 11, 8, 3, 6, 12, 9, 10, 4], [7, 2, 5, 1, 11, 8, 3, 12, 9, 6, 10, 4], [7, 2, 11, 5, 1, 8, 3, 9, 6, 12, 10, 4], [7, 2, 11, 5, 1, 8, 3, 6, 12, 9, 10, 4], [7, 2, 11, 5, 1, 8, 3, 12, 9, 6, 10, 4], [11, 7, 2, 5, 1, 8, 3, 9, 6, 12, 10, 4], [11, 7, 2, 5, 1, 8, 3, 6, 12, 9, 10, 4], [11, 7, 2, 5, 1, 8, 3, 12, 9, 6, 10, 4]]
Distance: 54
M(A) inter A:
set()
(11)
A = 
{(10, 3, 6, 8, 7, 4, 9, 12, 2, 1, 11, 5), (6, 9, 5, 10, 3, 1, 7, 11, 2, 12, 8, 4), (5, 6, 12, 7, 1, 2, 9, 11, 8, 3, 4, 10)}
M(A) = 
[[6, 9, 5, 10, 3, 7, 12, 1, 2, 11, 8, 4]]
Distance: 52
M(A) inter A:
set()
(12)
A = 
{(7, 8, 1, 4, 9, 6, 11, 3, 5, 10, 2, 12), (1, 10, 6, 3, 5, 9, 12, 2, 8, 4, 7, 11), (1, 2, 3, 9, 6, 4, 7, 5, 8, 12, 10, 11)}
M(A) = 
[[1, 3, 9, 6, 2, 4, 7, 5, 8, 10, 12, 11], [1, 6, 3, 9, 2, 4, 7, 5, 8, 10, 12, 11], [1, 9, 6, 3, 2, 4, 7, 5, 8, 10, 12, 11]]
Distance: 50
M(A) inter A:
set()
(13)
A = 
{(12, 11, 1, 2, 10, 6, 9, 4, 5, 8, 7, 3), (6, 4, 2, 7, 3, 9, 10, 12, 11, 8, 5, 1), (7, 10, 3, 6, 1, 4, 2, 12, 11, 8, 5, 9)}
M(A) = 
[[6, 4, 2, 7, 10, 3, 12, 11, 1, 9, 8, 5], [10, 6, 4, 2, 7, 3, 12, 11, 1, 9, 8, 5]]
Distance: 53
M(A) inter A:
set()
(14)
A = 
{(2, 4, 5, 1, 3, 9, 6, 7, 10, 12, 8, 11), (4, 3, 10, 2, 6, 1, 5, 9, 7, 8, 12, 11), (2, 9, 7, 6, 3, 8, 10, 5, 12, 4, 1, 11)}
M(A) = 
[[2, 4, 3, 6, 5, 1, 9, 7, 10, 8, 12, 11], [2, 4, 3, 6, 10, 5, 1, 9, 7, 8, 12, 11], [2, 4, 3, 9, 6, 10, 5, 1, 7, 8, 12, 11]]
Distance: 38
M(A) inter A:
set()
(15)
A = 
{(8, 5, 7, 4, 12, 3, 11, 1, 10, 6, 9, 2), (2, 3, 5, 1, 6, 4, 10, 8, 9, 7, 12, 11), (1, 9, 11, 7, 12, 4, 5, 6, 10, 2, 8, 3)}
M(A) = 
[[5, 1, 4, 8, 9, 7, 12, 3, 11, 6, 10, 2], [5, 1, 4, 8, 7, 12, 3, 11, 6, 10, 9, 2], [5, 1, 7, 4, 8, 12, 3, 11, 6, 10, 9, 2], [5, 1, 8, 7, 4, 12, 3, 11, 6, 10, 9, 2]]
Distance: 68
M(A) inter A:
set()
(16)
A = 
{(1, 3, 4, 7, 5, 9, 6, 12, 2, 8, 11, 10), (1, 9, 4, 5, 8, 10, 6, 7, 2, 11, 3, 12), (3, 4, 1, 5, 7, 2, 6, 10, 12, 8, 11, 9)}
M(A) = 
[[1, 3, 4, 5, 7, 9, 6, 2, 8, 10, 12, 11], [1, 3, 4, 5, 7, 9, 6, 2, 10, 12, 8, 11], [1, 3, 4, 5, 7, 9, 6, 2, 12, 8, 10, 11]]
Distance: 36
M(A) inter A:
set()
(17)
A = 
{(3, 5, 11, 9, 2, 6, 8, 10, 7, 4, 12, 1), (6, 3, 11, 2, 7, 8, 4, 12, 1, 9, 5, 10), (12, 6, 2, 9, 3, 11, 4, 8, 1, 5, 7, 10)}
M(A) = 
[[6, 3, 11, 2, 9, 8, 7, 4, 12, 1, 5, 10]]
Distance: 40
M(A) inter A:
set()
(18)
A = 
{(3, 1, 10, 5, 4, 12, 9, 8, 11, 6, 2, 7), (7, 8, 2, 5, 10, 1, 4, 6, 12, 9, 11, 3), (5, 2, 4, 1, 12, 7, 11, 9, 3, 8, 6, 10)}
M(A) = 
[[5, 2, 1, 4, 12, 7, 9, 3, 8, 10, 11, 6], [5, 2, 1, 10, 4, 12, 7, 9, 8, 11, 3, 6], [5, 2, 1, 10, 4, 12, 7, 9, 11, 3, 8, 6], [5, 2, 1, 10, 4, 12, 7, 9, 3, 8, 11, 6]]
Distance: 55
M(A) inter A:
set()
(19)
A = 
{(2, 12, 5, 7, 3, 4, 9, 1, 6, 8, 10, 11), (10, 7, 4, 2, 8, 6, 9, 3, 1, 12, 11, 5), (12, 2, 8, 11, 1, 6, 7, 10, 9, 4, 5, 3)}
M(A) = 
[[2, 12, 7, 4, 8, 1, 6, 10, 9, 11, 5, 3], [2, 12, 7, 4, 8, 1, 6, 10, 9, 3, 11, 5], [2, 12, 7, 4, 8, 1, 6, 10, 9, 5, 3, 11], [2, 12, 7, 4, 8, 6, 10, 9, 3, 1, 11, 5]]
Distance: 57
M(A) inter A:
set()
(20)
A = 
{(3, 4, 6, 9, 12, 7, 2, 1, 8, 10, 5, 11), (11, 1, 2, 3, 4, 8, 12, 9, 7, 5, 10, 6), (1, 8, 12, 3, 6, 11, 2, 7, 5, 9, 10, 4)}
M(A) = 
[[1, 3, 4, 8, 12, 6, 11, 2, 9, 7, 5, 10]]
Distance: 50
M(A) inter A:
set()
(21)
A = 
{(3, 11, 5, 2, 8, 12, 6, 4, 7, 9, 1, 10), (2, 5, 1, 8, 6, 3, 12, 9, 4, 7, 10, 11), (7, 6, 3, 2, 10, 4, 11, 9, 1, 5, 8, 12)}
M(A) = 
[[3, 2, 5, 8, 6, 12, 4, 7, 11, 9, 1, 10], [3, 2, 11, 5, 8, 6, 12, 4, 7, 9, 1, 10]]
Distance: 55
M(A) inter A:
set()
(22)
A = 
{(6, 7, 8, 10, 3, 5, 4, 1, 2, 9, 12, 11), (3, 4, 1, 12, 8, 10, 11, 7, 9, 6, 2, 5), (4, 2, 6, 1, 3, 5, 7, 10, 9, 8, 11, 12)}
M(A) = 
[[3, 4, 6, 1, 7, 8, 10, 2, 5, 9, 12, 11], [4, 6, 3, 1, 7, 8, 10, 2, 5, 9, 12, 11], [6, 3, 4, 1, 7, 8, 10, 2, 5, 9, 12, 11]]
Distance: 50
M(A) inter A:
set()
(23)
A = 
{(9, 4, 3, 5, 1, 2, 10, 8, 7, 6, 11, 12), (1, 2, 3, 4, 6, 5, 8, 9, 7, 10, 11, 12), (4, 3, 2, 6, 10, 11, 5, 1, 12, 9, 8, 7)}
M(A) = 
[[4, 3, 1, 2, 6, 5, 9, 10, 8, 7, 11, 12]]
Distance: 34
M(A) inter A:
set()
(24)
A = 
{(1, 7, 4, 5, 9, 8, 2, 10, 12, 6, 3, 11), (8, 1, 3, 2, 4, 12, 7, 5, 11, 10, 6, 9), (10, 4, 3, 8, 5, 1, 11, 6, 7, 9, 12, 2)}
M(A) = 
[[1, 4, 8, 3, 7, 5, 2, 10, 12, 11, 6, 9], [4, 8, 1, 3, 7, 5, 2, 10, 12, 11, 6, 9], [8, 1, 4, 3, 7, 5, 2, 10, 12, 11, 6, 9]]
Distance: 49
M(A) inter A:
set()
(25)
A = 
{(2, 1, 3, 4, 6, 7, 5, 9, 11, 8, 12, 10), (7, 6, 5, 1, 4, 10, 2, 11, 3, 12, 9, 8), (2, 7, 6, 4, 1, 9, 8, 12, 3, 5, 10, 11)}
M(A) = 
[[2, 7, 6, 1, 4, 3, 5, 9, 11, 8, 12, 10]]
Distance: 36
M(A) inter A:
set()
(26)
A = 
{(5, 1, 6, 8, 4, 3, 10, 2, 11, 7, 12, 9), (4, 2, 3, 5, 6, 9, 12, 8, 7, 1, 11, 10), (2, 8, 3, 6, 7, 5, 11, 1, 4, 12, 10, 9)}
M(A) = 
[[2, 3, 5, 6, 8, 1, 4, 7, 11, 12, 10, 9], [2, 3, 5, 6, 8, 4, 7, 1, 11, 12, 10, 9], [2, 3, 5, 6, 8, 7, 1, 4, 11, 12, 10, 9], [2, 5, 6, 8, 4, 3, 7, 1, 11, 12, 10, 9]]
Distance: 44
M(A) inter A:
set()
(27)
A = 
{(6, 2, 5, 1, 8, 12, 10, 3, 11, 4, 7, 9), (4, 5, 1, 2, 3, 8, 6, 9, 7, 10, 12, 11), (5, 4, 3, 6, 1, 12, 7, 9, 2, 8, 10, 11)}
M(A) = 
[[5, 4, 6, 1, 2, 3, 8, 12, 7, 9, 10, 11]]
Distance: 36
M(A) inter A:
set()
(28)
A = 
{(7, 3, 6, 2, 4, 1, 5, 9, 12, 11, 8, 10), (1, 8, 9, 6, 2, 4, 12, 3, 11, 5, 10, 7), (1, 2, 12, 4, 6, 8, 5, 9, 7, 3, 10, 11)}
M(A) = 
[[1, 6, 2, 4, 12, 8, 5, 9, 7, 3, 11, 10]]
Distance: 43
M(A) inter A:
set()
(29)
A = 
{(4, 1, 3, 5, 12, 6, 2, 7, 9, 11, 10, 8), (8, 7, 3, 6, 4, 1, 11, 9, 12, 5, 10, 2), (2, 1, 6, 3, 10, 7, 9, 8, 4, 11, 5, 12)}
M(A) = 
[[1, 3, 6, 2, 7, 4, 9, 8, 11, 5, 12, 10], [1, 3, 6, 2, 7, 8, 4, 9, 11, 5, 12, 10], [1, 3, 6, 2, 7, 9, 8, 4, 11, 5, 12, 10], [1, 3, 6, 4, 2, 7, 9, 8, 11, 5, 12, 10], [1, 3, 6, 7, 4, 2, 9, 8, 11, 5, 12, 10]]
Distance: 54
M(A) inter A:
set()
(30)
A = 
{(8, 6, 2, 5, 9, 12, 10, 3, 1, 7, 4, 11), (2, 10, 9, 1, 3, 4, 8, 7, 6, 12, 11, 5), (7, 1, 2, 4, 9, 5, 10, 12, 6, 3, 8, 11)}
M(A) = 
[[2, 9, 10, 1, 3, 8, 7, 4, 6, 5, 12, 11], [2, 9, 10, 1, 3, 4, 8, 7, 6, 5, 12, 11], [2, 9, 10, 1, 3, 7, 4, 8, 6, 5, 12, 11], [2, 9, 10, 1, 4, 8, 7, 6, 5, 12, 3, 11], [2, 9, 10, 1, 7, 4, 8, 6, 5, 12, 3, 11], [2, 9, 10, 1, 8, 7, 4, 6, 5, 12, 3, 11]]
Distance: 51
M(A) inter A:
set()
(31)
A = 
{(3, 8, 1, 7, 5, 4, 6, 12, 11, 2, 10, 9), (3, 9, 1, 2, 11, 5, 7, 4, 6, 12, 8, 10), (5, 3, 7, 1, 9, 8, 12, 2, 6, 10, 11, 4)}
M(A) = 
[[3, 1, 5, 7, 9, 8, 2, 4, 6, 12, 11, 10]]
Distance: 40
M(A) inter A:
set()
(32)
A = 
{(12, 1, 2, 6, 8, 9, 7, 11, 4, 10, 3, 5), (10, 3, 12, 8, 7, 5, 1, 11, 2, 9, 4, 6), (9, 4, 6, 2, 12, 3, 10, 7, 1, 11, 5, 8)}
M(A) = 
[[12, 1, 2, 9, 4, 6, 10, 3, 8, 7, 11, 5], [12, 1, 2, 9, 6, 10, 3, 8, 7, 11, 4, 5]]
Distance: 62
M(A) inter A:
set()
(33)
A = 
{(1, 9, 2, 12, 5, 7, 10, 3, 8, 4, 11, 6), (2, 11, 6, 3, 10, 12, 8, 9, 1, 5, 4, 7), (12, 8, 2, 10, 5, 3, 4, 1, 9, 11, 7, 6)}
M(A) = 
[[2, 12, 10, 3, 8, 1, 9, 5, 4, 11, 7, 6]]
Distance: 48
M(A) inter A:
set()
(34)
A = 
{(10, 1, 7, 8, 5, 3, 12, 6, 4, 9, 11, 2), (3, 2, 9, 1, 6, 5, 4, 11, 12, 8, 7, 10), (9, 10, 8, 4, 7, 12, 1, 3, 2, 5, 6, 11)}
M(A) = 
[[9, 10, 1, 8, 7, 3, 5, 4, 12, 2, 6, 11]]
Distance: 60
M(A) inter A:
set()
(35)
A = 
{(2, 3, 11, 9, 4, 7, 10, 6, 8, 5, 12, 1), (1, 11, 3, 10, 6, 4, 9, 2, 5, 7, 8, 12), (2, 9, 5, 12, 6, 1, 4, 7, 8, 10, 11, 3)}
M(A) = 
[[2, 1, 11, 3, 9, 4, 10, 6, 5, 7, 8, 12], [2, 1, 11, 3, 9, 6, 4, 10, 5, 7, 8, 12], [2, 1, 11, 3, 9, 6, 4, 5, 7, 10, 8, 12], [2, 1, 11, 3, 9, 6, 4, 7, 10, 5, 8, 12], [2, 1, 11, 3, 9, 10, 6, 4, 5, 7, 8, 12], [2, 11, 3, 9, 6, 1, 4, 10, 5, 7, 8, 12], [2, 11, 3, 9, 6, 1, 4, 5, 7, 10, 8, 12], [2, 11, 3, 9, 6, 1, 4, 7, 10, 5, 8, 12], [2, 11, 3, 9, 6, 4, 5, 1, 7, 10, 8, 12], [2, 11, 3, 9, 6, 5, 1, 4, 7, 10, 8, 12]]
Distance: 59
M(A) inter A:
set()
(36)
A = 
{(8, 1, 4, 5, 7, 2, 12, 3, 11, 10, 9, 6), (1, 3, 10, 2, 7, 9, 11, 6, 4, 8, 5, 12), (11, 4, 8, 7, 12, 1, 9, 6, 10, 2, 3, 5)}
M(A) = 
[[1, 4, 8, 7, 2, 3, 11, 12, 10, 9, 6, 5], [1, 4, 8, 7, 2, 11, 12, 3, 10, 9, 6, 5], [1, 4, 8, 7, 2, 12, 3, 11, 10, 9, 6, 5], [1, 11, 4, 8, 7, 2, 12, 3, 10, 9, 6, 5], [4, 8, 1, 7, 2, 3, 11, 12, 10, 9, 6, 5], [4, 8, 1, 7, 2, 11, 12, 3, 10, 9, 6, 5], [4, 8, 1, 7, 2, 12, 3, 11, 10, 9, 6, 5], [8, 1, 4, 7, 2, 3, 11, 12, 10, 9, 6, 5], [8, 1, 4, 7, 2, 11, 12, 3, 10, 9, 6, 5], [8, 1, 4, 7, 2, 12, 3, 11, 10, 9, 6, 5]]
Distance: 57
M(A) inter A:
set()
(37)
A = 
{(3, 11, 2, 8, 1, 12, 6, 7, 9, 10, 5, 4), (3, 10, 12, 4, 8, 6, 11, 1, 9, 2, 5, 7), (1, 2, 10, 6, 4, 5, 8, 9, 12, 7, 11, 3)}
M(A) = 
[[3, 1, 2, 10, 8, 12, 6, 4, 11, 9, 5, 7]]
Distance: 57
M(A) inter A:
set()
(38)
A = 
{(11, 2, 1, 4, 3, 7, 6, 9, 8, 12, 5, 10), (1, 2, 5, 4, 3, 7, 6, 8, 11, 10, 12, 9), (2, 8, 5, 1, 6, 10, 3, 12, 4, 7, 9, 11)}
M(A) = 
[[2, 1, 5, 4, 3, 7, 6, 8, 11, 10, 12, 9]]
Distance: 39
M(A) inter A:
set()
(39)
A = 
{(5, 4, 2, 3, 8, 1, 6, 7, 12, 11, 10, 9), (1, 11, 4, 10, 6, 2, 3, 5, 12, 8, 7, 9), (7, 8, 3, 5, 10, 12, 6, 1, 4, 2, 9, 11)}
M(A) = 
[[3, 5, 1, 4, 8, 10, 6, 2, 7, 12, 11, 9], [3, 5, 4, 8, 1, 10, 6, 2, 7, 12, 11, 9], [3, 5, 8, 1, 4, 10, 6, 2, 7, 12, 11, 9], [4, 3, 5, 8, 1, 10, 6, 2, 7, 12, 11, 9], [5, 4, 3, 8, 1, 10, 6, 2, 7, 12, 11, 9]]
Distance: 58
M(A) inter A:
set()
(40)
A = 
{(10, 4, 9, 2, 1, 7, 11, 3, 8, 12, 5, 6), (6, 10, 3, 11, 12, 2, 5, 9, 4, 7, 8, 1), (5, 2, 1, 3, 10, 6, 4, 7, 12, 9, 11, 8)}
M(A) = 
[[10, 2, 3, 5, 6, 4, 9, 1, 7, 11, 12, 8]]
Distance: 55
M(A) inter A:
set()
(41)
A = 
{(9, 6, 3, 7, 1, 5, 10, 11, 8, 4, 12, 2), (4, 7, 5, 3, 8, 10, 6, 9, 11, 2, 12, 1), (12, 4, 11, 9, 1, 2, 8, 3, 7, 10, 5, 6)}
M(A) = 
[[4, 9, 3, 7, 1, 5, 8, 10, 6, 11, 12, 2], [4, 9, 3, 7, 5, 8, 10, 6, 11, 12, 1, 2]]
Distance: 63
M(A) inter A:
set()
(42)
A = 
{(2, 5, 4, 7, 12, 6, 1, 9, 3, 8, 11, 10), (3, 1, 6, 2, 5, 10, 9, 12, 4, 8, 7, 11), (4, 6, 2, 9, 3, 8, 5, 7, 1, 12, 10, 11)}
M(A) = 
[[6, 2, 5, 4, 9, 3, 7, 1, 12, 8, 10, 11]]
Distance: 42
M(A) inter A:
set()
(43)
A = 
{(2, 11, 6, 3, 1, 5, 9, 10, 4, 7, 8, 12), (1, 3, 4, 10, 5, 6, 7, 2, 8, 9, 11, 12), (1, 3, 5, 6, 9, 2, 4, 10, 7, 8, 11, 12)}
M(A) = 
[[1, 3, 5, 6, 2, 9, 4, 10, 7, 8, 11, 12]]
Distance: 30
M(A) inter A:
set()
(44)
A = 
{(7, 9, 5, 6, 10, 1, 4, 3, 2, 8, 11, 12), (2, 5, 8, 4, 7, 6, 11, 3, 9, 10, 12, 1), (7, 1, 12, 6, 9, 2, 3, 8, 4, 5, 11, 10)}
M(A) = 
[[7, 5, 6, 9, 1, 2, 3, 8, 4, 11, 10, 12], [7, 5, 6, 9, 1, 2, 4, 3, 8, 11, 10, 12], [7, 5, 6, 9, 1, 2, 8, 4, 3, 11, 10, 12], [7, 6, 9, 1, 2, 5, 3, 8, 4, 11, 10, 12], [7, 6, 9, 1, 2, 5, 4, 3, 8, 11, 10, 12], [7, 6, 9, 1, 2, 5, 8, 4, 3, 11, 10, 12], [7, 6, 9, 2, 5, 1, 3, 8, 4, 11, 10, 12], [7, 6, 9, 2, 5, 1, 4, 3, 8, 11, 10, 12], [7, 6, 9, 2, 5, 1, 8, 4, 3, 11, 10, 12], [7, 6, 9, 5, 1, 2, 3, 8, 4, 11, 10, 12], [7, 6, 9, 5, 1, 2, 4, 3, 8, 11, 10, 12], [7, 6, 9, 5, 1, 2, 8, 4, 3, 11, 10, 12], [7, 9, 5, 6, 1, 2, 3, 8, 4, 11, 10, 12], [7, 9, 5, 6, 1, 2, 4, 3, 8, 11, 10, 12], [7, 9, 5, 6, 1, 2, 8, 4, 3, 11, 10, 12]]
Distance: 53
M(A) inter A:
set()
(45)
A = 
{(1, 5, 12, 10, 7, 11, 6, 4, 9, 2, 3, 8), (2, 4, 1, 3, 9, 7, 8, 6, 5, 12, 10, 11), (2, 7, 1, 8, 4, 6, 3, 11, 10, 5, 9, 12)}
M(A) = 
[[2, 1, 7, 4, 3, 8, 6, 5, 12, 10, 11, 9], [2, 1, 7, 4, 6, 3, 8, 5, 12, 10, 11, 9], [2, 1, 7, 4, 8, 6, 3, 5, 12, 10, 11, 9]]
Distance: 53
M(A) inter A:
set()
(46)
A = 
{(5, 3, 6, 7, 2, 9, 1, 12, 4, 10, 8, 11), (12, 3, 4, 6, 7, 1, 9, 10, 5, 8, 2, 11), (12, 7, 5, 3, 2, 11, 6, 9, 4, 8, 10, 1)}
M(A) = 
[[12, 5, 3, 6, 7, 2, 9, 4, 1, 10, 8, 11]]
Distance: 37
M(A) inter A:
set()
(47)
A = 
{(1, 5, 6, 4, 10, 3, 2, 9, 11, 7, 8, 12), (10, 3, 6, 8, 9, 1, 12, 7, 2, 5, 4, 11), (1, 3, 5, 2, 4, 7, 6, 9, 11, 8, 10, 12)}
M(A) = 
[[1, 3, 5, 6, 2, 4, 10, 9, 7, 11, 8, 12], [1, 3, 5, 6, 4, 10, 2, 9, 7, 11, 8, 12], [1, 3, 5, 6, 10, 2, 4, 9, 7, 11, 8, 12]]
Distance: 44
M(A) inter A:
set()
(48)
A = 
{(1, 3, 7, 5, 2, 8, 4, 6, 9, 10, 11, 12), (2, 1, 6, 4, 3, 5, 7, 8, 10, 12, 11, 9), (1, 5, 12, 2, 10, 7, 11, 8, 9, 4, 6, 3)}
M(A) = 
[[1, 2, 3, 5, 7, 8, 4, 6, 10, 12, 11, 9], [1, 3, 5, 2, 7, 8, 4, 6, 10, 12, 11, 9], [1, 5, 2, 3, 7, 8, 4, 6, 10, 12, 11, 9], [1, 5, 2, 7, 8, 4, 6, 3, 10, 12, 11, 9]]
Distance: 43
M(A) inter A:
set()
(49)
A = 
{(7, 2, 3, 4, 1, 9, 6, 8, 5, 11, 12, 10), (6, 4, 10, 2, 3, 12, 7, 8, 1, 9, 5, 11), (12, 2, 3, 8, 9, 4, 1, 6, 11, 7, 10, 5)}
M(A) = 
[[2, 3, 4, 6, 12, 7, 8, 1, 9, 10, 5, 11], [2, 3, 4, 6, 12, 7, 8, 1, 9, 11, 10, 5], [2, 3, 4, 6, 12, 7, 8, 1, 9, 5, 11, 10]]
Distance: 44
M(A) inter A:
set()
(50)
A = 
{(7, 1, 3, 8, 2, 5, 4, 9, 12, 11, 10, 6), (4, 1, 3, 6, 7, 2, 5, 9, 12, 11, 8, 10), (9, 7, 12, 5, 4, 1, 11, 10, 8, 6, 3, 2)}
M(A) = 
[[7, 4, 1, 3, 2, 5, 9, 12, 11, 8, 10, 6]]
Distance: 45
M(A) inter A:
set()
(51)
A = 
{(2, 3, 12, 7, 4, 10, 1, 9, 11, 6, 8, 5), (2, 3, 5, 11, 6, 10, 7, 12, 9, 4, 1, 8), (1, 6, 2, 5, 3, 9, 4, 7, 8, 10, 12, 11)}
M(A) = 
[[2, 3, 6, 5, 7, 4, 10, 12, 1, 9, 11, 8], [2, 3, 6, 5, 7, 10, 12, 1, 9, 4, 11, 8], [2, 3, 6, 5, 7, 10, 12, 4, 1, 9, 11, 8], [2, 3, 6, 5, 7, 10, 12, 9, 4, 1, 11, 8], [2, 3, 6, 5, 7, 12, 4, 10, 1, 9, 11, 8]]
Distance: 50
M(A) inter A:
set()
(52)
A = 
{(4, 5, 1, 2, 7, 6, 8, 11, 10, 3, 12, 9), (9, 6, 1, 2, 3, 10, 7, 11, 4, 5, 8, 12), (6, 2, 7, 12, 9, 1, 5, 10, 8, 4, 11, 3)}
M(A) = 
[[6, 1, 2, 7, 9, 4, 5, 10, 8, 11, 3, 12], [6, 1, 2, 7, 9, 5, 10, 4, 8, 11, 3, 12], [6, 1, 2, 7, 9, 10, 4, 5, 8, 11, 3, 12]]
Distance: 50
M(A) inter A:
set()
(53)
A = 
{(4, 3, 5, 2, 6, 11, 8, 12, 9, 7, 1, 10), (5, 2, 7, 9, 12, 8, 10, 1, 11, 3, 4, 6), (4, 3, 2, 10, 11, 8, 6, 1, 7, 9, 12, 5)}
M(A) = 
[[4, 3, 5, 2, 11, 8, 6, 7, 9, 12, 10, 1]]
Distance: 57
M(A) inter A:
set()
(54)
A = 
{(2, 3, 5, 10, 4, 9, 6, 7, 1, 11, 12, 8), (10, 3, 4, 2, 7, 12, 6, 8, 1, 5, 9, 11), (2, 3, 8, 7, 11, 12, 9, 1, 10, 5, 6, 4)}
M(A) = 
[[2, 3, 10, 4, 7, 12, 8, 5, 9, 6, 1, 11]]
Distance: 48
M(A) inter A:
set()
(55)
A = 
{(7, 1, 4, 8, 6, 10, 3, 11, 2, 9, 12, 5), (7, 2, 10, 9, 8, 4, 5, 3, 1, 11, 12, 6), (9, 1, 10, 4, 5, 11, 8, 3, 12, 2, 6, 7)}
M(A) = 
[[7, 1, 10, 9, 4, 8, 5, 3, 11, 2, 12, 6], [7, 9, 1, 10, 4, 8, 5, 3, 11, 2, 12, 6], [7, 10, 9, 1, 4, 8, 5, 3, 11, 2, 12, 6]]
Distance: 50
M(A) inter A:
set()
(56)
A = 
{(12, 10, 8, 7, 2, 11, 4, 1, 6, 5, 9, 3), (5, 12, 7, 9, 6, 10, 2, 11, 8, 4, 3, 1), (9, 6, 8, 5, 2, 10, 11, 4, 3, 12, 7, 1)}
M(A) = 
[[5, 12, 7, 9, 6, 10, 8, 2, 11, 4, 3, 1], [5, 12, 9, 6, 10, 8, 7, 2, 11, 4, 3, 1]]
Distance: 48
M(A) inter A:
set()
(57)
A = 
{(2, 3, 6, 11, 5, 7, 1, 9, 4, 10, 8, 12), (4, 8, 5, 7, 9, 1, 3, 2, 12, 6, 10, 11), (2, 1, 4, 3, 6, 5, 8, 7, 9, 12, 11, 10)}
M(A) = 
[[2, 1, 4, 3, 6, 5, 8, 7, 9, 12, 11, 10]]
Distance: 43
M(A) inter A:
{(2, 1, 4, 3, 6, 5, 8, 7, 9, 12, 11, 10)}
(58)
A = 
{(3, 5, 7, 1, 8, 10, 4, 2, 11, 6, 12, 9), (1, 6, 11, 9, 8, 3, 7, 10, 5, 2, 12, 4), (11, 2, 8, 5, 6, 1, 9, 10, 7, 12, 3, 4)}
M(A) = 
[[1, 11, 8, 5, 6, 9, 3, 7, 10, 2, 12, 4]]
Distance: 51
M(A) inter A:
set()
(59)
A = 
{(1, 11, 5, 12, 6, 4, 7, 9, 10, 2, 8, 3), (10, 2, 3, 6, 12, 4, 5, 8, 11, 9, 1, 7), (10, 2, 4, 5, 9, 3, 8, 12, 6, 7, 11, 1)}
M(A) = 
[[10, 2, 4, 5, 3, 12, 6, 8, 11, 9, 1, 7], [10, 2, 4, 5, 3, 12, 6, 9, 8, 11, 1, 7], [10, 2, 4, 5, 3, 12, 6, 11, 9, 8, 1, 7], [10, 2, 5, 3, 12, 6, 4, 8, 11, 9, 1, 7], [10, 2, 5, 3, 12, 6, 4, 9, 8, 11, 1, 7], [10, 2, 5, 3, 12, 6, 4, 11, 9, 8, 1, 7], [10, 2, 5, 12, 6, 4, 9, 3, 8, 11, 1, 7]]
Distance: 57
M(A) inter A:
set()
(60)
A = 
{(2, 6, 8, 4, 3, 10, 7, 12, 9, 5, 11, 1), (3, 10, 1, 5, 12, 4, 9, 6, 8, 11, 2, 7), (1, 2, 7, 9, 6, 3, 11, 4, 10, 8, 5, 12)}
M(A) = 
[[1, 2, 6, 3, 4, 10, 7, 9, 8, 5, 12, 11], [1, 2, 6, 3, 4, 10, 8, 7, 9, 5, 12, 11], [1, 2, 6, 3, 4, 10, 8, 7, 12, 9, 5, 11], [1, 2, 6, 3, 4, 10, 8, 7, 5, 12, 9, 11], [1, 2, 6, 3, 4, 10, 9, 8, 7, 5, 12, 11]]
Distance: 61
M(A) inter A:
set()
(61)
A = 
{(11, 7, 5, 4, 8, 10, 1, 12, 6, 3, 9, 2), (6, 5, 2, 8, 4, 3, 7, 9, 11, 12, 1, 10), (8, 12, 5, 1, 9, 11, 4, 2, 10, 7, 3, 6)}
M(A) = 
[[5, 8, 11, 4, 7, 12, 1, 6, 9, 2, 10, 3]]
Distance: 56
M(A) inter A:
set()
(62)
A = 
{(2, 1, 10, 4, 6, 8, 12, 5, 7, 3, 11, 9), (2, 7, 4, 3, 5, 1, 8, 9, 6, 10, 11, 12), (8, 9, 3, 5, 12, 10, 2, 7, 6, 11, 1, 4)}
M(A) = 
[[2, 4, 8, 3, 5, 7, 1, 9, 10, 6, 12, 11], [2, 4, 8, 5, 7, 3, 1, 9, 10, 6, 12, 11], [2, 4, 8, 7, 3, 5, 1, 9, 10, 6, 12, 11], [2, 7, 1, 4, 8, 3, 5, 9, 10, 6, 12, 11], [2, 7, 4, 8, 3, 5, 1, 9, 10, 6, 12, 11], [2, 8, 7, 4, 3, 5, 1, 9, 10, 6, 12, 11]]
Distance: 60
M(A) inter A:
set()
(63)
A = 
{(12, 3, 6, 10, 2, 1, 7, 5, 11, 8, 4, 9), (3, 6, 2, 5, 1, 8, 4, 7, 12, 9, 11, 10), (3, 2, 1, 11, 6, 9, 4, 12, 5, 7, 10, 8)}
M(A) = 
[[3, 6, 2, 1, 12, 5, 7, 11, 8, 4, 9, 10]]
Distance: 39
M(A) inter A:
set()
(64)
A = 
{(10, 7, 8, 4, 11, 12, 5, 3, 2, 6, 9, 1), (3, 12, 4, 2, 8, 6, 10, 1, 9, 11, 7, 5), (9, 10, 2, 5, 3, 12, 11, 8, 6, 1, 4, 7)}
M(A) = 
[[10, 3, 12, 2, 8, 4, 9, 11, 5, 6, 1, 7], [10, 3, 12, 4, 2, 8, 9, 11, 5, 6, 1, 7], [10, 3, 12, 8, 4, 2, 9, 11, 5, 6, 1, 7]]
Distance: 57
M(A) inter A:
set()
(65)
A = 
{(1, 8, 11, 2, 9, 10, 12, 7, 5, 3, 4, 6), (9, 2, 4, 11, 10, 5, 1, 6, 12, 8, 7, 3), (11, 7, 5, 12, 1, 3, 2, 6, 9, 10, 8, 4)}
M(A) = 
[[11, 1, 2, 9, 10, 5, 12, 8, 7, 3, 4, 6]]
Distance: 51
M(A) inter A:
set()
(66)
A = 
{(5, 2, 7, 6, 8, 1, 10, 11, 4, 3, 9, 12), (1, 8, 5, 3, 2, 12, 11, 4, 7, 9, 6, 10), (10, 3, 4, 9, 2, 1, 8, 5, 6, 7, 11, 12)}
M(A) = 
[[1, 8, 5, 3, 2, 4, 7, 6, 10, 11, 9, 12], [1, 8, 5, 3, 2, 7, 10, 11, 4, 9, 6, 12], [1, 8, 5, 3, 2, 7, 6, 10, 11, 4, 9, 12], [2, 1, 8, 5, 3, 4, 7, 6, 10, 11, 9, 12], [2, 1, 8, 5, 3, 7, 10, 11, 4, 9, 6, 12], [2, 1, 8, 5, 3, 7, 6, 10, 11, 4, 9, 12], [2, 1, 8, 5, 7, 10, 3, 11, 4, 9, 6, 12], [2, 1, 8, 5, 10, 3, 4, 7, 9, 6, 11, 12], [2, 1, 8, 5, 10, 3, 4, 7, 11, 9, 6, 12], [2, 1, 8, 5, 10, 3, 4, 7, 6, 11, 9, 12], [2, 1, 8, 5, 10, 3, 7, 11, 4, 9, 6, 12], [2, 1, 8, 5, 10, 3, 11, 4, 7, 9, 6, 12]]
Distance: 57
M(A) inter A:
set()
(67)
A = 
{(2, 5, 7, 8, 1, 4, 12, 3, 6, 10, 9, 11), (7, 4, 8, 12, 11, 2, 9, 3, 10, 5, 1, 6), (5, 1, 4, 3, 9, 2, 11, 6, 7, 10, 8, 12)}
M(A) = 
[[2, 5, 7, 1, 4, 8, 12, 3, 9, 11, 6, 10], [2, 5, 7, 4, 8, 1, 12, 3, 9, 11, 6, 10], [2, 5, 7, 8, 1, 4, 12, 3, 9, 11, 6, 10]]
Distance: 51
M(A) inter A:
set()
(68)
A = 
{(5, 11, 4, 10, 2, 7, 9, 3, 6, 12, 8, 1), (4, 1, 2, 3, 5, 7, 10, 8, 9, 11, 12, 6), (1, 7, 9, 11, 6, 4, 2, 12, 10, 8, 5, 3)}
M(A) = 
[[4, 1, 2, 5, 7, 9, 11, 10, 3, 6, 12, 8], [4, 1, 2, 5, 7, 10, 9, 11, 3, 6, 12, 8], [4, 1, 2, 5, 7, 11, 10, 9, 3, 6, 12, 8]]
Distance: 52
M(A) inter A:
set()
(69)
A = 
{(4, 8, 5, 1, 3, 12, 9, 11, 2, 7, 10, 6), (5, 9, 6, 7, 1, 3, 8, 11, 10, 2, 4, 12), (5, 11, 2, 10, 1, 6, 7, 12, 3, 9, 8, 4)}
M(A) = 
[[5, 1, 3, 9, 8, 11, 2, 10, 6, 7, 4, 12], [5, 1, 3, 9, 8, 11, 2, 6, 7, 10, 4, 12], [5, 1, 3, 9, 8, 11, 2, 7, 10, 6, 4, 12], [5, 1, 3, 9, 11, 2, 6, 7, 8, 10, 4, 12]]
Distance: 59
M(A) inter A:
set()
(70)
A = 
{(4, 9, 5, 6, 2, 8, 12, 1, 10, 11, 7, 3), (2, 1, 3, 4, 10, 5, 7, 6, 11, 9, 12, 8), (11, 4, 1, 3, 9, 5, 10, 6, 7, 8, 2, 12)}
M(A) = 
[[4, 1, 3, 9, 5, 2, 10, 6, 11, 7, 8, 12], [4, 1, 3, 9, 5, 6, 2, 10, 11, 7, 8, 12], [4, 1, 3, 9, 5, 10, 6, 2, 11, 7, 8, 12], [4, 2, 1, 3, 9, 5, 10, 6, 11, 7, 8, 12]]
Distance: 51
M(A) inter A:
set()
(71)
A = 
{(12, 9, 2, 3, 8, 7, 10, 6, 5, 4, 11, 1), (6, 1, 3, 7, 12, 11, 2, 9, 8, 10, 5, 4), (11, 2, 9, 5, 7, 12, 1, 10, 4, 6, 3, 8)}
M(A) = 
[[7, 12, 11, 2, 9, 6, 1, 3, 8, 10, 5, 4], [12, 2, 9, 3, 7, 6, 11, 1, 8, 10, 5, 4], [12, 2, 9, 6, 3, 7, 11, 1, 8, 10, 5, 4], [12, 2, 9, 7, 6, 1, 3, 11, 8, 10, 5, 4], [12, 2, 9, 7, 6, 3, 11, 1, 8, 10, 5, 4], [12, 2, 9, 7, 6, 11, 1, 3, 8, 10, 5, 4], [12, 11, 2, 9, 7, 6, 1, 3, 8, 10, 5, 4]]
Distance: 57
M(A) inter A:
set()
(72)
A = 
{(3, 1, 5, 2, 7, 11, 4, 9, 6, 12, 10, 8), (6, 5, 8, 7, 10, 4, 9, 12, 11, 1, 3, 2), (10, 7, 9, 3, 5, 12, 8, 11, 1, 2, 4, 6)}
M(A) = 
[[5, 7, 10, 9, 3, 12, 8, 11, 1, 2, 4, 6]]
Distance: 60
M(A) inter A:
set()
(73)
A = 
{(1, 5, 6, 12, 4, 3, 11, 7, 2, 9, 8, 10), (1, 7, 2, 4, 9, 8, 11, 3, 5, 12, 6, 10), (2, 1, 9, 7, 5, 8, 4, 6, 11, 10, 12, 3)}
M(A) = 
[[1, 7, 2, 4, 9, 5, 8, 6, 11, 12, 3, 10], [1, 7, 2, 5, 4, 9, 8, 6, 11, 12, 3, 10], [1, 7, 2, 9, 5, 4, 8, 6, 11, 12, 3, 10]]
Distance: 41
M(A) inter A:
set()
(74)
A = 
{(4, 1, 2, 5, 7, 3, 6, 10, 8, 9, 11, 12), (7, 1, 3, 4, 12, 10, 9, 11, 6, 2, 5, 8), (12, 2, 8, 7, 3, 1, 5, 9, 6, 11, 10, 4)}
M(A) = 
[[7, 1, 3, 4, 12, 2, 5, 6, 10, 8, 9, 11]]
Distance: 52
M(A) inter A:
set()
(75)
A = 
{(4, 1, 6, 5, 7, 8, 2, 12, 3, 10, 9, 11), (1, 9, 3, 10, 11, 8, 5, 12, 7, 4, 2, 6), (4, 3, 2, 8, 1, 6, 10, 7, 5, 9, 11, 12)}
M(A) = 
[[4, 1, 3, 8, 2, 6, 10, 5, 7, 9, 11, 12], [4, 1, 3, 8, 6, 10, 5, 7, 2, 9, 11, 12]]
Distance: 53
M(A) inter A:
set()
(76)
A = 
{(8, 5, 6, 4, 1, 2, 7, 12, 3, 10, 9, 11), (6, 2, 3, 4, 1, 7, 5, 8, 12, 11, 9, 10), (10, 5, 7, 8, 2, 11, 9, 3, 12, 4, 6, 1)}
M(A) = 
[[5, 8, 6, 2, 3, 4, 1, 7, 12, 10, 11, 9]]
Distance: 53
M(A) inter A:
set()
(77)
A = 
{(8, 9, 3, 12, 5, 2, 1, 7, 4, 11, 10, 6), (2, 11, 7, 10, 6, 1, 8, 5, 9, 3, 4, 12), (7, 2, 11, 5, 10, 6, 3, 1, 12, 9, 8, 4)}
M(A) = 
[[2, 7, 11, 5, 10, 6, 1, 8, 9, 3, 12, 4]]
Distance: 51
M(A) inter A:
set()
(78)
A = 
{(12, 5, 4, 3, 1, 2, 7, 8, 6, 11, 9, 10), (8, 2, 12, 11, 7, 9, 4, 6, 3, 5, 1, 10), (9, 4, 1, 7, 10, 2, 6, 5, 3, 11, 12, 8)}
M(A) = 
[[2, 12, 4, 7, 9, 5, 3, 1, 8, 6, 11, 10], [2, 12, 4, 7, 9, 6, 5, 3, 1, 8, 11, 10], [2, 12, 7, 9, 4, 5, 3, 1, 8, 6, 11, 10], [2, 12, 7, 9, 4, 6, 5, 3, 1, 8, 11, 10], [2, 12, 9, 4, 1, 7, 6, 5, 3, 8, 11, 10], [2, 12, 9, 4, 7, 5, 3, 1, 8, 6, 11, 10], [2, 12, 9, 4, 7, 6, 5, 3, 1, 8, 11, 10], [4, 2, 12, 7, 9, 5, 3, 1, 8, 6, 11, 10], [4, 2, 12, 7, 9, 6, 5, 3, 1, 8, 11, 10], [12, 4, 1, 2, 7, 8, 9, 6, 5, 3, 11, 10], [12, 4, 1, 2, 7, 9, 6, 5, 3, 8, 11, 10], [12, 4, 2, 7, 9, 5, 3, 1, 8, 6, 11, 10], [12, 4, 2, 7, 9, 6, 5, 3, 1, 8, 11, 10], [12, 9, 4, 1, 2, 7, 6, 5, 3, 8, 11, 10]]
Distance: 64
M(A) inter A:
set()
(79)
A = 
{(2, 3, 10, 9, 6, 1, 12, 11, 8, 4, 5, 7), (5, 2, 4, 8, 11, 3, 1, 9, 10, 7, 6, 12), (2, 6, 5, 1, 3, 4, 8, 7, 11, 12, 10, 9)}
M(A) = 
[[2, 3, 6, 5, 1, 4, 8, 11, 10, 9, 7, 12], [2, 5, 3, 6, 1, 4, 8, 11, 10, 9, 7, 12], [2, 6, 5, 3, 1, 4, 8, 11, 10, 9, 7, 12]]
Distance: 49
M(A) inter A:
set()
(80)
A = 
{(1, 7, 11, 3, 10, 6, 2, 5, 12, 4, 8, 9), (4, 2, 9, 3, 11, 5, 12, 7, 1, 10, 6, 8), (4, 3, 7, 6, 5, 9, 11, 8, 10, 2, 12, 1)}
M(A) = 
[[4, 3, 7, 11, 6, 2, 5, 9, 1, 10, 12, 8], [4, 3, 7, 11, 6, 2, 5, 9, 10, 12, 1, 8], [4, 3, 7, 11, 6, 2, 5, 9, 12, 1, 10, 8], [4, 3, 7, 11, 10, 6, 2, 5, 9, 12, 1, 8]]
Distance: 54
M(A) inter A:
set()
(81)
A = 
{(8, 2, 4, 11, 3, 7, 12, 6, 10, 5, 1, 9), (7, 6, 5, 4, 12, 8, 2, 9, 3, 1, 10, 11), (10, 3, 1, 2, 5, 7, 4, 8, 11, 9, 6, 12)}
M(A) = 
[[2, 3, 7, 5, 4, 8, 6, 12, 10, 1, 11, 9], [2, 3, 7, 5, 4, 8, 11, 6, 12, 10, 1, 9], [2, 7, 4, 8, 3, 6, 10, 5, 1, 11, 12, 9], [2, 7, 4, 8, 3, 6, 10, 5, 11, 12, 1, 9], [2, 7, 4, 8, 3, 6, 10, 5, 12, 1, 11, 9], [2, 7, 4, 8, 3, 6, 12, 10, 5, 1, 11, 9], [2, 7, 4, 8, 3, 6, 5, 12, 10, 1, 11, 9], [2, 7, 5, 4, 8, 3, 6, 12, 10, 1, 11, 9], [2, 7, 5, 4, 8, 3, 11, 6, 12, 10, 1, 9]]
Distance: 61
M(A) inter A:
set()
(82)
A = 
{(1, 2, 3, 4, 5, 6, 7, 8, 9, 10, 11, 12), (1, 12, 9, 7, 3, 4, 5, 2, 6, 11, 10, 8), (9, 3, 7, 4, 5, 6, 12, 8, 2, 10, 1, 11)}
M(A) = 
[[1, 9, 3, 7, 4, 5, 2, 6, 12, 8, 10, 11], [1, 9, 3, 7, 4, 5, 6, 12, 2, 8, 10, 11], [1, 9, 3, 7, 4, 5, 12, 2, 6, 8, 10, 11]]
Distance: 41
M(A) inter A:
set()
(83)
A = 
{(4, 1, 8, 6, 5, 2, 9, 7, 3, 10, 11, 12), (9, 1, 6, 4, 3, 2, 12, 7, 8, 5, 11, 10), (7, 1, 9, 11, 3, 2, 5, 12, 4, 8, 10, 6)}
M(A) = 
[[1, 9, 4, 6, 2, 7, 3, 8, 5, 11, 12, 10], [1, 9, 4, 6, 3, 2, 7, 8, 5, 11, 12, 10], [1, 9, 4, 6, 7, 3, 2, 8, 5, 11, 12, 10]]
Distance: 47
M(A) inter A:
set()
(84)
A = 
{(7, 5, 3, 1, 4, 8, 11, 10, 2, 9, 6, 12), (1, 12, 2, 6, 7, 11, 3, 5, 8, 9, 10, 4), (1, 7, 11, 9, 4, 6, 12, 8, 5, 10, 2, 3)}
M(A) = 
[[1, 7, 11, 4, 6, 12, 5, 2, 3, 8, 9, 10], [1, 7, 11, 4, 6, 12, 5, 3, 8, 9, 10, 2], [1, 7, 11, 4, 6, 12, 5, 3, 8, 2, 9, 10], [1, 7, 11, 4, 6, 12, 5, 3, 8, 10, 2, 9], [1, 7, 11, 4, 6, 12, 5, 8, 2, 3, 9, 10], [1, 7, 11, 5, 3, 9, 4, 6, 12, 8, 10, 2], [1, 7, 11, 5, 9, 4, 6, 12, 3, 8, 10, 2], [1, 7, 11, 6, 12, 5, 3, 8, 9, 4, 10, 2], [1, 7, 11, 6, 12, 5, 3, 9, 4, 8, 10, 2], [1, 7, 11, 6, 12, 5, 3, 4, 8, 9, 10, 2], [1, 7, 11, 6, 12, 5, 3, 4, 8, 2, 9, 10], [1, 7, 11, 6, 12, 5, 3, 4, 8, 10, 2, 9], [1, 7, 11, 6, 5, 3, 9, 4, 12, 8, 10, 2], [1, 7, 11, 9, 4, 6, 12, 5, 3, 8, 10, 2], [1, 7, 11, 9, 6, 12, 5, 3, 4, 8, 10, 2]]
Distance: 55
M(A) inter A:
set()
(85)
A = 
{(3, 5, 8, 6, 9, 4, 1, 11, 10, 2, 7, 12), (3, 5, 8, 4, 10, 2, 9, 6, 7, 12, 11, 1), (4, 10, 9, 6, 11, 2, 12, 5, 7, 1, 3, 8)}
M(A) = 
[[3, 5, 8, 4, 10, 9, 6, 11, 2, 7, 12, 1]]
Distance: 43
M(A) inter A:
set()
(86)
A = 
{(2, 3, 1, 9, 4, 8, 12, 10, 7, 5, 11, 6), (1, 8, 2, 11, 4, 6, 7, 12, 10, 9, 5, 3), (12, 5, 7, 10, 4, 1, 2, 11, 3, 8, 9, 6)}
M(A) = 
[[1, 2, 4, 8, 12, 7, 10, 5, 11, 3, 9, 6]]
Distance: 55
M(A) inter A:
set()
(87)
A = 
{(3, 2, 6, 9, 5, 4, 11, 10, 1, 12, 8, 7), (1, 8, 2, 6, 7, 12, 10, 4, 3, 9, 5, 11), (6, 12, 7, 5, 3, 1, 2, 4, 11, 10, 9, 8)}
M(A) = 
[[1, 2, 6, 12, 7, 3, 4, 9, 5, 11, 10, 8], [1, 2, 6, 12, 7, 3, 5, 4, 9, 11, 10, 8], [1, 2, 6, 12, 7, 3, 5, 4, 10, 9, 11, 8], [1, 2, 6, 12, 7, 3, 5, 4, 11, 10, 9, 8], [1, 2, 6, 12, 7, 3, 9, 5, 4, 11, 10, 8], [2, 6, 1, 12, 7, 3, 4, 9, 5, 11, 10, 8], [2, 6, 1, 12, 7, 3, 5, 4, 9, 11, 10, 8], [2, 6, 1, 12, 7, 3, 5, 4, 10, 9, 11, 8], [2, 6, 1, 12, 7, 3, 5, 4, 11, 10, 9, 8], [2, 6, 1, 12, 7, 3, 9, 5, 4, 11, 10, 8], [2, 6, 12, 7, 3, 5, 1, 4, 9, 11, 10, 8], [2, 6, 12, 7, 3, 5, 1, 4, 10, 9, 11, 8], [2, 6, 12, 7, 3, 5, 1, 4, 11, 10, 9, 8], [6, 1, 2, 12, 7, 3, 4, 9, 5, 11, 10, 8], [6, 1, 2, 12, 7, 3, 5, 4, 9, 11, 10, 8], [6, 1, 2, 12, 7, 3, 5, 4, 10, 9, 11, 8], [6, 1, 2, 12, 7, 3, 5, 4, 11, 10, 9, 8], [6, 1, 2, 12, 7, 3, 9, 5, 4, 11, 10, 8], [6, 3, 1, 2, 12, 7, 4, 9, 5, 11, 10, 8], [6, 3, 1, 2, 12, 7, 5, 4, 9, 11, 10, 8], [6, 3, 1, 2, 12, 7, 5, 4, 10, 9, 11, 8], [6, 3, 1, 2, 12, 7, 5, 4, 11, 10, 9, 8], [6, 3, 1, 2, 12, 7, 9, 5, 4, 11, 10, 8]]
Distance: 57
M(A) inter A:
set()
(88)
A = 
{(12, 5, 2, 1, 9, 3, 4, 7, 10, 8, 11, 6), (7, 1, 5, 9, 8, 2, 4, 11, 3, 6, 10, 12), (4, 5, 1, 3, 2, 8, 9, 6, 7, 12, 11, 10)}
M(A) = 
[[5, 1, 2, 9, 4, 3, 7, 8, 11, 6, 12, 10], [5, 1, 2, 9, 4, 3, 7, 8, 12, 11, 6, 10], [5, 1, 2, 9, 4, 3, 7, 8, 6, 12, 11, 10]]
Distance: 39
M(A) inter A:
set()
(89)
A = 
{(8, 6, 1, 5, 2, 10, 11, 4, 7, 3, 9, 12), (10, 11, 8, 12, 3, 2, 9, 4, 6, 5, 7, 1), (4, 3, 8, 2, 1, 9, 7, 5, 6, 11, 10, 12)}
M(A) = 
[[8, 2, 4, 3, 6, 1, 5, 10, 11, 9, 7, 12], [8, 3, 2, 4, 6, 1, 5, 10, 11, 9, 7, 12], [8, 4, 3, 2, 6, 1, 5, 10, 11, 9, 7, 12]]
Distance: 60
M(A) inter A:
set()
(90)
A = 
{(10, 3, 7, 1, 12, 6, 5, 2, 11, 9, 8, 4), (1, 5, 7, 4, 11, 6, 2, 8, 10, 9, 3, 12), (2, 11, 3, 7, 1, 10, 5, 6, 8, 12, 9, 4)}
M(A) = 
[[3, 7, 1, 5, 2, 11, 10, 6, 8, 12, 9, 4], [7, 1, 2, 11, 10, 3, 5, 6, 8, 12, 9, 4], [7, 1, 5, 2, 11, 10, 3, 6, 8, 12, 9, 4]]
Distance: 48
M(A) inter A:
set()
(91)
A = 
{(7, 4, 3, 6, 2, 1, 12, 11, 10, 5, 9, 8), (4, 11, 2, 1, 10, 9, 3, 7, 8, 12, 5, 6), (2, 3, 10, 1, 8, 9, 6, 7, 4, 12, 5, 11)}
M(A) = 
[[4, 2, 3, 1, 10, 9, 7, 8, 6, 12, 11, 5], [4, 2, 3, 1, 11, 10, 9, 7, 8, 6, 12, 5]]
Distance: 47
M(A) inter A:
set()
(92)
A = 
{(6, 4, 11, 3, 5, 7, 8, 2, 1, 12, 9, 10), (4, 10, 6, 5, 3, 7, 12, 11, 1, 9, 2, 8), (1, 5, 6, 2, 10, 3, 11, 8, 9, 12, 7, 4)}
M(A) = 
[[6, 4, 5, 10, 3, 11, 7, 1, 2, 8, 12, 9]]
Distance: 49
M(A) inter A:
set()
(93)
A = 
{(3, 6, 12, 1, 2, 5, 11, 4, 7, 8, 9, 10), (5, 1, 2, 4, 3, 7, 9, 12, 8, 11, 10, 6), (1, 4, 2, 12, 8, 11, 7, 6, 3, 5, 10, 9)}
M(A) = 
[[1, 2, 4, 3, 12, 5, 7, 8, 11, 6, 9, 10], [1, 2, 4, 3, 12, 5, 8, 11, 7, 6, 9, 10], [1, 2, 4, 3, 12, 5, 11, 7, 8, 6, 9, 10]]
Distance: 42
M(A) inter A:
set()
(94)
A = 
{(6, 3, 5, 4, 1, 12, 9, 7, 10, 2, 11, 8), (6, 4, 5, 1, 7, 9, 2, 11, 3, 10, 8, 12), (2, 1, 3, 5, 7, 6, 12, 9, 10, 4, 8, 11)}
M(A) = 
[[6, 3, 5, 4, 1, 7, 2, 12, 9, 10, 11, 8], [6, 3, 5, 4, 1, 7, 9, 2, 12, 10, 11, 8], [6, 3, 5, 4, 1, 7, 12, 9, 2, 10, 11, 8]]
Distance: 37
M(A) inter A:
set()
(95)
A = 
{(1, 10, 6, 9, 5, 3, 12, 11, 7, 2, 4, 8), (8, 5, 1, 11, 9, 12, 4, 2, 6, 10, 3, 7), (4, 6, 5, 11, 12, 3, 7, 8, 2, 9, 10, 1)}
M(A) = 
[[1, 6, 5, 11, 9, 12, 4, 3, 7, 8, 2, 10], [1, 6, 5, 11, 9, 12, 4, 10, 3, 7, 8, 2], [5, 1, 6, 11, 9, 12, 4, 3, 7, 8, 2, 10], [5, 1, 6, 11, 9, 12, 4, 10, 3, 7, 8, 2], [6, 5, 1, 11, 9, 12, 4, 3, 7, 8, 2, 10], [6, 5, 1, 11, 9, 12, 4, 10, 3, 7, 8, 2]]
Distance: 60
M(A) inter A:
set()
(96)
A = 
{(10, 6, 5, 8, 11, 4, 9, 7, 2, 3, 12, 1), (2, 6, 12, 3, 8, 9, 5, 11, 1, 4, 10, 7), (3, 5, 8, 6, 9, 10, 7, 11, 4, 2, 12, 1)}
M(A) = 
[[6, 3, 5, 8, 9, 10, 11, 4, 7, 2, 12, 1]]
Distance: 43
M(A) inter A:
set()
(97)
A = 
{(12, 5, 7, 8, 4, 9, 10, 11, 2, 6, 1, 3), (2, 1, 4, 8, 7, 12, 3, 10, 5, 9, 6, 11), (9, 3, 12, 10, 6, 2, 11, 8, 7, 4, 1, 5)}
M(A) = 
[[12, 2, 8, 7, 4, 9, 3, 10, 5, 6, 11, 1]]
Distance: 62
M(A) inter A:
set()
(98)
A = 
{(8, 1, 2, 3, 12, 11, 9, 4, 10, 7, 6, 5), (6, 9, 7, 4, 10, 12, 3, 8, 5, 11, 2, 1), (9, 5, 11, 3, 7, 8, 4, 2, 12, 1, 10, 6)}
M(A) = 
[[9, 3, 7, 8, 4, 12, 5, 11, 2, 1, 10, 6], [9, 3, 7, 8, 11, 4, 2, 12, 1, 10, 6, 5], [9, 3, 8, 11, 7, 4, 2, 12, 1, 10, 6, 5], [9, 3, 11, 7, 8, 4, 2, 12, 1, 10, 6, 5]]
Distance: 64
M(A) inter A:
set()
(99)
A = 
{(2, 6, 9, 7, 3, 12, 10, 4, 1, 8, 11, 5), (10, 12, 6, 5, 9, 1, 7, 8, 11, 2, 4, 3), (5, 1, 10, 6, 2, 7, 8, 9, 3, 4, 12, 11)}
M(A) = 
[[10, 6, 5, 1, 2, 9, 7, 8, 3, 12, 4, 11], [10, 6, 5, 1, 2, 9, 7, 3, 12, 8, 4, 11], [10, 6, 5, 1, 2, 9, 7, 12, 8, 3, 4, 11], [10, 6, 5, 2, 9, 1, 7, 8, 3, 12, 4, 11], [10, 6, 5, 2, 9, 1, 7, 3, 12, 8, 4, 11], [10, 6, 5, 2, 9, 1, 7, 12, 8, 3, 4, 11], [10, 6, 5, 2, 9, 7, 12, 1, 8, 3, 4, 11], [10, 6, 5, 2, 9, 12, 1, 7, 8, 3, 4, 11], [10, 6, 5, 9, 1, 2, 7, 8, 3, 12, 4, 11], [10, 6, 5, 9, 1, 2, 7, 3, 12, 8, 4, 11], [10, 6, 5, 9, 1, 2, 7, 12, 8, 3, 4, 11]]
Distance: 48
M(A) inter A:
set()
