(0)
A = 
{(3, 7, 2, 6, 10, 1, 9, 8, 11, 5, 4), (1, 10, 5, 9, 3, 2, 11, 6, 8, 4, 7), (2, 1, 4, 3, 5, 8, 6, 7, 9, 10, 11), (1, 3, 4, 7, 11, 9, 5, 8, 2, 10, 6), (8, 7, 4, 6, 2, 5, 9, 11, 1, 10, 3), (4, 3, 1, 6, 8, 2, 5, 10, 9, 7, 11), (11, 5, 2, 8, 10, 6, 4, 1, 3, 9, 7)}
M(A) = 
[[2, 1, 4, 3, 5, 8, 6, 7, 10, 9, 11]]
Distance: 139
M(A) inter A:
set()
(1)
A = 
{(9, 6, 4, 10, 1, 11, 2, 5, 8, 7, 3), (10, 7, 8, 3, 5, 6, 9, 2, 4, 1, 11), (10, 4, 5, 8, 7, 11, 2, 6, 9, 1, 3), (5, 10, 3, 2, 11, 6, 7, 4, 8, 1, 9), (4, 6, 11, 8, 9, 3, 2, 10, 1, 7, 5), (7, 11, 2, 6, 1, 4, 5, 3, 8, 10, 9), (11, 1, 6, 7, 8, 3, 4, 5, 10, 9, 2)}
M(A) = 
[[6, 4, 10, 11, 7, 5, 8, 3, 9, 2, 1]]
Distance: 142
M(A) inter A:
set()
(2)
A = 
{(2, 1, 4, 11, 6, 5, 8, 7, 9, 3, 10), (9, 6, 1, 2, 7, 10, 11, 5, 3, 8, 4), (4, 10, 3, 6, 11, 8, 7, 1, 9, 2, 5), (9, 7, 2, 1, 5, 8, 4, 10, 3, 11, 6), (4, 6, 9, 2, 3, 8, 5, 11, 7, 10, 1), (2, 7, 5, 6, 1, 11, 8, 10, 3, 4, 9), (5, 3, 9, 4, 10, 6, 8, 11, 1, 7, 2)}
M(A) = 
[[4, 6, 9, 2, 7, 1, 5, 10, 3, 11, 8]]
Distance: 151
M(A) inter A:
set()
(3)
A = 
{(10, 3, 1, 4, 5, 11, 9, 2, 6, 7, 8), (2, 5, 11, 9, 6, 10, 7, 8, 4, 1, 3), (4, 3, 7, 6, 5, 2, 8, 9, 1, 10, 11), (8, 2, 1, 10, 11, 7, 3, 4, 5, 6, 9), (4, 1, 9, 5, 3, 7, 11, 2, 10, 6, 8), (1, 2, 4, 3, 5, 6, 11, 9, 8, 7, 10), (4, 8, 5, 3, 1, 2, 9, 11, 10, 7, 6)}
M(A) = 
[[4, 1, 3, 5, 2, 11, 9, 10, 7, 6, 8]]
Distance: 124
M(A) inter A:
set()
(4)
A = 
{(3, 11, 9, 1, 2, 10, 6, 7, 5, 4, 8), (11, 3, 8, 1, 5, 10, 4, 6, 2, 7, 9), (4, 8, 7, 6, 3, 1, 5, 2, 11, 10, 9), (6, 5, 10, 1, 9, 7, 11, 8, 3, 2, 4), (5, 3, 9, 4, 1, 6, 7, 11, 10, 8, 2), (2, 10, 3, 1, 11, 7, 6, 9, 8, 4, 5), (2, 5, 6, 9, 8, 3, 11, 7, 10, 4, 1)}
M(A) = 
[[3, 1, 6, 5, 11, 2, 10, 9, 7, 8, 4]]
Distance: 143
M(A) inter A:
set()
(5)
A = 
{(1, 8, 6, 11, 9, 4, 2, 3, 7, 10, 5), (7, 1, 11, 8, 9, 2, 6, 4, 5, 10, 3), (2, 1, 5, 4, 3, 6, 8, 7, 9, 10, 11), (9, 1, 3, 2, 4, 7, 6, 5, 10, 11, 8), (9, 10, 2, 3, 11, 4, 1, 5, 8, 6, 7), (10, 1, 5, 3, 4, 2, 11, 8, 9, 6, 7), (2, 4, 6, 10, 1, 9, 3, 8, 5, 7, 11)}
M(A) = 
[[1, 9, 2, 4, 3, 6, 10, 5, 8, 7, 11], [1, 9, 2, 4, 3, 6, 10, 5, 11, 8, 7], [1, 9, 2, 4, 6, 10, 3, 5, 8, 7, 11], [1, 9, 2, 4, 6, 10, 3, 5, 11, 8, 7]]
Distance: 125
M(A) inter A:
set()
(6)
A = 
{(6, 11, 1, 2, 7, 3, 5, 4, 10, 9, 8), (7, 3, 5, 2, 11, 4, 9, 10, 1, 6, 8), (1, 5, 2, 4, 7, 3, 10, 6, 8, 11, 9), (2, 10, 1, 6, 8, 4, 3, 11, 7, 5, 9), (3, 1, 2, 6, 4, 9, 8, 5, 11, 7, 10), (8, 5, 7, 3, 2, 9, 1, 4, 11, 6, 10), (7, 5, 6, 10, 4, 11, 1, 9, 3, 2, 8)}
M(A) = 
[[1, 7, 3, 5, 2, 6, 4, 11, 10, 9, 8]]
Distance: 125
M(A) inter A:
set()
(7)
A = 
{(8, 2, 9, 1, 7, 10, 3, 5, 11, 6, 4), (9, 2, 7, 6, 8, 4, 1, 5, 3, 11, 10), (11, 7, 1, 4, 3, 8, 2, 5, 10, 6, 9), (3, 9, 6, 4, 11, 7, 10, 5, 8, 1, 2), (4, 1, 7, 9, 10, 2, 8, 3, 6, 5, 11), (1, 3, 4, 5, 10, 8, 9, 2, 6, 11, 7), (1, 2, 3, 4, 5, 6, 7, 8, 10, 9, 11)}
M(A) = 
[[1, 3, 4, 7, 8, 9, 2, 5, 10, 6, 11], [1, 3, 4, 9, 2, 7, 8, 5, 10, 6, 11], [1, 3, 4, 9, 7, 8, 2, 5, 10, 6, 11], [1, 4, 2, 7, 3, 8, 9, 5, 10, 6, 11], [1, 4, 7, 3, 8, 9, 2, 5, 10, 6, 11], [1, 4, 9, 2, 7, 3, 8, 5, 10, 6, 11], [1, 7, 3, 4, 8, 9, 2, 5, 10, 6, 11]]
Distance: 133
M(A) inter A:
set()
(8)
A = 
{(7, 2, 1, 4, 6, 10, 3, 8, 11, 5, 9), (2, 7, 5, 4, 10, 8, 11, 3, 1, 9, 6), (1, 6, 11, 2, 4, 8, 3, 5, 7, 9, 10), (5, 2, 6, 3, 8, 4, 1, 11, 9, 10, 7), (7, 3, 4, 1, 6, 11, 5, 8, 2, 10, 9), (7, 8, 9, 6, 3, 1, 11, 2, 4, 10, 5), (7, 9, 8, 4, 3, 10, 1, 2, 11, 5, 6)}
M(A) = 
[[7, 2, 4, 8, 3, 1, 6, 11, 5, 9, 10]]
Distance: 126
M(A) inter A:
set()
(9)
A = 
{(3, 1, 11, 2, 5, 6, 4, 8, 9, 7, 10), (1, 5, 10, 7, 2, 4, 6, 11, 9, 8, 3), (1, 3, 5, 8, 4, 9, 7, 10, 6, 2, 11), (5, 3, 7, 6, 10, 8, 9, 4, 1, 2, 11), (9, 2, 10, 6, 11, 7, 5, 1, 3, 8, 4), (3, 8, 10, 7, 5, 1, 6, 11, 4, 2, 9), (6, 11, 5, 3, 9, 8, 4, 7, 2, 10, 1)}
M(A) = 
[[5, 3, 7, 10, 1, 6, 11, 8, 4, 9, 2]]
Distance: 140
M(A) inter A:
set()
(10)
A = 
{(10, 11, 5, 7, 9, 3, 1, 6, 2, 4, 8), (5, 2, 3, 1, 6, 7, 8, 4, 11, 10, 9), (9, 8, 6, 3, 11, 1, 2, 10, 4, 5, 7), (2, 5, 10, 3, 9, 7, 6, 4, 11, 8, 1), (6, 9, 2, 5, 10, 4, 7, 3, 1, 8, 11), (4, 2, 6, 9, 3, 5, 8, 1, 10, 7, 11), (4, 1, 7, 5, 8, 2, 9, 10, 6, 11, 3)}
M(A) = 
[[2, 5, 9, 6, 10, 3, 4, 1, 7, 8, 11]]
Distance: 133
M(A) inter A:
set()
(11)
A = 
{(3, 7, 8, 11, 6, 4, 2, 10, 9, 5, 1), (11, 5, 4, 2, 7, 3, 1, 8, 10, 6, 9), (10, 5, 4, 1, 11, 3, 7, 8, 6, 9, 2), (2, 8, 1, 4, 7, 10, 5, 9, 3, 6, 11), (9, 1, 8, 6, 5, 4, 10, 2, 11, 3, 7), (10, 2, 5, 1, 9, 4, 7, 8, 11, 6, 3), (7, 4, 10, 6, 9, 3, 2, 11, 1, 5, 8)}
M(A) = 
[[4, 10, 2, 5, 1, 7, 8, 9, 11, 3, 6]]
Distance: 147
M(A) inter A:
set()
(12)
A = 
{(5, 4, 6, 2, 1, 10, 11, 8, 9, 3, 7), (11, 4, 10, 5, 8, 2, 7, 9, 1, 3, 6), (8, 1, 4, 6, 11, 3, 5, 7, 10, 2, 9), (8, 10, 6, 3, 1, 4, 11, 7, 5, 9, 2), (2, 3, 1, 5, 4, 7, 6, 8, 9, 10, 11), (3, 7, 9, 11, 1, 2, 10, 6, 8, 4, 5), (9, 2, 4, 6, 7, 5, 3, 11, 1, 10, 8)}
M(A) = 
[[1, 4, 2, 6, 3, 11, 5, 8, 7, 10, 9], [1, 4, 2, 6, 3, 11, 5, 10, 8, 7, 9], [1, 4, 2, 6, 3, 11, 5, 7, 10, 8, 9], [1, 4, 6, 3, 11, 5, 2, 7, 10, 8, 9], [1, 4, 6, 3, 11, 5, 2, 8, 7, 10, 9], [1, 4, 6, 3, 11, 5, 2, 10, 8, 7, 9], [1, 4, 6, 11, 5, 2, 8, 3, 7, 10, 9], [2, 1, 4, 6, 3, 11, 5, 8, 7, 10, 9], [2, 1, 4, 6, 3, 11, 5, 10, 8, 7, 9], [2, 1, 4, 6, 3, 11, 5, 7, 10, 8, 9], [4, 2, 1, 6, 3, 11, 5, 8, 7, 10, 9], [4, 2, 1, 6, 3, 11, 5, 10, 8, 7, 9], [4, 2, 1, 6, 3, 11, 5, 7, 10, 8, 9], [4, 2, 3, 1, 6, 11, 5, 8, 7, 10, 9], [4, 2, 3, 1, 6, 11, 5, 10, 8, 7, 9], [4, 2, 3, 1, 6, 11, 5, 7, 10, 8, 9], [4, 2, 6, 3, 1, 11, 5, 8, 7, 10, 9], [4, 2, 6, 3, 1, 11, 5, 10, 8, 7, 9], [4, 2, 6, 3, 1, 11, 5, 7, 10, 8, 9]]
Distance: 158
M(A) inter A:
set()
(13)
A = 
{(1, 2, 8, 5, 6, 3, 11, 7, 10, 9, 4), (3, 2, 5, 6, 7, 11, 4, 10, 1, 8, 9), (9, 11, 3, 2, 1, 6, 4, 10, 8, 7, 5), (1, 3, 8, 6, 4, 5, 2, 11, 10, 7, 9), (6, 5, 11, 8, 3, 7, 2, 4, 1, 10, 9), (7, 8, 4, 9, 2, 10, 3, 6, 5, 11, 1), (1, 5, 2, 7, 4, 11, 8, 3, 6, 9, 10)}
M(A) = 
[[3, 2, 1, 8, 6, 5, 11, 7, 4, 10, 9]]
Distance: 127
M(A) inter A:
set()
(14)
A = 
{(2, 10, 5, 4, 1, 6, 11, 7, 3, 9, 8), (5, 10, 7, 9, 4, 11, 3, 2, 8, 6, 1), (9, 2, 5, 11, 6, 7, 10, 4, 8, 1, 3), (8, 10, 11, 3, 1, 4, 2, 9, 5, 6, 7), (3, 5, 4, 9, 7, 11, 8, 2, 6, 1, 10), (6, 7, 10, 11, 4, 3, 5, 1, 9, 8, 2), (5, 8, 3, 6, 1, 9, 2, 7, 11, 4, 10)}
M(A) = 
[[5, 7, 10, 11, 4, 3, 9, 8, 2, 6, 1]]
Distance: 145
M(A) inter A:
set()
(15)
A = 
{(8, 1, 11, 4, 2, 9, 10, 5, 7, 6, 3), (4, 3, 5, 9, 11, 10, 1, 2, 6, 7, 8), (7, 5, 11, 9, 8, 2, 6, 10, 3, 1, 4), (6, 2, 3, 11, 10, 7, 5, 8, 4, 1, 9), (3, 5, 1, 4, 7, 10, 8, 2, 9, 6, 11), (7, 6, 9, 2, 8, 11, 3, 1, 5, 4, 10), (6, 4, 9, 3, 5, 2, 7, 8, 1, 11, 10)}
M(A) = 
[[2, 6, 3, 5, 4, 7, 9, 8, 11, 1, 10], [3, 5, 4, 9, 2, 7, 6, 8, 11, 1, 10], [3, 5, 4, 2, 7, 9, 6, 8, 11, 1, 10], [3, 5, 4, 7, 9, 2, 6, 8, 11, 1, 10], [5, 2, 7, 9, 6, 3, 8, 11, 1, 4, 10], [5, 4, 9, 2, 6, 3, 7, 8, 11, 1, 10], [5, 4, 9, 2, 7, 6, 3, 8, 11, 1, 10], [5, 4, 2, 7, 9, 6, 3, 8, 11, 1, 10], [5, 4, 7, 9, 2, 6, 3, 8, 11, 1, 10], [5, 7, 9, 2, 6, 3, 8, 11, 1, 4, 10], [5, 9, 2, 6, 3, 7, 8, 11, 1, 4, 10], [5, 9, 2, 7, 6, 3, 8, 11, 1, 4, 10], [6, 3, 5, 4, 9, 2, 7, 8, 11, 1, 10], [6, 3, 5, 4, 2, 7, 9, 8, 11, 1, 10], [6, 3, 5, 4, 7, 9, 2, 8, 11, 1, 10], [9, 2, 6, 3, 5, 7, 8, 11, 1, 4, 10]]
Distance: 158
M(A) inter A:
set()
(16)
A = 
{(6, 8, 4, 1, 11, 2, 9, 10, 7, 3, 5), (9, 11, 10, 3, 1, 8, 4, 6, 7, 5, 2), (10, 3, 1, 9, 11, 5, 6, 4, 2, 8, 7), (4, 3, 7, 10, 8, 1, 9, 11, 2, 5, 6), (2, 1, 4, 6, 3, 8, 5, 7, 11, 9, 10), (5, 4, 8, 11, 10, 1, 6, 9, 7, 3, 2), (7, 9, 3, 1, 6, 2, 4, 8, 5, 10, 11)}
M(A) = 
[[1, 4, 3, 8, 9, 11, 10, 6, 7, 2, 5], [1, 4, 9, 3, 8, 11, 10, 6, 7, 2, 5], [3, 1, 4, 8, 9, 11, 10, 6, 7, 2, 5], [4, 3, 1, 8, 9, 11, 10, 6, 7, 2, 5]]
Distance: 142
M(A) inter A:
set()
(17)
A = 
{(9, 4, 3, 7, 10, 2, 6, 8, 11, 1, 5), (5, 1, 6, 2, 9, 3, 10, 4, 11, 8, 7), (9, 1, 11, 10, 6, 8, 7, 3, 4, 2, 5), (5, 9, 11, 1, 3, 2, 8, 4, 7, 10, 6), (3, 5, 9, 7, 10, 8, 6, 11, 2, 4, 1), (10, 2, 6, 3, 11, 8, 4, 7, 5, 9, 1), (4, 7, 3, 6, 9, 1, 8, 11, 10, 2, 5)}
M(A) = 
[[9, 3, 10, 6, 11, 2, 8, 4, 7, 5, 1]]
Distance: 147
M(A) inter A:
set()
(18)
A = 
{(11, 1, 3, 2, 7, 8, 10, 5, 9, 6, 4), (4, 11, 3, 5, 9, 1, 8, 6, 10, 2, 7), (11, 5, 10, 8, 6, 4, 9, 7, 2, 1, 3), (7, 9, 1, 5, 2, 4, 10, 11, 3, 6, 8), (3, 2, 4, 6, 11, 7, 5, 10, 1, 9, 8), (7, 1, 4, 5, 2, 3, 6, 11, 8, 9, 10), (3, 1, 5, 2, 4, 9, 7, 11, 10, 6, 8)}
M(A) = 
[[1, 3, 5, 2, 4, 11, 7, 9, 10, 6, 8], [1, 4, 11, 3, 5, 2, 7, 9, 10, 6, 8], [1, 4, 11, 3, 7, 5, 2, 9, 10, 6, 8], [1, 5, 2, 4, 11, 3, 7, 9, 10, 6, 8], [4, 11, 1, 3, 5, 2, 7, 9, 10, 6, 8], [4, 11, 1, 3, 7, 5, 2, 9, 10, 6, 8], [4, 11, 3, 7, 1, 5, 2, 9, 10, 6, 8], [4, 11, 7, 1, 3, 5, 2, 9, 10, 6, 8]]
Distance: 134
M(A) inter A:
set()
(19)
A = 
{(6, 7, 3, 2, 10, 4, 11, 1, 5, 9, 8), (3, 4, 5, 1, 2, 6, 7, 9, 10, 11, 8), (6, 8, 10, 1, 11, 7, 5, 3, 9, 4, 2), (9, 11, 5, 1, 2, 3, 6, 10, 4, 7, 8), (11, 2, 7, 6, 1, 3, 9, 5, 10, 4, 8), (10, 1, 5, 8, 6, 7, 3, 4, 9, 11, 2), (11, 3, 5, 4, 1, 2, 7, 6, 10, 9, 8)}
M(A) = 
[[11, 1, 3, 5, 2, 6, 7, 10, 4, 9, 8]]
Distance: 130
M(A) inter A:
set()
(20)
A = 
{(9, 5, 6, 1, 3, 2, 8, 7, 10, 11, 4), (11, 7, 1, 2, 3, 8, 6, 9, 4, 10, 5), (4, 11, 6, 8, 5, 7, 3, 1, 10, 2, 9), (8, 3, 6, 5, 11, 4, 9, 2, 7, 1, 10), (8, 3, 2, 7, 1, 5, 6, 4, 11, 9, 10), (8, 10, 6, 5, 11, 2, 4, 1, 3, 7, 9), (8, 4, 5, 10, 2, 7, 1, 9, 3, 11, 6)}
M(A) = 
[[8, 3, 6, 5, 11, 2, 4, 7, 1, 9, 10], [8, 5, 3, 6, 11, 2, 4, 7, 1, 9, 10], [8, 6, 5, 3, 11, 2, 4, 7, 1, 9, 10]]
Distance: 130
M(A) inter A:
set()
(21)
A = 
{(10, 9, 3, 5, 2, 4, 6, 7, 1, 8, 11), (2, 1, 8, 3, 7, 6, 4, 5, 9, 11, 10), (3, 11, 9, 1, 2, 8, 6, 7, 4, 10, 5), (5, 3, 4, 11, 2, 1, 6, 7, 8, 10, 9), (7, 10, 3, 4, 11, 1, 2, 8, 5, 6, 9), (3, 8, 1, 4, 5, 9, 6, 2, 10, 7, 11), (9, 10, 2, 1, 7, 11, 5, 8, 4, 6, 3)}
M(A) = 
[[3, 2, 1, 7, 8, 4, 9, 10, 5, 11, 6], [3, 2, 1, 7, 8, 4, 10, 5, 9, 11, 6], [3, 2, 1, 7, 8, 4, 5, 9, 11, 6, 10], [3, 2, 1, 7, 8, 4, 5, 9, 10, 11, 6], [3, 2, 1, 7, 8, 4, 5, 9, 6, 10, 11]]
Distance: 142
M(A) inter A:
set()
(22)
A = 
{(6, 8, 2, 1, 11, 5, 9, 4, 3, 7, 10), (3, 4, 11, 5, 2, 9, 1, 8, 10, 7, 6), (1, 2, 3, 5, 6, 4, 7, 8, 10, 9, 11), (5, 8, 10, 1, 9, 4, 11, 2, 7, 6, 3), (1, 2, 3, 4, 5, 7, 6, 9, 8, 10, 11), (3, 2, 1, 6, 7, 5, 11, 4, 9, 8, 10), (2, 1, 4, 5, 8, 6, 3, 7, 9, 11, 10)}
M(A) = 
[[2, 1, 3, 5, 4, 6, 8, 7, 9, 11, 10]]
Distance: 101
M(A) inter A:
set()
(23)
A = 
{(9, 3, 8, 5, 7, 2, 10, 4, 1, 6, 11), (10, 11, 7, 2, 8, 1, 9, 6, 4, 3, 5), (9, 8, 11, 7, 10, 4, 1, 2, 6, 5, 3), (7, 4, 3, 11, 5, 6, 2, 10, 8, 9, 1), (5, 11, 3, 6, 2, 9, 7, 8, 4, 10, 1), (11, 8, 3, 10, 1, 6, 2, 5, 7, 9, 4), (6, 1, 2, 11, 10, 4, 3, 7, 8, 9, 5)}
M(A) = 
[[11, 3, 7, 2, 8, 10, 6, 9, 4, 1, 5]]
Distance: 144
M(A) inter A:
set()
(24)
A = 
{(4, 8, 5, 6, 10, 2, 7, 3, 11, 1, 9), (6, 7, 10, 5, 1, 2, 8, 11, 9, 3, 4), (6, 3, 9, 10, 4, 8, 5, 2, 11, 1, 7), (1, 2, 4, 5, 7, 8, 3, 6, 9, 11, 10), (8, 10, 2, 11, 9, 3, 4, 7, 1, 6, 5), (1, 4, 8, 2, 5, 10, 7, 3, 9, 6, 11), (1, 8, 7, 4, 2, 11, 10, 5, 9, 3, 6)}
M(A) = 
[[1, 4, 8, 10, 2, 5, 7, 3, 6, 11, 9]]
Distance: 131
M(A) inter A:
set()
(25)
A = 
{(7, 8, 5, 3, 9, 10, 6, 1, 2, 4, 11), (1, 3, 2, 4, 5, 6, 9, 8, 10, 7, 11), (4, 8, 2, 1, 3, 10, 5, 11, 7, 6, 9), (8, 2, 9, 6, 5, 4, 11, 10, 3, 1, 7), (6, 5, 2, 3, 1, 4, 9, 11, 10, 7, 8), (3, 2, 4, 7, 5, 8, 9, 1, 10, 11, 6), (3, 6, 10, 2, 1, 7, 5, 4, 8, 9, 11)}
M(A) = 
[[3, 2, 5, 4, 8, 6, 1, 9, 10, 7, 11], [3, 2, 5, 6, 1, 4, 8, 9, 10, 7, 11], [3, 2, 5, 6, 4, 8, 1, 9, 10, 7, 11]]
Distance: 120
M(A) inter A:
set()
(26)
A = 
{(5, 4, 2, 3, 8, 1, 7, 10, 11, 6, 9), (9, 1, 4, 2, 5, 6, 3, 8, 7, 11, 10), (11, 1, 7, 4, 9, 6, 8, 5, 2, 3, 10), (8, 11, 6, 3, 7, 9, 2, 4, 10, 1, 5), (3, 2, 9, 1, 4, 6, 10, 5, 7, 11, 8), (9, 6, 1, 4, 10, 2, 11, 3, 7, 8, 5), (9, 3, 4, 2, 8, 5, 7, 11, 10, 1, 6)}
M(A) = 
[[9, 1, 4, 2, 6, 3, 8, 5, 7, 11, 10], [9, 4, 2, 1, 6, 3, 8, 5, 7, 11, 10], [9, 4, 2, 3, 1, 6, 8, 5, 7, 11, 10]]
Distance: 130
M(A) inter A:
set()
(27)
A = 
{(4, 1, 8, 7, 3, 9, 5, 6, 2, 11, 10), (5, 3, 1, 7, 10, 6, 4, 8, 11, 2, 9), (10, 5, 6, 3, 8, 11, 1, 7, 2, 4, 9), (4, 5, 3, 8, 1, 6, 9, 10, 7, 11, 2), (7, 1, 5, 6, 10, 9, 2, 8, 11, 3, 4), (4, 5, 1, 8, 9, 6, 2, 7, 3, 10, 11), (1, 10, 2, 9, 6, 3, 4, 8, 7, 5, 11)}
M(A) = 
[[5, 1, 6, 3, 10, 4, 8, 7, 9, 2, 11]]
Distance: 118
M(A) inter A:
set()
(28)
A = 
{(4, 11, 7, 5, 3, 1, 8, 2, 10, 6, 9), (3, 2, 7, 11, 1, 4, 8, 9, 5, 10, 6), (1, 6, 2, 8, 5, 4, 10, 9, 11, 7, 3), (1, 3, 7, 2, 10, 9, 5, 8, 6, 4, 11), (10, 8, 6, 2, 7, 1, 11, 3, 4, 5, 9), (1, 10, 3, 7, 5, 8, 11, 2, 9, 6, 4), (4, 7, 10, 2, 6, 11, 1, 5, 3, 8, 9)}
M(A) = 
[[7, 1, 2, 10, 3, 5, 8, 6, 4, 11, 9], [7, 1, 2, 10, 3, 8, 6, 4, 11, 5, 9], [7, 1, 3, 2, 4, 10, 5, 8, 6, 11, 9], [7, 1, 3, 2, 10, 5, 8, 6, 4, 11, 9], [7, 1, 3, 2, 10, 8, 6, 4, 11, 5, 9], [7, 1, 10, 3, 2, 5, 8, 6, 4, 11, 9], [7, 1, 10, 3, 2, 8, 6, 4, 11, 5, 9]]
Distance: 131
M(A) inter A:
set()
(29)
A = 
{(8, 6, 11, 5, 9, 4, 2, 7, 1, 10, 3), (5, 1, 4, 9, 11, 6, 2, 10, 3, 8, 7), (7, 9, 5, 2, 6, 4, 3, 10, 8, 11, 1), (8, 11, 5, 2, 1, 3, 9, 7, 6, 10, 4), (10, 11, 9, 5, 3, 8, 4, 6, 7, 2, 1), (5, 6, 1, 2, 3, 4, 7, 9, 8, 11, 10), (4, 3, 7, 1, 10, 9, 8, 6, 5, 11, 2)}
M(A) = 
[[5, 9, 4, 8, 6, 11, 2, 1, 3, 7, 10], [5, 9, 4, 8, 6, 11, 2, 3, 7, 1, 10], [5, 9, 6, 4, 8, 11, 2, 1, 3, 7, 10], [5, 9, 6, 4, 8, 11, 2, 3, 7, 1, 10], [5, 9, 8, 6, 4, 11, 2, 1, 3, 7, 10], [5, 9, 8, 6, 4, 11, 2, 3, 7, 1, 10]]
Distance: 144
M(A) inter A:
set()
(30)
A = 
{(4, 3, 7, 1, 8, 2, 10, 5, 6, 11, 9), (5, 11, 3, 6, 1, 8, 10, 7, 2, 9, 4), (4, 8, 6, 11, 2, 3, 9, 5, 7, 10, 1), (5, 1, 10, 11, 8, 4, 3, 2, 6, 7, 9), (1, 8, 2, 3, 5, 11, 6, 10, 7, 4, 9), (11, 6, 4, 7, 2, 10, 5, 8, 1, 9, 3), (11, 4, 1, 6, 10, 7, 5, 8, 2, 3, 9)}
M(A) = 
[[5, 11, 4, 1, 8, 2, 3, 6, 10, 7, 9], [5, 11, 4, 1, 8, 3, 6, 2, 10, 7, 9], [5, 11, 4, 1, 8, 3, 6, 10, 7, 2, 9], [5, 11, 4, 1, 8, 3, 6, 7, 2, 10, 9], [5, 11, 4, 1, 8, 6, 2, 3, 10, 7, 9], [11, 4, 5, 1, 8, 2, 3, 6, 10, 7, 9], [11, 4, 5, 1, 8, 3, 6, 2, 10, 7, 9], [11, 4, 5, 1, 8, 3, 6, 10, 7, 2, 9], [11, 4, 5, 1, 8, 3, 6, 7, 2, 10, 9], [11, 4, 5, 1, 8, 6, 2, 3, 10, 7, 9]]
Distance: 125
M(A) inter A:
set()
(31)
A = 
{(3, 1, 6, 4, 2, 7, 5, 9, 8, 10, 11), (1, 3, 4, 2, 10, 5, 6, 9, 8, 11, 7), (2, 3, 10, 1, 7, 11, 4, 8, 9, 6, 5), (7, 9, 6, 4, 10, 3, 1, 2, 11, 8, 5), (5, 1, 4, 6, 7, 11, 2, 3, 9, 8, 10), (7, 3, 4, 8, 10, 11, 6, 5, 1, 2, 9), (2, 4, 1, 8, 7, 3, 6, 11, 9, 5, 10)}
M(A) = 
[[3, 1, 4, 2, 7, 6, 8, 10, 11, 5, 9], [3, 1, 4, 2, 7, 6, 9, 8, 10, 11, 5], [3, 1, 4, 6, 2, 7, 8, 10, 11, 5, 9], [3, 1, 4, 6, 2, 7, 9, 8, 10, 11, 5], [3, 1, 4, 7, 6, 2, 8, 10, 11, 5, 9], [3, 1, 4, 7, 6, 2, 9, 8, 10, 11, 5]]
Distance: 117
M(A) inter A:
set()
(32)
A = 
{(8, 11, 10, 9, 7, 4, 2, 3, 1, 5, 6), (3, 8, 7, 1, 10, 5, 4, 11, 9, 6, 2), (11, 2, 3, 6, 5, 9, 8, 10, 1, 4, 7), (6, 9, 11, 8, 7, 5, 10, 4, 1, 2, 3), (9, 5, 4, 2, 8, 11, 3, 10, 1, 7, 6), (6, 10, 2, 8, 4, 3, 1, 9, 7, 5, 11), (9, 4, 10, 6, 3, 8, 7, 1, 5, 2, 11)}
M(A) = 
[[9, 8, 10, 4, 11, 2, 3, 6, 7, 1, 5], [9, 8, 10, 4, 11, 6, 2, 3, 7, 1, 5], [9, 8, 11, 10, 4, 2, 3, 6, 7, 1, 5], [9, 8, 11, 10, 4, 6, 2, 3, 7, 1, 5]]
Distance: 142
M(A) inter A:
set()
(33)
A = 
{(2, 3, 1, 7, 4, 6, 5, 10, 8, 11, 9), (8, 7, 11, 10, 1, 5, 3, 2, 9, 6, 4), (2, 1, 7, 5, 9, 3, 10, 4, 6, 11, 8), (1, 4, 3, 6, 5, 7, 2, 10, 8, 11, 9), (1, 7, 6, 5, 3, 4, 11, 9, 8, 2, 10), (2, 1, 5, 4, 3, 8, 9, 6, 7, 11, 10), (10, 4, 3, 1, 6, 5, 8, 9, 2, 7, 11)}
M(A) = 
[[1, 5, 3, 2, 7, 4, 6, 10, 8, 11, 9]]
Distance: 111
M(A) inter A:
set()
(34)
A = 
{(9, 5, 10, 4, 2, 6, 7, 1, 3, 11, 8), (5, 1, 10, 9, 6, 3, 11, 7, 4, 8, 2), (6, 5, 2, 4, 9, 1, 3, 7, 8, 11, 10), (11, 6, 7, 8, 5, 9, 3, 4, 10, 1, 2), (7, 8, 5, 2, 4, 9, 3, 10, 11, 6, 1), (4, 10, 11, 1, 3, 6, 5, 9, 7, 8, 2), (7, 2, 8, 1, 6, 9, 11, 5, 4, 3, 10)}
M(A) = 
[[6, 5, 9, 7, 4, 10, 2, 1, 3, 11, 8]]
Distance: 144
M(A) inter A:
set()
(35)
A = 
{(4, 2, 3, 1, 8, 9, 5, 10, 7, 11, 6), (11, 3, 1, 2, 8, 10, 9, 6, 4, 7, 5), (8, 5, 2, 10, 9, 7, 11, 4, 6, 1, 3), (1, 10, 11, 8, 5, 7, 4, 6, 2, 9, 3), (4, 7, 8, 11, 6, 9, 2, 5, 10, 3, 1), (7, 6, 4, 10, 3, 5, 8, 2, 9, 11, 1), (6, 3, 7, 9, 11, 5, 4, 1, 10, 2, 8)}
M(A) = 
[[4, 8, 10, 7, 11, 6, 2, 3, 9, 5, 1], [8, 10, 7, 11, 4, 6, 2, 3, 9, 5, 1]]
Distance: 160
M(A) inter A:
set()
(36)
A = 
{(10, 4, 11, 3, 5, 6, 2, 8, 1, 9, 7), (2, 4, 1, 7, 3, 6, 5, 11, 10, 9, 8), (11, 5, 10, 3, 2, 8, 4, 9, 7, 1, 6), (5, 2, 4, 7, 3, 10, 9, 1, 6, 8, 11), (2, 5, 3, 11, 7, 8, 1, 10, 6, 4, 9), (8, 5, 1, 4, 9, 11, 7, 3, 10, 6, 2), (2, 4, 10, 1, 5, 7, 6, 9, 8, 11, 3)}
M(A) = 
[[5, 2, 4, 1, 11, 7, 3, 10, 6, 8, 9], [5, 2, 4, 11, 7, 3, 10, 8, 1, 6, 9], [5, 2, 4, 11, 7, 3, 10, 1, 6, 8, 9]]
Distance: 121
M(A) inter A:
set()
(37)
A = 
{(4, 7, 5, 11, 8, 3, 2, 6, 10, 9, 1), (4, 3, 11, 2, 8, 7, 1, 5, 9, 10, 6), (6, 10, 11, 3, 2, 4, 5, 7, 9, 1, 8), (4, 9, 10, 11, 5, 3, 7, 6, 2, 1, 8), (9, 6, 4, 1, 8, 2, 3, 5, 7, 10, 11), (7, 9, 10, 4, 5, 1, 11, 3, 2, 6, 8), (1, 5, 11, 2, 8, 10, 3, 7, 4, 6, 9)}
M(A) = 
[[4, 5, 11, 3, 2, 7, 9, 10, 6, 1, 8]]
Distance: 139
M(A) inter A:
set()
(38)
A = 
{(1, 6, 2, 3, 5, 10, 8, 4, 7, 11, 9), (6, 8, 2, 3, 4, 5, 10, 9, 7, 1, 11), (1, 2, 3, 10, 6, 5, 7, 4, 11, 9, 8), (1, 5, 8, 11, 6, 7, 3, 4, 2, 10, 9), (8, 2, 6, 10, 7, 4, 9, 1, 11, 5, 3), (7, 3, 11, 4, 1, 10, 2, 6, 9, 5, 8), (4, 7, 2, 6, 9, 1, 3, 8, 5, 10, 11)}
M(A) = 
[[1, 2, 6, 3, 4, 5, 8, 10, 7, 11, 9], [1, 2, 6, 3, 5, 8, 10, 7, 4, 11, 9], [1, 2, 6, 3, 5, 8, 4, 10, 7, 11, 9], [1, 2, 6, 3, 5, 8, 7, 4, 10, 11, 9], [1, 2, 6, 3, 8, 4, 5, 10, 7, 11, 9]]
Distance: 124
M(A) inter A:
set()
(39)
A = 
{(5, 8, 9, 3, 2, 7, 1, 10, 4, 6, 11), (9, 5, 1, 3, 11, 2, 8, 7, 10, 6, 4), (1, 8, 9, 7, 4, 3, 6, 5, 10, 2, 11), (2, 3, 1, 5, 4, 6, 7, 9, 10, 11, 8), (11, 7, 9, 1, 4, 2, 6, 3, 10, 5, 8), (9, 8, 2, 11, 4, 7, 10, 1, 3, 6, 5), (1, 2, 7, 5, 4, 3, 6, 9, 8, 11, 10)}
M(A) = 
[[9, 1, 2, 7, 3, 5, 8, 4, 6, 11, 10]]
Distance: 121
M(A) inter A:
set()
(40)
A = 
{(4, 8, 3, 9, 1, 5, 2, 7, 10, 6, 11), (3, 1, 2, 5, 4, 6, 7, 8, 9, 11, 10), (10, 4, 7, 5, 2, 6, 11, 8, 3, 1, 9), (9, 10, 11, 1, 3, 8, 6, 2, 4, 5, 7), (2, 1, 5, 3, 4, 7, 6, 11, 9, 10, 8), (6, 9, 2, 1, 4, 3, 5, 8, 11, 7, 10), (9, 11, 1, 4, 2, 6, 8, 7, 3, 10, 5)}
M(A) = 
[[1, 2, 4, 3, 5, 6, 9, 7, 11, 8, 10], [1, 2, 4, 3, 5, 6, 9, 8, 7, 11, 10], [1, 2, 4, 3, 5, 6, 9, 11, 8, 7, 10], [1, 2, 4, 3, 6, 9, 5, 8, 7, 11, 10], [1, 2, 4, 3, 6, 9, 5, 11, 8, 7, 10], [1, 2, 4, 3, 6, 9, 5, 7, 11, 8, 10], [1, 2, 4, 3, 9, 5, 6, 8, 7, 11, 10], [1, 2, 4, 3, 9, 5, 6, 11, 8, 7, 10], [1, 2, 4, 3, 9, 5, 6, 7, 11, 8, 10], [9, 1, 2, 4, 3, 5, 6, 8, 7, 11, 10], [9, 1, 2, 4, 3, 5, 6, 11, 8, 7, 10], [9, 1, 2, 4, 3, 5, 6, 7, 11, 8, 10]]
Distance: 134
M(A) inter A:
set()
(41)
A = 
{(5, 10, 1, 8, 2, 7, 3, 11, 6, 9, 4), (3, 4, 11, 10, 6, 7, 2, 1, 9, 5, 8), (1, 5, 2, 9, 10, 11, 3, 6, 4, 7, 8), (7, 10, 8, 2, 3, 5, 1, 6, 9, 11, 4), (6, 9, 4, 1, 8, 3, 10, 11, 2, 5, 7), (2, 9, 1, 3, 10, 7, 5, 11, 4, 8, 6), (6, 10, 9, 5, 11, 7, 3, 1, 2, 4, 8)}
M(A) = 
[[10, 1, 2, 3, 5, 6, 9, 11, 7, 4, 8], [10, 1, 2, 3, 6, 9, 5, 11, 7, 4, 8], [10, 1, 2, 9, 3, 5, 11, 6, 7, 4, 8]]
Distance: 136
M(A) inter A:
set()
(42)
A = 
{(2, 5, 7, 9, 3, 4, 11, 6, 10, 8, 1), (7, 1, 5, 10, 9, 8, 2, 6, 3, 11, 4), (2, 7, 1, 6, 3, 4, 8, 9, 5, 10, 11), (5, 4, 2, 3, 1, 7, 8, 9, 6, 11, 10), (9, 2, 1, 7, 3, 4, 11, 6, 8, 5, 10), (5, 6, 1, 8, 11, 2, 3, 7, 9, 10, 4), (7, 1, 5, 2, 11, 10, 3, 4, 6, 8, 9)}
M(A) = 
[[2, 7, 1, 5, 3, 9, 4, 6, 8, 11, 10]]
Distance: 108
M(A) inter A:
set()
(43)
A = 
{(10, 7, 11, 3, 1, 4, 2, 6, 9, 8, 5), (1, 8, 5, 2, 4, 9, 7, 10, 3, 6, 11), (4, 11, 7, 10, 2, 3, 6, 5, 8, 9, 1), (6, 1, 4, 5, 2, 3, 8, 7, 10, 9, 11), (3, 1, 7, 4, 2, 8, 9, 11, 10, 5, 6), (8, 4, 1, 3, 5, 2, 11, 10, 6, 7, 9), (3, 4, 2, 6, 8, 11, 5, 7, 10, 1, 9)}
M(A) = 
[[1, 4, 3, 2, 8, 11, 5, 7, 10, 6, 9], [1, 4, 3, 2, 8, 5, 7, 11, 10, 6, 9], [1, 4, 3, 2, 8, 7, 11, 10, 6, 5, 9], [1, 4, 3, 2, 8, 7, 11, 5, 10, 6, 9], [3, 1, 4, 2, 8, 11, 5, 7, 10, 6, 9], [3, 1, 4, 2, 8, 5, 7, 11, 10, 6, 9], [3, 1, 4, 2, 8, 7, 11, 10, 6, 5, 9], [3, 1, 4, 2, 8, 7, 11, 5, 10, 6, 9], [4, 3, 1, 2, 8, 11, 5, 7, 10, 6, 9], [4, 3, 1, 2, 8, 5, 7, 11, 10, 6, 9], [4, 3, 1, 2, 8, 7, 11, 10, 6, 5, 9], [4, 3, 1, 2, 8, 7, 11, 5, 10, 6, 9]]
Distance: 123
M(A) inter A:
set()
(44)
A = 
{(7, 4, 2, 9, 1, 5, 8, 3, 10, 6, 11), (8, 2, 3, 7, 5, 6, 4, 11, 1, 10, 9), (10, 5, 3, 11, 8, 7, 6, 2, 4, 1, 9), (5, 1, 8, 4, 2, 3, 6, 10, 7, 9, 11), (3, 4, 6, 2, 5, 1, 10, 9, 7, 11, 8), (10, 3, 5, 4, 8, 9, 1, 7, 2, 6, 11), (1, 11, 7, 10, 8, 5, 9, 6, 2, 4, 3)}
M(A) = 
[[5, 8, 2, 3, 4, 1, 10, 7, 6, 9, 11], [5, 8, 3, 4, 2, 1, 10, 7, 6, 9, 11], [5, 8, 3, 7, 4, 2, 1, 10, 6, 9, 11], [5, 8, 4, 2, 3, 1, 10, 7, 6, 9, 11]]
Distance: 135
M(A) inter A:
set()
(45)
A = 
{(2, 11, 9, 10, 1, 3, 8, 6, 7, 5, 4), (2, 7, 1, 6, 4, 8, 5, 9, 10, 3, 11), (4, 6, 11, 3, 9, 7, 10, 1, 5, 2, 8), (3, 6, 10, 11, 1, 9, 2, 5, 7, 8, 4), (3, 6, 11, 8, 2, 5, 10, 7, 1, 4, 9), (11, 1, 7, 8, 2, 10, 4, 6, 5, 9, 3), (4, 1, 7, 2, 3, 11, 5, 8, 6, 9, 10)}
M(A) = 
[[11, 1, 2, 3, 6, 7, 8, 10, 4, 5, 9]]
Distance: 138
M(A) inter A:
set()
(46)
A = 
{(4, 8, 1, 3, 7, 11, 2, 5, 9, 10, 6), (4, 2, 8, 10, 11, 3, 1, 5, 6, 9, 7), (1, 2, 3, 5, 4, 8, 6, 7, 9, 11, 10), (6, 11, 2, 1, 7, 4, 5, 8, 3, 9, 10), (9, 3, 2, 1, 6, 5, 8, 7, 10, 4, 11), (1, 6, 4, 3, 5, 11, 8, 10, 7, 2, 9), (4, 2, 9, 5, 1, 11, 6, 8, 10, 7, 3)}
M(A) = 
[[1, 4, 2, 3, 5, 6, 8, 11, 7, 9, 10], [2, 1, 4, 3, 5, 6, 8, 11, 7, 9, 10], [4, 2, 1, 3, 5, 6, 8, 11, 7, 9, 10]]
Distance: 114
M(A) inter A:
set()
(47)
A = 
{(1, 2, 10, 11, 3, 5, 6, 4, 8, 7, 9), (4, 7, 5, 6, 9, 1, 10, 2, 3, 11, 8), (4, 9, 6, 1, 8, 5, 10, 2, 3, 11, 7), (4, 1, 8, 7, 10, 11, 5, 3, 2, 6, 9), (5, 1, 2, 6, 8, 3, 11, 4, 10, 9, 7), (5, 2, 1, 3, 8, 6, 4, 9, 10, 11, 7), (4, 1, 3, 7, 9, 2, 11, 10, 8, 5, 6)}
M(A) = 
[[4, 1, 5, 2, 3, 6, 8, 9, 10, 11, 7]]
Distance: 123
M(A) inter A:
set()
(48)
A = 
{(1, 3, 4, 2, 9, 10, 11, 6, 8, 5, 7), (10, 2, 8, 4, 7, 3, 11, 5, 9, 1, 6), (5, 8, 6, 2, 4, 7, 1, 11, 3, 10, 9), (2, 3, 1, 5, 4, 7, 8, 6, 9, 10, 11), (2, 9, 10, 3, 11, 6, 8, 5, 7, 4, 1), (8, 3, 1, 2, 11, 4, 9, 5, 10, 7, 6), (1, 7, 4, 8, 2, 11, 10, 9, 5, 3, 6)}
M(A) = 
[[2, 8, 3, 1, 4, 9, 10, 11, 5, 7, 6], [2, 8, 3, 1, 4, 10, 11, 9, 5, 7, 6], [2, 8, 3, 1, 4, 10, 11, 5, 7, 9, 6], [2, 8, 3, 1, 4, 11, 9, 10, 5, 7, 6]]
Distance: 126
M(A) inter A:
set()
(49)
A = 
{(6, 5, 9, 1, 11, 10, 4, 3, 2, 8, 7), (1, 9, 5, 10, 11, 2, 7, 6, 8, 4, 3), (11, 3, 4, 7, 6, 1, 9, 2, 10, 5, 8), (9, 5, 10, 4, 6, 2, 11, 1, 7, 3, 8), (2, 4, 3, 5, 7, 1, 11, 6, 9, 10, 8), (4, 6, 9, 1, 3, 5, 2, 8, 11, 7, 10), (2, 1, 11, 3, 9, 8, 10, 5, 4, 6, 7)}
M(A) = 
[[1, 9, 5, 11, 4, 6, 2, 3, 10, 7, 8]]
Distance: 126
M(A) inter A:
set()
(50)
A = 
{(8, 7, 1, 10, 3, 5, 6, 2, 9, 4, 11), (8, 3, 7, 4, 11, 1, 2, 10, 5, 6, 9), (8, 1, 3, 5, 9, 2, 4, 7, 11, 6, 10), (11, 7, 5, 3, 6, 1, 2, 10, 4, 8, 9), (7, 3, 1, 9, 11, 8, 2, 5, 10, 6, 4), (2, 3, 9, 5, 6, 7, 8, 4, 11, 10, 1), (3, 2, 6, 1, 10, 5, 4, 9, 7, 11, 8)}
M(A) = 
[[3, 7, 8, 1, 2, 5, 6, 9, 4, 11, 10]]
Distance: 119
M(A) inter A:
set()
(51)
A = 
{(6, 10, 11, 5, 4, 7, 8, 2, 3, 9, 1), (6, 8, 2, 3, 11, 9, 7, 5, 10, 1, 4), (9, 1, 5, 11, 2, 8, 10, 3, 6, 7, 4), (3, 8, 6, 4, 1, 2, 10, 9, 7, 11, 5), (1, 2, 10, 4, 3, 8, 5, 11, 6, 7, 9), (2, 3, 5, 11, 4, 6, 10, 7, 1, 8, 9), (3, 11, 4, 6, 5, 7, 1, 8, 10, 2, 9)}
M(A) = 
[[2, 3, 11, 6, 5, 4, 1, 8, 10, 7, 9]]
Distance: 138
M(A) inter A:
set()
(52)
A = 
{(10, 2, 3, 6, 1, 8, 9, 7, 11, 5, 4), (7, 4, 6, 2, 3, 1, 8, 10, 11, 5, 9), (3, 1, 4, 6, 2, 7, 8, 5, 9, 11, 10), (3, 8, 1, 5, 2, 11, 9, 6, 10, 7, 4), (1, 9, 10, 4, 8, 7, 5, 2, 6, 11, 3), (10, 6, 8, 5, 3, 7, 9, 2, 1, 11, 4), (5, 4, 6, 1, 8, 3, 9, 11, 7, 2, 10)}
M(A) = 
[[6, 3, 1, 8, 5, 9, 10, 7, 4, 2, 11], [6, 3, 1, 8, 5, 2, 9, 10, 7, 4, 11], [6, 3, 1, 8, 7, 5, 2, 9, 10, 4, 11], [6, 3, 1, 8, 10, 5, 9, 7, 4, 2, 11], [6, 3, 1, 8, 10, 7, 5, 9, 4, 2, 11], [6, 3, 1, 8, 10, 7, 5, 2, 9, 4, 11], [6, 3, 1, 8, 10, 7, 5, 4, 2, 9, 11]]
Distance: 136
M(A) inter A:
set()
(53)
A = 
{(8, 2, 11, 1, 5, 7, 4, 9, 6, 3, 10), (5, 7, 9, 2, 3, 1, 11, 10, 8, 6, 4), (6, 8, 3, 10, 2, 1, 11, 4, 5, 7, 9), (7, 10, 3, 2, 4, 5, 1, 8, 9, 11, 6), (4, 2, 3, 8, 5, 10, 9, 6, 1, 7, 11), (1, 4, 2, 5, 7, 3, 9, 6, 10, 11, 8), (9, 1, 11, 3, 6, 4, 10, 7, 5, 8, 2)}
M(A) = 
[[2, 3, 1, 4, 5, 7, 8, 9, 10, 11, 6], [2, 3, 1, 4, 5, 7, 8, 9, 11, 6, 10], [2, 3, 1, 4, 5, 7, 8, 9, 6, 10, 11], [2, 3, 1, 4, 5, 7, 9, 10, 8, 11, 6], [2, 3, 1, 4, 5, 7, 10, 8, 9, 11, 6]]
Distance: 143
M(A) inter A:
set()
(54)
A = 
{(5, 9, 4, 2, 6, 1, 8, 10, 11, 3, 7), (1, 6, 4, 5, 11, 2, 8, 3, 9, 7, 10), (1, 6, 5, 2, 4, 3, 7, 9, 8, 11, 10), (3, 1, 5, 9, 2, 4, 11, 8, 7, 10, 6), (1, 6, 3, 7, 2, 9, 4, 11, 10, 5, 8), (4, 1, 3, 2, 6, 7, 5, 8, 9, 11, 10), (11, 1, 4, 9, 2, 3, 6, 8, 10, 5, 7)}
M(A) = 
[[1, 4, 2, 6, 3, 5, 9, 11, 8, 7, 10]]
Distance: 93
M(A) inter A:
set()
(55)
A = 
{(3, 1, 2, 5, 7, 4, 8, 6, 9, 11, 10), (10, 5, 6, 7, 1, 3, 2, 8, 4, 9, 11), (4, 7, 1, 2, 3, 9, 8, 5, 10, 6, 11), (3, 6, 2, 9, 7, 5, 8, 11, 1, 10, 4), (2, 7, 3, 1, 4, 6, 8, 9, 11, 5, 10), (3, 5, 7, 8, 2, 4, 1, 9, 6, 10, 11), (8, 3, 4, 1, 2, 10, 6, 9, 5, 11, 7)}
M(A) = 
[[3, 2, 5, 7, 1, 8, 4, 6, 9, 10, 11], [3, 2, 7, 1, 5, 8, 4, 6, 9, 10, 11], [3, 7, 1, 2, 5, 8, 4, 6, 9, 10, 11]]
Distance: 100
M(A) inter A:
set()
(56)
A = 
{(1, 6, 2, 8, 5, 9, 10, 7, 4, 11, 3), (6, 10, 3, 1, 2, 8, 5, 11, 4, 9, 7), (3, 2, 1, 5, 4, 7, 6, 9, 8, 10, 11), (3, 4, 1, 11, 10, 8, 2, 7, 6, 5, 9), (8, 2, 3, 5, 6, 4, 9, 10, 1, 7, 11), (5, 2, 7, 1, 4, 11, 3, 6, 8, 10, 9), (7, 5, 4, 6, 10, 11, 9, 2, 8, 1, 3)}
M(A) = 
[[2, 3, 1, 5, 4, 6, 8, 10, 7, 11, 9]]
Distance: 129
M(A) inter A:
set()
(57)
A = 
{(2, 4, 1, 3, 6, 5, 7, 8, 9, 10, 11), (6, 10, 4, 9, 1, 7, 5, 2, 8, 11, 3), (7, 8, 5, 11, 2, 6, 4, 1, 9, 3, 10), (9, 8, 10, 3, 1, 7, 6, 2, 4, 5, 11), (9, 8, 7, 11, 2, 1, 3, 4, 10, 6, 5), (4, 11, 7, 8, 5, 10, 6, 3, 1, 2, 9), (11, 3, 5, 1, 7, 2, 4, 8, 6, 9, 10)}
M(A) = 
[[7, 2, 4, 8, 11, 1, 3, 6, 5, 9, 10], [7, 4, 8, 11, 1, 2, 3, 6, 5, 9, 10], [7, 8, 2, 4, 11, 1, 3, 6, 5, 9, 10], [7, 8, 11, 1, 2, 4, 3, 6, 5, 9, 10], [7, 8, 11, 2, 4, 1, 3, 6, 5, 9, 10]]
Distance: 154
M(A) inter A:
set()
(58)
A = 
{(2, 1, 5, 6, 7, 11, 4, 10, 9, 3, 8), (11, 4, 1, 8, 5, 6, 3, 10, 7, 2, 9), (3, 10, 8, 6, 11, 5, 9, 1, 2, 4, 7), (4, 5, 10, 3, 2, 7, 9, 1, 6, 8, 11), (2, 10, 4, 7, 8, 5, 1, 11, 3, 6, 9), (3, 6, 8, 2, 5, 1, 11, 10, 4, 7, 9), (4, 2, 11, 8, 3, 5, 1, 6, 9, 10, 7)}
M(A) = 
[[2, 4, 3, 8, 5, 1, 6, 11, 10, 7, 9], [2, 4, 8, 5, 3, 1, 6, 11, 10, 7, 9], [4, 3, 2, 8, 5, 1, 6, 11, 10, 7, 9]]
Distance: 131
M(A) inter A:
set()
(59)
A = 
{(7, 5, 11, 3, 8, 9, 6, 10, 2, 1, 4), (5, 3, 4, 9, 7, 1, 11, 10, 6, 2, 8), (10, 8, 4, 2, 1, 9, 11, 7, 6, 3, 5), (3, 4, 1, 9, 2, 5, 6, 8, 7, 10, 11), (2, 7, 5, 3, 11, 1, 4, 8, 10, 6, 9), (5, 1, 11, 4, 8, 2, 3, 10, 6, 9, 7), (4, 11, 1, 10, 8, 5, 3, 7, 2, 9, 6)}
M(A) = 
[[5, 3, 4, 1, 11, 8, 10, 2, 9, 7, 6]]
Distance: 133
M(A) inter A:
set()
(60)
A = 
{(6, 2, 4, 1, 3, 11, 9, 5, 10, 7, 8), (10, 4, 3, 2, 7, 1, 9, 6, 8, 11, 5), (3, 2, 6, 11, 7, 9, 1, 5, 10, 4, 8), (2, 5, 10, 7, 6, 4, 3, 8, 11, 1, 9), (3, 1, 5, 2, 7, 11, 10, 8, 4, 6, 9), (5, 2, 3, 9, 7, 1, 6, 4, 11, 10, 8), (9, 3, 4, 11, 1, 7, 5, 8, 6, 10, 2)}
M(A) = 
[[3, 2, 1, 5, 7, 6, 4, 11, 9, 10, 8], [3, 2, 7, 1, 5, 6, 4, 11, 9, 10, 8], [3, 2, 7, 1, 6, 4, 11, 9, 5, 10, 8], [3, 2, 7, 4, 1, 6, 11, 9, 5, 10, 8], [3, 2, 7, 6, 4, 1, 11, 9, 5, 10, 8]]
Distance: 121
M(A) inter A:
set()
(61)
A = 
{(1, 5, 2, 4, 3, 9, 10, 6, 7, 11, 8), (6, 4, 3, 7, 8, 1, 10, 5, 2, 9, 11), (8, 7, 1, 2, 5, 11, 9, 4, 10, 3, 6), (2, 1, 3, 5, 4, 7, 9, 6, 10, 8, 11), (6, 5, 8, 10, 11, 2, 9, 3, 4, 1, 7), (2, 5, 9, 8, 11, 4, 1, 7, 3, 6, 10), (9, 3, 1, 6, 7, 8, 2, 10, 5, 4, 11)}
M(A) = 
[[1, 2, 5, 9, 4, 3, 6, 7, 8, 10, 11]]
Distance: 129
M(A) inter A:
set()
(62)
A = 
{(5, 3, 1, 4, 8, 2, 7, 10, 11, 9, 6), (5, 8, 3, 7, 11, 4, 6, 9, 2, 1, 10), (11, 7, 4, 2, 6, 8, 9, 1, 3, 5, 10), (2, 5, 11, 9, 10, 6, 7, 3, 4, 8, 1), (9, 5, 2, 1, 3, 10, 8, 6, 4, 7, 11), (5, 1, 2, 7, 4, 10, 9, 3, 11, 8, 6), (3, 5, 7, 6, 8, 10, 2, 4, 9, 11, 1)}
M(A) = 
[[5, 2, 3, 7, 4, 8, 11, 9, 1, 10, 6], [5, 2, 3, 7, 4, 8, 11, 9, 6, 1, 10]]
Distance: 130
M(A) inter A:
set()
(63)
A = 
{(3, 8, 2, 9, 7, 11, 1, 6, 5, 4, 10), (3, 7, 1, 8, 2, 4, 5, 10, 6, 11, 9), (3, 5, 2, 6, 4, 10, 7, 1, 8, 11, 9), (1, 7, 3, 10, 11, 2, 4, 5, 6, 9, 8), (7, 4, 6, 1, 11, 9, 10, 2, 3, 5, 8), (10, 6, 1, 3, 2, 7, 4, 8, 11, 9, 5), (5, 3, 2, 9, 4, 1, 7, 6, 11, 8, 10)}
M(A) = 
[[3, 1, 2, 7, 4, 5, 6, 10, 8, 11, 9], [3, 2, 7, 1, 4, 5, 6, 10, 8, 11, 9], [3, 7, 1, 2, 4, 5, 6, 10, 8, 11, 9]]
Distance: 118
M(A) inter A:
set()
(64)
A = 
{(3, 4, 1, 2, 6, 9, 5, 10, 7, 11, 8), (4, 2, 6, 1, 5, 3, 10, 7, 8, 11, 9), (7, 1, 6, 10, 11, 3, 4, 9, 5, 8, 2), (11, 8, 3, 6, 9, 5, 10, 7, 4, 2, 1), (3, 1, 2, 5, 4, 6, 8, 7, 9, 10, 11), (3, 1, 6, 2, 5, 4, 8, 11, 10, 9, 7), (11, 2, 3, 7, 6, 5, 9, 1, 8, 4, 10)}
M(A) = 
[[3, 1, 2, 6, 5, 4, 7, 11, 8, 9, 10], [3, 1, 2, 6, 5, 4, 10, 7, 11, 8, 9]]
Distance: 119
M(A) inter A:
set()
(65)
A = 
{(4, 6, 2, 8, 7, 11, 1, 3, 5, 10, 9), (5, 2, 7, 3, 4, 1, 11, 10, 8, 6, 9), (10, 5, 1, 3, 2, 4, 6, 11, 7, 8, 9), (7, 2, 4, 1, 6, 8, 11, 5, 3, 10, 9), (8, 6, 1, 9, 5, 2, 10, 4, 11, 7, 3), (3, 11, 2, 5, 7, 1, 10, 8, 6, 4, 9), (3, 9, 1, 4, 8, 6, 2, 11, 10, 5, 7)}
M(A) = 
[[2, 1, 3, 4, 8, 6, 11, 5, 7, 10, 9]]
Distance: 134
M(A) inter A:
set()
(66)
A = 
{(2, 7, 10, 3, 1, 6, 11, 5, 8, 9, 4), (2, 3, 5, 4, 10, 9, 1, 6, 11, 8, 7), (1, 10, 11, 6, 4, 7, 8, 2, 5, 3, 9), (1, 7, 2, 10, 9, 3, 5, 4, 8, 6, 11), (3, 11, 8, 5, 10, 7, 4, 9, 2, 6, 1), (4, 5, 2, 9, 3, 6, 7, 11, 10, 1, 8), (5, 3, 8, 11, 7, 6, 1, 2, 4, 9, 10)}
M(A) = 
[[2, 3, 5, 7, 10, 1, 11, 4, 8, 9, 6], [2, 3, 5, 7, 10, 1, 11, 4, 9, 6, 8], [2, 3, 5, 7, 10, 1, 11, 4, 6, 8, 9], [2, 3, 5, 7, 10, 1, 4, 6, 11, 8, 9], [2, 3, 5, 7, 10, 1, 6, 11, 4, 8, 9]]
Distance: 143
M(A) inter A:
set()
(67)
A = 
{(9, 1, 6, 8, 2, 3, 10, 5, 4, 7, 11), (1, 6, 3, 11, 7, 10, 4, 2, 8, 5, 9), (2, 11, 7, 1, 6, 9, 5, 10, 4, 8, 3), (7, 5, 4, 2, 10, 8, 6, 1, 9, 3, 11), (9, 11, 10, 7, 3, 8, 6, 5, 4, 1, 2), (7, 2, 6, 5, 3, 10, 1, 8, 9, 11, 4), (1, 9, 8, 6, 10, 2, 5, 4, 7, 3, 11)}
M(A) = 
[[7, 1, 6, 2, 9, 10, 8, 5, 3, 11, 4]]
Distance: 136
M(A) inter A:
set()
(68)
A = 
{(2, 1, 4, 11, 10, 5, 7, 9, 3, 6, 8), (5, 1, 4, 3, 7, 2, 9, 6, 8, 11, 10), (2, 3, 6, 4, 5, 1, 9, 8, 10, 7, 11), (4, 2, 7, 6, 5, 9, 10, 3, 11, 8, 1), (2, 9, 4, 5, 3, 8, 10, 6, 1, 7, 11), (2, 9, 10, 6, 11, 7, 3, 4, 5, 1, 8), (8, 10, 6, 3, 7, 4, 1, 5, 11, 9, 2)}
M(A) = 
[[2, 4, 5, 9, 10, 3, 6, 1, 7, 8, 11]]
Distance: 124
M(A) inter A:
set()
(69)
A = 
{(5, 10, 11, 9, 6, 4, 3, 2, 7, 1, 8), (3, 2, 7, 6, 8, 1, 5, 4, 9, 10, 11), (10, 2, 5, 7, 8, 6, 1, 11, 9, 4, 3), (3, 9, 5, 11, 8, 6, 4, 2, 7, 10, 1), (10, 1, 6, 9, 8, 3, 11, 2, 5, 4, 7), (1, 2, 8, 7, 5, 11, 3, 6, 9, 4, 10), (2, 1, 4, 3, 5, 11, 9, 7, 6, 8, 10)}
M(A) = 
[[2, 1, 3, 5, 11, 9, 7, 6, 8, 4, 10], [2, 1, 3, 5, 11, 6, 9, 8, 4, 7, 10], [2, 1, 3, 5, 11, 6, 9, 7, 8, 4, 10], [2, 1, 3, 5, 11, 7, 6, 9, 8, 4, 10], [3, 2, 1, 5, 11, 9, 7, 6, 8, 4, 10], [3, 2, 1, 5, 11, 6, 9, 8, 4, 7, 10], [3, 2, 1, 5, 11, 6, 9, 7, 8, 4, 10], [3, 2, 1, 5, 11, 7, 6, 9, 8, 4, 10]]
Distance: 149
M(A) inter A:
set()
(70)
A = 
{(2, 7, 1, 5, 6, 8, 4, 9, 11, 10, 3), (10, 3, 9, 7, 6, 2, 11, 5, 1, 4, 8), (10, 11, 2, 1, 5, 4, 3, 9, 8, 7, 6), (10, 8, 5, 7, 9, 1, 2, 4, 11, 6, 3), (5, 1, 7, 4, 6, 3, 9, 2, 10, 11, 8), (10, 1, 3, 7, 11, 8, 9, 4, 6, 2, 5), (6, 4, 2, 5, 8, 10, 1, 7, 3, 9, 11)}
M(A) = 
[[10, 2, 5, 1, 7, 4, 3, 9, 6, 11, 8], [10, 2, 5, 1, 7, 4, 6, 3, 8, 9, 11], [10, 2, 5, 1, 7, 4, 6, 3, 9, 11, 8]]
Distance: 138
M(A) inter A:
set()
(71)
A = 
{(6, 9, 5, 4, 11, 1, 8, 10, 2, 7, 3), (7, 10, 2, 8, 6, 9, 1, 11, 4, 5, 3), (7, 8, 3, 5, 11, 4, 9, 2, 10, 1, 6), (2, 8, 4, 5, 3, 10, 11, 1, 7, 9, 6), (3, 2, 6, 4, 7, 9, 1, 5, 8, 11, 10), (3, 4, 5, 6, 10, 8, 9, 7, 2, 11, 1), (1, 2, 5, 4, 6, 3, 10, 7, 8, 9, 11)}
M(A) = 
[[2, 4, 5, 3, 6, 7, 8, 10, 9, 11, 1], [2, 4, 5, 3, 6, 8, 10, 7, 9, 11, 1], [2, 4, 5, 3, 6, 10, 7, 8, 9, 11, 1], [2, 4, 5, 6, 8, 3, 10, 7, 9, 11, 1], [2, 4, 5, 8, 3, 6, 10, 7, 9, 11, 1]]
Distance: 142
M(A) inter A:
set()
(72)
A = 
{(6, 1, 11, 3, 2, 7, 4, 10, 8, 5, 9), (3, 8, 5, 1, 4, 11, 10, 9, 7, 2, 6), (4, 10, 7, 8, 2, 1, 11, 5, 9, 3, 6), (1, 9, 5, 2, 4, 3, 6, 11, 8, 10, 7), (2, 5, 4, 9, 6, 7, 8, 1, 10, 3, 11), (1, 5, 8, 2, 4, 10, 11, 3, 7, 9, 6), (7, 8, 2, 5, 4, 1, 3, 11, 6, 10, 9)}
M(A) = 
[[8, 1, 2, 5, 4, 3, 11, 10, 7, 9, 6]]
Distance: 125
M(A) inter A:
set()
(73)
A = 
{(6, 8, 4, 5, 1, 3, 7, 11, 10, 2, 9), (7, 6, 1, 2, 11, 3, 4, 8, 10, 9, 5), (2, 1, 5, 3, 6, 4, 7, 10, 9, 8, 11), (2, 1, 3, 4, 6, 10, 5, 8, 7, 9, 11), (10, 5, 11, 8, 3, 7, 2, 6, 1, 9, 4), (4, 3, 5, 2, 7, 6, 1, 11, 10, 8, 9), (9, 10, 2, 4, 1, 3, 11, 8, 6, 7, 5)}
M(A) = 
[[2, 1, 3, 6, 4, 5, 7, 10, 11, 8, 9], [2, 1, 3, 6, 4, 10, 5, 8, 7, 11, 9], [2, 1, 3, 6, 4, 10, 5, 7, 11, 8, 9]]
Distance: 125
M(A) inter A:
set()
(74)
A = 
{(10, 2, 4, 6, 5, 3, 8, 7, 1, 11, 9), (9, 1, 5, 2, 3, 7, 4, 8, 10, 6, 11), (8, 1, 10, 11, 6, 3, 2, 9, 7, 5, 4), (11, 7, 8, 10, 1, 2, 9, 5, 4, 3, 6), (4, 10, 7, 2, 3, 5, 9, 6, 11, 1, 8), (6, 2, 1, 7, 3, 11, 5, 9, 10, 8, 4), (11, 1, 6, 3, 8, 10, 5, 7, 2, 9, 4)}
M(A) = 
[[1, 10, 2, 6, 3, 7, 11, 5, 8, 9, 4]]
Distance: 145
M(A) inter A:
set()
(75)
A = 
{(3, 5, 8, 1, 7, 11, 6, 2, 4, 9, 10), (4, 10, 9, 7, 11, 1, 6, 2, 3, 8, 5), (9, 1, 2, 11, 8, 10, 7, 6, 3, 4, 5), (7, 2, 10, 8, 5, 4, 3, 1, 9, 6, 11), (4, 2, 7, 8, 5, 9, 6, 3, 10, 11, 1), (1, 3, 4, 5, 2, 6, 8, 9, 11, 7, 10), (2, 8, 4, 1, 9, 6, 5, 10, 11, 3, 7)}
M(A) = 
[[2, 8, 4, 1, 5, 9, 7, 6, 10, 3, 11], [2, 8, 4, 1, 7, 5, 9, 6, 10, 3, 11], [2, 8, 4, 1, 9, 7, 5, 6, 10, 3, 11]]
Distance: 139
M(A) inter A:
set()
(76)
A = 
{(11, 1, 5, 4, 3, 2, 8, 7, 6, 10, 9), (7, 2, 3, 9, 6, 8, 10, 1, 4, 11, 5), (1, 2, 9, 3, 10, 5, 4, 6, 8, 7, 11), (11, 2, 3, 4, 7, 9, 10, 6, 1, 8, 5), (5, 4, 7, 3, 2, 6, 10, 1, 8, 9, 11), (5, 4, 7, 3, 8, 11, 1, 2, 9, 6, 10), (1, 10, 3, 7, 5, 8, 11, 4, 6, 2, 9)}
M(A) = 
[[3, 1, 5, 4, 7, 2, 8, 11, 9, 6, 10], [3, 1, 5, 4, 7, 2, 9, 6, 10, 8, 11], [3, 1, 5, 4, 7, 2, 10, 8, 11, 9, 6], [3, 1, 5, 4, 7, 2, 6, 10, 8, 11, 9]]
Distance: 133
M(A) inter A:
set()
(77)
A = 
{(4, 6, 7, 3, 11, 1, 9, 2, 5, 8, 10), (7, 3, 1, 5, 8, 2, 4, 6, 11, 10, 9), (9, 3, 8, 6, 10, 1, 11, 7, 4, 5, 2), (10, 6, 11, 3, 7, 4, 8, 5, 9, 1, 2), (3, 10, 1, 2, 7, 5, 8, 4, 9, 6, 11), (7, 1, 11, 3, 8, 6, 9, 10, 4, 5, 2), (5, 1, 8, 10, 9, 11, 2, 4, 7, 6, 3)}
M(A) = 
[[7, 3, 1, 8, 6, 10, 11, 4, 5, 9, 2]]
Distance: 133
M(A) inter A:
set()
(78)
A = 
{(2, 3, 9, 11, 6, 4, 1, 8, 5, 7, 10), (6, 11, 7, 3, 10, 1, 8, 5, 2, 4, 9), (11, 3, 4, 2, 1, 8, 9, 7, 10, 5, 6), (1, 8, 10, 3, 2, 11, 9, 5, 7, 6, 4), (3, 2, 6, 9, 5, 1, 7, 10, 4, 8, 11), (10, 1, 7, 3, 11, 9, 8, 2, 6, 5, 4), (3, 6, 1, 9, 2, 4, 10, 5, 8, 7, 11)}
M(A) = 
[[3, 1, 2, 11, 9, 6, 10, 8, 5, 7, 4]]
Distance: 122
M(A) inter A:
set()
(79)
A = 
{(1, 6, 2, 10, 3, 5, 7, 4, 9, 8, 11), (2, 1, 6, 4, 5, 3, 10, 8, 11, 7, 9), (5, 8, 3, 11, 4, 10, 7, 1, 6, 2, 9), (1, 4, 11, 6, 10, 8, 7, 2, 3, 9, 5), (4, 6, 8, 3, 5, 7, 2, 1, 11, 9, 10), (8, 5, 4, 2, 11, 7, 3, 6, 9, 1, 10), (10, 1, 6, 2, 4, 7, 9, 11, 8, 5, 3)}
M(A) = 
[[1, 4, 6, 8, 2, 5, 3, 11, 10, 7, 9]]
Distance: 122
M(A) inter A:
set()
(80)
A = 
{(11, 8, 6, 7, 2, 10, 5, 9, 4, 3, 1), (7, 4, 3, 9, 8, 10, 5, 6, 11, 1, 2), (3, 1, 9, 11, 6, 8, 5, 4, 7, 2, 10), (11, 2, 3, 4, 10, 9, 1, 6, 7, 8, 5), (2, 4, 9, 1, 5, 6, 8, 7, 3, 10, 11), (1, 2, 3, 4, 5, 6, 7, 8, 10, 9, 11), (3, 4, 5, 1, 10, 9, 2, 6, 8, 7, 11)}
M(A) = 
[[2, 3, 4, 9, 1, 5, 6, 8, 7, 10, 11], [2, 3, 4, 9, 1, 6, 8, 5, 7, 10, 11]]
Distance: 141
M(A) inter A:
set()
(81)
A = 
{(1, 7, 4, 3, 5, 2, 8, 6, 9, 10, 11), (11, 3, 1, 4, 5, 9, 7, 6, 2, 10, 8), (5, 4, 1, 7, 6, 3, 10, 9, 2, 11, 8), (2, 4, 3, 6, 10, 7, 11, 8, 1, 5, 9), (3, 9, 4, 2, 11, 6, 5, 7, 1, 8, 10), (3, 9, 10, 8, 1, 2, 4, 11, 6, 5, 7), (1, 10, 9, 11, 5, 2, 3, 7, 6, 4, 8)}
M(A) = 
[[3, 1, 4, 5, 9, 2, 7, 6, 10, 11, 8], [3, 1, 4, 9, 2, 11, 5, 7, 6, 10, 8]]
Distance: 125
M(A) inter A:
set()
(82)
A = 
{(1, 5, 10, 11, 4, 7, 3, 6, 9, 2, 8), (11, 8, 9, 6, 1, 10, 4, 5, 7, 3, 2), (7, 8, 10, 6, 4, 5, 2, 3, 1, 11, 9), (6, 7, 8, 5, 9, 2, 1, 11, 4, 3, 10), (2, 1, 8, 7, 3, 4, 6, 5, 11, 10, 9), (2, 6, 11, 1, 7, 8, 10, 9, 3, 4, 5), (10, 2, 9, 11, 4, 6, 5, 8, 7, 3, 1)}
M(A) = 
[[6, 2, 1, 11, 7, 8, 10, 9, 4, 5, 3], [6, 2, 1, 11, 7, 8, 10, 4, 5, 9, 3]]
Distance: 141
M(A) inter A:
set()
(83)
A = 
{(2, 7, 1, 5, 3, 11, 10, 8, 9, 6, 4), (10, 3, 6, 1, 4, 8, 5, 2, 7, 11, 9), (6, 7, 11, 5, 4, 8, 10, 1, 2, 3, 9), (1, 2, 3, 4, 6, 5, 7, 9, 8, 10, 11), (11, 7, 3, 10, 6, 5, 4, 1, 2, 9, 8), (6, 8, 11, 3, 4, 9, 10, 1, 2, 7, 5), (10, 3, 4, 1, 8, 7, 9, 5, 2, 11, 6)}
M(A) = 
[[3, 10, 6, 4, 1, 7, 5, 8, 2, 11, 9]]
Distance: 136
M(A) inter A:
set()
(84)
A = 
{(7, 4, 10, 9, 11, 1, 5, 3, 2, 8, 6), (2, 1, 3, 8, 4, 11, 7, 5, 6, 10, 9), (1, 2, 6, 9, 5, 4, 3, 11, 7, 8, 10), (4, 10, 5, 6, 7, 11, 2, 8, 1, 9, 3), (5, 1, 4, 10, 2, 3, 6, 7, 11, 8, 9), (3, 5, 10, 1, 9, 6, 11, 7, 4, 8, 2), (7, 1, 9, 3, 6, 11, 5, 4, 8, 10, 2)}
M(A) = 
[[1, 5, 4, 3, 7, 10, 2, 6, 9, 11, 8]]
Distance: 133
M(A) inter A:
set()
(85)
A = 
{(6, 3, 11, 9, 1, 7, 2, 8, 10, 5, 4), (5, 9, 6, 3, 4, 11, 10, 2, 1, 7, 8), (7, 4, 2, 11, 9, 1, 3, 8, 5, 6, 10), (2, 1, 4, 3, 7, 5, 11, 6, 8, 9, 10), (9, 3, 2, 8, 4, 11, 10, 5, 7, 6, 1), (4, 7, 8, 2, 9, 5, 11, 1, 6, 10, 3), (11, 3, 5, 9, 8, 7, 6, 4, 10, 1, 2)}
M(A) = 
[[9, 3, 4, 2, 11, 7, 8, 5, 6, 1, 10], [9, 3, 4, 7, 2, 11, 8, 5, 6, 1, 10], [9, 3, 4, 11, 7, 2, 8, 5, 6, 1, 10]]
Distance: 130
M(A) inter A:
set()
(86)
A = 
{(3, 2, 1, 6, 9, 4, 7, 10, 8, 5, 11), (4, 8, 1, 7, 2, 3, 11, 5, 10, 6, 9), (5, 10, 3, 11, 7, 4, 6, 9, 8, 1, 2), (8, 4, 11, 2, 5, 10, 1, 7, 3, 9, 6), (2, 9, 10, 11, 8, 1, 4, 6, 3, 7, 5), (5, 1, 10, 4, 7, 3, 6, 9, 11, 2, 8), (9, 3, 4, 6, 10, 2, 1, 8, 5, 11, 7)}
M(A) = 
[[4, 2, 10, 1, 3, 9, 8, 5, 11, 7, 6]]
Distance: 150
M(A) inter A:
set()
(87)
A = 
{(6, 2, 5, 4, 11, 8, 9, 10, 7, 1, 3), (2, 1, 3, 11, 7, 9, 4, 5, 10, 8, 6), (3, 4, 5, 1, 11, 7, 2, 8, 9, 10, 6), (10, 11, 8, 1, 5, 2, 9, 6, 3, 7, 4), (8, 2, 3, 5, 7, 10, 4, 9, 11, 6, 1), (3, 7, 8, 1, 6, 9, 2, 10, 5, 11, 4), (3, 8, 2, 5, 6, 10, 4, 7, 1, 11, 9)}
M(A) = 
[[2, 3, 8, 5, 7, 10, 4, 1, 11, 9, 6], [3, 8, 2, 5, 7, 10, 4, 1, 11, 9, 6], [8, 2, 3, 5, 7, 10, 4, 1, 11, 9, 6]]
Distance: 136
M(A) inter A:
set()
(88)
A = 
{(2, 10, 4, 8, 7, 6, 9, 3, 1, 11, 5), (6, 9, 10, 1, 5, 7, 3, 8, 4, 11, 2), (8, 1, 3, 5, 2, 7, 9, 10, 11, 4, 6), (4, 5, 1, 3, 10, 9, 7, 11, 2, 6, 8), (5, 7, 2, 8, 1, 11, 9, 4, 10, 6, 3), (6, 1, 4, 2, 11, 8, 3, 7, 10, 5, 9), (4, 3, 7, 9, 10, 8, 1, 2, 11, 6, 5)}
M(A) = 
[[1, 4, 3, 5, 7, 2, 8, 9, 10, 11, 6], [1, 4, 3, 5, 7, 2, 9, 10, 8, 11, 6], [1, 4, 3, 5, 7, 2, 10, 8, 9, 11, 6], [1, 4, 3, 7, 2, 10, 8, 5, 9, 11, 6], [1, 4, 8, 3, 5, 7, 2, 9, 10, 11, 6], [4, 8, 1, 3, 5, 7, 2, 9, 10, 11, 6], [8, 1, 4, 3, 5, 7, 2, 9, 10, 11, 6]]
Distance: 152
M(A) inter A:
set()
(89)
A = 
{(6, 1, 8, 5, 9, 4, 2, 7, 10, 3, 11), (5, 8, 3, 10, 1, 6, 7, 4, 9, 2, 11), (8, 10, 2, 1, 4, 9, 11, 6, 5, 3, 7), (8, 5, 6, 2, 1, 3, 7, 9, 4, 11, 10), (7, 3, 8, 2, 4, 10, 6, 5, 1, 9, 11), (2, 6, 4, 10, 3, 7, 8, 1, 9, 5, 11), (3, 2, 11, 7, 4, 1, 8, 10, 9, 6, 5)}
M(A) = 
[[8, 2, 6, 3, 1, 7, 4, 10, 5, 9, 11]]
Distance: 124
M(A) inter A:
set()
(90)
A = 
{(3, 5, 2, 1, 8, 4, 7, 6, 11, 9, 10), (2, 7, 3, 10, 8, 11, 4, 1, 5, 6, 9), (9, 10, 3, 4, 2, 1, 11, 8, 7, 6, 5), (3, 11, 7, 10, 2, 1, 8, 4, 6, 5, 9), (1, 7, 8, 5, 2, 9, 10, 11, 3, 4, 6), (1, 2, 3, 5, 7, 4, 6, 11, 9, 8, 10), (9, 1, 10, 6, 4, 2, 3, 5, 11, 7, 8)}
M(A) = 
[[2, 3, 1, 7, 10, 8, 4, 5, 11, 6, 9]]
Distance: 125
M(A) inter A:
set()
(91)
A = 
{(8, 11, 6, 4, 2, 10, 5, 3, 1, 7, 9), (2, 10, 11, 7, 1, 5, 9, 3, 6, 8, 4), (2, 4, 1, 6, 3, 5, 7, 9, 8, 11, 10), (5, 2, 1, 10, 3, 6, 9, 11, 4, 8, 7), (2, 5, 6, 3, 4, 11, 1, 8, 10, 9, 7), (7, 2, 5, 10, 1, 3, 6, 9, 8, 4, 11), (4, 5, 7, 1, 10, 2, 3, 8, 6, 11, 9)}
M(A) = 
[[2, 5, 1, 10, 3, 6, 4, 11, 7, 9, 8]]
Distance: 115
M(A) inter A:
set()
(92)
A = 
{(4, 3, 7, 9, 1, 10, 8, 5, 11, 2, 6), (3, 7, 5, 11, 6, 4, 2, 9, 10, 8, 1), (6, 11, 5, 2, 7, 8, 3, 10, 1, 4, 9), (9, 10, 8, 4, 2, 6, 3, 5, 11, 7, 1), (1, 9, 4, 5, 10, 2, 7, 8, 6, 3, 11), (5, 6, 3, 7, 11, 4, 10, 8, 2, 1, 9), (1, 4, 5, 7, 9, 6, 11, 3, 2, 8, 10)}
M(A) = 
[[4, 5, 6, 3, 7, 9, 11, 10, 2, 8, 1], [4, 5, 7, 6, 3, 9, 11, 10, 2, 8, 1], [4, 5, 7, 9, 6, 3, 11, 10, 2, 8, 1]]
Distance: 140
M(A) inter A:
set()
(93)
A = 
{(3, 6, 1, 2, 4, 8, 5, 10, 11, 7, 9), (7, 2, 1, 5, 6, 8, 9, 3, 4, 10, 11), (2, 1, 10, 3, 11, 7, 8, 4, 9, 6, 5), (2, 9, 10, 11, 5, 7, 4, 6, 8, 1, 3), (1, 8, 10, 7, 6, 3, 2, 5, 4, 9, 11), (3, 4, 5, 2, 7, 1, 8, 6, 10, 11, 9), (6, 5, 11, 4, 8, 7, 9, 1, 10, 2, 3)}
M(A) = 
[[2, 7, 1, 6, 3, 5, 4, 8, 10, 11, 9]]
Distance: 141
M(A) inter A:
set()
(94)
A = 
{(6, 4, 5, 3, 7, 1, 8, 10, 2, 9, 11), (9, 2, 5, 3, 11, 8, 10, 1, 4, 6, 7), (9, 4, 1, 10, 3, 11, 6, 7, 8, 2, 5), (5, 1, 11, 4, 6, 7, 10, 9, 2, 3, 8), (7, 1, 5, 10, 2, 8, 4, 3, 9, 6, 11), (6, 7, 4, 8, 9, 10, 2, 11, 3, 5, 1), (2, 4, 3, 1, 8, 7, 5, 6, 9, 11, 10)}
M(A) = 
[[4, 5, 1, 6, 7, 9, 10, 2, 3, 8, 11]]
Distance: 146
M(A) inter A:
set()
(95)
A = 
{(5, 1, 6, 10, 8, 4, 9, 3, 7, 2, 11), (2, 5, 1, 4, 11, 3, 7, 10, 6, 9, 8), (1, 5, 10, 9, 7, 3, 4, 6, 2, 11, 8), (8, 3, 1, 10, 7, 11, 4, 2, 5, 6, 9), (3, 7, 9, 1, 6, 8, 5, 4, 10, 11, 2), (6, 10, 11, 3, 5, 4, 1, 2, 8, 7, 9), (5, 9, 4, 7, 3, 1, 6, 10, 8, 2, 11)}
M(A) = 
[[5, 3, 1, 10, 4, 7, 6, 9, 8, 2, 11]]
Distance: 121
M(A) inter A:
set()
(96)
A = 
{(7, 4, 11, 10, 3, 6, 1, 2, 9, 8, 5), (2, 7, 5, 3, 11, 4, 6, 10, 8, 9, 1), (6, 1, 2, 7, 9, 4, 11, 8, 3, 5, 10), (1, 2, 5, 3, 11, 9, 6, 4, 8, 10, 7), (7, 5, 6, 3, 11, 9, 4, 8, 2, 1, 10), (6, 1, 11, 9, 5, 3, 8, 2, 7, 10, 4), (4, 10, 2, 7, 1, 5, 9, 6, 3, 11, 8)}
M(A) = 
[[2, 7, 6, 1, 5, 3, 11, 9, 4, 8, 10], [6, 1, 2, 7, 5, 3, 11, 9, 4, 8, 10], [6, 2, 7, 1, 5, 3, 11, 9, 4, 8, 10]]
Distance: 130
M(A) inter A:
set()
(97)
A = 
{(4, 9, 1, 6, 5, 3, 11, 2, 10, 7, 8), (1, 5, 3, 10, 11, 4, 7, 8, 9, 6, 2), (11, 7, 1, 4, 6, 2, 10, 3, 8, 5, 9), (1, 2, 3, 4, 5, 6, 8, 7, 9, 11, 10), (10, 8, 1, 2, 5, 6, 7, 4, 9, 11, 3), (9, 1, 4, 8, 10, 5, 2, 3, 7, 6, 11), (9, 3, 7, 11, 2, 4, 10, 5, 1, 6, 8)}
M(A) = 
[[1, 4, 2, 5, 9, 3, 10, 7, 6, 11, 8], [1, 4, 5, 9, 2, 3, 10, 7, 6, 11, 8], [1, 4, 9, 2, 3, 10, 5, 7, 6, 11, 8], [1, 4, 9, 2, 5, 3, 10, 7, 6, 11, 8], [1, 4, 9, 2, 10, 5, 3, 7, 6, 11, 8]]
Distance: 141
M(A) inter A:
set()
(98)
A = 
{(5, 4, 7, 1, 3, 2, 9, 10, 11, 8, 6), (11, 3, 7, 4, 2, 1, 5, 6, 8, 10, 9), (4, 3, 9, 5, 8, 2, 10, 11, 6, 1, 7), (10, 4, 1, 7, 8, 5, 9, 6, 3, 2, 11), (4, 5, 9, 11, 3, 2, 1, 10, 6, 7, 8), (3, 2, 6, 10, 4, 7, 8, 1, 5, 11, 9), (4, 2, 1, 5, 3, 6, 7, 10, 9, 11, 8)}
M(A) = 
[[4, 5, 3, 2, 1, 10, 7, 9, 11, 6, 8]]
Distance: 111
M(A) inter A:
set()
(99)
A = 
{(4, 1, 6, 2, 8, 5, 9, 10, 11, 7, 3), (3, 9, 5, 6, 10, 8, 2, 7, 4, 11, 1), (6, 4, 9, 5, 2, 11, 8, 3, 10, 1, 7), (5, 10, 4, 2, 3, 8, 6, 9, 11, 1, 7), (7, 8, 4, 5, 11, 1, 9, 2, 10, 6, 3), (3, 9, 7, 10, 1, 6, 11, 4, 2, 5, 8), (2, 9, 4, 10, 8, 7, 3, 6, 1, 5, 11)}
M(A) = 
[[4, 9, 6, 5, 2, 10, 8, 3, 7, 11, 1]]
Distance: 136
M(A) inter A:
set()
