(0)
A = 
{(1, 2, 4, 3, 5, 6, 7, 8, 9, 10, 11), (1, 3, 2, 4, 5, 6, 7, 9, 10, 8, 11), (3, 1, 2, 4, 9, 7, 5, 8, 10, 11, 6), (1, 5, 2, 4, 7, 3, 6, 9, 11, 10, 8)}
M(A) = 
[[1, 2, 3, 4, 5, 6, 7, 8, 9, 10, 11], [1, 2, 3, 4, 5, 7, 6, 8, 9, 10, 11], [1, 2, 4, 3, 5, 6, 7, 8, 9, 10, 11], [1, 2, 4, 3, 5, 7, 6, 8, 9, 10, 11], [1, 3, 2, 4, 5, 6, 7, 8, 9, 10, 11], [1, 3, 2, 4, 5, 7, 6, 8, 9, 10, 11], [3, 1, 2, 4, 5, 6, 7, 8, 9, 10, 11], [3, 1, 2, 4, 5, 7, 6, 8, 9, 10, 11]]
Distance: 23
B = 
{(3, 5, 1, 6, 7, 2, 4, 8, 11, 9, 10), (1, 2, 4, 3, 5, 10, 7, 6, 8, 11, 9), (2, 3, 5, 1, 4, 8, 9, 6, 7, 10, 11), (4, 3, 1, 2, 8, 5, 7, 6, 9, 11, 10)}
M(B) = 
[[1, 2, 3, 4, 5, 6, 7, 8, 9, 10, 11], [1, 2, 3, 4, 5, 7, 6, 8, 9, 10, 11], [1, 2, 4, 3, 5, 6, 7, 8, 9, 10, 11], [1, 2, 4, 3, 5, 7, 6, 8, 9, 10, 11], [1, 3, 2, 4, 5, 6, 7, 8, 9, 10, 11], [1, 3, 2, 4, 5, 7, 6, 8, 9, 10, 11], [3, 1, 2, 4, 5, 6, 7, 8, 9, 10, 11], [3, 1, 2, 4, 5, 7, 6, 8, 9, 10, 11]]
Distance: 34
M(A) inter A:
set()
M(B) inter B:
set()

AUB = 
{(1, 3, 2, 4, 5, 6, 7, 9, 10, 8, 11), (1, 2, 4, 3, 5, 10, 7, 6, 8, 11, 9), (3, 1, 2, 4, 9, 7, 5, 8, 10, 11, 6), (1, 5, 2, 4, 7, 3, 6, 9, 11, 10, 8), (3, 5, 1, 6, 7, 2, 4, 8, 11, 9, 10), (2, 3, 5, 1, 4, 8, 9, 6, 7, 10, 11), (4, 3, 1, 2, 8, 5, 7, 6, 9, 11, 10), (1, 2, 4, 3, 5, 6, 7, 8, 9, 10, 11)}
M(AUB) = 
[[1, 2, 3, 4, 5, 6, 7, 8, 9, 10, 11], [1, 2, 3, 4, 5, 7, 6, 8, 9, 10, 11], [1, 2, 4, 3, 5, 6, 7, 8, 9, 10, 11], [1, 2, 4, 3, 5, 7, 6, 8, 9, 10, 11], [1, 3, 2, 4, 5, 6, 7, 8, 9, 10, 11], [1, 3, 2, 4, 5, 7, 6, 8, 9, 10, 11], [3, 1, 2, 4, 5, 6, 7, 8, 9, 10, 11], [3, 1, 2, 4, 5, 7, 6, 8, 9, 10, 11]]
Distance:61

(1)
A = 
{(3, 1, 6, 4, 5, 2, 9, 7, 8, 10, 11), (1, 9, 2, 3, 4, 11, 7, 5, 6, 8, 10), (4, 1, 2, 3, 8, 5, 7, 6, 9, 11, 10), (3, 1, 7, 4, 2, 8, 6, 5, 9, 11, 10)}
M(A) = 
[[1, 2, 3, 4, 5, 6, 7, 8, 9, 11, 10], [1, 3, 2, 4, 5, 6, 7, 8, 9, 11, 10], [1, 3, 4, 2, 5, 6, 7, 8, 9, 11, 10]]
Distance: 36
B = 
{(1, 2, 3, 4, 5, 6, 9, 7, 8, 11, 10), (5, 3, 2, 4, 11, 6, 7, 1, 8, 10, 9), (1, 2, 3, 5, 4, 6, 7, 10, 8, 11, 9), (1, 3, 4, 2, 6, 10, 5, 8, 9, 7, 11)}
M(B) = 
[[1, 2, 3, 4, 5, 6, 7, 8, 9, 11, 10], [1, 3, 2, 4, 5, 6, 7, 8, 9, 11, 10], [1, 3, 4, 2, 5, 6, 7, 8, 9, 11, 10]]
Distance: 31
M(A) inter A:
set()
M(B) inter B:
{(1, 2, 3, 5, 4, 6, 7, 10, 8, 11, 9)}

AUB = 
{(1, 2, 3, 4, 5, 6, 9, 7, 8, 11, 10), (5, 3, 2, 4, 11, 6, 7, 1, 8, 10, 9), (3, 1, 7, 4, 2, 8, 6, 5, 9, 11, 10), (1, 9, 2, 3, 4, 11, 7, 5, 6, 8, 10), (4, 1, 2, 3, 8, 5, 7, 6, 9, 11, 10), (1, 2, 3, 5, 4, 6, 7, 10, 8, 11, 9), (3, 1, 6, 4, 5, 2, 9, 7, 8, 10, 11), (1, 3, 4, 2, 6, 10, 5, 8, 9, 7, 11)}
M(AUB) = 
[[1, 2, 3, 4, 5, 6, 7, 8, 9, 11, 10], [1, 3, 2, 4, 5, 6, 7, 8, 9, 11, 10], [1, 3, 4, 2, 5, 6, 7, 8, 9, 11, 10]]
Distance:73

(2)
A = 
{(3, 1, 2, 6, 5, 7, 9, 8, 4, 10, 11), (2, 1, 3, 5, 4, 6, 7, 8, 9, 11, 10), (2, 1, 3, 6, 4, 7, 5, 8, 10, 9, 11), (1, 3, 5, 8, 2, 6, 4, 9, 7, 11, 10)}
M(A) = 
[[2, 1, 3, 5, 6, 4, 7, 8, 9, 10, 11], [2, 1, 3, 5, 6, 4, 7, 8, 9, 11, 10], [2, 1, 3, 6, 4, 5, 7, 8, 9, 10, 11], [2, 1, 3, 6, 4, 5, 7, 8, 9, 11, 10], [2, 1, 3, 6, 5, 4, 7, 8, 9, 10, 11], [2, 1, 3, 6, 5, 4, 7, 8, 9, 11, 10]]
Distance: 23
B = 
{(2, 6, 1, 5, 3, 4, 7, 10, 9, 8, 11), (2, 1, 3, 6, 4, 7, 5, 11, 9, 10, 8), (2, 1, 4, 7, 5, 3, 8, 6, 9, 11, 10), (3, 2, 1, 8, 4, 5, 10, 7, 11, 9, 6)}
M(B) = 
[[2, 1, 3, 5, 6, 4, 7, 8, 9, 10, 11], [2, 1, 3, 5, 6, 4, 7, 8, 9, 11, 10], [2, 1, 3, 6, 4, 5, 7, 8, 9, 10, 11], [2, 1, 3, 6, 4, 5, 7, 8, 9, 11, 10], [2, 1, 3, 6, 5, 4, 7, 8, 9, 10, 11], [2, 1, 3, 6, 5, 4, 7, 8, 9, 11, 10]]
Distance: 37
M(A) inter A:
{(2, 1, 3, 6, 4, 7, 5, 8, 10, 9, 11)}
M(B) inter B:
set()

AUB = 
{(2, 1, 3, 6, 4, 7, 5, 11, 9, 10, 8), (2, 1, 3, 6, 4, 7, 5, 8, 10, 9, 11), (1, 3, 5, 8, 2, 6, 4, 9, 7, 11, 10), (2, 6, 1, 5, 3, 4, 7, 10, 9, 8, 11), (3, 1, 2, 6, 5, 7, 9, 8, 4, 10, 11), (2, 1, 4, 7, 5, 3, 8, 6, 9, 11, 10), (3, 2, 1, 8, 4, 5, 10, 7, 11, 9, 6), (2, 1, 3, 5, 4, 6, 7, 8, 9, 11, 10)}
M(AUB) = 
[[2, 1, 3, 5, 6, 4, 7, 8, 9, 10, 11], [2, 1, 3, 5, 6, 4, 7, 8, 9, 11, 10], [2, 1, 3, 6, 4, 5, 7, 8, 9, 10, 11], [2, 1, 3, 6, 4, 5, 7, 8, 9, 11, 10], [2, 1, 3, 6, 5, 4, 7, 8, 9, 10, 11], [2, 1, 3, 6, 5, 4, 7, 8, 9, 11, 10]]
Distance:62

(3)
A = 
{(5, 3, 1, 6, 2, 7, 4, 8, 9, 10, 11), (2, 3, 4, 1, 5, 6, 7, 8, 10, 9, 11), (2, 3, 5, 1, 4, 10, 7, 6, 11, 8, 9), (1, 3, 2, 4, 11, 5, 7, 8, 6, 9, 10)}
M(A) = 
[[1, 2, 3, 4, 5, 6, 7, 8, 9, 10, 11]]
Distance: 31
B = 
{(5, 6, 1, 4, 2, 8, 9, 7, 3, 10, 11), (3, 2, 4, 8, 1, 6, 5, 7, 10, 11, 9), (1, 2, 4, 3, 6, 9, 5, 7, 8, 11, 10), (1, 2, 4, 3, 5, 7, 6, 8, 9, 11, 10)}
M(B) = 
[[1, 2, 3, 4, 5, 6, 7, 8, 9, 10, 11]]
Distance: 33
M(A) inter A:
set()
M(B) inter B:
set()

AUB = 
{(2, 3, 5, 1, 4, 10, 7, 6, 11, 8, 9), (1, 2, 4, 3, 5, 7, 6, 8, 9, 11, 10), (3, 2, 4, 8, 1, 6, 5, 7, 10, 11, 9), (5, 3, 1, 6, 2, 7, 4, 8, 9, 10, 11), (2, 3, 4, 1, 5, 6, 7, 8, 10, 9, 11), (1, 3, 2, 4, 11, 5, 7, 8, 6, 9, 10), (1, 2, 4, 3, 6, 9, 5, 7, 8, 11, 10), (5, 6, 1, 4, 2, 8, 9, 7, 3, 10, 11)}
M(AUB) = 
[[1, 2, 3, 4, 5, 6, 7, 8, 9, 10, 11]]
Distance:68

(4)
A = 
{(3, 1, 2, 4, 5, 7, 9, 6, 10, 8, 11), (1, 2, 3, 4, 5, 6, 8, 7, 9, 10, 11), (3, 2, 1, 5, 4, 7, 8, 9, 6, 10, 11), (2, 1, 3, 4, 5, 6, 8, 7, 9, 11, 10)}
M(A) = 
[[2, 1, 3, 4, 5, 6, 8, 7, 9, 10, 11], [2, 1, 3, 4, 5, 6, 7, 8, 9, 10, 11]]
Distance: 17
B = 
{(6, 4, 2, 5, 3, 8, 1, 7, 9, 10, 11), (2, 1, 4, 3, 5, 8, 7, 6, 9, 10, 11), (2, 1, 3, 4, 6, 5, 7, 8, 10, 9, 11), (1, 5, 3, 4, 2, 6, 7, 8, 10, 9, 11)}
M(B) = 
[[2, 1, 3, 4, 5, 6, 8, 7, 9, 10, 11], [2, 1, 3, 4, 5, 6, 7, 8, 9, 10, 11]]
Distance: 26
M(A) inter A:
set()
M(B) inter B:
{(2, 1, 3, 4, 6, 5, 7, 8, 10, 9, 11)}

AUB = 
{(1, 2, 3, 4, 5, 6, 8, 7, 9, 10, 11), (3, 2, 1, 5, 4, 7, 8, 9, 6, 10, 11), (2, 1, 3, 4, 5, 6, 8, 7, 9, 11, 10), (6, 4, 2, 5, 3, 8, 1, 7, 9, 10, 11), (2, 1, 3, 4, 6, 5, 7, 8, 10, 9, 11), (1, 5, 3, 4, 2, 6, 7, 8, 10, 9, 11), (2, 1, 4, 3, 5, 8, 7, 6, 9, 10, 11), (3, 1, 2, 4, 5, 7, 9, 6, 10, 8, 11)}
M(AUB) = 
[[2, 1, 3, 4, 5, 6, 8, 7, 9, 10, 11], [2, 1, 3, 4, 5, 6, 7, 8, 9, 10, 11]]
Distance:43

(5)
A = 
{(1, 2, 4, 3, 9, 6, 5, 8, 7, 10, 11), (1, 2, 3, 7, 4, 8, 9, 6, 10, 5, 11), (3, 1, 4, 2, 5, 7, 8, 6, 9, 11, 10), (2, 1, 4, 3, 5, 6, 7, 9, 8, 11, 10)}
M(A) = 
[[1, 2, 4, 3, 6, 5, 7, 9, 8, 10, 11]]
Distance: 26
B = 
{(6, 1, 2, 5, 3, 9, 10, 7, 4, 8, 11), (1, 2, 5, 6, 4, 3, 10, 7, 9, 11, 8), (4, 1, 3, 2, 9, 7, 6, 10, 5, 11, 8), (2, 4, 6, 1, 8, 3, 7, 11, 5, 9, 10)}
M(B) = 
[[1, 2, 4, 3, 6, 5, 7, 9, 8, 10, 11]]
Distance: 41
M(A) inter A:
set()
M(B) inter B:
set()

AUB = 
{(6, 1, 2, 5, 3, 9, 10, 7, 4, 8, 11), (1, 2, 4, 3, 9, 6, 5, 8, 7, 10, 11), (1, 2, 3, 7, 4, 8, 9, 6, 10, 5, 11), (3, 1, 4, 2, 5, 7, 8, 6, 9, 11, 10), (4, 1, 3, 2, 9, 7, 6, 10, 5, 11, 8), (1, 2, 5, 6, 4, 3, 10, 7, 9, 11, 8), (2, 4, 6, 1, 8, 3, 7, 11, 5, 9, 10), (2, 1, 4, 3, 5, 6, 7, 9, 8, 11, 10)}
M(AUB) = 
[[1, 2, 4, 3, 6, 5, 7, 9, 8, 10, 11]]
Distance:71

(6)
A = 
{(7, 2, 1, 4, 3, 5, 9, 6, 10, 8, 11), (1, 4, 5, 7, 2, 6, 9, 3, 8, 10, 11), (1, 2, 8, 6, 4, 3, 11, 9, 7, 5, 10), (1, 2, 3, 5, 4, 6, 7, 8, 9, 10, 11)}
M(A) = 
[[1, 2, 3, 4, 5, 6, 7, 8, 9, 10, 11], [1, 2, 3, 4, 5, 6, 7, 9, 8, 10, 11], [1, 2, 4, 3, 5, 6, 7, 8, 9, 10, 11], [1, 2, 4, 3, 5, 6, 7, 9, 8, 10, 11]]
Distance: 36
B = 
{(5, 2, 1, 6, 4, 7, 9, 3, 8, 10, 11), (1, 2, 3, 4, 6, 7, 8, 5, 10, 9, 11), (1, 2, 3, 6, 4, 5, 11, 7, 10, 8, 9), (1, 2, 5, 3, 6, 7, 9, 4, 10, 8, 11)}
M(B) = 
[[1, 2, 3, 4, 5, 6, 7, 8, 9, 10, 11], [1, 2, 3, 4, 5, 6, 7, 9, 8, 10, 11], [1, 2, 4, 3, 5, 6, 7, 8, 9, 10, 11], [1, 2, 4, 3, 5, 6, 7, 9, 8, 10, 11]]
Distance: 28
M(A) inter A:
set()
M(B) inter B:
set()

AUB = 
{(1, 4, 5, 7, 2, 6, 9, 3, 8, 10, 11), (7, 2, 1, 4, 3, 5, 9, 6, 10, 8, 11), (5, 2, 1, 6, 4, 7, 9, 3, 8, 10, 11), (1, 2, 8, 6, 4, 3, 11, 9, 7, 5, 10), (1, 2, 3, 4, 6, 7, 8, 5, 10, 9, 11), (1, 2, 5, 3, 6, 7, 9, 4, 10, 8, 11), (1, 2, 3, 6, 4, 5, 11, 7, 10, 8, 9), (1, 2, 3, 5, 4, 6, 7, 8, 9, 10, 11)}
M(AUB) = 
[[1, 2, 3, 4, 5, 6, 7, 8, 9, 10, 11], [1, 2, 3, 4, 5, 6, 7, 9, 8, 10, 11], [1, 2, 4, 3, 5, 6, 7, 8, 9, 10, 11], [1, 2, 4, 3, 5, 6, 7, 9, 8, 10, 11]]
Distance:68

(7)
A = 
{(2, 1, 4, 3, 6, 5, 9, 8, 7, 10, 11), (1, 2, 4, 8, 3, 5, 6, 7, 10, 11, 9), (1, 2, 4, 5, 3, 6, 9, 8, 11, 7, 10), (1, 2, 3, 4, 5, 6, 7, 8, 9, 10, 11)}
M(A) = 
[[1, 2, 4, 3, 5, 6, 8, 7, 9, 10, 11]]
Distance: 16
B = 
{(1, 2, 3, 4, 5, 6, 7, 8, 9, 10, 11), (2, 4, 7, 3, 5, 9, 6, 8, 1, 10, 11), (2, 1, 10, 6, 5, 11, 3, 4, 8, 7, 9), (1, 2, 4, 3, 5, 7, 6, 8, 9, 11, 10)}
M(B) = 
[[1, 2, 4, 3, 5, 6, 8, 7, 9, 10, 11]]
Distance: 36
M(A) inter A:
{(1, 2, 3, 4, 5, 6, 7, 8, 9, 10, 11)}
M(B) inter B:
{(1, 2, 3, 4, 5, 6, 7, 8, 9, 10, 11)}

AUB = 
{(1, 2, 4, 5, 3, 6, 9, 8, 11, 7, 10), (2, 1, 10, 6, 5, 11, 3, 4, 8, 7, 9), (2, 1, 4, 3, 6, 5, 9, 8, 7, 10, 11), (1, 2, 4, 8, 3, 5, 6, 7, 10, 11, 9), (1, 2, 3, 4, 5, 6, 7, 8, 9, 10, 11), (1, 2, 4, 3, 5, 7, 6, 8, 9, 11, 10), (2, 4, 7, 3, 5, 9, 6, 8, 1, 10, 11)}
M(AUB) = 
[[1, 2, 4, 3, 5, 6, 8, 7, 9, 10, 11]]
Distance:52

(8)
A = 
{(2, 1, 4, 3, 6, 8, 5, 9, 10, 7, 11), (1, 3, 2, 5, 4, 6, 8, 7, 10, 9, 11), (1, 2, 3, 4, 5, 7, 6, 9, 8, 10, 11), (1, 5, 4, 2, 7, 3, 6, 9, 8, 10, 11)}
M(A) = 
[[2, 1, 3, 4, 5, 6, 7, 8, 9, 10, 11], [2, 1, 3, 4, 5, 6, 7, 9, 8, 10, 11], [2, 1, 3, 4, 6, 5, 7, 8, 9, 10, 11], [2, 1, 3, 4, 6, 5, 7, 9, 8, 10, 11]]
Distance: 21
B = 
{(2, 1, 4, 6, 5, 3, 7, 8, 10, 9, 11), (3, 2, 10, 4, 6, 5, 1, 9, 7, 11, 8), (2, 1, 3, 6, 5, 4, 7, 8, 9, 11, 10), (2, 1, 3, 4, 5, 6, 9, 7, 8, 11, 10)}
M(B) = 
[[2, 1, 3, 4, 5, 6, 7, 8, 9, 10, 11], [2, 1, 3, 4, 5, 6, 7, 9, 8, 10, 11], [2, 1, 3, 4, 6, 5, 7, 8, 9, 10, 11], [2, 1, 3, 4, 6, 5, 7, 9, 8, 10, 11]]
Distance: 26
M(A) inter A:
set()
M(B) inter B:
set()

AUB = 
{(1, 3, 2, 5, 4, 6, 8, 7, 10, 9, 11), (1, 5, 4, 2, 7, 3, 6, 9, 8, 10, 11), (2, 1, 3, 6, 5, 4, 7, 8, 9, 11, 10), (2, 1, 3, 4, 5, 6, 9, 7, 8, 11, 10), (1, 2, 3, 4, 5, 7, 6, 9, 8, 10, 11), (2, 1, 4, 3, 6, 8, 5, 9, 10, 7, 11), (2, 1, 4, 6, 5, 3, 7, 8, 10, 9, 11), (3, 2, 10, 4, 6, 5, 1, 9, 7, 11, 8)}
M(AUB) = 
[[2, 1, 3, 4, 5, 6, 7, 8, 9, 10, 11], [2, 1, 3, 4, 5, 6, 7, 9, 8, 10, 11], [2, 1, 3, 4, 6, 5, 7, 8, 9, 10, 11], [2, 1, 3, 4, 6, 5, 7, 9, 8, 10, 11]]
Distance:51

(9)
A = 
{(1, 6, 4, 5, 3, 2, 7, 10, 9, 11, 8), (1, 3, 7, 4, 2, 10, 5, 11, 9, 6, 8), (2, 1, 4, 5, 3, 6, 7, 8, 10, 9, 11), (5, 1, 2, 7, 4, 8, 3, 11, 9, 10, 6)}
M(A) = 
[[1, 2, 3, 4, 5, 6, 7, 8, 10, 9, 11], [1, 2, 3, 5, 4, 6, 7, 8, 10, 9, 11], [1, 2, 4, 3, 5, 6, 7, 8, 10, 9, 11], [1, 3, 2, 4, 5, 6, 7, 8, 10, 9, 11], [1, 3, 2, 5, 4, 6, 7, 8, 10, 9, 11]]
Distance: 41
B = 
{(1, 2, 6, 8, 3, 10, 5, 7, 4, 11, 9), (3, 2, 5, 1, 4, 6, 7, 9, 8, 10, 11), (1, 3, 2, 5, 4, 6, 7, 8, 10, 9, 11), (6, 2, 4, 1, 8, 3, 5, 9, 11, 10, 7)}
M(B) = 
[[1, 2, 3, 4, 5, 6, 7, 8, 10, 9, 11], [1, 2, 3, 5, 4, 6, 7, 8, 10, 9, 11], [1, 2, 4, 3, 5, 6, 7, 8, 10, 9, 11], [1, 3, 2, 4, 5, 6, 7, 8, 10, 9, 11], [1, 3, 2, 5, 4, 6, 7, 8, 10, 9, 11]]
Distance: 36
M(A) inter A:
set()
M(B) inter B:
{(1, 3, 2, 5, 4, 6, 7, 8, 10, 9, 11)}

AUB = 
{(6, 2, 4, 1, 8, 3, 5, 9, 11, 10, 7), (1, 6, 4, 5, 3, 2, 7, 10, 9, 11, 8), (1, 2, 6, 8, 3, 10, 5, 7, 4, 11, 9), (2, 1, 4, 5, 3, 6, 7, 8, 10, 9, 11), (1, 3, 7, 4, 2, 10, 5, 11, 9, 6, 8), (5, 1, 2, 7, 4, 8, 3, 11, 9, 10, 6), (3, 2, 5, 1, 4, 6, 7, 9, 8, 10, 11), (1, 3, 2, 5, 4, 6, 7, 8, 10, 9, 11)}
M(AUB) = 
[[1, 2, 3, 4, 5, 6, 7, 8, 10, 9, 11], [1, 2, 3, 5, 4, 6, 7, 8, 10, 9, 11], [1, 2, 4, 3, 5, 6, 7, 8, 10, 9, 11], [1, 3, 2, 4, 5, 6, 7, 8, 10, 9, 11], [1, 3, 2, 5, 4, 6, 7, 8, 10, 9, 11]]
Distance:83

(10)
A = 
{(1, 5, 2, 3, 6, 9, 4, 8, 7, 11, 10), (4, 3, 8, 7, 2, 1, 11, 6, 5, 10, 9), (1, 3, 2, 4, 5, 7, 6, 9, 10, 8, 11), (1, 2, 6, 3, 4, 5, 8, 11, 10, 7, 9)}
M(A) = 
[[1, 2, 3, 4, 5, 6, 7, 8, 9, 10, 11], [1, 2, 3, 4, 5, 6, 7, 8, 9, 11, 10], [1, 2, 3, 4, 5, 6, 7, 9, 8, 10, 11], [1, 2, 3, 4, 5, 6, 7, 9, 8, 11, 10], [1, 2, 3, 4, 5, 7, 6, 8, 9, 10, 11], [1, 2, 3, 4, 5, 7, 6, 8, 9, 11, 10], [1, 2, 3, 4, 5, 7, 6, 9, 8, 10, 11], [1, 2, 3, 4, 5, 7, 6, 9, 8, 11, 10], [1, 2, 3, 4, 6, 5, 7, 8, 9, 10, 11], [1, 2, 3, 4, 6, 5, 7, 8, 9, 11, 10], [1, 2, 3, 4, 6, 5, 7, 9, 8, 10, 11], [1, 2, 3, 4, 6, 5, 7, 9, 8, 11, 10], [1, 2, 3, 4, 6, 7, 5, 8, 9, 10, 11], [1, 2, 3, 4, 6, 7, 5, 8, 9, 11, 10], [1, 2, 3, 4, 6, 7, 5, 9, 8, 10, 11], [1, 2, 3, 4, 6, 7, 5, 9, 8, 11, 10], [1, 2, 3, 4, 7, 5, 6, 8, 9, 10, 11], [1, 2, 3, 4, 7, 5, 6, 8, 9, 11, 10], [1, 2, 3, 4, 7, 5, 6, 9, 8, 10, 11], [1, 2, 3, 4, 7, 5, 6, 9, 8, 11, 10], [1, 2, 3, 4, 7, 6, 5, 8, 9, 10, 11], [1, 2, 3, 4, 7, 6, 5, 8, 9, 11, 10], [1, 2, 3, 4, 7, 6, 5, 9, 8, 10, 11], [1, 2, 3, 4, 7, 6, 5, 9, 8, 11, 10], [1, 2, 3, 6, 4, 5, 7, 8, 9, 10, 11], [1, 2, 3, 6, 4, 5, 7, 8, 9, 11, 10], [1, 2, 3, 6, 4, 5, 7, 9, 8, 10, 11], [1, 2, 3, 6, 4, 5, 7, 9, 8, 11, 10], [1, 2, 3, 6, 4, 7, 5, 8, 9, 10, 11], [1, 2, 3, 6, 4, 7, 5, 8, 9, 11, 10], [1, 2, 3, 6, 4, 7, 5, 9, 8, 10, 11], [1, 2, 3, 6, 4, 7, 5, 9, 8, 11, 10]]
Distance: 39
B = 
{(2, 1, 3, 4, 7, 5, 6, 8, 9, 10, 11), (1, 2, 7, 6, 3, 11, 9, 4, 10, 8, 5), (1, 3, 2, 6, 4, 9, 7, 10, 8, 11, 5), (1, 2, 3, 4, 5, 6, 7, 8, 9, 10, 11)}
M(B) = 
[[1, 2, 3, 4, 5, 6, 7, 8, 9, 10, 11], [1, 2, 3, 4, 5, 6, 7, 8, 9, 11, 10], [1, 2, 3, 4, 5, 6, 7, 9, 8, 10, 11], [1, 2, 3, 4, 5, 6, 7, 9, 8, 11, 10], [1, 2, 3, 4, 5, 7, 6, 8, 9, 10, 11], [1, 2, 3, 4, 5, 7, 6, 8, 9, 11, 10], [1, 2, 3, 4, 5, 7, 6, 9, 8, 10, 11], [1, 2, 3, 4, 5, 7, 6, 9, 8, 11, 10], [1, 2, 3, 4, 6, 5, 7, 8, 9, 10, 11], [1, 2, 3, 4, 6, 5, 7, 8, 9, 11, 10], [1, 2, 3, 4, 6, 5, 7, 9, 8, 10, 11], [1, 2, 3, 4, 6, 5, 7, 9, 8, 11, 10], [1, 2, 3, 4, 6, 7, 5, 8, 9, 10, 11], [1, 2, 3, 4, 6, 7, 5, 8, 9, 11, 10], [1, 2, 3, 4, 6, 7, 5, 9, 8, 10, 11], [1, 2, 3, 4, 6, 7, 5, 9, 8, 11, 10], [1, 2, 3, 4, 7, 5, 6, 8, 9, 10, 11], [1, 2, 3, 4, 7, 5, 6, 8, 9, 11, 10], [1, 2, 3, 4, 7, 5, 6, 9, 8, 10, 11], [1, 2, 3, 4, 7, 5, 6, 9, 8, 11, 10], [1, 2, 3, 4, 7, 6, 5, 8, 9, 10, 11], [1, 2, 3, 4, 7, 6, 5, 8, 9, 11, 10], [1, 2, 3, 4, 7, 6, 5, 9, 8, 10, 11], [1, 2, 3, 4, 7, 6, 5, 9, 8, 11, 10], [1, 2, 3, 6, 4, 5, 7, 8, 9, 10, 11], [1, 2, 3, 6, 4, 5, 7, 8, 9, 11, 10], [1, 2, 3, 6, 4, 5, 7, 9, 8, 10, 11], [1, 2, 3, 6, 4, 5, 7, 9, 8, 11, 10], [1, 2, 3, 6, 4, 7, 5, 8, 9, 10, 11], [1, 2, 3, 6, 4, 7, 5, 8, 9, 11, 10], [1, 2, 3, 6, 4, 7, 5, 9, 8, 10, 11], [1, 2, 3, 6, 4, 7, 5, 9, 8, 11, 10]]
Distance: 30
M(A) inter A:
set()
M(B) inter B:
set()

AUB = 
{(4, 3, 8, 7, 2, 1, 11, 6, 5, 10, 9), (1, 3, 2, 4, 5, 7, 6, 9, 10, 8, 11), (2, 1, 3, 4, 7, 5, 6, 8, 9, 10, 11), (1, 3, 2, 6, 4, 9, 7, 10, 8, 11, 5), (1, 2, 3, 4, 5, 6, 7, 8, 9, 10, 11), (1, 5, 2, 3, 6, 9, 4, 8, 7, 11, 10), (1, 2, 7, 6, 3, 11, 9, 4, 10, 8, 5), (1, 2, 6, 3, 4, 5, 8, 11, 10, 7, 9)}
M(AUB) = 
[[1, 2, 3, 4, 5, 6, 7, 8, 9, 10, 11], [1, 2, 3, 4, 5, 6, 7, 8, 9, 11, 10], [1, 2, 3, 4, 5, 6, 7, 9, 8, 10, 11], [1, 2, 3, 4, 5, 6, 7, 9, 8, 11, 10], [1, 2, 3, 4, 5, 7, 6, 8, 9, 10, 11], [1, 2, 3, 4, 5, 7, 6, 8, 9, 11, 10], [1, 2, 3, 4, 5, 7, 6, 9, 8, 10, 11], [1, 2, 3, 4, 5, 7, 6, 9, 8, 11, 10], [1, 2, 3, 4, 6, 5, 7, 8, 9, 10, 11], [1, 2, 3, 4, 6, 5, 7, 8, 9, 11, 10], [1, 2, 3, 4, 6, 5, 7, 9, 8, 10, 11], [1, 2, 3, 4, 6, 5, 7, 9, 8, 11, 10], [1, 2, 3, 4, 6, 7, 5, 8, 9, 10, 11], [1, 2, 3, 4, 6, 7, 5, 8, 9, 11, 10], [1, 2, 3, 4, 6, 7, 5, 9, 8, 10, 11], [1, 2, 3, 4, 6, 7, 5, 9, 8, 11, 10], [1, 2, 3, 4, 7, 5, 6, 8, 9, 10, 11], [1, 2, 3, 4, 7, 5, 6, 8, 9, 11, 10], [1, 2, 3, 4, 7, 5, 6, 9, 8, 10, 11], [1, 2, 3, 4, 7, 5, 6, 9, 8, 11, 10], [1, 2, 3, 4, 7, 6, 5, 8, 9, 10, 11], [1, 2, 3, 4, 7, 6, 5, 8, 9, 11, 10], [1, 2, 3, 4, 7, 6, 5, 9, 8, 10, 11], [1, 2, 3, 4, 7, 6, 5, 9, 8, 11, 10], [1, 2, 3, 6, 4, 5, 7, 8, 9, 10, 11], [1, 2, 3, 6, 4, 5, 7, 8, 9, 11, 10], [1, 2, 3, 6, 4, 5, 7, 9, 8, 10, 11], [1, 2, 3, 6, 4, 5, 7, 9, 8, 11, 10], [1, 2, 3, 6, 4, 7, 5, 8, 9, 10, 11], [1, 2, 3, 6, 4, 7, 5, 8, 9, 11, 10], [1, 2, 3, 6, 4, 7, 5, 9, 8, 10, 11], [1, 2, 3, 6, 4, 7, 5, 9, 8, 11, 10]]
Distance:75

(11)
A = 
{(2, 1, 4, 5, 6, 3, 10, 8, 7, 11, 9), (1, 4, 10, 2, 3, 6, 8, 9, 5, 11, 7), (2, 1, 3, 4, 5, 7, 8, 6, 10, 9, 11), (1, 3, 2, 4, 5, 7, 6, 8, 9, 10, 11)}
M(A) = 
[[1, 2, 3, 4, 5, 6, 7, 8, 10, 9, 11], [1, 3, 2, 4, 5, 6, 7, 8, 10, 9, 11]]
Distance: 28
B = 
{(4, 3, 1, 7, 5, 2, 11, 6, 8, 10, 9), (1, 2, 3, 4, 6, 5, 7, 8, 9, 10, 11), (3, 2, 6, 4, 1, 7, 8, 5, 9, 11, 10), (1, 3, 2, 4, 5, 6, 7, 8, 10, 9, 11)}
M(B) = 
[[1, 2, 3, 4, 5, 6, 7, 8, 10, 9, 11], [1, 3, 2, 4, 5, 6, 7, 8, 10, 9, 11]]
Distance: 25
M(A) inter A:
set()
M(B) inter B:
{(1, 3, 2, 4, 5, 6, 7, 8, 10, 9, 11)}

AUB = 
{(2, 1, 4, 5, 6, 3, 10, 8, 7, 11, 9), (1, 2, 3, 4, 6, 5, 7, 8, 9, 10, 11), (3, 2, 6, 4, 1, 7, 8, 5, 9, 11, 10), (4, 3, 1, 7, 5, 2, 11, 6, 8, 10, 9), (1, 3, 2, 4, 5, 7, 6, 8, 9, 10, 11), (1, 4, 10, 2, 3, 6, 8, 9, 5, 11, 7), (2, 1, 3, 4, 5, 7, 8, 6, 10, 9, 11), (1, 3, 2, 4, 5, 6, 7, 8, 10, 9, 11)}
M(AUB) = 
[[1, 2, 3, 4, 5, 6, 7, 8, 10, 9, 11], [1, 3, 2, 4, 5, 6, 7, 8, 10, 9, 11]]
Distance:55

(12)
A = 
{(1, 2, 3, 5, 4, 9, 7, 11, 8, 6, 10), (4, 1, 2, 5, 3, 7, 8, 6, 9, 10, 11), (4, 7, 5, 2, 1, 9, 11, 6, 8, 3, 10), (4, 1, 2, 3, 6, 7, 8, 5, 9, 10, 11)}
M(A) = 
[[1, 2, 3, 4, 7, 5, 6, 8, 9, 10, 11], [1, 2, 3, 4, 7, 5, 6, 8, 10, 9, 11], [1, 2, 4, 3, 7, 5, 6, 8, 9, 10, 11], [1, 2, 4, 3, 7, 5, 6, 8, 10, 9, 11], [1, 4, 2, 3, 7, 5, 6, 8, 9, 10, 11], [1, 4, 2, 3, 7, 5, 6, 8, 10, 9, 11], [4, 1, 2, 3, 7, 5, 6, 8, 9, 10, 11], [4, 1, 2, 3, 7, 5, 6, 8, 10, 9, 11]]
Distance: 34
B = 
{(1, 4, 2, 3, 7, 5, 6, 8, 10, 9, 11), (3, 2, 4, 8, 1, 7, 10, 5, 6, 9, 11), (1, 2, 3, 7, 5, 6, 4, 11, 10, 9, 8), (2, 6, 8, 1, 7, 3, 10, 5, 11, 9, 4)}
M(B) = 
[[1, 2, 3, 4, 7, 5, 6, 8, 9, 10, 11], [1, 2, 3, 4, 7, 5, 6, 8, 10, 9, 11], [1, 2, 4, 3, 7, 5, 6, 8, 9, 10, 11], [1, 2, 4, 3, 7, 5, 6, 8, 10, 9, 11], [1, 4, 2, 3, 7, 5, 6, 8, 9, 10, 11], [1, 4, 2, 3, 7, 5, 6, 8, 10, 9, 11], [4, 1, 2, 3, 7, 5, 6, 8, 9, 10, 11], [4, 1, 2, 3, 7, 5, 6, 8, 10, 9, 11]]
Distance: 39
M(A) inter A:
set()
M(B) inter B:
set()

AUB = 
{(1, 2, 3, 5, 4, 9, 7, 11, 8, 6, 10), (4, 7, 5, 2, 1, 9, 11, 6, 8, 3, 10), (1, 4, 2, 3, 7, 5, 6, 8, 10, 9, 11), (2, 6, 8, 1, 7, 3, 10, 5, 11, 9, 4), (4, 1, 2, 5, 3, 7, 8, 6, 9, 10, 11), (1, 2, 3, 7, 5, 6, 4, 11, 10, 9, 8), (4, 1, 2, 3, 6, 7, 8, 5, 9, 10, 11), (3, 2, 4, 8, 1, 7, 10, 5, 6, 9, 11)}
M(AUB) = 
[[1, 2, 3, 4, 7, 5, 6, 8, 9, 10, 11], [1, 2, 3, 4, 7, 5, 6, 8, 10, 9, 11], [1, 2, 4, 3, 7, 5, 6, 8, 9, 10, 11], [1, 2, 4, 3, 7, 5, 6, 8, 10, 9, 11], [1, 4, 2, 3, 7, 5, 6, 8, 9, 10, 11], [1, 4, 2, 3, 7, 5, 6, 8, 10, 9, 11], [4, 1, 2, 3, 7, 5, 6, 8, 9, 10, 11], [4, 1, 2, 3, 7, 5, 6, 8, 10, 9, 11]]
Distance:83

(13)
A = 
{(1, 3, 4, 5, 2, 6, 7, 8, 9, 11, 10), (2, 1, 4, 3, 6, 7, 10, 8, 5, 9, 11), (2, 1, 4, 3, 6, 5, 7, 8, 9, 11, 10), (2, 1, 3, 5, 6, 4, 9, 10, 8, 7, 11)}
M(A) = 
[[1, 2, 4, 3, 5, 6, 7, 8, 9, 11, 10], [2, 1, 4, 3, 5, 6, 7, 8, 9, 11, 10]]
Distance: 22
B = 
{(1, 2, 4, 3, 6, 5, 7, 10, 9, 8, 11), (1, 2, 4, 3, 5, 6, 11, 7, 10, 8, 9), (2, 7, 4, 3, 8, 1, 11, 10, 5, 9, 6), (1, 4, 5, 3, 2, 6, 9, 8, 11, 10, 7)}
M(B) = 
[[1, 2, 4, 3, 5, 6, 7, 8, 9, 11, 10], [2, 1, 4, 3, 5, 6, 7, 8, 9, 11, 10]]
Distance: 35
M(A) inter A:
set()
M(B) inter B:
set()

AUB = 
{(1, 3, 4, 5, 2, 6, 7, 8, 9, 11, 10), (2, 1, 4, 3, 6, 5, 7, 8, 9, 11, 10), (1, 4, 5, 3, 2, 6, 9, 8, 11, 10, 7), (1, 2, 4, 3, 5, 6, 11, 7, 10, 8, 9), (2, 1, 4, 3, 6, 7, 10, 8, 5, 9, 11), (2, 7, 4, 3, 8, 1, 11, 10, 5, 9, 6), (2, 1, 3, 5, 6, 4, 9, 10, 8, 7, 11), (1, 2, 4, 3, 6, 5, 7, 10, 9, 8, 11)}
M(AUB) = 
[[1, 2, 4, 3, 5, 6, 7, 8, 9, 11, 10], [2, 1, 4, 3, 5, 6, 7, 8, 9, 11, 10]]
Distance:61

(14)
A = 
{(3, 1, 4, 5, 2, 8, 6, 7, 11, 9, 10), (2, 3, 5, 6, 4, 1, 8, 10, 9, 11, 7), (1, 2, 3, 4, 5, 7, 6, 9, 8, 11, 10), (5, 2, 3, 4, 11, 1, 7, 6, 8, 9, 10)}
M(A) = 
[[1, 2, 3, 4, 5, 6, 8, 7, 9, 11, 10], [1, 2, 3, 4, 5, 6, 8, 7, 11, 9, 10]]
Distance: 33
B = 
{(1, 2, 4, 5, 3, 6, 8, 7, 10, 9, 11), (1, 2, 3, 4, 5, 6, 8, 7, 11, 9, 10), (2, 3, 1, 6, 8, 4, 7, 10, 11, 9, 5), (1, 2, 4, 3, 6, 7, 5, 9, 8, 11, 10)}
M(B) = 
[[1, 2, 3, 4, 5, 6, 8, 7, 9, 11, 10], [1, 2, 3, 4, 5, 6, 8, 7, 11, 9, 10]]
Distance: 23
M(A) inter A:
set()
M(B) inter B:
{(1, 2, 3, 4, 5, 6, 8, 7, 11, 9, 10)}

AUB = 
{(2, 3, 5, 6, 4, 1, 8, 10, 9, 11, 7), (1, 2, 4, 3, 6, 7, 5, 9, 8, 11, 10), (5, 2, 3, 4, 11, 1, 7, 6, 8, 9, 10), (1, 2, 4, 5, 3, 6, 8, 7, 10, 9, 11), (2, 3, 1, 6, 8, 4, 7, 10, 11, 9, 5), (1, 2, 3, 4, 5, 6, 8, 7, 11, 9, 10), (1, 2, 3, 4, 5, 7, 6, 9, 8, 11, 10), (3, 1, 4, 5, 2, 8, 6, 7, 11, 9, 10)}
M(AUB) = 
[[1, 2, 3, 4, 5, 6, 8, 7, 9, 11, 10], [1, 2, 3, 4, 5, 6, 8, 7, 11, 9, 10]]
Distance:58

(15)
A = 
{(2, 1, 3, 6, 7, 5, 4, 8, 11, 10, 9), (2, 3, 1, 5, 4, 7, 8, 6, 10, 11, 9), (1, 2, 3, 4, 5, 6, 7, 8, 10, 9, 11), (1, 2, 3, 5, 9, 6, 7, 4, 8, 10, 11)}
M(A) = 
[[1, 2, 3, 4, 5, 6, 7, 8, 9, 10, 11], [1, 2, 3, 5, 4, 6, 7, 8, 9, 10, 11]]
Distance: 20
B = 
{(4, 1, 2, 3, 5, 6, 7, 8, 9, 10, 11), (2, 3, 1, 6, 4, 5, 8, 7, 9, 11, 10), (4, 3, 1, 2, 8, 6, 5, 9, 7, 10, 11), (5, 1, 3, 2, 4, 6, 7, 9, 11, 10, 8)}
M(B) = 
[[1, 2, 3, 4, 5, 6, 7, 8, 9, 10, 11], [1, 2, 3, 5, 4, 6, 7, 8, 9, 10, 11]]
Distance: 28
M(A) inter A:
set()
M(B) inter B:
{(4, 1, 2, 3, 5, 6, 7, 8, 9, 10, 11)}

AUB = 
{(2, 3, 1, 6, 4, 5, 8, 7, 9, 11, 10), (2, 3, 1, 5, 4, 7, 8, 6, 10, 11, 9), (1, 2, 3, 5, 9, 6, 7, 4, 8, 10, 11), (4, 1, 2, 3, 5, 6, 7, 8, 9, 10, 11), (5, 1, 3, 2, 4, 6, 7, 9, 11, 10, 8), (2, 1, 3, 6, 7, 5, 4, 8, 11, 10, 9), (4, 3, 1, 2, 8, 6, 5, 9, 7, 10, 11), (1, 2, 3, 4, 5, 6, 7, 8, 10, 9, 11)}
M(AUB) = 
[[1, 2, 3, 4, 5, 6, 7, 8, 9, 10, 11], [1, 2, 3, 5, 4, 6, 7, 8, 9, 10, 11]]
Distance:52

(16)
A = 
{(1, 9, 2, 3, 6, 4, 7, 8, 5, 10, 11), (5, 7, 1, 4, 3, 2, 6, 9, 10, 11, 8), (3, 2, 6, 1, 4, 5, 7, 9, 10, 8, 11), (3, 2, 1, 4, 6, 5, 8, 10, 7, 9, 11)}
M(A) = 
[[3, 2, 1, 5, 4, 6, 7, 9, 8, 10, 11], [3, 2, 1, 5, 4, 6, 7, 9, 10, 8, 11], [3, 2, 1, 5, 6, 4, 7, 9, 8, 10, 11], [3, 2, 1, 5, 6, 4, 7, 9, 10, 8, 11]]
Distance: 35
B = 
{(1, 3, 2, 5, 6, 4, 7, 9, 11, 10, 8), (5, 2, 6, 3, 4, 1, 8, 7, 9, 11, 10), (3, 2, 1, 5, 4, 8, 9, 7, 11, 6, 10), (3, 7, 2, 5, 1, 10, 4, 9, 6, 11, 8)}
M(B) = 
[[3, 2, 1, 5, 4, 6, 7, 9, 8, 10, 11], [3, 2, 1, 5, 4, 6, 7, 9, 10, 8, 11], [3, 2, 1, 5, 6, 4, 7, 9, 8, 10, 11], [3, 2, 1, 5, 6, 4, 7, 9, 10, 8, 11]]
Distance: 35
M(A) inter A:
set()
M(B) inter B:
set()

AUB = 
{(1, 3, 2, 5, 6, 4, 7, 9, 11, 10, 8), (5, 2, 6, 3, 4, 1, 8, 7, 9, 11, 10), (3, 2, 6, 1, 4, 5, 7, 9, 10, 8, 11), (3, 2, 1, 4, 6, 5, 8, 10, 7, 9, 11), (1, 9, 2, 3, 6, 4, 7, 8, 5, 10, 11), (5, 7, 1, 4, 3, 2, 6, 9, 10, 11, 8), (3, 2, 1, 5, 4, 8, 9, 7, 11, 6, 10), (3, 7, 2, 5, 1, 10, 4, 9, 6, 11, 8)}
M(AUB) = 
[[3, 2, 1, 5, 4, 6, 7, 9, 8, 10, 11], [3, 2, 1, 5, 4, 6, 7, 9, 10, 8, 11], [3, 2, 1, 5, 6, 4, 7, 9, 8, 10, 11], [3, 2, 1, 5, 6, 4, 7, 9, 10, 8, 11]]
Distance:76

(17)
A = 
{(1, 3, 4, 2, 6, 5, 9, 7, 8, 11, 10), (2, 1, 5, 3, 4, 6, 8, 7, 9, 10, 11), (4, 1, 2, 5, 3, 6, 9, 7, 11, 10, 8), (1, 3, 6, 7, 2, 4, 8, 5, 9, 11, 10)}
M(A) = 
[[1, 2, 5, 3, 4, 6, 7, 9, 8, 10, 11], [1, 2, 5, 3, 4, 6, 7, 9, 8, 11, 10], [1, 2, 5, 3, 6, 4, 7, 9, 8, 10, 11], [1, 2, 5, 3, 6, 4, 7, 9, 8, 11, 10], [1, 2, 5, 3, 6, 7, 4, 9, 8, 10, 11], [1, 2, 5, 3, 6, 7, 4, 9, 8, 11, 10], [2, 1, 5, 3, 4, 6, 7, 9, 8, 10, 11], [2, 1, 5, 3, 4, 6, 7, 9, 8, 11, 10], [2, 1, 5, 3, 6, 4, 7, 9, 8, 10, 11], [2, 1, 5, 3, 6, 4, 7, 9, 8, 11, 10], [2, 1, 5, 3, 6, 7, 4, 9, 8, 10, 11], [2, 1, 5, 3, 6, 7, 4, 9, 8, 11, 10]]
Distance: 26
B = 
{(2, 5, 3, 6, 1, 7, 4, 9, 10, 11, 8), (6, 2, 1, 5, 7, 3, 4, 9, 8, 10, 11), (5, 1, 2, 7, 3, 4, 10, 8, 11, 6, 9), (2, 6, 1, 5, 3, 4, 9, 7, 11, 8, 10)}
M(B) = 
[[1, 2, 5, 3, 4, 6, 7, 9, 8, 10, 11], [1, 2, 5, 3, 4, 6, 7, 9, 8, 11, 10], [1, 2, 5, 3, 6, 4, 7, 9, 8, 10, 11], [1, 2, 5, 3, 6, 4, 7, 9, 8, 11, 10], [1, 2, 5, 3, 6, 7, 4, 9, 8, 10, 11], [1, 2, 5, 3, 6, 7, 4, 9, 8, 11, 10], [2, 1, 5, 3, 4, 6, 7, 9, 8, 10, 11], [2, 1, 5, 3, 4, 6, 7, 9, 8, 11, 10], [2, 1, 5, 3, 6, 4, 7, 9, 8, 10, 11], [2, 1, 5, 3, 6, 4, 7, 9, 8, 11, 10], [2, 1, 5, 3, 6, 7, 4, 9, 8, 10, 11], [2, 1, 5, 3, 6, 7, 4, 9, 8, 11, 10]]
Distance: 28
M(A) inter A:
set()
M(B) inter B:
set()

AUB = 
{(1, 3, 4, 2, 6, 5, 9, 7, 8, 11, 10), (6, 2, 1, 5, 7, 3, 4, 9, 8, 10, 11), (2, 6, 1, 5, 3, 4, 9, 7, 11, 8, 10), (2, 5, 3, 6, 1, 7, 4, 9, 10, 11, 8), (1, 3, 6, 7, 2, 4, 8, 5, 9, 11, 10), (2, 1, 5, 3, 4, 6, 8, 7, 9, 10, 11), (4, 1, 2, 5, 3, 6, 9, 7, 11, 10, 8), (5, 1, 2, 7, 3, 4, 10, 8, 11, 6, 9)}
M(AUB) = 
[[1, 2, 5, 3, 4, 6, 7, 9, 8, 10, 11], [1, 2, 5, 3, 4, 6, 7, 9, 8, 11, 10], [1, 2, 5, 3, 6, 4, 7, 9, 8, 10, 11], [1, 2, 5, 3, 6, 4, 7, 9, 8, 11, 10], [1, 2, 5, 3, 6, 7, 4, 9, 8, 10, 11], [1, 2, 5, 3, 6, 7, 4, 9, 8, 11, 10], [2, 1, 5, 3, 4, 6, 7, 9, 8, 10, 11], [2, 1, 5, 3, 4, 6, 7, 9, 8, 11, 10], [2, 1, 5, 3, 6, 4, 7, 9, 8, 10, 11], [2, 1, 5, 3, 6, 4, 7, 9, 8, 11, 10], [2, 1, 5, 3, 6, 7, 4, 9, 8, 10, 11], [2, 1, 5, 3, 6, 7, 4, 9, 8, 11, 10]]
Distance:66

(18)
A = 
{(3, 1, 2, 7, 4, 6, 9, 5, 8, 10, 11), (2, 1, 4, 3, 8, 5, 7, 6, 11, 9, 10), (1, 2, 3, 6, 5, 4, 7, 8, 9, 11, 10), (3, 1, 5, 2, 4, 8, 7, 10, 9, 6, 11)}
M(A) = 
[[1, 2, 3, 4, 6, 5, 7, 8, 9, 10, 11], [1, 2, 3, 4, 6, 7, 8, 9, 5, 10, 11], [1, 2, 3, 4, 6, 7, 8, 5, 9, 10, 11], [1, 2, 3, 4, 6, 7, 5, 8, 9, 10, 11], [1, 2, 3, 6, 4, 5, 7, 8, 9, 10, 11], [1, 2, 3, 6, 4, 7, 8, 9, 5, 10, 11], [1, 2, 3, 6, 4, 7, 8, 5, 9, 10, 11], [1, 2, 3, 6, 4, 7, 5, 8, 9, 10, 11], [2, 3, 1, 4, 6, 5, 7, 8, 9, 10, 11], [2, 3, 1, 4, 6, 7, 8, 9, 5, 10, 11], [2, 3, 1, 4, 6, 7, 8, 5, 9, 10, 11], [2, 3, 1, 4, 6, 7, 5, 8, 9, 10, 11], [2, 3, 1, 6, 4, 5, 7, 8, 9, 10, 11], [2, 3, 1, 6, 4, 7, 8, 9, 5, 10, 11], [2, 3, 1, 6, 4, 7, 8, 5, 9, 10, 11], [2, 3, 1, 6, 4, 7, 5, 8, 9, 10, 11], [3, 1, 2, 4, 6, 5, 7, 8, 9, 10, 11], [3, 1, 2, 4, 6, 7, 8, 9, 5, 10, 11], [3, 1, 2, 4, 6, 7, 8, 5, 9, 10, 11], [3, 1, 2, 4, 6, 7, 5, 8, 9, 10, 11], [3, 1, 2, 6, 4, 5, 7, 8, 9, 10, 11], [3, 1, 2, 6, 4, 7, 8, 9, 5, 10, 11], [3, 1, 2, 6, 4, 7, 8, 5, 9, 10, 11], [3, 1, 2, 6, 4, 7, 5, 8, 9, 10, 11]]
Distance: 28
B = 
{(1, 2, 6, 3, 4, 9, 7, 8, 5, 10, 11), (3, 1, 2, 6, 4, 7, 8, 10, 11, 9, 5), (2, 3, 1, 4, 6, 7, 8, 9, 11, 5, 10), (2, 5, 6, 4, 3, 1, 7, 9, 8, 10, 11)}
M(B) = 
[[1, 2, 3, 4, 6, 5, 7, 8, 9, 10, 11], [1, 2, 3, 4, 6, 7, 8, 9, 5, 10, 11], [1, 2, 3, 4, 6, 7, 8, 5, 9, 10, 11], [1, 2, 3, 4, 6, 7, 5, 8, 9, 10, 11], [1, 2, 3, 6, 4, 5, 7, 8, 9, 10, 11], [1, 2, 3, 6, 4, 7, 8, 9, 5, 10, 11], [1, 2, 3, 6, 4, 7, 8, 5, 9, 10, 11], [1, 2, 3, 6, 4, 7, 5, 8, 9, 10, 11], [2, 3, 1, 4, 6, 5, 7, 8, 9, 10, 11], [2, 3, 1, 4, 6, 7, 8, 9, 5, 10, 11], [2, 3, 1, 4, 6, 7, 8, 5, 9, 10, 11], [2, 3, 1, 4, 6, 7, 5, 8, 9, 10, 11], [2, 3, 1, 6, 4, 5, 7, 8, 9, 10, 11], [2, 3, 1, 6, 4, 7, 8, 9, 5, 10, 11], [2, 3, 1, 6, 4, 7, 8, 5, 9, 10, 11], [2, 3, 1, 6, 4, 7, 5, 8, 9, 10, 11], [3, 1, 2, 4, 6, 5, 7, 8, 9, 10, 11], [3, 1, 2, 4, 6, 7, 8, 9, 5, 10, 11], [3, 1, 2, 4, 6, 7, 8, 5, 9, 10, 11], [3, 1, 2, 4, 6, 7, 5, 8, 9, 10, 11], [3, 1, 2, 6, 4, 5, 7, 8, 9, 10, 11], [3, 1, 2, 6, 4, 7, 8, 9, 5, 10, 11], [3, 1, 2, 6, 4, 7, 8, 5, 9, 10, 11], [3, 1, 2, 6, 4, 7, 5, 8, 9, 10, 11]]
Distance: 26
M(A) inter A:
set()
M(B) inter B:
set()

AUB = 
{(2, 1, 4, 3, 8, 5, 7, 6, 11, 9, 10), (1, 2, 6, 3, 4, 9, 7, 8, 5, 10, 11), (3, 1, 2, 6, 4, 7, 8, 10, 11, 9, 5), (2, 3, 1, 4, 6, 7, 8, 9, 11, 5, 10), (1, 2, 3, 6, 5, 4, 7, 8, 9, 11, 10), (2, 5, 6, 4, 3, 1, 7, 9, 8, 10, 11), (3, 1, 2, 7, 4, 6, 9, 5, 8, 10, 11), (3, 1, 5, 2, 4, 8, 7, 10, 9, 6, 11)}
M(AUB) = 
[[1, 2, 3, 4, 6, 5, 7, 8, 9, 10, 11], [1, 2, 3, 4, 6, 7, 8, 9, 5, 10, 11], [1, 2, 3, 4, 6, 7, 8, 5, 9, 10, 11], [1, 2, 3, 4, 6, 7, 5, 8, 9, 10, 11], [1, 2, 3, 6, 4, 5, 7, 8, 9, 10, 11], [1, 2, 3, 6, 4, 7, 8, 9, 5, 10, 11], [1, 2, 3, 6, 4, 7, 8, 5, 9, 10, 11], [1, 2, 3, 6, 4, 7, 5, 8, 9, 10, 11], [2, 3, 1, 4, 6, 5, 7, 8, 9, 10, 11], [2, 3, 1, 4, 6, 7, 8, 9, 5, 10, 11], [2, 3, 1, 4, 6, 7, 8, 5, 9, 10, 11], [2, 3, 1, 4, 6, 7, 5, 8, 9, 10, 11], [2, 3, 1, 6, 4, 5, 7, 8, 9, 10, 11], [2, 3, 1, 6, 4, 7, 8, 9, 5, 10, 11], [2, 3, 1, 6, 4, 7, 8, 5, 9, 10, 11], [2, 3, 1, 6, 4, 7, 5, 8, 9, 10, 11], [3, 1, 2, 4, 6, 5, 7, 8, 9, 10, 11], [3, 1, 2, 4, 6, 7, 8, 9, 5, 10, 11], [3, 1, 2, 4, 6, 7, 8, 5, 9, 10, 11], [3, 1, 2, 4, 6, 7, 5, 8, 9, 10, 11], [3, 1, 2, 6, 4, 5, 7, 8, 9, 10, 11], [3, 1, 2, 6, 4, 7, 8, 9, 5, 10, 11], [3, 1, 2, 6, 4, 7, 8, 5, 9, 10, 11], [3, 1, 2, 6, 4, 7, 5, 8, 9, 10, 11]]
Distance:66

(19)
A = 
{(1, 2, 6, 8, 4, 7, 5, 3, 10, 11, 9), (2, 1, 4, 9, 5, 3, 6, 7, 11, 8, 10), (1, 2, 4, 3, 6, 8, 5, 9, 7, 11, 10), (2, 1, 3, 6, 4, 8, 11, 10, 5, 9, 7)}
M(A) = 
[[1, 2, 3, 4, 5, 6, 7, 8, 9, 10, 11], [1, 2, 3, 4, 5, 6, 7, 8, 9, 11, 10], [1, 2, 3, 4, 5, 6, 7, 8, 10, 9, 11], [1, 2, 3, 4, 5, 6, 8, 9, 7, 10, 11], [1, 2, 3, 4, 5, 6, 8, 9, 7, 11, 10], [1, 2, 3, 4, 5, 6, 8, 7, 9, 10, 11], [1, 2, 3, 4, 5, 6, 8, 7, 9, 11, 10], [1, 2, 3, 4, 5, 6, 8, 7, 10, 9, 11], [1, 2, 3, 4, 6, 5, 7, 8, 9, 10, 11], [1, 2, 3, 4, 6, 5, 7, 8, 9, 11, 10], [1, 2, 3, 4, 6, 5, 7, 8, 10, 9, 11], [1, 2, 3, 4, 6, 5, 8, 9, 7, 10, 11], [1, 2, 3, 4, 6, 5, 8, 9, 7, 11, 10], [1, 2, 3, 4, 6, 5, 8, 7, 9, 10, 11], [1, 2, 3, 4, 6, 5, 8, 7, 9, 11, 10], [1, 2, 3, 4, 6, 5, 8, 7, 10, 9, 11], [1, 2, 4, 3, 5, 6, 7, 8, 9, 10, 11], [1, 2, 4, 3, 5, 6, 7, 8, 9, 11, 10], [1, 2, 4, 3, 5, 6, 7, 8, 10, 9, 11], [1, 2, 4, 3, 5, 6, 8, 9, 7, 10, 11], [1, 2, 4, 3, 5, 6, 8, 9, 7, 11, 10], [1, 2, 4, 3, 5, 6, 8, 7, 9, 10, 11], [1, 2, 4, 3, 5, 6, 8, 7, 9, 11, 10], [1, 2, 4, 3, 5, 6, 8, 7, 10, 9, 11], [1, 2, 4, 3, 6, 5, 7, 8, 9, 10, 11], [1, 2, 4, 3, 6, 5, 7, 8, 9, 11, 10], [1, 2, 4, 3, 6, 5, 7, 8, 10, 9, 11], [1, 2, 4, 3, 6, 5, 8, 9, 7, 10, 11], [1, 2, 4, 3, 6, 5, 8, 9, 7, 11, 10], [1, 2, 4, 3, 6, 5, 8, 7, 9, 10, 11], [1, 2, 4, 3, 6, 5, 8, 7, 9, 11, 10], [1, 2, 4, 3, 6, 5, 8, 7, 10, 9, 11]]
Distance: 30
B = 
{(4, 1, 2, 3, 5, 9, 10, 6, 11, 8, 7), (1, 3, 4, 5, 7, 2, 10, 9, 8, 11, 6), (3, 6, 2, 4, 1, 7, 5, 11, 8, 9, 10), (1, 2, 3, 4, 7, 5, 6, 10, 8, 9, 11)}
M(B) = 
[[1, 2, 3, 4, 5, 6, 7, 8, 9, 10, 11], [1, 2, 3, 4, 5, 6, 7, 8, 9, 11, 10], [1, 2, 3, 4, 5, 6, 7, 8, 10, 9, 11], [1, 2, 3, 4, 5, 6, 8, 9, 7, 10, 11], [1, 2, 3, 4, 5, 6, 8, 9, 7, 11, 10], [1, 2, 3, 4, 5, 6, 8, 7, 9, 10, 11], [1, 2, 3, 4, 5, 6, 8, 7, 9, 11, 10], [1, 2, 3, 4, 5, 6, 8, 7, 10, 9, 11], [1, 2, 3, 4, 6, 5, 7, 8, 9, 10, 11], [1, 2, 3, 4, 6, 5, 7, 8, 9, 11, 10], [1, 2, 3, 4, 6, 5, 7, 8, 10, 9, 11], [1, 2, 3, 4, 6, 5, 8, 9, 7, 10, 11], [1, 2, 3, 4, 6, 5, 8, 9, 7, 11, 10], [1, 2, 3, 4, 6, 5, 8, 7, 9, 10, 11], [1, 2, 3, 4, 6, 5, 8, 7, 9, 11, 10], [1, 2, 3, 4, 6, 5, 8, 7, 10, 9, 11], [1, 2, 4, 3, 5, 6, 7, 8, 9, 10, 11], [1, 2, 4, 3, 5, 6, 7, 8, 9, 11, 10], [1, 2, 4, 3, 5, 6, 7, 8, 10, 9, 11], [1, 2, 4, 3, 5, 6, 8, 9, 7, 10, 11], [1, 2, 4, 3, 5, 6, 8, 9, 7, 11, 10], [1, 2, 4, 3, 5, 6, 8, 7, 9, 10, 11], [1, 2, 4, 3, 5, 6, 8, 7, 9, 11, 10], [1, 2, 4, 3, 5, 6, 8, 7, 10, 9, 11], [1, 2, 4, 3, 6, 5, 7, 8, 9, 10, 11], [1, 2, 4, 3, 6, 5, 7, 8, 9, 11, 10], [1, 2, 4, 3, 6, 5, 7, 8, 10, 9, 11], [1, 2, 4, 3, 6, 5, 8, 9, 7, 10, 11], [1, 2, 4, 3, 6, 5, 8, 9, 7, 11, 10], [1, 2, 4, 3, 6, 5, 8, 7, 9, 10, 11], [1, 2, 4, 3, 6, 5, 8, 7, 9, 11, 10], [1, 2, 4, 3, 6, 5, 8, 7, 10, 9, 11]]
Distance: 38
M(A) inter A:
set()
M(B) inter B:
{(1, 2, 3, 4, 7, 5, 6, 10, 8, 9, 11)}

AUB = 
{(2, 1, 4, 9, 5, 3, 6, 7, 11, 8, 10), (3, 6, 2, 4, 1, 7, 5, 11, 8, 9, 10), (1, 2, 4, 3, 6, 8, 5, 9, 7, 11, 10), (4, 1, 2, 3, 5, 9, 10, 6, 11, 8, 7), (1, 2, 6, 8, 4, 7, 5, 3, 10, 11, 9), (2, 1, 3, 6, 4, 8, 11, 10, 5, 9, 7), (1, 3, 4, 5, 7, 2, 10, 9, 8, 11, 6), (1, 2, 3, 4, 7, 5, 6, 10, 8, 9, 11)}
M(AUB) = 
[[1, 2, 3, 4, 5, 6, 7, 8, 9, 10, 11], [1, 2, 3, 4, 5, 6, 7, 8, 9, 11, 10], [1, 2, 3, 4, 5, 6, 7, 8, 10, 9, 11], [1, 2, 3, 4, 5, 6, 8, 9, 7, 10, 11], [1, 2, 3, 4, 5, 6, 8, 9, 7, 11, 10], [1, 2, 3, 4, 5, 6, 8, 7, 9, 10, 11], [1, 2, 3, 4, 5, 6, 8, 7, 9, 11, 10], [1, 2, 3, 4, 5, 6, 8, 7, 10, 9, 11], [1, 2, 3, 4, 6, 5, 7, 8, 9, 10, 11], [1, 2, 3, 4, 6, 5, 7, 8, 9, 11, 10], [1, 2, 3, 4, 6, 5, 7, 8, 10, 9, 11], [1, 2, 3, 4, 6, 5, 8, 9, 7, 10, 11], [1, 2, 3, 4, 6, 5, 8, 9, 7, 11, 10], [1, 2, 3, 4, 6, 5, 8, 7, 9, 10, 11], [1, 2, 3, 4, 6, 5, 8, 7, 9, 11, 10], [1, 2, 3, 4, 6, 5, 8, 7, 10, 9, 11], [1, 2, 4, 3, 5, 6, 7, 8, 9, 10, 11], [1, 2, 4, 3, 5, 6, 7, 8, 9, 11, 10], [1, 2, 4, 3, 5, 6, 7, 8, 10, 9, 11], [1, 2, 4, 3, 5, 6, 8, 9, 7, 10, 11], [1, 2, 4, 3, 5, 6, 8, 9, 7, 11, 10], [1, 2, 4, 3, 5, 6, 8, 7, 9, 10, 11], [1, 2, 4, 3, 5, 6, 8, 7, 9, 11, 10], [1, 2, 4, 3, 5, 6, 8, 7, 10, 9, 11], [1, 2, 4, 3, 6, 5, 7, 8, 9, 10, 11], [1, 2, 4, 3, 6, 5, 7, 8, 9, 11, 10], [1, 2, 4, 3, 6, 5, 7, 8, 10, 9, 11], [1, 2, 4, 3, 6, 5, 8, 9, 7, 10, 11], [1, 2, 4, 3, 6, 5, 8, 9, 7, 11, 10], [1, 2, 4, 3, 6, 5, 8, 7, 9, 10, 11], [1, 2, 4, 3, 6, 5, 8, 7, 9, 11, 10], [1, 2, 4, 3, 6, 5, 8, 7, 10, 9, 11]]
Distance:82

(20)
A = 
{(1, 2, 3, 4, 5, 6, 8, 9, 7, 11, 10), (1, 2, 3, 5, 6, 4, 7, 9, 8, 11, 10), (2, 1, 3, 4, 6, 5, 7, 10, 8, 9, 11), (5, 2, 1, 9, 7, 4, 3, 6, 11, 8, 10)}
M(A) = 
[[1, 2, 3, 4, 5, 6, 7, 8, 9, 11, 10]]
Distance: 25
B = 
{(1, 2, 3, 4, 5, 6, 7, 8, 9, 10, 11), (6, 4, 1, 2, 8, 7, 3, 11, 5, 10, 9), (2, 4, 1, 5, 6, 7, 3, 8, 11, 9, 10), (3, 1, 5, 8, 2, 7, 6, 4, 9, 10, 11)}
M(B) = 
[[1, 2, 3, 4, 5, 6, 7, 8, 9, 11, 10]]
Distance: 36
M(A) inter A:
set()
M(B) inter B:
{(1, 2, 3, 4, 5, 6, 7, 8, 9, 10, 11)}

AUB = 
{(2, 4, 1, 5, 6, 7, 3, 8, 11, 9, 10), (1, 2, 3, 5, 6, 4, 7, 9, 8, 11, 10), (6, 4, 1, 2, 8, 7, 3, 11, 5, 10, 9), (3, 1, 5, 8, 2, 7, 6, 4, 9, 10, 11), (2, 1, 3, 4, 6, 5, 7, 10, 8, 9, 11), (1, 2, 3, 4, 5, 6, 7, 8, 9, 10, 11), (1, 2, 3, 4, 5, 6, 8, 9, 7, 11, 10), (5, 2, 1, 9, 7, 4, 3, 6, 11, 8, 10)}
M(AUB) = 
[[1, 2, 3, 4, 5, 6, 7, 8, 9, 11, 10]]
Distance:61

(21)
A = 
{(1, 3, 2, 5, 4, 6, 8, 7, 9, 10, 11), (2, 7, 3, 1, 4, 6, 9, 5, 10, 11, 8), (1, 2, 3, 6, 5, 4, 8, 7, 11, 10, 9), (1, 2, 4, 3, 6, 7, 8, 5, 10, 9, 11)}
M(A) = 
[[1, 2, 3, 4, 5, 6, 8, 7, 9, 10, 11], [1, 2, 3, 5, 4, 6, 8, 7, 9, 10, 11], [1, 2, 4, 3, 5, 6, 8, 7, 9, 10, 11]]
Distance: 25
B = 
{(1, 7, 2, 4, 5, 3, 9, 8, 10, 6, 11), (3, 2, 1, 5, 4, 6, 8, 11, 9, 7, 10), (4, 1, 3, 2, 5, 8, 7, 10, 11, 6, 9), (2, 5, 9, 1, 6, 4, 3, 8, 10, 7, 11)}
M(B) = 
[[1, 2, 3, 4, 5, 6, 8, 7, 9, 10, 11], [1, 2, 3, 5, 4, 6, 8, 7, 9, 10, 11], [1, 2, 4, 3, 5, 6, 8, 7, 9, 10, 11]]
Distance: 42
M(A) inter A:
set()
M(B) inter B:
set()

AUB = 
{(3, 2, 1, 5, 4, 6, 8, 11, 9, 7, 10), (1, 2, 3, 6, 5, 4, 8, 7, 11, 10, 9), (1, 2, 4, 3, 6, 7, 8, 5, 10, 9, 11), (1, 7, 2, 4, 5, 3, 9, 8, 10, 6, 11), (2, 5, 9, 1, 6, 4, 3, 8, 10, 7, 11), (1, 3, 2, 5, 4, 6, 8, 7, 9, 10, 11), (4, 1, 3, 2, 5, 8, 7, 10, 11, 6, 9), (2, 7, 3, 1, 4, 6, 9, 5, 10, 11, 8)}
M(AUB) = 
[[1, 2, 3, 4, 5, 6, 8, 7, 9, 10, 11], [1, 2, 3, 5, 4, 6, 8, 7, 9, 10, 11], [1, 2, 4, 3, 5, 6, 8, 7, 9, 10, 11]]
Distance:71

(22)
A = 
{(2, 6, 1, 4, 3, 5, 7, 8, 9, 11, 10), (1, 2, 4, 3, 5, 8, 6, 7, 9, 11, 10), (2, 1, 5, 3, 4, 8, 6, 7, 10, 9, 11), (2, 1, 3, 4, 5, 11, 7, 10, 6, 8, 9)}
M(A) = 
[[2, 1, 3, 4, 5, 8, 6, 7, 9, 11, 10], [2, 1, 4, 3, 5, 8, 6, 7, 9, 11, 10]]
Distance: 23
B = 
{(1, 2, 3, 4, 6, 5, 7, 10, 9, 8, 11), (2, 1, 4, 3, 5, 8, 6, 11, 9, 10, 7), (2, 1, 4, 3, 5, 8, 7, 6, 10, 9, 11), (1, 2, 3, 4, 7, 5, 9, 8, 6, 11, 10)}
M(B) = 
[[2, 1, 3, 4, 5, 8, 6, 7, 9, 11, 10], [2, 1, 4, 3, 5, 8, 6, 7, 9, 11, 10]]
Distance: 23
M(A) inter A:
{(1, 2, 4, 3, 5, 8, 6, 7, 9, 11, 10)}
M(B) inter B:
{(2, 1, 4, 3, 5, 8, 7, 6, 10, 9, 11)}

AUB = 
{(2, 1, 4, 3, 5, 8, 7, 6, 10, 9, 11), (2, 1, 3, 4, 5, 11, 7, 10, 6, 8, 9), (1, 2, 3, 4, 7, 5, 9, 8, 6, 11, 10), (1, 2, 3, 4, 6, 5, 7, 10, 9, 8, 11), (2, 1, 4, 3, 5, 8, 6, 11, 9, 10, 7), (2, 6, 1, 4, 3, 5, 7, 8, 9, 11, 10), (1, 2, 4, 3, 5, 8, 6, 7, 9, 11, 10), (2, 1, 5, 3, 4, 8, 6, 7, 10, 9, 11)}
M(AUB) = 
[[2, 1, 3, 4, 5, 8, 6, 7, 9, 11, 10], [2, 1, 4, 3, 5, 8, 6, 7, 9, 11, 10]]
Distance:46

(23)
A = 
{(1, 5, 2, 6, 4, 11, 3, 9, 7, 8, 10), (2, 3, 1, 4, 5, 8, 6, 7, 10, 9, 11), (1, 3, 2, 4, 5, 7, 6, 9, 8, 10, 11), (1, 2, 4, 5, 3, 7, 6, 8, 10, 9, 11)}
M(A) = 
[[1, 2, 3, 4, 5, 6, 7, 8, 10, 9, 11], [1, 2, 3, 4, 5, 7, 6, 8, 10, 9, 11], [1, 2, 4, 3, 5, 6, 7, 8, 10, 9, 11], [1, 2, 4, 3, 5, 7, 6, 8, 10, 9, 11], [2, 1, 3, 4, 5, 6, 7, 8, 10, 9, 11], [2, 1, 3, 4, 5, 7, 6, 8, 10, 9, 11], [2, 1, 4, 3, 5, 6, 7, 8, 10, 9, 11], [2, 1, 4, 3, 5, 7, 6, 8, 10, 9, 11]]
Distance: 25
B = 
{(1, 6, 4, 3, 2, 5, 10, 8, 9, 7, 11), (4, 5, 7, 2, 3, 1, 6, 10, 11, 8, 9), (2, 1, 3, 4, 5, 7, 6, 10, 8, 11, 9), (3, 4, 6, 2, 1, 5, 7, 9, 8, 11, 10)}
M(B) = 
[[1, 2, 3, 4, 5, 6, 7, 8, 10, 9, 11], [1, 2, 3, 4, 5, 7, 6, 8, 10, 9, 11], [1, 2, 4, 3, 5, 6, 7, 8, 10, 9, 11], [1, 2, 4, 3, 5, 7, 6, 8, 10, 9, 11], [2, 1, 3, 4, 5, 6, 7, 8, 10, 9, 11], [2, 1, 3, 4, 5, 7, 6, 8, 10, 9, 11], [2, 1, 4, 3, 5, 6, 7, 8, 10, 9, 11], [2, 1, 4, 3, 5, 7, 6, 8, 10, 9, 11]]
Distance: 35
M(A) inter A:
set()
M(B) inter B:
set()

AUB = 
{(1, 5, 2, 6, 4, 11, 3, 9, 7, 8, 10), (3, 4, 6, 2, 1, 5, 7, 9, 8, 11, 10), (1, 6, 4, 3, 2, 5, 10, 8, 9, 7, 11), (4, 5, 7, 2, 3, 1, 6, 10, 11, 8, 9), (2, 3, 1, 4, 5, 8, 6, 7, 10, 9, 11), (2, 1, 3, 4, 5, 7, 6, 10, 8, 11, 9), (1, 3, 2, 4, 5, 7, 6, 9, 8, 10, 11), (1, 2, 4, 5, 3, 7, 6, 8, 10, 9, 11)}
M(AUB) = 
[[1, 2, 3, 4, 5, 6, 7, 8, 10, 9, 11], [1, 2, 3, 4, 5, 7, 6, 8, 10, 9, 11], [1, 2, 4, 3, 5, 6, 7, 8, 10, 9, 11], [1, 2, 4, 3, 5, 7, 6, 8, 10, 9, 11], [2, 1, 3, 4, 5, 6, 7, 8, 10, 9, 11], [2, 1, 3, 4, 5, 7, 6, 8, 10, 9, 11], [2, 1, 4, 3, 5, 6, 7, 8, 10, 9, 11], [2, 1, 4, 3, 5, 7, 6, 8, 10, 9, 11]]
Distance:66

(24)
A = 
{(3, 1, 4, 5, 2, 6, 7, 9, 8, 10, 11), (3, 2, 1, 6, 5, 4, 7, 10, 8, 9, 11), (1, 3, 2, 5, 6, 4, 7, 8, 9, 10, 11), (1, 2, 5, 3, 4, 7, 6, 8, 10, 11, 9)}
M(A) = 
[[1, 2, 3, 5, 4, 6, 7, 8, 9, 10, 11], [1, 3, 2, 5, 4, 6, 7, 8, 9, 10, 11], [3, 1, 2, 5, 4, 6, 7, 8, 9, 10, 11]]
Distance: 17
B = 
{(2, 3, 1, 5, 9, 4, 6, 10, 11, 8, 7), (1, 2, 5, 3, 4, 9, 6, 8, 7, 11, 10), (3, 1, 5, 2, 8, 9, 4, 6, 10, 7, 11), (1, 2, 3, 4, 5, 6, 7, 8, 9, 10, 11)}
M(B) = 
[[1, 2, 3, 5, 4, 6, 7, 8, 9, 10, 11], [1, 3, 2, 5, 4, 6, 7, 8, 9, 10, 11], [3, 1, 2, 5, 4, 6, 7, 8, 9, 10, 11]]
Distance: 22
M(A) inter A:
set()
M(B) inter B:
set()

AUB = 
{(2, 3, 1, 5, 9, 4, 6, 10, 11, 8, 7), (1, 2, 5, 3, 4, 9, 6, 8, 7, 11, 10), (3, 2, 1, 6, 5, 4, 7, 10, 8, 9, 11), (3, 1, 4, 5, 2, 6, 7, 9, 8, 10, 11), (1, 2, 5, 3, 4, 7, 6, 8, 10, 11, 9), (1, 2, 3, 4, 5, 6, 7, 8, 9, 10, 11), (1, 3, 2, 5, 6, 4, 7, 8, 9, 10, 11), (3, 1, 5, 2, 8, 9, 4, 6, 10, 7, 11)}
M(AUB) = 
[[1, 2, 3, 5, 4, 6, 7, 8, 9, 10, 11], [1, 3, 2, 5, 4, 6, 7, 8, 9, 10, 11], [3, 1, 2, 5, 4, 6, 7, 8, 9, 10, 11]]
Distance:47

(25)
A = 
{(1, 3, 2, 4, 11, 9, 5, 6, 7, 10, 8), (1, 4, 2, 3, 8, 7, 6, 5, 9, 11, 10), (3, 5, 4, 1, 6, 2, 10, 7, 11, 9, 8), (4, 5, 1, 3, 8, 2, 10, 9, 6, 7, 11)}
M(A) = 
[[1, 3, 4, 2, 5, 6, 7, 8, 9, 10, 11], [1, 3, 4, 2, 5, 6, 7, 8, 10, 9, 11], [1, 3, 4, 2, 5, 6, 7, 8, 10, 11, 9], [1, 3, 4, 2, 5, 7, 8, 6, 9, 10, 11], [1, 3, 4, 2, 5, 7, 8, 6, 10, 9, 11], [1, 3, 4, 2, 5, 7, 8, 6, 10, 11, 9], [1, 3, 4, 2, 5, 7, 6, 8, 9, 10, 11], [1, 3, 4, 2, 5, 7, 6, 8, 10, 9, 11], [1, 3, 4, 2, 5, 7, 6, 8, 10, 11, 9], [1, 4, 3, 2, 5, 6, 7, 8, 9, 10, 11], [1, 4, 3, 2, 5, 6, 7, 8, 10, 9, 11], [1, 4, 3, 2, 5, 6, 7, 8, 10, 11, 9], [1, 4, 3, 2, 5, 7, 8, 6, 9, 10, 11], [1, 4, 3, 2, 5, 7, 8, 6, 10, 9, 11], [1, 4, 3, 2, 5, 7, 8, 6, 10, 11, 9], [1, 4, 3, 2, 5, 7, 6, 8, 9, 10, 11], [1, 4, 3, 2, 5, 7, 6, 8, 10, 9, 11], [1, 4, 3, 2, 5, 7, 6, 8, 10, 11, 9], [4, 1, 3, 2, 5, 6, 7, 8, 9, 10, 11], [4, 1, 3, 2, 5, 6, 7, 8, 10, 9, 11], [4, 1, 3, 2, 5, 6, 7, 8, 10, 11, 9], [4, 1, 3, 2, 5, 7, 8, 6, 9, 10, 11], [4, 1, 3, 2, 5, 7, 8, 6, 10, 9, 11], [4, 1, 3, 2, 5, 7, 8, 6, 10, 11, 9], [4, 1, 3, 2, 5, 7, 6, 8, 9, 10, 11], [4, 1, 3, 2, 5, 7, 6, 8, 10, 9, 11], [4, 1, 3, 2, 5, 7, 6, 8, 10, 11, 9]]
Distance: 46
B = 
{(1, 3, 4, 2, 5, 6, 8, 7, 9, 10, 11), (1, 3, 4, 7, 2, 5, 8, 11, 10, 6, 9), (2, 4, 7, 1, 3, 10, 8, 6, 11, 5, 9), (4, 2, 5, 3, 1, 7, 6, 9, 8, 10, 11)}
M(B) = 
[[1, 3, 4, 2, 5, 6, 7, 8, 9, 10, 11], [1, 3, 4, 2, 5, 6, 7, 8, 10, 9, 11], [1, 3, 4, 2, 5, 6, 7, 8, 10, 11, 9], [1, 3, 4, 2, 5, 7, 8, 6, 9, 10, 11], [1, 3, 4, 2, 5, 7, 8, 6, 10, 9, 11], [1, 3, 4, 2, 5, 7, 8, 6, 10, 11, 9], [1, 3, 4, 2, 5, 7, 6, 8, 9, 10, 11], [1, 3, 4, 2, 5, 7, 6, 8, 10, 9, 11], [1, 3, 4, 2, 5, 7, 6, 8, 10, 11, 9], [1, 4, 3, 2, 5, 6, 7, 8, 9, 10, 11], [1, 4, 3, 2, 5, 6, 7, 8, 10, 9, 11], [1, 4, 3, 2, 5, 6, 7, 8, 10, 11, 9], [1, 4, 3, 2, 5, 7, 8, 6, 9, 10, 11], [1, 4, 3, 2, 5, 7, 8, 6, 10, 9, 11], [1, 4, 3, 2, 5, 7, 8, 6, 10, 11, 9], [1, 4, 3, 2, 5, 7, 6, 8, 9, 10, 11], [1, 4, 3, 2, 5, 7, 6, 8, 10, 9, 11], [1, 4, 3, 2, 5, 7, 6, 8, 10, 11, 9], [4, 1, 3, 2, 5, 6, 7, 8, 9, 10, 11], [4, 1, 3, 2, 5, 6, 7, 8, 10, 9, 11], [4, 1, 3, 2, 5, 6, 7, 8, 10, 11, 9], [4, 1, 3, 2, 5, 7, 8, 6, 9, 10, 11], [4, 1, 3, 2, 5, 7, 8, 6, 10, 9, 11], [4, 1, 3, 2, 5, 7, 8, 6, 10, 11, 9], [4, 1, 3, 2, 5, 7, 6, 8, 9, 10, 11], [4, 1, 3, 2, 5, 7, 6, 8, 10, 9, 11], [4, 1, 3, 2, 5, 7, 6, 8, 10, 11, 9]]
Distance: 35
M(A) inter A:
set()
M(B) inter B:
set()

AUB = 
{(3, 5, 4, 1, 6, 2, 10, 7, 11, 9, 8), (4, 2, 5, 3, 1, 7, 6, 9, 8, 10, 11), (4, 5, 1, 3, 8, 2, 10, 9, 6, 7, 11), (1, 3, 4, 2, 5, 6, 8, 7, 9, 10, 11), (1, 3, 4, 7, 2, 5, 8, 11, 10, 6, 9), (1, 4, 2, 3, 8, 7, 6, 5, 9, 11, 10), (2, 4, 7, 1, 3, 10, 8, 6, 11, 5, 9), (1, 3, 2, 4, 11, 9, 5, 6, 7, 10, 8)}
M(AUB) = 
[[1, 3, 4, 2, 5, 6, 7, 8, 9, 10, 11], [1, 3, 4, 2, 5, 6, 7, 8, 10, 9, 11], [1, 3, 4, 2, 5, 6, 7, 8, 10, 11, 9], [1, 3, 4, 2, 5, 7, 8, 6, 9, 10, 11], [1, 3, 4, 2, 5, 7, 8, 6, 10, 9, 11], [1, 3, 4, 2, 5, 7, 8, 6, 10, 11, 9], [1, 3, 4, 2, 5, 7, 6, 8, 9, 10, 11], [1, 3, 4, 2, 5, 7, 6, 8, 10, 9, 11], [1, 3, 4, 2, 5, 7, 6, 8, 10, 11, 9], [1, 4, 3, 2, 5, 6, 7, 8, 9, 10, 11], [1, 4, 3, 2, 5, 6, 7, 8, 10, 9, 11], [1, 4, 3, 2, 5, 6, 7, 8, 10, 11, 9], [1, 4, 3, 2, 5, 7, 8, 6, 9, 10, 11], [1, 4, 3, 2, 5, 7, 8, 6, 10, 9, 11], [1, 4, 3, 2, 5, 7, 8, 6, 10, 11, 9], [1, 4, 3, 2, 5, 7, 6, 8, 9, 10, 11], [1, 4, 3, 2, 5, 7, 6, 8, 10, 9, 11], [1, 4, 3, 2, 5, 7, 6, 8, 10, 11, 9], [4, 1, 3, 2, 5, 6, 7, 8, 9, 10, 11], [4, 1, 3, 2, 5, 6, 7, 8, 10, 9, 11], [4, 1, 3, 2, 5, 6, 7, 8, 10, 11, 9], [4, 1, 3, 2, 5, 7, 8, 6, 9, 10, 11], [4, 1, 3, 2, 5, 7, 8, 6, 10, 9, 11], [4, 1, 3, 2, 5, 7, 8, 6, 10, 11, 9], [4, 1, 3, 2, 5, 7, 6, 8, 9, 10, 11], [4, 1, 3, 2, 5, 7, 6, 8, 10, 9, 11], [4, 1, 3, 2, 5, 7, 6, 8, 10, 11, 9]]
Distance:83

(26)
A = 
{(2, 5, 1, 10, 11, 4, 3, 6, 9, 7, 8), (1, 5, 3, 6, 2, 10, 4, 8, 9, 11, 7), (1, 2, 3, 4, 6, 8, 10, 5, 7, 11, 9), (2, 5, 1, 8, 10, 4, 7, 6, 3, 11, 9)}
M(A) = 
[[1, 2, 3, 5, 4, 6, 8, 10, 7, 9, 11], [1, 2, 3, 5, 4, 6, 8, 10, 7, 11, 9], [1, 2, 3, 5, 4, 6, 8, 7, 10, 9, 11], [1, 2, 3, 5, 4, 6, 8, 7, 10, 11, 9], [1, 2, 3, 5, 4, 6, 7, 8, 10, 9, 11], [1, 2, 3, 5, 4, 6, 7, 8, 10, 11, 9], [1, 3, 2, 5, 4, 6, 8, 10, 7, 9, 11], [1, 3, 2, 5, 4, 6, 8, 10, 7, 11, 9], [1, 3, 2, 5, 4, 6, 8, 7, 10, 9, 11], [1, 3, 2, 5, 4, 6, 8, 7, 10, 11, 9], [1, 3, 2, 5, 4, 6, 7, 8, 10, 9, 11], [1, 3, 2, 5, 4, 6, 7, 8, 10, 11, 9], [2, 1, 3, 5, 4, 6, 8, 10, 7, 9, 11], [2, 1, 3, 5, 4, 6, 8, 10, 7, 11, 9], [2, 1, 3, 5, 4, 6, 8, 7, 10, 9, 11], [2, 1, 3, 5, 4, 6, 8, 7, 10, 11, 9], [2, 1, 3, 5, 4, 6, 7, 8, 10, 9, 11], [2, 1, 3, 5, 4, 6, 7, 8, 10, 11, 9]]
Distance: 39
B = 
{(3, 2, 1, 6, 4, 7, 10, 5, 8, 9, 11), (2, 3, 1, 6, 4, 7, 11, 9, 8, 10, 5), (1, 3, 2, 5, 4, 6, 7, 8, 9, 10, 11), (3, 1, 2, 5, 9, 4, 6, 8, 7, 11, 10)}
M(B) = 
[[1, 2, 3, 5, 4, 6, 8, 10, 7, 9, 11], [1, 2, 3, 5, 4, 6, 8, 10, 7, 11, 9], [1, 2, 3, 5, 4, 6, 8, 7, 10, 9, 11], [1, 2, 3, 5, 4, 6, 8, 7, 10, 11, 9], [1, 2, 3, 5, 4, 6, 7, 8, 10, 9, 11], [1, 2, 3, 5, 4, 6, 7, 8, 10, 11, 9], [1, 3, 2, 5, 4, 6, 8, 10, 7, 9, 11], [1, 3, 2, 5, 4, 6, 8, 10, 7, 11, 9], [1, 3, 2, 5, 4, 6, 8, 7, 10, 9, 11], [1, 3, 2, 5, 4, 6, 8, 7, 10, 11, 9], [1, 3, 2, 5, 4, 6, 7, 8, 10, 9, 11], [1, 3, 2, 5, 4, 6, 7, 8, 10, 11, 9], [2, 1, 3, 5, 4, 6, 8, 10, 7, 9, 11], [2, 1, 3, 5, 4, 6, 8, 10, 7, 11, 9], [2, 1, 3, 5, 4, 6, 8, 7, 10, 9, 11], [2, 1, 3, 5, 4, 6, 8, 7, 10, 11, 9], [2, 1, 3, 5, 4, 6, 7, 8, 10, 9, 11], [2, 1, 3, 5, 4, 6, 7, 8, 10, 11, 9]]
Distance: 29
M(A) inter A:
set()
M(B) inter B:
set()

AUB = 
{(1, 5, 3, 6, 2, 10, 4, 8, 9, 11, 7), (2, 3, 1, 6, 4, 7, 11, 9, 8, 10, 5), (1, 2, 3, 4, 6, 8, 10, 5, 7, 11, 9), (1, 3, 2, 5, 4, 6, 7, 8, 9, 10, 11), (2, 5, 1, 8, 10, 4, 7, 6, 3, 11, 9), (3, 1, 2, 5, 9, 4, 6, 8, 7, 11, 10), (3, 2, 1, 6, 4, 7, 10, 5, 8, 9, 11), (2, 5, 1, 10, 11, 4, 3, 6, 9, 7, 8)}
M(AUB) = 
[[1, 2, 3, 5, 4, 6, 8, 10, 7, 9, 11], [1, 2, 3, 5, 4, 6, 8, 10, 7, 11, 9], [1, 2, 3, 5, 4, 6, 8, 7, 10, 9, 11], [1, 2, 3, 5, 4, 6, 8, 7, 10, 11, 9], [1, 2, 3, 5, 4, 6, 7, 8, 10, 9, 11], [1, 2, 3, 5, 4, 6, 7, 8, 10, 11, 9], [1, 3, 2, 5, 4, 6, 8, 10, 7, 9, 11], [1, 3, 2, 5, 4, 6, 8, 10, 7, 11, 9], [1, 3, 2, 5, 4, 6, 8, 7, 10, 9, 11], [1, 3, 2, 5, 4, 6, 8, 7, 10, 11, 9], [1, 3, 2, 5, 4, 6, 7, 8, 10, 9, 11], [1, 3, 2, 5, 4, 6, 7, 8, 10, 11, 9], [2, 1, 3, 5, 4, 6, 8, 10, 7, 9, 11], [2, 1, 3, 5, 4, 6, 8, 10, 7, 11, 9], [2, 1, 3, 5, 4, 6, 8, 7, 10, 9, 11], [2, 1, 3, 5, 4, 6, 8, 7, 10, 11, 9], [2, 1, 3, 5, 4, 6, 7, 8, 10, 9, 11], [2, 1, 3, 5, 4, 6, 7, 8, 10, 11, 9]]
Distance:86

(27)
A = 
{(1, 3, 2, 6, 4, 7, 5, 9, 8, 11, 10), (3, 2, 4, 1, 6, 9, 8, 10, 5, 11, 7), (5, 1, 3, 2, 4, 6, 9, 11, 8, 10, 7), (1, 4, 3, 2, 9, 5, 6, 10, 8, 7, 11)}
M(A) = 
[[1, 2, 3, 4, 5, 6, 9, 8, 10, 7, 11], [1, 2, 3, 4, 5, 6, 9, 8, 7, 10, 11], [1, 2, 3, 4, 6, 5, 9, 8, 10, 7, 11], [1, 2, 3, 4, 6, 5, 9, 8, 7, 10, 11], [1, 3, 2, 4, 5, 6, 9, 8, 10, 7, 11], [1, 3, 2, 4, 5, 6, 9, 8, 7, 10, 11], [1, 3, 2, 4, 6, 5, 9, 8, 10, 7, 11], [1, 3, 2, 4, 6, 5, 9, 8, 7, 10, 11]]
Distance: 27
B = 
{(1, 6, 2, 5, 3, 9, 4, 10, 8, 11, 7), (1, 4, 2, 8, 5, 3, 9, 7, 6, 10, 11), (6, 1, 2, 3, 4, 7, 5, 8, 10, 9, 11), (2, 1, 4, 3, 5, 7, 9, 6, 11, 10, 8)}
M(B) = 
[[1, 2, 3, 4, 5, 6, 9, 8, 10, 7, 11], [1, 2, 3, 4, 5, 6, 9, 8, 7, 10, 11], [1, 2, 3, 4, 6, 5, 9, 8, 10, 7, 11], [1, 2, 3, 4, 6, 5, 9, 8, 7, 10, 11], [1, 3, 2, 4, 5, 6, 9, 8, 10, 7, 11], [1, 3, 2, 4, 5, 6, 9, 8, 7, 10, 11], [1, 3, 2, 4, 6, 5, 9, 8, 10, 7, 11], [1, 3, 2, 4, 6, 5, 9, 8, 7, 10, 11]]
Distance: 38
M(A) inter A:
set()
M(B) inter B:
set()

AUB = 
{(1, 4, 3, 2, 9, 5, 6, 10, 8, 7, 11), (2, 1, 4, 3, 5, 7, 9, 6, 11, 10, 8), (6, 1, 2, 3, 4, 7, 5, 8, 10, 9, 11), (1, 3, 2, 6, 4, 7, 5, 9, 8, 11, 10), (3, 2, 4, 1, 6, 9, 8, 10, 5, 11, 7), (1, 4, 2, 8, 5, 3, 9, 7, 6, 10, 11), (1, 6, 2, 5, 3, 9, 4, 10, 8, 11, 7), (5, 1, 3, 2, 4, 6, 9, 11, 8, 10, 7)}
M(AUB) = 
[[1, 2, 3, 4, 5, 6, 9, 8, 10, 7, 11], [1, 2, 3, 4, 5, 6, 9, 8, 7, 10, 11], [1, 2, 3, 4, 6, 5, 9, 8, 10, 7, 11], [1, 2, 3, 4, 6, 5, 9, 8, 7, 10, 11], [1, 3, 2, 4, 5, 6, 9, 8, 10, 7, 11], [1, 3, 2, 4, 5, 6, 9, 8, 7, 10, 11], [1, 3, 2, 4, 6, 5, 9, 8, 10, 7, 11], [1, 3, 2, 4, 6, 5, 9, 8, 7, 10, 11]]
Distance:71

(28)
A = 
{(2, 3, 1, 4, 8, 6, 7, 9, 5, 10, 11), (2, 4, 1, 5, 6, 8, 7, 11, 3, 9, 10), (2, 3, 1, 6, 5, 4, 7, 8, 10, 11, 9), (4, 1, 3, 10, 2, 5, 8, 9, 7, 6, 11)}
M(A) = 
[[2, 1, 4, 3, 5, 6, 8, 7, 9, 10, 11], [2, 1, 4, 3, 5, 6, 8, 7, 10, 9, 11], [2, 4, 1, 3, 5, 6, 8, 7, 9, 10, 11], [2, 4, 1, 3, 5, 6, 8, 7, 10, 9, 11]]
Distance: 37
B = 
{(1, 5, 2, 4, 10, 3, 6, 8, 9, 11, 7), (2, 6, 4, 5, 7, 1, 11, 3, 8, 9, 10), (1, 4, 10, 9, 2, 3, 8, 5, 6, 7, 11), (3, 5, 2, 4, 7, 1, 6, 9, 10, 11, 8)}
M(B) = 
[[2, 1, 4, 3, 5, 6, 8, 7, 9, 10, 11], [2, 1, 4, 3, 5, 6, 8, 7, 10, 9, 11], [2, 4, 1, 3, 5, 6, 8, 7, 9, 10, 11], [2, 4, 1, 3, 5, 6, 8, 7, 10, 9, 11]]
Distance: 53
M(A) inter A:
set()
M(B) inter B:
set()

AUB = 
{(1, 5, 2, 4, 10, 3, 6, 8, 9, 11, 7), (2, 3, 1, 6, 5, 4, 7, 8, 10, 11, 9), (2, 6, 4, 5, 7, 1, 11, 3, 8, 9, 10), (2, 4, 1, 5, 6, 8, 7, 11, 3, 9, 10), (1, 4, 10, 9, 2, 3, 8, 5, 6, 7, 11), (4, 1, 3, 10, 2, 5, 8, 9, 7, 6, 11), (2, 3, 1, 4, 8, 6, 7, 9, 5, 10, 11), (3, 5, 2, 4, 7, 1, 6, 9, 10, 11, 8)}
M(AUB) = 
[[2, 1, 4, 3, 5, 6, 8, 7, 9, 10, 11], [2, 1, 4, 3, 5, 6, 8, 7, 10, 9, 11], [2, 4, 1, 3, 5, 6, 8, 7, 9, 10, 11], [2, 4, 1, 3, 5, 6, 8, 7, 10, 9, 11]]
Distance:92

(29)
A = 
{(1, 2, 3, 4, 10, 8, 6, 5, 9, 7, 11), (3, 2, 4, 5, 1, 10, 6, 11, 9, 8, 7), (2, 1, 5, 4, 3, 6, 7, 8, 9, 10, 11), (3, 1, 2, 5, 4, 6, 7, 9, 8, 11, 10)}
M(A) = 
[[1, 2, 3, 4, 5, 6, 9, 7, 8, 10, 11], [1, 2, 3, 4, 5, 6, 9, 7, 8, 11, 10], [1, 2, 3, 4, 5, 6, 7, 8, 9, 10, 11], [1, 2, 3, 4, 5, 6, 7, 8, 9, 11, 10], [1, 2, 3, 4, 5, 6, 7, 9, 8, 10, 11], [1, 2, 3, 4, 5, 6, 7, 9, 8, 11, 10], [1, 2, 3, 5, 4, 6, 9, 7, 8, 10, 11], [1, 2, 3, 5, 4, 6, 9, 7, 8, 11, 10], [1, 2, 3, 5, 4, 6, 7, 8, 9, 10, 11], [1, 2, 3, 5, 4, 6, 7, 8, 9, 11, 10], [1, 2, 3, 5, 4, 6, 7, 9, 8, 10, 11], [1, 2, 3, 5, 4, 6, 7, 9, 8, 11, 10]]
Distance: 34
B = 
{(1, 5, 2, 4, 9, 6, 7, 8, 11, 10, 3), (1, 4, 2, 8, 5, 6, 11, 9, 3, 7, 10), (1, 3, 2, 5, 4, 7, 11, 6, 9, 8, 10), (1, 2, 3, 4, 5, 6, 7, 8, 10, 9, 11)}
M(B) = 
[[1, 2, 3, 4, 5, 6, 9, 7, 8, 10, 11], [1, 2, 3, 4, 5, 6, 9, 7, 8, 11, 10], [1, 2, 3, 4, 5, 6, 7, 8, 9, 10, 11], [1, 2, 3, 4, 5, 6, 7, 8, 9, 11, 10], [1, 2, 3, 4, 5, 6, 7, 9, 8, 10, 11], [1, 2, 3, 4, 5, 6, 7, 9, 8, 11, 10], [1, 2, 3, 5, 4, 6, 9, 7, 8, 10, 11], [1, 2, 3, 5, 4, 6, 9, 7, 8, 11, 10], [1, 2, 3, 5, 4, 6, 7, 8, 9, 10, 11], [1, 2, 3, 5, 4, 6, 7, 8, 9, 11, 10], [1, 2, 3, 5, 4, 6, 7, 9, 8, 10, 11], [1, 2, 3, 5, 4, 6, 7, 9, 8, 11, 10]]
Distance: 35
M(A) inter A:
set()
M(B) inter B:
set()

AUB = 
{(1, 5, 2, 4, 9, 6, 7, 8, 11, 10, 3), (1, 3, 2, 5, 4, 7, 11, 6, 9, 8, 10), (2, 1, 5, 4, 3, 6, 7, 8, 9, 10, 11), (3, 1, 2, 5, 4, 6, 7, 9, 8, 11, 10), (1, 2, 3, 4, 10, 8, 6, 5, 9, 7, 11), (1, 4, 2, 8, 5, 6, 11, 9, 3, 7, 10), (3, 2, 4, 5, 1, 10, 6, 11, 9, 8, 7), (1, 2, 3, 4, 5, 6, 7, 8, 10, 9, 11)}
M(AUB) = 
[[1, 2, 3, 4, 5, 6, 9, 7, 8, 10, 11], [1, 2, 3, 4, 5, 6, 9, 7, 8, 11, 10], [1, 2, 3, 4, 5, 6, 7, 8, 9, 10, 11], [1, 2, 3, 4, 5, 6, 7, 8, 9, 11, 10], [1, 2, 3, 4, 5, 6, 7, 9, 8, 10, 11], [1, 2, 3, 4, 5, 6, 7, 9, 8, 11, 10], [1, 2, 3, 5, 4, 6, 9, 7, 8, 10, 11], [1, 2, 3, 5, 4, 6, 9, 7, 8, 11, 10], [1, 2, 3, 5, 4, 6, 7, 8, 9, 10, 11], [1, 2, 3, 5, 4, 6, 7, 8, 9, 11, 10], [1, 2, 3, 5, 4, 6, 7, 9, 8, 10, 11], [1, 2, 3, 5, 4, 6, 7, 9, 8, 11, 10]]
Distance:71

(30)
A = 
{(2, 1, 4, 7, 5, 3, 6, 8, 9, 10, 11), (4, 7, 3, 2, 1, 9, 5, 6, 10, 8, 11), (2, 1, 4, 3, 5, 6, 7, 8, 9, 11, 10), (1, 2, 3, 4, 5, 7, 10, 6, 8, 11, 9)}
M(A) = 
[[2, 1, 4, 3, 5, 6, 7, 8, 9, 10, 11], [2, 1, 4, 3, 5, 6, 7, 9, 8, 10, 11], [2, 1, 4, 3, 5, 6, 7, 9, 10, 8, 11]]
Distance: 23
B = 
{(1, 2, 6, 3, 5, 4, 7, 10, 11, 9, 8), (2, 1, 4, 3, 9, 5, 6, 10, 7, 8, 11), (2, 4, 1, 3, 5, 6, 9, 8, 7, 10, 11), (2, 1, 4, 3, 6, 5, 7, 8, 9, 11, 10)}
M(B) = 
[[2, 1, 4, 3, 5, 6, 7, 8, 9, 10, 11], [2, 1, 4, 3, 5, 6, 7, 9, 8, 10, 11], [2, 1, 4, 3, 5, 6, 7, 9, 10, 8, 11]]
Distance: 21
M(A) inter A:
set()
M(B) inter B:
set()

AUB = 
{(2, 1, 4, 7, 5, 3, 6, 8, 9, 10, 11), (1, 2, 6, 3, 5, 4, 7, 10, 11, 9, 8), (4, 7, 3, 2, 1, 9, 5, 6, 10, 8, 11), (2, 1, 4, 3, 5, 6, 7, 8, 9, 11, 10), (2, 1, 4, 3, 9, 5, 6, 10, 7, 8, 11), (2, 1, 4, 3, 6, 5, 7, 8, 9, 11, 10), (2, 4, 1, 3, 5, 6, 9, 8, 7, 10, 11), (1, 2, 3, 4, 5, 7, 10, 6, 8, 11, 9)}
M(AUB) = 
[[2, 1, 4, 3, 5, 6, 7, 8, 9, 10, 11], [2, 1, 4, 3, 5, 6, 7, 9, 8, 10, 11], [2, 1, 4, 3, 5, 6, 7, 9, 10, 8, 11]]
Distance:48

(31)
A = 
{(2, 1, 4, 5, 6, 3, 7, 8, 10, 9, 11), (1, 3, 2, 4, 6, 7, 5, 9, 8, 10, 11), (1, 2, 3, 6, 5, 4, 7, 9, 8, 10, 11), (1, 5, 3, 4, 2, 6, 8, 10, 7, 11, 9)}
M(A) = 
[[1, 2, 3, 4, 5, 6, 8, 7, 9, 10, 11], [1, 2, 3, 4, 5, 6, 7, 8, 9, 10, 11], [1, 2, 4, 3, 5, 6, 8, 7, 9, 10, 11], [1, 2, 4, 3, 5, 6, 7, 8, 9, 10, 11], [1, 3, 2, 4, 5, 6, 8, 7, 9, 10, 11], [1, 3, 2, 4, 5, 6, 7, 8, 9, 10, 11]]
Distance: 22
B = 
{(1, 2, 3, 4, 5, 8, 7, 11, 6, 9, 10), (1, 2, 4, 3, 5, 8, 6, 7, 10, 11, 9), (1, 4, 3, 8, 2, 5, 9, 6, 11, 10, 7), (4, 3, 2, 5, 1, 6, 7, 9, 8, 10, 11)}
M(B) = 
[[1, 2, 3, 4, 5, 6, 8, 7, 9, 10, 11], [1, 2, 3, 4, 5, 6, 7, 8, 9, 10, 11], [1, 2, 4, 3, 5, 6, 8, 7, 9, 10, 11], [1, 2, 4, 3, 5, 6, 7, 8, 9, 10, 11], [1, 3, 2, 4, 5, 6, 8, 7, 9, 10, 11], [1, 3, 2, 4, 5, 6, 7, 8, 9, 10, 11]]
Distance: 25
M(A) inter A:
set()
M(B) inter B:
set()

AUB = 
{(1, 2, 4, 3, 5, 8, 6, 7, 10, 11, 9), (1, 3, 2, 4, 6, 7, 5, 9, 8, 10, 11), (1, 4, 3, 8, 2, 5, 9, 6, 11, 10, 7), (4, 3, 2, 5, 1, 6, 7, 9, 8, 10, 11), (1, 2, 3, 6, 5, 4, 7, 9, 8, 10, 11), (2, 1, 4, 5, 6, 3, 7, 8, 10, 9, 11), (1, 2, 3, 4, 5, 8, 7, 11, 6, 9, 10), (1, 5, 3, 4, 2, 6, 8, 10, 7, 11, 9)}
M(AUB) = 
[[1, 2, 3, 4, 5, 6, 8, 7, 9, 10, 11], [1, 2, 3, 4, 5, 6, 7, 8, 9, 10, 11], [1, 2, 4, 3, 5, 6, 8, 7, 9, 10, 11], [1, 2, 4, 3, 5, 6, 7, 8, 9, 10, 11], [1, 3, 2, 4, 5, 6, 8, 7, 9, 10, 11], [1, 3, 2, 4, 5, 6, 7, 8, 9, 10, 11]]
Distance:53

(32)
A = 
{(1, 2, 3, 4, 5, 7, 9, 6, 10, 8, 11), (1, 2, 5, 3, 6, 9, 11, 4, 7, 10, 8), (1, 4, 3, 2, 5, 6, 9, 7, 8, 10, 11), (1, 4, 2, 3, 6, 5, 7, 8, 9, 11, 10)}
M(A) = 
[[1, 2, 4, 3, 5, 6, 7, 9, 8, 11, 10]]
Distance: 22
B = 
{(2, 4, 1, 3, 6, 5, 7, 8, 10, 9, 11), (2, 5, 1, 4, 3, 7, 9, 6, 11, 8, 10), (3, 1, 5, 2, 6, 7, 4, 11, 8, 9, 10), (4, 3, 1, 2, 5, 6, 9, 7, 8, 11, 10)}
M(B) = 
[[1, 2, 4, 3, 5, 6, 7, 9, 8, 11, 10]]
Distance: 28
M(A) inter A:
set()
M(B) inter B:
set()

AUB = 
{(1, 2, 3, 4, 5, 7, 9, 6, 10, 8, 11), (1, 4, 3, 2, 5, 6, 9, 7, 8, 10, 11), (3, 1, 5, 2, 6, 7, 4, 11, 8, 9, 10), (1, 4, 2, 3, 6, 5, 7, 8, 9, 11, 10), (2, 4, 1, 3, 6, 5, 7, 8, 10, 9, 11), (1, 2, 5, 3, 6, 9, 11, 4, 7, 10, 8), (2, 5, 1, 4, 3, 7, 9, 6, 11, 8, 10), (4, 3, 1, 2, 5, 6, 9, 7, 8, 11, 10)}
M(AUB) = 
[[1, 2, 4, 3, 5, 6, 7, 9, 8, 11, 10]]
Distance:50

(33)
A = 
{(3, 2, 1, 9, 5, 6, 4, 7, 8, 10, 11), (5, 2, 7, 1, 4, 9, 3, 6, 8, 10, 11), (2, 4, 1, 3, 5, 6, 9, 10, 8, 11, 7), (2, 1, 3, 4, 6, 8, 5, 7, 9, 10, 11)}
M(A) = 
[[2, 1, 3, 4, 5, 6, 8, 7, 9, 10, 11], [2, 3, 1, 4, 5, 6, 8, 7, 9, 10, 11]]
Distance: 30
B = 
{(3, 4, 1, 2, 5, 9, 8, 10, 6, 7, 11), (1, 3, 7, 2, 4, 6, 5, 10, 8, 11, 9), (2, 3, 6, 1, 4, 8, 7, 5, 9, 11, 10), (2, 3, 4, 1, 5, 8, 6, 11, 7, 9, 10)}
M(B) = 
[[2, 1, 3, 4, 5, 6, 8, 7, 9, 10, 11], [2, 3, 1, 4, 5, 6, 8, 7, 9, 10, 11]]
Distance: 33
M(A) inter A:
set()
M(B) inter B:
set()

AUB = 
{(3, 2, 1, 9, 5, 6, 4, 7, 8, 10, 11), (2, 3, 6, 1, 4, 8, 7, 5, 9, 11, 10), (2, 4, 1, 3, 5, 6, 9, 10, 8, 11, 7), (2, 1, 3, 4, 6, 8, 5, 7, 9, 10, 11), (3, 4, 1, 2, 5, 9, 8, 10, 6, 7, 11), (1, 3, 7, 2, 4, 6, 5, 10, 8, 11, 9), (5, 2, 7, 1, 4, 9, 3, 6, 8, 10, 11), (2, 3, 4, 1, 5, 8, 6, 11, 7, 9, 10)}
M(AUB) = 
[[2, 1, 3, 4, 5, 6, 8, 7, 9, 10, 11], [2, 3, 1, 4, 5, 6, 8, 7, 9, 10, 11]]
Distance:67

(34)
A = 
{(2, 3, 4, 6, 10, 1, 7, 8, 5, 9, 11), (2, 1, 3, 5, 4, 6, 9, 8, 7, 10, 11), (4, 5, 2, 3, 8, 1, 7, 6, 10, 9, 11), (2, 1, 3, 5, 4, 6, 7, 9, 8, 11, 10)}
M(A) = 
[[2, 1, 3, 4, 5, 6, 8, 7, 9, 10, 11], [2, 3, 1, 4, 5, 6, 8, 7, 9, 10, 11]]
Distance: 30
B = 
{(2, 3, 1, 4, 5, 6, 8, 11, 7, 9, 10), (3, 2, 1, 5, 8, 7, 4, 10, 6, 11, 9), (4, 1, 3, 2, 6, 9, 5, 11, 7, 8, 10), (1, 3, 6, 4, 5, 2, 9, 10, 8, 11, 7)}
M(B) = 
[[2, 1, 3, 4, 5, 6, 8, 7, 9, 10, 11], [2, 3, 1, 4, 5, 6, 8, 7, 9, 10, 11]]
Distance: 35
M(A) inter A:
set()
M(B) inter B:
set()

AUB = 
{(4, 1, 3, 2, 6, 9, 5, 11, 7, 8, 10), (2, 3, 4, 6, 10, 1, 7, 8, 5, 9, 11), (3, 2, 1, 5, 8, 7, 4, 10, 6, 11, 9), (1, 3, 6, 4, 5, 2, 9, 10, 8, 11, 7), (2, 1, 3, 5, 4, 6, 9, 8, 7, 10, 11), (2, 1, 3, 5, 4, 6, 7, 9, 8, 11, 10), (4, 5, 2, 3, 8, 1, 7, 6, 10, 9, 11), (2, 3, 1, 4, 5, 6, 8, 11, 7, 9, 10)}
M(AUB) = 
[[2, 1, 3, 4, 5, 6, 8, 7, 9, 10, 11], [2, 3, 1, 4, 5, 6, 8, 7, 9, 10, 11]]
Distance:69

(35)
A = 
{(1, 3, 5, 4, 6, 2, 8, 11, 10, 9, 7), (7, 1, 4, 2, 5, 3, 9, 10, 8, 6, 11), (4, 2, 1, 7, 3, 5, 8, 6, 10, 9, 11), (2, 4, 1, 5, 6, 7, 9, 8, 3, 11, 10)}
M(A) = 
[[1, 2, 4, 3, 5, 6, 7, 8, 9, 10, 11], [1, 2, 4, 3, 5, 6, 7, 8, 10, 9, 11], [1, 2, 4, 3, 5, 7, 6, 8, 9, 10, 11], [1, 2, 4, 3, 5, 7, 6, 8, 10, 9, 11], [1, 4, 2, 3, 5, 6, 7, 8, 9, 10, 11], [1, 4, 2, 3, 5, 6, 7, 8, 10, 9, 11], [1, 4, 2, 3, 5, 7, 6, 8, 9, 10, 11], [1, 4, 2, 3, 5, 7, 6, 8, 10, 9, 11], [1, 4, 3, 2, 5, 6, 7, 8, 9, 10, 11], [1, 4, 3, 2, 5, 6, 7, 8, 10, 9, 11], [1, 4, 3, 2, 5, 7, 6, 8, 9, 10, 11], [1, 4, 3, 2, 5, 7, 6, 8, 10, 9, 11], [1, 4, 3, 5, 2, 6, 7, 8, 9, 10, 11], [1, 4, 3, 5, 2, 6, 7, 8, 10, 9, 11], [1, 4, 3, 5, 2, 7, 6, 8, 9, 10, 11], [1, 4, 3, 5, 2, 7, 6, 8, 10, 9, 11]]
Distance: 39
B = 
{(4, 3, 1, 5, 2, 6, 7, 8, 10, 11, 9), (3, 5, 1, 2, 8, 4, 7, 6, 10, 9, 11), (5, 2, 1, 6, 4, 3, 8, 9, 10, 7, 11), (1, 3, 2, 4, 5, 7, 6, 8, 9, 10, 11)}
M(B) = 
[[1, 2, 4, 3, 5, 6, 7, 8, 9, 10, 11], [1, 2, 4, 3, 5, 6, 7, 8, 10, 9, 11], [1, 2, 4, 3, 5, 7, 6, 8, 9, 10, 11], [1, 2, 4, 3, 5, 7, 6, 8, 10, 9, 11], [1, 4, 2, 3, 5, 6, 7, 8, 9, 10, 11], [1, 4, 2, 3, 5, 6, 7, 8, 10, 9, 11], [1, 4, 2, 3, 5, 7, 6, 8, 9, 10, 11], [1, 4, 2, 3, 5, 7, 6, 8, 10, 9, 11], [1, 4, 3, 2, 5, 6, 7, 8, 9, 10, 11], [1, 4, 3, 2, 5, 6, 7, 8, 10, 9, 11], [1, 4, 3, 2, 5, 7, 6, 8, 9, 10, 11], [1, 4, 3, 2, 5, 7, 6, 8, 10, 9, 11], [1, 4, 3, 5, 2, 6, 7, 8, 9, 10, 11], [1, 4, 3, 5, 2, 6, 7, 8, 10, 9, 11], [1, 4, 3, 5, 2, 7, 6, 8, 9, 10, 11], [1, 4, 3, 5, 2, 7, 6, 8, 10, 9, 11]]
Distance: 27
M(A) inter A:
set()
M(B) inter B:
set()

AUB = 
{(2, 4, 1, 5, 6, 7, 9, 8, 3, 11, 10), (5, 2, 1, 6, 4, 3, 8, 9, 10, 7, 11), (4, 2, 1, 7, 3, 5, 8, 6, 10, 9, 11), (4, 3, 1, 5, 2, 6, 7, 8, 10, 11, 9), (1, 3, 2, 4, 5, 7, 6, 8, 9, 10, 11), (1, 3, 5, 4, 6, 2, 8, 11, 10, 9, 7), (3, 5, 1, 2, 8, 4, 7, 6, 10, 9, 11), (7, 1, 4, 2, 5, 3, 9, 10, 8, 6, 11)}
M(AUB) = 
[[1, 2, 4, 3, 5, 6, 7, 8, 9, 10, 11], [1, 2, 4, 3, 5, 6, 7, 8, 10, 9, 11], [1, 2, 4, 3, 5, 7, 6, 8, 9, 10, 11], [1, 2, 4, 3, 5, 7, 6, 8, 10, 9, 11], [1, 4, 2, 3, 5, 6, 7, 8, 9, 10, 11], [1, 4, 2, 3, 5, 6, 7, 8, 10, 9, 11], [1, 4, 2, 3, 5, 7, 6, 8, 9, 10, 11], [1, 4, 2, 3, 5, 7, 6, 8, 10, 9, 11], [1, 4, 3, 2, 5, 6, 7, 8, 9, 10, 11], [1, 4, 3, 2, 5, 6, 7, 8, 10, 9, 11], [1, 4, 3, 2, 5, 7, 6, 8, 9, 10, 11], [1, 4, 3, 2, 5, 7, 6, 8, 10, 9, 11], [1, 4, 3, 5, 2, 6, 7, 8, 9, 10, 11], [1, 4, 3, 5, 2, 6, 7, 8, 10, 9, 11], [1, 4, 3, 5, 2, 7, 6, 8, 9, 10, 11], [1, 4, 3, 5, 2, 7, 6, 8, 10, 9, 11]]
Distance:74

(36)
A = 
{(2, 1, 3, 5, 4, 6, 9, 11, 8, 10, 7), (1, 3, 4, 2, 6, 5, 8, 7, 9, 10, 11), (3, 5, 4, 2, 1, 6, 7, 10, 8, 9, 11), (1, 4, 5, 3, 2, 6, 7, 8, 9, 11, 10)}
M(A) = 
[[1, 2, 3, 4, 5, 6, 8, 7, 9, 10, 11], [1, 2, 3, 4, 5, 6, 7, 8, 9, 10, 11], [1, 3, 2, 4, 5, 6, 8, 7, 9, 10, 11], [1, 3, 2, 4, 5, 6, 7, 8, 9, 10, 11], [2, 1, 3, 4, 5, 6, 8, 7, 9, 10, 11], [2, 1, 3, 4, 5, 6, 7, 8, 9, 10, 11]]
Distance: 25
B = 
{(3, 1, 5, 2, 4, 6, 8, 9, 7, 10, 11), (2, 1, 3, 4, 6, 5, 9, 8, 11, 7, 10), (2, 1, 3, 4, 5, 6, 7, 8, 9, 10, 11), (1, 2, 6, 4, 3, 5, 7, 9, 10, 11, 8)}
M(B) = 
[[1, 2, 3, 4, 5, 6, 8, 7, 9, 10, 11], [1, 2, 3, 4, 5, 6, 7, 8, 9, 10, 11], [1, 3, 2, 4, 5, 6, 8, 7, 9, 10, 11], [1, 3, 2, 4, 5, 6, 7, 8, 9, 10, 11], [2, 1, 3, 4, 5, 6, 8, 7, 9, 10, 11], [2, 1, 3, 4, 5, 6, 7, 8, 9, 10, 11]]
Distance: 21
M(A) inter A:
set()
M(B) inter B:
{(2, 1, 3, 4, 5, 6, 7, 8, 9, 10, 11)}

AUB = 
{(3, 1, 5, 2, 4, 6, 8, 9, 7, 10, 11), (2, 1, 3, 5, 4, 6, 9, 11, 8, 10, 7), (2, 1, 3, 4, 6, 5, 9, 8, 11, 7, 10), (3, 5, 4, 2, 1, 6, 7, 10, 8, 9, 11), (1, 4, 5, 3, 2, 6, 7, 8, 9, 11, 10), (2, 1, 3, 4, 5, 6, 7, 8, 9, 10, 11), (1, 2, 6, 4, 3, 5, 7, 9, 10, 11, 8), (1, 3, 4, 2, 6, 5, 8, 7, 9, 10, 11)}
M(AUB) = 
[[1, 2, 3, 4, 5, 6, 8, 7, 9, 10, 11], [1, 2, 3, 4, 5, 6, 7, 8, 9, 10, 11], [1, 3, 2, 4, 5, 6, 8, 7, 9, 10, 11], [1, 3, 2, 4, 5, 6, 7, 8, 9, 10, 11], [2, 1, 3, 4, 5, 6, 8, 7, 9, 10, 11], [2, 1, 3, 4, 5, 6, 7, 8, 9, 10, 11]]
Distance:50

(37)
A = 
{(1, 2, 4, 3, 5, 6, 7, 9, 11, 8, 10), (4, 2, 1, 3, 5, 7, 11, 6, 10, 8, 9), (1, 3, 2, 4, 5, 6, 7, 8, 9, 11, 10), (4, 2, 1, 5, 6, 7, 8, 3, 10, 11, 9)}
M(A) = 
[[1, 2, 3, 4, 5, 6, 7, 8, 9, 11, 10], [1, 2, 3, 4, 5, 6, 7, 8, 11, 9, 10], [2, 1, 3, 4, 5, 6, 7, 8, 9, 11, 10], [2, 1, 3, 4, 5, 6, 7, 8, 11, 9, 10]]
Distance: 23
B = 
{(2, 1, 6, 11, 7, 5, 3, 8, 4, 9, 10), (1, 2, 3, 4, 5, 6, 7, 8, 10, 11, 9), (1, 2, 3, 4, 5, 6, 7, 8, 9, 11, 10), (2, 3, 4, 1, 7, 5, 6, 8, 9, 10, 11)}
M(B) = 
[[1, 2, 3, 4, 5, 6, 7, 8, 9, 11, 10], [1, 2, 3, 4, 5, 6, 7, 8, 11, 9, 10], [2, 1, 3, 4, 5, 6, 7, 8, 9, 11, 10], [2, 1, 3, 4, 5, 6, 7, 8, 11, 9, 10]]
Distance: 25
M(A) inter A:
set()
M(B) inter B:
{(1, 2, 3, 4, 5, 6, 7, 8, 9, 11, 10)}

AUB = 
{(2, 3, 4, 1, 7, 5, 6, 8, 9, 10, 11), (2, 1, 6, 11, 7, 5, 3, 8, 4, 9, 10), (1, 2, 3, 4, 5, 6, 7, 8, 10, 11, 9), (4, 2, 1, 3, 5, 7, 11, 6, 10, 8, 9), (1, 3, 2, 4, 5, 6, 7, 8, 9, 11, 10), (1, 2, 3, 4, 5, 6, 7, 8, 9, 11, 10), (1, 2, 4, 3, 5, 6, 7, 9, 11, 8, 10), (4, 2, 1, 5, 6, 7, 8, 3, 10, 11, 9)}
M(AUB) = 
[[1, 2, 3, 4, 5, 6, 7, 8, 9, 11, 10], [1, 2, 3, 4, 5, 6, 7, 8, 11, 9, 10], [2, 1, 3, 4, 5, 6, 7, 8, 9, 11, 10], [2, 1, 3, 4, 5, 6, 7, 8, 11, 9, 10]]
Distance:50

(38)
A = 
{(2, 1, 6, 7, 4, 3, 5, 9, 8, 11, 10), (1, 4, 7, 2, 3, 9, 11, 10, 6, 5, 8), (2, 1, 4, 3, 7, 5, 6, 9, 10, 8, 11), (1, 2, 3, 7, 5, 6, 4, 9, 11, 8, 10)}
M(A) = 
[[1, 2, 3, 4, 5, 6, 7, 9, 8, 11, 10], [1, 2, 3, 4, 5, 7, 6, 9, 8, 11, 10], [1, 2, 3, 4, 7, 5, 6, 9, 8, 11, 10], [1, 2, 4, 3, 5, 6, 7, 9, 8, 11, 10], [1, 2, 4, 3, 5, 7, 6, 9, 8, 11, 10], [1, 2, 4, 3, 7, 5, 6, 9, 8, 11, 10]]
Distance: 27
B = 
{(1, 8, 2, 4, 3, 5, 6, 7, 9, 11, 10), (5, 2, 9, 1, 3, 4, 7, 6, 11, 10, 8), (1, 2, 3, 6, 5, 4, 7, 8, 9, 11, 10), (1, 2, 3, 4, 5, 6, 7, 8, 9, 10, 11)}
M(B) = 
[[1, 2, 3, 4, 5, 6, 7, 9, 8, 11, 10], [1, 2, 3, 4, 5, 7, 6, 9, 8, 11, 10], [1, 2, 3, 4, 7, 5, 6, 9, 8, 11, 10], [1, 2, 4, 3, 5, 6, 7, 9, 8, 11, 10], [1, 2, 4, 3, 5, 7, 6, 9, 8, 11, 10], [1, 2, 4, 3, 7, 5, 6, 9, 8, 11, 10]]
Distance: 25
M(A) inter A:
set()
M(B) inter B:
set()

AUB = 
{(2, 1, 4, 3, 7, 5, 6, 9, 10, 8, 11), (5, 2, 9, 1, 3, 4, 7, 6, 11, 10, 8), (1, 2, 3, 6, 5, 4, 7, 8, 9, 11, 10), (1, 8, 2, 4, 3, 5, 6, 7, 9, 11, 10), (1, 4, 7, 2, 3, 9, 11, 10, 6, 5, 8), (1, 2, 3, 4, 5, 6, 7, 8, 9, 10, 11), (2, 1, 6, 7, 4, 3, 5, 9, 8, 11, 10), (1, 2, 3, 7, 5, 6, 4, 9, 11, 8, 10)}
M(AUB) = 
[[1, 2, 3, 4, 5, 6, 7, 9, 8, 11, 10], [1, 2, 3, 4, 5, 7, 6, 9, 8, 11, 10], [1, 2, 3, 4, 7, 5, 6, 9, 8, 11, 10], [1, 2, 4, 3, 5, 6, 7, 9, 8, 11, 10], [1, 2, 4, 3, 5, 7, 6, 9, 8, 11, 10], [1, 2, 4, 3, 7, 5, 6, 9, 8, 11, 10]]
Distance:62

(39)
A = 
{(1, 2, 3, 4, 5, 6, 8, 7, 9, 10, 11), (1, 3, 2, 4, 5, 7, 6, 8, 10, 9, 11), (1, 2, 4, 6, 8, 3, 5, 7, 9, 10, 11), (2, 3, 1, 5, 8, 4, 7, 11, 6, 9, 10)}
M(A) = 
[[1, 2, 3, 4, 5, 6, 8, 7, 9, 10, 11], [1, 2, 3, 4, 5, 6, 8, 7, 10, 9, 11], [1, 2, 3, 4, 5, 6, 7, 8, 9, 10, 11], [1, 2, 3, 4, 5, 6, 7, 8, 10, 9, 11]]
Distance: 18
B = 
{(1, 2, 3, 5, 4, 7, 6, 8, 9, 10, 11), (3, 1, 5, 6, 10, 2, 4, 9, 11, 8, 7), (4, 3, 1, 6, 5, 2, 11, 10, 7, 9, 8), (4, 2, 6, 1, 3, 5, 7, 8, 10, 9, 11)}
M(B) = 
[[1, 2, 3, 4, 5, 6, 8, 7, 9, 10, 11], [1, 2, 3, 4, 5, 6, 8, 7, 10, 9, 11], [1, 2, 3, 4, 5, 6, 7, 8, 9, 10, 11], [1, 2, 3, 4, 5, 6, 7, 8, 10, 9, 11]]
Distance: 40
M(A) inter A:
set()
M(B) inter B:
set()

AUB = 
{(1, 2, 3, 4, 5, 6, 8, 7, 9, 10, 11), (4, 3, 1, 6, 5, 2, 11, 10, 7, 9, 8), (1, 2, 3, 5, 4, 7, 6, 8, 9, 10, 11), (2, 3, 1, 5, 8, 4, 7, 11, 6, 9, 10), (3, 1, 5, 6, 10, 2, 4, 9, 11, 8, 7), (1, 3, 2, 4, 5, 7, 6, 8, 10, 9, 11), (1, 2, 4, 6, 8, 3, 5, 7, 9, 10, 11), (4, 2, 6, 1, 3, 5, 7, 8, 10, 9, 11)}
M(AUB) = 
[[1, 2, 3, 4, 5, 6, 8, 7, 9, 10, 11], [1, 2, 3, 4, 5, 6, 8, 7, 10, 9, 11], [1, 2, 3, 4, 5, 6, 7, 8, 9, 10, 11], [1, 2, 3, 4, 5, 6, 7, 8, 10, 9, 11]]
Distance:62

(40)
A = 
{(3, 1, 2, 5, 4, 6, 8, 7, 10, 9, 11), (2, 1, 10, 3, 5, 4, 9, 6, 8, 11, 7), (1, 5, 3, 6, 2, 4, 9, 8, 10, 11, 7), (4, 5, 3, 1, 2, 9, 7, 6, 11, 10, 8)}
M(A) = 
[[1, 3, 2, 4, 5, 6, 9, 8, 7, 10, 11], [1, 3, 2, 4, 5, 6, 9, 7, 8, 10, 11], [1, 3, 2, 4, 5, 6, 9, 7, 10, 8, 11], [1, 3, 2, 4, 5, 6, 7, 9, 8, 10, 11], [1, 3, 2, 4, 5, 6, 7, 9, 10, 8, 11], [1, 3, 2, 5, 4, 6, 9, 8, 7, 10, 11], [1, 3, 2, 5, 4, 6, 9, 7, 8, 10, 11], [1, 3, 2, 5, 4, 6, 9, 7, 10, 8, 11], [1, 3, 2, 5, 4, 6, 7, 9, 8, 10, 11], [1, 3, 2, 5, 4, 6, 7, 9, 10, 8, 11], [3, 1, 2, 4, 5, 6, 9, 8, 7, 10, 11], [3, 1, 2, 4, 5, 6, 9, 7, 8, 10, 11], [3, 1, 2, 4, 5, 6, 9, 7, 10, 8, 11], [3, 1, 2, 4, 5, 6, 7, 9, 8, 10, 11], [3, 1, 2, 4, 5, 6, 7, 9, 10, 8, 11], [3, 1, 2, 5, 4, 6, 9, 8, 7, 10, 11], [3, 1, 2, 5, 4, 6, 9, 7, 8, 10, 11], [3, 1, 2, 5, 4, 6, 9, 7, 10, 8, 11], [3, 1, 2, 5, 4, 6, 7, 9, 8, 10, 11], [3, 1, 2, 5, 4, 6, 7, 9, 10, 8, 11], [3, 2, 1, 4, 5, 6, 9, 8, 7, 10, 11], [3, 2, 1, 4, 5, 6, 9, 7, 8, 10, 11], [3, 2, 1, 4, 5, 6, 9, 7, 10, 8, 11], [3, 2, 1, 4, 5, 6, 7, 9, 8, 10, 11], [3, 2, 1, 4, 5, 6, 7, 9, 10, 8, 11], [3, 2, 1, 5, 4, 6, 9, 8, 7, 10, 11], [3, 2, 1, 5, 4, 6, 9, 7, 8, 10, 11], [3, 2, 1, 5, 4, 6, 9, 7, 10, 8, 11], [3, 2, 1, 5, 4, 6, 7, 9, 8, 10, 11], [3, 2, 1, 5, 4, 6, 7, 9, 10, 8, 11]]
Distance: 35
B = 
{(2, 1, 3, 6, 11, 4, 5, 7, 8, 9, 10), (3, 2, 7, 1, 5, 4, 6, 9, 10, 11, 8), (2, 4, 3, 8, 1, 6, 11, 5, 10, 9, 7), (1, 3, 2, 4, 6, 7, 9, 10, 5, 8, 11)}
M(B) = 
[[1, 3, 2, 4, 5, 6, 9, 8, 7, 10, 11], [1, 3, 2, 4, 5, 6, 9, 7, 8, 10, 11], [1, 3, 2, 4, 5, 6, 9, 7, 10, 8, 11], [1, 3, 2, 4, 5, 6, 7, 9, 8, 10, 11], [1, 3, 2, 4, 5, 6, 7, 9, 10, 8, 11], [1, 3, 2, 5, 4, 6, 9, 8, 7, 10, 11], [1, 3, 2, 5, 4, 6, 9, 7, 8, 10, 11], [1, 3, 2, 5, 4, 6, 9, 7, 10, 8, 11], [1, 3, 2, 5, 4, 6, 7, 9, 8, 10, 11], [1, 3, 2, 5, 4, 6, 7, 9, 10, 8, 11], [3, 1, 2, 4, 5, 6, 9, 8, 7, 10, 11], [3, 1, 2, 4, 5, 6, 9, 7, 8, 10, 11], [3, 1, 2, 4, 5, 6, 9, 7, 10, 8, 11], [3, 1, 2, 4, 5, 6, 7, 9, 8, 10, 11], [3, 1, 2, 4, 5, 6, 7, 9, 10, 8, 11], [3, 1, 2, 5, 4, 6, 9, 8, 7, 10, 11], [3, 1, 2, 5, 4, 6, 9, 7, 8, 10, 11], [3, 1, 2, 5, 4, 6, 9, 7, 10, 8, 11], [3, 1, 2, 5, 4, 6, 7, 9, 8, 10, 11], [3, 1, 2, 5, 4, 6, 7, 9, 10, 8, 11], [3, 2, 1, 4, 5, 6, 9, 8, 7, 10, 11], [3, 2, 1, 4, 5, 6, 9, 7, 8, 10, 11], [3, 2, 1, 4, 5, 6, 9, 7, 10, 8, 11], [3, 2, 1, 4, 5, 6, 7, 9, 8, 10, 11], [3, 2, 1, 4, 5, 6, 7, 9, 10, 8, 11], [3, 2, 1, 5, 4, 6, 9, 8, 7, 10, 11], [3, 2, 1, 5, 4, 6, 9, 7, 8, 10, 11], [3, 2, 1, 5, 4, 6, 9, 7, 10, 8, 11], [3, 2, 1, 5, 4, 6, 7, 9, 8, 10, 11], [3, 2, 1, 5, 4, 6, 7, 9, 10, 8, 11]]
Distance: 39
M(A) inter A:
set()
M(B) inter B:
set()

AUB = 
{(4, 5, 3, 1, 2, 9, 7, 6, 11, 10, 8), (2, 1, 10, 3, 5, 4, 9, 6, 8, 11, 7), (2, 1, 3, 6, 11, 4, 5, 7, 8, 9, 10), (3, 2, 7, 1, 5, 4, 6, 9, 10, 11, 8), (1, 3, 2, 4, 6, 7, 9, 10, 5, 8, 11), (1, 5, 3, 6, 2, 4, 9, 8, 10, 11, 7), (2, 4, 3, 8, 1, 6, 11, 5, 10, 9, 7), (3, 1, 2, 5, 4, 6, 8, 7, 10, 9, 11)}
M(AUB) = 
[[1, 3, 2, 4, 5, 6, 9, 8, 7, 10, 11], [1, 3, 2, 4, 5, 6, 9, 7, 8, 10, 11], [1, 3, 2, 4, 5, 6, 9, 7, 10, 8, 11], [1, 3, 2, 4, 5, 6, 7, 9, 8, 10, 11], [1, 3, 2, 4, 5, 6, 7, 9, 10, 8, 11], [1, 3, 2, 5, 4, 6, 9, 8, 7, 10, 11], [1, 3, 2, 5, 4, 6, 9, 7, 8, 10, 11], [1, 3, 2, 5, 4, 6, 9, 7, 10, 8, 11], [1, 3, 2, 5, 4, 6, 7, 9, 8, 10, 11], [1, 3, 2, 5, 4, 6, 7, 9, 10, 8, 11], [3, 1, 2, 4, 5, 6, 9, 8, 7, 10, 11], [3, 1, 2, 4, 5, 6, 9, 7, 8, 10, 11], [3, 1, 2, 4, 5, 6, 9, 7, 10, 8, 11], [3, 1, 2, 4, 5, 6, 7, 9, 8, 10, 11], [3, 1, 2, 4, 5, 6, 7, 9, 10, 8, 11], [3, 1, 2, 5, 4, 6, 9, 8, 7, 10, 11], [3, 1, 2, 5, 4, 6, 9, 7, 8, 10, 11], [3, 1, 2, 5, 4, 6, 9, 7, 10, 8, 11], [3, 1, 2, 5, 4, 6, 7, 9, 8, 10, 11], [3, 1, 2, 5, 4, 6, 7, 9, 10, 8, 11], [3, 2, 1, 4, 5, 6, 9, 8, 7, 10, 11], [3, 2, 1, 4, 5, 6, 9, 7, 8, 10, 11], [3, 2, 1, 4, 5, 6, 9, 7, 10, 8, 11], [3, 2, 1, 4, 5, 6, 7, 9, 8, 10, 11], [3, 2, 1, 4, 5, 6, 7, 9, 10, 8, 11], [3, 2, 1, 5, 4, 6, 9, 8, 7, 10, 11], [3, 2, 1, 5, 4, 6, 9, 7, 8, 10, 11], [3, 2, 1, 5, 4, 6, 9, 7, 10, 8, 11], [3, 2, 1, 5, 4, 6, 7, 9, 8, 10, 11], [3, 2, 1, 5, 4, 6, 7, 9, 10, 8, 11]]
Distance:84

(41)
A = 
{(3, 1, 6, 2, 4, 5, 8, 7, 9, 10, 11), (2, 1, 3, 6, 5, 4, 7, 8, 10, 11, 9), (3, 1, 4, 2, 6, 5, 7, 8, 11, 9, 10), (1, 2, 3, 4, 5, 9, 6, 7, 8, 11, 10)}
M(A) = 
[[1, 2, 3, 4, 5, 6, 7, 8, 9, 10, 11], [1, 2, 3, 4, 5, 6, 7, 8, 9, 11, 10], [1, 2, 3, 4, 6, 5, 7, 8, 9, 10, 11], [1, 2, 3, 4, 6, 5, 7, 8, 9, 11, 10], [1, 3, 2, 4, 5, 6, 7, 8, 9, 10, 11], [1, 3, 2, 4, 5, 6, 7, 8, 9, 11, 10], [1, 3, 2, 4, 6, 5, 7, 8, 9, 10, 11], [1, 3, 2, 4, 6, 5, 7, 8, 9, 11, 10]]
Distance: 20
B = 
{(1, 3, 4, 6, 5, 2, 7, 9, 8, 10, 11), (3, 5, 1, 7, 6, 2, 9, 8, 11, 4, 10), (1, 2, 4, 3, 5, 6, 8, 7, 11, 10, 9), (2, 1, 5, 3, 4, 6, 7, 8, 9, 10, 11)}
M(B) = 
[[1, 2, 3, 4, 5, 6, 7, 8, 9, 10, 11], [1, 2, 3, 4, 5, 6, 7, 8, 9, 11, 10], [1, 2, 3, 4, 6, 5, 7, 8, 9, 10, 11], [1, 2, 3, 4, 6, 5, 7, 8, 9, 11, 10], [1, 3, 2, 4, 5, 6, 7, 8, 9, 10, 11], [1, 3, 2, 4, 5, 6, 7, 8, 9, 11, 10], [1, 3, 2, 4, 6, 5, 7, 8, 9, 10, 11], [1, 3, 2, 4, 6, 5, 7, 8, 9, 11, 10]]
Distance: 29
M(A) inter A:
set()
M(B) inter B:
set()

AUB = 
{(3, 1, 6, 2, 4, 5, 8, 7, 9, 10, 11), (2, 1, 3, 6, 5, 4, 7, 8, 10, 11, 9), (1, 2, 4, 3, 5, 6, 8, 7, 11, 10, 9), (2, 1, 5, 3, 4, 6, 7, 8, 9, 10, 11), (3, 5, 1, 7, 6, 2, 9, 8, 11, 4, 10), (3, 1, 4, 2, 6, 5, 7, 8, 11, 9, 10), (1, 2, 3, 4, 5, 9, 6, 7, 8, 11, 10), (1, 3, 4, 6, 5, 2, 7, 9, 8, 10, 11)}
M(AUB) = 
[[1, 2, 3, 4, 5, 6, 7, 8, 9, 10, 11], [1, 2, 3, 4, 5, 6, 7, 8, 9, 11, 10], [1, 2, 3, 4, 6, 5, 7, 8, 9, 10, 11], [1, 2, 3, 4, 6, 5, 7, 8, 9, 11, 10], [1, 3, 2, 4, 5, 6, 7, 8, 9, 10, 11], [1, 3, 2, 4, 5, 6, 7, 8, 9, 11, 10], [1, 3, 2, 4, 6, 5, 7, 8, 9, 10, 11], [1, 3, 2, 4, 6, 5, 7, 8, 9, 11, 10]]
Distance:51

(42)
A = 
{(2, 1, 3, 4, 6, 5, 7, 9, 11, 10, 8), (2, 4, 1, 6, 5, 3, 8, 7, 10, 9, 11), (4, 3, 2, 5, 1, 7, 11, 8, 9, 10, 6), (5, 1, 2, 4, 3, 6, 8, 11, 9, 7, 10)}
M(A) = 
[[1, 2, 4, 3, 5, 6, 7, 8, 9, 11, 10], [1, 2, 4, 3, 5, 6, 7, 9, 8, 11, 10], [1, 2, 4, 3, 5, 6, 7, 9, 11, 8, 10], [1, 2, 4, 5, 3, 6, 7, 8, 9, 11, 10], [1, 2, 4, 5, 3, 6, 7, 9, 8, 11, 10], [1, 2, 4, 5, 3, 6, 7, 9, 11, 8, 10], [2, 1, 4, 3, 5, 6, 7, 8, 9, 11, 10], [2, 1, 4, 3, 5, 6, 7, 9, 8, 11, 10], [2, 1, 4, 3, 5, 6, 7, 9, 11, 8, 10], [2, 1, 4, 5, 3, 6, 7, 8, 9, 11, 10], [2, 1, 4, 5, 3, 6, 7, 9, 8, 11, 10], [2, 1, 4, 5, 3, 6, 7, 9, 11, 8, 10]]
Distance: 33
B = 
{(4, 1, 3, 2, 6, 7, 9, 5, 11, 10, 8), (2, 9, 5, 1, 6, 4, 11, 3, 8, 7, 10), (1, 4, 3, 2, 5, 6, 9, 7, 10, 8, 11), (5, 1, 2, 3, 4, 6, 7, 8, 10, 11, 9)}
M(B) = 
[[1, 2, 4, 3, 5, 6, 7, 8, 9, 11, 10], [1, 2, 4, 3, 5, 6, 7, 9, 8, 11, 10], [1, 2, 4, 3, 5, 6, 7, 9, 11, 8, 10], [1, 2, 4, 5, 3, 6, 7, 8, 9, 11, 10], [1, 2, 4, 5, 3, 6, 7, 9, 8, 11, 10], [1, 2, 4, 5, 3, 6, 7, 9, 11, 8, 10], [2, 1, 4, 3, 5, 6, 7, 8, 9, 11, 10], [2, 1, 4, 3, 5, 6, 7, 9, 8, 11, 10], [2, 1, 4, 3, 5, 6, 7, 9, 11, 8, 10], [2, 1, 4, 5, 3, 6, 7, 8, 9, 11, 10], [2, 1, 4, 5, 3, 6, 7, 9, 8, 11, 10], [2, 1, 4, 5, 3, 6, 7, 9, 11, 8, 10]]
Distance: 38
M(A) inter A:
set()
M(B) inter B:
{(1, 4, 3, 2, 5, 6, 9, 7, 10, 8, 11)}

AUB = 
{(2, 1, 3, 4, 6, 5, 7, 9, 11, 10, 8), (2, 4, 1, 6, 5, 3, 8, 7, 10, 9, 11), (4, 1, 3, 2, 6, 7, 9, 5, 11, 10, 8), (2, 9, 5, 1, 6, 4, 11, 3, 8, 7, 10), (5, 1, 2, 4, 3, 6, 8, 11, 9, 7, 10), (1, 4, 3, 2, 5, 6, 9, 7, 10, 8, 11), (4, 3, 2, 5, 1, 7, 11, 8, 9, 10, 6), (5, 1, 2, 3, 4, 6, 7, 8, 10, 11, 9)}
M(AUB) = 
[[1, 2, 4, 3, 5, 6, 7, 8, 9, 11, 10], [1, 2, 4, 3, 5, 6, 7, 9, 8, 11, 10], [1, 2, 4, 3, 5, 6, 7, 9, 11, 8, 10], [1, 2, 4, 5, 3, 6, 7, 8, 9, 11, 10], [1, 2, 4, 5, 3, 6, 7, 9, 8, 11, 10], [1, 2, 4, 5, 3, 6, 7, 9, 11, 8, 10], [2, 1, 4, 3, 5, 6, 7, 8, 9, 11, 10], [2, 1, 4, 3, 5, 6, 7, 9, 8, 11, 10], [2, 1, 4, 3, 5, 6, 7, 9, 11, 8, 10], [2, 1, 4, 5, 3, 6, 7, 8, 9, 11, 10], [2, 1, 4, 5, 3, 6, 7, 9, 8, 11, 10], [2, 1, 4, 5, 3, 6, 7, 9, 11, 8, 10]]
Distance:75

(43)
A = 
{(1, 3, 2, 5, 4, 10, 7, 6, 8, 9, 11), (4, 2, 6, 3, 7, 1, 5, 10, 8, 9, 11), (1, 3, 2, 5, 4, 7, 10, 8, 6, 9, 11), (1, 2, 3, 4, 6, 5, 7, 8, 9, 11, 10)}
M(A) = 
[[1, 2, 3, 4, 5, 6, 7, 10, 8, 9, 11], [1, 2, 3, 4, 5, 7, 6, 10, 8, 9, 11]]
Distance: 24
B = 
{(1, 2, 3, 4, 5, 6, 8, 7, 9, 10, 11), (1, 2, 4, 3, 5, 6, 7, 10, 8, 9, 11), (1, 2, 9, 3, 4, 5, 7, 6, 10, 8, 11), (1, 3, 2, 5, 7, 4, 6, 8, 10, 11, 9)}
M(B) = 
[[1, 2, 3, 4, 5, 6, 7, 10, 8, 9, 11], [1, 2, 3, 4, 5, 7, 6, 10, 8, 9, 11]]
Distance: 18
M(A) inter A:
set()
M(B) inter B:
set()

AUB = 
{(1, 2, 3, 4, 5, 6, 8, 7, 9, 10, 11), (1, 2, 9, 3, 4, 5, 7, 6, 10, 8, 11), (1, 2, 3, 4, 6, 5, 7, 8, 9, 11, 10), (4, 2, 6, 3, 7, 1, 5, 10, 8, 9, 11), (1, 2, 4, 3, 5, 6, 7, 10, 8, 9, 11), (1, 3, 2, 5, 7, 4, 6, 8, 10, 11, 9), (1, 3, 2, 5, 4, 7, 10, 8, 6, 9, 11), (1, 3, 2, 5, 4, 10, 7, 6, 8, 9, 11)}
M(AUB) = 
[[1, 2, 3, 4, 5, 6, 7, 10, 8, 9, 11], [1, 2, 3, 4, 5, 7, 6, 10, 8, 9, 11]]
Distance:42

(44)
A = 
{(2, 1, 4, 3, 5, 6, 7, 8, 9, 11, 10), (4, 1, 3, 6, 2, 7, 9, 8, 11, 10, 5), (2, 4, 5, 8, 3, 6, 9, 1, 11, 7, 10), (2, 1, 3, 5, 4, 7, 9, 11, 10, 8, 6)}
M(A) = 
[[2, 1, 3, 4, 5, 6, 7, 8, 9, 11, 10], [2, 1, 3, 4, 5, 7, 6, 8, 9, 11, 10], [2, 1, 4, 3, 5, 6, 7, 8, 9, 11, 10], [2, 1, 4, 3, 5, 7, 6, 8, 9, 11, 10]]
Distance: 34
B = 
{(1, 2, 3, 4, 5, 6, 7, 8, 9, 10, 11), (1, 2, 3, 4, 5, 7, 6, 8, 11, 10, 9), (3, 5, 2, 1, 7, 4, 9, 6, 8, 10, 11), (2, 1, 4, 3, 5, 7, 6, 8, 9, 10, 11)}
M(B) = 
[[2, 1, 3, 4, 5, 6, 7, 8, 9, 11, 10], [2, 1, 3, 4, 5, 7, 6, 8, 9, 11, 10], [2, 1, 4, 3, 5, 6, 7, 8, 9, 11, 10], [2, 1, 4, 3, 5, 7, 6, 8, 9, 11, 10]]
Distance: 15
M(A) inter A:
set()
M(B) inter B:
set()

AUB = 
{(2, 1, 4, 3, 5, 7, 6, 8, 9, 10, 11), (2, 1, 4, 3, 5, 6, 7, 8, 9, 11, 10), (3, 5, 2, 1, 7, 4, 9, 6, 8, 10, 11), (2, 4, 5, 8, 3, 6, 9, 1, 11, 7, 10), (1, 2, 3, 4, 5, 7, 6, 8, 11, 10, 9), (1, 2, 3, 4, 5, 6, 7, 8, 9, 10, 11), (4, 1, 3, 6, 2, 7, 9, 8, 11, 10, 5), (2, 1, 3, 5, 4, 7, 9, 11, 10, 8, 6)}
M(AUB) = 
[[2, 1, 3, 4, 5, 6, 7, 8, 9, 11, 10], [2, 1, 3, 4, 5, 7, 6, 8, 9, 11, 10], [2, 1, 4, 3, 5, 6, 7, 8, 9, 11, 10], [2, 1, 4, 3, 5, 7, 6, 8, 9, 11, 10]]
Distance:55

(45)
A = 
{(1, 4, 3, 2, 7, 6, 5, 11, 9, 10, 8), (2, 3, 1, 4, 5, 6, 7, 8, 10, 11, 9), (1, 6, 3, 5, 4, 10, 7, 2, 8, 9, 11), (3, 2, 7, 8, 1, 4, 9, 6, 5, 11, 10)}
M(A) = 
[[3, 1, 2, 4, 5, 6, 7, 8, 9, 10, 11], [3, 1, 2, 4, 5, 6, 7, 8, 9, 11, 10], [3, 1, 2, 4, 5, 6, 7, 8, 11, 9, 10], [3, 1, 4, 2, 5, 6, 7, 8, 9, 10, 11], [3, 1, 4, 2, 5, 6, 7, 8, 9, 11, 10], [3, 1, 4, 2, 5, 6, 7, 8, 11, 9, 10]]
Distance: 39
B = 
{(3, 1, 4, 5, 2, 6, 9, 7, 10, 8, 11), (2, 3, 1, 4, 5, 6, 11, 7, 9, 10, 8), (1, 3, 5, 8, 4, 6, 9, 7, 2, 10, 11), (3, 1, 2, 5, 8, 6, 4, 11, 9, 7, 10)}
M(B) = 
[[3, 1, 2, 4, 5, 6, 7, 8, 9, 10, 11], [3, 1, 2, 4, 5, 6, 7, 8, 9, 11, 10], [3, 1, 2, 4, 5, 6, 7, 8, 11, 9, 10], [3, 1, 4, 2, 5, 6, 7, 8, 9, 10, 11], [3, 1, 4, 2, 5, 6, 7, 8, 9, 11, 10], [3, 1, 4, 2, 5, 6, 7, 8, 11, 9, 10]]
Distance: 32
M(A) inter A:
set()
M(B) inter B:
{(3, 1, 4, 5, 2, 6, 9, 7, 10, 8, 11)}

AUB = 
{(3, 1, 4, 5, 2, 6, 9, 7, 10, 8, 11), (1, 3, 5, 8, 4, 6, 9, 7, 2, 10, 11), (3, 1, 2, 5, 8, 6, 4, 11, 9, 7, 10), (2, 3, 1, 4, 5, 6, 11, 7, 9, 10, 8), (1, 4, 3, 2, 7, 6, 5, 11, 9, 10, 8), (2, 3, 1, 4, 5, 6, 7, 8, 10, 11, 9), (1, 6, 3, 5, 4, 10, 7, 2, 8, 9, 11), (3, 2, 7, 8, 1, 4, 9, 6, 5, 11, 10)}
M(AUB) = 
[[3, 1, 2, 4, 5, 6, 7, 8, 9, 10, 11], [3, 1, 2, 4, 5, 6, 7, 8, 9, 11, 10], [3, 1, 2, 4, 5, 6, 7, 8, 11, 9, 10], [3, 1, 4, 2, 5, 6, 7, 8, 9, 10, 11], [3, 1, 4, 2, 5, 6, 7, 8, 9, 11, 10], [3, 1, 4, 2, 5, 6, 7, 8, 11, 9, 10]]
Distance:75

(46)
A = 
{(1, 2, 4, 3, 7, 5, 10, 8, 9, 11, 6), (3, 1, 2, 4, 6, 8, 5, 7, 9, 10, 11), (1, 2, 3, 4, 5, 6, 7, 8, 9, 11, 10), (1, 4, 2, 5, 8, 7, 3, 6, 9, 11, 10)}
M(A) = 
[[1, 2, 3, 4, 5, 6, 8, 7, 9, 10, 11], [1, 2, 3, 4, 5, 6, 7, 8, 9, 10, 11]]
Distance: 24
B = 
{(2, 1, 3, 4, 6, 7, 5, 10, 9, 11, 8), (1, 3, 2, 5, 6, 4, 8, 10, 11, 7, 9), (1, 2, 3, 5, 9, 4, 7, 8, 11, 10, 6), (1, 2, 3, 4, 6, 8, 5, 7, 9, 10, 11)}
M(B) = 
[[1, 2, 3, 4, 5, 6, 8, 7, 9, 10, 11], [1, 2, 3, 4, 5, 6, 7, 8, 9, 10, 11]]
Distance: 28
M(A) inter A:
set()
M(B) inter B:
set()

AUB = 
{(1, 2, 4, 3, 7, 5, 10, 8, 9, 11, 6), (1, 2, 3, 4, 6, 8, 5, 7, 9, 10, 11), (1, 3, 2, 5, 6, 4, 8, 10, 11, 7, 9), (1, 2, 3, 5, 9, 4, 7, 8, 11, 10, 6), (2, 1, 3, 4, 6, 7, 5, 10, 9, 11, 8), (1, 2, 3, 4, 5, 6, 7, 8, 9, 11, 10), (3, 1, 2, 4, 6, 8, 5, 7, 9, 10, 11), (1, 4, 2, 5, 8, 7, 3, 6, 9, 11, 10)}
M(AUB) = 
[[1, 2, 3, 4, 5, 6, 8, 7, 9, 10, 11], [1, 2, 3, 4, 5, 6, 7, 8, 9, 10, 11]]
Distance:52

(47)
A = 
{(1, 3, 2, 4, 5, 8, 7, 9, 6, 11, 10), (2, 3, 1, 6, 8, 4, 11, 10, 5, 9, 7), (3, 1, 4, 7, 2, 5, 11, 9, 8, 6, 10), (1, 5, 2, 4, 7, 8, 3, 6, 10, 11, 9)}
M(A) = 
[[1, 2, 3, 4, 5, 6, 8, 7, 11, 9, 10], [1, 2, 3, 4, 5, 6, 7, 8, 11, 9, 10], [1, 2, 3, 4, 5, 7, 6, 8, 11, 9, 10]]
Distance: 36
B = 
{(1, 2, 3, 4, 6, 9, 5, 10, 11, 8, 7), (1, 2, 3, 5, 4, 7, 6, 11, 8, 9, 10), (1, 2, 3, 4, 6, 8, 5, 7, 11, 9, 10), (1, 2, 3, 5, 4, 6, 7, 8, 10, 9, 11)}
M(B) = 
[[1, 2, 3, 4, 5, 6, 8, 7, 11, 9, 10], [1, 2, 3, 4, 5, 6, 7, 8, 11, 9, 10], [1, 2, 3, 4, 5, 7, 6, 8, 11, 9, 10]]
Distance: 21
M(A) inter A:
set()
M(B) inter B:
set()

AUB = 
{(1, 2, 3, 4, 6, 8, 5, 7, 11, 9, 10), (1, 3, 2, 4, 5, 8, 7, 9, 6, 11, 10), (1, 2, 3, 5, 4, 7, 6, 11, 8, 9, 10), (1, 2, 3, 4, 6, 9, 5, 10, 11, 8, 7), (3, 1, 4, 7, 2, 5, 11, 9, 8, 6, 10), (1, 5, 2, 4, 7, 8, 3, 6, 10, 11, 9), (1, 2, 3, 5, 4, 6, 7, 8, 10, 9, 11), (2, 3, 1, 6, 8, 4, 11, 10, 5, 9, 7)}
M(AUB) = 
[[1, 2, 3, 4, 5, 6, 8, 7, 11, 9, 10], [1, 2, 3, 4, 5, 6, 7, 8, 11, 9, 10], [1, 2, 3, 4, 5, 7, 6, 8, 11, 9, 10]]
Distance:61

(48)
A = 
{(4, 1, 2, 3, 5, 7, 6, 8, 9, 11, 10), (2, 1, 8, 4, 5, 7, 9, 3, 6, 10, 11), (2, 1, 3, 4, 7, 6, 5, 8, 9, 10, 11), (1, 4, 3, 5, 2, 6, 7, 8, 9, 10, 11)}
M(A) = 
[[2, 1, 3, 4, 5, 7, 6, 8, 9, 10, 11], [2, 1, 4, 3, 5, 7, 6, 8, 9, 10, 11]]
Distance: 21
B = 
{(7, 2, 1, 3, 10, 6, 9, 8, 5, 4, 11), (3, 2, 5, 1, 4, 6, 9, 7, 8, 11, 10), (4, 2, 6, 3, 5, 8, 1, 7, 11, 9, 10), (3, 1, 7, 6, 5, 2, 8, 10, 11, 9, 4)}
M(B) = 
[[2, 1, 3, 4, 5, 7, 6, 8, 9, 10, 11], [2, 1, 4, 3, 5, 7, 6, 8, 9, 10, 11]]
Distance: 50
M(A) inter A:
set()
M(B) inter B:
set()

AUB = 
{(3, 2, 5, 1, 4, 6, 9, 7, 8, 11, 10), (2, 1, 8, 4, 5, 7, 9, 3, 6, 10, 11), (1, 4, 3, 5, 2, 6, 7, 8, 9, 10, 11), (4, 1, 2, 3, 5, 7, 6, 8, 9, 11, 10), (2, 1, 3, 4, 7, 6, 5, 8, 9, 10, 11), (7, 2, 1, 3, 10, 6, 9, 8, 5, 4, 11), (3, 1, 7, 6, 5, 2, 8, 10, 11, 9, 4), (4, 2, 6, 3, 5, 8, 1, 7, 11, 9, 10)}
M(AUB) = 
[[2, 1, 3, 4, 5, 7, 6, 8, 9, 10, 11], [2, 1, 4, 3, 5, 7, 6, 8, 9, 10, 11]]
Distance:79

(49)
A = 
{(1, 4, 2, 7, 3, 8, 10, 6, 11, 5, 9), (2, 3, 1, 6, 5, 4, 10, 7, 9, 8, 11), (1, 3, 2, 6, 8, 5, 4, 10, 9, 7, 11), (1, 2, 3, 4, 5, 6, 7, 8, 10, 9, 11)}
M(A) = 
[[1, 2, 3, 4, 5, 6, 7, 8, 9, 10, 11], [1, 2, 3, 4, 5, 6, 7, 8, 10, 9, 11], [1, 2, 3, 4, 6, 5, 7, 8, 9, 10, 11], [1, 2, 3, 4, 6, 5, 7, 8, 10, 9, 11], [1, 2, 3, 6, 4, 5, 7, 8, 9, 10, 11], [1, 2, 3, 6, 4, 5, 7, 8, 10, 9, 11], [1, 3, 2, 4, 5, 6, 7, 8, 9, 10, 11], [1, 3, 2, 4, 5, 6, 7, 8, 10, 9, 11], [1, 3, 2, 4, 6, 5, 7, 8, 9, 10, 11], [1, 3, 2, 4, 6, 5, 7, 8, 10, 9, 11], [1, 3, 2, 6, 4, 5, 7, 8, 9, 10, 11], [1, 3, 2, 6, 4, 5, 7, 8, 10, 9, 11], [2, 1, 3, 4, 5, 6, 7, 8, 9, 10, 11], [2, 1, 3, 4, 5, 6, 7, 8, 10, 9, 11], [2, 1, 3, 4, 6, 5, 7, 8, 9, 10, 11], [2, 1, 3, 4, 6, 5, 7, 8, 10, 9, 11], [2, 1, 3, 6, 4, 5, 7, 8, 9, 10, 11], [2, 1, 3, 6, 4, 5, 7, 8, 10, 9, 11], [2, 3, 1, 4, 5, 6, 7, 8, 9, 10, 11], [2, 3, 1, 4, 5, 6, 7, 8, 10, 9, 11], [2, 3, 1, 4, 6, 5, 7, 8, 9, 10, 11], [2, 3, 1, 4, 6, 5, 7, 8, 10, 9, 11], [2, 3, 1, 6, 4, 5, 7, 8, 9, 10, 11], [2, 3, 1, 6, 4, 5, 7, 8, 10, 9, 11], [3, 1, 2, 4, 5, 6, 7, 8, 9, 10, 11], [3, 1, 2, 4, 5, 6, 7, 8, 10, 9, 11], [3, 1, 2, 4, 6, 5, 7, 8, 9, 10, 11], [3, 1, 2, 4, 6, 5, 7, 8, 10, 9, 11], [3, 1, 2, 6, 4, 5, 7, 8, 9, 10, 11], [3, 1, 2, 6, 4, 5, 7, 8, 10, 9, 11], [3, 2, 1, 4, 5, 6, 7, 8, 9, 10, 11], [3, 2, 1, 4, 5, 6, 7, 8, 10, 9, 11], [3, 2, 1, 4, 6, 5, 7, 8, 9, 10, 11], [3, 2, 1, 4, 6, 5, 7, 8, 10, 9, 11], [3, 2, 1, 6, 4, 5, 7, 8, 9, 10, 11], [3, 2, 1, 6, 4, 5, 7, 8, 10, 9, 11]]
Distance: 27
B = 
{(3, 2, 7, 1, 5, 6, 9, 4, 11, 10, 8), (3, 2, 7, 4, 1, 5, 8, 9, 6, 11, 10), (4, 5, 3, 8, 6, 2, 1, 7, 9, 10, 11), (1, 6, 2, 4, 3, 9, 5, 7, 10, 11, 8)}
M(B) = 
[[1, 2, 3, 4, 5, 6, 7, 8, 9, 10, 11], [1, 2, 3, 4, 5, 6, 7, 8, 10, 9, 11], [1, 2, 3, 4, 6, 5, 7, 8, 9, 10, 11], [1, 2, 3, 4, 6, 5, 7, 8, 10, 9, 11], [1, 2, 3, 6, 4, 5, 7, 8, 9, 10, 11], [1, 2, 3, 6, 4, 5, 7, 8, 10, 9, 11], [1, 3, 2, 4, 5, 6, 7, 8, 9, 10, 11], [1, 3, 2, 4, 5, 6, 7, 8, 10, 9, 11], [1, 3, 2, 4, 6, 5, 7, 8, 9, 10, 11], [1, 3, 2, 4, 6, 5, 7, 8, 10, 9, 11], [1, 3, 2, 6, 4, 5, 7, 8, 9, 10, 11], [1, 3, 2, 6, 4, 5, 7, 8, 10, 9, 11], [2, 1, 3, 4, 5, 6, 7, 8, 9, 10, 11], [2, 1, 3, 4, 5, 6, 7, 8, 10, 9, 11], [2, 1, 3, 4, 6, 5, 7, 8, 9, 10, 11], [2, 1, 3, 4, 6, 5, 7, 8, 10, 9, 11], [2, 1, 3, 6, 4, 5, 7, 8, 9, 10, 11], [2, 1, 3, 6, 4, 5, 7, 8, 10, 9, 11], [2, 3, 1, 4, 5, 6, 7, 8, 9, 10, 11], [2, 3, 1, 4, 5, 6, 7, 8, 10, 9, 11], [2, 3, 1, 4, 6, 5, 7, 8, 9, 10, 11], [2, 3, 1, 4, 6, 5, 7, 8, 10, 9, 11], [2, 3, 1, 6, 4, 5, 7, 8, 9, 10, 11], [2, 3, 1, 6, 4, 5, 7, 8, 10, 9, 11], [3, 1, 2, 4, 5, 6, 7, 8, 9, 10, 11], [3, 1, 2, 4, 5, 6, 7, 8, 10, 9, 11], [3, 1, 2, 4, 6, 5, 7, 8, 9, 10, 11], [3, 1, 2, 4, 6, 5, 7, 8, 10, 9, 11], [3, 1, 2, 6, 4, 5, 7, 8, 9, 10, 11], [3, 1, 2, 6, 4, 5, 7, 8, 10, 9, 11], [3, 2, 1, 4, 5, 6, 7, 8, 9, 10, 11], [3, 2, 1, 4, 5, 6, 7, 8, 10, 9, 11], [3, 2, 1, 4, 6, 5, 7, 8, 9, 10, 11], [3, 2, 1, 4, 6, 5, 7, 8, 10, 9, 11], [3, 2, 1, 6, 4, 5, 7, 8, 9, 10, 11], [3, 2, 1, 6, 4, 5, 7, 8, 10, 9, 11]]
Distance: 44
M(A) inter A:
set()
M(B) inter B:
set()

AUB = 
{(1, 3, 2, 6, 8, 5, 4, 10, 9, 7, 11), (4, 5, 3, 8, 6, 2, 1, 7, 9, 10, 11), (2, 3, 1, 6, 5, 4, 10, 7, 9, 8, 11), (3, 2, 7, 4, 1, 5, 8, 9, 6, 11, 10), (3, 2, 7, 1, 5, 6, 9, 4, 11, 10, 8), (1, 4, 2, 7, 3, 8, 10, 6, 11, 5, 9), (1, 6, 2, 4, 3, 9, 5, 7, 10, 11, 8), (1, 2, 3, 4, 5, 6, 7, 8, 10, 9, 11)}
M(AUB) = 
[[1, 2, 3, 4, 5, 6, 7, 8, 9, 10, 11], [1, 2, 3, 4, 5, 6, 7, 8, 10, 9, 11], [1, 2, 3, 4, 6, 5, 7, 8, 9, 10, 11], [1, 2, 3, 4, 6, 5, 7, 8, 10, 9, 11], [1, 2, 3, 6, 4, 5, 7, 8, 9, 10, 11], [1, 2, 3, 6, 4, 5, 7, 8, 10, 9, 11], [1, 3, 2, 4, 5, 6, 7, 8, 9, 10, 11], [1, 3, 2, 4, 5, 6, 7, 8, 10, 9, 11], [1, 3, 2, 4, 6, 5, 7, 8, 9, 10, 11], [1, 3, 2, 4, 6, 5, 7, 8, 10, 9, 11], [1, 3, 2, 6, 4, 5, 7, 8, 9, 10, 11], [1, 3, 2, 6, 4, 5, 7, 8, 10, 9, 11], [2, 1, 3, 4, 5, 6, 7, 8, 9, 10, 11], [2, 1, 3, 4, 5, 6, 7, 8, 10, 9, 11], [2, 1, 3, 4, 6, 5, 7, 8, 9, 10, 11], [2, 1, 3, 4, 6, 5, 7, 8, 10, 9, 11], [2, 1, 3, 6, 4, 5, 7, 8, 9, 10, 11], [2, 1, 3, 6, 4, 5, 7, 8, 10, 9, 11], [2, 3, 1, 4, 5, 6, 7, 8, 9, 10, 11], [2, 3, 1, 4, 5, 6, 7, 8, 10, 9, 11], [2, 3, 1, 4, 6, 5, 7, 8, 9, 10, 11], [2, 3, 1, 4, 6, 5, 7, 8, 10, 9, 11], [2, 3, 1, 6, 4, 5, 7, 8, 9, 10, 11], [2, 3, 1, 6, 4, 5, 7, 8, 10, 9, 11], [3, 1, 2, 4, 5, 6, 7, 8, 9, 10, 11], [3, 1, 2, 4, 5, 6, 7, 8, 10, 9, 11], [3, 1, 2, 4, 6, 5, 7, 8, 9, 10, 11], [3, 1, 2, 4, 6, 5, 7, 8, 10, 9, 11], [3, 1, 2, 6, 4, 5, 7, 8, 9, 10, 11], [3, 1, 2, 6, 4, 5, 7, 8, 10, 9, 11], [3, 2, 1, 4, 5, 6, 7, 8, 9, 10, 11], [3, 2, 1, 4, 5, 6, 7, 8, 10, 9, 11], [3, 2, 1, 4, 6, 5, 7, 8, 9, 10, 11], [3, 2, 1, 4, 6, 5, 7, 8, 10, 9, 11], [3, 2, 1, 6, 4, 5, 7, 8, 9, 10, 11], [3, 2, 1, 6, 4, 5, 7, 8, 10, 9, 11]]
Distance:83

