(0)
A = 
{(2, 3, 6, 8, 5, 1, 9, 13, 10, 12, 7, 11, 4, 14), (2, 1, 3, 4, 7, 6, 5, 8, 9, 13, 10, 14, 11, 12), (1, 2, 6, 3, 4, 9, 7, 8, 5, 10, 11, 14, 12, 13), (3, 1, 2, 6, 5, 4, 7, 8, 9, 10, 11, 13, 12, 14), (1, 3, 2, 5, 4, 6, 8, 9, 10, 7, 12, 14, 11, 13), (2, 5, 1, 4, 3, 6, 8, 12, 11, 7, 10, 9, 13, 14)}
M(A) = 
[[1, 2, 3, 4, 6, 5, 7, 8, 9, 10, 11, 12, 13, 14], [2, 1, 3, 4, 6, 5, 7, 8, 9, 10, 11, 12, 13, 14]]
Distance: 68
B = 
{(1, 2, 4, 3, 5, 6, 7, 8, 9, 10, 11, 12, 13, 14), (2, 1, 3, 4, 5, 10, 6, 11, 7, 9, 8, 12, 13, 14), (4, 3, 1, 8, 7, 6, 10, 2, 9, 5, 14, 11, 13, 12), (2, 1, 4, 3, 7, 6, 5, 11, 8, 9, 12, 14, 10, 13), (1, 2, 3, 4, 5, 6, 7, 8, 9, 10, 11, 12, 13, 14), (2, 8, 1, 3, 6, 5, 4, 7, 10, 11, 12, 13, 9, 14)}
M(B) = 
[[1, 2, 3, 4, 6, 5, 7, 8, 9, 10, 11, 12, 13, 14], [2, 1, 3, 4, 6, 5, 7, 8, 9, 10, 11, 12, 13, 14]]
Distance: 57
M(A) inter A:
set()
M(B) inter B:
{(1, 2, 3, 4, 5, 6, 7, 8, 9, 10, 11, 12, 13, 14), (1, 2, 4, 3, 5, 6, 7, 8, 9, 10, 11, 12, 13, 14)}

AUB = 
{(2, 3, 6, 8, 5, 1, 9, 13, 10, 12, 7, 11, 4, 14), (2, 1, 3, 4, 7, 6, 5, 8, 9, 13, 10, 14, 11, 12), (1, 2, 4, 3, 5, 6, 7, 8, 9, 10, 11, 12, 13, 14), (1, 2, 6, 3, 4, 9, 7, 8, 5, 10, 11, 14, 12, 13), (3, 1, 2, 6, 5, 4, 7, 8, 9, 10, 11, 13, 12, 14), (1, 3, 2, 5, 4, 6, 8, 9, 10, 7, 12, 14, 11, 13), (2, 1, 3, 4, 5, 10, 6, 11, 7, 9, 8, 12, 13, 14), (4, 3, 1, 8, 7, 6, 10, 2, 9, 5, 14, 11, 13, 12), (2, 5, 1, 4, 3, 6, 8, 12, 11, 7, 10, 9, 13, 14), (2, 1, 4, 3, 7, 6, 5, 11, 8, 9, 12, 14, 10, 13), (1, 2, 3, 4, 5, 6, 7, 8, 9, 10, 11, 12, 13, 14), (2, 8, 1, 3, 6, 5, 4, 7, 10, 11, 12, 13, 9, 14)}
M(AUB) = 
[[1, 2, 3, 4, 6, 5, 7, 8, 9, 10, 11, 12, 13, 14], [2, 1, 3, 4, 6, 5, 7, 8, 9, 10, 11, 12, 13, 14]]
Distance:127

(1)
A = 
{(1, 2, 4, 3, 7, 5, 6, 11, 8, 9, 12, 14, 13, 10), (4, 2, 1, 3, 5, 6, 7, 9, 11, 8, 10, 12, 14, 13), (2, 3, 1, 5, 4, 6, 9, 8, 7, 14, 11, 10, 13, 12), (3, 1, 2, 6, 4, 5, 11, 8, 7, 9, 12, 14, 10, 13), (1, 3, 2, 4, 6, 5, 7, 9, 8, 10, 12, 13, 11, 14), (3, 1, 2, 4, 5, 7, 9, 8, 12, 6, 11, 14, 10, 13)}
M(A) = 
[[1, 2, 3, 4, 5, 6, 7, 9, 8, 11, 10, 12, 14, 13], [1, 3, 2, 4, 5, 6, 7, 9, 8, 11, 10, 12, 14, 13], [2, 1, 3, 4, 5, 6, 7, 9, 8, 11, 10, 12, 14, 13], [2, 3, 1, 4, 5, 6, 7, 9, 8, 11, 10, 12, 14, 13], [3, 1, 2, 4, 5, 6, 7, 9, 8, 11, 10, 12, 14, 13], [3, 2, 1, 4, 5, 6, 7, 9, 8, 11, 10, 12, 14, 13]]
Distance: 47
B = 
{(3, 2, 1, 8, 5, 6, 9, 11, 7, 12, 4, 14, 13, 10), (2, 3, 1, 4, 5, 6, 7, 9, 8, 11, 10, 13, 14, 12), (1, 4, 3, 2, 6, 8, 5, 7, 9, 12, 11, 10, 13, 14), (2, 1, 3, 6, 4, 7, 5, 9, 8, 10, 11, 12, 13, 14), (2, 3, 1, 5, 4, 7, 9, 11, 6, 10, 13, 12, 14, 8), (1, 3, 2, 7, 4, 5, 6, 9, 8, 11, 10, 12, 14, 13)}
M(B) = 
[[1, 2, 3, 4, 5, 6, 7, 9, 8, 11, 10, 12, 14, 13], [1, 3, 2, 4, 5, 6, 7, 9, 8, 11, 10, 12, 14, 13], [2, 1, 3, 4, 5, 6, 7, 9, 8, 11, 10, 12, 14, 13], [2, 3, 1, 4, 5, 6, 7, 9, 8, 11, 10, 12, 14, 13], [3, 1, 2, 4, 5, 6, 7, 9, 8, 11, 10, 12, 14, 13], [3, 2, 1, 4, 5, 6, 7, 9, 8, 11, 10, 12, 14, 13]]
Distance: 53
M(A) inter A:
set()
M(B) inter B:
set()

AUB = 
{(1, 2, 4, 3, 7, 5, 6, 11, 8, 9, 12, 14, 13, 10), (3, 2, 1, 8, 5, 6, 9, 11, 7, 12, 4, 14, 13, 10), (2, 3, 1, 4, 5, 6, 7, 9, 8, 11, 10, 13, 14, 12), (1, 4, 3, 2, 6, 8, 5, 7, 9, 12, 11, 10, 13, 14), (2, 1, 3, 6, 4, 7, 5, 9, 8, 10, 11, 12, 13, 14), (4, 2, 1, 3, 5, 6, 7, 9, 11, 8, 10, 12, 14, 13), (2, 3, 1, 5, 4, 6, 9, 8, 7, 14, 11, 10, 13, 12), (3, 1, 2, 6, 4, 5, 11, 8, 7, 9, 12, 14, 10, 13), (2, 3, 1, 5, 4, 7, 9, 11, 6, 10, 13, 12, 14, 8), (1, 3, 2, 7, 4, 5, 6, 9, 8, 11, 10, 12, 14, 13), (1, 3, 2, 4, 6, 5, 7, 9, 8, 10, 12, 13, 11, 14), (3, 1, 2, 4, 5, 7, 9, 8, 12, 6, 11, 14, 10, 13)}
M(AUB) = 
[[1, 2, 3, 4, 5, 6, 7, 9, 8, 11, 10, 12, 14, 13], [1, 3, 2, 4, 5, 6, 7, 9, 8, 11, 10, 12, 14, 13], [2, 1, 3, 4, 5, 6, 7, 9, 8, 11, 10, 12, 14, 13], [2, 3, 1, 4, 5, 6, 7, 9, 8, 11, 10, 12, 14, 13], [3, 1, 2, 4, 5, 6, 7, 9, 8, 11, 10, 12, 14, 13], [3, 2, 1, 4, 5, 6, 7, 9, 8, 11, 10, 12, 14, 13]]
Distance:106

(2)
A = 
{(1, 3, 2, 4, 5, 7, 6, 8, 11, 9, 10, 14, 12, 13), (4, 1, 2, 6, 3, 5, 9, 8, 7, 10, 11, 14, 13, 12), (1, 2, 3, 5, 4, 6, 7, 8, 9, 10, 11, 12, 13, 14), (1, 3, 2, 6, 5, 4, 9, 8, 11, 7, 10, 12, 13, 14), (4, 1, 9, 6, 2, 3, 5, 13, 11, 12, 7, 8, 10, 14), (1, 5, 2, 3, 7, 4, 6, 11, 10, 9, 13, 14, 8, 12)}
M(A) = 
[[1, 2, 3, 4, 5, 6, 7, 9, 8, 10, 11, 13, 14, 12], [1, 2, 3, 4, 5, 6, 9, 7, 8, 10, 11, 13, 14, 12]]
Distance: 61
B = 
{(3, 2, 4, 1, 8, 5, 7, 6, 14, 9, 10, 11, 12, 13), (2, 1, 4, 3, 5, 7, 8, 6, 10, 9, 12, 11, 13, 14), (1, 2, 9, 7, 3, 4, 5, 10, 6, 11, 8, 12, 14, 13), (1, 2, 3, 6, 4, 5, 9, 8, 10, 11, 7, 13, 14, 12), (1, 2, 6, 4, 3, 5, 7, 9, 8, 10, 11, 13, 14, 12), (3, 5, 1, 2, 6, 8, 9, 4, 14, 7, 13, 12, 11, 10)}
M(B) = 
[[1, 2, 3, 4, 5, 6, 7, 9, 8, 10, 11, 13, 14, 12], [1, 2, 3, 4, 5, 6, 9, 7, 8, 10, 11, 13, 14, 12]]
Distance: 68
M(A) inter A:
set()
M(B) inter B:
set()

AUB = 
{(1, 3, 2, 4, 5, 7, 6, 8, 11, 9, 10, 14, 12, 13), (4, 1, 2, 6, 3, 5, 9, 8, 7, 10, 11, 14, 13, 12), (3, 2, 4, 1, 8, 5, 7, 6, 14, 9, 10, 11, 12, 13), (2, 1, 4, 3, 5, 7, 8, 6, 10, 9, 12, 11, 13, 14), (1, 2, 9, 7, 3, 4, 5, 10, 6, 11, 8, 12, 14, 13), (1, 2, 3, 5, 4, 6, 7, 8, 9, 10, 11, 12, 13, 14), (1, 2, 3, 6, 4, 5, 9, 8, 10, 11, 7, 13, 14, 12), (1, 3, 2, 6, 5, 4, 9, 8, 11, 7, 10, 12, 13, 14), (4, 1, 9, 6, 2, 3, 5, 13, 11, 12, 7, 8, 10, 14), (1, 5, 2, 3, 7, 4, 6, 11, 10, 9, 13, 14, 8, 12), (1, 2, 6, 4, 3, 5, 7, 9, 8, 10, 11, 13, 14, 12), (3, 5, 1, 2, 6, 8, 9, 4, 14, 7, 13, 12, 11, 10)}
M(AUB) = 
[[1, 2, 3, 4, 5, 6, 7, 9, 8, 10, 11, 13, 14, 12], [1, 2, 3, 4, 5, 6, 9, 7, 8, 10, 11, 13, 14, 12]]
Distance:131

(3)
A = 
{(6, 2, 3, 4, 8, 1, 5, 9, 10, 12, 14, 13, 11, 7), (3, 4, 1, 2, 7, 6, 9, 8, 5, 10, 13, 11, 14, 12), (2, 1, 4, 3, 5, 6, 8, 9, 10, 7, 11, 14, 12, 13), (3, 2, 4, 6, 1, 7, 8, 5, 10, 9, 12, 14, 11, 13), (5, 1, 3, 4, 8, 6, 2, 7, 12, 10, 14, 11, 13, 9), (4, 3, 5, 2, 1, 8, 7, 9, 11, 6, 13, 10, 14, 12)}
M(A) = 
[[1, 2, 3, 4, 5, 6, 8, 7, 9, 10, 11, 12, 13, 14], [1, 2, 3, 4, 5, 6, 8, 7, 9, 10, 11, 12, 14, 13], [1, 3, 2, 4, 5, 6, 8, 7, 9, 10, 11, 12, 13, 14], [1, 3, 2, 4, 5, 6, 8, 7, 9, 10, 11, 12, 14, 13], [2, 1, 3, 4, 5, 6, 8, 7, 9, 10, 11, 12, 13, 14], [2, 1, 3, 4, 5, 6, 8, 7, 9, 10, 11, 12, 14, 13]]
Distance: 77
B = 
{(1, 2, 3, 4, 5, 6, 7, 8, 10, 9, 12, 11, 13, 14), (6, 4, 1, 2, 8, 3, 5, 7, 9, 11, 12, 10, 13, 14), (3, 1, 2, 4, 7, 8, 5, 6, 12, 9, 14, 10, 13, 11), (2, 1, 3, 4, 5, 6, 7, 9, 10, 11, 8, 14, 12, 13), (1, 3, 4, 2, 10, 5, 6, 8, 7, 9, 13, 11, 12, 14), (2, 1, 6, 4, 8, 5, 7, 13, 3, 10, 11, 9, 12, 14)}
M(B) = 
[[1, 2, 3, 4, 5, 6, 8, 7, 9, 10, 11, 12, 13, 14], [1, 2, 3, 4, 5, 6, 8, 7, 9, 10, 11, 12, 14, 13], [1, 3, 2, 4, 5, 6, 8, 7, 9, 10, 11, 12, 13, 14], [1, 3, 2, 4, 5, 6, 8, 7, 9, 10, 11, 12, 14, 13], [2, 1, 3, 4, 5, 6, 8, 7, 9, 10, 11, 12, 13, 14], [2, 1, 3, 4, 5, 6, 8, 7, 9, 10, 11, 12, 14, 13]]
Distance: 61
M(A) inter A:
set()
M(B) inter B:
set()

AUB = 
{(6, 2, 3, 4, 8, 1, 5, 9, 10, 12, 14, 13, 11, 7), (1, 2, 3, 4, 5, 6, 7, 8, 10, 9, 12, 11, 13, 14), (6, 4, 1, 2, 8, 3, 5, 7, 9, 11, 12, 10, 13, 14), (3, 1, 2, 4, 7, 8, 5, 6, 12, 9, 14, 10, 13, 11), (2, 1, 3, 4, 5, 6, 7, 9, 10, 11, 8, 14, 12, 13), (3, 4, 1, 2, 7, 6, 9, 8, 5, 10, 13, 11, 14, 12), (1, 3, 4, 2, 10, 5, 6, 8, 7, 9, 13, 11, 12, 14), (2, 1, 4, 3, 5, 6, 8, 9, 10, 7, 11, 14, 12, 13), (3, 2, 4, 6, 1, 7, 8, 5, 10, 9, 12, 14, 11, 13), (2, 1, 6, 4, 8, 5, 7, 13, 3, 10, 11, 9, 12, 14), (5, 1, 3, 4, 8, 6, 2, 7, 12, 10, 14, 11, 13, 9), (4, 3, 5, 2, 1, 8, 7, 9, 11, 6, 13, 10, 14, 12)}
M(AUB) = 
[[1, 2, 3, 4, 5, 6, 8, 7, 9, 10, 11, 12, 13, 14], [1, 2, 3, 4, 5, 6, 8, 7, 9, 10, 11, 12, 14, 13], [1, 3, 2, 4, 5, 6, 8, 7, 9, 10, 11, 12, 13, 14], [1, 3, 2, 4, 5, 6, 8, 7, 9, 10, 11, 12, 14, 13], [2, 1, 3, 4, 5, 6, 8, 7, 9, 10, 11, 12, 13, 14], [2, 1, 3, 4, 5, 6, 8, 7, 9, 10, 11, 12, 14, 13]]
Distance:148

(4)
A = 
{(2, 1, 3, 6, 5, 4, 10, 8, 7, 11, 9, 14, 13, 12), (1, 2, 3, 4, 5, 7, 6, 9, 8, 10, 11, 13, 12, 14), (3, 1, 5, 4, 2, 8, 6, 9, 10, 14, 7, 12, 13, 11), (1, 2, 3, 4, 6, 5, 7, 8, 9, 10, 11, 12, 13, 14), (1, 2, 3, 4, 5, 6, 10, 8, 9, 7, 11, 14, 13, 12), (3, 1, 4, 2, 6, 8, 5, 7, 11, 9, 13, 12, 14, 10)}
M(A) = 
[[1, 2, 3, 4, 5, 6, 7, 8, 9, 10, 11, 12, 13, 14], [1, 2, 3, 4, 5, 6, 8, 7, 9, 10, 11, 12, 13, 14], [1, 2, 3, 5, 4, 6, 7, 8, 9, 10, 11, 12, 13, 14], [1, 2, 3, 5, 4, 6, 8, 7, 9, 10, 11, 12, 13, 14], [1, 3, 2, 4, 5, 6, 7, 8, 9, 10, 11, 12, 13, 14], [1, 3, 2, 4, 5, 6, 8, 7, 9, 10, 11, 12, 13, 14], [1, 3, 2, 5, 4, 6, 7, 8, 9, 10, 11, 12, 13, 14], [1, 3, 2, 5, 4, 6, 8, 7, 9, 10, 11, 12, 13, 14]]
Distance: 47
B = 
{(3, 1, 4, 7, 2, 5, 6, 10, 9, 8, 12, 14, 11, 13), (1, 2, 5, 4, 7, 8, 9, 3, 12, 6, 11, 10, 13, 14), (1, 3, 5, 2, 6, 4, 8, 9, 11, 7, 12, 13, 14, 10), (1, 3, 2, 5, 6, 4, 8, 7, 9, 10, 11, 12, 13, 14), (2, 7, 4, 1, 5, 9, 3, 6, 8, 12, 13, 10, 14, 11), (1, 3, 5, 4, 2, 6, 7, 8, 9, 10, 13, 11, 14, 12)}
M(B) = 
[[1, 2, 3, 4, 5, 6, 7, 8, 9, 10, 11, 12, 13, 14], [1, 2, 3, 4, 5, 6, 8, 7, 9, 10, 11, 12, 13, 14], [1, 2, 3, 5, 4, 6, 7, 8, 9, 10, 11, 12, 13, 14], [1, 2, 3, 5, 4, 6, 8, 7, 9, 10, 11, 12, 13, 14], [1, 3, 2, 4, 5, 6, 7, 8, 9, 10, 11, 12, 13, 14], [1, 3, 2, 4, 5, 6, 8, 7, 9, 10, 11, 12, 13, 14], [1, 3, 2, 5, 4, 6, 7, 8, 9, 10, 11, 12, 13, 14], [1, 3, 2, 5, 4, 6, 8, 7, 9, 10, 11, 12, 13, 14]]
Distance: 60
M(A) inter A:
set()
M(B) inter B:
set()

AUB = 
{(2, 1, 3, 6, 5, 4, 10, 8, 7, 11, 9, 14, 13, 12), (3, 1, 4, 7, 2, 5, 6, 10, 9, 8, 12, 14, 11, 13), (1, 2, 3, 4, 5, 7, 6, 9, 8, 10, 11, 13, 12, 14), (3, 1, 5, 4, 2, 8, 6, 9, 10, 14, 7, 12, 13, 11), (1, 2, 3, 4, 6, 5, 7, 8, 9, 10, 11, 12, 13, 14), (1, 2, 5, 4, 7, 8, 9, 3, 12, 6, 11, 10, 13, 14), (1, 3, 5, 2, 6, 4, 8, 9, 11, 7, 12, 13, 14, 10), (1, 3, 2, 5, 6, 4, 8, 7, 9, 10, 11, 12, 13, 14), (1, 2, 3, 4, 5, 6, 10, 8, 9, 7, 11, 14, 13, 12), (3, 1, 4, 2, 6, 8, 5, 7, 11, 9, 13, 12, 14, 10), (2, 7, 4, 1, 5, 9, 3, 6, 8, 12, 13, 10, 14, 11), (1, 3, 5, 4, 2, 6, 7, 8, 9, 10, 13, 11, 14, 12)}
M(AUB) = 
[[1, 2, 3, 4, 5, 6, 7, 8, 9, 10, 11, 12, 13, 14], [1, 2, 3, 4, 5, 6, 8, 7, 9, 10, 11, 12, 13, 14], [1, 2, 3, 5, 4, 6, 7, 8, 9, 10, 11, 12, 13, 14], [1, 2, 3, 5, 4, 6, 8, 7, 9, 10, 11, 12, 13, 14], [1, 3, 2, 4, 5, 6, 7, 8, 9, 10, 11, 12, 13, 14], [1, 3, 2, 4, 5, 6, 8, 7, 9, 10, 11, 12, 13, 14], [1, 3, 2, 5, 4, 6, 7, 8, 9, 10, 11, 12, 13, 14], [1, 3, 2, 5, 4, 6, 8, 7, 9, 10, 11, 12, 13, 14]]
Distance:115

(5)
A = 
{(2, 1, 6, 3, 5, 8, 4, 7, 10, 9, 11, 13, 14, 12), (1, 2, 3, 4, 5, 8, 7, 9, 6, 10, 11, 13, 12, 14), (3, 2, 1, 5, 4, 8, 6, 9, 13, 7, 10, 11, 14, 12), (1, 2, 3, 7, 4, 5, 9, 8, 10, 6, 12, 13, 14, 11), (2, 1, 3, 5, 4, 7, 6, 8, 9, 11, 12, 10, 14, 13), (1, 2, 3, 4, 5, 6, 7, 8, 9, 10, 11, 12, 13, 14)}
M(A) = 
[[1, 2, 3, 4, 5, 6, 7, 8, 9, 10, 11, 12, 13, 14], [1, 2, 3, 4, 5, 6, 7, 8, 9, 10, 11, 13, 12, 14]]
Distance: 43
B = 
{(1, 7, 4, 3, 2, 9, 5, 6, 10, 11, 8, 14, 13, 12), (1, 5, 7, 2, 3, 4, 6, 8, 13, 14, 11, 10, 9, 12), (3, 2, 4, 1, 5, 6, 8, 7, 9, 11, 10, 12, 14, 13), (1, 2, 4, 3, 5, 6, 7, 8, 9, 11, 10, 12, 13, 14), (2, 3, 1, 4, 6, 5, 10, 7, 12, 8, 9, 11, 13, 14), (1, 2, 3, 5, 4, 6, 7, 9, 10, 11, 8, 13, 14, 12)}
M(B) = 
[[1, 2, 3, 4, 5, 6, 7, 8, 9, 10, 11, 12, 13, 14], [1, 2, 3, 4, 5, 6, 7, 8, 9, 10, 11, 13, 12, 14]]
Distance: 58
M(A) inter A:
{(1, 2, 3, 4, 5, 6, 7, 8, 9, 10, 11, 12, 13, 14)}
M(B) inter B:
set()

AUB = 
{(2, 1, 6, 3, 5, 8, 4, 7, 10, 9, 11, 13, 14, 12), (1, 2, 3, 4, 5, 8, 7, 9, 6, 10, 11, 13, 12, 14), (3, 2, 1, 5, 4, 8, 6, 9, 13, 7, 10, 11, 14, 12), (1, 7, 4, 3, 2, 9, 5, 6, 10, 11, 8, 14, 13, 12), (1, 2, 3, 7, 4, 5, 9, 8, 10, 6, 12, 13, 14, 11), (1, 5, 7, 2, 3, 4, 6, 8, 13, 14, 11, 10, 9, 12), (3, 2, 4, 1, 5, 6, 8, 7, 9, 11, 10, 12, 14, 13), (1, 2, 4, 3, 5, 6, 7, 8, 9, 11, 10, 12, 13, 14), (2, 3, 1, 4, 6, 5, 10, 7, 12, 8, 9, 11, 13, 14), (2, 1, 3, 5, 4, 7, 6, 8, 9, 11, 12, 10, 14, 13), (1, 2, 3, 5, 4, 6, 7, 9, 10, 11, 8, 13, 14, 12), (1, 2, 3, 4, 5, 6, 7, 8, 9, 10, 11, 12, 13, 14)}
M(AUB) = 
[[1, 2, 3, 4, 5, 6, 7, 8, 9, 10, 11, 12, 13, 14], [1, 2, 3, 4, 5, 6, 7, 8, 9, 10, 11, 13, 12, 14]]
Distance:101

(6)
A = 
{(1, 6, 2, 3, 9, 4, 5, 12, 8, 13, 11, 10, 7, 14), (1, 2, 3, 4, 7, 5, 6, 8, 9, 10, 11, 12, 13, 14), (6, 2, 4, 8, 5, 3, 1, 7, 11, 10, 9, 12, 14, 13), (4, 1, 5, 2, 3, 10, 8, 7, 9, 14, 6, 13, 11, 12), (1, 3, 2, 4, 8, 5, 6, 9, 7, 11, 10, 12, 13, 14), (3, 1, 2, 4, 5, 6, 7, 8, 12, 9, 10, 11, 13, 14)}
M(A) = 
[[1, 2, 3, 4, 5, 6, 8, 7, 9, 10, 11, 12, 13, 14], [1, 2, 3, 4, 5, 6, 8, 7, 9, 10, 11, 12, 14, 13]]
Distance: 68
B = 
{(2, 1, 3, 4, 5, 6, 7, 8, 9, 10, 14, 11, 12, 13), (1, 2, 5, 6, 4, 8, 3, 9, 10, 11, 7, 14, 13, 12), (1, 2, 3, 4, 5, 6, 7, 8, 9, 10, 11, 12, 13, 14), (1, 6, 3, 2, 4, 5, 8, 7, 9, 10, 13, 11, 12, 14), (2, 1, 9, 4, 8, 5, 7, 3, 10, 12, 11, 6, 14, 13), (1, 9, 2, 3, 4, 8, 7, 11, 5, 6, 10, 12, 14, 13)}
M(B) = 
[[1, 2, 3, 4, 5, 6, 8, 7, 9, 10, 11, 12, 13, 14], [1, 2, 3, 4, 5, 6, 8, 7, 9, 10, 11, 12, 14, 13]]
Distance: 57
M(A) inter A:
set()
M(B) inter B:
set()

AUB = 
{(1, 6, 2, 3, 9, 4, 5, 12, 8, 13, 11, 10, 7, 14), (1, 2, 3, 4, 7, 5, 6, 8, 9, 10, 11, 12, 13, 14), (2, 1, 3, 4, 5, 6, 7, 8, 9, 10, 14, 11, 12, 13), (1, 2, 5, 6, 4, 8, 3, 9, 10, 11, 7, 14, 13, 12), (6, 2, 4, 8, 5, 3, 1, 7, 11, 10, 9, 12, 14, 13), (4, 1, 5, 2, 3, 10, 8, 7, 9, 14, 6, 13, 11, 12), (1, 2, 3, 4, 5, 6, 7, 8, 9, 10, 11, 12, 13, 14), (1, 6, 3, 2, 4, 5, 8, 7, 9, 10, 13, 11, 12, 14), (1, 3, 2, 4, 8, 5, 6, 9, 7, 11, 10, 12, 13, 14), (3, 1, 2, 4, 5, 6, 7, 8, 12, 9, 10, 11, 13, 14), (2, 1, 9, 4, 8, 5, 7, 3, 10, 12, 11, 6, 14, 13), (1, 9, 2, 3, 4, 8, 7, 11, 5, 6, 10, 12, 14, 13)}
M(AUB) = 
[[1, 2, 3, 4, 5, 6, 8, 7, 9, 10, 11, 12, 13, 14], [1, 2, 3, 4, 5, 6, 8, 7, 9, 10, 11, 12, 14, 13]]
Distance:127

(7)
A = 
{(1, 2, 3, 4, 6, 7, 5, 9, 8, 10, 12, 11, 14, 13), (2, 3, 6, 1, 4, 5, 10, 12, 7, 8, 11, 13, 9, 14), (1, 2, 3, 5, 4, 9, 6, 7, 8, 12, 10, 13, 14, 11), (2, 1, 3, 4, 5, 12, 7, 6, 14, 9, 8, 10, 11, 13), (2, 4, 5, 8, 1, 3, 6, 7, 11, 9, 10, 12, 13, 14), (2, 1, 3, 6, 4, 5, 8, 7, 10, 9, 13, 11, 12, 14)}
M(A) = 
[[2, 1, 3, 4, 5, 6, 7, 8, 9, 10, 12, 11, 13, 14], [2, 1, 3, 4, 6, 5, 7, 8, 9, 10, 12, 11, 13, 14]]
Distance: 55
B = 
{(1, 2, 3, 6, 5, 4, 7, 8, 9, 10, 12, 11, 13, 14), (2, 3, 1, 7, 5, 4, 6, 9, 11, 8, 10, 12, 13, 14), (3, 6, 1, 2, 7, 4, 5, 10, 12, 9, 11, 14, 8, 13), (4, 2, 5, 7, 3, 1, 8, 10, 6, 14, 12, 9, 13, 11), (2, 1, 3, 5, 7, 6, 8, 10, 4, 11, 9, 14, 12, 13), (2, 4, 7, 3, 1, 8, 9, 6, 10, 5, 13, 11, 12, 14)}
M(B) = 
[[2, 1, 3, 4, 5, 6, 7, 8, 9, 10, 12, 11, 13, 14], [2, 1, 3, 4, 6, 5, 7, 8, 9, 10, 12, 11, 13, 14]]
Distance: 71
M(A) inter A:
set()
M(B) inter B:
set()

AUB = 
{(1, 2, 3, 4, 6, 7, 5, 9, 8, 10, 12, 11, 14, 13), (1, 2, 3, 6, 5, 4, 7, 8, 9, 10, 12, 11, 13, 14), (2, 3, 1, 7, 5, 4, 6, 9, 11, 8, 10, 12, 13, 14), (2, 3, 6, 1, 4, 5, 10, 12, 7, 8, 11, 13, 9, 14), (1, 2, 3, 5, 4, 9, 6, 7, 8, 12, 10, 13, 14, 11), (2, 1, 3, 4, 5, 12, 7, 6, 14, 9, 8, 10, 11, 13), (3, 6, 1, 2, 7, 4, 5, 10, 12, 9, 11, 14, 8, 13), (4, 2, 5, 7, 3, 1, 8, 10, 6, 14, 12, 9, 13, 11), (2, 4, 5, 8, 1, 3, 6, 7, 11, 9, 10, 12, 13, 14), (2, 1, 3, 5, 7, 6, 8, 10, 4, 11, 9, 14, 12, 13), (2, 4, 7, 3, 1, 8, 9, 6, 10, 5, 13, 11, 12, 14), (2, 1, 3, 6, 4, 5, 8, 7, 10, 9, 13, 11, 12, 14)}
M(AUB) = 
[[2, 1, 3, 4, 5, 6, 7, 8, 9, 10, 12, 11, 13, 14], [2, 1, 3, 4, 6, 5, 7, 8, 9, 10, 12, 11, 13, 14]]
Distance:130

(8)
A = 
{(5, 1, 4, 7, 3, 2, 6, 10, 11, 8, 13, 9, 12, 14), (2, 1, 3, 5, 4, 6, 7, 9, 8, 11, 10, 12, 13, 14), (3, 1, 5, 7, 2, 6, 10, 4, 8, 12, 9, 13, 11, 14), (2, 5, 6, 3, 9, 7, 10, 1, 4, 8, 14, 11, 12, 13), (1, 2, 3, 5, 4, 10, 6, 13, 7, 9, 12, 11, 8, 14), (1, 2, 5, 3, 4, 6, 7, 8, 10, 11, 13, 9, 12, 14)}
M(A) = 
[[1, 2, 5, 3, 4, 6, 7, 8, 9, 10, 11, 13, 12, 14], [1, 2, 5, 3, 4, 6, 7, 9, 8, 10, 11, 13, 12, 14], [1, 2, 5, 4, 3, 6, 7, 8, 9, 10, 11, 13, 12, 14], [1, 2, 5, 4, 3, 6, 7, 9, 8, 10, 11, 13, 12, 14]]
Distance: 64
B = 
{(2, 4, 1, 9, 5, 7, 8, 3, 13, 10, 6, 14, 12, 11), (2, 5, 4, 8, 1, 3, 7, 11, 9, 6, 10, 13, 14, 12), (4, 1, 2, 6, 5, 3, 7, 10, 8, 11, 12, 13, 14, 9), (1, 3, 5, 4, 2, 7, 6, 11, 9, 8, 13, 10, 14, 12), (1, 2, 4, 3, 5, 6, 7, 11, 9, 8, 10, 14, 13, 12), (1, 2, 4, 5, 6, 3, 7, 8, 9, 11, 12, 10, 13, 14)}
M(B) = 
[[1, 2, 5, 3, 4, 6, 7, 8, 9, 10, 11, 13, 12, 14], [1, 2, 5, 3, 4, 6, 7, 9, 8, 10, 11, 13, 12, 14], [1, 2, 5, 4, 3, 6, 7, 8, 9, 10, 11, 13, 12, 14], [1, 2, 5, 4, 3, 6, 7, 9, 8, 10, 11, 13, 12, 14]]
Distance: 61
M(A) inter A:
set()
M(B) inter B:
set()

AUB = 
{(5, 1, 4, 7, 3, 2, 6, 10, 11, 8, 13, 9, 12, 14), (2, 1, 3, 5, 4, 6, 7, 9, 8, 11, 10, 12, 13, 14), (3, 1, 5, 7, 2, 6, 10, 4, 8, 12, 9, 13, 11, 14), (2, 4, 1, 9, 5, 7, 8, 3, 13, 10, 6, 14, 12, 11), (2, 5, 4, 8, 1, 3, 7, 11, 9, 6, 10, 13, 14, 12), (2, 5, 6, 3, 9, 7, 10, 1, 4, 8, 14, 11, 12, 13), (4, 1, 2, 6, 5, 3, 7, 10, 8, 11, 12, 13, 14, 9), (1, 2, 3, 5, 4, 10, 6, 13, 7, 9, 12, 11, 8, 14), (1, 3, 5, 4, 2, 7, 6, 11, 9, 8, 13, 10, 14, 12), (1, 2, 4, 3, 5, 6, 7, 11, 9, 8, 10, 14, 13, 12), (1, 2, 5, 3, 4, 6, 7, 8, 10, 11, 13, 9, 12, 14), (1, 2, 4, 5, 6, 3, 7, 8, 9, 11, 12, 10, 13, 14)}
M(AUB) = 
[[1, 2, 5, 3, 4, 6, 7, 8, 9, 10, 11, 13, 12, 14], [1, 2, 5, 3, 4, 6, 7, 9, 8, 10, 11, 13, 12, 14], [1, 2, 5, 4, 3, 6, 7, 8, 9, 10, 11, 13, 12, 14], [1, 2, 5, 4, 3, 6, 7, 9, 8, 10, 11, 13, 12, 14]]
Distance:141

(9)
A = 
{(2, 1, 3, 4, 5, 7, 6, 9, 12, 8, 10, 11, 13, 14), (1, 3, 7, 5, 6, 2, 4, 9, 8, 11, 13, 12, 14, 10), (6, 4, 3, 1, 2, 5, 7, 8, 9, 13, 12, 11, 10, 14), (2, 1, 4, 3, 5, 7, 6, 9, 8, 11, 10, 13, 12, 14), (1, 4, 2, 5, 8, 3, 7, 6, 10, 9, 12, 13, 11, 14), (1, 4, 3, 2, 12, 9, 6, 5, 7, 8, 10, 13, 11, 14)}
M(A) = 
[[1, 2, 4, 3, 5, 6, 7, 9, 8, 10, 11, 12, 13, 14], [1, 2, 4, 3, 5, 6, 7, 9, 8, 10, 12, 11, 13, 14], [1, 2, 4, 3, 5, 7, 6, 9, 8, 10, 11, 12, 13, 14], [1, 2, 4, 3, 5, 7, 6, 9, 8, 10, 12, 11, 13, 14]]
Distance: 59
B = 
{(1, 2, 3, 4, 5, 6, 8, 9, 7, 10, 12, 11, 14, 13), (3, 2, 1, 4, 7, 5, 10, 8, 9, 13, 6, 11, 14, 12), (1, 2, 5, 4, 3, 10, 6, 9, 7, 8, 11, 12, 14, 13), (2, 1, 4, 3, 6, 5, 7, 9, 8, 10, 13, 12, 14, 11), (1, 3, 2, 4, 5, 6, 9, 7, 8, 10, 11, 12, 14, 13), (2, 4, 3, 1, 8, 5, 9, 7, 11, 12, 6, 13, 10, 14)}
M(B) = 
[[1, 2, 4, 3, 5, 6, 7, 9, 8, 10, 11, 12, 13, 14], [1, 2, 4, 3, 5, 6, 7, 9, 8, 10, 12, 11, 13, 14], [1, 2, 4, 3, 5, 7, 6, 9, 8, 10, 11, 12, 13, 14], [1, 2, 4, 3, 5, 7, 6, 9, 8, 10, 12, 11, 13, 14]]
Distance: 53
M(A) inter A:
set()
M(B) inter B:
set()

AUB = 
{(2, 1, 3, 4, 5, 7, 6, 9, 12, 8, 10, 11, 13, 14), (1, 3, 7, 5, 6, 2, 4, 9, 8, 11, 13, 12, 14, 10), (6, 4, 3, 1, 2, 5, 7, 8, 9, 13, 12, 11, 10, 14), (1, 2, 3, 4, 5, 6, 8, 9, 7, 10, 12, 11, 14, 13), (2, 1, 4, 3, 5, 7, 6, 9, 8, 11, 10, 13, 12, 14), (3, 2, 1, 4, 7, 5, 10, 8, 9, 13, 6, 11, 14, 12), (1, 4, 2, 5, 8, 3, 7, 6, 10, 9, 12, 13, 11, 14), (1, 2, 5, 4, 3, 10, 6, 9, 7, 8, 11, 12, 14, 13), (1, 4, 3, 2, 12, 9, 6, 5, 7, 8, 10, 13, 11, 14), (2, 1, 4, 3, 6, 5, 7, 9, 8, 10, 13, 12, 14, 11), (1, 3, 2, 4, 5, 6, 9, 7, 8, 10, 11, 12, 14, 13), (2, 4, 3, 1, 8, 5, 9, 7, 11, 12, 6, 13, 10, 14)}
M(AUB) = 
[[1, 2, 4, 3, 5, 6, 7, 9, 8, 10, 11, 12, 13, 14], [1, 2, 4, 3, 5, 6, 7, 9, 8, 10, 12, 11, 13, 14], [1, 2, 4, 3, 5, 7, 6, 9, 8, 10, 11, 12, 13, 14], [1, 2, 4, 3, 5, 7, 6, 9, 8, 10, 12, 11, 13, 14]]
Distance:120

(10)
A = 
{(2, 1, 3, 4, 6, 5, 7, 9, 8, 10, 11, 13, 12, 14), (5, 1, 2, 3, 6, 4, 9, 7, 8, 11, 10, 13, 12, 14), (1, 2, 5, 3, 4, 7, 6, 9, 10, 8, 14, 13, 12, 11), (1, 4, 2, 3, 5, 8, 7, 6, 9, 10, 11, 12, 13, 14), (1, 2, 3, 4, 5, 6, 7, 8, 9, 10, 11, 12, 13, 14), (2, 1, 3, 7, 5, 4, 8, 9, 12, 6, 11, 13, 14, 10)}
M(A) = 
[[1, 2, 3, 4, 5, 7, 6, 8, 9, 10, 11, 12, 13, 14]]
Distance: 42
B = 
{(1, 2, 4, 3, 5, 7, 6, 8, 10, 12, 11, 9, 14, 13), (1, 2, 3, 4, 5, 9, 7, 6, 11, 12, 8, 10, 13, 14), (1, 2, 5, 3, 4, 8, 6, 10, 9, 7, 11, 12, 13, 14), (3, 1, 4, 2, 7, 5, 8, 6, 12, 9, 10, 11, 13, 14), (5, 3, 2, 1, 6, 8, 4, 7, 14, 10, 9, 13, 11, 12), (1, 3, 2, 4, 7, 5, 6, 9, 8, 10, 11, 12, 14, 13)}
M(B) = 
[[1, 2, 3, 4, 5, 7, 6, 8, 9, 10, 11, 12, 13, 14]]
Distance: 52
M(A) inter A:
set()
M(B) inter B:
set()

AUB = 
{(2, 1, 3, 4, 6, 5, 7, 9, 8, 10, 11, 13, 12, 14), (5, 1, 2, 3, 6, 4, 9, 7, 8, 11, 10, 13, 12, 14), (1, 2, 5, 3, 4, 7, 6, 9, 10, 8, 14, 13, 12, 11), (1, 4, 2, 3, 5, 8, 7, 6, 9, 10, 11, 12, 13, 14), (1, 2, 4, 3, 5, 7, 6, 8, 10, 12, 11, 9, 14, 13), (1, 2, 3, 4, 5, 9, 7, 6, 11, 12, 8, 10, 13, 14), (1, 2, 5, 3, 4, 8, 6, 10, 9, 7, 11, 12, 13, 14), (1, 2, 3, 4, 5, 6, 7, 8, 9, 10, 11, 12, 13, 14), (2, 1, 3, 7, 5, 4, 8, 9, 12, 6, 11, 13, 14, 10), (3, 1, 4, 2, 7, 5, 8, 6, 12, 9, 10, 11, 13, 14), (5, 3, 2, 1, 6, 8, 4, 7, 14, 10, 9, 13, 11, 12), (1, 3, 2, 4, 7, 5, 6, 9, 8, 10, 11, 12, 14, 13)}
M(AUB) = 
[[1, 2, 3, 4, 5, 7, 6, 8, 9, 10, 11, 12, 13, 14]]
Distance:94

(11)
A = 
{(1, 3, 2, 4, 6, 5, 7, 8, 9, 12, 10, 13, 11, 14), (3, 2, 1, 5, 8, 4, 7, 6, 9, 11, 13, 10, 12, 14), (2, 4, 3, 1, 6, 7, 5, 12, 13, 8, 11, 9, 14, 10), (1, 6, 2, 5, 7, 4, 3, 9, 10, 14, 8, 11, 12, 13), (1, 3, 2, 6, 7, 4, 5, 8, 11, 10, 9, 12, 13, 14), (5, 4, 2, 1, 9, 7, 3, 6, 12, 13, 8, 10, 14, 11)}
M(A) = 
[[1, 2, 3, 4, 5, 6, 7, 8, 9, 10, 11, 12, 13, 14], [1, 2, 3, 4, 5, 6, 7, 9, 8, 10, 11, 12, 13, 14], [1, 2, 3, 5, 4, 6, 7, 8, 9, 10, 11, 12, 13, 14], [1, 2, 3, 5, 4, 6, 7, 9, 8, 10, 11, 12, 13, 14], [1, 2, 4, 3, 5, 6, 7, 8, 9, 10, 11, 12, 13, 14], [1, 2, 4, 3, 5, 6, 7, 9, 8, 10, 11, 12, 13, 14], [1, 3, 2, 4, 5, 6, 7, 8, 9, 10, 11, 12, 13, 14], [1, 3, 2, 4, 5, 6, 7, 9, 8, 10, 11, 12, 13, 14], [1, 3, 2, 5, 4, 6, 7, 8, 9, 10, 11, 12, 13, 14], [1, 3, 2, 5, 4, 6, 7, 9, 8, 10, 11, 12, 13, 14]]
Distance: 75
B = 
{(1, 3, 2, 4, 5, 6, 7, 8, 9, 10, 11, 13, 12, 14), (4, 3, 5, 1, 2, 7, 6, 10, 9, 8, 14, 12, 11, 13), (1, 2, 3, 4, 5, 9, 6, 8, 7, 12, 10, 14, 11, 13), (5, 3, 2, 1, 7, 6, 13, 10, 11, 8, 4, 9, 12, 14), (1, 5, 2, 4, 3, 6, 7, 11, 9, 8, 10, 13, 12, 14), (1, 2, 5, 6, 4, 3, 9, 7, 11, 8, 14, 12, 10, 13)}
M(B) = 
[[1, 2, 3, 4, 5, 6, 7, 8, 9, 10, 11, 12, 13, 14], [1, 2, 3, 4, 5, 6, 7, 9, 8, 10, 11, 12, 13, 14], [1, 2, 3, 5, 4, 6, 7, 8, 9, 10, 11, 12, 13, 14], [1, 2, 3, 5, 4, 6, 7, 9, 8, 10, 11, 12, 13, 14], [1, 2, 4, 3, 5, 6, 7, 8, 9, 10, 11, 12, 13, 14], [1, 2, 4, 3, 5, 6, 7, 9, 8, 10, 11, 12, 13, 14], [1, 3, 2, 4, 5, 6, 7, 8, 9, 10, 11, 12, 13, 14], [1, 3, 2, 4, 5, 6, 7, 9, 8, 10, 11, 12, 13, 14], [1, 3, 2, 5, 4, 6, 7, 8, 9, 10, 11, 12, 13, 14], [1, 3, 2, 5, 4, 6, 7, 9, 8, 10, 11, 12, 13, 14]]
Distance: 68
M(A) inter A:
set()
M(B) inter B:
set()

AUB = 
{(1, 3, 2, 4, 6, 5, 7, 8, 9, 12, 10, 13, 11, 14), (1, 3, 2, 4, 5, 6, 7, 8, 9, 10, 11, 13, 12, 14), (4, 3, 5, 1, 2, 7, 6, 10, 9, 8, 14, 12, 11, 13), (3, 2, 1, 5, 8, 4, 7, 6, 9, 11, 13, 10, 12, 14), (1, 2, 3, 4, 5, 9, 6, 8, 7, 12, 10, 14, 11, 13), (5, 3, 2, 1, 7, 6, 13, 10, 11, 8, 4, 9, 12, 14), (2, 4, 3, 1, 6, 7, 5, 12, 13, 8, 11, 9, 14, 10), (1, 6, 2, 5, 7, 4, 3, 9, 10, 14, 8, 11, 12, 13), (1, 3, 2, 6, 7, 4, 5, 8, 11, 10, 9, 12, 13, 14), (1, 5, 2, 4, 3, 6, 7, 11, 9, 8, 10, 13, 12, 14), (5, 4, 2, 1, 9, 7, 3, 6, 12, 13, 8, 10, 14, 11), (1, 2, 5, 6, 4, 3, 9, 7, 11, 8, 14, 12, 10, 13)}
M(AUB) = 
[[1, 2, 3, 4, 5, 6, 7, 8, 9, 10, 11, 12, 13, 14], [1, 2, 3, 4, 5, 6, 7, 9, 8, 10, 11, 12, 13, 14], [1, 2, 3, 5, 4, 6, 7, 8, 9, 10, 11, 12, 13, 14], [1, 2, 3, 5, 4, 6, 7, 9, 8, 10, 11, 12, 13, 14], [1, 2, 4, 3, 5, 6, 7, 8, 9, 10, 11, 12, 13, 14], [1, 2, 4, 3, 5, 6, 7, 9, 8, 10, 11, 12, 13, 14], [1, 3, 2, 4, 5, 6, 7, 8, 9, 10, 11, 12, 13, 14], [1, 3, 2, 4, 5, 6, 7, 9, 8, 10, 11, 12, 13, 14], [1, 3, 2, 5, 4, 6, 7, 8, 9, 10, 11, 12, 13, 14], [1, 3, 2, 5, 4, 6, 7, 9, 8, 10, 11, 12, 13, 14]]
Distance:147

(12)
A = 
{(1, 2, 3, 6, 5, 4, 7, 9, 10, 8, 12, 11, 14, 13), (1, 3, 2, 4, 8, 6, 7, 12, 5, 9, 13, 11, 10, 14), (1, 2, 3, 4, 5, 6, 7, 8, 9, 10, 12, 11, 13, 14), (3, 2, 1, 11, 4, 5, 6, 7, 9, 14, 10, 8, 13, 12), (1, 2, 3, 5, 4, 7, 6, 9, 8, 10, 12, 11, 14, 13), (1, 2, 3, 4, 6, 7, 5, 8, 9, 11, 10, 12, 13, 14)}
M(A) = 
[[1, 2, 3, 4, 5, 6, 7, 9, 8, 10, 12, 11, 13, 14], [1, 2, 3, 4, 6, 5, 7, 9, 8, 10, 12, 11, 13, 14]]
Distance: 44
B = 
{(3, 7, 2, 1, 4, 5, 10, 6, 11, 14, 13, 9, 12, 8), (1, 4, 2, 3, 6, 5, 7, 9, 8, 12, 10, 13, 11, 14), (1, 2, 3, 5, 4, 6, 7, 8, 9, 10, 12, 11, 13, 14), (2, 4, 3, 1, 6, 7, 9, 10, 5, 14, 8, 12, 11, 13), (1, 2, 5, 3, 9, 6, 8, 4, 7, 12, 13, 14, 11, 10), (1, 6, 3, 5, 7, 8, 4, 2, 10, 11, 9, 12, 13, 14)}
M(B) = 
[[1, 2, 3, 4, 5, 6, 7, 9, 8, 10, 12, 11, 13, 14], [1, 2, 3, 4, 6, 5, 7, 9, 8, 10, 12, 11, 13, 14]]
Distance: 72
M(A) inter A:
set()
M(B) inter B:
set()

AUB = 
{(1, 2, 3, 6, 5, 4, 7, 9, 10, 8, 12, 11, 14, 13), (1, 3, 2, 4, 8, 6, 7, 12, 5, 9, 13, 11, 10, 14), (3, 7, 2, 1, 4, 5, 10, 6, 11, 14, 13, 9, 12, 8), (1, 4, 2, 3, 6, 5, 7, 9, 8, 12, 10, 13, 11, 14), (1, 2, 3, 4, 5, 6, 7, 8, 9, 10, 12, 11, 13, 14), (3, 2, 1, 11, 4, 5, 6, 7, 9, 14, 10, 8, 13, 12), (1, 2, 3, 5, 4, 6, 7, 8, 9, 10, 12, 11, 13, 14), (2, 4, 3, 1, 6, 7, 9, 10, 5, 14, 8, 12, 11, 13), (1, 2, 3, 5, 4, 7, 6, 9, 8, 10, 12, 11, 14, 13), (1, 2, 3, 4, 6, 7, 5, 8, 9, 11, 10, 12, 13, 14), (1, 2, 5, 3, 9, 6, 8, 4, 7, 12, 13, 14, 11, 10), (1, 6, 3, 5, 7, 8, 4, 2, 10, 11, 9, 12, 13, 14)}
M(AUB) = 
[[1, 2, 3, 4, 5, 6, 7, 9, 8, 10, 12, 11, 13, 14], [1, 2, 3, 4, 6, 5, 7, 9, 8, 10, 12, 11, 13, 14]]
Distance:116

(13)
A = 
{(1, 3, 2, 4, 5, 8, 6, 9, 7, 13, 11, 10, 12, 14), (2, 4, 1, 3, 7, 6, 8, 5, 11, 9, 12, 14, 13, 10), (1, 4, 3, 2, 6, 7, 5, 8, 9, 11, 12, 10, 14, 13), (7, 4, 1, 5, 2, 10, 6, 9, 3, 13, 8, 12, 14, 11), (2, 1, 3, 4, 5, 6, 8, 9, 7, 11, 10, 14, 13, 12), (1, 4, 3, 5, 2, 8, 7, 6, 10, 9, 13, 12, 14, 11)}
M(A) = 
[[1, 2, 4, 3, 5, 6, 8, 7, 9, 10, 11, 12, 14, 13], [1, 2, 4, 3, 5, 6, 8, 7, 9, 11, 10, 12, 14, 13], [1, 2, 4, 3, 5, 6, 8, 7, 10, 9, 11, 12, 14, 13], [1, 2, 4, 3, 5, 7, 6, 8, 9, 10, 11, 12, 14, 13], [1, 2, 4, 3, 5, 7, 6, 8, 9, 11, 10, 12, 14, 13], [1, 2, 4, 3, 5, 7, 6, 8, 10, 9, 11, 12, 14, 13], [1, 2, 4, 3, 5, 8, 7, 6, 9, 10, 11, 12, 14, 13], [1, 2, 4, 3, 5, 8, 7, 6, 9, 11, 10, 12, 14, 13], [1, 2, 4, 3, 5, 8, 7, 6, 10, 9, 11, 12, 14, 13]]
Distance: 65
B = 
{(1, 3, 2, 5, 7, 4, 11, 8, 6, 12, 9, 10, 14, 13), (4, 1, 3, 6, 5, 8, 2, 10, 7, 9, 12, 14, 11, 13), (1, 7, 2, 4, 6, 3, 5, 8, 10, 9, 12, 11, 13, 14), (2, 3, 1, 4, 5, 8, 7, 6, 14, 10, 11, 9, 13, 12), (2, 1, 4, 3, 5, 6, 8, 7, 10, 9, 12, 13, 11, 14), (3, 1, 4, 8, 2, 5, 7, 9, 6, 11, 12, 10, 14, 13)}
M(B) = 
[[1, 2, 4, 3, 5, 6, 8, 7, 9, 10, 11, 12, 14, 13], [1, 2, 4, 3, 5, 6, 8, 7, 9, 11, 10, 12, 14, 13], [1, 2, 4, 3, 5, 6, 8, 7, 10, 9, 11, 12, 14, 13], [1, 2, 4, 3, 5, 7, 6, 8, 9, 10, 11, 12, 14, 13], [1, 2, 4, 3, 5, 7, 6, 8, 9, 11, 10, 12, 14, 13], [1, 2, 4, 3, 5, 7, 6, 8, 10, 9, 11, 12, 14, 13], [1, 2, 4, 3, 5, 8, 7, 6, 9, 10, 11, 12, 14, 13], [1, 2, 4, 3, 5, 8, 7, 6, 9, 11, 10, 12, 14, 13], [1, 2, 4, 3, 5, 8, 7, 6, 10, 9, 11, 12, 14, 13]]
Distance: 59
M(A) inter A:
set()
M(B) inter B:
set()

AUB = 
{(1, 3, 2, 5, 7, 4, 11, 8, 6, 12, 9, 10, 14, 13), (1, 3, 2, 4, 5, 8, 6, 9, 7, 13, 11, 10, 12, 14), (2, 4, 1, 3, 7, 6, 8, 5, 11, 9, 12, 14, 13, 10), (4, 1, 3, 6, 5, 8, 2, 10, 7, 9, 12, 14, 11, 13), (1, 7, 2, 4, 6, 3, 5, 8, 10, 9, 12, 11, 13, 14), (2, 3, 1, 4, 5, 8, 7, 6, 14, 10, 11, 9, 13, 12), (1, 4, 3, 2, 6, 7, 5, 8, 9, 11, 12, 10, 14, 13), (7, 4, 1, 5, 2, 10, 6, 9, 3, 13, 8, 12, 14, 11), (2, 1, 3, 4, 5, 6, 8, 9, 7, 11, 10, 14, 13, 12), (2, 1, 4, 3, 5, 6, 8, 7, 10, 9, 12, 13, 11, 14), (1, 4, 3, 5, 2, 8, 7, 6, 10, 9, 13, 12, 14, 11), (3, 1, 4, 8, 2, 5, 7, 9, 6, 11, 12, 10, 14, 13)}
M(AUB) = 
[[1, 2, 4, 3, 5, 6, 8, 7, 9, 10, 11, 12, 14, 13], [1, 2, 4, 3, 5, 6, 8, 7, 9, 11, 10, 12, 14, 13], [1, 2, 4, 3, 5, 6, 8, 7, 10, 9, 11, 12, 14, 13], [1, 2, 4, 3, 5, 7, 6, 8, 9, 10, 11, 12, 14, 13], [1, 2, 4, 3, 5, 7, 6, 8, 9, 11, 10, 12, 14, 13], [1, 2, 4, 3, 5, 7, 6, 8, 10, 9, 11, 12, 14, 13], [1, 2, 4, 3, 5, 8, 7, 6, 9, 10, 11, 12, 14, 13], [1, 2, 4, 3, 5, 8, 7, 6, 9, 11, 10, 12, 14, 13], [1, 2, 4, 3, 5, 8, 7, 6, 10, 9, 11, 12, 14, 13]]
Distance:132

(14)
A = 
{(4, 1, 2, 7, 5, 6, 3, 10, 11, 8, 9, 12, 14, 13), (3, 2, 5, 1, 4, 7, 6, 13, 8, 10, 9, 12, 14, 11), (1, 2, 4, 3, 5, 6, 7, 8, 9, 11, 10, 12, 13, 14), (4, 1, 6, 2, 3, 9, 5, 10, 7, 12, 11, 13, 8, 14), (1, 2, 4, 3, 6, 5, 8, 7, 9, 11, 10, 14, 12, 13), (2, 1, 3, 5, 6, 4, 7, 8, 9, 10, 12, 11, 13, 14)}
M(A) = 
[[1, 2, 3, 4, 5, 6, 7, 8, 9, 10, 11, 12, 13, 14], [1, 2, 3, 4, 5, 7, 6, 8, 9, 10, 11, 12, 13, 14], [1, 2, 4, 3, 5, 6, 7, 8, 9, 10, 11, 12, 13, 14], [1, 2, 4, 3, 5, 7, 6, 8, 9, 10, 11, 12, 13, 14]]
Distance: 52
B = 
{(1, 2, 4, 3, 7, 5, 6, 8, 9, 10, 11, 13, 12, 14), (1, 2, 3, 4, 5, 7, 6, 8, 9, 10, 11, 12, 13, 14), (2, 1, 3, 4, 5, 8, 7, 6, 11, 9, 14, 12, 10, 13), (3, 1, 6, 4, 5, 7, 2, 8, 9, 12, 13, 10, 11, 14), (3, 2, 1, 6, 5, 10, 7, 4, 8, 11, 9, 14, 12, 13), (1, 2, 4, 3, 9, 5, 10, 7, 6, 13, 8, 11, 14, 12)}
M(B) = 
[[1, 2, 3, 4, 5, 6, 7, 8, 9, 10, 11, 12, 13, 14], [1, 2, 3, 4, 5, 7, 6, 8, 9, 10, 11, 12, 13, 14], [1, 2, 4, 3, 5, 6, 7, 8, 9, 10, 11, 12, 13, 14], [1, 2, 4, 3, 5, 7, 6, 8, 9, 10, 11, 12, 13, 14]]
Distance: 52
M(A) inter A:
set()
M(B) inter B:
{(1, 2, 3, 4, 5, 7, 6, 8, 9, 10, 11, 12, 13, 14)}

AUB = 
{(1, 2, 4, 3, 7, 5, 6, 8, 9, 10, 11, 13, 12, 14), (1, 2, 3, 4, 5, 7, 6, 8, 9, 10, 11, 12, 13, 14), (4, 1, 2, 7, 5, 6, 3, 10, 11, 8, 9, 12, 14, 13), (2, 1, 3, 4, 5, 8, 7, 6, 11, 9, 14, 12, 10, 13), (3, 1, 6, 4, 5, 7, 2, 8, 9, 12, 13, 10, 11, 14), (3, 2, 5, 1, 4, 7, 6, 13, 8, 10, 9, 12, 14, 11), (3, 2, 1, 6, 5, 10, 7, 4, 8, 11, 9, 14, 12, 13), (1, 2, 4, 3, 5, 6, 7, 8, 9, 11, 10, 12, 13, 14), (1, 2, 4, 3, 9, 5, 10, 7, 6, 13, 8, 11, 14, 12), (4, 1, 6, 2, 3, 9, 5, 10, 7, 12, 11, 13, 8, 14), (1, 2, 4, 3, 6, 5, 8, 7, 9, 11, 10, 14, 12, 13), (2, 1, 3, 5, 6, 4, 7, 8, 9, 10, 12, 11, 13, 14)}
M(AUB) = 
[[1, 2, 3, 4, 5, 6, 7, 8, 9, 10, 11, 12, 13, 14], [1, 2, 3, 4, 5, 7, 6, 8, 9, 10, 11, 12, 13, 14], [1, 2, 4, 3, 5, 6, 7, 8, 9, 10, 11, 12, 13, 14], [1, 2, 4, 3, 5, 7, 6, 8, 9, 10, 11, 12, 13, 14]]
Distance:108

(15)
A = 
{(1, 2, 3, 4, 5, 6, 7, 8, 12, 9, 10, 14, 13, 11), (2, 1, 7, 6, 3, 5, 9, 8, 11, 4, 10, 12, 14, 13), (3, 2, 4, 1, 8, 5, 7, 9, 6, 10, 11, 12, 13, 14), (1, 2, 6, 3, 4, 5, 8, 7, 11, 10, 9, 12, 13, 14), (5, 2, 4, 8, 3, 6, 1, 7, 11, 10, 9, 12, 13, 14), (3, 1, 4, 2, 10, 5, 6, 9, 7, 11, 8, 13, 14, 12)}
M(A) = 
[[1, 2, 3, 4, 5, 6, 7, 8, 9, 10, 11, 12, 13, 14]]
Distance: 66
B = 
{(1, 2, 3, 4, 6, 7, 5, 9, 8, 10, 12, 13, 11, 14), (1, 2, 3, 4, 5, 6, 7, 8, 9, 10, 12, 11, 13, 14), (4, 3, 2, 5, 1, 6, 7, 9, 14, 11, 8, 12, 10, 13), (2, 1, 4, 3, 6, 9, 5, 7, 10, 13, 11, 12, 8, 14), (1, 2, 4, 3, 5, 6, 7, 8, 10, 9, 11, 12, 13, 14), (1, 3, 2, 5, 8, 4, 6, 9, 10, 7, 11, 14, 12, 13)}
M(B) = 
[[1, 2, 3, 4, 5, 6, 7, 8, 9, 10, 11, 12, 13, 14]]
Distance: 45
M(A) inter A:
set()
M(B) inter B:
set()

AUB = 
{(1, 2, 3, 4, 5, 6, 7, 8, 12, 9, 10, 14, 13, 11), (1, 2, 3, 4, 6, 7, 5, 9, 8, 10, 12, 13, 11, 14), (2, 1, 7, 6, 3, 5, 9, 8, 11, 4, 10, 12, 14, 13), (1, 2, 3, 4, 5, 6, 7, 8, 9, 10, 12, 11, 13, 14), (3, 2, 4, 1, 8, 5, 7, 9, 6, 10, 11, 12, 13, 14), (1, 2, 6, 3, 4, 5, 8, 7, 11, 10, 9, 12, 13, 14), (4, 3, 2, 5, 1, 6, 7, 9, 14, 11, 8, 12, 10, 13), (2, 1, 4, 3, 6, 9, 5, 7, 10, 13, 11, 12, 8, 14), (1, 2, 4, 3, 5, 6, 7, 8, 10, 9, 11, 12, 13, 14), (1, 3, 2, 5, 8, 4, 6, 9, 10, 7, 11, 14, 12, 13), (3, 1, 4, 2, 10, 5, 6, 9, 7, 11, 8, 13, 14, 12), (5, 2, 4, 8, 3, 6, 1, 7, 11, 10, 9, 12, 13, 14)}
M(AUB) = 
[[1, 2, 3, 4, 5, 6, 7, 8, 9, 10, 11, 12, 13, 14]]
Distance:111

(16)
A = 
{(3, 1, 2, 4, 6, 7, 8, 5, 10, 9, 11, 12, 13, 14), (1, 2, 3, 4, 6, 5, 7, 8, 9, 10, 11, 13, 12, 14), (1, 2, 5, 4, 9, 3, 6, 7, 11, 13, 8, 10, 14, 12), (1, 2, 3, 4, 5, 8, 6, 10, 9, 7, 11, 12, 13, 14), (4, 1, 3, 7, 6, 2, 5, 9, 12, 8, 14, 13, 10, 11), (1, 3, 4, 5, 8, 6, 2, 11, 7, 9, 13, 10, 12, 14)}
M(A) = 
[[1, 2, 3, 4, 5, 6, 7, 8, 9, 10, 11, 12, 13, 14], [1, 2, 3, 4, 5, 6, 7, 8, 10, 9, 11, 12, 13, 14], [1, 2, 3, 4, 6, 5, 7, 8, 9, 10, 11, 12, 13, 14], [1, 2, 3, 4, 6, 5, 7, 8, 10, 9, 11, 12, 13, 14]]
Distance: 56
B = 
{(4, 2, 1, 5, 3, 7, 10, 6, 9, 8, 12, 11, 13, 14), (1, 4, 2, 3, 7, 6, 8, 5, 9, 10, 11, 12, 13, 14), (3, 1, 5, 2, 4, 8, 6, 10, 9, 7, 12, 11, 13, 14), (2, 3, 4, 7, 5, 6, 1, 10, 8, 9, 11, 12, 13, 14), (3, 1, 4, 2, 6, 5, 13, 8, 7, 9, 11, 10, 12, 14), (1, 2, 4, 6, 3, 7, 8, 5, 12, 10, 11, 9, 14, 13)}
M(B) = 
[[1, 2, 3, 4, 5, 6, 7, 8, 9, 10, 11, 12, 13, 14], [1, 2, 3, 4, 5, 6, 7, 8, 10, 9, 11, 12, 13, 14], [1, 2, 3, 4, 6, 5, 7, 8, 9, 10, 11, 12, 13, 14], [1, 2, 3, 4, 6, 5, 7, 8, 10, 9, 11, 12, 13, 14]]
Distance: 58
M(A) inter A:
set()
M(B) inter B:
set()

AUB = 
{(4, 2, 1, 5, 3, 7, 10, 6, 9, 8, 12, 11, 13, 14), (3, 1, 2, 4, 6, 7, 8, 5, 10, 9, 11, 12, 13, 14), (1, 2, 3, 4, 6, 5, 7, 8, 9, 10, 11, 13, 12, 14), (1, 4, 2, 3, 7, 6, 8, 5, 9, 10, 11, 12, 13, 14), (3, 1, 5, 2, 4, 8, 6, 10, 9, 7, 12, 11, 13, 14), (2, 3, 4, 7, 5, 6, 1, 10, 8, 9, 11, 12, 13, 14), (3, 1, 4, 2, 6, 5, 13, 8, 7, 9, 11, 10, 12, 14), (1, 2, 5, 4, 9, 3, 6, 7, 11, 13, 8, 10, 14, 12), (1, 2, 3, 4, 5, 8, 6, 10, 9, 7, 11, 12, 13, 14), (4, 1, 3, 7, 6, 2, 5, 9, 12, 8, 14, 13, 10, 11), (1, 3, 4, 5, 8, 6, 2, 11, 7, 9, 13, 10, 12, 14), (1, 2, 4, 6, 3, 7, 8, 5, 12, 10, 11, 9, 14, 13)}
M(AUB) = 
[[1, 2, 3, 4, 5, 6, 7, 8, 9, 10, 11, 12, 13, 14], [1, 2, 3, 4, 5, 6, 7, 8, 10, 9, 11, 12, 13, 14], [1, 2, 3, 4, 6, 5, 7, 8, 9, 10, 11, 12, 13, 14], [1, 2, 3, 4, 6, 5, 7, 8, 10, 9, 11, 12, 13, 14]]
Distance:116

(17)
A = 
{(2, 1, 3, 5, 4, 6, 8, 7, 9, 11, 12, 10, 14, 13), (2, 1, 5, 7, 4, 3, 8, 6, 10, 9, 11, 14, 13, 12), (3, 2, 1, 4, 5, 12, 7, 6, 9, 8, 14, 11, 10, 13), (1, 2, 3, 4, 6, 5, 7, 8, 9, 10, 12, 11, 13, 14), (5, 4, 1, 2, 3, 6, 7, 9, 8, 10, 13, 11, 14, 12), (1, 2, 3, 4, 5, 6, 7, 8, 9, 10, 11, 12, 13, 14)}
M(A) = 
[[1, 2, 3, 4, 5, 6, 7, 8, 9, 10, 11, 12, 13, 14], [2, 1, 3, 4, 5, 6, 7, 8, 9, 10, 11, 12, 13, 14]]
Distance: 46
B = 
{(1, 2, 3, 4, 7, 5, 6, 8, 9, 10, 11, 12, 13, 14), (1, 5, 2, 3, 8, 4, 7, 10, 9, 6, 14, 12, 11, 13), (1, 2, 3, 4, 6, 5, 7, 8, 9, 10, 11, 12, 13, 14), (2, 1, 6, 4, 3, 5, 7, 9, 11, 8, 10, 13, 12, 14), (2, 3, 6, 5, 4, 7, 1, 11, 8, 9, 12, 13, 10, 14), (2, 4, 1, 5, 3, 7, 6, 8, 9, 10, 11, 12, 14, 13)}
M(B) = 
[[1, 2, 3, 4, 5, 6, 7, 8, 9, 10, 11, 12, 13, 14], [2, 1, 3, 4, 5, 6, 7, 8, 9, 10, 11, 12, 13, 14]]
Distance: 46
M(A) inter A:
{(1, 2, 3, 4, 5, 6, 7, 8, 9, 10, 11, 12, 13, 14)}
M(B) inter B:
{(1, 2, 3, 4, 6, 5, 7, 8, 9, 10, 11, 12, 13, 14)}

AUB = 
{(2, 1, 3, 5, 4, 6, 8, 7, 9, 11, 12, 10, 14, 13), (1, 2, 3, 4, 7, 5, 6, 8, 9, 10, 11, 12, 13, 14), (2, 1, 5, 7, 4, 3, 8, 6, 10, 9, 11, 14, 13, 12), (3, 2, 1, 4, 5, 12, 7, 6, 9, 8, 14, 11, 10, 13), (1, 5, 2, 3, 8, 4, 7, 10, 9, 6, 14, 12, 11, 13), (1, 2, 3, 4, 6, 5, 7, 8, 9, 10, 11, 12, 13, 14), (1, 2, 3, 4, 6, 5, 7, 8, 9, 10, 12, 11, 13, 14), (2, 1, 6, 4, 3, 5, 7, 9, 11, 8, 10, 13, 12, 14), (5, 4, 1, 2, 3, 6, 7, 9, 8, 10, 13, 11, 14, 12), (1, 2, 3, 4, 5, 6, 7, 8, 9, 10, 11, 12, 13, 14), (2, 3, 6, 5, 4, 7, 1, 11, 8, 9, 12, 13, 10, 14), (2, 4, 1, 5, 3, 7, 6, 8, 9, 10, 11, 12, 14, 13)}
M(AUB) = 
[[1, 2, 3, 4, 5, 6, 7, 8, 9, 10, 11, 12, 13, 14], [2, 1, 3, 4, 5, 6, 7, 8, 9, 10, 11, 12, 13, 14]]
Distance:92

(18)
A = 
{(2, 3, 1, 6, 4, 5, 7, 8, 9, 11, 14, 10, 13, 12), (2, 1, 6, 3, 4, 5, 7, 8, 10, 9, 12, 11, 14, 13), (2, 3, 1, 8, 5, 4, 6, 7, 12, 9, 11, 14, 10, 13), (1, 3, 2, 8, 5, 4, 9, 6, 10, 13, 7, 12, 11, 14), (2, 1, 3, 4, 6, 7, 5, 9, 11, 8, 14, 13, 10, 12), (1, 2, 3, 5, 4, 6, 7, 8, 10, 9, 12, 11, 13, 14)}
M(A) = 
[[1, 2, 3, 4, 5, 6, 7, 8, 9, 11, 10, 12, 13, 14], [1, 2, 3, 4, 5, 6, 7, 8, 9, 11, 10, 12, 14, 13], [1, 2, 3, 4, 6, 5, 7, 8, 9, 11, 10, 12, 13, 14], [1, 2, 3, 4, 6, 5, 7, 8, 9, 11, 10, 12, 14, 13], [2, 1, 3, 4, 5, 6, 7, 8, 9, 11, 10, 12, 13, 14], [2, 1, 3, 4, 5, 6, 7, 8, 9, 11, 10, 12, 14, 13], [2, 1, 3, 4, 6, 5, 7, 8, 9, 11, 10, 12, 13, 14], [2, 1, 3, 4, 6, 5, 7, 8, 9, 11, 10, 12, 14, 13]]
Distance: 50
B = 
{(1, 2, 3, 7, 5, 4, 8, 6, 9, 11, 10, 13, 14, 12), (3, 1, 2, 6, 4, 5, 9, 12, 8, 14, 7, 10, 13, 11), (1, 2, 4, 3, 7, 5, 6, 8, 11, 9, 12, 10, 13, 14), (1, 2, 4, 3, 6, 5, 7, 8, 11, 9, 10, 12, 13, 14), (3, 4, 2, 5, 1, 6, 8, 7, 11, 9, 10, 12, 13, 14), (2, 6, 4, 3, 1, 8, 7, 5, 9, 14, 11, 12, 10, 13)}
M(B) = 
[[1, 2, 3, 4, 5, 6, 7, 8, 9, 11, 10, 12, 13, 14], [1, 2, 3, 4, 5, 6, 7, 8, 9, 11, 10, 12, 14, 13], [1, 2, 3, 4, 6, 5, 7, 8, 9, 11, 10, 12, 13, 14], [1, 2, 3, 4, 6, 5, 7, 8, 9, 11, 10, 12, 14, 13], [2, 1, 3, 4, 5, 6, 7, 8, 9, 11, 10, 12, 13, 14], [2, 1, 3, 4, 5, 6, 7, 8, 9, 11, 10, 12, 14, 13], [2, 1, 3, 4, 6, 5, 7, 8, 9, 11, 10, 12, 13, 14], [2, 1, 3, 4, 6, 5, 7, 8, 9, 11, 10, 12, 14, 13]]
Distance: 56
M(A) inter A:
set()
M(B) inter B:
{(1, 2, 4, 3, 6, 5, 7, 8, 11, 9, 10, 12, 13, 14)}

AUB = 
{(1, 2, 3, 7, 5, 4, 8, 6, 9, 11, 10, 13, 14, 12), (3, 1, 2, 6, 4, 5, 9, 12, 8, 14, 7, 10, 13, 11), (1, 2, 4, 3, 7, 5, 6, 8, 11, 9, 12, 10, 13, 14), (1, 2, 4, 3, 6, 5, 7, 8, 11, 9, 10, 12, 13, 14), (2, 3, 1, 6, 4, 5, 7, 8, 9, 11, 14, 10, 13, 12), (2, 1, 6, 3, 4, 5, 7, 8, 10, 9, 12, 11, 14, 13), (3, 4, 2, 5, 1, 6, 8, 7, 11, 9, 10, 12, 13, 14), (2, 3, 1, 8, 5, 4, 6, 7, 12, 9, 11, 14, 10, 13), (1, 3, 2, 8, 5, 4, 9, 6, 10, 13, 7, 12, 11, 14), (2, 6, 4, 3, 1, 8, 7, 5, 9, 14, 11, 12, 10, 13), (2, 1, 3, 4, 6, 7, 5, 9, 11, 8, 14, 13, 10, 12), (1, 2, 3, 5, 4, 6, 7, 8, 10, 9, 12, 11, 13, 14)}
M(AUB) = 
[[1, 2, 3, 4, 5, 6, 7, 8, 9, 11, 10, 12, 13, 14], [1, 2, 3, 4, 5, 6, 7, 8, 9, 11, 10, 12, 14, 13], [1, 2, 3, 4, 6, 5, 7, 8, 9, 11, 10, 12, 13, 14], [1, 2, 3, 4, 6, 5, 7, 8, 9, 11, 10, 12, 14, 13], [2, 1, 3, 4, 5, 6, 7, 8, 9, 11, 10, 12, 13, 14], [2, 1, 3, 4, 5, 6, 7, 8, 9, 11, 10, 12, 14, 13], [2, 1, 3, 4, 6, 5, 7, 8, 9, 11, 10, 12, 13, 14], [2, 1, 3, 4, 6, 5, 7, 8, 9, 11, 10, 12, 14, 13]]
Distance:112

(19)
A = 
{(2, 1, 4, 3, 6, 5, 10, 7, 14, 12, 9, 8, 11, 13), (1, 4, 2, 3, 7, 5, 6, 8, 11, 9, 10, 12, 14, 13), (2, 1, 4, 3, 5, 6, 7, 8, 10, 9, 11, 12, 14, 13), (3, 2, 4, 5, 1, 6, 7, 8, 10, 9, 13, 12, 14, 11), (3, 1, 4, 2, 7, 5, 9, 6, 12, 8, 10, 14, 13, 11), (1, 2, 3, 4, 5, 6, 7, 9, 8, 10, 12, 11, 13, 14)}
M(A) = 
[[1, 2, 3, 4, 5, 6, 7, 8, 9, 10, 12, 11, 13, 14], [1, 2, 3, 4, 5, 6, 7, 9, 8, 10, 12, 11, 13, 14], [2, 1, 3, 4, 5, 6, 7, 8, 9, 10, 12, 11, 13, 14], [2, 1, 3, 4, 5, 6, 7, 9, 8, 10, 12, 11, 13, 14], [2, 3, 1, 4, 5, 6, 7, 8, 9, 10, 12, 11, 13, 14], [2, 3, 1, 4, 5, 6, 7, 9, 8, 10, 12, 11, 13, 14]]
Distance: 47
B = 
{(2, 3, 1, 4, 5, 6, 10, 9, 8, 7, 12, 13, 11, 14), (3, 1, 2, 5, 7, 6, 4, 8, 9, 10, 13, 12, 14, 11), (1, 2, 5, 8, 3, 6, 4, 7, 9, 10, 12, 11, 13, 14), (1, 3, 4, 9, 2, 8, 5, 11, 6, 7, 10, 12, 13, 14), (5, 3, 2, 4, 1, 8, 6, 10, 7, 11, 12, 13, 9, 14), (7, 5, 2, 3, 6, 4, 9, 1, 12, 8, 13, 14, 11, 10)}
M(B) = 
[[1, 2, 3, 4, 5, 6, 7, 8, 9, 10, 12, 11, 13, 14], [1, 2, 3, 4, 5, 6, 7, 9, 8, 10, 12, 11, 13, 14], [2, 1, 3, 4, 5, 6, 7, 8, 9, 10, 12, 11, 13, 14], [2, 1, 3, 4, 5, 6, 7, 9, 8, 10, 12, 11, 13, 14], [2, 3, 1, 4, 5, 6, 7, 8, 9, 10, 12, 11, 13, 14], [2, 3, 1, 4, 5, 6, 7, 9, 8, 10, 12, 11, 13, 14]]
Distance: 73
M(A) inter A:
set()
M(B) inter B:
set()

AUB = 
{(2, 1, 4, 3, 6, 5, 10, 7, 14, 12, 9, 8, 11, 13), (2, 3, 1, 4, 5, 6, 10, 9, 8, 7, 12, 13, 11, 14), (1, 4, 2, 3, 7, 5, 6, 8, 11, 9, 10, 12, 14, 13), (3, 1, 2, 5, 7, 6, 4, 8, 9, 10, 13, 12, 14, 11), (1, 2, 5, 8, 3, 6, 4, 7, 9, 10, 12, 11, 13, 14), (2, 1, 4, 3, 5, 6, 7, 8, 10, 9, 11, 12, 14, 13), (1, 3, 4, 9, 2, 8, 5, 11, 6, 7, 10, 12, 13, 14), (3, 2, 4, 5, 1, 6, 7, 8, 10, 9, 13, 12, 14, 11), (5, 3, 2, 4, 1, 8, 6, 10, 7, 11, 12, 13, 9, 14), (3, 1, 4, 2, 7, 5, 9, 6, 12, 8, 10, 14, 13, 11), (7, 5, 2, 3, 6, 4, 9, 1, 12, 8, 13, 14, 11, 10), (1, 2, 3, 4, 5, 6, 7, 9, 8, 10, 12, 11, 13, 14)}
M(AUB) = 
[[1, 2, 3, 4, 5, 6, 7, 8, 9, 10, 12, 11, 13, 14], [1, 2, 3, 4, 5, 6, 7, 9, 8, 10, 12, 11, 13, 14], [2, 1, 3, 4, 5, 6, 7, 8, 9, 10, 12, 11, 13, 14], [2, 1, 3, 4, 5, 6, 7, 9, 8, 10, 12, 11, 13, 14], [2, 3, 1, 4, 5, 6, 7, 8, 9, 10, 12, 11, 13, 14], [2, 3, 1, 4, 5, 6, 7, 9, 8, 10, 12, 11, 13, 14]]
Distance:128

(20)
A = 
{(2, 1, 3, 4, 5, 6, 9, 7, 8, 10, 11, 12, 13, 14), (1, 2, 3, 4, 5, 6, 7, 8, 9, 10, 12, 11, 13, 14), (1, 2, 3, 4, 6, 5, 7, 10, 12, 9, 8, 11, 13, 14), (3, 5, 7, 1, 4, 6, 11, 2, 9, 8, 10, 14, 12, 13), (1, 3, 5, 2, 6, 7, 4, 8, 13, 12, 14, 10, 11, 9), (2, 5, 3, 1, 4, 6, 7, 8, 12, 9, 13, 11, 10, 14)}
M(A) = 
[[1, 3, 2, 4, 5, 6, 7, 8, 10, 9, 11, 12, 13, 14], [3, 1, 2, 4, 5, 6, 7, 8, 10, 9, 11, 12, 13, 14]]
Distance: 55
B = 
{(3, 4, 5, 2, 7, 6, 1, 8, 10, 9, 11, 12, 14, 13), (3, 1, 2, 4, 7, 5, 6, 8, 11, 12, 10, 13, 9, 14), (1, 2, 3, 5, 4, 7, 6, 8, 9, 10, 11, 12, 13, 14), (1, 3, 2, 4, 5, 6, 7, 8, 10, 9, 13, 11, 12, 14), (3, 4, 1, 2, 6, 5, 8, 10, 13, 7, 11, 12, 9, 14), (5, 3, 6, 1, 11, 2, 8, 4, 10, 14, 7, 9, 12, 13)}
M(B) = 
[[1, 3, 2, 4, 5, 6, 7, 8, 10, 9, 11, 12, 13, 14], [3, 1, 2, 4, 5, 6, 7, 8, 10, 9, 11, 12, 13, 14]]
Distance: 55
M(A) inter A:
set()
M(B) inter B:
set()

AUB = 
{(3, 4, 5, 2, 7, 6, 1, 8, 10, 9, 11, 12, 14, 13), (3, 1, 2, 4, 7, 5, 6, 8, 11, 12, 10, 13, 9, 14), (2, 1, 3, 4, 5, 6, 9, 7, 8, 10, 11, 12, 13, 14), (1, 2, 3, 4, 5, 6, 7, 8, 9, 10, 12, 11, 13, 14), (1, 2, 3, 4, 6, 5, 7, 10, 12, 9, 8, 11, 13, 14), (1, 2, 3, 5, 4, 7, 6, 8, 9, 10, 11, 12, 13, 14), (3, 5, 7, 1, 4, 6, 11, 2, 9, 8, 10, 14, 12, 13), (1, 3, 2, 4, 5, 6, 7, 8, 10, 9, 13, 11, 12, 14), (1, 3, 5, 2, 6, 7, 4, 8, 13, 12, 14, 10, 11, 9), (3, 4, 1, 2, 6, 5, 8, 10, 13, 7, 11, 12, 9, 14), (2, 5, 3, 1, 4, 6, 7, 8, 12, 9, 13, 11, 10, 14), (5, 3, 6, 1, 11, 2, 8, 4, 10, 14, 7, 9, 12, 13)}
M(AUB) = 
[[1, 3, 2, 4, 5, 6, 7, 8, 10, 9, 11, 12, 13, 14], [3, 1, 2, 4, 5, 6, 7, 8, 10, 9, 11, 12, 13, 14]]
Distance:118

(21)
A = 
{(2, 1, 5, 8, 4, 7, 9, 3, 11, 10, 6, 12, 14, 13), (1, 2, 3, 7, 5, 4, 6, 8, 10, 9, 11, 14, 13, 12), (1, 6, 3, 7, 5, 2, 4, 10, 11, 8, 9, 13, 14, 12), (1, 3, 2, 4, 5, 7, 8, 6, 9, 11, 10, 13, 12, 14), (1, 2, 4, 3, 5, 6, 7, 9, 10, 8, 11, 13, 12, 14), (4, 3, 5, 1, 2, 8, 10, 7, 12, 6, 13, 9, 11, 14)}
M(A) = 
[[1, 2, 3, 4, 5, 6, 7, 8, 9, 10, 11, 12, 13, 14], [1, 2, 3, 4, 5, 7, 6, 8, 9, 10, 11, 12, 13, 14], [1, 3, 2, 4, 5, 6, 7, 8, 9, 10, 11, 12, 13, 14], [1, 3, 2, 4, 5, 7, 6, 8, 9, 10, 11, 12, 13, 14]]
Distance: 63
B = 
{(3, 1, 2, 4, 5, 6, 7, 8, 10, 9, 12, 11, 13, 14), (3, 8, 1, 2, 4, 11, 5, 13, 7, 9, 6, 10, 14, 12), (6, 2, 1, 9, 5, 4, 8, 3, 7, 12, 14, 10, 13, 11), (3, 2, 1, 4, 6, 5, 7, 8, 10, 11, 9, 12, 13, 14), (1, 2, 3, 5, 4, 6, 7, 9, 8, 11, 10, 12, 13, 14), (7, 2, 3, 4, 1, 5, 9, 11, 8, 6, 10, 12, 13, 14)}
M(B) = 
[[1, 2, 3, 4, 5, 6, 7, 8, 9, 10, 11, 12, 13, 14], [1, 2, 3, 4, 5, 7, 6, 8, 9, 10, 11, 12, 13, 14], [1, 3, 2, 4, 5, 6, 7, 8, 9, 10, 11, 12, 13, 14], [1, 3, 2, 4, 5, 7, 6, 8, 9, 10, 11, 12, 13, 14]]
Distance: 69
M(A) inter A:
set()
M(B) inter B:
set()

AUB = 
{(3, 1, 2, 4, 5, 6, 7, 8, 10, 9, 12, 11, 13, 14), (2, 1, 5, 8, 4, 7, 9, 3, 11, 10, 6, 12, 14, 13), (1, 2, 3, 7, 5, 4, 6, 8, 10, 9, 11, 14, 13, 12), (1, 6, 3, 7, 5, 2, 4, 10, 11, 8, 9, 13, 14, 12), (3, 8, 1, 2, 4, 11, 5, 13, 7, 9, 6, 10, 14, 12), (6, 2, 1, 9, 5, 4, 8, 3, 7, 12, 14, 10, 13, 11), (3, 2, 1, 4, 6, 5, 7, 8, 10, 11, 9, 12, 13, 14), (1, 3, 2, 4, 5, 7, 8, 6, 9, 11, 10, 13, 12, 14), (1, 2, 4, 3, 5, 6, 7, 9, 10, 8, 11, 13, 12, 14), (1, 2, 3, 5, 4, 6, 7, 9, 8, 11, 10, 12, 13, 14), (4, 3, 5, 1, 2, 8, 10, 7, 12, 6, 13, 9, 11, 14), (7, 2, 3, 4, 1, 5, 9, 11, 8, 6, 10, 12, 13, 14)}
M(AUB) = 
[[1, 2, 3, 4, 5, 6, 7, 8, 9, 10, 11, 12, 13, 14], [1, 2, 3, 4, 5, 7, 6, 8, 9, 10, 11, 12, 13, 14], [1, 3, 2, 4, 5, 6, 7, 8, 9, 10, 11, 12, 13, 14], [1, 3, 2, 4, 5, 7, 6, 8, 9, 10, 11, 12, 13, 14]]
Distance:138

(22)
A = 
{(1, 2, 5, 7, 4, 9, 11, 6, 8, 3, 10, 14, 13, 12), (2, 4, 7, 6, 1, 5, 8, 3, 11, 9, 12, 10, 14, 13), (1, 2, 3, 4, 5, 10, 6, 7, 9, 8, 12, 11, 14, 13), (6, 2, 4, 1, 8, 3, 7, 5, 10, 11, 12, 14, 13, 9), (2, 1, 4, 3, 8, 5, 7, 6, 10, 11, 9, 13, 12, 14), (1, 2, 3, 4, 6, 5, 9, 8, 10, 7, 11, 12, 13, 14)}
M(A) = 
[[1, 2, 3, 4, 5, 6, 7, 8, 9, 10, 11, 12, 13, 14], [1, 2, 3, 4, 5, 6, 7, 8, 9, 10, 11, 12, 14, 13], [1, 2, 3, 4, 5, 6, 7, 8, 10, 9, 11, 12, 13, 14], [1, 2, 3, 4, 5, 6, 7, 8, 10, 9, 11, 12, 14, 13], [1, 2, 3, 4, 5, 6, 7, 9, 8, 10, 11, 12, 13, 14], [1, 2, 3, 4, 5, 6, 7, 9, 8, 10, 11, 12, 14, 13], [1, 2, 3, 4, 6, 5, 7, 8, 9, 10, 11, 12, 13, 14], [1, 2, 3, 4, 6, 5, 7, 8, 9, 10, 11, 12, 14, 13], [1, 2, 3, 4, 6, 5, 7, 8, 10, 9, 11, 12, 13, 14], [1, 2, 3, 4, 6, 5, 7, 8, 10, 9, 11, 12, 14, 13], [1, 2, 3, 4, 6, 5, 7, 9, 8, 10, 11, 12, 13, 14], [1, 2, 3, 4, 6, 5, 7, 9, 8, 10, 11, 12, 14, 13], [1, 2, 4, 3, 5, 6, 7, 8, 9, 10, 11, 12, 13, 14], [1, 2, 4, 3, 5, 6, 7, 8, 9, 10, 11, 12, 14, 13], [1, 2, 4, 3, 5, 6, 7, 8, 10, 9, 11, 12, 13, 14], [1, 2, 4, 3, 5, 6, 7, 8, 10, 9, 11, 12, 14, 13], [1, 2, 4, 3, 5, 6, 7, 9, 8, 10, 11, 12, 13, 14], [1, 2, 4, 3, 5, 6, 7, 9, 8, 10, 11, 12, 14, 13], [1, 2, 4, 3, 6, 5, 7, 8, 9, 10, 11, 12, 13, 14], [1, 2, 4, 3, 6, 5, 7, 8, 9, 10, 11, 12, 14, 13], [1, 2, 4, 3, 6, 5, 7, 8, 10, 9, 11, 12, 13, 14], [1, 2, 4, 3, 6, 5, 7, 8, 10, 9, 11, 12, 14, 13], [1, 2, 4, 3, 6, 5, 7, 9, 8, 10, 11, 12, 13, 14], [1, 2, 4, 3, 6, 5, 7, 9, 8, 10, 11, 12, 14, 13]]
Distance: 69
B = 
{(1, 2, 5, 4, 6, 9, 8, 3, 7, 10, 11, 12, 13, 14), (2, 3, 1, 5, 6, 7, 4, 10, 8, 11, 9, 12, 14, 13), (1, 4, 2, 10, 6, 3, 7, 5, 9, 8, 11, 12, 14, 13), (1, 3, 4, 5, 2, 6, 7, 9, 8, 10, 11, 12, 13, 14), (1, 2, 3, 6, 4, 5, 7, 10, 12, 8, 9, 11, 13, 14), (1, 3, 2, 4, 6, 5, 7, 8, 11, 9, 10, 13, 14, 12)}
M(B) = 
[[1, 2, 3, 4, 5, 6, 7, 8, 9, 10, 11, 12, 13, 14], [1, 2, 3, 4, 5, 6, 7, 8, 9, 10, 11, 12, 14, 13], [1, 2, 3, 4, 5, 6, 7, 8, 10, 9, 11, 12, 13, 14], [1, 2, 3, 4, 5, 6, 7, 8, 10, 9, 11, 12, 14, 13], [1, 2, 3, 4, 5, 6, 7, 9, 8, 10, 11, 12, 13, 14], [1, 2, 3, 4, 5, 6, 7, 9, 8, 10, 11, 12, 14, 13], [1, 2, 3, 4, 6, 5, 7, 8, 9, 10, 11, 12, 13, 14], [1, 2, 3, 4, 6, 5, 7, 8, 9, 10, 11, 12, 14, 13], [1, 2, 3, 4, 6, 5, 7, 8, 10, 9, 11, 12, 13, 14], [1, 2, 3, 4, 6, 5, 7, 8, 10, 9, 11, 12, 14, 13], [1, 2, 3, 4, 6, 5, 7, 9, 8, 10, 11, 12, 13, 14], [1, 2, 3, 4, 6, 5, 7, 9, 8, 10, 11, 12, 14, 13], [1, 2, 4, 3, 5, 6, 7, 8, 9, 10, 11, 12, 13, 14], [1, 2, 4, 3, 5, 6, 7, 8, 9, 10, 11, 12, 14, 13], [1, 2, 4, 3, 5, 6, 7, 8, 10, 9, 11, 12, 13, 14], [1, 2, 4, 3, 5, 6, 7, 8, 10, 9, 11, 12, 14, 13], [1, 2, 4, 3, 5, 6, 7, 9, 8, 10, 11, 12, 13, 14], [1, 2, 4, 3, 5, 6, 7, 9, 8, 10, 11, 12, 14, 13], [1, 2, 4, 3, 6, 5, 7, 8, 9, 10, 11, 12, 13, 14], [1, 2, 4, 3, 6, 5, 7, 8, 9, 10, 11, 12, 14, 13], [1, 2, 4, 3, 6, 5, 7, 8, 10, 9, 11, 12, 13, 14], [1, 2, 4, 3, 6, 5, 7, 8, 10, 9, 11, 12, 14, 13], [1, 2, 4, 3, 6, 5, 7, 9, 8, 10, 11, 12, 13, 14], [1, 2, 4, 3, 6, 5, 7, 9, 8, 10, 11, 12, 14, 13]]
Distance: 48
M(A) inter A:
set()
M(B) inter B:
set()

AUB = 
{(1, 2, 5, 4, 6, 9, 8, 3, 7, 10, 11, 12, 13, 14), (1, 2, 5, 7, 4, 9, 11, 6, 8, 3, 10, 14, 13, 12), (2, 4, 7, 6, 1, 5, 8, 3, 11, 9, 12, 10, 14, 13), (1, 2, 3, 4, 5, 10, 6, 7, 9, 8, 12, 11, 14, 13), (6, 2, 4, 1, 8, 3, 7, 5, 10, 11, 12, 14, 13, 9), (2, 3, 1, 5, 6, 7, 4, 10, 8, 11, 9, 12, 14, 13), (2, 1, 4, 3, 8, 5, 7, 6, 10, 11, 9, 13, 12, 14), (1, 2, 3, 4, 6, 5, 9, 8, 10, 7, 11, 12, 13, 14), (1, 4, 2, 10, 6, 3, 7, 5, 9, 8, 11, 12, 14, 13), (1, 3, 4, 5, 2, 6, 7, 9, 8, 10, 11, 12, 13, 14), (1, 2, 3, 6, 4, 5, 7, 10, 12, 8, 9, 11, 13, 14), (1, 3, 2, 4, 6, 5, 7, 8, 11, 9, 10, 13, 14, 12)}
M(AUB) = 
[[1, 2, 3, 4, 5, 6, 7, 8, 9, 10, 11, 12, 13, 14], [1, 2, 3, 4, 5, 6, 7, 8, 9, 10, 11, 12, 14, 13], [1, 2, 3, 4, 5, 6, 7, 8, 10, 9, 11, 12, 13, 14], [1, 2, 3, 4, 5, 6, 7, 8, 10, 9, 11, 12, 14, 13], [1, 2, 3, 4, 5, 6, 7, 9, 8, 10, 11, 12, 13, 14], [1, 2, 3, 4, 5, 6, 7, 9, 8, 10, 11, 12, 14, 13], [1, 2, 3, 4, 6, 5, 7, 8, 9, 10, 11, 12, 13, 14], [1, 2, 3, 4, 6, 5, 7, 8, 9, 10, 11, 12, 14, 13], [1, 2, 3, 4, 6, 5, 7, 8, 10, 9, 11, 12, 13, 14], [1, 2, 3, 4, 6, 5, 7, 8, 10, 9, 11, 12, 14, 13], [1, 2, 3, 4, 6, 5, 7, 9, 8, 10, 11, 12, 13, 14], [1, 2, 3, 4, 6, 5, 7, 9, 8, 10, 11, 12, 14, 13], [1, 2, 4, 3, 5, 6, 7, 8, 9, 10, 11, 12, 13, 14], [1, 2, 4, 3, 5, 6, 7, 8, 9, 10, 11, 12, 14, 13], [1, 2, 4, 3, 5, 6, 7, 8, 10, 9, 11, 12, 13, 14], [1, 2, 4, 3, 5, 6, 7, 8, 10, 9, 11, 12, 14, 13], [1, 2, 4, 3, 5, 6, 7, 9, 8, 10, 11, 12, 13, 14], [1, 2, 4, 3, 5, 6, 7, 9, 8, 10, 11, 12, 14, 13], [1, 2, 4, 3, 6, 5, 7, 8, 9, 10, 11, 12, 13, 14], [1, 2, 4, 3, 6, 5, 7, 8, 9, 10, 11, 12, 14, 13], [1, 2, 4, 3, 6, 5, 7, 8, 10, 9, 11, 12, 13, 14], [1, 2, 4, 3, 6, 5, 7, 8, 10, 9, 11, 12, 14, 13], [1, 2, 4, 3, 6, 5, 7, 9, 8, 10, 11, 12, 13, 14], [1, 2, 4, 3, 6, 5, 7, 9, 8, 10, 11, 12, 14, 13]]
Distance:121

(23)
A = 
{(1, 3, 2, 6, 4, 10, 8, 5, 14, 7, 12, 9, 11, 13), (1, 4, 7, 3, 6, 2, 5, 8, 11, 10, 9, 12, 13, 14), (1, 2, 4, 3, 5, 6, 7, 11, 9, 8, 10, 12, 13, 14), (1, 2, 4, 5, 3, 9, 7, 6, 10, 12, 11, 8, 14, 13), (3, 6, 2, 8, 1, 4, 5, 11, 9, 13, 12, 14, 7, 10), (2, 1, 9, 3, 6, 4, 5, 8, 12, 10, 7, 14, 13, 11)}
M(A) = 
[[1, 2, 3, 4, 6, 5, 7, 8, 9, 10, 11, 12, 14, 13], [1, 2, 3, 4, 6, 5, 7, 8, 9, 10, 12, 11, 14, 13], [2, 1, 3, 4, 6, 5, 7, 8, 9, 10, 11, 12, 14, 13], [2, 1, 3, 4, 6, 5, 7, 8, 9, 10, 12, 11, 14, 13]]
Distance: 81
B = 
{(4, 3, 5, 2, 1, 9, 10, 8, 6, 12, 7, 13, 14, 11), (2, 3, 4, 1, 7, 6, 5, 8, 9, 10, 12, 11, 13, 14), (3, 1, 5, 4, 2, 8, 6, 9, 7, 12, 14, 10, 13, 11), (2, 3, 1, 5, 4, 6, 10, 9, 7, 8, 11, 14, 13, 12), (1, 2, 3, 4, 6, 5, 7, 8, 9, 10, 11, 12, 14, 13), (2, 1, 4, 6, 7, 3, 8, 5, 9, 10, 11, 14, 12, 13)}
M(B) = 
[[1, 2, 3, 4, 6, 5, 7, 8, 9, 10, 11, 12, 14, 13], [1, 2, 3, 4, 6, 5, 7, 8, 9, 10, 12, 11, 14, 13], [2, 1, 3, 4, 6, 5, 7, 8, 9, 10, 11, 12, 14, 13], [2, 1, 3, 4, 6, 5, 7, 8, 9, 10, 12, 11, 14, 13]]
Distance: 57
M(A) inter A:
set()
M(B) inter B:
set()

AUB = 
{(4, 3, 5, 2, 1, 9, 10, 8, 6, 12, 7, 13, 14, 11), (1, 3, 2, 6, 4, 10, 8, 5, 14, 7, 12, 9, 11, 13), (1, 4, 7, 3, 6, 2, 5, 8, 11, 10, 9, 12, 13, 14), (1, 2, 4, 3, 5, 6, 7, 11, 9, 8, 10, 12, 13, 14), (2, 3, 4, 1, 7, 6, 5, 8, 9, 10, 12, 11, 13, 14), (1, 2, 4, 5, 3, 9, 7, 6, 10, 12, 11, 8, 14, 13), (3, 1, 5, 4, 2, 8, 6, 9, 7, 12, 14, 10, 13, 11), (2, 3, 1, 5, 4, 6, 10, 9, 7, 8, 11, 14, 13, 12), (1, 2, 3, 4, 6, 5, 7, 8, 9, 10, 11, 12, 14, 13), (3, 6, 2, 8, 1, 4, 5, 11, 9, 13, 12, 14, 7, 10), (2, 1, 9, 3, 6, 4, 5, 8, 12, 10, 7, 14, 13, 11), (2, 1, 4, 6, 7, 3, 8, 5, 9, 10, 11, 14, 12, 13)}
M(AUB) = 
[[1, 2, 3, 4, 6, 5, 7, 8, 9, 10, 11, 12, 14, 13], [1, 2, 3, 4, 6, 5, 7, 8, 9, 10, 12, 11, 14, 13], [2, 1, 3, 4, 6, 5, 7, 8, 9, 10, 11, 12, 14, 13], [2, 1, 3, 4, 6, 5, 7, 8, 9, 10, 12, 11, 14, 13]]
Distance:142

(24)
A = 
{(3, 5, 2, 4, 1, 7, 6, 8, 9, 11, 10, 14, 12, 13), (1, 2, 5, 4, 3, 9, 6, 7, 8, 14, 10, 12, 13, 11), (2, 4, 1, 5, 9, 3, 10, 6, 13, 7, 8, 12, 11, 14), (2, 3, 1, 5, 7, 11, 4, 8, 9, 14, 6, 10, 12, 13), (3, 6, 2, 1, 5, 7, 9, 4, 8, 10, 11, 12, 13, 14), (1, 3, 4, 2, 6, 5, 7, 8, 9, 11, 10, 12, 14, 13)}
M(A) = 
[[1, 2, 3, 4, 5, 6, 7, 8, 9, 10, 11, 12, 13, 14], [1, 2, 3, 4, 5, 6, 7, 8, 9, 10, 11, 12, 14, 13], [1, 3, 2, 4, 5, 6, 7, 8, 9, 10, 11, 12, 13, 14], [1, 3, 2, 4, 5, 6, 7, 8, 9, 10, 11, 12, 14, 13], [2, 1, 3, 4, 5, 6, 7, 8, 9, 10, 11, 12, 13, 14], [2, 1, 3, 4, 5, 6, 7, 8, 9, 10, 11, 12, 14, 13], [2, 3, 1, 4, 5, 6, 7, 8, 9, 10, 11, 12, 13, 14], [2, 3, 1, 4, 5, 6, 7, 8, 9, 10, 11, 12, 14, 13], [3, 1, 2, 4, 5, 6, 7, 8, 9, 10, 11, 12, 13, 14], [3, 1, 2, 4, 5, 6, 7, 8, 9, 10, 11, 12, 14, 13], [3, 2, 1, 4, 5, 6, 7, 8, 9, 10, 11, 12, 13, 14], [3, 2, 1, 4, 5, 6, 7, 8, 9, 10, 11, 12, 14, 13]]
Distance: 65
B = 
{(3, 1, 2, 4, 7, 5, 8, 6, 11, 10, 9, 13, 12, 14), (3, 2, 1, 5, 8, 6, 7, 9, 10, 12, 4, 13, 11, 14), (1, 3, 2, 4, 7, 6, 5, 8, 9, 10, 14, 11, 13, 12), (1, 2, 6, 3, 8, 4, 9, 11, 7, 12, 14, 13, 10, 5), (1, 2, 3, 4, 5, 6, 7, 8, 9, 10, 11, 12, 13, 14), (2, 3, 1, 4, 5, 7, 6, 9, 8, 10, 11, 12, 13, 14)}
M(B) = 
[[1, 2, 3, 4, 5, 6, 7, 8, 9, 10, 11, 12, 13, 14], [1, 2, 3, 4, 5, 6, 7, 8, 9, 10, 11, 12, 14, 13], [1, 3, 2, 4, 5, 6, 7, 8, 9, 10, 11, 12, 13, 14], [1, 3, 2, 4, 5, 6, 7, 8, 9, 10, 11, 12, 14, 13], [2, 1, 3, 4, 5, 6, 7, 8, 9, 10, 11, 12, 13, 14], [2, 1, 3, 4, 5, 6, 7, 8, 9, 10, 11, 12, 14, 13], [2, 3, 1, 4, 5, 6, 7, 8, 9, 10, 11, 12, 13, 14], [2, 3, 1, 4, 5, 6, 7, 8, 9, 10, 11, 12, 14, 13], [3, 1, 2, 4, 5, 6, 7, 8, 9, 10, 11, 12, 13, 14], [3, 1, 2, 4, 5, 6, 7, 8, 9, 10, 11, 12, 14, 13], [3, 2, 1, 4, 5, 6, 7, 8, 9, 10, 11, 12, 13, 14], [3, 2, 1, 4, 5, 6, 7, 8, 9, 10, 11, 12, 14, 13]]
Distance: 55
M(A) inter A:
set()
M(B) inter B:
{(1, 2, 3, 4, 5, 6, 7, 8, 9, 10, 11, 12, 13, 14)}

AUB = 
{(3, 5, 2, 4, 1, 7, 6, 8, 9, 11, 10, 14, 12, 13), (1, 2, 5, 4, 3, 9, 6, 7, 8, 14, 10, 12, 13, 11), (3, 1, 2, 4, 7, 5, 8, 6, 11, 10, 9, 13, 12, 14), (2, 4, 1, 5, 9, 3, 10, 6, 13, 7, 8, 12, 11, 14), (2, 3, 1, 5, 7, 11, 4, 8, 9, 14, 6, 10, 12, 13), (3, 6, 2, 1, 5, 7, 9, 4, 8, 10, 11, 12, 13, 14), (3, 2, 1, 5, 8, 6, 7, 9, 10, 12, 4, 13, 11, 14), (1, 3, 2, 4, 7, 6, 5, 8, 9, 10, 14, 11, 13, 12), (1, 2, 6, 3, 8, 4, 9, 11, 7, 12, 14, 13, 10, 5), (1, 2, 3, 4, 5, 6, 7, 8, 9, 10, 11, 12, 13, 14), (1, 3, 4, 2, 6, 5, 7, 8, 9, 11, 10, 12, 14, 13), (2, 3, 1, 4, 5, 7, 6, 9, 8, 10, 11, 12, 13, 14)}
M(AUB) = 
[[1, 2, 3, 4, 5, 6, 7, 8, 9, 10, 11, 12, 13, 14], [1, 2, 3, 4, 5, 6, 7, 8, 9, 10, 11, 12, 14, 13], [1, 3, 2, 4, 5, 6, 7, 8, 9, 10, 11, 12, 13, 14], [1, 3, 2, 4, 5, 6, 7, 8, 9, 10, 11, 12, 14, 13], [2, 1, 3, 4, 5, 6, 7, 8, 9, 10, 11, 12, 13, 14], [2, 1, 3, 4, 5, 6, 7, 8, 9, 10, 11, 12, 14, 13], [2, 3, 1, 4, 5, 6, 7, 8, 9, 10, 11, 12, 13, 14], [2, 3, 1, 4, 5, 6, 7, 8, 9, 10, 11, 12, 14, 13], [3, 1, 2, 4, 5, 6, 7, 8, 9, 10, 11, 12, 13, 14], [3, 1, 2, 4, 5, 6, 7, 8, 9, 10, 11, 12, 14, 13], [3, 2, 1, 4, 5, 6, 7, 8, 9, 10, 11, 12, 13, 14], [3, 2, 1, 4, 5, 6, 7, 8, 9, 10, 11, 12, 14, 13]]
Distance:126

(25)
A = 
{(2, 1, 3, 4, 5, 6, 7, 8, 9, 10, 11, 12, 13, 14), (3, 1, 2, 4, 5, 7, 6, 8, 9, 10, 11, 13, 12, 14), (1, 2, 3, 5, 6, 8, 4, 7, 10, 11, 9, 12, 13, 14), (3, 5, 1, 2, 6, 7, 4, 11, 8, 10, 12, 14, 9, 13), (1, 2, 3, 4, 5, 6, 7, 8, 9, 10, 12, 11, 13, 14), (2, 1, 4, 6, 5, 3, 7, 10, 9, 8, 11, 12, 13, 14)}
M(A) = 
[[1, 2, 3, 4, 5, 6, 7, 8, 9, 10, 11, 12, 13, 14], [2, 1, 3, 4, 5, 6, 7, 8, 9, 10, 11, 12, 13, 14]]
Distance: 34
B = 
{(2, 1, 5, 4, 3, 7, 6, 9, 8, 11, 10, 12, 14, 13), (2, 1, 7, 3, 5, 4, 6, 8, 10, 12, 9, 11, 14, 13), (3, 2, 5, 1, 7, 4, 6, 8, 9, 11, 12, 10, 13, 14), (1, 4, 5, 3, 2, 7, 9, 8, 11, 13, 6, 10, 12, 14), (1, 3, 2, 4, 6, 7, 8, 12, 10, 9, 5, 14, 11, 13), (4, 2, 3, 1, 5, 6, 8, 7, 11, 9, 10, 14, 12, 13)}
M(B) = 
[[1, 2, 3, 4, 5, 6, 7, 8, 9, 10, 11, 12, 13, 14], [2, 1, 3, 4, 5, 6, 7, 8, 9, 10, 11, 12, 13, 14]]
Distance: 56
M(A) inter A:
set()
M(B) inter B:
set()

AUB = 
{(2, 1, 3, 4, 5, 6, 7, 8, 9, 10, 11, 12, 13, 14), (3, 1, 2, 4, 5, 7, 6, 8, 9, 10, 11, 13, 12, 14), (1, 2, 3, 5, 6, 8, 4, 7, 10, 11, 9, 12, 13, 14), (3, 5, 1, 2, 6, 7, 4, 11, 8, 10, 12, 14, 9, 13), (2, 1, 5, 4, 3, 7, 6, 9, 8, 11, 10, 12, 14, 13), (2, 1, 7, 3, 5, 4, 6, 8, 10, 12, 9, 11, 14, 13), (1, 2, 3, 4, 5, 6, 7, 8, 9, 10, 12, 11, 13, 14), (2, 1, 4, 6, 5, 3, 7, 10, 9, 8, 11, 12, 13, 14), (3, 2, 5, 1, 7, 4, 6, 8, 9, 11, 12, 10, 13, 14), (1, 4, 5, 3, 2, 7, 9, 8, 11, 13, 6, 10, 12, 14), (1, 3, 2, 4, 6, 7, 8, 12, 10, 9, 5, 14, 11, 13), (4, 2, 3, 1, 5, 6, 8, 7, 11, 9, 10, 14, 12, 13)}
M(AUB) = 
[[1, 2, 3, 4, 5, 6, 7, 8, 9, 10, 11, 12, 13, 14], [2, 1, 3, 4, 5, 6, 7, 8, 9, 10, 11, 12, 13, 14]]
Distance:98

(26)
A = 
{(1, 4, 2, 3, 5, 7, 9, 11, 6, 8, 10, 13, 14, 12), (2, 4, 3, 7, 6, 1, 8, 12, 9, 5, 11, 13, 10, 14), (1, 2, 3, 5, 4, 6, 7, 8, 9, 10, 11, 12, 13, 14), (3, 1, 2, 4, 5, 7, 6, 8, 10, 9, 11, 12, 14, 13), (2, 1, 3, 4, 5, 6, 9, 7, 8, 10, 11, 12, 13, 14), (2, 3, 6, 4, 5, 12, 8, 1, 9, 7, 13, 11, 10, 14)}
M(A) = 
[[2, 1, 3, 4, 5, 7, 6, 8, 9, 10, 11, 12, 13, 14], [2, 3, 1, 4, 5, 7, 6, 8, 9, 10, 11, 12, 13, 14]]
Distance: 55
B = 
{(2, 1, 3, 4, 5, 7, 6, 8, 9, 10, 11, 13, 12, 14), (2, 1, 4, 3, 7, 5, 6, 8, 10, 9, 12, 11, 13, 14), (5, 3, 1, 4, 2, 6, 9, 7, 11, 8, 10, 14, 12, 13), (2, 3, 1, 4, 7, 5, 13, 8, 10, 12, 14, 6, 9, 11), (2, 3, 5, 6, 1, 4, 9, 10, 7, 8, 13, 12, 11, 14), (1, 2, 3, 7, 4, 5, 6, 10, 8, 9, 11, 12, 13, 14)}
M(B) = 
[[2, 1, 3, 4, 5, 7, 6, 8, 9, 10, 11, 12, 13, 14], [2, 3, 1, 4, 5, 7, 6, 8, 9, 10, 11, 12, 13, 14]]
Distance: 55
M(A) inter A:
set()
M(B) inter B:
{(2, 1, 3, 4, 5, 7, 6, 8, 9, 10, 11, 13, 12, 14)}

AUB = 
{(1, 4, 2, 3, 5, 7, 9, 11, 6, 8, 10, 13, 14, 12), (2, 1, 3, 4, 5, 7, 6, 8, 9, 10, 11, 13, 12, 14), (2, 4, 3, 7, 6, 1, 8, 12, 9, 5, 11, 13, 10, 14), (2, 1, 4, 3, 7, 5, 6, 8, 10, 9, 12, 11, 13, 14), (5, 3, 1, 4, 2, 6, 9, 7, 11, 8, 10, 14, 12, 13), (2, 3, 1, 4, 7, 5, 13, 8, 10, 12, 14, 6, 9, 11), (1, 2, 3, 5, 4, 6, 7, 8, 9, 10, 11, 12, 13, 14), (2, 3, 6, 4, 5, 12, 8, 1, 9, 7, 13, 11, 10, 14), (3, 1, 2, 4, 5, 7, 6, 8, 10, 9, 11, 12, 14, 13), (2, 1, 3, 4, 5, 6, 9, 7, 8, 10, 11, 12, 13, 14), (2, 3, 5, 6, 1, 4, 9, 10, 7, 8, 13, 12, 11, 14), (1, 2, 3, 7, 4, 5, 6, 10, 8, 9, 11, 12, 13, 14)}
M(AUB) = 
[[2, 1, 3, 4, 5, 7, 6, 8, 9, 10, 11, 12, 13, 14], [2, 3, 1, 4, 5, 7, 6, 8, 9, 10, 11, 12, 13, 14]]
Distance:110

(27)
A = 
{(1, 2, 3, 5, 6, 8, 4, 7, 9, 11, 10, 13, 12, 14), (1, 3, 5, 2, 4, 6, 10, 7, 9, 8, 11, 12, 14, 13), (4, 1, 3, 8, 5, 6, 11, 2, 9, 12, 7, 14, 10, 13), (2, 4, 1, 3, 6, 7, 8, 9, 5, 10, 11, 13, 12, 14), (1, 2, 4, 5, 6, 3, 7, 11, 9, 8, 13, 10, 12, 14), (1, 3, 2, 4, 6, 5, 8, 7, 9, 10, 12, 13, 14, 11)}
M(A) = 
[[1, 2, 3, 4, 5, 6, 7, 8, 9, 11, 10, 12, 14, 13], [1, 2, 4, 3, 5, 6, 7, 8, 9, 11, 10, 12, 14, 13]]
Distance: 56
B = 
{(1, 5, 3, 2, 4, 9, 6, 7, 10, 8, 14, 12, 13, 11), (1, 6, 2, 3, 4, 7, 11, 9, 10, 12, 5, 14, 8, 13), (4, 2, 1, 5, 6, 8, 11, 7, 14, 9, 3, 10, 12, 13), (1, 2, 4, 3, 6, 5, 7, 8, 9, 11, 10, 12, 13, 14), (2, 1, 4, 3, 5, 9, 6, 8, 7, 12, 11, 14, 10, 13), (1, 2, 3, 4, 5, 6, 7, 8, 9, 10, 11, 12, 14, 13)}
M(B) = 
[[1, 2, 3, 4, 5, 6, 7, 8, 9, 11, 10, 12, 14, 13], [1, 2, 4, 3, 5, 6, 7, 8, 9, 11, 10, 12, 14, 13]]
Distance: 58
M(A) inter A:
set()
M(B) inter B:
set()

AUB = 
{(1, 2, 3, 5, 6, 8, 4, 7, 9, 11, 10, 13, 12, 14), (1, 3, 5, 2, 4, 6, 10, 7, 9, 8, 11, 12, 14, 13), (1, 5, 3, 2, 4, 9, 6, 7, 10, 8, 14, 12, 13, 11), (1, 6, 2, 3, 4, 7, 11, 9, 10, 12, 5, 14, 8, 13), (4, 1, 3, 8, 5, 6, 11, 2, 9, 12, 7, 14, 10, 13), (4, 2, 1, 5, 6, 8, 11, 7, 14, 9, 3, 10, 12, 13), (2, 4, 1, 3, 6, 7, 8, 9, 5, 10, 11, 13, 12, 14), (1, 2, 4, 3, 6, 5, 7, 8, 9, 11, 10, 12, 13, 14), (1, 2, 4, 5, 6, 3, 7, 11, 9, 8, 13, 10, 12, 14), (2, 1, 4, 3, 5, 9, 6, 8, 7, 12, 11, 14, 10, 13), (1, 2, 3, 4, 5, 6, 7, 8, 9, 10, 11, 12, 14, 13), (1, 3, 2, 4, 6, 5, 8, 7, 9, 10, 12, 13, 14, 11)}
M(AUB) = 
[[1, 2, 3, 4, 5, 6, 7, 8, 9, 11, 10, 12, 14, 13], [1, 2, 4, 3, 5, 6, 7, 8, 9, 11, 10, 12, 14, 13]]
Distance:116

(28)
A = 
{(1, 2, 4, 3, 5, 6, 8, 10, 12, 7, 9, 13, 11, 14), (5, 1, 2, 3, 4, 8, 6, 11, 10, 12, 7, 9, 13, 14), (1, 3, 2, 4, 7, 5, 6, 10, 9, 11, 12, 14, 13, 8), (3, 2, 1, 6, 5, 7, 4, 10, 11, 8, 9, 12, 14, 13), (1, 2, 3, 5, 7, 4, 8, 6, 10, 9, 11, 12, 13, 14), (1, 2, 3, 5, 4, 7, 6, 9, 8, 10, 14, 13, 11, 12)}
M(A) = 
[[1, 2, 3, 4, 5, 6, 7, 8, 10, 9, 11, 12, 14, 13], [1, 2, 3, 5, 4, 6, 7, 8, 10, 9, 11, 12, 14, 13]]
Distance: 51
B = 
{(1, 2, 3, 4, 6, 5, 7, 9, 12, 11, 10, 8, 14, 13), (1, 3, 4, 2, 6, 9, 5, 7, 8, 11, 10, 13, 12, 14), (2, 3, 1, 5, 6, 4, 11, 10, 13, 12, 7, 8, 9, 14), (4, 5, 3, 2, 1, 9, 7, 10, 11, 8, 6, 14, 12, 13), (2, 3, 1, 5, 4, 6, 7, 8, 10, 9, 12, 14, 13, 11), (1, 2, 3, 4, 6, 5, 7, 8, 9, 10, 11, 12, 14, 13)}
M(B) = 
[[1, 2, 3, 4, 5, 6, 7, 8, 10, 9, 11, 12, 14, 13], [1, 2, 3, 5, 4, 6, 7, 8, 10, 9, 11, 12, 14, 13]]
Distance: 63
M(A) inter A:
set()
M(B) inter B:
{(1, 2, 3, 4, 6, 5, 7, 8, 9, 10, 11, 12, 14, 13)}

AUB = 
{(1, 2, 4, 3, 5, 6, 8, 10, 12, 7, 9, 13, 11, 14), (1, 2, 3, 4, 6, 5, 7, 9, 12, 11, 10, 8, 14, 13), (1, 3, 4, 2, 6, 9, 5, 7, 8, 11, 10, 13, 12, 14), (5, 1, 2, 3, 4, 8, 6, 11, 10, 12, 7, 9, 13, 14), (1, 3, 2, 4, 7, 5, 6, 10, 9, 11, 12, 14, 13, 8), (3, 2, 1, 6, 5, 7, 4, 10, 11, 8, 9, 12, 14, 13), (2, 3, 1, 5, 6, 4, 11, 10, 13, 12, 7, 8, 9, 14), (4, 5, 3, 2, 1, 9, 7, 10, 11, 8, 6, 14, 12, 13), (1, 2, 3, 5, 7, 4, 8, 6, 10, 9, 11, 12, 13, 14), (2, 3, 1, 5, 4, 6, 7, 8, 10, 9, 12, 14, 13, 11), (1, 2, 3, 4, 6, 5, 7, 8, 9, 10, 11, 12, 14, 13), (1, 2, 3, 5, 4, 7, 6, 9, 8, 10, 14, 13, 11, 12)}
M(AUB) = 
[[1, 2, 3, 4, 5, 6, 7, 8, 10, 9, 11, 12, 14, 13], [1, 2, 3, 5, 4, 6, 7, 8, 10, 9, 11, 12, 14, 13]]
Distance:118

(29)
A = 
{(1, 2, 3, 4, 7, 5, 6, 8, 9, 10, 11, 12, 14, 13), (1, 2, 3, 5, 6, 4, 7, 8, 9, 10, 11, 12, 13, 14), (1, 2, 3, 4, 5, 7, 6, 10, 8, 9, 11, 13, 12, 14), (1, 4, 2, 3, 8, 7, 6, 5, 13, 9, 11, 12, 10, 14), (2, 1, 9, 4, 5, 8, 3, 6, 10, 7, 11, 13, 14, 12), (1, 2, 3, 4, 5, 7, 6, 8, 9, 11, 10, 12, 13, 14)}
M(A) = 
[[1, 2, 3, 4, 5, 7, 6, 8, 9, 10, 11, 12, 13, 14]]
Distance: 38
B = 
{(5, 2, 3, 7, 1, 4, 6, 8, 10, 12, 11, 9, 14, 13), (1, 5, 3, 2, 4, 6, 8, 11, 12, 7, 9, 10, 13, 14), (2, 1, 4, 8, 3, 5, 9, 7, 6, 10, 11, 12, 13, 14), (5, 3, 1, 2, 7, 4, 10, 6, 8, 12, 9, 13, 11, 14), (3, 2, 4, 5, 1, 8, 7, 6, 10, 12, 9, 14, 11, 13), (1, 2, 3, 4, 6, 5, 8, 9, 7, 10, 11, 12, 13, 14)}
M(B) = 
[[1, 2, 3, 4, 5, 7, 6, 8, 9, 10, 11, 12, 13, 14]]
Distance: 60
M(A) inter A:
set()
M(B) inter B:
set()

AUB = 
{(1, 2, 3, 4, 7, 5, 6, 8, 9, 10, 11, 12, 14, 13), (5, 2, 3, 7, 1, 4, 6, 8, 10, 12, 11, 9, 14, 13), (1, 2, 3, 5, 6, 4, 7, 8, 9, 10, 11, 12, 13, 14), (1, 2, 3, 4, 5, 7, 6, 10, 8, 9, 11, 13, 12, 14), (1, 5, 3, 2, 4, 6, 8, 11, 12, 7, 9, 10, 13, 14), (2, 1, 4, 8, 3, 5, 9, 7, 6, 10, 11, 12, 13, 14), (5, 3, 1, 2, 7, 4, 10, 6, 8, 12, 9, 13, 11, 14), (1, 4, 2, 3, 8, 7, 6, 5, 13, 9, 11, 12, 10, 14), (3, 2, 4, 5, 1, 8, 7, 6, 10, 12, 9, 14, 11, 13), (1, 2, 3, 4, 6, 5, 8, 9, 7, 10, 11, 12, 13, 14), (2, 1, 9, 4, 5, 8, 3, 6, 10, 7, 11, 13, 14, 12), (1, 2, 3, 4, 5, 7, 6, 8, 9, 11, 10, 12, 13, 14)}
M(AUB) = 
[[1, 2, 3, 4, 5, 7, 6, 8, 9, 10, 11, 12, 13, 14]]
Distance:100

(30)
A = 
{(4, 1, 5, 2, 3, 7, 9, 6, 8, 10, 14, 11, 12, 13), (2, 3, 1, 5, 4, 6, 7, 8, 9, 10, 11, 13, 12, 14), (3, 2, 5, 4, 1, 10, 6, 8, 7, 9, 13, 14, 11, 12), (1, 4, 2, 3, 7, 6, 9, 11, 8, 5, 10, 12, 13, 14), (1, 2, 4, 3, 5, 6, 8, 7, 9, 10, 11, 12, 13, 14), (3, 4, 1, 2, 5, 6, 7, 12, 8, 13, 10, 11, 9, 14)}
M(A) = 
[[1, 2, 3, 4, 5, 6, 7, 8, 9, 10, 11, 12, 13, 14], [1, 2, 3, 4, 5, 6, 7, 8, 9, 10, 11, 12, 14, 13], [1, 2, 3, 5, 4, 6, 7, 8, 9, 10, 11, 12, 13, 14], [1, 2, 3, 5, 4, 6, 7, 8, 9, 10, 11, 12, 14, 13], [1, 2, 4, 3, 5, 6, 7, 8, 9, 10, 11, 12, 13, 14], [1, 2, 4, 3, 5, 6, 7, 8, 9, 10, 11, 12, 14, 13]]
Distance: 56
B = 
{(1, 5, 8, 2, 4, 3, 6, 10, 7, 9, 14, 12, 11, 13), (1, 4, 3, 2, 5, 6, 8, 9, 7, 11, 10, 12, 13, 14), (1, 3, 5, 4, 2, 7, 6, 12, 8, 11, 9, 14, 10, 13), (2, 1, 3, 6, 5, 8, 7, 4, 11, 10, 12, 9, 14, 13), (1, 2, 4, 3, 6, 7, 5, 9, 14, 13, 8, 11, 10, 12), (3, 2, 1, 5, 4, 7, 6, 9, 8, 10, 11, 14, 13, 12)}
M(B) = 
[[1, 2, 3, 4, 5, 6, 7, 8, 9, 10, 11, 12, 13, 14], [1, 2, 3, 4, 5, 6, 7, 8, 9, 10, 11, 12, 14, 13], [1, 2, 3, 5, 4, 6, 7, 8, 9, 10, 11, 12, 13, 14], [1, 2, 3, 5, 4, 6, 7, 8, 9, 10, 11, 12, 14, 13], [1, 2, 4, 3, 5, 6, 7, 8, 9, 10, 11, 12, 13, 14], [1, 2, 4, 3, 5, 6, 7, 8, 9, 10, 11, 12, 14, 13]]
Distance: 61
M(A) inter A:
set()
M(B) inter B:
set()

AUB = 
{(4, 1, 5, 2, 3, 7, 9, 6, 8, 10, 14, 11, 12, 13), (1, 5, 8, 2, 4, 3, 6, 10, 7, 9, 14, 12, 11, 13), (2, 3, 1, 5, 4, 6, 7, 8, 9, 10, 11, 13, 12, 14), (1, 4, 3, 2, 5, 6, 8, 9, 7, 11, 10, 12, 13, 14), (3, 2, 5, 4, 1, 10, 6, 8, 7, 9, 13, 14, 11, 12), (1, 4, 2, 3, 7, 6, 9, 11, 8, 5, 10, 12, 13, 14), (1, 3, 5, 4, 2, 7, 6, 12, 8, 11, 9, 14, 10, 13), (2, 1, 3, 6, 5, 8, 7, 4, 11, 10, 12, 9, 14, 13), (1, 2, 4, 3, 6, 7, 5, 9, 14, 13, 8, 11, 10, 12), (1, 2, 4, 3, 5, 6, 8, 7, 9, 10, 11, 12, 13, 14), (3, 2, 1, 5, 4, 7, 6, 9, 8, 10, 11, 14, 13, 12), (3, 4, 1, 2, 5, 6, 7, 12, 8, 13, 10, 11, 9, 14)}
M(AUB) = 
[[1, 2, 3, 4, 5, 6, 7, 8, 9, 10, 11, 12, 13, 14], [1, 2, 3, 4, 5, 6, 7, 8, 9, 10, 11, 12, 14, 13], [1, 2, 3, 5, 4, 6, 7, 8, 9, 10, 11, 12, 13, 14], [1, 2, 3, 5, 4, 6, 7, 8, 9, 10, 11, 12, 14, 13], [1, 2, 4, 3, 5, 6, 7, 8, 9, 10, 11, 12, 13, 14], [1, 2, 4, 3, 5, 6, 7, 8, 9, 10, 11, 12, 14, 13]]
Distance:125

(31)
A = 
{(2, 6, 5, 4, 3, 1, 13, 8, 9, 7, 10, 12, 11, 14), (1, 2, 3, 4, 5, 6, 7, 8, 9, 11, 10, 12, 13, 14), (4, 1, 2, 3, 7, 6, 8, 5, 10, 9, 11, 12, 14, 13), (2, 5, 3, 4, 1, 6, 7, 9, 8, 10, 13, 12, 14, 11), (1, 2, 3, 4, 5, 6, 8, 7, 10, 9, 11, 13, 12, 14), (2, 4, 3, 1, 7, 5, 9, 6, 8, 13, 10, 12, 14, 11)}
M(A) = 
[[1, 2, 3, 4, 5, 6, 7, 8, 9, 10, 11, 12, 13, 14], [1, 2, 3, 5, 4, 6, 7, 8, 9, 10, 11, 12, 13, 14]]
Distance: 53
B = 
{(3, 1, 2, 5, 6, 4, 7, 8, 11, 10, 14, 9, 12, 13), (1, 3, 2, 4, 5, 6, 7, 8, 10, 9, 12, 13, 11, 14), (1, 4, 2, 6, 9, 3, 10, 5, 7, 8, 11, 12, 13, 14), (1, 2, 3, 6, 5, 4, 7, 8, 9, 11, 10, 12, 13, 14), (2, 1, 8, 3, 5, 6, 4, 7, 11, 9, 10, 12, 13, 14), (1, 2, 3, 5, 4, 6, 8, 7, 9, 10, 11, 13, 12, 14)}
M(B) = 
[[1, 2, 3, 4, 5, 6, 7, 8, 9, 10, 11, 12, 13, 14], [1, 2, 3, 5, 4, 6, 7, 8, 9, 10, 11, 12, 13, 14]]
Distance: 40
M(A) inter A:
set()
M(B) inter B:
set()

AUB = 
{(3, 1, 2, 5, 6, 4, 7, 8, 11, 10, 14, 9, 12, 13), (1, 3, 2, 4, 5, 6, 7, 8, 10, 9, 12, 13, 11, 14), (1, 4, 2, 6, 9, 3, 10, 5, 7, 8, 11, 12, 13, 14), (1, 2, 3, 6, 5, 4, 7, 8, 9, 11, 10, 12, 13, 14), (2, 6, 5, 4, 3, 1, 13, 8, 9, 7, 10, 12, 11, 14), (2, 1, 8, 3, 5, 6, 4, 7, 11, 9, 10, 12, 13, 14), (1, 2, 3, 4, 5, 6, 7, 8, 9, 11, 10, 12, 13, 14), (1, 2, 3, 5, 4, 6, 8, 7, 9, 10, 11, 13, 12, 14), (4, 1, 2, 3, 7, 6, 8, 5, 10, 9, 11, 12, 14, 13), (2, 5, 3, 4, 1, 6, 7, 9, 8, 10, 13, 12, 14, 11), (1, 2, 3, 4, 5, 6, 8, 7, 10, 9, 11, 13, 12, 14), (2, 4, 3, 1, 7, 5, 9, 6, 8, 13, 10, 12, 14, 11)}
M(AUB) = 
[[1, 2, 3, 4, 5, 6, 7, 8, 9, 10, 11, 12, 13, 14], [1, 2, 3, 5, 4, 6, 7, 8, 9, 10, 11, 12, 13, 14]]
Distance:99

(32)
A = 
{(1, 2, 3, 4, 5, 6, 7, 8, 11, 9, 10, 12, 14, 13), (1, 2, 3, 4, 6, 7, 8, 9, 5, 10, 11, 14, 12, 13), (1, 3, 2, 5, 6, 8, 4, 7, 9, 11, 10, 13, 12, 14), (3, 2, 1, 4, 5, 6, 10, 8, 11, 7, 9, 12, 14, 13), (1, 2, 3, 4, 6, 5, 7, 9, 8, 10, 12, 11, 14, 13), (1, 2, 4, 3, 6, 7, 5, 10, 8, 9, 14, 13, 11, 12)}
M(A) = 
[[1, 2, 3, 4, 5, 6, 7, 8, 9, 10, 11, 12, 14, 13], [1, 2, 3, 4, 5, 6, 7, 8, 9, 10, 12, 11, 14, 13]]
Distance: 36
B = 
{(1, 2, 3, 4, 5, 7, 6, 8, 10, 9, 11, 12, 14, 13), (1, 4, 2, 5, 3, 12, 7, 6, 8, 10, 9, 13, 14, 11), (2, 3, 6, 1, 4, 5, 7, 8, 9, 10, 12, 13, 14, 11), (1, 4, 3, 2, 5, 8, 6, 9, 7, 12, 10, 11, 13, 14), (3, 5, 6, 2, 1, 8, 4, 10, 9, 7, 12, 14, 13, 11), (2, 4, 1, 5, 3, 6, 7, 9, 8, 10, 12, 13, 11, 14)}
M(B) = 
[[1, 2, 3, 4, 5, 6, 7, 8, 9, 10, 11, 12, 14, 13], [1, 2, 3, 4, 5, 6, 7, 8, 9, 10, 12, 11, 14, 13]]
Distance: 51
M(A) inter A:
set()
M(B) inter B:
set()

AUB = 
{(1, 2, 3, 4, 5, 6, 7, 8, 11, 9, 10, 12, 14, 13), (1, 2, 3, 4, 6, 7, 8, 9, 5, 10, 11, 14, 12, 13), (1, 2, 3, 4, 5, 7, 6, 8, 10, 9, 11, 12, 14, 13), (1, 3, 2, 5, 6, 8, 4, 7, 9, 11, 10, 13, 12, 14), (1, 4, 2, 5, 3, 12, 7, 6, 8, 10, 9, 13, 14, 11), (3, 2, 1, 4, 5, 6, 10, 8, 11, 7, 9, 12, 14, 13), (1, 2, 3, 4, 6, 5, 7, 9, 8, 10, 12, 11, 14, 13), (2, 3, 6, 1, 4, 5, 7, 8, 9, 10, 12, 13, 14, 11), (1, 4, 3, 2, 5, 8, 6, 9, 7, 12, 10, 11, 13, 14), (1, 2, 4, 3, 6, 7, 5, 10, 8, 9, 14, 13, 11, 12), (3, 5, 6, 2, 1, 8, 4, 10, 9, 7, 12, 14, 13, 11), (2, 4, 1, 5, 3, 6, 7, 9, 8, 10, 12, 13, 11, 14)}
M(AUB) = 
[[1, 2, 3, 4, 5, 6, 7, 8, 9, 10, 11, 12, 14, 13], [1, 2, 3, 4, 5, 6, 7, 8, 9, 10, 12, 11, 14, 13]]
Distance:95

(33)
A = 
{(1, 4, 7, 2, 3, 8, 5, 6, 9, 11, 10, 14, 13, 12), (4, 1, 2, 5, 6, 10, 3, 9, 8, 12, 7, 13, 14, 11), (2, 1, 3, 5, 4, 6, 7, 8, 9, 10, 11, 12, 14, 13), (1, 2, 3, 4, 6, 5, 7, 11, 9, 8, 14, 12, 10, 13), (4, 2, 6, 9, 1, 3, 5, 8, 11, 7, 10, 14, 13, 12), (1, 2, 3, 4, 5, 6, 7, 8, 9, 10, 11, 12, 13, 14)}
M(A) = 
[[1, 2, 3, 4, 5, 6, 7, 8, 9, 10, 11, 14, 12, 13], [1, 2, 3, 4, 5, 6, 7, 9, 8, 10, 11, 14, 12, 13], [1, 2, 4, 3, 5, 6, 7, 8, 9, 10, 11, 14, 12, 13], [1, 2, 4, 3, 5, 6, 7, 9, 8, 10, 11, 14, 12, 13]]
Distance: 56
B = 
{(3, 1, 5, 2, 4, 7, 6, 9, 10, 8, 11, 14, 12, 13), (3, 5, 1, 2, 6, 4, 8, 14, 9, 7, 10, 13, 11, 12), (1, 6, 4, 2, 7, 3, 8, 5, 10, 13, 9, 11, 14, 12), (7, 1, 2, 4, 9, 3, 8, 5, 6, 13, 11, 14, 10, 12), (1, 2, 3, 5, 4, 10, 6, 7, 11, 9, 12, 8, 14, 13), (1, 2, 4, 5, 3, 6, 8, 7, 9, 10, 12, 11, 13, 14)}
M(B) = 
[[1, 2, 3, 4, 5, 6, 7, 8, 9, 10, 11, 14, 12, 13], [1, 2, 3, 4, 5, 6, 7, 9, 8, 10, 11, 14, 12, 13], [1, 2, 4, 3, 5, 6, 7, 8, 9, 10, 11, 14, 12, 13], [1, 2, 4, 3, 5, 6, 7, 9, 8, 10, 11, 14, 12, 13]]
Distance: 70
M(A) inter A:
set()
M(B) inter B:
set()

AUB = 
{(1, 4, 7, 2, 3, 8, 5, 6, 9, 11, 10, 14, 13, 12), (4, 1, 2, 5, 6, 10, 3, 9, 8, 12, 7, 13, 14, 11), (3, 1, 5, 2, 4, 7, 6, 9, 10, 8, 11, 14, 12, 13), (3, 5, 1, 2, 6, 4, 8, 14, 9, 7, 10, 13, 11, 12), (1, 6, 4, 2, 7, 3, 8, 5, 10, 13, 9, 11, 14, 12), (2, 1, 3, 5, 4, 6, 7, 8, 9, 10, 11, 12, 14, 13), (1, 2, 3, 4, 6, 5, 7, 11, 9, 8, 14, 12, 10, 13), (7, 1, 2, 4, 9, 3, 8, 5, 6, 13, 11, 14, 10, 12), (1, 2, 3, 5, 4, 10, 6, 7, 11, 9, 12, 8, 14, 13), (4, 2, 6, 9, 1, 3, 5, 8, 11, 7, 10, 14, 13, 12), (1, 2, 4, 5, 3, 6, 8, 7, 9, 10, 12, 11, 13, 14), (1, 2, 3, 4, 5, 6, 7, 8, 9, 10, 11, 12, 13, 14)}
M(AUB) = 
[[1, 2, 3, 4, 5, 6, 7, 8, 9, 10, 11, 14, 12, 13], [1, 2, 3, 4, 5, 6, 7, 9, 8, 10, 11, 14, 12, 13], [1, 2, 4, 3, 5, 6, 7, 8, 9, 10, 11, 14, 12, 13], [1, 2, 4, 3, 5, 6, 7, 9, 8, 10, 11, 14, 12, 13]]
Distance:126

(34)
A = 
{(2, 1, 4, 6, 3, 7, 5, 8, 9, 14, 10, 11, 13, 12), (4, 1, 2, 3, 6, 5, 7, 12, 8, 11, 9, 10, 14, 13), (3, 2, 1, 4, 5, 6, 8, 7, 11, 9, 13, 14, 10, 12), (4, 1, 2, 3, 6, 5, 7, 8, 9, 13, 10, 11, 12, 14), (1, 3, 5, 6, 10, 2, 9, 4, 7, 14, 13, 8, 12, 11), (2, 3, 1, 6, 4, 5, 8, 7, 12, 9, 10, 11, 14, 13)}
M(A) = 
[[1, 2, 3, 4, 5, 6, 7, 8, 9, 10, 11, 12, 14, 13], [1, 2, 3, 4, 5, 6, 8, 7, 9, 10, 11, 12, 14, 13]]
Distance: 62
B = 
{(3, 1, 4, 8, 5, 2, 6, 7, 9, 10, 11, 12, 13, 14), (2, 1, 4, 5, 3, 6, 8, 7, 11, 9, 14, 10, 13, 12), (1, 2, 3, 4, 5, 6, 8, 7, 9, 10, 11, 12, 13, 14), (7, 1, 2, 8, 4, 3, 5, 9, 6, 10, 14, 12, 11, 13), (2, 1, 3, 4, 5, 6, 7, 9, 8, 11, 10, 12, 13, 14), (1, 3, 2, 4, 6, 8, 5, 7, 9, 12, 14, 10, 13, 11)}
M(B) = 
[[1, 2, 3, 4, 5, 6, 7, 8, 9, 10, 11, 12, 14, 13], [1, 2, 3, 4, 5, 6, 8, 7, 9, 10, 11, 12, 14, 13]]
Distance: 46
M(A) inter A:
set()
M(B) inter B:
{(1, 2, 3, 4, 5, 6, 8, 7, 9, 10, 11, 12, 13, 14)}

AUB = 
{(2, 1, 4, 6, 3, 7, 5, 8, 9, 14, 10, 11, 13, 12), (3, 1, 4, 8, 5, 2, 6, 7, 9, 10, 11, 12, 13, 14), (4, 1, 2, 3, 6, 5, 7, 12, 8, 11, 9, 10, 14, 13), (2, 1, 4, 5, 3, 6, 8, 7, 11, 9, 14, 10, 13, 12), (1, 2, 3, 4, 5, 6, 8, 7, 9, 10, 11, 12, 13, 14), (3, 2, 1, 4, 5, 6, 8, 7, 11, 9, 13, 14, 10, 12), (4, 1, 2, 3, 6, 5, 7, 8, 9, 13, 10, 11, 12, 14), (1, 3, 5, 6, 10, 2, 9, 4, 7, 14, 13, 8, 12, 11), (7, 1, 2, 8, 4, 3, 5, 9, 6, 10, 14, 12, 11, 13), (2, 1, 3, 4, 5, 6, 7, 9, 8, 11, 10, 12, 13, 14), (1, 3, 2, 4, 6, 8, 5, 7, 9, 12, 14, 10, 13, 11), (2, 3, 1, 6, 4, 5, 8, 7, 12, 9, 10, 11, 14, 13)}
M(AUB) = 
[[1, 2, 3, 4, 5, 6, 7, 8, 9, 10, 11, 12, 14, 13], [1, 2, 3, 4, 5, 6, 8, 7, 9, 10, 11, 12, 14, 13]]
Distance:114

(35)
A = 
{(1, 2, 3, 5, 4, 8, 6, 7, 9, 11, 10, 13, 14, 12), (4, 1, 2, 3, 5, 6, 8, 7, 9, 10, 13, 14, 11, 12), (1, 2, 3, 4, 5, 7, 8, 6, 11, 9, 10, 12, 14, 13), (3, 1, 2, 6, 5, 4, 10, 7, 8, 11, 12, 9, 14, 13), (1, 2, 4, 3, 6, 7, 8, 5, 9, 11, 10, 14, 13, 12), (1, 2, 3, 5, 6, 4, 10, 7, 8, 12, 13, 9, 14, 11)}
M(A) = 
[[1, 2, 3, 4, 5, 6, 7, 8, 9, 10, 11, 12, 13, 14], [1, 2, 3, 5, 4, 6, 7, 8, 9, 10, 11, 12, 13, 14]]
Distance: 48
B = 
{(3, 1, 2, 5, 8, 4, 9, 6, 7, 11, 12, 13, 10, 14), (2, 1, 4, 3, 5, 7, 6, 8, 9, 10, 11, 12, 13, 14), (1, 2, 3, 5, 4, 6, 10, 9, 7, 12, 8, 14, 11, 13), (1, 5, 2, 4, 3, 8, 7, 12, 10, 6, 9, 11, 14, 13), (3, 1, 2, 4, 5, 6, 7, 9, 10, 8, 13, 11, 14, 12), (1, 2, 4, 3, 6, 8, 5, 13, 9, 7, 11, 10, 14, 12)}
M(B) = 
[[1, 2, 3, 4, 5, 6, 7, 8, 9, 10, 11, 12, 13, 14], [1, 2, 3, 5, 4, 6, 7, 8, 9, 10, 11, 12, 13, 14]]
Distance: 57
M(A) inter A:
set()
M(B) inter B:
set()

AUB = 
{(1, 2, 3, 5, 4, 8, 6, 7, 9, 11, 10, 13, 14, 12), (4, 1, 2, 3, 5, 6, 8, 7, 9, 10, 13, 14, 11, 12), (1, 2, 3, 4, 5, 7, 8, 6, 11, 9, 10, 12, 14, 13), (3, 1, 2, 6, 5, 4, 10, 7, 8, 11, 12, 9, 14, 13), (1, 2, 4, 3, 6, 7, 8, 5, 9, 11, 10, 14, 13, 12), (3, 1, 2, 5, 8, 4, 9, 6, 7, 11, 12, 13, 10, 14), (2, 1, 4, 3, 5, 7, 6, 8, 9, 10, 11, 12, 13, 14), (1, 2, 3, 5, 4, 6, 10, 9, 7, 12, 8, 14, 11, 13), (1, 2, 3, 5, 6, 4, 10, 7, 8, 12, 13, 9, 14, 11), (1, 5, 2, 4, 3, 8, 7, 12, 10, 6, 9, 11, 14, 13), (3, 1, 2, 4, 5, 6, 7, 9, 10, 8, 13, 11, 14, 12), (1, 2, 4, 3, 6, 8, 5, 13, 9, 7, 11, 10, 14, 12)}
M(AUB) = 
[[1, 2, 3, 4, 5, 6, 7, 8, 9, 10, 11, 12, 13, 14], [1, 2, 3, 5, 4, 6, 7, 8, 9, 10, 11, 12, 13, 14]]
Distance:105

(36)
A = 
{(2, 3, 4, 5, 1, 8, 6, 9, 7, 10, 13, 11, 12, 14), (3, 1, 4, 6, 5, 2, 8, 7, 9, 10, 12, 14, 11, 13), (3, 1, 6, 2, 7, 5, 4, 8, 10, 9, 13, 12, 11, 14), (1, 2, 5, 3, 6, 4, 7, 9, 8, 11, 10, 14, 13, 12), (1, 2, 6, 3, 4, 5, 11, 7, 9, 10, 8, 12, 14, 13), (1, 2, 3, 4, 5, 6, 7, 8, 9, 10, 11, 12, 13, 14)}
M(A) = 
[[1, 2, 3, 4, 5, 6, 7, 8, 9, 11, 10, 12, 13, 14], [1, 2, 3, 4, 5, 6, 7, 8, 9, 11, 10, 13, 12, 14], [2, 1, 3, 4, 5, 6, 7, 8, 9, 11, 10, 12, 13, 14], [2, 1, 3, 4, 5, 6, 7, 8, 9, 11, 10, 13, 12, 14], [2, 3, 1, 4, 5, 6, 7, 8, 9, 11, 10, 12, 13, 14], [2, 3, 1, 4, 5, 6, 7, 8, 9, 11, 10, 13, 12, 14]]
Distance: 49
B = 
{(2, 1, 3, 7, 4, 8, 5, 6, 11, 10, 9, 12, 13, 14), (2, 4, 3, 5, 1, 9, 8, 7, 6, 11, 10, 13, 12, 14), (2, 3, 1, 4, 5, 6, 7, 9, 8, 10, 11, 13, 12, 14), (1, 3, 2, 5, 7, 4, 8, 11, 6, 14, 9, 12, 10, 13), (2, 1, 6, 3, 4, 5, 7, 12, 9, 11, 8, 10, 14, 13), (3, 2, 5, 4, 6, 1, 7, 8, 11, 10, 9, 13, 12, 14)}
M(B) = 
[[1, 2, 3, 4, 5, 6, 7, 8, 9, 11, 10, 12, 13, 14], [1, 2, 3, 4, 5, 6, 7, 8, 9, 11, 10, 13, 12, 14], [2, 1, 3, 4, 5, 6, 7, 8, 9, 11, 10, 12, 13, 14], [2, 1, 3, 4, 5, 6, 7, 8, 9, 11, 10, 13, 12, 14], [2, 3, 1, 4, 5, 6, 7, 8, 9, 11, 10, 12, 13, 14], [2, 3, 1, 4, 5, 6, 7, 8, 9, 11, 10, 13, 12, 14]]
Distance: 54
M(A) inter A:
set()
M(B) inter B:
set()

AUB = 
{(2, 3, 4, 5, 1, 8, 6, 9, 7, 10, 13, 11, 12, 14), (2, 1, 3, 7, 4, 8, 5, 6, 11, 10, 9, 12, 13, 14), (2, 4, 3, 5, 1, 9, 8, 7, 6, 11, 10, 13, 12, 14), (3, 1, 4, 6, 5, 2, 8, 7, 9, 10, 12, 14, 11, 13), (2, 3, 1, 4, 5, 6, 7, 9, 8, 10, 11, 13, 12, 14), (1, 3, 2, 5, 7, 4, 8, 11, 6, 14, 9, 12, 10, 13), (3, 1, 6, 2, 7, 5, 4, 8, 10, 9, 13, 12, 11, 14), (2, 1, 6, 3, 4, 5, 7, 12, 9, 11, 8, 10, 14, 13), (1, 2, 5, 3, 6, 4, 7, 9, 8, 11, 10, 14, 13, 12), (1, 2, 6, 3, 4, 5, 11, 7, 9, 10, 8, 12, 14, 13), (1, 2, 3, 4, 5, 6, 7, 8, 9, 10, 11, 12, 13, 14), (3, 2, 5, 4, 6, 1, 7, 8, 11, 10, 9, 13, 12, 14)}
M(AUB) = 
[[1, 2, 3, 4, 5, 6, 7, 8, 9, 11, 10, 12, 13, 14], [1, 2, 3, 4, 5, 6, 7, 8, 9, 11, 10, 13, 12, 14], [2, 1, 3, 4, 5, 6, 7, 8, 9, 11, 10, 12, 13, 14], [2, 1, 3, 4, 5, 6, 7, 8, 9, 11, 10, 13, 12, 14], [2, 3, 1, 4, 5, 6, 7, 8, 9, 11, 10, 12, 13, 14], [2, 3, 1, 4, 5, 6, 7, 8, 9, 11, 10, 13, 12, 14]]
Distance:109

(37)
A = 
{(2, 1, 4, 3, 5, 6, 8, 7, 9, 11, 10, 12, 14, 13), (1, 2, 4, 3, 6, 5, 7, 8, 9, 10, 11, 12, 13, 14), (1, 2, 3, 4, 5, 6, 7, 8, 9, 10, 11, 12, 13, 14), (1, 5, 3, 6, 7, 8, 4, 2, 13, 10, 9, 14, 12, 11), (1, 4, 2, 5, 6, 3, 7, 9, 8, 10, 11, 14, 12, 13), (1, 2, 4, 3, 6, 5, 7, 8, 10, 9, 11, 14, 12, 13)}
M(A) = 
[[1, 2, 3, 4, 5, 6, 7, 8, 9, 10, 11, 12, 13, 14], [1, 2, 3, 4, 5, 6, 7, 8, 9, 10, 11, 12, 14, 13], [1, 2, 4, 3, 5, 6, 7, 8, 9, 10, 11, 12, 13, 14], [1, 2, 4, 3, 5, 6, 7, 8, 9, 10, 11, 12, 14, 13]]
Distance: 36
B = 
{(1, 3, 5, 2, 4, 7, 6, 8, 10, 11, 12, 14, 9, 13), (1, 2, 3, 4, 8, 9, 10, 13, 5, 11, 6, 7, 12, 14), (2, 5, 3, 1, 8, 6, 4, 7, 11, 9, 13, 12, 10, 14), (2, 6, 1, 7, 4, 10, 3, 9, 5, 14, 8, 12, 11, 13), (1, 2, 3, 5, 6, 4, 9, 7, 8, 13, 10, 11, 12, 14), (6, 2, 1, 4, 3, 8, 7, 10, 5, 12, 14, 13, 9, 11)}
M(B) = 
[[1, 2, 3, 4, 5, 6, 7, 8, 9, 10, 11, 12, 13, 14], [1, 2, 3, 4, 5, 6, 7, 8, 9, 10, 11, 12, 14, 13], [1, 2, 4, 3, 5, 6, 7, 8, 9, 10, 11, 12, 13, 14], [1, 2, 4, 3, 5, 6, 7, 8, 9, 10, 11, 12, 14, 13]]
Distance: 83
M(A) inter A:
set()
M(B) inter B:
set()

AUB = 
{(2, 1, 4, 3, 5, 6, 8, 7, 9, 11, 10, 12, 14, 13), (1, 3, 5, 2, 4, 7, 6, 8, 10, 11, 12, 14, 9, 13), (1, 2, 4, 3, 6, 5, 7, 8, 9, 10, 11, 12, 13, 14), (1, 2, 3, 4, 8, 9, 10, 13, 5, 11, 6, 7, 12, 14), (2, 5, 3, 1, 8, 6, 4, 7, 11, 9, 13, 12, 10, 14), (2, 6, 1, 7, 4, 10, 3, 9, 5, 14, 8, 12, 11, 13), (1, 2, 3, 5, 6, 4, 9, 7, 8, 13, 10, 11, 12, 14), (1, 2, 3, 4, 5, 6, 7, 8, 9, 10, 11, 12, 13, 14), (1, 5, 3, 6, 7, 8, 4, 2, 13, 10, 9, 14, 12, 11), (1, 4, 2, 5, 6, 3, 7, 9, 8, 10, 11, 14, 12, 13), (1, 2, 4, 3, 6, 5, 7, 8, 10, 9, 11, 14, 12, 13), (6, 2, 1, 4, 3, 8, 7, 10, 5, 12, 14, 13, 9, 11)}
M(AUB) = 
[[1, 2, 3, 4, 5, 6, 7, 8, 9, 10, 11, 12, 13, 14], [1, 2, 3, 4, 5, 6, 7, 8, 9, 10, 11, 12, 14, 13], [1, 2, 4, 3, 5, 6, 7, 8, 9, 10, 11, 12, 13, 14], [1, 2, 4, 3, 5, 6, 7, 8, 9, 10, 11, 12, 14, 13]]
Distance:123

(38)
A = 
{(1, 5, 2, 8, 6, 4, 3, 11, 10, 9, 7, 13, 14, 12), (2, 1, 5, 3, 4, 6, 7, 8, 11, 12, 10, 9, 14, 13), (2, 1, 7, 3, 4, 11, 5, 8, 6, 9, 13, 14, 12, 10), (1, 3, 2, 6, 7, 5, 4, 10, 12, 9, 13, 11, 8, 14), (2, 1, 3, 6, 4, 5, 8, 7, 10, 11, 9, 12, 13, 14), (2, 1, 4, 3, 7, 10, 5, 11, 6, 8, 14, 9, 12, 13)}
M(A) = 
[[1, 2, 3, 4, 5, 6, 7, 8, 10, 9, 11, 12, 13, 14]]
Distance: 68
B = 
{(1, 2, 4, 5, 3, 8, 6, 9, 12, 10, 7, 11, 14, 13), (1, 2, 3, 4, 5, 6, 7, 8, 9, 10, 11, 13, 12, 14), (3, 1, 2, 4, 6, 5, 8, 7, 10, 9, 11, 14, 12, 13), (1, 2, 3, 5, 4, 6, 8, 7, 10, 9, 12, 11, 13, 14), (1, 4, 2, 6, 3, 5, 9, 7, 13, 10, 12, 11, 14, 8), (2, 1, 3, 4, 6, 7, 5, 9, 8, 10, 12, 11, 14, 13)}
M(B) = 
[[1, 2, 3, 4, 5, 6, 7, 8, 10, 9, 11, 12, 13, 14]]
Distance: 41
M(A) inter A:
set()
M(B) inter B:
set()

AUB = 
{(1, 5, 2, 8, 6, 4, 3, 11, 10, 9, 7, 13, 14, 12), (2, 1, 5, 3, 4, 6, 7, 8, 11, 12, 10, 9, 14, 13), (2, 1, 7, 3, 4, 11, 5, 8, 6, 9, 13, 14, 12, 10), (1, 2, 4, 5, 3, 8, 6, 9, 12, 10, 7, 11, 14, 13), (1, 2, 3, 4, 5, 6, 7, 8, 9, 10, 11, 13, 12, 14), (3, 1, 2, 4, 6, 5, 8, 7, 10, 9, 11, 14, 12, 13), (1, 3, 2, 6, 7, 5, 4, 10, 12, 9, 13, 11, 8, 14), (1, 2, 3, 5, 4, 6, 8, 7, 10, 9, 12, 11, 13, 14), (1, 4, 2, 6, 3, 5, 9, 7, 13, 10, 12, 11, 14, 8), (2, 1, 3, 6, 4, 5, 8, 7, 10, 11, 9, 12, 13, 14), (2, 1, 3, 4, 6, 7, 5, 9, 8, 10, 12, 11, 14, 13), (2, 1, 4, 3, 7, 10, 5, 11, 6, 8, 14, 9, 12, 13)}
M(AUB) = 
[[1, 2, 3, 4, 5, 6, 7, 8, 10, 9, 11, 12, 13, 14]]
Distance:119

(39)
A = 
{(1, 2, 3, 5, 4, 6, 9, 7, 10, 8, 11, 12, 14, 13), (2, 4, 1, 8, 7, 3, 10, 6, 5, 13, 14, 9, 12, 11), (2, 4, 3, 1, 7, 6, 8, 9, 10, 11, 12, 13, 5, 14), (2, 3, 1, 6, 4, 10, 8, 5, 7, 9, 13, 12, 11, 14), (4, 3, 1, 2, 6, 8, 5, 12, 9, 11, 7, 14, 10, 13), (2, 1, 3, 4, 5, 6, 7, 9, 10, 11, 8, 12, 14, 13)}
M(A) = 
[[1, 2, 3, 4, 5, 6, 7, 10, 8, 9, 11, 13, 12, 14], [1, 2, 3, 4, 6, 5, 7, 10, 8, 9, 11, 13, 12, 14], [2, 1, 3, 4, 5, 6, 7, 10, 8, 9, 11, 13, 12, 14], [2, 1, 3, 4, 6, 5, 7, 10, 8, 9, 11, 13, 12, 14]]
Distance: 68
B = 
{(2, 1, 4, 10, 8, 3, 5, 9, 7, 11, 14, 6, 13, 12), (3, 2, 1, 6, 7, 8, 10, 4, 5, 11, 9, 13, 12, 14), (1, 5, 6, 3, 4, 10, 8, 7, 2, 13, 9, 11, 14, 12), (3, 1, 5, 4, 6, 2, 10, 8, 7, 9, 13, 11, 12, 14), (1, 6, 2, 4, 3, 5, 13, 7, 10, 8, 9, 12, 11, 14), (1, 2, 5, 3, 7, 8, 4, 9, 6, 11, 10, 12, 14, 13)}
M(B) = 
[[1, 2, 3, 4, 5, 6, 7, 10, 8, 9, 11, 13, 12, 14], [1, 2, 3, 4, 6, 5, 7, 10, 8, 9, 11, 13, 12, 14], [2, 1, 3, 4, 5, 6, 7, 10, 8, 9, 11, 13, 12, 14], [2, 1, 3, 4, 6, 5, 7, 10, 8, 9, 11, 13, 12, 14]]
Distance: 78
M(A) inter A:
set()
M(B) inter B:
set()

AUB = 
{(2, 1, 4, 10, 8, 3, 5, 9, 7, 11, 14, 6, 13, 12), (1, 2, 3, 5, 4, 6, 9, 7, 10, 8, 11, 12, 14, 13), (3, 2, 1, 6, 7, 8, 10, 4, 5, 11, 9, 13, 12, 14), (1, 5, 6, 3, 4, 10, 8, 7, 2, 13, 9, 11, 14, 12), (3, 1, 5, 4, 6, 2, 10, 8, 7, 9, 13, 11, 12, 14), (2, 4, 1, 8, 7, 3, 10, 6, 5, 13, 14, 9, 12, 11), (2, 4, 3, 1, 7, 6, 8, 9, 10, 11, 12, 13, 5, 14), (1, 6, 2, 4, 3, 5, 13, 7, 10, 8, 9, 12, 11, 14), (2, 3, 1, 6, 4, 10, 8, 5, 7, 9, 13, 12, 11, 14), (1, 2, 5, 3, 7, 8, 4, 9, 6, 11, 10, 12, 14, 13), (4, 3, 1, 2, 6, 8, 5, 12, 9, 11, 7, 14, 10, 13), (2, 1, 3, 4, 5, 6, 7, 9, 10, 11, 8, 12, 14, 13)}
M(AUB) = 
[[1, 2, 3, 4, 5, 6, 7, 10, 8, 9, 11, 13, 12, 14], [1, 2, 3, 4, 6, 5, 7, 10, 8, 9, 11, 13, 12, 14], [2, 1, 3, 4, 5, 6, 7, 10, 8, 9, 11, 13, 12, 14], [2, 1, 3, 4, 6, 5, 7, 10, 8, 9, 11, 13, 12, 14]]
Distance:156

(40)
A = 
{(1, 2, 3, 4, 6, 5, 7, 8, 9, 11, 10, 12, 13, 14), (1, 2, 3, 4, 5, 6, 7, 8, 9, 10, 12, 11, 13, 14), (2, 1, 3, 7, 4, 5, 6, 9, 8, 10, 12, 14, 13, 11), (7, 6, 1, 5, 3, 9, 4, 2, 11, 10, 12, 13, 14, 8), (1, 3, 2, 6, 4, 7, 5, 8, 11, 10, 9, 14, 12, 13), (1, 2, 3, 4, 5, 6, 7, 8, 9, 10, 11, 12, 13, 14)}
M(A) = 
[[1, 2, 3, 4, 5, 6, 7, 9, 8, 10, 11, 12, 13, 14], [1, 2, 3, 4, 5, 6, 7, 9, 8, 11, 10, 12, 13, 14], [1, 2, 3, 4, 5, 7, 6, 9, 8, 10, 11, 12, 13, 14], [1, 2, 3, 4, 5, 7, 6, 9, 8, 11, 10, 12, 13, 14]]
Distance: 46
B = 
{(1, 2, 3, 4, 5, 7, 9, 6, 8, 10, 11, 12, 13, 14), (1, 3, 2, 4, 5, 7, 9, 6, 8, 13, 10, 11, 12, 14), (1, 2, 6, 9, 3, 5, 4, 10, 7, 11, 8, 12, 14, 13), (2, 1, 4, 3, 7, 9, 5, 11, 6, 8, 13, 14, 10, 12), (1, 2, 3, 4, 5, 7, 6, 9, 8, 13, 11, 12, 10, 14), (2, 1, 3, 4, 5, 6, 8, 9, 11, 7, 12, 10, 14, 13)}
M(B) = 
[[1, 2, 3, 4, 5, 6, 7, 9, 8, 10, 11, 12, 13, 14], [1, 2, 3, 4, 5, 6, 7, 9, 8, 11, 10, 12, 13, 14], [1, 2, 3, 4, 5, 7, 6, 9, 8, 10, 11, 12, 13, 14], [1, 2, 3, 4, 5, 7, 6, 9, 8, 11, 10, 12, 13, 14]]
Distance: 45
M(A) inter A:
set()
M(B) inter B:
{(1, 2, 3, 4, 5, 7, 9, 6, 8, 10, 11, 12, 13, 14)}

AUB = 
{(1, 2, 3, 4, 5, 7, 9, 6, 8, 10, 11, 12, 13, 14), (1, 2, 3, 4, 6, 5, 7, 8, 9, 11, 10, 12, 13, 14), (1, 3, 2, 4, 5, 7, 9, 6, 8, 13, 10, 11, 12, 14), (1, 2, 6, 9, 3, 5, 4, 10, 7, 11, 8, 12, 14, 13), (2, 1, 4, 3, 7, 9, 5, 11, 6, 8, 13, 14, 10, 12), (1, 2, 3, 4, 5, 6, 7, 8, 9, 10, 12, 11, 13, 14), (1, 2, 3, 4, 5, 7, 6, 9, 8, 13, 11, 12, 10, 14), (2, 1, 3, 4, 5, 6, 8, 9, 11, 7, 12, 10, 14, 13), (2, 1, 3, 7, 4, 5, 6, 9, 8, 10, 12, 14, 13, 11), (7, 6, 1, 5, 3, 9, 4, 2, 11, 10, 12, 13, 14, 8), (1, 3, 2, 6, 4, 7, 5, 8, 11, 10, 9, 14, 12, 13), (1, 2, 3, 4, 5, 6, 7, 8, 9, 10, 11, 12, 13, 14)}
M(AUB) = 
[[1, 2, 3, 4, 5, 6, 7, 9, 8, 10, 11, 12, 13, 14], [1, 2, 3, 4, 5, 6, 7, 9, 8, 11, 10, 12, 13, 14], [1, 2, 3, 4, 5, 7, 6, 9, 8, 10, 11, 12, 13, 14], [1, 2, 3, 4, 5, 7, 6, 9, 8, 11, 10, 12, 13, 14]]
Distance:95

(41)
A = 
{(3, 1, 6, 4, 2, 7, 8, 11, 5, 9, 10, 13, 12, 14), (1, 3, 5, 7, 4, 6, 2, 9, 10, 13, 11, 8, 12, 14), (2, 3, 5, 4, 1, 6, 7, 9, 8, 12, 13, 10, 11, 14), (3, 1, 4, 5, 9, 6, 10, 8, 2, 12, 13, 7, 14, 11), (3, 2, 1, 4, 7, 6, 9, 5, 8, 10, 11, 14, 12, 13), (1, 5, 2, 3, 6, 4, 7, 8, 9, 12, 10, 11, 14, 13)}
M(A) = 
[[1, 2, 3, 4, 5, 6, 7, 8, 9, 10, 11, 12, 13, 14], [1, 2, 3, 4, 5, 6, 7, 9, 8, 10, 11, 12, 13, 14]]
Distance: 66
B = 
{(2, 1, 4, 6, 3, 5, 8, 7, 10, 11, 12, 9, 14, 13), (2, 1, 4, 11, 3, 6, 7, 9, 5, 14, 8, 12, 10, 13), (3, 1, 4, 2, 6, 13, 5, 8, 7, 9, 11, 12, 10, 14), (1, 2, 3, 4, 7, 5, 6, 9, 8, 10, 11, 12, 13, 14), (1, 2, 3, 4, 7, 5, 6, 8, 9, 10, 11, 13, 12, 14), (4, 2, 1, 3, 5, 6, 7, 8, 11, 9, 10, 12, 14, 13)}
M(B) = 
[[1, 2, 3, 4, 5, 6, 7, 8, 9, 10, 11, 12, 13, 14], [1, 2, 3, 4, 5, 6, 7, 9, 8, 10, 11, 12, 13, 14]]
Distance: 54
M(A) inter A:
set()
M(B) inter B:
set()

AUB = 
{(3, 1, 6, 4, 2, 7, 8, 11, 5, 9, 10, 13, 12, 14), (2, 1, 4, 6, 3, 5, 8, 7, 10, 11, 12, 9, 14, 13), (2, 1, 4, 11, 3, 6, 7, 9, 5, 14, 8, 12, 10, 13), (1, 3, 5, 7, 4, 6, 2, 9, 10, 13, 11, 8, 12, 14), (3, 1, 4, 2, 6, 13, 5, 8, 7, 9, 11, 12, 10, 14), (1, 2, 3, 4, 7, 5, 6, 9, 8, 10, 11, 12, 13, 14), (1, 2, 3, 4, 7, 5, 6, 8, 9, 10, 11, 13, 12, 14), (2, 3, 5, 4, 1, 6, 7, 9, 8, 12, 13, 10, 11, 14), (3, 1, 4, 5, 9, 6, 10, 8, 2, 12, 13, 7, 14, 11), (4, 2, 1, 3, 5, 6, 7, 8, 11, 9, 10, 12, 14, 13), (3, 2, 1, 4, 7, 6, 9, 5, 8, 10, 11, 14, 12, 13), (1, 5, 2, 3, 6, 4, 7, 8, 9, 12, 10, 11, 14, 13)}
M(AUB) = 
[[1, 2, 3, 4, 5, 6, 7, 8, 9, 10, 11, 12, 13, 14], [1, 2, 3, 4, 5, 6, 7, 9, 8, 10, 11, 12, 13, 14]]
Distance:126

(42)
A = 
{(1, 4, 6, 2, 3, 5, 7, 8, 12, 10, 14, 9, 11, 13), (4, 1, 5, 3, 7, 2, 6, 9, 12, 8, 10, 14, 13, 11), (3, 2, 1, 6, 8, 4, 5, 11, 7, 9, 12, 13, 14, 10), (3, 1, 4, 5, 7, 8, 2, 9, 6, 10, 12, 11, 13, 14), (2, 1, 5, 3, 4, 7, 8, 6, 9, 10, 11, 13, 14, 12), (2, 4, 3, 8, 1, 6, 7, 5, 9, 11, 12, 13, 14, 10)}
M(A) = 
[[1, 3, 2, 4, 5, 6, 7, 8, 9, 10, 11, 12, 13, 14], [1, 3, 2, 4, 6, 5, 7, 8, 9, 10, 11, 12, 13, 14], [3, 1, 2, 4, 5, 6, 7, 8, 9, 10, 11, 12, 13, 14], [3, 1, 2, 4, 6, 5, 7, 8, 9, 10, 11, 12, 13, 14]]
Distance: 70
B = 
{(1, 2, 4, 3, 5, 6, 9, 8, 7, 10, 14, 11, 12, 13), (3, 1, 2, 4, 7, 6, 5, 9, 11, 8, 14, 12, 13, 10), (2, 1, 3, 4, 6, 5, 7, 9, 8, 11, 10, 12, 13, 14), (1, 3, 2, 5, 4, 8, 6, 11, 7, 9, 10, 12, 13, 14), (3, 4, 1, 6, 2, 5, 10, 9, 8, 7, 12, 14, 11, 13), (7, 3, 2, 5, 4, 1, 6, 8, 9, 10, 12, 13, 11, 14)}
M(B) = 
[[1, 3, 2, 4, 5, 6, 7, 8, 9, 10, 11, 12, 13, 14], [1, 3, 2, 4, 6, 5, 7, 8, 9, 10, 11, 12, 13, 14], [3, 1, 2, 4, 5, 6, 7, 8, 9, 10, 11, 12, 13, 14], [3, 1, 2, 4, 6, 5, 7, 8, 9, 10, 11, 12, 13, 14]]
Distance: 56
M(A) inter A:
set()
M(B) inter B:
set()

AUB = 
{(1, 4, 6, 2, 3, 5, 7, 8, 12, 10, 14, 9, 11, 13), (1, 2, 4, 3, 5, 6, 9, 8, 7, 10, 14, 11, 12, 13), (4, 1, 5, 3, 7, 2, 6, 9, 12, 8, 10, 14, 13, 11), (3, 1, 2, 4, 7, 6, 5, 9, 11, 8, 14, 12, 13, 10), (2, 1, 3, 4, 6, 5, 7, 9, 8, 11, 10, 12, 13, 14), (1, 3, 2, 5, 4, 8, 6, 11, 7, 9, 10, 12, 13, 14), (3, 2, 1, 6, 8, 4, 5, 11, 7, 9, 12, 13, 14, 10), (3, 4, 1, 6, 2, 5, 10, 9, 8, 7, 12, 14, 11, 13), (3, 1, 4, 5, 7, 8, 2, 9, 6, 10, 12, 11, 13, 14), (7, 3, 2, 5, 4, 1, 6, 8, 9, 10, 12, 13, 11, 14), (2, 1, 5, 3, 4, 7, 8, 6, 9, 10, 11, 13, 14, 12), (2, 4, 3, 8, 1, 6, 7, 5, 9, 11, 12, 13, 14, 10)}
M(AUB) = 
[[1, 3, 2, 4, 5, 6, 7, 8, 9, 10, 11, 12, 13, 14], [1, 3, 2, 4, 6, 5, 7, 8, 9, 10, 11, 12, 13, 14], [3, 1, 2, 4, 5, 6, 7, 8, 9, 10, 11, 12, 13, 14], [3, 1, 2, 4, 6, 5, 7, 8, 9, 10, 11, 12, 13, 14]]
Distance:130

(43)
A = 
{(3, 5, 1, 2, 7, 6, 4, 9, 8, 14, 10, 11, 13, 12), (5, 1, 2, 7, 3, 4, 6, 10, 8, 9, 14, 13, 12, 11), (2, 1, 4, 5, 3, 6, 7, 8, 9, 10, 12, 11, 14, 13), (1, 2, 4, 3, 6, 5, 7, 8, 9, 11, 10, 13, 12, 14), (1, 2, 3, 4, 5, 8, 6, 9, 11, 7, 10, 12, 13, 14), (5, 3, 1, 4, 9, 2, 6, 7, 10, 11, 14, 12, 8, 13)}
M(A) = 
[[1, 2, 3, 4, 5, 6, 7, 8, 9, 10, 11, 12, 13, 14], [1, 2, 3, 4, 5, 6, 7, 8, 9, 10, 11, 12, 14, 13], [1, 2, 3, 4, 5, 6, 7, 8, 9, 10, 11, 13, 12, 14]]
Distance: 58
B = 
{(1, 2, 5, 4, 3, 6, 7, 8, 9, 10, 12, 11, 14, 13), (2, 1, 3, 4, 7, 6, 5, 8, 9, 10, 12, 11, 13, 14), (2, 3, 1, 4, 5, 7, 6, 9, 8, 11, 10, 12, 14, 13), (1, 2, 4, 3, 5, 6, 7, 9, 11, 8, 10, 13, 12, 14), (2, 1, 4, 5, 6, 3, 7, 10, 8, 9, 13, 11, 12, 14), (1, 3, 4, 2, 5, 6, 7, 10, 9, 8, 11, 13, 14, 12)}
M(B) = 
[[1, 2, 3, 4, 5, 6, 7, 8, 9, 10, 11, 12, 13, 14], [1, 2, 3, 4, 5, 6, 7, 8, 9, 10, 11, 12, 14, 13], [1, 2, 3, 4, 5, 6, 7, 8, 9, 10, 11, 13, 12, 14]]
Distance: 36
M(A) inter A:
set()
M(B) inter B:
set()

AUB = 
{(3, 5, 1, 2, 7, 6, 4, 9, 8, 14, 10, 11, 13, 12), (1, 2, 5, 4, 3, 6, 7, 8, 9, 10, 12, 11, 14, 13), (5, 1, 2, 7, 3, 4, 6, 10, 8, 9, 14, 13, 12, 11), (2, 1, 4, 5, 3, 6, 7, 8, 9, 10, 12, 11, 14, 13), (2, 1, 3, 4, 7, 6, 5, 8, 9, 10, 12, 11, 13, 14), (2, 3, 1, 4, 5, 7, 6, 9, 8, 11, 10, 12, 14, 13), (1, 2, 4, 3, 6, 5, 7, 8, 9, 11, 10, 13, 12, 14), (1, 2, 4, 3, 5, 6, 7, 9, 11, 8, 10, 13, 12, 14), (1, 2, 3, 4, 5, 8, 6, 9, 11, 7, 10, 12, 13, 14), (2, 1, 4, 5, 6, 3, 7, 10, 8, 9, 13, 11, 12, 14), (1, 3, 4, 2, 5, 6, 7, 10, 9, 8, 11, 13, 14, 12), (5, 3, 1, 4, 9, 2, 6, 7, 10, 11, 14, 12, 8, 13)}
M(AUB) = 
[[1, 2, 3, 4, 5, 6, 7, 8, 9, 10, 11, 12, 13, 14], [1, 2, 3, 4, 5, 6, 7, 8, 9, 10, 11, 12, 14, 13], [1, 2, 3, 4, 5, 6, 7, 8, 9, 10, 11, 13, 12, 14]]
Distance:96

(44)
A = 
{(4, 2, 1, 5, 9, 3, 6, 11, 7, 12, 8, 13, 10, 14), (2, 1, 3, 5, 4, 8, 6, 9, 7, 12, 10, 11, 13, 14), (4, 2, 1, 6, 9, 3, 10, 5, 11, 7, 12, 8, 14, 13), (3, 4, 2, 1, 6, 7, 12, 9, 8, 10, 5, 11, 13, 14), (1, 2, 3, 8, 4, 5, 6, 7, 9, 10, 11, 13, 14, 12), (4, 1, 2, 8, 3, 5, 9, 10, 6, 11, 7, 14, 12, 13)}
M(A) = 
[[1, 2, 3, 4, 5, 6, 7, 8, 9, 10, 11, 12, 13, 14], [1, 2, 3, 4, 5, 6, 7, 9, 8, 10, 11, 12, 13, 14]]
Distance: 67
B = 
{(1, 2, 3, 4, 5, 6, 7, 9, 8, 10, 11, 13, 12, 14), (1, 3, 4, 2, 6, 7, 5, 8, 10, 9, 11, 13, 12, 14), (1, 2, 3, 5, 4, 6, 8, 7, 10, 9, 12, 11, 13, 14), (2, 3, 1, 5, 7, 9, 4, 8, 13, 6, 10, 12, 11, 14), (4, 3, 1, 6, 2, 7, 5, 9, 14, 8, 12, 10, 11, 13), (1, 2, 3, 4, 5, 6, 7, 8, 9, 10, 11, 12, 13, 14)}
M(B) = 
[[1, 2, 3, 4, 5, 6, 7, 8, 9, 10, 11, 12, 13, 14], [1, 2, 3, 4, 5, 6, 7, 9, 8, 10, 11, 12, 13, 14]]
Distance: 42
M(A) inter A:
set()
M(B) inter B:
{(1, 2, 3, 4, 5, 6, 7, 9, 8, 10, 11, 13, 12, 14), (1, 2, 3, 4, 5, 6, 7, 8, 9, 10, 11, 12, 13, 14)}

AUB = 
{(4, 2, 1, 5, 9, 3, 6, 11, 7, 12, 8, 13, 10, 14), (1, 2, 3, 4, 5, 6, 7, 9, 8, 10, 11, 13, 12, 14), (1, 3, 4, 2, 6, 7, 5, 8, 10, 9, 11, 13, 12, 14), (2, 1, 3, 5, 4, 8, 6, 9, 7, 12, 10, 11, 13, 14), (1, 2, 3, 5, 4, 6, 8, 7, 10, 9, 12, 11, 13, 14), (2, 3, 1, 5, 7, 9, 4, 8, 13, 6, 10, 12, 11, 14), (4, 2, 1, 6, 9, 3, 10, 5, 11, 7, 12, 8, 14, 13), (4, 3, 1, 6, 2, 7, 5, 9, 14, 8, 12, 10, 11, 13), (3, 4, 2, 1, 6, 7, 12, 9, 8, 10, 5, 11, 13, 14), (1, 2, 3, 8, 4, 5, 6, 7, 9, 10, 11, 13, 14, 12), (4, 1, 2, 8, 3, 5, 9, 10, 6, 11, 7, 14, 12, 13), (1, 2, 3, 4, 5, 6, 7, 8, 9, 10, 11, 12, 13, 14)}
M(AUB) = 
[[1, 2, 3, 4, 5, 6, 7, 8, 9, 10, 11, 12, 13, 14], [1, 2, 3, 4, 5, 6, 7, 9, 8, 10, 11, 12, 13, 14]]
Distance:117

(45)
A = 
{(2, 1, 3, 6, 4, 8, 5, 7, 9, 12, 14, 13, 10, 11), (2, 1, 4, 3, 5, 6, 8, 7, 9, 10, 12, 11, 14, 13), (2, 1, 3, 7, 4, 6, 5, 8, 9, 12, 10, 14, 11, 13), (3, 1, 2, 4, 5, 7, 6, 8, 9, 10, 11, 12, 13, 14), (2, 1, 3, 4, 6, 5, 8, 7, 11, 12, 13, 10, 14, 9), (2, 3, 1, 4, 10, 6, 5, 8, 9, 7, 12, 14, 13, 11)}
M(A) = 
[[2, 1, 3, 4, 5, 6, 7, 8, 9, 10, 11, 12, 14, 13], [2, 1, 3, 4, 5, 6, 7, 8, 9, 10, 12, 11, 14, 13], [2, 1, 3, 4, 5, 7, 6, 8, 9, 10, 11, 12, 14, 13], [2, 1, 3, 4, 5, 7, 6, 8, 9, 10, 12, 11, 14, 13]]
Distance: 42
B = 
{(1, 2, 4, 3, 5, 8, 9, 7, 6, 10, 12, 11, 13, 14), (1, 2, 3, 4, 5, 6, 7, 10, 8, 9, 11, 12, 13, 14), (2, 1, 3, 4, 7, 6, 5, 8, 10, 9, 11, 12, 14, 13), (3, 1, 2, 5, 6, 7, 4, 9, 11, 8, 10, 13, 14, 12), (2, 1, 4, 5, 9, 7, 6, 3, 12, 8, 10, 14, 11, 13), (2, 1, 4, 3, 7, 5, 6, 8, 9, 10, 11, 12, 14, 13)}
M(B) = 
[[2, 1, 3, 4, 5, 6, 7, 8, 9, 10, 11, 12, 14, 13], [2, 1, 3, 4, 5, 6, 7, 8, 9, 10, 12, 11, 14, 13], [2, 1, 3, 4, 5, 7, 6, 8, 9, 10, 11, 12, 14, 13], [2, 1, 3, 4, 5, 7, 6, 8, 9, 10, 12, 11, 14, 13]]
Distance: 43
M(A) inter A:
set()
M(B) inter B:
set()

AUB = 
{(2, 1, 4, 3, 7, 5, 6, 8, 9, 10, 11, 12, 14, 13), (2, 1, 3, 6, 4, 8, 5, 7, 9, 12, 14, 13, 10, 11), (1, 2, 4, 3, 5, 8, 9, 7, 6, 10, 12, 11, 13, 14), (2, 1, 4, 3, 5, 6, 8, 7, 9, 10, 12, 11, 14, 13), (2, 1, 3, 7, 4, 6, 5, 8, 9, 12, 10, 14, 11, 13), (1, 2, 3, 4, 5, 6, 7, 10, 8, 9, 11, 12, 13, 14), (3, 1, 2, 4, 5, 7, 6, 8, 9, 10, 11, 12, 13, 14), (2, 1, 3, 4, 7, 6, 5, 8, 10, 9, 11, 12, 14, 13), (3, 1, 2, 5, 6, 7, 4, 9, 11, 8, 10, 13, 14, 12), (2, 1, 3, 4, 6, 5, 8, 7, 11, 12, 13, 10, 14, 9), (2, 3, 1, 4, 10, 6, 5, 8, 9, 7, 12, 14, 13, 11), (2, 1, 4, 5, 9, 7, 6, 3, 12, 8, 10, 14, 11, 13)}
M(AUB) = 
[[2, 1, 3, 4, 5, 6, 7, 8, 9, 10, 11, 12, 14, 13], [2, 1, 3, 4, 5, 6, 7, 8, 9, 10, 12, 11, 14, 13], [2, 1, 3, 4, 5, 7, 6, 8, 9, 10, 11, 12, 14, 13], [2, 1, 3, 4, 5, 7, 6, 8, 9, 10, 12, 11, 14, 13]]
Distance:93

(46)
A = 
{(2, 3, 1, 4, 5, 7, 14, 8, 10, 6, 9, 11, 12, 13), (4, 1, 2, 7, 3, 5, 13, 6, 11, 8, 9, 12, 14, 10), (5, 7, 1, 3, 6, 2, 9, 8, 4, 10, 12, 13, 11, 14), (3, 1, 2, 4, 7, 5, 6, 8, 9, 10, 11, 12, 14, 13), (2, 3, 1, 4, 5, 9, 6, 7, 8, 11, 10, 12, 13, 14), (3, 1, 7, 2, 5, 4, 6, 9, 10, 8, 13, 11, 12, 14)}
M(A) = 
[[2, 3, 1, 4, 5, 7, 6, 8, 9, 10, 11, 12, 13, 14]]
Distance: 63
B = 
{(2, 3, 1, 4, 6, 5, 8, 7, 10, 11, 12, 9, 14, 13), (2, 5, 3, 6, 1, 4, 8, 7, 12, 9, 11, 10, 13, 14), (7, 2, 3, 1, 5, 9, 4, 8, 12, 14, 10, 6, 13, 11), (1, 6, 2, 8, 3, 4, 5, 7, 10, 9, 11, 12, 14, 13), (1, 2, 3, 4, 5, 7, 6, 11, 8, 9, 12, 10, 13, 14), (3, 1, 5, 8, 6, 4, 2, 7, 10, 9, 12, 11, 13, 14)}
M(B) = 
[[2, 3, 1, 4, 5, 7, 6, 8, 9, 10, 11, 12, 13, 14]]
Distance: 66
M(A) inter A:
set()
M(B) inter B:
set()

AUB = 
{(2, 3, 1, 4, 5, 7, 14, 8, 10, 6, 9, 11, 12, 13), (4, 1, 2, 7, 3, 5, 13, 6, 11, 8, 9, 12, 14, 10), (2, 3, 1, 4, 6, 5, 8, 7, 10, 11, 12, 9, 14, 13), (5, 7, 1, 3, 6, 2, 9, 8, 4, 10, 12, 13, 11, 14), (3, 1, 2, 4, 7, 5, 6, 8, 9, 10, 11, 12, 14, 13), (2, 5, 3, 6, 1, 4, 8, 7, 12, 9, 11, 10, 13, 14), (7, 2, 3, 1, 5, 9, 4, 8, 12, 14, 10, 6, 13, 11), (2, 3, 1, 4, 5, 9, 6, 7, 8, 11, 10, 12, 13, 14), (1, 6, 2, 8, 3, 4, 5, 7, 10, 9, 11, 12, 14, 13), (1, 2, 3, 4, 5, 7, 6, 11, 8, 9, 12, 10, 13, 14), (3, 1, 7, 2, 5, 4, 6, 9, 10, 8, 13, 11, 12, 14), (3, 1, 5, 8, 6, 4, 2, 7, 10, 9, 12, 11, 13, 14)}
M(AUB) = 
[[2, 3, 1, 4, 5, 7, 6, 8, 9, 10, 11, 12, 13, 14]]
Distance:135

(47)
A = 
{(1, 2, 4, 3, 6, 5, 7, 8, 10, 9, 11, 12, 13, 14), (4, 1, 5, 2, 3, 8, 7, 6, 13, 9, 10, 11, 12, 14), (4, 1, 3, 6, 2, 5, 9, 11, 7, 13, 10, 8, 14, 12), (2, 1, 8, 3, 4, 12, 7, 11, 6, 10, 5, 9, 14, 13), (5, 2, 1, 4, 3, 6, 7, 8, 9, 11, 10, 13, 14, 12), (2, 4, 1, 6, 9, 3, 10, 5, 8, 7, 11, 12, 13, 14)}
M(A) = 
[[1, 2, 4, 3, 5, 6, 7, 8, 9, 10, 11, 12, 13, 14], [1, 2, 4, 3, 5, 6, 7, 8, 9, 11, 10, 12, 13, 14], [1, 2, 4, 3, 5, 6, 8, 7, 9, 10, 11, 12, 13, 14], [1, 2, 4, 3, 5, 6, 8, 7, 9, 11, 10, 12, 13, 14], [1, 2, 4, 3, 5, 8, 6, 7, 9, 10, 11, 12, 13, 14], [1, 2, 4, 3, 5, 8, 6, 7, 9, 11, 10, 12, 13, 14]]
Distance: 69
B = 
{(1, 2, 3, 4, 5, 7, 8, 6, 9, 10, 12, 13, 11, 14), (2, 1, 3, 5, 8, 4, 7, 6, 11, 9, 10, 14, 12, 13), (1, 2, 4, 3, 6, 5, 7, 9, 8, 10, 11, 13, 12, 14), (1, 2, 5, 3, 8, 6, 4, 10, 7, 9, 13, 14, 11, 12), (4, 3, 1, 8, 2, 5, 11, 7, 6, 10, 9, 14, 12, 13), (2, 3, 1, 11, 5, 4, 6, 7, 9, 8, 12, 14, 10, 13)}
M(B) = 
[[1, 2, 4, 3, 5, 6, 7, 8, 9, 10, 11, 12, 13, 14], [1, 2, 4, 3, 5, 6, 7, 8, 9, 11, 10, 12, 13, 14], [1, 2, 4, 3, 5, 6, 8, 7, 9, 10, 11, 12, 13, 14], [1, 2, 4, 3, 5, 6, 8, 7, 9, 11, 10, 12, 13, 14], [1, 2, 4, 3, 5, 8, 6, 7, 9, 10, 11, 12, 13, 14], [1, 2, 4, 3, 5, 8, 6, 7, 9, 11, 10, 12, 13, 14]]
Distance: 59
M(A) inter A:
set()
M(B) inter B:
set()

AUB = 
{(1, 2, 3, 4, 5, 7, 8, 6, 9, 10, 12, 13, 11, 14), (2, 1, 3, 5, 8, 4, 7, 6, 11, 9, 10, 14, 12, 13), (1, 2, 4, 3, 6, 5, 7, 8, 10, 9, 11, 12, 13, 14), (4, 1, 5, 2, 3, 8, 7, 6, 13, 9, 10, 11, 12, 14), (4, 1, 3, 6, 2, 5, 9, 11, 7, 13, 10, 8, 14, 12), (1, 2, 4, 3, 6, 5, 7, 9, 8, 10, 11, 13, 12, 14), (2, 1, 8, 3, 4, 12, 7, 11, 6, 10, 5, 9, 14, 13), (5, 2, 1, 4, 3, 6, 7, 8, 9, 11, 10, 13, 14, 12), (2, 4, 1, 6, 9, 3, 10, 5, 8, 7, 11, 12, 13, 14), (1, 2, 5, 3, 8, 6, 4, 10, 7, 9, 13, 14, 11, 12), (4, 3, 1, 8, 2, 5, 11, 7, 6, 10, 9, 14, 12, 13), (2, 3, 1, 11, 5, 4, 6, 7, 9, 8, 12, 14, 10, 13)}
M(AUB) = 
[[1, 2, 4, 3, 5, 6, 7, 8, 9, 10, 11, 12, 13, 14], [1, 2, 4, 3, 5, 6, 7, 8, 9, 11, 10, 12, 13, 14], [1, 2, 4, 3, 5, 6, 8, 7, 9, 10, 11, 12, 13, 14], [1, 2, 4, 3, 5, 6, 8, 7, 9, 11, 10, 12, 13, 14], [1, 2, 4, 3, 5, 8, 6, 7, 9, 10, 11, 12, 13, 14], [1, 2, 4, 3, 5, 8, 6, 7, 9, 11, 10, 12, 13, 14]]
Distance:134

(48)
A = 
{(1, 3, 2, 4, 5, 6, 7, 9, 8, 12, 10, 11, 13, 14), (3, 2, 1, 4, 5, 6, 8, 9, 7, 12, 10, 14, 13, 11), (1, 4, 6, 3, 2, 5, 7, 8, 9, 13, 10, 14, 12, 11), (2, 4, 1, 3, 5, 7, 6, 9, 8, 11, 10, 12, 14, 13), (1, 2, 3, 5, 4, 9, 6, 7, 11, 8, 10, 12, 13, 14), (2, 3, 8, 1, 5, 9, 7, 6, 4, 10, 12, 11, 14, 13)}
M(A) = 
[[1, 2, 3, 4, 5, 6, 7, 8, 9, 10, 12, 11, 13, 14], [1, 2, 3, 4, 5, 6, 7, 9, 8, 10, 12, 11, 13, 14], [1, 2, 3, 5, 4, 6, 7, 8, 9, 10, 12, 11, 13, 14], [1, 2, 3, 5, 4, 6, 7, 9, 8, 10, 12, 11, 13, 14]]
Distance: 53
B = 
{(1, 2, 3, 7, 5, 6, 9, 8, 13, 4, 12, 10, 11, 14), (5, 1, 4, 2, 7, 6, 3, 8, 9, 12, 10, 11, 14, 13), (2, 1, 4, 3, 6, 8, 5, 7, 13, 12, 14, 9, 11, 10), (9, 1, 2, 3, 5, 8, 6, 4, 7, 11, 10, 12, 14, 13), (1, 2, 3, 4, 5, 6, 7, 8, 9, 10, 11, 12, 13, 14), (1, 2, 3, 5, 6, 7, 9, 4, 8, 11, 10, 12, 13, 14)}
M(B) = 
[[1, 2, 3, 4, 5, 6, 7, 8, 9, 10, 12, 11, 13, 14], [1, 2, 3, 4, 5, 6, 7, 9, 8, 10, 12, 11, 13, 14], [1, 2, 3, 5, 4, 6, 7, 8, 9, 10, 12, 11, 13, 14], [1, 2, 3, 5, 4, 6, 7, 9, 8, 10, 12, 11, 13, 14]]
Distance: 61
M(A) inter A:
set()
M(B) inter B:
set()

AUB = 
{(1, 3, 2, 4, 5, 6, 7, 9, 8, 12, 10, 11, 13, 14), (3, 2, 1, 4, 5, 6, 8, 9, 7, 12, 10, 14, 13, 11), (1, 4, 6, 3, 2, 5, 7, 8, 9, 13, 10, 14, 12, 11), (2, 4, 1, 3, 5, 7, 6, 9, 8, 11, 10, 12, 14, 13), (1, 2, 3, 7, 5, 6, 9, 8, 13, 4, 12, 10, 11, 14), (5, 1, 4, 2, 7, 6, 3, 8, 9, 12, 10, 11, 14, 13), (1, 2, 3, 5, 4, 9, 6, 7, 11, 8, 10, 12, 13, 14), (2, 1, 4, 3, 6, 8, 5, 7, 13, 12, 14, 9, 11, 10), (2, 3, 8, 1, 5, 9, 7, 6, 4, 10, 12, 11, 14, 13), (9, 1, 2, 3, 5, 8, 6, 4, 7, 11, 10, 12, 14, 13), (1, 2, 3, 4, 5, 6, 7, 8, 9, 10, 11, 12, 13, 14), (1, 2, 3, 5, 6, 7, 9, 4, 8, 11, 10, 12, 13, 14)}
M(AUB) = 
[[1, 2, 3, 4, 5, 6, 7, 8, 9, 10, 12, 11, 13, 14], [1, 2, 3, 4, 5, 6, 7, 9, 8, 10, 12, 11, 13, 14], [1, 2, 3, 5, 4, 6, 7, 8, 9, 10, 12, 11, 13, 14], [1, 2, 3, 5, 4, 6, 7, 9, 8, 10, 12, 11, 13, 14]]
Distance:116

(49)
A = 
{(1, 2, 4, 5, 3, 6, 8, 7, 9, 12, 10, 13, 11, 14), (3, 4, 5, 6, 1, 9, 2, 7, 11, 8, 12, 14, 13, 10), (1, 2, 3, 4, 5, 6, 7, 10, 8, 9, 11, 12, 13, 14), (1, 2, 3, 5, 4, 6, 7, 11, 10, 13, 8, 12, 9, 14), (2, 1, 4, 3, 6, 7, 5, 9, 8, 10, 12, 11, 14, 13), (3, 4, 2, 1, 7, 6, 5, 10, 8, 12, 11, 9, 14, 13)}
M(A) = 
[[1, 2, 3, 4, 5, 6, 7, 8, 9, 10, 11, 12, 13, 14], [1, 2, 3, 4, 5, 6, 7, 9, 8, 10, 11, 12, 13, 14]]
Distance: 56
B = 
{(4, 1, 3, 2, 5, 9, 7, 11, 6, 10, 13, 12, 8, 14), (2, 1, 3, 4, 5, 6, 7, 8, 9, 11, 10, 12, 13, 14), (1, 2, 3, 4, 5, 7, 6, 9, 8, 10, 11, 12, 13, 14), (1, 4, 2, 3, 5, 6, 9, 8, 10, 7, 12, 11, 13, 14), (1, 2, 3, 4, 6, 5, 7, 9, 8, 10, 11, 13, 14, 12), (2, 4, 3, 1, 8, 7, 5, 6, 9, 13, 14, 11, 12, 10)}
M(B) = 
[[1, 2, 3, 4, 5, 6, 7, 8, 9, 10, 11, 12, 13, 14], [1, 2, 3, 4, 5, 6, 7, 9, 8, 10, 11, 12, 13, 14]]
Distance: 45
M(A) inter A:
set()
M(B) inter B:
{(1, 2, 3, 4, 5, 7, 6, 9, 8, 10, 11, 12, 13, 14)}

AUB = 
{(1, 2, 4, 5, 3, 6, 8, 7, 9, 12, 10, 13, 11, 14), (4, 1, 3, 2, 5, 9, 7, 11, 6, 10, 13, 12, 8, 14), (3, 4, 5, 6, 1, 9, 2, 7, 11, 8, 12, 14, 13, 10), (1, 2, 3, 4, 5, 6, 7, 10, 8, 9, 11, 12, 13, 14), (2, 1, 3, 4, 5, 6, 7, 8, 9, 11, 10, 12, 13, 14), (1, 2, 3, 5, 4, 6, 7, 11, 10, 13, 8, 12, 9, 14), (1, 2, 3, 4, 5, 7, 6, 9, 8, 10, 11, 12, 13, 14), (2, 1, 4, 3, 6, 7, 5, 9, 8, 10, 12, 11, 14, 13), (3, 4, 2, 1, 7, 6, 5, 10, 8, 12, 11, 9, 14, 13), (1, 4, 2, 3, 5, 6, 9, 8, 10, 7, 12, 11, 13, 14), (1, 2, 3, 4, 6, 5, 7, 9, 8, 10, 11, 13, 14, 12), (2, 4, 3, 1, 8, 7, 5, 6, 9, 13, 14, 11, 12, 10)}
M(AUB) = 
[[1, 2, 3, 4, 5, 6, 7, 8, 9, 10, 11, 12, 13, 14], [1, 2, 3, 4, 5, 6, 7, 9, 8, 10, 11, 12, 13, 14]]
Distance:103

