(0)
A = 
{(1, 5, 3, 6, 2, 7, 9, 4, 10, 11, 8, 12), (1, 2, 3, 4, 5, 9, 6, 10, 7, 8, 12, 11), (6, 1, 2, 9, 5, 3, 10, 7, 8, 4, 11, 12), (4, 1, 3, 2, 7, 9, 6, 5, 12, 8, 10, 11), (1, 7, 2, 4, 3, 6, 8, 5, 11, 10, 12, 9), (3, 7, 1, 4, 6, 8, 9, 2, 5, 10, 11, 12), (1, 2, 7, 5, 4, 3, 8, 6, 10, 9, 12, 11), (6, 9, 2, 4, 1, 8, 10, 11, 3, 12, 7, 5), (2, 5, 10, 3, 1, 4, 7, 6, 8, 12, 9, 11)}
M(A) = 
[[1, 2, 3, 4, 5, 6, 7, 8, 9, 10, 11, 12], [1, 2, 3, 4, 5, 6, 7, 8, 9, 10, 12, 11]]
Distance: 120
B = 
{(2, 4, 6, 11, 1, 8, 9, 3, 7, 12, 5, 10), (6, 1, 10, 2, 3, 7, 8, 4, 5, 12, 9, 11), (2, 1, 3, 4, 5, 7, 6, 11, 8, 12, 9, 10), (1, 2, 5, 3, 4, 6, 9, 8, 7, 11, 12, 10), (2, 4, 1, 5, 8, 6, 7, 9, 10, 12, 3, 11), (1, 3, 4, 9, 2, 6, 8, 5, 7, 12, 11, 10), (1, 3, 2, 5, 4, 6, 7, 8, 11, 9, 10, 12), (5, 3, 1, 4, 2, 8, 9, 6, 7, 12, 10, 11), (1, 2, 8, 3, 4, 5, 12, 7, 11, 6, 10, 9)}
M(B) = 
[[1, 2, 3, 4, 5, 6, 7, 8, 9, 10, 11, 12], [1, 2, 3, 4, 5, 6, 7, 8, 9, 10, 12, 11]]
Distance: 102
M(A) inter A:
set()
M(B) inter B:
set()

AUB = 
{(1, 5, 3, 6, 2, 7, 9, 4, 10, 11, 8, 12), (1, 2, 3, 4, 5, 9, 6, 10, 7, 8, 12, 11), (6, 1, 2, 9, 5, 3, 10, 7, 8, 4, 11, 12), (2, 4, 6, 11, 1, 8, 9, 3, 7, 12, 5, 10), (4, 1, 3, 2, 7, 9, 6, 5, 12, 8, 10, 11), (1, 7, 2, 4, 3, 6, 8, 5, 11, 10, 12, 9), (6, 1, 10, 2, 3, 7, 8, 4, 5, 12, 9, 11), (2, 1, 3, 4, 5, 7, 6, 11, 8, 12, 9, 10), (1, 2, 5, 3, 4, 6, 9, 8, 7, 11, 12, 10), (2, 4, 1, 5, 8, 6, 7, 9, 10, 12, 3, 11), (3, 7, 1, 4, 6, 8, 9, 2, 5, 10, 11, 12), (1, 3, 4, 9, 2, 6, 8, 5, 7, 12, 11, 10), (1, 2, 7, 5, 4, 3, 8, 6, 10, 9, 12, 11), (6, 9, 2, 4, 1, 8, 10, 11, 3, 12, 7, 5), (1, 3, 2, 5, 4, 6, 7, 8, 11, 9, 10, 12), (5, 3, 1, 4, 2, 8, 9, 6, 7, 12, 10, 11), (1, 2, 8, 3, 4, 5, 12, 7, 11, 6, 10, 9), (2, 5, 10, 3, 1, 4, 7, 6, 8, 12, 9, 11)}
M(AUB) = 
[[1, 2, 3, 4, 5, 6, 7, 8, 9, 10, 11, 12], [1, 2, 3, 4, 5, 6, 7, 8, 9, 10, 12, 11]]
Distance:237

(1)
A = 
{(3, 1, 2, 4, 6, 7, 5, 8, 9, 11, 12, 10), (1, 2, 3, 4, 6, 5, 7, 10, 9, 12, 8, 11), (1, 2, 3, 4, 5, 7, 6, 8, 10, 9, 12, 11), (4, 2, 1, 3, 6, 5, 7, 8, 9, 10, 11, 12), (1, 3, 2, 4, 5, 6, 8, 7, 9, 12, 11, 10), (1, 2, 3, 4, 5, 7, 6, 8, 9, 10, 11, 12), (3, 1, 2, 5, 4, 9, 6, 8, 12, 7, 10, 11), (1, 3, 2, 6, 4, 7, 8, 5, 11, 9, 10, 12), (3, 2, 1, 5, 4, 8, 7, 6, 11, 9, 10, 12)}
M(A) = 
[[1, 2, 3, 4, 5, 6, 7, 8, 9, 10, 11, 12], [1, 3, 2, 4, 5, 6, 7, 8, 9, 10, 11, 12]]
Distance: 51
B = 
{(1, 3, 2, 4, 6, 5, 8, 7, 10, 9, 11, 12), (1, 4, 2, 5, 7, 6, 3, 8, 10, 9, 12, 11), (3, 5, 1, 2, 8, 10, 4, 6, 9, 11, 7, 12), (3, 1, 4, 5, 7, 2, 6, 9, 12, 8, 11, 10), (3, 1, 2, 6, 5, 7, 4, 9, 10, 11, 8, 12), (1, 2, 4, 3, 5, 7, 6, 9, 8, 10, 12, 11), (2, 3, 1, 5, 4, 6, 8, 11, 7, 9, 10, 12), (4, 1, 2, 3, 5, 8, 6, 9, 12, 7, 10, 11), (1, 2, 3, 4, 6, 5, 8, 9, 7, 11, 10, 12)}
M(B) = 
[[1, 2, 3, 4, 5, 6, 7, 8, 9, 10, 11, 12], [1, 3, 2, 4, 5, 6, 7, 8, 9, 10, 11, 12]]
Distance: 69
M(A) inter A:
set()
M(B) inter B:
set()

AUB = 
{(1, 2, 3, 4, 6, 5, 8, 9, 7, 11, 10, 12), (1, 3, 2, 4, 6, 5, 8, 7, 10, 9, 11, 12), (3, 1, 2, 4, 6, 7, 5, 8, 9, 11, 12, 10), (1, 2, 3, 4, 6, 5, 7, 10, 9, 12, 8, 11), (1, 4, 2, 5, 7, 6, 3, 8, 10, 9, 12, 11), (1, 2, 3, 4, 5, 7, 6, 8, 10, 9, 12, 11), (3, 5, 1, 2, 8, 10, 4, 6, 9, 11, 7, 12), (4, 2, 1, 3, 6, 5, 7, 8, 9, 10, 11, 12), (1, 3, 2, 4, 5, 6, 8, 7, 9, 12, 11, 10), (3, 1, 4, 5, 7, 2, 6, 9, 12, 8, 11, 10), (3, 1, 2, 6, 5, 7, 4, 9, 10, 11, 8, 12), (1, 2, 3, 4, 5, 7, 6, 8, 9, 10, 11, 12), (3, 1, 2, 5, 4, 9, 6, 8, 12, 7, 10, 11), (1, 3, 2, 6, 4, 7, 8, 5, 11, 9, 10, 12), (1, 2, 4, 3, 5, 7, 6, 9, 8, 10, 12, 11), (2, 3, 1, 5, 4, 6, 8, 11, 7, 9, 10, 12), (4, 1, 2, 3, 5, 8, 6, 9, 12, 7, 10, 11), (3, 2, 1, 5, 4, 8, 7, 6, 11, 9, 10, 12)}
M(AUB) = 
[[1, 2, 3, 4, 5, 6, 7, 8, 9, 10, 11, 12], [1, 3, 2, 4, 5, 6, 7, 8, 9, 10, 11, 12]]
Distance:122

(2)
A = 
{(2, 1, 4, 3, 7, 5, 6, 9, 8, 10, 11, 12), (4, 3, 2, 6, 5, 8, 1, 7, 11, 9, 10, 12), (1, 2, 3, 4, 5, 6, 7, 9, 8, 10, 11, 12), (2, 1, 8, 3, 4, 5, 6, 9, 7, 10, 11, 12), (2, 1, 3, 5, 6, 4, 8, 7, 12, 9, 11, 10), (1, 3, 2, 5, 4, 6, 8, 7, 9, 11, 10, 12), (3, 1, 4, 6, 12, 2, 8, 11, 5, 7, 10, 9), (1, 2, 3, 6, 4, 5, 7, 11, 8, 10, 9, 12), (1, 2, 3, 4, 5, 7, 6, 10, 8, 12, 9, 11)}
M(A) = 
[[1, 2, 3, 4, 5, 6, 7, 8, 9, 10, 11, 12], [1, 2, 3, 4, 5, 6, 7, 8, 9, 11, 10, 12], [1, 3, 2, 4, 5, 6, 7, 8, 9, 10, 11, 12], [1, 3, 2, 4, 5, 6, 7, 8, 9, 11, 10, 12]]
Distance: 66
B = 
{(3, 2, 6, 4, 1, 8, 7, 9, 5, 12, 11, 10), (1, 4, 3, 6, 5, 2, 9, 7, 8, 11, 10, 12), (1, 3, 5, 2, 4, 7, 8, 10, 6, 11, 9, 12), (1, 7, 2, 8, 4, 6, 3, 9, 5, 12, 10, 11), (1, 3, 2, 4, 5, 6, 7, 8, 10, 12, 11, 9), (1, 3, 2, 4, 5, 6, 7, 9, 8, 10, 11, 12), (4, 2, 3, 1, 5, 7, 6, 8, 9, 11, 10, 12), (2, 3, 7, 6, 4, 1, 8, 12, 9, 10, 5, 11), (3, 1, 2, 6, 4, 7, 8, 5, 9, 11, 10, 12)}
M(B) = 
[[1, 2, 3, 4, 5, 6, 7, 8, 9, 10, 11, 12], [1, 2, 3, 4, 5, 6, 7, 8, 9, 11, 10, 12], [1, 3, 2, 4, 5, 6, 7, 8, 9, 10, 11, 12], [1, 3, 2, 4, 5, 6, 7, 8, 9, 11, 10, 12]]
Distance: 80
M(A) inter A:
set()
M(B) inter B:
set()

AUB = 
{(2, 1, 4, 3, 7, 5, 6, 9, 8, 10, 11, 12), (3, 2, 6, 4, 1, 8, 7, 9, 5, 12, 11, 10), (4, 3, 2, 6, 5, 8, 1, 7, 11, 9, 10, 12), (1, 2, 3, 4, 5, 6, 7, 9, 8, 10, 11, 12), (2, 1, 8, 3, 4, 5, 6, 9, 7, 10, 11, 12), (1, 4, 3, 6, 5, 2, 9, 7, 8, 11, 10, 12), (2, 1, 3, 5, 6, 4, 8, 7, 12, 9, 11, 10), (1, 3, 2, 5, 4, 6, 8, 7, 9, 11, 10, 12), (3, 1, 4, 6, 12, 2, 8, 11, 5, 7, 10, 9), (1, 3, 5, 2, 4, 7, 8, 10, 6, 11, 9, 12), (1, 7, 2, 8, 4, 6, 3, 9, 5, 12, 10, 11), (1, 3, 2, 4, 5, 6, 7, 8, 10, 12, 11, 9), (1, 3, 2, 4, 5, 6, 7, 9, 8, 10, 11, 12), (4, 2, 3, 1, 5, 7, 6, 8, 9, 11, 10, 12), (2, 3, 7, 6, 4, 1, 8, 12, 9, 10, 5, 11), (3, 1, 2, 6, 4, 7, 8, 5, 9, 11, 10, 12), (1, 2, 3, 6, 4, 5, 7, 11, 8, 10, 9, 12), (1, 2, 3, 4, 5, 7, 6, 10, 8, 12, 9, 11)}
M(AUB) = 
[[1, 2, 3, 4, 5, 6, 7, 8, 9, 10, 11, 12], [1, 2, 3, 4, 5, 6, 7, 8, 9, 11, 10, 12], [1, 3, 2, 4, 5, 6, 7, 8, 9, 10, 11, 12], [1, 3, 2, 4, 5, 6, 7, 8, 9, 11, 10, 12]]
Distance:152

(3)
A = 
{(2, 3, 5, 1, 9, 6, 4, 10, 8, 7, 12, 11), (5, 1, 7, 4, 2, 8, 6, 11, 9, 10, 12, 3), (5, 2, 3, 1, 6, 8, 4, 7, 10, 9, 12, 11), (1, 3, 2, 6, 4, 5, 10, 8, 7, 12, 9, 11), (2, 1, 5, 7, 10, 4, 8, 3, 9, 6, 11, 12), (1, 2, 3, 5, 7, 4, 12, 6, 8, 9, 11, 10), (5, 4, 2, 7, 3, 8, 1, 6, 10, 9, 12, 11), (3, 2, 10, 5, 6, 4, 7, 1, 12, 11, 9, 8), (1, 2, 3, 4, 7, 5, 8, 6, 9, 10, 11, 12)}
M(A) = 
[[1, 2, 3, 5, 4, 6, 7, 8, 9, 10, 12, 11], [1, 2, 3, 5, 4, 6, 7, 8, 10, 9, 12, 11]]
Distance: 106
B = 
{(6, 1, 2, 7, 4, 3, 5, 8, 9, 10, 11, 12), (1, 2, 3, 4, 5, 6, 7, 8, 9, 10, 11, 12), (1, 4, 5, 2, 3, 6, 9, 8, 7, 11, 10, 12), (5, 1, 4, 2, 3, 6, 10, 7, 9, 12, 8, 11), (1, 5, 4, 2, 6, 3, 10, 7, 8, 9, 11, 12), (1, 5, 2, 3, 8, 6, 4, 7, 10, 12, 9, 11), (2, 6, 1, 7, 4, 3, 8, 9, 5, 12, 10, 11), (4, 1, 2, 7, 3, 6, 9, 8, 11, 5, 10, 12), (3, 1, 4, 6, 2, 8, 5, 7, 10, 9, 12, 11)}
M(B) = 
[[1, 2, 3, 5, 4, 6, 7, 8, 9, 10, 12, 11], [1, 2, 3, 5, 4, 6, 7, 8, 10, 9, 12, 11]]
Distance: 78
M(A) inter A:
set()
M(B) inter B:
set()

AUB = 
{(6, 1, 2, 7, 4, 3, 5, 8, 9, 10, 11, 12), (2, 3, 5, 1, 9, 6, 4, 10, 8, 7, 12, 11), (5, 1, 7, 4, 2, 8, 6, 11, 9, 10, 12, 3), (5, 2, 3, 1, 6, 8, 4, 7, 10, 9, 12, 11), (1, 2, 3, 4, 5, 6, 7, 8, 9, 10, 11, 12), (1, 3, 2, 6, 4, 5, 10, 8, 7, 12, 9, 11), (1, 4, 5, 2, 3, 6, 9, 8, 7, 11, 10, 12), (2, 1, 5, 7, 10, 4, 8, 3, 9, 6, 11, 12), (5, 1, 4, 2, 3, 6, 10, 7, 9, 12, 8, 11), (1, 2, 3, 5, 7, 4, 12, 6, 8, 9, 11, 10), (5, 4, 2, 7, 3, 8, 1, 6, 10, 9, 12, 11), (1, 5, 4, 2, 6, 3, 10, 7, 8, 9, 11, 12), (1, 5, 2, 3, 8, 6, 4, 7, 10, 12, 9, 11), (3, 2, 10, 5, 6, 4, 7, 1, 12, 11, 9, 8), (2, 6, 1, 7, 4, 3, 8, 9, 5, 12, 10, 11), (4, 1, 2, 7, 3, 6, 9, 8, 11, 5, 10, 12), (3, 1, 4, 6, 2, 8, 5, 7, 10, 9, 12, 11), (1, 2, 3, 4, 7, 5, 8, 6, 9, 10, 11, 12)}
M(AUB) = 
[[1, 2, 3, 5, 4, 6, 7, 8, 9, 10, 12, 11], [1, 2, 3, 5, 4, 6, 7, 8, 10, 9, 12, 11]]
Distance:195

(4)
A = 
{(1, 4, 3, 2, 5, 6, 7, 9, 8, 12, 11, 10), (7, 2, 5, 1, 4, 6, 9, 8, 3, 11, 12, 10), (10, 2, 1, 5, 3, 7, 6, 9, 4, 12, 8, 11), (1, 2, 4, 3, 6, 7, 5, 8, 9, 10, 11, 12), (5, 3, 7, 1, 6, 2, 9, 4, 8, 12, 11, 10), (3, 2, 7, 1, 5, 8, 4, 11, 9, 6, 12, 10), (2, 1, 3, 6, 4, 5, 10, 8, 7, 9, 11, 12), (1, 2, 3, 4, 5, 6, 7, 8, 9, 10, 12, 11), (1, 4, 2, 3, 7, 8, 5, 9, 6, 11, 10, 12)}
M(A) = 
[[1, 2, 3, 4, 5, 7, 6, 8, 9, 10, 11, 12], [1, 2, 3, 4, 5, 7, 6, 8, 9, 10, 12, 11]]
Distance: 92
B = 
{(1, 4, 5, 2, 3, 7, 9, 6, 8, 12, 11, 10), (3, 2, 1, 4, 6, 9, 8, 5, 10, 7, 12, 11), (1, 3, 2, 4, 5, 7, 8, 6, 10, 9, 12, 11), (1, 2, 3, 5, 4, 6, 7, 8, 9, 10, 11, 12), (1, 2, 3, 4, 5, 7, 6, 8, 9, 10, 11, 12), (2, 8, 1, 6, 5, 3, 7, 11, 10, 9, 12, 4), (3, 2, 4, 1, 5, 10, 12, 11, 7, 8, 6, 9), (1, 2, 4, 7, 3, 9, 8, 6, 5, 12, 10, 11), (3, 2, 4, 1, 5, 10, 7, 11, 9, 6, 12, 8)}
M(B) = 
[[1, 2, 3, 4, 5, 7, 6, 8, 9, 10, 11, 12], [1, 2, 3, 4, 5, 7, 6, 8, 9, 10, 12, 11]]
Distance: 90
M(A) inter A:
set()
M(B) inter B:
set()

AUB = 
{(1, 4, 3, 2, 5, 6, 7, 9, 8, 12, 11, 10), (7, 2, 5, 1, 4, 6, 9, 8, 3, 11, 12, 10), (10, 2, 1, 5, 3, 7, 6, 9, 4, 12, 8, 11), (1, 4, 5, 2, 3, 7, 9, 6, 8, 12, 11, 10), (1, 2, 4, 3, 6, 7, 5, 8, 9, 10, 11, 12), (3, 2, 1, 4, 6, 9, 8, 5, 10, 7, 12, 11), (1, 3, 2, 4, 5, 7, 8, 6, 10, 9, 12, 11), (1, 2, 3, 5, 4, 6, 7, 8, 9, 10, 11, 12), (5, 3, 7, 1, 6, 2, 9, 4, 8, 12, 11, 10), (1, 2, 3, 4, 5, 7, 6, 8, 9, 10, 11, 12), (3, 2, 7, 1, 5, 8, 4, 11, 9, 6, 12, 10), (2, 8, 1, 6, 5, 3, 7, 11, 10, 9, 12, 4), (3, 2, 4, 1, 5, 10, 12, 11, 7, 8, 6, 9), (2, 1, 3, 6, 4, 5, 10, 8, 7, 9, 11, 12), (1, 2, 4, 7, 3, 9, 8, 6, 5, 12, 10, 11), (1, 2, 3, 4, 5, 6, 7, 8, 9, 10, 12, 11), (3, 2, 4, 1, 5, 10, 7, 11, 9, 6, 12, 8), (1, 4, 2, 3, 7, 8, 5, 9, 6, 11, 10, 12)}
M(AUB) = 
[[1, 2, 3, 4, 5, 7, 6, 8, 9, 10, 11, 12], [1, 2, 3, 4, 5, 7, 6, 8, 9, 10, 12, 11]]
Distance:184

(5)
A = 
{(3, 1, 2, 4, 5, 6, 7, 8, 9, 10, 11, 12), (2, 1, 4, 3, 6, 5, 10, 8, 11, 7, 12, 9), (1, 3, 2, 4, 5, 6, 7, 8, 11, 9, 10, 12), (1, 7, 2, 4, 8, 3, 5, 6, 11, 12, 10, 9), (2, 3, 1, 5, 4, 10, 6, 7, 8, 9, 11, 12), (1, 2, 4, 3, 6, 5, 8, 9, 10, 7, 12, 11), (4, 5, 7, 2, 6, 1, 9, 10, 3, 8, 11, 12), (3, 7, 1, 2, 4, 5, 6, 8, 9, 10, 11, 12), (2, 4, 1, 3, 5, 6, 8, 7, 10, 9, 11, 12)}
M(A) = 
[[1, 2, 3, 4, 5, 6, 7, 8, 9, 10, 11, 12], [1, 2, 4, 3, 5, 6, 7, 8, 9, 10, 11, 12], [2, 1, 3, 4, 5, 6, 7, 8, 9, 10, 11, 12], [2, 1, 4, 3, 5, 6, 7, 8, 9, 10, 11, 12]]
Distance: 70
B = 
{(1, 2, 3, 4, 5, 7, 6, 8, 9, 11, 10, 12), (2, 1, 5, 4, 6, 3, 8, 7, 9, 10, 12, 11), (1, 3, 4, 2, 5, 6, 8, 9, 7, 10, 12, 11), (2, 4, 3, 5, 6, 1, 8, 9, 7, 12, 11, 10), (2, 4, 3, 1, 6, 8, 7, 5, 9, 10, 11, 12), (1, 3, 6, 2, 5, 8, 4, 9, 7, 10, 11, 12), (1, 3, 2, 4, 6, 5, 7, 10, 8, 9, 11, 12), (4, 2, 7, 5, 1, 9, 3, 11, 8, 6, 12, 10), (2, 1, 3, 4, 6, 5, 7, 8, 10, 11, 9, 12)}
M(B) = 
[[1, 2, 3, 4, 5, 6, 7, 8, 9, 10, 11, 12], [1, 2, 4, 3, 5, 6, 7, 8, 9, 10, 11, 12], [2, 1, 3, 4, 5, 6, 7, 8, 9, 10, 11, 12], [2, 1, 4, 3, 5, 6, 7, 8, 9, 10, 11, 12]]
Distance: 65
M(A) inter A:
set()
M(B) inter B:
set()

AUB = 
{(3, 1, 2, 4, 5, 6, 7, 8, 9, 10, 11, 12), (1, 2, 3, 4, 5, 7, 6, 8, 9, 11, 10, 12), (2, 1, 5, 4, 6, 3, 8, 7, 9, 10, 12, 11), (2, 1, 4, 3, 6, 5, 10, 8, 11, 7, 12, 9), (1, 3, 2, 4, 5, 6, 7, 8, 11, 9, 10, 12), (1, 7, 2, 4, 8, 3, 5, 6, 11, 12, 10, 9), (1, 3, 4, 2, 5, 6, 8, 9, 7, 10, 12, 11), (2, 3, 1, 5, 4, 10, 6, 7, 8, 9, 11, 12), (1, 2, 4, 3, 6, 5, 8, 9, 10, 7, 12, 11), (2, 4, 3, 5, 6, 1, 8, 9, 7, 12, 11, 10), (4, 5, 7, 2, 6, 1, 9, 10, 3, 8, 11, 12), (3, 7, 1, 2, 4, 5, 6, 8, 9, 10, 11, 12), (2, 4, 1, 3, 5, 6, 8, 7, 10, 9, 11, 12), (2, 4, 3, 1, 6, 8, 7, 5, 9, 10, 11, 12), (1, 3, 6, 2, 5, 8, 4, 9, 7, 10, 11, 12), (1, 3, 2, 4, 6, 5, 7, 10, 8, 9, 11, 12), (4, 2, 7, 5, 1, 9, 3, 11, 8, 6, 12, 10), (2, 1, 3, 4, 6, 5, 7, 8, 10, 11, 9, 12)}
M(AUB) = 
[[1, 2, 3, 4, 5, 6, 7, 8, 9, 10, 11, 12], [1, 2, 4, 3, 5, 6, 7, 8, 9, 10, 11, 12], [2, 1, 3, 4, 5, 6, 7, 8, 9, 10, 11, 12], [2, 1, 4, 3, 5, 6, 7, 8, 9, 10, 11, 12]]
Distance:138

(6)
A = 
{(6, 3, 5, 1, 4, 9, 2, 12, 7, 8, 11, 10), (1, 4, 2, 6, 3, 7, 9, 5, 10, 8, 11, 12), (3, 1, 6, 2, 4, 5, 10, 8, 9, 11, 12, 7), (1, 2, 3, 4, 5, 6, 7, 8, 9, 10, 11, 12), (1, 6, 2, 4, 3, 5, 9, 8, 12, 7, 10, 11), (4, 1, 2, 3, 5, 6, 7, 11, 9, 8, 12, 10), (7, 1, 2, 6, 3, 9, 5, 4, 10, 8, 12, 11), (1, 3, 9, 6, 5, 2, 8, 4, 10, 7, 11, 12), (4, 2, 8, 3, 6, 7, 5, 1, 9, 11, 10, 12)}
M(A) = 
[[1, 2, 3, 4, 6, 5, 7, 9, 8, 11, 10, 12], [1, 2, 3, 4, 6, 5, 7, 9, 8, 11, 12, 10]]
Distance: 95
B = 
{(2, 5, 1, 3, 6, 4, 7, 12, 11, 8, 9, 10), (1, 2, 3, 4, 6, 5, 7, 9, 8, 12, 10, 11), (4, 1, 9, 2, 7, 12, 3, 11, 6, 5, 8, 10), (1, 2, 5, 3, 4, 6, 7, 9, 8, 11, 10, 12), (2, 6, 8, 3, 10, 1, 4, 7, 11, 5, 9, 12), (4, 1, 5, 2, 3, 7, 6, 12, 8, 9, 11, 10), (5, 2, 3, 4, 1, 9, 11, 7, 6, 10, 8, 12), (2, 1, 4, 3, 7, 6, 5, 8, 9, 12, 11, 10), (1, 2, 3, 4, 6, 7, 5, 9, 8, 11, 12, 10)}
M(B) = 
[[1, 2, 3, 4, 6, 5, 7, 9, 8, 11, 10, 12], [1, 2, 3, 4, 6, 5, 7, 9, 8, 11, 12, 10]]
Distance: 91
M(A) inter A:
set()
M(B) inter B:
set()

AUB = 
{(6, 3, 5, 1, 4, 9, 2, 12, 7, 8, 11, 10), (2, 5, 1, 3, 6, 4, 7, 12, 11, 8, 9, 10), (1, 4, 2, 6, 3, 7, 9, 5, 10, 8, 11, 12), (3, 1, 6, 2, 4, 5, 10, 8, 9, 11, 12, 7), (1, 2, 3, 4, 5, 6, 7, 8, 9, 10, 11, 12), (1, 2, 3, 4, 6, 5, 7, 9, 8, 12, 10, 11), (1, 6, 2, 4, 3, 5, 9, 8, 12, 7, 10, 11), (4, 1, 9, 2, 7, 12, 3, 11, 6, 5, 8, 10), (1, 2, 5, 3, 4, 6, 7, 9, 8, 11, 10, 12), (2, 6, 8, 3, 10, 1, 4, 7, 11, 5, 9, 12), (4, 1, 2, 3, 5, 6, 7, 11, 9, 8, 12, 10), (7, 1, 2, 6, 3, 9, 5, 4, 10, 8, 12, 11), (1, 3, 9, 6, 5, 2, 8, 4, 10, 7, 11, 12), (4, 2, 8, 3, 6, 7, 5, 1, 9, 11, 10, 12), (4, 1, 5, 2, 3, 7, 6, 12, 8, 9, 11, 10), (5, 2, 3, 4, 1, 9, 11, 7, 6, 10, 8, 12), (2, 1, 4, 3, 7, 6, 5, 8, 9, 12, 11, 10), (1, 2, 3, 4, 6, 7, 5, 9, 8, 11, 12, 10)}
M(AUB) = 
[[1, 2, 3, 4, 6, 5, 7, 9, 8, 11, 10, 12], [1, 2, 3, 4, 6, 5, 7, 9, 8, 11, 12, 10]]
Distance:194

(7)
A = 
{(4, 5, 8, 1, 2, 7, 10, 3, 6, 9, 12, 11), (2, 3, 1, 4, 6, 8, 7, 9, 5, 12, 11, 10), (1, 3, 2, 6, 5, 8, 10, 4, 11, 7, 9, 12), (1, 2, 3, 5, 4, 7, 6, 8, 9, 11, 10, 12), (1, 2, 4, 3, 5, 10, 6, 7, 12, 11, 9, 8), (3, 1, 5, 6, 7, 2, 8, 12, 4, 10, 9, 11), (5, 1, 2, 3, 9, 4, 6, 11, 8, 7, 10, 12), (2, 3, 8, 5, 1, 4, 7, 6, 11, 9, 10, 12), (2, 6, 1, 4, 8, 7, 5, 3, 11, 9, 10, 12)}
M(A) = 
[[1, 2, 3, 5, 4, 6, 7, 8, 9, 10, 11, 12], [1, 2, 3, 5, 4, 6, 7, 8, 9, 10, 12, 11], [1, 2, 3, 5, 4, 6, 7, 8, 10, 9, 11, 12], [1, 2, 3, 5, 4, 6, 7, 8, 10, 9, 12, 11], [1, 2, 3, 5, 4, 6, 8, 7, 9, 10, 11, 12], [1, 2, 3, 5, 4, 6, 8, 7, 9, 10, 12, 11], [1, 2, 3, 5, 4, 6, 8, 7, 10, 9, 11, 12], [1, 2, 3, 5, 4, 6, 8, 7, 10, 9, 12, 11]]
Distance: 99
B = 
{(5, 2, 3, 9, 1, 8, 7, 6, 12, 4, 11, 10), (1, 2, 6, 4, 7, 3, 5, 10, 12, 9, 8, 11), (1, 2, 6, 3, 9, 4, 7, 8, 12, 5, 10, 11), (2, 1, 7, 4, 5, 8, 11, 3, 6, 12, 10, 9), (2, 5, 1, 6, 4, 3, 7, 8, 10, 9, 12, 11), (3, 2, 1, 5, 4, 6, 8, 9, 7, 10, 11, 12), (2, 4, 3, 1, 5, 8, 6, 10, 7, 9, 11, 12), (5, 4, 1, 2, 9, 6, 3, 7, 11, 8, 10, 12), (3, 1, 2, 5, 7, 6, 4, 8, 10, 9, 12, 11)}
M(B) = 
[[1, 2, 3, 5, 4, 6, 7, 8, 9, 10, 11, 12], [1, 2, 3, 5, 4, 6, 7, 8, 9, 10, 12, 11], [1, 2, 3, 5, 4, 6, 7, 8, 10, 9, 11, 12], [1, 2, 3, 5, 4, 6, 7, 8, 10, 9, 12, 11], [1, 2, 3, 5, 4, 6, 8, 7, 9, 10, 11, 12], [1, 2, 3, 5, 4, 6, 8, 7, 9, 10, 12, 11], [1, 2, 3, 5, 4, 6, 8, 7, 10, 9, 11, 12], [1, 2, 3, 5, 4, 6, 8, 7, 10, 9, 12, 11]]
Distance: 101
M(A) inter A:
set()
M(B) inter B:
set()

AUB = 
{(3, 1, 2, 5, 7, 6, 4, 8, 10, 9, 12, 11), (4, 5, 8, 1, 2, 7, 10, 3, 6, 9, 12, 11), (5, 2, 3, 9, 1, 8, 7, 6, 12, 4, 11, 10), (2, 3, 1, 4, 6, 8, 7, 9, 5, 12, 11, 10), (1, 2, 6, 4, 7, 3, 5, 10, 12, 9, 8, 11), (1, 2, 6, 3, 9, 4, 7, 8, 12, 5, 10, 11), (1, 3, 2, 6, 5, 8, 10, 4, 11, 7, 9, 12), (2, 1, 7, 4, 5, 8, 11, 3, 6, 12, 10, 9), (2, 5, 1, 6, 4, 3, 7, 8, 10, 9, 12, 11), (1, 2, 3, 5, 4, 7, 6, 8, 9, 11, 10, 12), (3, 2, 1, 5, 4, 6, 8, 9, 7, 10, 11, 12), (1, 2, 4, 3, 5, 10, 6, 7, 12, 11, 9, 8), (3, 1, 5, 6, 7, 2, 8, 12, 4, 10, 9, 11), (5, 1, 2, 3, 9, 4, 6, 11, 8, 7, 10, 12), (2, 3, 8, 5, 1, 4, 7, 6, 11, 9, 10, 12), (2, 6, 1, 4, 8, 7, 5, 3, 11, 9, 10, 12), (2, 4, 3, 1, 5, 8, 6, 10, 7, 9, 11, 12), (5, 4, 1, 2, 9, 6, 3, 7, 11, 8, 10, 12)}
M(AUB) = 
[[1, 2, 3, 5, 4, 6, 7, 8, 9, 10, 11, 12], [1, 2, 3, 5, 4, 6, 7, 8, 9, 10, 12, 11], [1, 2, 3, 5, 4, 6, 7, 8, 10, 9, 11, 12], [1, 2, 3, 5, 4, 6, 7, 8, 10, 9, 12, 11], [1, 2, 3, 5, 4, 6, 8, 7, 9, 10, 11, 12], [1, 2, 3, 5, 4, 6, 8, 7, 9, 10, 12, 11], [1, 2, 3, 5, 4, 6, 8, 7, 10, 9, 11, 12], [1, 2, 3, 5, 4, 6, 8, 7, 10, 9, 12, 11]]
Distance:208

(8)
A = 
{(5, 2, 8, 1, 3, 4, 10, 7, 11, 9, 12, 6), (2, 1, 3, 4, 5, 7, 6, 8, 9, 10, 11, 12), (2, 3, 1, 6, 5, 7, 9, 4, 10, 12, 8, 11), (1, 2, 4, 3, 5, 6, 8, 9, 7, 12, 10, 11), (2, 1, 4, 3, 8, 5, 6, 7, 10, 9, 11, 12), (1, 3, 2, 4, 5, 6, 8, 7, 11, 10, 12, 9), (4, 1, 2, 5, 3, 8, 7, 6, 10, 11, 12, 9), (2, 4, 3, 11, 7, 5, 1, 10, 6, 9, 8, 12), (2, 1, 6, 3, 5, 7, 4, 8, 9, 12, 10, 11)}
M(A) = 
[[1, 2, 3, 4, 5, 6, 7, 8, 9, 10, 11, 12], [1, 2, 3, 4, 5, 6, 7, 8, 10, 9, 11, 12], [2, 1, 3, 4, 5, 6, 7, 8, 9, 10, 11, 12], [2, 1, 3, 4, 5, 6, 7, 8, 10, 9, 11, 12]]
Distance: 80
B = 
{(3, 1, 2, 4, 7, 8, 9, 5, 6, 10, 12, 11), (7, 1, 3, 4, 6, 2, 5, 10, 8, 11, 12, 9), (1, 2, 4, 3, 5, 6, 7, 8, 9, 10, 12, 11), (2, 6, 8, 3, 1, 5, 4, 9, 11, 12, 7, 10), (2, 6, 3, 4, 1, 9, 5, 7, 8, 10, 11, 12), (3, 1, 6, 8, 2, 4, 11, 12, 5, 10, 9, 7), (3, 7, 5, 1, 4, 8, 6, 2, 10, 9, 11, 12), (4, 2, 3, 1, 8, 7, 5, 6, 9, 10, 11, 12), (1, 2, 3, 4, 6, 5, 7, 8, 10, 9, 11, 12)}
M(B) = 
[[1, 2, 3, 4, 5, 6, 7, 8, 9, 10, 11, 12], [1, 2, 3, 4, 5, 6, 7, 8, 10, 9, 11, 12], [2, 1, 3, 4, 5, 6, 7, 8, 9, 10, 11, 12], [2, 1, 3, 4, 5, 6, 7, 8, 10, 9, 11, 12]]
Distance: 96
M(A) inter A:
set()
M(B) inter B:
set()

AUB = 
{(5, 2, 8, 1, 3, 4, 10, 7, 11, 9, 12, 6), (2, 1, 3, 4, 5, 7, 6, 8, 9, 10, 11, 12), (3, 1, 2, 4, 7, 8, 9, 5, 6, 10, 12, 11), (7, 1, 3, 4, 6, 2, 5, 10, 8, 11, 12, 9), (1, 2, 4, 3, 5, 6, 7, 8, 9, 10, 12, 11), (2, 6, 8, 3, 1, 5, 4, 9, 11, 12, 7, 10), (2, 3, 1, 6, 5, 7, 9, 4, 10, 12, 8, 11), (1, 2, 4, 3, 5, 6, 8, 9, 7, 12, 10, 11), (2, 1, 4, 3, 8, 5, 6, 7, 10, 9, 11, 12), (2, 6, 3, 4, 1, 9, 5, 7, 8, 10, 11, 12), (3, 1, 6, 8, 2, 4, 11, 12, 5, 10, 9, 7), (1, 3, 2, 4, 5, 6, 8, 7, 11, 10, 12, 9), (3, 7, 5, 1, 4, 8, 6, 2, 10, 9, 11, 12), (4, 2, 3, 1, 8, 7, 5, 6, 9, 10, 11, 12), (1, 2, 3, 4, 6, 5, 7, 8, 10, 9, 11, 12), (4, 1, 2, 5, 3, 8, 7, 6, 10, 11, 12, 9), (2, 4, 3, 11, 7, 5, 1, 10, 6, 9, 8, 12), (2, 1, 6, 3, 5, 7, 4, 8, 9, 12, 10, 11)}
M(AUB) = 
[[1, 2, 3, 4, 5, 6, 7, 8, 9, 10, 11, 12], [1, 2, 3, 4, 5, 6, 7, 8, 10, 9, 11, 12], [2, 1, 3, 4, 5, 6, 7, 8, 9, 10, 11, 12], [2, 1, 3, 4, 5, 6, 7, 8, 10, 9, 11, 12]]
Distance:184

(9)
A = 
{(1, 3, 2, 5, 4, 7, 8, 9, 6, 10, 12, 11), (1, 2, 5, 6, 4, 9, 3, 7, 8, 11, 12, 10), (1, 2, 6, 3, 4, 9, 5, 12, 7, 10, 8, 11), (1, 2, 3, 4, 5, 6, 7, 9, 8, 10, 11, 12), (1, 3, 2, 4, 8, 5, 6, 9, 10, 7, 12, 11), (3, 2, 1, 5, 4, 7, 6, 8, 10, 9, 11, 12), (3, 1, 4, 6, 5, 2, 7, 10, 12, 8, 11, 9), (3, 1, 4, 2, 5, 6, 9, 7, 8, 12, 10, 11), (1, 2, 3, 4, 5, 8, 6, 9, 7, 10, 11, 12)}
M(A) = 
[[1, 2, 3, 4, 5, 6, 7, 8, 9, 10, 12, 11]]
Distance: 61
B = 
{(2, 3, 7, 1, 5, 6, 4, 11, 10, 8, 12, 9), (4, 2, 1, 3, 6, 5, 8, 7, 12, 10, 9, 11), (3, 2, 4, 1, 5, 6, 7, 8, 9, 10, 12, 11), (2, 7, 1, 6, 4, 5, 8, 9, 11, 10, 3, 12), (2, 3, 4, 1, 8, 5, 7, 6, 11, 9, 12, 10), (5, 4, 6, 2, 1, 7, 12, 10, 3, 9, 8, 11), (2, 4, 3, 1, 6, 7, 5, 10, 11, 9, 12, 8), (1, 2, 5, 4, 3, 8, 12, 6, 10, 7, 11, 9), (3, 1, 2, 5, 6, 4, 9, 8, 7, 10, 12, 11)}
M(B) = 
[[1, 2, 3, 4, 5, 6, 7, 8, 9, 10, 12, 11]]
Distance: 99
M(A) inter A:
set()
M(B) inter B:
set()

AUB = 
{(1, 3, 2, 5, 4, 7, 8, 9, 6, 10, 12, 11), (1, 2, 5, 6, 4, 9, 3, 7, 8, 11, 12, 10), (1, 2, 6, 3, 4, 9, 5, 12, 7, 10, 8, 11), (1, 2, 3, 4, 5, 6, 7, 9, 8, 10, 11, 12), (1, 3, 2, 4, 8, 5, 6, 9, 10, 7, 12, 11), (2, 3, 7, 1, 5, 6, 4, 11, 10, 8, 12, 9), (4, 2, 1, 3, 6, 5, 8, 7, 12, 10, 9, 11), (3, 2, 1, 5, 4, 7, 6, 8, 10, 9, 11, 12), (3, 2, 4, 1, 5, 6, 7, 8, 9, 10, 12, 11), (3, 1, 4, 6, 5, 2, 7, 10, 12, 8, 11, 9), (2, 7, 1, 6, 4, 5, 8, 9, 11, 10, 3, 12), (2, 3, 4, 1, 8, 5, 7, 6, 11, 9, 12, 10), (5, 4, 6, 2, 1, 7, 12, 10, 3, 9, 8, 11), (3, 1, 4, 2, 5, 6, 9, 7, 8, 12, 10, 11), (2, 4, 3, 1, 6, 7, 5, 10, 11, 9, 12, 8), (1, 2, 5, 4, 3, 8, 12, 6, 10, 7, 11, 9), (1, 2, 3, 4, 5, 8, 6, 9, 7, 10, 11, 12), (3, 1, 2, 5, 6, 4, 9, 8, 7, 10, 12, 11)}
M(AUB) = 
[[1, 2, 3, 4, 5, 6, 7, 8, 9, 10, 12, 11]]
Distance:170

(10)
A = 
{(1, 2, 3, 4, 5, 9, 7, 8, 10, 6, 12, 11), (1, 2, 7, 5, 3, 6, 4, 8, 10, 11, 9, 12), (3, 1, 6, 8, 4, 2, 5, 7, 9, 12, 11, 10), (3, 4, 1, 2, 5, 8, 10, 7, 6, 11, 12, 9), (1, 2, 6, 3, 7, 5, 4, 9, 8, 11, 10, 12), (1, 3, 2, 5, 4, 6, 10, 8, 7, 12, 11, 9), (1, 2, 3, 4, 6, 5, 7, 9, 8, 10, 11, 12), (1, 2, 3, 4, 5, 9, 8, 6, 7, 12, 11, 10), (2, 1, 3, 6, 5, 4, 10, 11, 8, 7, 9, 12)}
M(A) = 
[[1, 2, 3, 4, 5, 6, 8, 7, 9, 10, 11, 12]]
Distance: 78
B = 
{(5, 2, 3, 1, 8, 4, 7, 10, 6, 11, 9, 12), (4, 1, 2, 6, 3, 5, 8, 7, 10, 9, 11, 12), (3, 1, 2, 4, 7, 5, 6, 8, 10, 11, 9, 12), (4, 1, 3, 2, 6, 5, 11, 9, 8, 7, 12, 10), (5, 1, 2, 7, 4, 3, 9, 6, 12, 11, 10, 8), (1, 4, 2, 5, 3, 6, 7, 8, 9, 12, 10, 11), (1, 5, 3, 9, 2, 4, 8, 10, 6, 7, 11, 12), (2, 3, 1, 6, 8, 7, 5, 9, 12, 4, 10, 11), (1, 4, 6, 5, 3, 2, 12, 7, 9, 8, 10, 11)}
M(B) = 
[[1, 2, 3, 4, 5, 6, 8, 7, 9, 10, 11, 12]]
Distance: 98
M(A) inter A:
set()
M(B) inter B:
set()

AUB = 
{(1, 2, 3, 4, 5, 9, 7, 8, 10, 6, 12, 11), (1, 2, 7, 5, 3, 6, 4, 8, 10, 11, 9, 12), (5, 2, 3, 1, 8, 4, 7, 10, 6, 11, 9, 12), (4, 1, 2, 6, 3, 5, 8, 7, 10, 9, 11, 12), (3, 1, 6, 8, 4, 2, 5, 7, 9, 12, 11, 10), (3, 4, 1, 2, 5, 8, 10, 7, 6, 11, 12, 9), (3, 1, 2, 4, 7, 5, 6, 8, 10, 11, 9, 12), (1, 2, 6, 3, 7, 5, 4, 9, 8, 11, 10, 12), (4, 1, 3, 2, 6, 5, 11, 9, 8, 7, 12, 10), (1, 3, 2, 5, 4, 6, 10, 8, 7, 12, 11, 9), (1, 2, 3, 4, 6, 5, 7, 9, 8, 10, 11, 12), (5, 1, 2, 7, 4, 3, 9, 6, 12, 11, 10, 8), (1, 4, 2, 5, 3, 6, 7, 8, 9, 12, 10, 11), (1, 2, 3, 4, 5, 9, 8, 6, 7, 12, 11, 10), (1, 5, 3, 9, 2, 4, 8, 10, 6, 7, 11, 12), (2, 3, 1, 6, 8, 7, 5, 9, 12, 4, 10, 11), (2, 1, 3, 6, 5, 4, 10, 11, 8, 7, 9, 12), (1, 4, 6, 5, 3, 2, 12, 7, 9, 8, 10, 11)}
M(AUB) = 
[[1, 2, 3, 4, 5, 6, 8, 7, 9, 10, 11, 12]]
Distance:178

(11)
A = 
{(1, 4, 7, 5, 2, 6, 12, 3, 10, 9, 8, 11), (1, 2, 4, 6, 3, 5, 8, 7, 12, 9, 11, 10), (2, 1, 5, 4, 3, 7, 8, 12, 6, 9, 11, 10), (1, 2, 4, 3, 5, 6, 7, 9, 11, 10, 8, 12), (7, 2, 1, 3, 9, 5, 4, 10, 6, 11, 8, 12), (5, 2, 1, 8, 3, 7, 9, 10, 6, 4, 12, 11), (4, 2, 1, 6, 7, 5, 3, 9, 12, 8, 11, 10), (1, 6, 3, 5, 8, 4, 12, 2, 9, 10, 11, 7), (4, 1, 5, 2, 6, 7, 3, 8, 11, 9, 10, 12)}
M(A) = 
[[1, 2, 3, 4, 5, 6, 7, 8, 9, 10, 12, 11], [1, 2, 3, 4, 5, 6, 7, 8, 9, 12, 10, 11], [1, 2, 3, 4, 5, 6, 7, 9, 8, 10, 12, 11], [1, 2, 3, 4, 5, 6, 7, 9, 8, 12, 10, 11]]
Distance: 105
B = 
{(2, 1, 4, 3, 8, 6, 5, 7, 12, 10, 9, 11), (1, 2, 3, 4, 6, 5, 7, 10, 9, 8, 12, 11), (1, 2, 3, 4, 5, 6, 7, 8, 9, 10, 11, 12), (4, 2, 3, 1, 5, 8, 6, 7, 10, 9, 12, 11), (1, 3, 2, 4, 7, 6, 5, 9, 8, 10, 11, 12), (2, 10, 1, 5, 7, 3, 4, 9, 8, 6, 12, 11), (1, 3, 4, 5, 2, 9, 7, 6, 12, 10, 11, 8), (1, 3, 4, 6, 2, 5, 7, 9, 8, 12, 10, 11), (2, 3, 1, 6, 4, 8, 5, 7, 12, 9, 11, 10)}
M(B) = 
[[1, 2, 3, 4, 5, 6, 7, 8, 9, 10, 12, 11], [1, 2, 3, 4, 5, 6, 7, 8, 9, 12, 10, 11], [1, 2, 3, 4, 5, 6, 7, 9, 8, 10, 12, 11], [1, 2, 3, 4, 5, 6, 7, 9, 8, 12, 10, 11]]
Distance: 69
M(A) inter A:
set()
M(B) inter B:
set()

AUB = 
{(1, 4, 7, 5, 2, 6, 12, 3, 10, 9, 8, 11), (2, 1, 4, 3, 8, 6, 5, 7, 12, 10, 9, 11), (1, 2, 3, 4, 6, 5, 7, 10, 9, 8, 12, 11), (1, 2, 4, 6, 3, 5, 8, 7, 12, 9, 11, 10), (1, 2, 3, 4, 5, 6, 7, 8, 9, 10, 11, 12), (4, 2, 3, 1, 5, 8, 6, 7, 10, 9, 12, 11), (1, 3, 2, 4, 7, 6, 5, 9, 8, 10, 11, 12), (2, 1, 5, 4, 3, 7, 8, 12, 6, 9, 11, 10), (1, 2, 4, 3, 5, 6, 7, 9, 11, 10, 8, 12), (2, 10, 1, 5, 7, 3, 4, 9, 8, 6, 12, 11), (1, 3, 4, 5, 2, 9, 7, 6, 12, 10, 11, 8), (1, 3, 4, 6, 2, 5, 7, 9, 8, 12, 10, 11), (7, 2, 1, 3, 9, 5, 4, 10, 6, 11, 8, 12), (2, 3, 1, 6, 4, 8, 5, 7, 12, 9, 11, 10), (5, 2, 1, 8, 3, 7, 9, 10, 6, 4, 12, 11), (4, 2, 1, 6, 7, 5, 3, 9, 12, 8, 11, 10), (1, 6, 3, 5, 8, 4, 12, 2, 9, 10, 11, 7), (4, 1, 5, 2, 6, 7, 3, 8, 11, 9, 10, 12)}
M(AUB) = 
[[1, 2, 3, 4, 5, 6, 7, 8, 9, 10, 12, 11], [1, 2, 3, 4, 5, 6, 7, 8, 9, 12, 10, 11], [1, 2, 3, 4, 5, 6, 7, 9, 8, 10, 12, 11], [1, 2, 3, 4, 5, 6, 7, 9, 8, 12, 10, 11]]
Distance:183

(12)
A = 
{(2, 3, 4, 5, 6, 12, 1, 7, 11, 9, 10, 8), (1, 2, 3, 4, 5, 6, 7, 10, 9, 8, 12, 11), (2, 3, 1, 5, 6, 4, 10, 7, 8, 12, 9, 11), (5, 1, 3, 2, 6, 4, 8, 7, 12, 11, 9, 10), (2, 1, 3, 4, 5, 11, 6, 8, 10, 9, 12, 7), (2, 5, 1, 4, 7, 6, 8, 3, 9, 10, 11, 12), (1, 3, 2, 5, 7, 6, 4, 9, 8, 10, 11, 12), (2, 3, 1, 4, 9, 5, 7, 6, 8, 12, 10, 11), (2, 1, 5, 4, 3, 6, 7, 8, 11, 10, 9, 12)}
M(A) = 
[[2, 1, 3, 4, 5, 6, 7, 8, 9, 10, 11, 12], [2, 1, 3, 4, 5, 6, 7, 8, 9, 10, 12, 11], [2, 1, 3, 5, 4, 6, 7, 8, 9, 10, 11, 12], [2, 1, 3, 5, 4, 6, 7, 8, 9, 10, 12, 11]]
Distance: 78
B = 
{(2, 1, 3, 5, 7, 4, 8, 6, 9, 12, 10, 11), (1, 2, 3, 4, 5, 6, 7, 8, 9, 10, 11, 12), (2, 1, 3, 7, 4, 5, 6, 12, 8, 11, 10, 9), (2, 6, 1, 4, 5, 3, 8, 7, 12, 10, 9, 11), (2, 4, 1, 5, 7, 3, 8, 9, 6, 11, 10, 12), (2, 1, 3, 5, 8, 4, 6, 9, 7, 12, 10, 11), (1, 3, 2, 4, 5, 7, 6, 8, 9, 10, 11, 12), (1, 2, 5, 3, 4, 6, 8, 7, 10, 9, 11, 12), (3, 2, 1, 8, 7, 5, 11, 4, 6, 9, 10, 12)}
M(B) = 
[[2, 1, 3, 4, 5, 6, 7, 8, 9, 10, 11, 12], [2, 1, 3, 4, 5, 6, 7, 8, 9, 10, 12, 11], [2, 1, 3, 5, 4, 6, 7, 8, 9, 10, 11, 12], [2, 1, 3, 5, 4, 6, 7, 8, 9, 10, 12, 11]]
Distance: 64
M(A) inter A:
set()
M(B) inter B:
set()

AUB = 
{(3, 2, 1, 8, 7, 5, 11, 4, 6, 9, 10, 12), (2, 3, 4, 5, 6, 12, 1, 7, 11, 9, 10, 8), (1, 2, 3, 4, 5, 6, 7, 10, 9, 8, 12, 11), (2, 3, 1, 5, 6, 4, 10, 7, 8, 12, 9, 11), (5, 1, 3, 2, 6, 4, 8, 7, 12, 11, 9, 10), (1, 2, 3, 4, 5, 6, 7, 8, 9, 10, 11, 12), (2, 1, 3, 4, 5, 11, 6, 8, 10, 9, 12, 7), (2, 1, 3, 7, 4, 5, 6, 12, 8, 11, 10, 9), (2, 5, 1, 4, 7, 6, 8, 3, 9, 10, 11, 12), (2, 6, 1, 4, 5, 3, 8, 7, 12, 10, 9, 11), (2, 4, 1, 5, 7, 3, 8, 9, 6, 11, 10, 12), (1, 3, 2, 5, 7, 6, 4, 9, 8, 10, 11, 12), (2, 1, 3, 5, 8, 4, 6, 9, 7, 12, 10, 11), (2, 3, 1, 4, 9, 5, 7, 6, 8, 12, 10, 11), (2, 1, 5, 4, 3, 6, 7, 8, 11, 10, 9, 12), (1, 3, 2, 4, 5, 7, 6, 8, 9, 10, 11, 12), (1, 2, 5, 3, 4, 6, 8, 7, 10, 9, 11, 12), (2, 1, 3, 5, 7, 4, 8, 6, 9, 12, 10, 11)}
M(AUB) = 
[[2, 1, 3, 4, 5, 6, 7, 8, 9, 10, 11, 12], [2, 1, 3, 4, 5, 6, 7, 8, 9, 10, 12, 11], [2, 1, 3, 5, 4, 6, 7, 8, 9, 10, 11, 12], [2, 1, 3, 5, 4, 6, 7, 8, 9, 10, 12, 11]]
Distance:145

(13)
A = 
{(2, 3, 1, 4, 5, 6, 7, 8, 9, 10, 12, 11), (1, 3, 2, 4, 6, 8, 5, 7, 11, 12, 10, 9), (1, 7, 6, 5, 3, 11, 8, 4, 2, 9, 12, 10), (2, 3, 1, 4, 7, 5, 6, 8, 9, 10, 11, 12), (2, 1, 3, 5, 4, 6, 9, 8, 7, 10, 11, 12), (4, 1, 6, 3, 2, 9, 5, 10, 7, 8, 11, 12), (3, 2, 5, 1, 4, 9, 10, 11, 6, 7, 8, 12), (1, 7, 2, 5, 4, 6, 10, 3, 8, 12, 11, 9), (1, 2, 3, 5, 4, 6, 7, 8, 9, 11, 10, 12)}
M(A) = 
[[1, 2, 3, 4, 5, 6, 7, 8, 9, 10, 11, 12]]
Distance: 85
B = 
{(6, 3, 2, 1, 5, 7, 12, 4, 8, 10, 11, 9), (1, 2, 4, 3, 5, 6, 7, 8, 9, 10, 11, 12), (1, 2, 4, 3, 6, 7, 5, 8, 10, 12, 9, 11), (5, 2, 3, 1, 6, 4, 10, 8, 9, 11, 7, 12), (3, 1, 4, 2, 7, 6, 5, 9, 8, 10, 11, 12), (1, 3, 2, 4, 6, 5, 7, 11, 8, 10, 9, 12), (1, 3, 7, 2, 4, 5, 6, 11, 9, 8, 10, 12), (1, 2, 3, 4, 5, 9, 10, 8, 6, 12, 7, 11), (1, 2, 3, 4, 6, 7, 5, 11, 8, 9, 12, 10)}
M(B) = 
[[1, 2, 3, 4, 5, 6, 7, 8, 9, 10, 11, 12]]
Distance: 74
M(A) inter A:
set()
M(B) inter B:
set()

AUB = 
{(6, 3, 2, 1, 5, 7, 12, 4, 8, 10, 11, 9), (2, 3, 1, 4, 5, 6, 7, 8, 9, 10, 12, 11), (1, 3, 2, 4, 6, 8, 5, 7, 11, 12, 10, 9), (1, 7, 6, 5, 3, 11, 8, 4, 2, 9, 12, 10), (2, 3, 1, 4, 7, 5, 6, 8, 9, 10, 11, 12), (1, 2, 4, 3, 5, 6, 7, 8, 9, 10, 11, 12), (2, 1, 3, 5, 4, 6, 9, 8, 7, 10, 11, 12), (1, 2, 4, 3, 6, 7, 5, 8, 10, 12, 9, 11), (5, 2, 3, 1, 6, 4, 10, 8, 9, 11, 7, 12), (3, 1, 4, 2, 7, 6, 5, 9, 8, 10, 11, 12), (4, 1, 6, 3, 2, 9, 5, 10, 7, 8, 11, 12), (3, 2, 5, 1, 4, 9, 10, 11, 6, 7, 8, 12), (1, 7, 2, 5, 4, 6, 10, 3, 8, 12, 11, 9), (1, 3, 2, 4, 6, 5, 7, 11, 8, 10, 9, 12), (1, 3, 7, 2, 4, 5, 6, 11, 9, 8, 10, 12), (1, 2, 3, 4, 5, 9, 10, 8, 6, 12, 7, 11), (1, 2, 3, 4, 6, 7, 5, 11, 8, 9, 12, 10), (1, 2, 3, 5, 4, 6, 7, 8, 9, 11, 10, 12)}
M(AUB) = 
[[1, 2, 3, 4, 5, 6, 7, 8, 9, 10, 11, 12]]
Distance:161

(14)
A = 
{(1, 3, 2, 8, 6, 4, 5, 11, 7, 9, 10, 12), (1, 2, 3, 4, 5, 6, 7, 8, 9, 10, 11, 12), (1, 2, 3, 5, 4, 6, 7, 8, 9, 12, 10, 11), (7, 4, 1, 2, 12, 3, 6, 9, 5, 8, 11, 10), (1, 2, 3, 4, 5, 7, 8, 6, 9, 11, 10, 12), (1, 3, 4, 2, 5, 7, 6, 8, 9, 10, 11, 12), (1, 6, 3, 7, 5, 8, 4, 9, 12, 2, 10, 11), (1, 6, 2, 5, 8, 3, 7, 9, 11, 12, 4, 10), (2, 1, 3, 4, 6, 5, 7, 8, 10, 11, 9, 12)}
M(A) = 
[[1, 2, 3, 4, 5, 6, 7, 8, 9, 10, 11, 12]]
Distance: 74
B = 
{(7, 3, 4, 2, 1, 5, 6, 8, 11, 9, 12, 10), (2, 1, 3, 5, 6, 4, 9, 8, 10, 7, 12, 11), (2, 4, 5, 3, 8, 6, 1, 12, 10, 9, 11, 7), (3, 1, 2, 6, 5, 4, 8, 7, 9, 10, 11, 12), (4, 1, 5, 2, 3, 7, 6, 8, 9, 10, 11, 12), (2, 1, 3, 4, 6, 10, 8, 9, 5, 11, 7, 12), (2, 5, 4, 3, 1, 9, 6, 8, 11, 7, 12, 10), (1, 2, 4, 3, 5, 6, 7, 8, 10, 9, 11, 12), (1, 3, 2, 4, 5, 6, 7, 8, 9, 12, 10, 11)}
M(B) = 
[[1, 2, 3, 4, 5, 6, 7, 8, 9, 10, 11, 12]]
Distance: 80
M(A) inter A:
set()
M(B) inter B:
set()

AUB = 
{(1, 3, 2, 4, 5, 6, 7, 8, 9, 12, 10, 11), (7, 3, 4, 2, 1, 5, 6, 8, 11, 9, 12, 10), (1, 3, 2, 8, 6, 4, 5, 11, 7, 9, 10, 12), (2, 1, 3, 5, 6, 4, 9, 8, 10, 7, 12, 11), (1, 2, 3, 4, 5, 6, 7, 8, 9, 10, 11, 12), (1, 2, 3, 5, 4, 6, 7, 8, 9, 12, 10, 11), (2, 4, 5, 3, 8, 6, 1, 12, 10, 9, 11, 7), (3, 1, 2, 6, 5, 4, 8, 7, 9, 10, 11, 12), (7, 4, 1, 2, 12, 3, 6, 9, 5, 8, 11, 10), (4, 1, 5, 2, 3, 7, 6, 8, 9, 10, 11, 12), (1, 2, 3, 4, 5, 7, 8, 6, 9, 11, 10, 12), (1, 3, 4, 2, 5, 7, 6, 8, 9, 10, 11, 12), (2, 1, 3, 4, 6, 10, 8, 9, 5, 11, 7, 12), (1, 6, 3, 7, 5, 8, 4, 9, 12, 2, 10, 11), (1, 6, 2, 5, 8, 3, 7, 9, 11, 12, 4, 10), (2, 5, 4, 3, 1, 9, 6, 8, 11, 7, 12, 10), (1, 2, 4, 3, 5, 6, 7, 8, 10, 9, 11, 12), (2, 1, 3, 4, 6, 5, 7, 8, 10, 11, 9, 12)}
M(AUB) = 
[[1, 2, 3, 4, 5, 6, 7, 8, 9, 10, 11, 12]]
Distance:157

(15)
A = 
{(2, 1, 3, 8, 4, 5, 6, 9, 7, 11, 12, 10), (1, 2, 3, 4, 5, 6, 7, 8, 9, 11, 10, 12), (1, 2, 4, 5, 7, 3, 6, 11, 9, 8, 10, 12), (5, 6, 1, 3, 2, 11, 7, 4, 8, 9, 10, 12), (1, 2, 3, 4, 6, 5, 7, 8, 9, 10, 11, 12), (2, 3, 7, 1, 5, 4, 6, 8, 11, 9, 10, 12), (2, 4, 5, 9, 3, 1, 6, 10, 8, 11, 7, 12), (2, 1, 3, 4, 5, 6, 7, 10, 9, 8, 11, 12), (1, 7, 4, 3, 5, 2, 9, 10, 8, 6, 11, 12)}
M(A) = 
[[1, 2, 3, 4, 5, 6, 7, 8, 9, 10, 11, 12], [1, 2, 3, 4, 5, 6, 7, 8, 9, 11, 10, 12]]
Distance: 74
B = 
{(3, 4, 2, 5, 8, 1, 11, 7, 10, 6, 12, 9), (2, 3, 1, 5, 6, 9, 4, 7, 10, 12, 11, 8), (3, 1, 2, 6, 4, 7, 9, 8, 12, 11, 5, 10), (3, 1, 2, 4, 5, 8, 6, 7, 10, 9, 11, 12), (1, 2, 3, 7, 5, 4, 9, 8, 6, 11, 10, 12), (1, 5, 4, 3, 2, 7, 11, 12, 6, 10, 9, 8), (1, 2, 3, 4, 5, 6, 8, 7, 10, 9, 11, 12), (2, 3, 1, 4, 7, 5, 8, 6, 10, 9, 11, 12), (2, 1, 4, 3, 6, 7, 5, 8, 9, 10, 11, 12)}
M(B) = 
[[1, 2, 3, 4, 5, 6, 7, 8, 9, 10, 11, 12], [1, 2, 3, 4, 5, 6, 7, 8, 9, 11, 10, 12]]
Distance: 83
M(A) inter A:
set()
M(B) inter B:
set()

AUB = 
{(2, 1, 3, 8, 4, 5, 6, 9, 7, 11, 12, 10), (1, 2, 3, 4, 5, 6, 7, 8, 9, 11, 10, 12), (3, 4, 2, 5, 8, 1, 11, 7, 10, 6, 12, 9), (2, 3, 1, 5, 6, 9, 4, 7, 10, 12, 11, 8), (1, 2, 4, 5, 7, 3, 6, 11, 9, 8, 10, 12), (5, 6, 1, 3, 2, 11, 7, 4, 8, 9, 10, 12), (3, 1, 2, 6, 4, 7, 9, 8, 12, 11, 5, 10), (3, 1, 2, 4, 5, 8, 6, 7, 10, 9, 11, 12), (1, 2, 3, 7, 5, 4, 9, 8, 6, 11, 10, 12), (1, 2, 3, 4, 6, 5, 7, 8, 9, 10, 11, 12), (2, 3, 7, 1, 5, 4, 6, 8, 11, 9, 10, 12), (2, 4, 5, 9, 3, 1, 6, 10, 8, 11, 7, 12), (1, 5, 4, 3, 2, 7, 11, 12, 6, 10, 9, 8), (1, 2, 3, 4, 5, 6, 8, 7, 10, 9, 11, 12), (2, 3, 1, 4, 7, 5, 8, 6, 10, 9, 11, 12), (2, 1, 3, 4, 5, 6, 7, 10, 9, 8, 11, 12), (1, 7, 4, 3, 5, 2, 9, 10, 8, 6, 11, 12), (2, 1, 4, 3, 6, 7, 5, 8, 9, 10, 11, 12)}
M(AUB) = 
[[1, 2, 3, 4, 5, 6, 7, 8, 9, 10, 11, 12], [1, 2, 3, 4, 5, 6, 7, 8, 9, 11, 10, 12]]
Distance:159

(16)
A = 
{(3, 6, 4, 1, 7, 2, 5, 10, 11, 8, 9, 12), (2, 1, 3, 4, 8, 5, 6, 7, 10, 9, 11, 12), (1, 4, 2, 3, 5, 6, 8, 9, 7, 10, 11, 12), (1, 2, 3, 4, 5, 6, 7, 8, 9, 10, 11, 12), (2, 5, 1, 7, 3, 9, 10, 8, 4, 6, 12, 11), (2, 1, 6, 5, 9, 4, 8, 11, 3, 7, 12, 10), (2, 1, 5, 4, 8, 3, 6, 7, 12, 9, 11, 10), (1, 3, 6, 5, 2, 7, 8, 4, 9, 12, 10, 11), (2, 1, 3, 4, 6, 7, 9, 5, 10, 8, 12, 11)}
M(A) = 
[[2, 1, 3, 4, 5, 6, 7, 8, 9, 10, 11, 12]]
Distance: 83
B = 
{(1, 5, 3, 2, 7, 4, 9, 8, 6, 10, 11, 12), (1, 7, 2, 3, 5, 4, 6, 8, 9, 10, 12, 11), (2, 4, 3, 1, 5, 7, 6, 8, 10, 11, 12, 9), (3, 2, 7, 4, 5, 1, 12, 9, 6, 8, 11, 10), (2, 4, 5, 1, 6, 3, 10, 7, 8, 11, 12, 9), (2, 5, 1, 4, 3, 9, 7, 11, 8, 6, 12, 10), (2, 6, 7, 3, 9, 1, 4, 5, 12, 10, 8, 11), (1, 3, 2, 4, 6, 5, 9, 7, 8, 11, 12, 10), (2, 3, 4, 1, 6, 5, 8, 7, 10, 9, 11, 12)}
M(B) = 
[[2, 1, 3, 4, 5, 6, 7, 8, 9, 10, 11, 12]]
Distance: 91
M(A) inter A:
set()
M(B) inter B:
set()

AUB = 
{(3, 6, 4, 1, 7, 2, 5, 10, 11, 8, 9, 12), (2, 1, 3, 4, 8, 5, 6, 7, 10, 9, 11, 12), (1, 5, 3, 2, 7, 4, 9, 8, 6, 10, 11, 12), (1, 4, 2, 3, 5, 6, 8, 9, 7, 10, 11, 12), (1, 2, 3, 4, 5, 6, 7, 8, 9, 10, 11, 12), (1, 7, 2, 3, 5, 4, 6, 8, 9, 10, 12, 11), (2, 4, 3, 1, 5, 7, 6, 8, 10, 11, 12, 9), (2, 5, 1, 7, 3, 9, 10, 8, 4, 6, 12, 11), (3, 2, 7, 4, 5, 1, 12, 9, 6, 8, 11, 10), (2, 1, 6, 5, 9, 4, 8, 11, 3, 7, 12, 10), (2, 4, 5, 1, 6, 3, 10, 7, 8, 11, 12, 9), (2, 5, 1, 4, 3, 9, 7, 11, 8, 6, 12, 10), (2, 6, 7, 3, 9, 1, 4, 5, 12, 10, 8, 11), (1, 3, 2, 4, 6, 5, 9, 7, 8, 11, 12, 10), (2, 1, 5, 4, 8, 3, 6, 7, 12, 9, 11, 10), (1, 3, 6, 5, 2, 7, 8, 4, 9, 12, 10, 11), (2, 1, 3, 4, 6, 7, 9, 5, 10, 8, 12, 11), (2, 3, 4, 1, 6, 5, 8, 7, 10, 9, 11, 12)}
M(AUB) = 
[[2, 1, 3, 4, 5, 6, 7, 8, 9, 10, 11, 12]]
Distance:176

(17)
A = 
{(1, 2, 5, 3, 6, 7, 10, 4, 8, 12, 9, 11), (2, 1, 5, 7, 3, 8, 4, 9, 6, 11, 12, 10), (1, 4, 2, 5, 3, 8, 6, 7, 9, 10, 11, 12), (11, 6, 3, 2, 1, 7, 8, 5, 4, 10, 9, 12), (1, 2, 3, 5, 6, 8, 4, 7, 10, 9, 12, 11), (2, 5, 4, 3, 1, 6, 9, 7, 10, 12, 11, 8), (1, 2, 4, 3, 5, 6, 8, 7, 10, 9, 12, 11), (2, 4, 1, 6, 8, 3, 10, 9, 5, 12, 7, 11), (1, 2, 3, 4, 5, 6, 7, 8, 10, 9, 11, 12)}
M(A) = 
[[1, 2, 3, 4, 5, 6, 7, 8, 9, 10, 11, 12], [1, 2, 3, 4, 5, 6, 7, 8, 9, 10, 12, 11], [1, 2, 3, 4, 5, 6, 7, 8, 10, 9, 11, 12], [1, 2, 3, 4, 5, 6, 7, 8, 10, 9, 12, 11]]
Distance: 83
B = 
{(1, 2, 3, 4, 6, 5, 7, 12, 8, 10, 11, 9), (3, 4, 2, 1, 7, 5, 8, 6, 11, 9, 12, 10), (1, 5, 3, 7, 2, 8, 4, 9, 6, 10, 11, 12), (4, 6, 1, 2, 5, 8, 7, 3, 10, 9, 12, 11), (2, 1, 4, 3, 6, 5, 9, 7, 10, 8, 12, 11), (2, 4, 3, 1, 5, 7, 6, 8, 10, 9, 11, 12), (1, 2, 3, 5, 4, 8, 7, 6, 9, 11, 10, 12), (1, 2, 7, 3, 8, 4, 9, 6, 12, 5, 10, 11), (3, 5, 1, 2, 7, 9, 6, 4, 8, 10, 11, 12)}
M(B) = 
[[1, 2, 3, 4, 5, 6, 7, 8, 9, 10, 11, 12], [1, 2, 3, 4, 5, 6, 7, 8, 9, 10, 12, 11], [1, 2, 3, 4, 5, 6, 7, 8, 10, 9, 11, 12], [1, 2, 3, 4, 5, 6, 7, 8, 10, 9, 12, 11]]
Distance: 80
M(A) inter A:
set()
M(B) inter B:
set()

AUB = 
{(3, 5, 1, 2, 7, 9, 6, 4, 8, 10, 11, 12), (1, 2, 5, 3, 6, 7, 10, 4, 8, 12, 9, 11), (1, 2, 3, 4, 6, 5, 7, 12, 8, 10, 11, 9), (3, 4, 2, 1, 7, 5, 8, 6, 11, 9, 12, 10), (2, 1, 5, 7, 3, 8, 4, 9, 6, 11, 12, 10), (1, 5, 3, 7, 2, 8, 4, 9, 6, 10, 11, 12), (1, 4, 2, 5, 3, 8, 6, 7, 9, 10, 11, 12), (4, 6, 1, 2, 5, 8, 7, 3, 10, 9, 12, 11), (2, 1, 4, 3, 6, 5, 9, 7, 10, 8, 12, 11), (2, 4, 3, 1, 5, 7, 6, 8, 10, 9, 11, 12), (11, 6, 3, 2, 1, 7, 8, 5, 4, 10, 9, 12), (1, 2, 3, 5, 4, 8, 7, 6, 9, 11, 10, 12), (1, 2, 3, 5, 6, 8, 4, 7, 10, 9, 12, 11), (2, 5, 4, 3, 1, 6, 9, 7, 10, 12, 11, 8), (1, 2, 4, 3, 5, 6, 8, 7, 10, 9, 12, 11), (2, 4, 1, 6, 8, 3, 10, 9, 5, 12, 7, 11), (1, 2, 7, 3, 8, 4, 9, 6, 12, 5, 10, 11), (1, 2, 3, 4, 5, 6, 7, 8, 10, 9, 11, 12)}
M(AUB) = 
[[1, 2, 3, 4, 5, 6, 7, 8, 9, 10, 11, 12], [1, 2, 3, 4, 5, 6, 7, 8, 9, 10, 12, 11], [1, 2, 3, 4, 5, 6, 7, 8, 10, 9, 11, 12], [1, 2, 3, 4, 5, 6, 7, 8, 10, 9, 12, 11]]
Distance:171

(18)
A = 
{(4, 1, 5, 3, 8, 7, 2, 10, 9, 6, 12, 11), (2, 3, 7, 1, 4, 8, 6, 12, 5, 11, 9, 10), (3, 2, 1, 4, 6, 9, 5, 11, 8, 7, 10, 12), (3, 2, 4, 1, 7, 8, 5, 6, 12, 9, 11, 10), (1, 4, 2, 3, 5, 8, 6, 7, 9, 12, 10, 11), (2, 1, 5, 3, 8, 6, 4, 11, 9, 12, 10, 7), (3, 1, 5, 6, 2, 4, 7, 11, 12, 9, 8, 10), (4, 2, 3, 1, 10, 6, 5, 8, 7, 12, 9, 11), (1, 4, 2, 6, 3, 8, 10, 5, 9, 7, 11, 12)}
M(A) = 
[[2, 1, 3, 4, 5, 6, 8, 7, 9, 10, 11, 12], [2, 1, 3, 4, 5, 6, 8, 7, 9, 10, 12, 11]]
Distance: 101
B = 
{(2, 1, 3, 4, 6, 5, 10, 8, 9, 7, 12, 11), (1, 2, 3, 5, 4, 7, 6, 9, 8, 10, 12, 11), (2, 1, 3, 5, 7, 6, 8, 10, 4, 9, 12, 11), (2, 1, 4, 5, 3, 7, 8, 6, 11, 9, 10, 12), (2, 1, 4, 3, 5, 7, 6, 11, 9, 12, 8, 10), (4, 5, 2, 6, 3, 10, 1, 9, 12, 11, 8, 7), (3, 2, 1, 5, 4, 9, 6, 8, 7, 10, 11, 12), (1, 2, 3, 4, 6, 5, 8, 7, 9, 11, 12, 10), (6, 3, 1, 4, 5, 7, 2, 9, 10, 11, 8, 12)}
M(B) = 
[[2, 1, 3, 4, 5, 6, 8, 7, 9, 10, 11, 12], [2, 1, 3, 4, 5, 6, 8, 7, 9, 10, 12, 11]]
Distance: 80
M(A) inter A:
set()
M(B) inter B:
set()

AUB = 
{(4, 1, 5, 3, 8, 7, 2, 10, 9, 6, 12, 11), (2, 3, 7, 1, 4, 8, 6, 12, 5, 11, 9, 10), (2, 1, 3, 4, 6, 5, 10, 8, 9, 7, 12, 11), (1, 2, 3, 5, 4, 7, 6, 9, 8, 10, 12, 11), (2, 1, 3, 5, 7, 6, 8, 10, 4, 9, 12, 11), (2, 1, 4, 5, 3, 7, 8, 6, 11, 9, 10, 12), (3, 2, 1, 4, 6, 9, 5, 11, 8, 7, 10, 12), (3, 2, 4, 1, 7, 8, 5, 6, 12, 9, 11, 10), (2, 1, 4, 3, 5, 7, 6, 11, 9, 12, 8, 10), (1, 4, 2, 3, 5, 8, 6, 7, 9, 12, 10, 11), (2, 1, 5, 3, 8, 6, 4, 11, 9, 12, 10, 7), (4, 5, 2, 6, 3, 10, 1, 9, 12, 11, 8, 7), (3, 1, 5, 6, 2, 4, 7, 11, 12, 9, 8, 10), (3, 2, 1, 5, 4, 9, 6, 8, 7, 10, 11, 12), (4, 2, 3, 1, 10, 6, 5, 8, 7, 12, 9, 11), (1, 2, 3, 4, 6, 5, 8, 7, 9, 11, 12, 10), (1, 4, 2, 6, 3, 8, 10, 5, 9, 7, 11, 12), (6, 3, 1, 4, 5, 7, 2, 9, 10, 11, 8, 12)}
M(AUB) = 
[[2, 1, 3, 4, 5, 6, 8, 7, 9, 10, 11, 12], [2, 1, 3, 4, 5, 6, 8, 7, 9, 10, 12, 11]]
Distance:188

(19)
A = 
{(4, 3, 1, 2, 6, 5, 8, 11, 7, 12, 9, 10), (1, 4, 6, 2, 3, 5, 11, 10, 8, 7, 9, 12), (1, 2, 3, 6, 9, 4, 8, 5, 7, 11, 12, 10), (2, 1, 4, 3, 5, 6, 7, 8, 9, 10, 11, 12), (6, 3, 1, 5, 2, 4, 8, 12, 10, 9, 7, 11), (1, 3, 2, 4, 6, 5, 8, 7, 9, 11, 10, 12), (5, 1, 2, 8, 3, 4, 11, 7, 6, 10, 12, 9), (2, 5, 3, 9, 1, 4, 6, 10, 7, 8, 11, 12), (1, 3, 2, 6, 4, 8, 5, 7, 11, 9, 12, 10)}
M(A) = 
[[1, 2, 3, 4, 5, 6, 8, 7, 9, 10, 11, 12], [1, 2, 3, 4, 5, 6, 8, 7, 9, 11, 10, 12], [1, 2, 3, 4, 6, 5, 8, 7, 9, 10, 11, 12], [1, 2, 3, 4, 6, 5, 8, 7, 9, 11, 10, 12], [1, 3, 2, 4, 5, 6, 8, 7, 9, 10, 11, 12], [1, 3, 2, 4, 5, 6, 8, 7, 9, 11, 10, 12], [1, 3, 2, 4, 6, 5, 8, 7, 9, 10, 11, 12], [1, 3, 2, 4, 6, 5, 8, 7, 9, 11, 10, 12]]
Distance: 82
B = 
{(1, 2, 3, 4, 5, 7, 6, 8, 9, 11, 10, 12), (1, 3, 2, 4, 7, 9, 5, 10, 11, 12, 8, 6), (1, 3, 4, 6, 2, 5, 9, 8, 11, 7, 10, 12), (1, 2, 3, 4, 5, 6, 8, 10, 7, 11, 9, 12), (1, 2, 3, 4, 5, 6, 7, 8, 9, 10, 11, 12), (4, 2, 5, 1, 6, 8, 7, 3, 9, 12, 10, 11), (3, 1, 2, 4, 7, 5, 6, 10, 8, 12, 9, 11), (1, 3, 2, 6, 5, 4, 8, 7, 9, 11, 10, 12), (6, 3, 1, 4, 9, 8, 2, 7, 10, 5, 11, 12)}
M(B) = 
[[1, 2, 3, 4, 5, 6, 8, 7, 9, 10, 11, 12], [1, 2, 3, 4, 5, 6, 8, 7, 9, 11, 10, 12], [1, 2, 3, 4, 6, 5, 8, 7, 9, 10, 11, 12], [1, 2, 3, 4, 6, 5, 8, 7, 9, 11, 10, 12], [1, 3, 2, 4, 5, 6, 8, 7, 9, 10, 11, 12], [1, 3, 2, 4, 5, 6, 8, 7, 9, 11, 10, 12], [1, 3, 2, 4, 6, 5, 8, 7, 9, 10, 11, 12], [1, 3, 2, 4, 6, 5, 8, 7, 9, 11, 10, 12]]
Distance: 69
M(A) inter A:
set()
M(B) inter B:
set()

AUB = 
{(4, 3, 1, 2, 6, 5, 8, 11, 7, 12, 9, 10), (1, 2, 3, 4, 5, 7, 6, 8, 9, 11, 10, 12), (1, 4, 6, 2, 3, 5, 11, 10, 8, 7, 9, 12), (1, 3, 2, 4, 7, 9, 5, 10, 11, 12, 8, 6), (1, 2, 3, 6, 9, 4, 8, 5, 7, 11, 12, 10), (1, 3, 4, 6, 2, 5, 9, 8, 11, 7, 10, 12), (2, 1, 4, 3, 5, 6, 7, 8, 9, 10, 11, 12), (1, 2, 3, 4, 5, 6, 8, 10, 7, 11, 9, 12), (1, 2, 3, 4, 5, 6, 7, 8, 9, 10, 11, 12), (4, 2, 5, 1, 6, 8, 7, 3, 9, 12, 10, 11), (6, 3, 1, 5, 2, 4, 8, 12, 10, 9, 7, 11), (1, 3, 2, 4, 6, 5, 8, 7, 9, 11, 10, 12), (5, 1, 2, 8, 3, 4, 11, 7, 6, 10, 12, 9), (3, 1, 2, 4, 7, 5, 6, 10, 8, 12, 9, 11), (2, 5, 3, 9, 1, 4, 6, 10, 7, 8, 11, 12), (1, 3, 2, 6, 4, 8, 5, 7, 11, 9, 12, 10), (1, 3, 2, 6, 5, 4, 8, 7, 9, 11, 10, 12), (6, 3, 1, 4, 9, 8, 2, 7, 10, 5, 11, 12)}
M(AUB) = 
[[1, 2, 3, 4, 5, 6, 8, 7, 9, 10, 11, 12], [1, 2, 3, 4, 5, 6, 8, 7, 9, 11, 10, 12], [1, 2, 3, 4, 6, 5, 8, 7, 9, 10, 11, 12], [1, 2, 3, 4, 6, 5, 8, 7, 9, 11, 10, 12], [1, 3, 2, 4, 5, 6, 8, 7, 9, 10, 11, 12], [1, 3, 2, 4, 5, 6, 8, 7, 9, 11, 10, 12], [1, 3, 2, 4, 6, 5, 8, 7, 9, 10, 11, 12], [1, 3, 2, 4, 6, 5, 8, 7, 9, 11, 10, 12]]
Distance:158

(20)
A = 
{(2, 3, 1, 5, 4, 6, 7, 8, 9, 12, 10, 11), (4, 1, 2, 3, 6, 7, 5, 11, 9, 8, 10, 12), (1, 6, 2, 4, 8, 11, 3, 12, 9, 5, 7, 10), (1, 2, 3, 5, 4, 6, 8, 9, 12, 7, 10, 11), (2, 1, 5, 6, 8, 3, 4, 11, 7, 9, 10, 12), (1, 2, 5, 3, 6, 7, 4, 12, 10, 8, 9, 11), (1, 2, 3, 5, 4, 6, 7, 10, 9, 8, 12, 11), (1, 2, 6, 4, 3, 7, 5, 8, 9, 11, 10, 12), (1, 3, 2, 6, 4, 5, 7, 8, 9, 11, 10, 12)}
M(A) = 
[[1, 2, 3, 5, 4, 6, 7, 8, 9, 10, 11, 12]]
Distance: 72
B = 
{(1, 3, 2, 5, 4, 6, 7, 9, 8, 10, 11, 12), (2, 5, 1, 3, 4, 6, 10, 7, 8, 12, 9, 11), (1, 2, 3, 4, 5, 6, 7, 8, 9, 12, 10, 11), (5, 3, 1, 4, 6, 2, 7, 8, 10, 11, 12, 9), (3, 1, 5, 6, 2, 9, 4, 10, 7, 11, 12, 8), (1, 3, 2, 4, 5, 6, 8, 7, 9, 10, 11, 12), (3, 2, 1, 5, 7, 9, 8, 6, 10, 11, 4, 12), (4, 3, 1, 2, 5, 7, 6, 9, 8, 11, 10, 12), (1, 2, 4, 12, 5, 3, 7, 10, 6, 9, 11, 8)}
M(B) = 
[[1, 2, 3, 5, 4, 6, 7, 8, 9, 10, 11, 12]]
Distance: 73
M(A) inter A:
set()
M(B) inter B:
{(1, 3, 2, 5, 4, 6, 7, 9, 8, 10, 11, 12)}

AUB = 
{(2, 3, 1, 5, 4, 6, 7, 8, 9, 12, 10, 11), (4, 1, 2, 3, 6, 7, 5, 11, 9, 8, 10, 12), (1, 6, 2, 4, 8, 11, 3, 12, 9, 5, 7, 10), (1, 3, 2, 5, 4, 6, 7, 9, 8, 10, 11, 12), (2, 5, 1, 3, 4, 6, 10, 7, 8, 12, 9, 11), (1, 2, 3, 4, 5, 6, 7, 8, 9, 12, 10, 11), (5, 3, 1, 4, 6, 2, 7, 8, 10, 11, 12, 9), (3, 1, 5, 6, 2, 9, 4, 10, 7, 11, 12, 8), (1, 3, 2, 4, 5, 6, 8, 7, 9, 10, 11, 12), (3, 2, 1, 5, 7, 9, 8, 6, 10, 11, 4, 12), (1, 2, 3, 5, 4, 6, 8, 9, 12, 7, 10, 11), (2, 1, 5, 6, 8, 3, 4, 11, 7, 9, 10, 12), (1, 2, 5, 3, 6, 7, 4, 12, 10, 8, 9, 11), (1, 2, 3, 5, 4, 6, 7, 10, 9, 8, 12, 11), (1, 2, 6, 4, 3, 7, 5, 8, 9, 11, 10, 12), (4, 3, 1, 2, 5, 7, 6, 9, 8, 11, 10, 12), (1, 2, 4, 12, 5, 3, 7, 10, 6, 9, 11, 8), (1, 3, 2, 6, 4, 5, 7, 8, 9, 11, 10, 12)}
M(AUB) = 
[[1, 2, 3, 5, 4, 6, 7, 8, 9, 10, 11, 12]]
Distance:151

(21)
A = 
{(3, 2, 6, 1, 5, 12, 4, 10, 9, 8, 11, 7), (1, 2, 3, 4, 5, 6, 7, 8, 10, 12, 11, 9), (3, 2, 1, 7, 4, 6, 5, 11, 9, 8, 12, 10), (4, 1, 3, 2, 6, 8, 5, 7, 10, 9, 11, 12), (1, 2, 4, 5, 3, 8, 10, 7, 6, 9, 12, 11), (4, 1, 2, 6, 3, 5, 7, 9, 8, 10, 12, 11), (2, 1, 3, 6, 4, 5, 7, 8, 9, 11, 10, 12), (2, 1, 7, 4, 5, 3, 10, 8, 6, 11, 9, 12), (1, 3, 2, 6, 8, 4, 9, 5, 7, 10, 12, 11)}
M(A) = 
[[1, 3, 2, 4, 5, 6, 7, 8, 9, 10, 11, 12], [1, 3, 2, 4, 6, 5, 7, 8, 9, 10, 11, 12]]
Distance: 80
B = 
{(1, 4, 3, 6, 2, 7, 10, 8, 5, 9, 11, 12), (1, 3, 2, 4, 5, 6, 8, 7, 10, 9, 11, 12), (1, 4, 5, 3, 2, 8, 7, 6, 9, 12, 10, 11), (1, 3, 2, 5, 10, 6, 4, 11, 12, 7, 9, 8), (2, 4, 1, 3, 5, 9, 6, 7, 12, 10, 11, 8), (2, 4, 1, 3, 5, 6, 7, 8, 11, 9, 12, 10), (1, 3, 8, 5, 7, 2, 6, 9, 4, 10, 11, 12), (3, 1, 2, 6, 7, 8, 4, 9, 5, 11, 10, 12), (4, 3, 1, 2, 6, 8, 7, 9, 11, 10, 12, 5)}
M(B) = 
[[1, 3, 2, 4, 5, 6, 7, 8, 9, 10, 11, 12], [1, 3, 2, 4, 6, 5, 7, 8, 9, 10, 11, 12]]
Distance: 87
M(A) inter A:
set()
M(B) inter B:
set()

AUB = 
{(3, 2, 6, 1, 5, 12, 4, 10, 9, 8, 11, 7), (1, 2, 3, 4, 5, 6, 7, 8, 10, 12, 11, 9), (1, 4, 3, 6, 2, 7, 10, 8, 5, 9, 11, 12), (3, 2, 1, 7, 4, 6, 5, 11, 9, 8, 12, 10), (4, 1, 3, 2, 6, 8, 5, 7, 10, 9, 11, 12), (1, 3, 2, 4, 5, 6, 8, 7, 10, 9, 11, 12), (1, 2, 4, 5, 3, 8, 10, 7, 6, 9, 12, 11), (1, 4, 5, 3, 2, 8, 7, 6, 9, 12, 10, 11), (4, 1, 2, 6, 3, 5, 7, 9, 8, 10, 12, 11), (2, 1, 3, 6, 4, 5, 7, 8, 9, 11, 10, 12), (2, 1, 7, 4, 5, 3, 10, 8, 6, 11, 9, 12), (1, 3, 2, 5, 10, 6, 4, 11, 12, 7, 9, 8), (2, 4, 1, 3, 5, 9, 6, 7, 12, 10, 11, 8), (2, 4, 1, 3, 5, 6, 7, 8, 11, 9, 12, 10), (1, 3, 8, 5, 7, 2, 6, 9, 4, 10, 11, 12), (1, 3, 2, 6, 8, 4, 9, 5, 7, 10, 12, 11), (3, 1, 2, 6, 7, 8, 4, 9, 5, 11, 10, 12), (4, 3, 1, 2, 6, 8, 7, 9, 11, 10, 12, 5)}
M(AUB) = 
[[1, 3, 2, 4, 5, 6, 7, 8, 9, 10, 11, 12], [1, 3, 2, 4, 6, 5, 7, 8, 9, 10, 11, 12]]
Distance:173

(22)
A = 
{(3, 2, 1, 4, 5, 6, 7, 11, 9, 8, 10, 12), (3, 1, 4, 2, 5, 6, 7, 8, 11, 10, 9, 12), (3, 2, 5, 4, 1, 10, 12, 6, 8, 7, 9, 11), (1, 2, 4, 5, 3, 8, 6, 7, 9, 12, 10, 11), (1, 2, 4, 3, 7, 5, 6, 12, 9, 8, 10, 11), (1, 3, 2, 5, 7, 6, 4, 8, 10, 9, 11, 12), (2, 4, 8, 1, 6, 11, 3, 9, 12, 5, 7, 10), (2, 6, 1, 7, 5, 4, 8, 9, 10, 3, 11, 12), (2, 3, 4, 1, 5, 10, 6, 11, 9, 12, 7, 8)}
M(A) = 
[[1, 2, 3, 4, 5, 6, 7, 8, 9, 10, 12, 11]]
Distance: 96
B = 
{(3, 6, 1, 2, 5, 4, 10, 9, 7, 8, 12, 11), (2, 1, 3, 5, 6, 4, 8, 7, 9, 10, 12, 11), (1, 2, 3, 4, 5, 7, 6, 8, 9, 10, 11, 12), (1, 2, 3, 5, 7, 8, 6, 4, 10, 9, 12, 11), (2, 3, 1, 4, 8, 7, 5, 12, 11, 6, 9, 10), (2, 4, 1, 3, 7, 5, 6, 8, 9, 10, 12, 11), (1, 2, 3, 4, 6, 5, 7, 8, 9, 10, 11, 12), (3, 1, 2, 4, 7, 5, 6, 8, 9, 12, 11, 10), (4, 3, 1, 5, 6, 10, 7, 2, 12, 9, 8, 11)}
M(B) = 
[[1, 2, 3, 4, 5, 6, 7, 8, 9, 10, 12, 11]]
Distance: 65
M(A) inter A:
set()
M(B) inter B:
set()

AUB = 
{(4, 3, 1, 5, 6, 10, 7, 2, 12, 9, 8, 11), (3, 2, 1, 4, 5, 6, 7, 11, 9, 8, 10, 12), (3, 1, 4, 2, 5, 6, 7, 8, 11, 10, 9, 12), (3, 6, 1, 2, 5, 4, 10, 9, 7, 8, 12, 11), (3, 2, 5, 4, 1, 10, 12, 6, 8, 7, 9, 11), (2, 1, 3, 5, 6, 4, 8, 7, 9, 10, 12, 11), (1, 2, 4, 5, 3, 8, 6, 7, 9, 12, 10, 11), (1, 2, 4, 3, 7, 5, 6, 12, 9, 8, 10, 11), (1, 2, 3, 4, 5, 7, 6, 8, 9, 10, 11, 12), (1, 2, 3, 5, 7, 8, 6, 4, 10, 9, 12, 11), (2, 3, 1, 4, 8, 7, 5, 12, 11, 6, 9, 10), (1, 3, 2, 5, 7, 6, 4, 8, 10, 9, 11, 12), (2, 4, 8, 1, 6, 11, 3, 9, 12, 5, 7, 10), (2, 4, 1, 3, 7, 5, 6, 8, 9, 10, 12, 11), (1, 2, 3, 4, 6, 5, 7, 8, 9, 10, 11, 12), (2, 6, 1, 7, 5, 4, 8, 9, 10, 3, 11, 12), (3, 1, 2, 4, 7, 5, 6, 8, 9, 12, 11, 10), (2, 3, 4, 1, 5, 10, 6, 11, 9, 12, 7, 8)}
M(AUB) = 
[[1, 2, 3, 4, 5, 6, 7, 8, 9, 10, 12, 11]]
Distance:166

(23)
A = 
{(1, 3, 2, 6, 4, 5, 9, 8, 7, 10, 11, 12), (1, 2, 3, 5, 4, 6, 8, 7, 10, 9, 11, 12), (1, 3, 2, 5, 4, 6, 8, 7, 11, 10, 9, 12), (2, 3, 5, 4, 1, 7, 10, 6, 9, 12, 8, 11), (2, 4, 6, 1, 3, 7, 10, 5, 8, 12, 9, 11), (7, 4, 1, 5, 9, 2, 3, 6, 8, 12, 11, 10), (2, 1, 4, 3, 6, 8, 5, 9, 7, 10, 12, 11), (1, 3, 2, 5, 6, 7, 4, 8, 11, 9, 10, 12), (2, 1, 3, 6, 4, 5, 7, 8, 9, 10, 11, 12)}
M(A) = 
[[1, 2, 3, 5, 4, 6, 7, 8, 9, 10, 11, 12], [1, 2, 3, 5, 4, 6, 7, 8, 10, 9, 11, 12]]
Distance: 73
B = 
{(1, 2, 4, 3, 5, 6, 12, 7, 11, 10, 9, 8), (3, 2, 5, 1, 4, 7, 9, 6, 10, 8, 11, 12), (1, 2, 3, 5, 7, 8, 4, 6, 11, 10, 9, 12), (1, 2, 3, 5, 4, 6, 7, 10, 8, 9, 11, 12), (4, 2, 6, 5, 1, 3, 8, 11, 7, 12, 10, 9), (1, 2, 3, 4, 6, 5, 7, 8, 9, 10, 11, 12), (1, 3, 2, 5, 6, 7, 8, 4, 10, 9, 11, 12), (1, 2, 3, 5, 4, 7, 8, 6, 12, 9, 10, 11), (1, 3, 2, 5, 4, 7, 8, 6, 9, 10, 11, 12)}
M(B) = 
[[1, 2, 3, 5, 4, 6, 7, 8, 9, 10, 11, 12], [1, 2, 3, 5, 4, 6, 7, 8, 10, 9, 11, 12]]
Distance: 61
M(A) inter A:
set()
M(B) inter B:
set()

AUB = 
{(1, 3, 2, 6, 4, 5, 9, 8, 7, 10, 11, 12), (1, 2, 3, 5, 4, 6, 8, 7, 10, 9, 11, 12), (1, 2, 4, 3, 5, 6, 12, 7, 11, 10, 9, 8), (1, 3, 2, 5, 4, 6, 8, 7, 11, 10, 9, 12), (3, 2, 5, 1, 4, 7, 9, 6, 10, 8, 11, 12), (2, 3, 5, 4, 1, 7, 10, 6, 9, 12, 8, 11), (2, 4, 6, 1, 3, 7, 10, 5, 8, 12, 9, 11), (1, 2, 3, 5, 7, 8, 4, 6, 11, 10, 9, 12), (7, 4, 1, 5, 9, 2, 3, 6, 8, 12, 11, 10), (2, 1, 4, 3, 6, 8, 5, 9, 7, 10, 12, 11), (1, 2, 3, 5, 4, 6, 7, 10, 8, 9, 11, 12), (1, 3, 2, 5, 6, 7, 4, 8, 11, 9, 10, 12), (4, 2, 6, 5, 1, 3, 8, 11, 7, 12, 10, 9), (2, 1, 3, 6, 4, 5, 7, 8, 9, 10, 11, 12), (1, 2, 3, 4, 6, 5, 7, 8, 9, 10, 11, 12), (1, 3, 2, 5, 6, 7, 8, 4, 10, 9, 11, 12), (1, 2, 3, 5, 4, 7, 8, 6, 12, 9, 10, 11), (1, 3, 2, 5, 4, 7, 8, 6, 9, 10, 11, 12)}
M(AUB) = 
[[1, 2, 3, 5, 4, 6, 7, 8, 9, 10, 11, 12], [1, 2, 3, 5, 4, 6, 7, 8, 10, 9, 11, 12]]
Distance:136

(24)
A = 
{(4, 3, 5, 2, 1, 12, 7, 8, 6, 11, 9, 10), (1, 3, 2, 6, 4, 5, 12, 8, 10, 7, 9, 11), (1, 4, 2, 5, 6, 3, 7, 8, 9, 10, 11, 12), (1, 2, 6, 5, 7, 10, 3, 4, 12, 9, 8, 11), (1, 3, 4, 6, 10, 5, 2, 7, 8, 11, 9, 12), (3, 2, 1, 9, 4, 7, 8, 11, 10, 6, 5, 12), (7, 1, 2, 3, 6, 4, 5, 8, 11, 9, 10, 12), (2, 1, 6, 4, 3, 10, 5, 8, 7, 9, 12, 11), (3, 1, 2, 6, 4, 8, 5, 9, 7, 10, 12, 11)}
M(A) = 
[[1, 3, 2, 4, 5, 6, 7, 8, 9, 10, 11, 12], [1, 3, 2, 4, 6, 5, 7, 8, 9, 10, 11, 12]]
Distance: 98
B = 
{(3, 4, 8, 2, 5, 1, 10, 9, 7, 11, 12, 6), (2, 1, 4, 7, 3, 5, 6, 8, 9, 10, 11, 12), (4, 1, 3, 7, 6, 2, 11, 9, 5, 8, 10, 12), (1, 2, 3, 4, 5, 6, 7, 8, 9, 10, 11, 12), (3, 2, 7, 1, 5, 4, 8, 6, 12, 9, 10, 11), (2, 3, 1, 4, 6, 5, 7, 8, 9, 10, 11, 12), (3, 2, 4, 1, 5, 6, 7, 8, 10, 9, 11, 12), (1, 3, 2, 4, 5, 7, 6, 8, 9, 10, 11, 12), (3, 5, 2, 1, 4, 8, 6, 11, 7, 9, 12, 10)}
M(B) = 
[[1, 3, 2, 4, 5, 6, 7, 8, 9, 10, 11, 12], [1, 3, 2, 4, 6, 5, 7, 8, 9, 10, 11, 12]]
Distance: 65
M(A) inter A:
set()
M(B) inter B:
set()

AUB = 
{(4, 3, 5, 2, 1, 12, 7, 8, 6, 11, 9, 10), (1, 3, 2, 6, 4, 5, 12, 8, 10, 7, 9, 11), (3, 4, 8, 2, 5, 1, 10, 9, 7, 11, 12, 6), (1, 4, 2, 5, 6, 3, 7, 8, 9, 10, 11, 12), (2, 1, 4, 7, 3, 5, 6, 8, 9, 10, 11, 12), (4, 1, 3, 7, 6, 2, 11, 9, 5, 8, 10, 12), (1, 2, 3, 4, 5, 6, 7, 8, 9, 10, 11, 12), (1, 2, 6, 5, 7, 10, 3, 4, 12, 9, 8, 11), (1, 3, 4, 6, 10, 5, 2, 7, 8, 11, 9, 12), (3, 2, 1, 9, 4, 7, 8, 11, 10, 6, 5, 12), (7, 1, 2, 3, 6, 4, 5, 8, 11, 9, 10, 12), (2, 1, 6, 4, 3, 10, 5, 8, 7, 9, 12, 11), (3, 2, 7, 1, 5, 4, 8, 6, 12, 9, 10, 11), (2, 3, 1, 4, 6, 5, 7, 8, 9, 10, 11, 12), (3, 1, 2, 6, 4, 8, 5, 9, 7, 10, 12, 11), (3, 2, 4, 1, 5, 6, 7, 8, 10, 9, 11, 12), (1, 3, 2, 4, 5, 7, 6, 8, 9, 10, 11, 12), (3, 5, 2, 1, 4, 8, 6, 11, 7, 9, 12, 10)}
M(AUB) = 
[[1, 3, 2, 4, 5, 6, 7, 8, 9, 10, 11, 12], [1, 3, 2, 4, 6, 5, 7, 8, 9, 10, 11, 12]]
Distance:175

(25)
A = 
{(1, 4, 3, 5, 8, 2, 7, 10, 6, 12, 9, 11), (1, 5, 6, 2, 7, 3, 4, 8, 9, 10, 12, 11), (2, 4, 7, 3, 1, 5, 9, 6, 11, 10, 8, 12), (4, 2, 3, 5, 6, 1, 11, 9, 8, 7, 10, 12), (2, 1, 3, 4, 5, 6, 7, 8, 9, 10, 11, 12), (4, 2, 1, 5, 3, 6, 7, 9, 11, 8, 12, 10), (1, 3, 2, 7, 4, 6, 8, 9, 5, 10, 11, 12), (1, 3, 6, 2, 8, 5, 9, 4, 7, 10, 12, 11), (1, 6, 10, 2, 3, 5, 7, 8, 4, 11, 12, 9)}
M(A) = 
[[2, 1, 3, 4, 5, 6, 7, 8, 9, 10, 11, 12], [2, 1, 3, 4, 5, 6, 7, 8, 9, 11, 10, 12]]
Distance: 92
B = 
{(1, 5, 4, 3, 2, 7, 9, 6, 11, 8, 10, 12), (2, 1, 6, 3, 5, 4, 8, 7, 12, 9, 10, 11), (2, 1, 7, 3, 4, 8, 5, 6, 11, 9, 10, 12), (1, 3, 2, 5, 6, 4, 8, 11, 7, 9, 12, 10), (2, 1, 3, 6, 5, 4, 9, 10, 8, 12, 11, 7), (3, 2, 1, 4, 5, 6, 7, 9, 8, 10, 11, 12), (1, 4, 2, 3, 5, 7, 8, 9, 6, 12, 11, 10), (2, 3, 1, 9, 4, 6, 7, 5, 11, 8, 12, 10), (5, 4, 9, 2, 1, 3, 11, 7, 6, 8, 10, 12)}
M(B) = 
[[2, 1, 3, 4, 5, 6, 7, 8, 9, 10, 11, 12], [2, 1, 3, 4, 5, 6, 7, 8, 9, 11, 10, 12]]
Distance: 84
M(A) inter A:
set()
M(B) inter B:
set()

AUB = 
{(1, 4, 3, 5, 8, 2, 7, 10, 6, 12, 9, 11), (1, 5, 6, 2, 7, 3, 4, 8, 9, 10, 12, 11), (2, 4, 7, 3, 1, 5, 9, 6, 11, 10, 8, 12), (1, 5, 4, 3, 2, 7, 9, 6, 11, 8, 10, 12), (2, 1, 6, 3, 5, 4, 8, 7, 12, 9, 10, 11), (2, 1, 7, 3, 4, 8, 5, 6, 11, 9, 10, 12), (1, 3, 2, 5, 6, 4, 8, 11, 7, 9, 12, 10), (2, 1, 3, 6, 5, 4, 9, 10, 8, 12, 11, 7), (4, 2, 3, 5, 6, 1, 11, 9, 8, 7, 10, 12), (3, 2, 1, 4, 5, 6, 7, 9, 8, 10, 11, 12), (1, 4, 2, 3, 5, 7, 8, 9, 6, 12, 11, 10), (2, 1, 3, 4, 5, 6, 7, 8, 9, 10, 11, 12), (4, 2, 1, 5, 3, 6, 7, 9, 11, 8, 12, 10), (2, 3, 1, 9, 4, 6, 7, 5, 11, 8, 12, 10), (1, 3, 2, 7, 4, 6, 8, 9, 5, 10, 11, 12), (1, 3, 6, 2, 8, 5, 9, 4, 7, 10, 12, 11), (5, 4, 9, 2, 1, 3, 11, 7, 6, 8, 10, 12), (1, 6, 10, 2, 3, 5, 7, 8, 4, 11, 12, 9)}
M(AUB) = 
[[2, 1, 3, 4, 5, 6, 7, 8, 9, 10, 11, 12], [2, 1, 3, 4, 5, 6, 7, 8, 9, 11, 10, 12]]
Distance:182

(26)
A = 
{(1, 3, 5, 2, 7, 6, 4, 8, 9, 11, 10, 12), (2, 1, 6, 4, 5, 3, 8, 7, 10, 9, 11, 12), (1, 2, 8, 3, 5, 4, 6, 7, 12, 11, 9, 10), (1, 3, 8, 9, 2, 4, 10, 6, 5, 11, 12, 7), (1, 3, 5, 2, 7, 4, 6, 11, 10, 9, 8, 12), (5, 4, 3, 2, 1, 8, 10, 7, 6, 9, 12, 11), (1, 2, 4, 7, 9, 12, 5, 3, 11, 6, 8, 10), (1, 3, 2, 7, 6, 4, 5, 11, 10, 8, 9, 12), (1, 2, 4, 3, 5, 8, 6, 7, 9, 10, 11, 12)}
M(A) = 
[[1, 2, 3, 4, 5, 6, 7, 8, 9, 10, 11, 12], [1, 2, 3, 4, 5, 6, 8, 7, 9, 10, 11, 12]]
Distance: 100
B = 
{(1, 2, 3, 4, 5, 7, 6, 9, 8, 10, 11, 12), (2, 1, 3, 4, 6, 5, 7, 9, 8, 12, 10, 11), (1, 2, 4, 6, 3, 8, 7, 10, 5, 9, 11, 12), (4, 3, 2, 1, 5, 7, 6, 9, 11, 10, 8, 12), (1, 3, 2, 4, 9, 6, 10, 5, 8, 7, 11, 12), (1, 3, 2, 4, 9, 6, 5, 8, 11, 7, 10, 12), (1, 2, 3, 4, 5, 7, 6, 8, 9, 10, 12, 11), (2, 1, 4, 3, 6, 5, 9, 10, 8, 7, 11, 12), (5, 2, 4, 6, 1, 3, 7, 11, 10, 8, 9, 12)}
M(B) = 
[[1, 2, 3, 4, 5, 6, 7, 8, 9, 10, 11, 12], [1, 2, 3, 4, 5, 6, 8, 7, 9, 10, 11, 12]]
Distance: 65
M(A) inter A:
set()
M(B) inter B:
set()

AUB = 
{(1, 3, 5, 2, 7, 6, 4, 8, 9, 11, 10, 12), (2, 1, 6, 4, 5, 3, 8, 7, 10, 9, 11, 12), (1, 2, 8, 3, 5, 4, 6, 7, 12, 11, 9, 10), (1, 3, 8, 9, 2, 4, 10, 6, 5, 11, 12, 7), (1, 2, 3, 4, 5, 7, 6, 9, 8, 10, 11, 12), (2, 1, 3, 4, 6, 5, 7, 9, 8, 12, 10, 11), (1, 3, 5, 2, 7, 4, 6, 11, 10, 9, 8, 12), (1, 2, 4, 6, 3, 8, 7, 10, 5, 9, 11, 12), (4, 3, 2, 1, 5, 7, 6, 9, 11, 10, 8, 12), (1, 3, 2, 4, 9, 6, 10, 5, 8, 7, 11, 12), (1, 3, 2, 4, 9, 6, 5, 8, 11, 7, 10, 12), (1, 2, 3, 4, 5, 7, 6, 8, 9, 10, 12, 11), (5, 4, 3, 2, 1, 8, 10, 7, 6, 9, 12, 11), (2, 1, 4, 3, 6, 5, 9, 10, 8, 7, 11, 12), (1, 2, 4, 7, 9, 12, 5, 3, 11, 6, 8, 10), (1, 3, 2, 7, 6, 4, 5, 11, 10, 8, 9, 12), (5, 2, 4, 6, 1, 3, 7, 11, 10, 8, 9, 12), (1, 2, 4, 3, 5, 8, 6, 7, 9, 10, 11, 12)}
M(AUB) = 
[[1, 2, 3, 4, 5, 6, 7, 8, 9, 10, 11, 12], [1, 2, 3, 4, 5, 6, 8, 7, 9, 10, 11, 12]]
Distance:172

(27)
A = 
{(1, 2, 3, 4, 5, 6, 7, 9, 8, 10, 11, 12), (1, 2, 5, 6, 3, 4, 12, 7, 11, 8, 9, 10), (10, 1, 3, 5, 4, 8, 2, 9, 6, 7, 11, 12), (3, 8, 5, 2, 6, 1, 4, 11, 10, 9, 12, 7), (2, 9, 5, 1, 4, 3, 11, 8, 6, 10, 12, 7), (1, 2, 3, 4, 6, 5, 7, 8, 9, 10, 11, 12), (1, 4, 2, 8, 5, 11, 3, 12, 6, 7, 9, 10), (2, 3, 5, 7, 1, 8, 11, 4, 12, 10, 9, 6), (4, 1, 3, 7, 5, 6, 12, 10, 8, 2, 9, 11)}
M(A) = 
[[1, 2, 3, 4, 5, 6, 7, 8, 9, 10, 11, 12]]
Distance: 124
B = 
{(1, 2, 3, 4, 5, 6, 7, 8, 9, 11, 10, 12), (1, 2, 4, 3, 5, 8, 10, 7, 12, 6, 9, 11), (2, 4, 1, 7, 3, 8, 6, 5, 11, 9, 10, 12), (4, 6, 2, 3, 1, 10, 9, 7, 11, 8, 5, 12), (1, 2, 4, 3, 6, 8, 9, 5, 10, 7, 12, 11), (3, 2, 4, 7, 1, 6, 5, 12, 8, 10, 9, 11), (2, 1, 4, 3, 6, 5, 8, 9, 7, 10, 11, 12), (6, 2, 3, 1, 4, 9, 8, 5, 10, 12, 11, 7), (3, 1, 2, 4, 5, 7, 6, 9, 10, 12, 8, 11)}
M(B) = 
[[1, 2, 3, 4, 5, 6, 7, 8, 9, 10, 11, 12]]
Distance: 85
M(A) inter A:
set()
M(B) inter B:
set()

AUB = 
{(1, 2, 3, 4, 5, 6, 7, 8, 9, 11, 10, 12), (1, 2, 3, 4, 5, 6, 7, 9, 8, 10, 11, 12), (1, 2, 4, 3, 5, 8, 10, 7, 12, 6, 9, 11), (2, 4, 1, 7, 3, 8, 6, 5, 11, 9, 10, 12), (4, 6, 2, 3, 1, 10, 9, 7, 11, 8, 5, 12), (1, 2, 4, 3, 6, 8, 9, 5, 10, 7, 12, 11), (3, 2, 4, 7, 1, 6, 5, 12, 8, 10, 9, 11), (1, 2, 5, 6, 3, 4, 12, 7, 11, 8, 9, 10), (2, 1, 4, 3, 6, 5, 8, 9, 7, 10, 11, 12), (10, 1, 3, 5, 4, 8, 2, 9, 6, 7, 11, 12), (3, 8, 5, 2, 6, 1, 4, 11, 10, 9, 12, 7), (2, 9, 5, 1, 4, 3, 11, 8, 6, 10, 12, 7), (1, 2, 3, 4, 6, 5, 7, 8, 9, 10, 11, 12), (1, 4, 2, 8, 5, 11, 3, 12, 6, 7, 9, 10), (2, 3, 5, 7, 1, 8, 11, 4, 12, 10, 9, 6), (4, 1, 3, 7, 5, 6, 12, 10, 8, 2, 9, 11), (6, 2, 3, 1, 4, 9, 8, 5, 10, 12, 11, 7), (3, 1, 2, 4, 5, 7, 6, 9, 10, 12, 8, 11)}
M(AUB) = 
[[1, 2, 3, 4, 5, 6, 7, 8, 9, 10, 11, 12]]
Distance:217

(28)
A = 
{(1, 9, 4, 6, 2, 7, 5, 3, 8, 12, 11, 10), (4, 1, 2, 3, 7, 10, 5, 6, 8, 12, 9, 11), (1, 3, 5, 2, 4, 7, 6, 8, 9, 10, 11, 12), (1, 4, 2, 8, 3, 7, 5, 9, 6, 10, 11, 12), (1, 2, 3, 6, 5, 9, 8, 7, 4, 11, 10, 12), (3, 2, 1, 4, 6, 5, 8, 11, 7, 10, 9, 12), (1, 2, 4, 3, 7, 6, 5, 8, 9, 12, 11, 10), (3, 1, 2, 6, 4, 10, 8, 9, 5, 11, 7, 12), (3, 1, 2, 4, 5, 6, 8, 7, 9, 10, 11, 12)}
M(A) = 
[[1, 2, 4, 3, 5, 7, 6, 8, 9, 10, 11, 12]]
Distance: 82
B = 
{(2, 4, 1, 3, 5, 7, 6, 8, 9, 12, 10, 11), (2, 1, 3, 6, 4, 9, 5, 7, 8, 11, 12, 10), (2, 1, 5, 4, 7, 3, 8, 10, 6, 11, 9, 12), (2, 7, 1, 3, 5, 4, 10, 9, 6, 11, 12, 8), (2, 1, 4, 8, 5, 7, 3, 11, 10, 6, 9, 12), (1, 2, 4, 3, 7, 5, 6, 9, 8, 10, 12, 11), (1, 4, 3, 2, 5, 7, 8, 6, 11, 12, 10, 9), (1, 4, 5, 3, 9, 6, 2, 7, 8, 10, 12, 11), (1, 2, 7, 3, 4, 5, 6, 8, 9, 10, 12, 11)}
M(B) = 
[[1, 2, 4, 3, 5, 7, 6, 8, 9, 10, 11, 12]]
Distance: 74
M(A) inter A:
set()
M(B) inter B:
set()

AUB = 
{(2, 4, 1, 3, 5, 7, 6, 8, 9, 12, 10, 11), (1, 9, 4, 6, 2, 7, 5, 3, 8, 12, 11, 10), (4, 1, 2, 3, 7, 10, 5, 6, 8, 12, 9, 11), (1, 3, 5, 2, 4, 7, 6, 8, 9, 10, 11, 12), (2, 1, 3, 6, 4, 9, 5, 7, 8, 11, 12, 10), (1, 4, 2, 8, 3, 7, 5, 9, 6, 10, 11, 12), (1, 2, 3, 6, 5, 9, 8, 7, 4, 11, 10, 12), (3, 2, 1, 4, 6, 5, 8, 11, 7, 10, 9, 12), (2, 1, 5, 4, 7, 3, 8, 10, 6, 11, 9, 12), (1, 2, 4, 3, 7, 6, 5, 8, 9, 12, 11, 10), (2, 7, 1, 3, 5, 4, 10, 9, 6, 11, 12, 8), (3, 1, 2, 6, 4, 10, 8, 9, 5, 11, 7, 12), (2, 1, 4, 8, 5, 7, 3, 11, 10, 6, 9, 12), (3, 1, 2, 4, 5, 6, 8, 7, 9, 10, 11, 12), (1, 2, 4, 3, 7, 5, 6, 9, 8, 10, 12, 11), (1, 4, 3, 2, 5, 7, 8, 6, 11, 12, 10, 9), (1, 4, 5, 3, 9, 6, 2, 7, 8, 10, 12, 11), (1, 2, 7, 3, 4, 5, 6, 8, 9, 10, 12, 11)}
M(AUB) = 
[[1, 2, 4, 3, 5, 7, 6, 8, 9, 10, 11, 12]]
Distance:161

(29)
A = 
{(3, 1, 2, 4, 6, 5, 10, 7, 9, 12, 8, 11), (3, 1, 2, 5, 10, 4, 12, 9, 7, 8, 11, 6), (2, 4, 1, 5, 3, 6, 9, 7, 10, 8, 12, 11), (1, 4, 3, 2, 8, 7, 5, 6, 11, 9, 12, 10), (2, 3, 1, 4, 6, 7, 8, 9, 10, 5, 12, 11), (4, 3, 2, 7, 9, 6, 1, 8, 5, 12, 10, 11), (1, 3, 6, 2, 11, 10, 4, 9, 7, 5, 8, 12), (2, 5, 1, 4, 3, 7, 6, 11, 12, 10, 8, 9), (1, 3, 2, 4, 5, 8, 12, 7, 9, 6, 11, 10)}
M(A) = 
[[1, 3, 2, 4, 5, 6, 7, 9, 8, 10, 12, 11], [1, 3, 2, 4, 5, 6, 7, 9, 10, 8, 12, 11]]
Distance: 108
B = 
{(1, 2, 3, 4, 6, 5, 9, 7, 8, 11, 12, 10), (1, 2, 3, 6, 5, 11, 10, 4, 9, 12, 7, 8), (1, 8, 5, 2, 7, 4, 3, 6, 9, 11, 12, 10), (1, 2, 3, 4, 5, 6, 7, 8, 9, 10, 11, 12), (2, 1, 4, 7, 5, 3, 6, 10, 12, 11, 9, 8), (3, 1, 6, 5, 2, 9, 4, 8, 7, 10, 12, 11), (1, 3, 2, 5, 6, 7, 4, 9, 8, 10, 11, 12), (3, 4, 1, 2, 6, 10, 12, 7, 9, 8, 5, 11), (3, 5, 6, 1, 2, 4, 9, 10, 12, 7, 8, 11)}
M(B) = 
[[1, 3, 2, 4, 5, 6, 7, 9, 8, 10, 12, 11], [1, 3, 2, 4, 5, 6, 7, 9, 10, 8, 12, 11]]
Distance: 94
M(A) inter A:
set()
M(B) inter B:
set()

AUB = 
{(3, 1, 2, 4, 6, 5, 10, 7, 9, 12, 8, 11), (3, 1, 2, 5, 10, 4, 12, 9, 7, 8, 11, 6), (2, 4, 1, 5, 3, 6, 9, 7, 10, 8, 12, 11), (1, 2, 3, 4, 6, 5, 9, 7, 8, 11, 12, 10), (1, 4, 3, 2, 8, 7, 5, 6, 11, 9, 12, 10), (1, 2, 3, 6, 5, 11, 10, 4, 9, 12, 7, 8), (1, 8, 5, 2, 7, 4, 3, 6, 9, 11, 12, 10), (1, 2, 3, 4, 5, 6, 7, 8, 9, 10, 11, 12), (2, 3, 1, 4, 6, 7, 8, 9, 10, 5, 12, 11), (2, 1, 4, 7, 5, 3, 6, 10, 12, 11, 9, 8), (4, 3, 2, 7, 9, 6, 1, 8, 5, 12, 10, 11), (1, 3, 6, 2, 11, 10, 4, 9, 7, 5, 8, 12), (3, 1, 6, 5, 2, 9, 4, 8, 7, 10, 12, 11), (1, 3, 2, 5, 6, 7, 4, 9, 8, 10, 11, 12), (3, 4, 1, 2, 6, 10, 12, 7, 9, 8, 5, 11), (2, 5, 1, 4, 3, 7, 6, 11, 12, 10, 8, 9), (1, 3, 2, 4, 5, 8, 12, 7, 9, 6, 11, 10), (3, 5, 6, 1, 2, 4, 9, 10, 12, 7, 8, 11)}
M(AUB) = 
[[1, 3, 2, 4, 5, 6, 7, 9, 8, 10, 12, 11], [1, 3, 2, 4, 5, 6, 7, 9, 10, 8, 12, 11]]
Distance:207

(30)
A = 
{(3, 2, 1, 8, 9, 4, 6, 5, 11, 10, 12, 7), (1, 2, 4, 3, 5, 6, 8, 7, 10, 12, 11, 9), (4, 1, 2, 3, 5, 8, 7, 6, 10, 12, 11, 9), (1, 4, 2, 6, 3, 5, 7, 9, 8, 12, 10, 11), (1, 2, 3, 5, 4, 6, 7, 8, 10, 9, 11, 12), (2, 8, 4, 6, 7, 3, 5, 11, 1, 9, 12, 10), (1, 2, 8, 3, 4, 5, 11, 7, 9, 6, 10, 12), (4, 1, 2, 3, 6, 8, 11, 5, 9, 10, 12, 7), (1, 5, 4, 8, 2, 7, 3, 9, 6, 10, 12, 11)}
M(A) = 
[[1, 2, 3, 4, 5, 6, 8, 7, 9, 10, 11, 12], [1, 2, 4, 3, 5, 6, 8, 7, 9, 10, 11, 12]]
Distance: 90
B = 
{(3, 1, 4, 2, 5, 7, 6, 8, 9, 10, 12, 11), (7, 5, 1, 3, 10, 2, 11, 6, 9, 4, 8, 12), (1, 5, 2, 3, 7, 4, 6, 8, 10, 9, 11, 12), (5, 2, 1, 4, 3, 8, 6, 7, 12, 10, 9, 11), (1, 2, 4, 5, 6, 3, 9, 12, 7, 10, 8, 11), (1, 5, 3, 6, 2, 10, 9, 8, 11, 4, 7, 12), (6, 2, 5, 1, 8, 3, 9, 7, 4, 11, 12, 10), (6, 8, 1, 2, 3, 5, 9, 11, 7, 4, 12, 10), (1, 4, 2, 5, 6, 3, 7, 8, 9, 10, 12, 11)}
M(B) = 
[[1, 2, 3, 4, 5, 6, 8, 7, 9, 10, 11, 12], [1, 2, 4, 3, 5, 6, 8, 7, 9, 10, 11, 12]]
Distance: 106
M(A) inter A:
set()
M(B) inter B:
set()

AUB = 
{(3, 2, 1, 8, 9, 4, 6, 5, 11, 10, 12, 7), (3, 1, 4, 2, 5, 7, 6, 8, 9, 10, 12, 11), (1, 2, 4, 3, 5, 6, 8, 7, 10, 12, 11, 9), (7, 5, 1, 3, 10, 2, 11, 6, 9, 4, 8, 12), (4, 1, 2, 3, 5, 8, 7, 6, 10, 12, 11, 9), (1, 4, 2, 6, 3, 5, 7, 9, 8, 12, 10, 11), (1, 2, 3, 5, 4, 6, 7, 8, 10, 9, 11, 12), (2, 8, 4, 6, 7, 3, 5, 11, 1, 9, 12, 10), (1, 2, 8, 3, 4, 5, 11, 7, 9, 6, 10, 12), (4, 1, 2, 3, 6, 8, 11, 5, 9, 10, 12, 7), (1, 5, 4, 8, 2, 7, 3, 9, 6, 10, 12, 11), (1, 5, 2, 3, 7, 4, 6, 8, 10, 9, 11, 12), (5, 2, 1, 4, 3, 8, 6, 7, 12, 10, 9, 11), (1, 2, 4, 5, 6, 3, 9, 12, 7, 10, 8, 11), (1, 5, 3, 6, 2, 10, 9, 8, 11, 4, 7, 12), (6, 2, 5, 1, 8, 3, 9, 7, 4, 11, 12, 10), (6, 8, 1, 2, 3, 5, 9, 11, 7, 4, 12, 10), (1, 4, 2, 5, 6, 3, 7, 8, 9, 10, 12, 11)}
M(AUB) = 
[[1, 2, 3, 4, 5, 6, 8, 7, 9, 10, 11, 12], [1, 2, 4, 3, 5, 6, 8, 7, 9, 10, 11, 12]]
Distance:209

(31)
A = 
{(3, 5, 1, 2, 4, 6, 7, 9, 10, 8, 12, 11), (1, 2, 3, 4, 5, 6, 7, 8, 9, 10, 11, 12), (4, 1, 3, 5, 2, 6, 7, 8, 9, 10, 12, 11), (4, 2, 1, 3, 8, 7, 5, 6, 9, 10, 11, 12), (3, 5, 1, 6, 2, 7, 11, 4, 9, 8, 12, 10), (2, 5, 4, 3, 6, 1, 7, 8, 12, 9, 10, 11), (1, 2, 3, 5, 6, 4, 8, 11, 12, 7, 10, 9), (1, 3, 2, 5, 4, 6, 7, 9, 8, 10, 12, 11), (1, 5, 3, 2, 4, 6, 8, 7, 9, 10, 12, 11)}
M(A) = 
[[1, 2, 3, 4, 5, 6, 7, 8, 9, 10, 11, 12], [1, 2, 3, 4, 5, 6, 7, 9, 8, 10, 11, 12]]
Distance: 63
B = 
{(1, 2, 4, 3, 5, 6, 7, 9, 8, 10, 11, 12), (4, 2, 6, 5, 3, 7, 9, 11, 1, 10, 8, 12), (1, 3, 4, 2, 5, 6, 7, 9, 8, 10, 11, 12), (1, 2, 4, 3, 7, 10, 5, 6, 9, 11, 8, 12), (2, 1, 3, 4, 5, 7, 8, 6, 9, 10, 11, 12), (1, 2, 3, 6, 4, 5, 9, 8, 7, 10, 11, 12), (2, 4, 6, 1, 3, 7, 5, 10, 8, 11, 9, 12), (1, 2, 3, 4, 7, 6, 5, 9, 8, 10, 11, 12), (3, 1, 2, 5, 7, 4, 8, 9, 6, 12, 11, 10)}
M(B) = 
[[1, 2, 3, 4, 5, 6, 7, 8, 9, 10, 11, 12], [1, 2, 3, 4, 5, 6, 7, 9, 8, 10, 11, 12]]
Distance: 60
M(A) inter A:
set()
M(B) inter B:
set()

AUB = 
{(1, 2, 4, 3, 5, 6, 7, 9, 8, 10, 11, 12), (3, 1, 2, 5, 7, 4, 8, 9, 6, 12, 11, 10), (3, 5, 1, 2, 4, 6, 7, 9, 10, 8, 12, 11), (1, 2, 3, 4, 5, 6, 7, 8, 9, 10, 11, 12), (4, 2, 6, 5, 3, 7, 9, 11, 1, 10, 8, 12), (1, 3, 4, 2, 5, 6, 7, 9, 8, 10, 11, 12), (4, 1, 3, 5, 2, 6, 7, 8, 9, 10, 12, 11), (4, 2, 1, 3, 8, 7, 5, 6, 9, 10, 11, 12), (3, 5, 1, 6, 2, 7, 11, 4, 9, 8, 12, 10), (1, 2, 4, 3, 7, 10, 5, 6, 9, 11, 8, 12), (2, 5, 4, 3, 6, 1, 7, 8, 12, 9, 10, 11), (2, 1, 3, 4, 5, 7, 8, 6, 9, 10, 11, 12), (1, 2, 3, 5, 6, 4, 8, 11, 12, 7, 10, 9), (1, 2, 3, 6, 4, 5, 9, 8, 7, 10, 11, 12), (2, 4, 6, 1, 3, 7, 5, 10, 8, 11, 9, 12), (1, 2, 3, 4, 7, 6, 5, 9, 8, 10, 11, 12), (1, 3, 2, 5, 4, 6, 7, 9, 8, 10, 12, 11), (1, 5, 3, 2, 4, 6, 8, 7, 9, 10, 12, 11)}
M(AUB) = 
[[1, 2, 3, 4, 5, 6, 7, 8, 9, 10, 11, 12], [1, 2, 3, 4, 5, 6, 7, 9, 8, 10, 11, 12]]
Distance:131

(32)
A = 
{(5, 3, 7, 1, 2, 4, 8, 9, 6, 10, 12, 11), (1, 3, 2, 5, 10, 7, 4, 6, 9, 11, 12, 8), (6, 1, 3, 2, 9, 10, 5, 4, 8, 11, 12, 7), (1, 3, 4, 2, 6, 8, 5, 9, 7, 11, 10, 12), (1, 2, 3, 4, 6, 5, 7, 11, 9, 10, 12, 8), (4, 1, 5, 6, 2, 3, 10, 8, 11, 7, 12, 9), (2, 6, 1, 4, 3, 8, 7, 5, 11, 12, 10, 9), (1, 4, 2, 6, 10, 11, 5, 3, 9, 7, 8, 12), (1, 2, 3, 4, 5, 6, 7, 8, 9, 10, 12, 11)}
M(A) = 
[[1, 2, 3, 4, 5, 6, 7, 8, 9, 10, 11, 12]]
Distance: 102
B = 
{(2, 5, 6, 4, 1, 8, 3, 9, 7, 12, 10, 11), (2, 1, 3, 5, 10, 4, 6, 7, 12, 8, 11, 9), (5, 2, 1, 3, 4, 6, 7, 8, 12, 9, 10, 11), (2, 1, 3, 6, 4, 11, 7, 10, 8, 9, 5, 12), (4, 1, 5, 2, 3, 6, 10, 8, 7, 9, 12, 11), (1, 3, 2, 5, 4, 6, 8, 7, 9, 10, 11, 12), (2, 7, 1, 4, 3, 5, 6, 9, 8, 12, 11, 10), (1, 2, 3, 5, 4, 6, 7, 8, 9, 10, 12, 11), (1, 6, 2, 3, 4, 7, 8, 5, 11, 9, 10, 12)}
M(B) = 
[[1, 2, 3, 4, 5, 6, 7, 8, 9, 10, 11, 12]]
Distance: 76
M(A) inter A:
set()
M(B) inter B:
set()

AUB = 
{(5, 3, 7, 1, 2, 4, 8, 9, 6, 10, 12, 11), (2, 5, 6, 4, 1, 8, 3, 9, 7, 12, 10, 11), (2, 1, 3, 5, 10, 4, 6, 7, 12, 8, 11, 9), (5, 2, 1, 3, 4, 6, 7, 8, 12, 9, 10, 11), (1, 3, 2, 5, 10, 7, 4, 6, 9, 11, 12, 8), (2, 1, 3, 6, 4, 11, 7, 10, 8, 9, 5, 12), (6, 1, 3, 2, 9, 10, 5, 4, 8, 11, 12, 7), (1, 3, 4, 2, 6, 8, 5, 9, 7, 11, 10, 12), (1, 2, 3, 4, 6, 5, 7, 11, 9, 10, 12, 8), (4, 1, 5, 2, 3, 6, 10, 8, 7, 9, 12, 11), (1, 3, 2, 5, 4, 6, 8, 7, 9, 10, 11, 12), (2, 7, 1, 4, 3, 5, 6, 9, 8, 12, 11, 10), (4, 1, 5, 6, 2, 3, 10, 8, 11, 7, 12, 9), (2, 6, 1, 4, 3, 8, 7, 5, 11, 12, 10, 9), (1, 4, 2, 6, 10, 11, 5, 3, 9, 7, 8, 12), (1, 2, 3, 4, 5, 6, 7, 8, 9, 10, 12, 11), (1, 2, 3, 5, 4, 6, 7, 8, 9, 10, 12, 11), (1, 6, 2, 3, 4, 7, 8, 5, 11, 9, 10, 12)}
M(AUB) = 
[[1, 2, 3, 4, 5, 6, 7, 8, 9, 10, 11, 12]]
Distance:184

(33)
A = 
{(3, 1, 6, 11, 2, 9, 7, 4, 5, 8, 10, 12), (1, 3, 2, 4, 6, 5, 7, 9, 8, 11, 12, 10), (2, 1, 3, 4, 5, 6, 7, 8, 9, 11, 10, 12), (1, 2, 3, 4, 5, 7, 6, 8, 9, 10, 11, 12), (2, 3, 5, 1, 8, 4, 7, 9, 10, 6, 11, 12), (2, 1, 4, 3, 5, 6, 7, 8, 9, 10, 12, 11), (2, 5, 1, 6, 3, 9, 4, 8, 7, 12, 10, 11), (2, 1, 5, 3, 7, 4, 9, 6, 8, 11, 10, 12), (4, 3, 1, 5, 2, 7, 6, 8, 9, 10, 11, 12)}
M(A) = 
[[2, 1, 3, 4, 5, 6, 7, 8, 9, 10, 11, 12], [2, 1, 3, 4, 5, 7, 6, 8, 9, 10, 11, 12]]
Distance: 65
B = 
{(2, 3, 1, 4, 5, 6, 8, 7, 11, 12, 9, 10), (1, 2, 3, 4, 5, 6, 7, 8, 9, 10, 11, 12), (2, 1, 4, 5, 7, 3, 11, 6, 9, 10, 8, 12), (2, 1, 3, 5, 4, 6, 7, 8, 9, 10, 11, 12), (3, 2, 1, 4, 9, 7, 5, 10, 6, 11, 8, 12), (1, 4, 3, 2, 8, 5, 10, 6, 9, 7, 11, 12), (4, 1, 5, 2, 7, 3, 8, 12, 9, 6, 10, 11), (2, 4, 3, 1, 7, 6, 10, 9, 5, 8, 12, 11), (5, 2, 1, 4, 7, 6, 3, 10, 8, 11, 9, 12)}
M(B) = 
[[2, 1, 3, 4, 5, 6, 7, 8, 9, 10, 11, 12], [2, 1, 3, 4, 5, 7, 6, 8, 9, 10, 11, 12]]
Distance: 75
M(A) inter A:
set()
M(B) inter B:
set()

AUB = 
{(3, 1, 6, 11, 2, 9, 7, 4, 5, 8, 10, 12), (1, 3, 2, 4, 6, 5, 7, 9, 8, 11, 12, 10), (2, 1, 3, 4, 5, 6, 7, 8, 9, 11, 10, 12), (2, 3, 1, 4, 5, 6, 8, 7, 11, 12, 9, 10), (1, 2, 3, 4, 5, 6, 7, 8, 9, 10, 11, 12), (2, 1, 4, 5, 7, 3, 11, 6, 9, 10, 8, 12), (1, 2, 3, 4, 5, 7, 6, 8, 9, 10, 11, 12), (2, 1, 3, 5, 4, 6, 7, 8, 9, 10, 11, 12), (2, 3, 5, 1, 8, 4, 7, 9, 10, 6, 11, 12), (2, 1, 4, 3, 5, 6, 7, 8, 9, 10, 12, 11), (3, 2, 1, 4, 9, 7, 5, 10, 6, 11, 8, 12), (2, 5, 1, 6, 3, 9, 4, 8, 7, 12, 10, 11), (1, 4, 3, 2, 8, 5, 10, 6, 9, 7, 11, 12), (2, 1, 5, 3, 7, 4, 9, 6, 8, 11, 10, 12), (4, 1, 5, 2, 7, 3, 8, 12, 9, 6, 10, 11), (2, 4, 3, 1, 7, 6, 10, 9, 5, 8, 12, 11), (4, 3, 1, 5, 2, 7, 6, 8, 9, 10, 11, 12), (5, 2, 1, 4, 7, 6, 3, 10, 8, 11, 9, 12)}
M(AUB) = 
[[2, 1, 3, 4, 5, 6, 7, 8, 9, 10, 11, 12], [2, 1, 3, 4, 5, 7, 6, 8, 9, 10, 11, 12]]
Distance:142

(34)
A = 
{(1, 2, 3, 4, 7, 5, 8, 10, 6, 9, 12, 11), (1, 2, 3, 5, 4, 6, 7, 8, 11, 10, 9, 12), (3, 2, 4, 1, 5, 6, 7, 9, 8, 12, 10, 11), (3, 1, 4, 2, 5, 7, 6, 10, 12, 9, 8, 11), (1, 2, 3, 4, 7, 5, 6, 8, 10, 9, 12, 11), (3, 2, 5, 4, 12, 1, 6, 7, 11, 8, 9, 10), (2, 1, 5, 7, 4, 9, 6, 3, 10, 8, 11, 12), (1, 4, 3, 2, 8, 7, 12, 5, 10, 9, 11, 6), (1, 2, 3, 5, 7, 4, 9, 8, 6, 11, 10, 12)}
M(A) = 
[[1, 2, 3, 4, 5, 6, 7, 8, 9, 10, 11, 12], [1, 2, 3, 4, 5, 6, 7, 9, 8, 10, 11, 12], [1, 2, 3, 4, 5, 7, 6, 8, 9, 10, 11, 12], [1, 2, 3, 4, 5, 7, 6, 9, 8, 10, 11, 12]]
Distance: 76
B = 
{(2, 1, 4, 5, 3, 6, 7, 8, 9, 10, 11, 12), (4, 1, 5, 7, 2, 8, 3, 6, 9, 11, 12, 10), (2, 1, 5, 3, 6, 10, 8, 4, 9, 7, 11, 12), (1, 2, 4, 5, 3, 6, 7, 9, 8, 10, 11, 12), (2, 4, 1, 3, 5, 7, 6, 8, 9, 10, 12, 11), (1, 2, 5, 4, 3, 7, 9, 8, 10, 12, 11, 6), (2, 3, 5, 1, 9, 6, 7, 4, 11, 12, 8, 10), (3, 2, 6, 4, 9, 5, 8, 11, 1, 10, 12, 7), (1, 3, 4, 2, 6, 5, 7, 9, 8, 10, 11, 12)}
M(B) = 
[[1, 2, 3, 4, 5, 6, 7, 8, 9, 10, 11, 12], [1, 2, 3, 4, 5, 6, 7, 9, 8, 10, 11, 12], [1, 2, 3, 4, 5, 7, 6, 8, 9, 10, 11, 12], [1, 2, 3, 4, 5, 7, 6, 9, 8, 10, 11, 12]]
Distance: 78
M(A) inter A:
set()
M(B) inter B:
set()

AUB = 
{(1, 2, 3, 5, 4, 6, 7, 8, 11, 10, 9, 12), (1, 2, 3, 5, 7, 4, 9, 8, 6, 11, 10, 12), (3, 2, 4, 1, 5, 6, 7, 9, 8, 12, 10, 11), (3, 1, 4, 2, 5, 7, 6, 10, 12, 9, 8, 11), (1, 2, 3, 4, 7, 5, 6, 8, 10, 9, 12, 11), (2, 1, 4, 5, 3, 6, 7, 8, 9, 10, 11, 12), (4, 1, 5, 7, 2, 8, 3, 6, 9, 11, 12, 10), (2, 1, 5, 3, 6, 10, 8, 4, 9, 7, 11, 12), (1, 2, 4, 5, 3, 6, 7, 9, 8, 10, 11, 12), (3, 2, 5, 4, 12, 1, 6, 7, 11, 8, 9, 10), (2, 1, 5, 7, 4, 9, 6, 3, 10, 8, 11, 12), (2, 4, 1, 3, 5, 7, 6, 8, 9, 10, 12, 11), (1, 2, 5, 4, 3, 7, 9, 8, 10, 12, 11, 6), (2, 3, 5, 1, 9, 6, 7, 4, 11, 12, 8, 10), (3, 2, 6, 4, 9, 5, 8, 11, 1, 10, 12, 7), (1, 4, 3, 2, 8, 7, 12, 5, 10, 9, 11, 6), (1, 3, 4, 2, 6, 5, 7, 9, 8, 10, 11, 12), (1, 2, 3, 4, 7, 5, 8, 10, 6, 9, 12, 11)}
M(AUB) = 
[[1, 2, 3, 4, 5, 6, 7, 8, 9, 10, 11, 12], [1, 2, 3, 4, 5, 6, 7, 9, 8, 10, 11, 12], [1, 2, 3, 4, 5, 7, 6, 8, 9, 10, 11, 12], [1, 2, 3, 4, 5, 7, 6, 9, 8, 10, 11, 12]]
Distance:165

(35)
A = 
{(1, 2, 3, 5, 6, 4, 8, 11, 7, 9, 10, 12), (1, 2, 3, 4, 8, 6, 5, 10, 12, 7, 9, 11), (1, 2, 5, 4, 3, 7, 6, 8, 9, 12, 10, 11), (4, 7, 2, 5, 3, 1, 8, 12, 6, 11, 9, 10), (2, 4, 5, 1, 6, 3, 12, 8, 7, 10, 11, 9), (1, 3, 2, 6, 4, 5, 8, 7, 12, 11, 10, 9), (1, 4, 2, 3, 6, 5, 8, 7, 9, 10, 11, 12), (2, 3, 1, 8, 4, 7, 5, 6, 11, 10, 12, 9), (2, 1, 3, 4, 5, 8, 6, 7, 9, 11, 10, 12)}
M(A) = 
[[1, 2, 3, 4, 5, 6, 7, 8, 9, 10, 11, 12], [1, 2, 3, 4, 5, 6, 7, 8, 9, 11, 10, 12], [1, 2, 3, 4, 5, 6, 7, 8, 11, 9, 10, 12]]
Distance: 76
B = 
{(1, 2, 6, 5, 3, 4, 9, 10, 8, 7, 12, 11), (4, 1, 3, 2, 7, 5, 10, 6, 11, 8, 9, 12), (3, 2, 6, 1, 4, 5, 7, 10, 8, 11, 9, 12), (1, 2, 6, 3, 4, 7, 5, 8, 9, 12, 10, 11), (1, 3, 4, 5, 2, 6, 7, 9, 8, 11, 10, 12), (3, 2, 1, 5, 7, 11, 4, 6, 8, 10, 9, 12), (1, 5, 2, 6, 3, 4, 9, 7, 8, 11, 10, 12), (6, 5, 1, 2, 4, 7, 10, 3, 8, 11, 12, 9), (6, 9, 2, 1, 3, 5, 7, 4, 11, 12, 10, 8)}
M(B) = 
[[1, 2, 3, 4, 5, 6, 7, 8, 9, 10, 11, 12], [1, 2, 3, 4, 5, 6, 7, 8, 9, 11, 10, 12], [1, 2, 3, 4, 5, 6, 7, 8, 11, 9, 10, 12]]
Distance: 92
M(A) inter A:
set()
M(B) inter B:
set()

AUB = 
{(2, 1, 3, 4, 5, 8, 6, 7, 9, 11, 10, 12), (1, 2, 3, 4, 8, 6, 5, 10, 12, 7, 9, 11), (6, 9, 2, 1, 3, 5, 7, 4, 11, 12, 10, 8), (1, 2, 6, 5, 3, 4, 9, 10, 8, 7, 12, 11), (4, 1, 3, 2, 7, 5, 10, 6, 11, 8, 9, 12), (1, 2, 5, 4, 3, 7, 6, 8, 9, 12, 10, 11), (3, 2, 6, 1, 4, 5, 7, 10, 8, 11, 9, 12), (1, 2, 6, 3, 4, 7, 5, 8, 9, 12, 10, 11), (4, 7, 2, 5, 3, 1, 8, 12, 6, 11, 9, 10), (1, 3, 4, 5, 2, 6, 7, 9, 8, 11, 10, 12), (3, 2, 1, 5, 7, 11, 4, 6, 8, 10, 9, 12), (2, 4, 5, 1, 6, 3, 12, 8, 7, 10, 11, 9), (1, 5, 2, 6, 3, 4, 9, 7, 8, 11, 10, 12), (6, 5, 1, 2, 4, 7, 10, 3, 8, 11, 12, 9), (1, 3, 2, 6, 4, 5, 8, 7, 12, 11, 10, 9), (1, 4, 2, 3, 6, 5, 8, 7, 9, 10, 11, 12), (2, 3, 1, 8, 4, 7, 5, 6, 11, 10, 12, 9), (1, 2, 3, 5, 6, 4, 8, 11, 7, 9, 10, 12)}
M(AUB) = 
[[1, 2, 3, 4, 5, 6, 7, 8, 9, 10, 11, 12], [1, 2, 3, 4, 5, 6, 7, 8, 9, 11, 10, 12], [1, 2, 3, 4, 5, 6, 7, 8, 11, 9, 10, 12]]
Distance:182

(36)
A = 
{(1, 2, 3, 4, 5, 6, 7, 8, 9, 10, 11, 12), (2, 4, 3, 1, 6, 11, 5, 7, 12, 8, 10, 9), (2, 1, 5, 3, 8, 6, 4, 9, 12, 11, 7, 10), (3, 2, 4, 1, 10, 5, 6, 9, 7, 8, 11, 12), (7, 2, 1, 3, 8, 4, 10, 6, 9, 11, 12, 5), (1, 2, 3, 4, 5, 8, 10, 6, 7, 11, 12, 9), (4, 2, 5, 7, 6, 1, 3, 8, 9, 11, 12, 10), (1, 4, 2, 3, 5, 8, 7, 6, 9, 10, 12, 11), (1, 3, 2, 8, 5, 4, 7, 10, 6, 9, 12, 11)}
M(A) = 
[[2, 1, 3, 4, 5, 6, 7, 8, 9, 10, 11, 12]]
Distance: 89
B = 
{(2, 4, 5, 6, 1, 7, 3, 9, 8, 10, 11, 12), (3, 2, 1, 6, 4, 9, 8, 5, 10, 7, 11, 12), (2, 3, 1, 6, 4, 9, 5, 8, 12, 11, 7, 10), (1, 2, 3, 4, 5, 6, 7, 8, 9, 10, 11, 12), (1, 4, 2, 5, 6, 7, 3, 8, 12, 9, 10, 11), (1, 2, 6, 3, 5, 4, 7, 8, 11, 9, 10, 12), (3, 1, 2, 4, 6, 7, 5, 9, 8, 10, 11, 12), (1, 7, 2, 4, 5, 9, 6, 8, 3, 12, 10, 11), (2, 1, 4, 3, 7, 6, 11, 5, 12, 8, 9, 10)}
M(B) = 
[[2, 1, 3, 4, 5, 6, 7, 8, 9, 10, 11, 12]]
Distance: 76
M(A) inter A:
set()
M(B) inter B:
set()

AUB = 
{(2, 4, 5, 6, 1, 7, 3, 9, 8, 10, 11, 12), (3, 2, 1, 6, 4, 9, 8, 5, 10, 7, 11, 12), (2, 3, 1, 6, 4, 9, 5, 8, 12, 11, 7, 10), (1, 2, 3, 4, 5, 6, 7, 8, 9, 10, 11, 12), (2, 4, 3, 1, 6, 11, 5, 7, 12, 8, 10, 9), (1, 4, 2, 5, 6, 7, 3, 8, 12, 9, 10, 11), (2, 1, 5, 3, 8, 6, 4, 9, 12, 11, 7, 10), (3, 2, 4, 1, 10, 5, 6, 9, 7, 8, 11, 12), (1, 2, 6, 3, 5, 4, 7, 8, 11, 9, 10, 12), (7, 2, 1, 3, 8, 4, 10, 6, 9, 11, 12, 5), (1, 2, 3, 4, 5, 8, 10, 6, 7, 11, 12, 9), (3, 1, 2, 4, 6, 7, 5, 9, 8, 10, 11, 12), (1, 7, 2, 4, 5, 9, 6, 8, 3, 12, 10, 11), (2, 1, 4, 3, 7, 6, 11, 5, 12, 8, 9, 10), (4, 2, 5, 7, 6, 1, 3, 8, 9, 11, 12, 10), (1, 4, 2, 3, 5, 8, 7, 6, 9, 10, 12, 11), (1, 3, 2, 8, 5, 4, 7, 10, 6, 9, 12, 11)}
M(AUB) = 
[[2, 1, 3, 4, 5, 6, 7, 8, 9, 10, 11, 12]]
Distance:168

(37)
A = 
{(1, 3, 6, 2, 5, 4, 9, 7, 12, 10, 8, 11), (4, 3, 2, 1, 10, 6, 9, 5, 7, 8, 12, 11), (1, 3, 4, 5, 2, 6, 7, 9, 10, 8, 11, 12), (1, 2, 3, 4, 6, 5, 7, 8, 9, 11, 10, 12), (3, 2, 4, 8, 5, 1, 11, 6, 7, 10, 12, 9), (3, 2, 4, 1, 6, 8, 7, 5, 10, 9, 11, 12), (1, 2, 3, 4, 5, 7, 6, 8, 9, 10, 12, 11), (2, 1, 3, 4, 5, 7, 8, 6, 9, 10, 11, 12), (1, 2, 5, 9, 4, 8, 3, 6, 10, 7, 11, 12)}
M(A) = 
[[1, 2, 3, 4, 5, 6, 7, 8, 9, 10, 11, 12], [1, 2, 3, 4, 6, 5, 7, 8, 9, 10, 11, 12]]
Distance: 74
B = 
{(1, 4, 5, 3, 2, 9, 8, 12, 6, 7, 11, 10), (2, 1, 3, 5, 4, 6, 7, 8, 9, 12, 10, 11), (1, 4, 2, 3, 7, 6, 5, 8, 11, 10, 9, 12), (1, 2, 3, 4, 5, 6, 7, 8, 9, 10, 11, 12), (4, 1, 6, 5, 2, 3, 7, 10, 8, 9, 11, 12), (2, 4, 3, 1, 5, 8, 6, 7, 11, 10, 9, 12), (1, 4, 6, 2, 7, 3, 5, 12, 8, 9, 11, 10), (1, 3, 2, 4, 6, 5, 7, 8, 9, 11, 10, 12), (6, 3, 2, 1, 4, 9, 5, 8, 11, 7, 12, 10)}
M(B) = 
[[1, 2, 3, 4, 5, 6, 7, 8, 9, 10, 11, 12], [1, 2, 3, 4, 6, 5, 7, 8, 9, 10, 11, 12]]
Distance: 71
M(A) inter A:
set()
M(B) inter B:
set()

AUB = 
{(1, 4, 5, 3, 2, 9, 8, 12, 6, 7, 11, 10), (2, 1, 3, 5, 4, 6, 7, 8, 9, 12, 10, 11), (1, 3, 6, 2, 5, 4, 9, 7, 12, 10, 8, 11), (1, 4, 2, 3, 7, 6, 5, 8, 11, 10, 9, 12), (4, 3, 2, 1, 10, 6, 9, 5, 7, 8, 12, 11), (1, 3, 4, 5, 2, 6, 7, 9, 10, 8, 11, 12), (1, 2, 3, 4, 6, 5, 7, 8, 9, 11, 10, 12), (1, 2, 3, 4, 5, 6, 7, 8, 9, 10, 11, 12), (3, 2, 4, 8, 5, 1, 11, 6, 7, 10, 12, 9), (4, 1, 6, 5, 2, 3, 7, 10, 8, 9, 11, 12), (3, 2, 4, 1, 6, 8, 7, 5, 10, 9, 11, 12), (1, 2, 3, 4, 5, 7, 6, 8, 9, 10, 12, 11), (2, 1, 3, 4, 5, 7, 8, 6, 9, 10, 11, 12), (2, 4, 3, 1, 5, 8, 6, 7, 11, 10, 9, 12), (1, 4, 6, 2, 7, 3, 5, 12, 8, 9, 11, 10), (1, 3, 2, 4, 6, 5, 7, 8, 9, 11, 10, 12), (1, 2, 5, 9, 4, 8, 3, 6, 10, 7, 11, 12), (6, 3, 2, 1, 4, 9, 5, 8, 11, 7, 12, 10)}
M(AUB) = 
[[1, 2, 3, 4, 5, 6, 7, 8, 9, 10, 11, 12], [1, 2, 3, 4, 6, 5, 7, 8, 9, 10, 11, 12]]
Distance:151

(38)
A = 
{(1, 5, 2, 3, 4, 9, 7, 8, 6, 11, 12, 10), (2, 1, 6, 4, 5, 3, 8, 9, 7, 10, 11, 12), (1, 2, 3, 4, 5, 7, 6, 8, 9, 10, 12, 11), (1, 2, 5, 8, 4, 3, 12, 6, 7, 9, 11, 10), (2, 3, 1, 4, 5, 7, 6, 8, 10, 12, 9, 11), (1, 2, 4, 3, 5, 6, 7, 9, 8, 11, 10, 12), (1, 2, 3, 4, 6, 5, 7, 9, 8, 10, 12, 11), (2, 3, 1, 5, 9, 7, 4, 6, 8, 10, 12, 11), (3, 1, 2, 6, 4, 8, 11, 10, 9, 5, 7, 12)}
M(A) = 
[[1, 2, 3, 4, 5, 6, 7, 8, 9, 10, 11, 12]]
Distance: 69
B = 
{(1, 2, 3, 6, 5, 8, 12, 7, 9, 4, 11, 10), (3, 1, 4, 2, 7, 5, 6, 11, 8, 9, 12, 10), (1, 2, 3, 4, 5, 6, 7, 8, 9, 10, 11, 12), (6, 3, 1, 9, 5, 4, 8, 2, 11, 12, 7, 10), (2, 3, 1, 6, 5, 4, 7, 10, 11, 8, 12, 9), (1, 3, 2, 4, 5, 7, 6, 8, 9, 12, 10, 11), (3, 6, 1, 2, 7, 4, 11, 8, 5, 10, 9, 12), (2, 4, 1, 3, 7, 6, 5, 9, 10, 8, 11, 12), (1, 3, 4, 2, 5, 7, 8, 6, 10, 9, 12, 11)}
M(B) = 
[[1, 2, 3, 4, 5, 6, 7, 8, 9, 10, 11, 12]]
Distance: 83
M(A) inter A:
set()
M(B) inter B:
set()

AUB = 
{(1, 5, 2, 3, 4, 9, 7, 8, 6, 11, 12, 10), (1, 2, 3, 6, 5, 8, 12, 7, 9, 4, 11, 10), (3, 1, 4, 2, 7, 5, 6, 11, 8, 9, 12, 10), (1, 2, 3, 4, 5, 6, 7, 8, 9, 10, 11, 12), (2, 1, 6, 4, 5, 3, 8, 9, 7, 10, 11, 12), (6, 3, 1, 9, 5, 4, 8, 2, 11, 12, 7, 10), (2, 3, 1, 6, 5, 4, 7, 10, 11, 8, 12, 9), (1, 2, 3, 4, 5, 7, 6, 8, 9, 10, 12, 11), (1, 3, 2, 4, 5, 7, 6, 8, 9, 12, 10, 11), (1, 2, 5, 8, 4, 3, 12, 6, 7, 9, 11, 10), (3, 6, 1, 2, 7, 4, 11, 8, 5, 10, 9, 12), (2, 3, 1, 4, 5, 7, 6, 8, 10, 12, 9, 11), (1, 2, 4, 3, 5, 6, 7, 9, 8, 11, 10, 12), (1, 2, 3, 4, 6, 5, 7, 9, 8, 10, 12, 11), (2, 3, 1, 5, 9, 7, 4, 6, 8, 10, 12, 11), (3, 1, 2, 6, 4, 8, 11, 10, 9, 5, 7, 12), (2, 4, 1, 3, 7, 6, 5, 9, 10, 8, 11, 12), (1, 3, 4, 2, 5, 7, 8, 6, 10, 9, 12, 11)}
M(AUB) = 
[[1, 2, 3, 4, 5, 6, 7, 8, 9, 10, 11, 12]]
Distance:155

(39)
A = 
{(2, 4, 6, 5, 7, 9, 11, 1, 3, 10, 12, 8), (2, 1, 4, 5, 3, 7, 6, 8, 11, 12, 10, 9), (3, 1, 5, 6, 7, 4, 2, 8, 11, 10, 12, 9), (3, 1, 2, 6, 4, 5, 7, 8, 9, 10, 11, 12), (1, 4, 2, 5, 7, 9, 3, 10, 8, 11, 12, 6), (2, 4, 1, 3, 5, 7, 6, 10, 8, 12, 9, 11), (1, 2, 5, 6, 3, 4, 7, 11, 10, 9, 8, 12), (4, 8, 1, 3, 2, 5, 7, 9, 11, 12, 10, 6), (2, 4, 1, 3, 6, 7, 9, 5, 8, 11, 10, 12)}
M(A) = 
[[1, 2, 3, 4, 5, 6, 7, 8, 9, 11, 10, 12], [1, 2, 3, 4, 5, 6, 7, 9, 8, 11, 10, 12], [2, 1, 3, 4, 5, 6, 7, 8, 9, 11, 10, 12], [2, 1, 3, 4, 5, 6, 7, 9, 8, 11, 10, 12]]
Distance: 95
B = 
{(1, 5, 2, 6, 3, 4, 7, 11, 9, 10, 12, 8), (2, 1, 7, 3, 12, 5, 8, 6, 4, 11, 10, 9), (3, 1, 2, 5, 4, 8, 6, 7, 9, 11, 12, 10), (2, 3, 1, 6, 4, 7, 9, 8, 11, 12, 5, 10), (3, 4, 1, 7, 5, 9, 6, 2, 10, 8, 11, 12), (1, 4, 2, 5, 8, 6, 3, 7, 10, 12, 9, 11), (2, 3, 5, 1, 4, 9, 6, 11, 8, 10, 7, 12), (2, 3, 5, 1, 4, 6, 7, 9, 8, 10, 11, 12), (8, 2, 1, 4, 6, 3, 5, 7, 12, 10, 9, 11)}
M(B) = 
[[1, 2, 3, 4, 5, 6, 7, 8, 9, 11, 10, 12], [1, 2, 3, 4, 5, 6, 7, 9, 8, 11, 10, 12], [2, 1, 3, 4, 5, 6, 7, 8, 9, 11, 10, 12], [2, 1, 3, 4, 5, 6, 7, 9, 8, 11, 10, 12]]
Distance: 99
M(A) inter A:
set()
M(B) inter B:
set()

AUB = 
{(2, 1, 4, 5, 3, 7, 6, 8, 11, 12, 10, 9), (2, 4, 1, 3, 6, 7, 9, 5, 8, 11, 10, 12), (1, 5, 2, 6, 3, 4, 7, 11, 9, 10, 12, 8), (8, 2, 1, 4, 6, 3, 5, 7, 12, 10, 9, 11), (2, 1, 7, 3, 12, 5, 8, 6, 4, 11, 10, 9), (3, 1, 2, 5, 4, 8, 6, 7, 9, 11, 12, 10), (3, 1, 5, 6, 7, 4, 2, 8, 11, 10, 12, 9), (2, 3, 1, 6, 4, 7, 9, 8, 11, 12, 5, 10), (3, 1, 2, 6, 4, 5, 7, 8, 9, 10, 11, 12), (1, 4, 2, 5, 7, 9, 3, 10, 8, 11, 12, 6), (3, 4, 1, 7, 5, 9, 6, 2, 10, 8, 11, 12), (1, 4, 2, 5, 8, 6, 3, 7, 10, 12, 9, 11), (2, 3, 5, 1, 4, 9, 6, 11, 8, 10, 7, 12), (2, 4, 1, 3, 5, 7, 6, 10, 8, 12, 9, 11), (2, 3, 5, 1, 4, 6, 7, 9, 8, 10, 11, 12), (1, 2, 5, 6, 3, 4, 7, 11, 10, 9, 8, 12), (4, 8, 1, 3, 2, 5, 7, 9, 11, 12, 10, 6), (2, 4, 6, 5, 7, 9, 11, 1, 3, 10, 12, 8)}
M(AUB) = 
[[1, 2, 3, 4, 5, 6, 7, 8, 9, 11, 10, 12], [1, 2, 3, 4, 5, 6, 7, 9, 8, 11, 10, 12], [2, 1, 3, 4, 5, 6, 7, 8, 9, 11, 10, 12], [2, 1, 3, 4, 5, 6, 7, 9, 8, 11, 10, 12]]
Distance:201

(40)
A = 
{(3, 1, 2, 4, 7, 5, 6, 9, 8, 10, 11, 12), (2, 1, 8, 4, 6, 3, 7, 5, 9, 10, 12, 11), (1, 2, 3, 4, 5, 6, 7, 9, 8, 10, 11, 12), (1, 4, 2, 3, 7, 5, 8, 10, 6, 11, 12, 9), (1, 2, 4, 10, 5, 11, 8, 3, 6, 12, 7, 9), (1, 2, 4, 3, 5, 8, 7, 6, 10, 9, 11, 12), (1, 2, 4, 11, 3, 6, 7, 9, 12, 8, 10, 5), (1, 2, 3, 4, 5, 6, 8, 9, 7, 10, 11, 12), (1, 2, 4, 3, 6, 5, 8, 12, 7, 10, 11, 9)}
M(A) = 
[[1, 2, 4, 3, 5, 6, 7, 8, 9, 10, 11, 12], [1, 2, 4, 3, 5, 6, 8, 7, 9, 10, 11, 12]]
Distance: 73
B = 
{(4, 5, 1, 2, 7, 3, 8, 6, 9, 11, 12, 10), (1, 2, 3, 6, 7, 4, 5, 8, 9, 10, 11, 12), (1, 3, 4, 6, 9, 2, 5, 10, 12, 8, 11, 7), (3, 2, 1, 4, 9, 5, 7, 8, 11, 6, 12, 10), (3, 1, 2, 4, 5, 8, 6, 7, 9, 10, 11, 12), (2, 1, 4, 3, 5, 8, 6, 7, 11, 10, 9, 12), (1, 4, 2, 3, 5, 6, 7, 8, 10, 9, 11, 12), (1, 2, 4, 3, 5, 6, 7, 8, 10, 9, 11, 12), (1, 3, 2, 4, 6, 5, 10, 8, 7, 12, 11, 9)}
M(B) = 
[[1, 2, 4, 3, 5, 6, 7, 8, 9, 10, 11, 12], [1, 2, 4, 3, 5, 6, 8, 7, 9, 10, 11, 12]]
Distance: 67
M(A) inter A:
set()
M(B) inter B:
set()

AUB = 
{(1, 2, 4, 3, 6, 5, 8, 12, 7, 10, 11, 9), (2, 1, 8, 4, 6, 3, 7, 5, 9, 10, 12, 11), (1, 2, 4, 3, 5, 6, 7, 8, 10, 9, 11, 12), (1, 2, 3, 4, 5, 6, 7, 9, 8, 10, 11, 12), (1, 4, 2, 3, 7, 5, 8, 10, 6, 11, 12, 9), (1, 3, 2, 4, 6, 5, 10, 8, 7, 12, 11, 9), (1, 2, 4, 10, 5, 11, 8, 3, 6, 12, 7, 9), (1, 2, 4, 3, 5, 8, 7, 6, 10, 9, 11, 12), (4, 5, 1, 2, 7, 3, 8, 6, 9, 11, 12, 10), (1, 2, 3, 6, 7, 4, 5, 8, 9, 10, 11, 12), (1, 3, 4, 6, 9, 2, 5, 10, 12, 8, 11, 7), (3, 2, 1, 4, 9, 5, 7, 8, 11, 6, 12, 10), (3, 1, 2, 4, 5, 8, 6, 7, 9, 10, 11, 12), (1, 2, 4, 11, 3, 6, 7, 9, 12, 8, 10, 5), (2, 1, 4, 3, 5, 8, 6, 7, 11, 10, 9, 12), (1, 2, 3, 4, 5, 6, 8, 9, 7, 10, 11, 12), (1, 4, 2, 3, 5, 6, 7, 8, 10, 9, 11, 12), (3, 1, 2, 4, 7, 5, 6, 9, 8, 10, 11, 12)}
M(AUB) = 
[[1, 2, 4, 3, 5, 6, 7, 8, 9, 10, 11, 12], [1, 2, 4, 3, 5, 6, 8, 7, 9, 10, 11, 12]]
Distance:142

(41)
A = 
{(1, 2, 6, 3, 4, 8, 12, 5, 7, 10, 9, 11), (3, 6, 5, 4, 2, 7, 12, 1, 8, 11, 10, 9), (1, 4, 2, 5, 6, 3, 8, 9, 10, 11, 7, 12), (1, 7, 2, 5, 4, 3, 9, 8, 6, 12, 11, 10), (1, 2, 3, 4, 5, 6, 7, 8, 10, 11, 9, 12), (3, 2, 1, 6, 4, 8, 10, 5, 7, 11, 9, 12), (2, 3, 5, 1, 6, 9, 12, 4, 11, 8, 7, 10), (1, 2, 7, 4, 8, 6, 5, 3, 9, 10, 11, 12), (2, 1, 6, 4, 3, 7, 10, 5, 9, 11, 8, 12)}
M(A) = 
[[1, 2, 3, 4, 5, 6, 7, 8, 9, 10, 11, 12]]
Distance: 103
B = 
{(3, 5, 4, 10, 2, 1, 7, 11, 8, 12, 9, 6), (1, 5, 2, 3, 8, 7, 4, 6, 12, 11, 9, 10), (2, 5, 1, 4, 7, 3, 9, 6, 10, 8, 11, 12), (3, 2, 1, 4, 5, 6, 7, 9, 8, 10, 11, 12), (2, 3, 1, 4, 7, 5, 6, 8, 12, 9, 10, 11), (4, 1, 3, 6, 8, 2, 7, 10, 11, 5, 9, 12), (1, 3, 2, 10, 7, 4, 6, 11, 9, 8, 12, 5), (1, 2, 4, 3, 6, 5, 9, 7, 10, 8, 11, 12), (1, 3, 2, 7, 4, 5, 6, 8, 9, 10, 11, 12)}
M(B) = 
[[1, 2, 3, 4, 5, 6, 7, 8, 9, 10, 11, 12]]
Distance: 93
M(A) inter A:
set()
M(B) inter B:
set()

AUB = 
{(2, 1, 6, 4, 3, 7, 10, 5, 9, 11, 8, 12), (3, 6, 5, 4, 2, 7, 12, 1, 8, 11, 10, 9), (1, 4, 2, 5, 6, 3, 8, 9, 10, 11, 7, 12), (3, 5, 4, 10, 2, 1, 7, 11, 8, 12, 9, 6), (1, 5, 2, 3, 8, 7, 4, 6, 12, 11, 9, 10), (2, 5, 1, 4, 7, 3, 9, 6, 10, 8, 11, 12), (3, 2, 1, 4, 5, 6, 7, 9, 8, 10, 11, 12), (1, 7, 2, 5, 4, 3, 9, 8, 6, 12, 11, 10), (1, 2, 3, 4, 5, 6, 7, 8, 10, 11, 9, 12), (2, 3, 1, 4, 7, 5, 6, 8, 12, 9, 10, 11), (4, 1, 3, 6, 8, 2, 7, 10, 11, 5, 9, 12), (3, 2, 1, 6, 4, 8, 10, 5, 7, 11, 9, 12), (1, 3, 2, 10, 7, 4, 6, 11, 9, 8, 12, 5), (2, 3, 5, 1, 6, 9, 12, 4, 11, 8, 7, 10), (1, 2, 4, 3, 6, 5, 9, 7, 10, 8, 11, 12), (1, 2, 7, 4, 8, 6, 5, 3, 9, 10, 11, 12), (1, 3, 2, 7, 4, 5, 6, 8, 9, 10, 11, 12), (1, 2, 6, 3, 4, 8, 12, 5, 7, 10, 9, 11)}
M(AUB) = 
[[1, 2, 3, 4, 5, 6, 7, 8, 9, 10, 11, 12]]
Distance:203

(42)
A = 
{(4, 6, 2, 3, 11, 1, 9, 5, 12, 10, 7, 8), (1, 2, 3, 4, 5, 6, 7, 8, 9, 10, 11, 12), (6, 2, 1, 3, 5, 4, 7, 10, 9, 12, 11, 8), (2, 1, 4, 7, 3, 5, 8, 10, 6, 11, 9, 12), (1, 2, 6, 3, 4, 5, 7, 8, 9, 10, 12, 11), (2, 1, 3, 4, 6, 5, 7, 9, 8, 10, 11, 12), (1, 2, 4, 6, 7, 3, 10, 9, 5, 12, 8, 11), (4, 2, 5, 3, 1, 7, 11, 6, 10, 9, 8, 12), (1, 2, 3, 4, 5, 6, 7, 8, 10, 9, 11, 12)}
M(A) = 
[[1, 2, 3, 4, 5, 6, 7, 8, 9, 10, 11, 12], [1, 2, 3, 4, 6, 5, 7, 8, 9, 10, 11, 12], [2, 1, 3, 4, 5, 6, 7, 8, 9, 10, 11, 12], [2, 1, 3, 4, 6, 5, 7, 8, 9, 10, 11, 12]]
Distance: 77
B = 
{(2, 4, 1, 3, 5, 6, 7, 8, 10, 9, 11, 12), (3, 4, 1, 6, 8, 5, 2, 9, 11, 10, 7, 12), (1, 4, 6, 5, 3, 7, 11, 2, 9, 8, 12, 10), (2, 1, 3, 5, 6, 4, 8, 7, 11, 12, 9, 10), (1, 8, 4, 3, 2, 5, 7, 6, 12, 11, 9, 10), (2, 1, 3, 4, 6, 7, 5, 9, 8, 10, 11, 12), (2, 1, 3, 4, 5, 6, 7, 8, 9, 10, 11, 12), (1, 2, 4, 3, 7, 6, 10, 8, 5, 9, 12, 11), (3, 1, 4, 2, 5, 9, 10, 6, 7, 11, 8, 12)}
M(B) = 
[[1, 2, 3, 4, 5, 6, 7, 8, 9, 10, 11, 12], [1, 2, 3, 4, 6, 5, 7, 8, 9, 10, 11, 12], [2, 1, 3, 4, 5, 6, 7, 8, 9, 10, 11, 12], [2, 1, 3, 4, 6, 5, 7, 8, 9, 10, 11, 12]]
Distance: 80
M(A) inter A:
{(1, 2, 3, 4, 5, 6, 7, 8, 9, 10, 11, 12)}
M(B) inter B:
set()

AUB = 
{(4, 6, 2, 3, 11, 1, 9, 5, 12, 10, 7, 8), (2, 4, 1, 3, 5, 6, 7, 8, 10, 9, 11, 12), (3, 4, 1, 6, 8, 5, 2, 9, 11, 10, 7, 12), (1, 4, 6, 5, 3, 7, 11, 2, 9, 8, 12, 10), (2, 1, 3, 5, 6, 4, 8, 7, 11, 12, 9, 10), (1, 2, 3, 4, 5, 6, 7, 8, 9, 10, 11, 12), (1, 8, 4, 3, 2, 5, 7, 6, 12, 11, 9, 10), (6, 2, 1, 3, 5, 4, 7, 10, 9, 12, 11, 8), (2, 1, 3, 4, 6, 7, 5, 9, 8, 10, 11, 12), (2, 1, 4, 7, 3, 5, 8, 10, 6, 11, 9, 12), (1, 2, 6, 3, 4, 5, 7, 8, 9, 10, 12, 11), (2, 1, 3, 4, 5, 6, 7, 8, 9, 10, 11, 12), (2, 1, 3, 4, 6, 5, 7, 9, 8, 10, 11, 12), (1, 2, 4, 6, 7, 3, 10, 9, 5, 12, 8, 11), (1, 2, 4, 3, 7, 6, 10, 8, 5, 9, 12, 11), (4, 2, 5, 3, 1, 7, 11, 6, 10, 9, 8, 12), (3, 1, 4, 2, 5, 9, 10, 6, 7, 11, 8, 12), (1, 2, 3, 4, 5, 6, 7, 8, 10, 9, 11, 12)}
M(AUB) = 
[[1, 2, 3, 4, 5, 6, 7, 8, 9, 10, 11, 12], [1, 2, 3, 4, 6, 5, 7, 8, 9, 10, 11, 12], [2, 1, 3, 4, 5, 6, 7, 8, 9, 10, 11, 12], [2, 1, 3, 4, 6, 5, 7, 8, 9, 10, 11, 12]]
Distance:160

(43)
A = 
{(1, 2, 4, 3, 6, 5, 8, 7, 10, 9, 12, 11), (1, 3, 2, 4, 6, 5, 7, 8, 9, 10, 11, 12), (1, 5, 2, 3, 8, 4, 6, 7, 11, 9, 10, 12), (2, 1, 3, 4, 5, 6, 8, 7, 9, 10, 11, 12), (1, 2, 3, 5, 4, 6, 7, 8, 9, 10, 11, 12), (1, 7, 2, 4, 6, 5, 8, 10, 3, 12, 11, 9), (5, 2, 3, 1, 8, 4, 6, 9, 10, 11, 12, 7), (2, 1, 3, 4, 5, 6, 7, 9, 11, 8, 10, 12), (1, 5, 3, 2, 4, 6, 9, 8, 10, 12, 11, 7)}
M(A) = 
[[1, 2, 3, 4, 5, 6, 7, 8, 9, 10, 11, 12]]
Distance: 60
B = 
{(2, 1, 4, 5, 3, 6, 9, 11, 10, 8, 7, 12), (2, 1, 3, 4, 8, 6, 5, 7, 9, 12, 10, 11), (2, 4, 1, 3, 7, 6, 11, 5, 8, 10, 9, 12), (3, 1, 4, 2, 6, 7, 5, 9, 10, 8, 11, 12), (1, 2, 3, 4, 5, 6, 7, 8, 9, 10, 11, 12), (1, 2, 9, 4, 3, 5, 7, 12, 6, 8, 11, 10), (7, 3, 5, 4, 2, 6, 10, 1, 12, 8, 11, 9), (2, 4, 3, 6, 1, 5, 10, 7, 9, 12, 8, 11), (1, 3, 2, 4, 6, 5, 7, 8, 10, 12, 9, 11)}
M(B) = 
[[1, 2, 3, 4, 5, 6, 7, 8, 9, 10, 11, 12]]
Distance: 85
M(A) inter A:
set()
M(B) inter B:
set()

AUB = 
{(1, 2, 4, 3, 6, 5, 8, 7, 10, 9, 12, 11), (2, 1, 4, 5, 3, 6, 9, 11, 10, 8, 7, 12), (1, 3, 2, 4, 6, 5, 7, 8, 9, 10, 11, 12), (2, 1, 3, 4, 8, 6, 5, 7, 9, 12, 10, 11), (2, 4, 1, 3, 7, 6, 11, 5, 8, 10, 9, 12), (1, 5, 2, 3, 8, 4, 6, 7, 11, 9, 10, 12), (2, 1, 3, 4, 5, 6, 8, 7, 9, 10, 11, 12), (1, 2, 3, 5, 4, 6, 7, 8, 9, 10, 11, 12), (1, 7, 2, 4, 6, 5, 8, 10, 3, 12, 11, 9), (5, 2, 3, 1, 8, 4, 6, 9, 10, 11, 12, 7), (3, 1, 4, 2, 6, 7, 5, 9, 10, 8, 11, 12), (1, 2, 3, 4, 5, 6, 7, 8, 9, 10, 11, 12), (1, 2, 9, 4, 3, 5, 7, 12, 6, 8, 11, 10), (2, 1, 3, 4, 5, 6, 7, 9, 11, 8, 10, 12), (7, 3, 5, 4, 2, 6, 10, 1, 12, 8, 11, 9), (2, 4, 3, 6, 1, 5, 10, 7, 9, 12, 8, 11), (1, 3, 2, 4, 6, 5, 7, 8, 10, 12, 9, 11), (1, 5, 3, 2, 4, 6, 9, 8, 10, 12, 11, 7)}
M(AUB) = 
[[1, 2, 3, 4, 5, 6, 7, 8, 9, 10, 11, 12]]
Distance:149

(44)
A = 
{(2, 7, 1, 3, 6, 11, 10, 5, 4, 8, 12, 9), (1, 2, 4, 3, 8, 5, 9, 6, 7, 11, 10, 12), (2, 6, 1, 9, 3, 8, 11, 4, 5, 12, 7, 10), (3, 2, 6, 9, 4, 5, 1, 11, 8, 12, 7, 10), (2, 4, 3, 1, 8, 7, 9, 6, 5, 10, 11, 12), (1, 2, 3, 5, 4, 6, 7, 8, 9, 12, 10, 11), (1, 2, 3, 4, 7, 5, 6, 8, 10, 11, 9, 12), (3, 1, 2, 4, 6, 5, 9, 8, 7, 12, 10, 11), (3, 2, 6, 10, 4, 1, 5, 8, 7, 11, 9, 12)}
M(A) = 
[[2, 1, 3, 4, 5, 6, 7, 8, 9, 10, 11, 12], [2, 1, 3, 4, 5, 6, 8, 7, 9, 10, 11, 12], [2, 1, 3, 4, 6, 5, 7, 8, 9, 10, 11, 12], [2, 1, 3, 4, 6, 5, 8, 7, 9, 10, 11, 12]]
Distance: 99
B = 
{(1, 4, 3, 2, 10, 5, 7, 12, 6, 11, 8, 9), (2, 1, 3, 5, 4, 6, 7, 8, 9, 12, 11, 10), (3, 2, 1, 5, 4, 6, 9, 10, 11, 7, 8, 12), (2, 1, 4, 3, 5, 6, 7, 9, 10, 8, 11, 12), (1, 2, 8, 3, 5, 4, 9, 6, 7, 11, 12, 10), (3, 1, 2, 7, 4, 6, 9, 5, 10, 12, 11, 8), (2, 1, 4, 3, 5, 8, 10, 6, 7, 9, 11, 12), (1, 2, 3, 4, 6, 7, 5, 8, 9, 10, 11, 12), (2, 6, 1, 4, 5, 3, 8, 7, 9, 11, 12, 10)}
M(B) = 
[[2, 1, 3, 4, 5, 6, 7, 8, 9, 10, 11, 12], [2, 1, 3, 4, 5, 6, 8, 7, 9, 10, 11, 12], [2, 1, 3, 4, 6, 5, 7, 8, 9, 10, 11, 12], [2, 1, 3, 4, 6, 5, 8, 7, 9, 10, 11, 12]]
Distance: 74
M(A) inter A:
set()
M(B) inter B:
set()

AUB = 
{(1, 2, 4, 3, 8, 5, 9, 6, 7, 11, 10, 12), (3, 2, 6, 10, 4, 1, 5, 8, 7, 11, 9, 12), (2, 6, 1, 4, 5, 3, 8, 7, 9, 11, 12, 10), (2, 6, 1, 9, 3, 8, 11, 4, 5, 12, 7, 10), (3, 2, 6, 9, 4, 5, 1, 11, 8, 12, 7, 10), (1, 4, 3, 2, 10, 5, 7, 12, 6, 11, 8, 9), (2, 1, 3, 5, 4, 6, 7, 8, 9, 12, 11, 10), (3, 2, 1, 5, 4, 6, 9, 10, 11, 7, 8, 12), (2, 4, 3, 1, 8, 7, 9, 6, 5, 10, 11, 12), (2, 1, 4, 3, 5, 6, 7, 9, 10, 8, 11, 12), (1, 2, 3, 5, 4, 6, 7, 8, 9, 12, 10, 11), (1, 2, 8, 3, 5, 4, 9, 6, 7, 11, 12, 10), (3, 1, 2, 7, 4, 6, 9, 5, 10, 12, 11, 8), (1, 2, 3, 4, 7, 5, 6, 8, 10, 11, 9, 12), (2, 1, 4, 3, 5, 8, 10, 6, 7, 9, 11, 12), (3, 1, 2, 4, 6, 5, 9, 8, 7, 12, 10, 11), (1, 2, 3, 4, 6, 7, 5, 8, 9, 10, 11, 12), (2, 7, 1, 3, 6, 11, 10, 5, 4, 8, 12, 9)}
M(AUB) = 
[[2, 1, 3, 4, 5, 6, 7, 8, 9, 10, 11, 12], [2, 1, 3, 4, 5, 6, 8, 7, 9, 10, 11, 12], [2, 1, 3, 4, 6, 5, 7, 8, 9, 10, 11, 12], [2, 1, 3, 4, 6, 5, 8, 7, 9, 10, 11, 12]]
Distance:179

(45)
A = 
{(3, 2, 1, 5, 4, 10, 7, 6, 8, 12, 9, 11), (2, 1, 3, 4, 5, 6, 7, 8, 9, 10, 11, 12), (5, 1, 2, 6, 4, 3, 11, 8, 9, 7, 10, 12), (2, 1, 3, 4, 5, 6, 9, 7, 8, 10, 11, 12), (2, 3, 5, 1, 11, 7, 9, 10, 6, 4, 12, 8), (2, 5, 1, 4, 7, 3, 9, 6, 10, 12, 11, 8), (3, 5, 8, 1, 2, 4, 11, 9, 7, 12, 6, 10), (1, 4, 2, 3, 5, 6, 7, 8, 9, 11, 10, 12), (2, 1, 4, 3, 7, 5, 8, 6, 9, 10, 11, 12)}
M(A) = 
[[2, 1, 3, 4, 5, 6, 7, 8, 9, 10, 11, 12]]
Distance: 83
B = 
{(3, 6, 1, 8, 4, 9, 10, 7, 2, 11, 12, 5), (4, 1, 2, 8, 7, 3, 5, 6, 12, 10, 9, 11), (1, 6, 2, 4, 3, 7, 11, 5, 9, 12, 8, 10), (1, 2, 3, 4, 5, 6, 7, 8, 9, 10, 11, 12), (2, 4, 1, 5, 7, 10, 6, 3, 8, 11, 9, 12), (3, 2, 6, 1, 5, 4, 7, 8, 11, 12, 9, 10), (1, 3, 4, 2, 6, 5, 8, 7, 11, 9, 10, 12), (3, 2, 6, 4, 8, 1, 10, 5, 12, 7, 9, 11), (3, 5, 2, 6, 1, 4, 8, 9, 10, 12, 11, 7)}
M(B) = 
[[2, 1, 3, 4, 5, 6, 7, 8, 9, 10, 11, 12]]
Distance: 103
M(A) inter A:
set()
M(B) inter B:
set()

AUB = 
{(3, 5, 2, 6, 1, 4, 8, 9, 10, 12, 11, 7), (3, 6, 1, 8, 4, 9, 10, 7, 2, 11, 12, 5), (4, 1, 2, 8, 7, 3, 5, 6, 12, 10, 9, 11), (1, 6, 2, 4, 3, 7, 11, 5, 9, 12, 8, 10), (1, 2, 3, 4, 5, 6, 7, 8, 9, 10, 11, 12), (2, 4, 1, 5, 7, 10, 6, 3, 8, 11, 9, 12), (3, 2, 1, 5, 4, 10, 7, 6, 8, 12, 9, 11), (2, 1, 3, 4, 5, 6, 7, 8, 9, 10, 11, 12), (5, 1, 2, 6, 4, 3, 11, 8, 9, 7, 10, 12), (2, 1, 3, 4, 5, 6, 9, 7, 8, 10, 11, 12), (3, 2, 6, 1, 5, 4, 7, 8, 11, 12, 9, 10), (1, 3, 4, 2, 6, 5, 8, 7, 11, 9, 10, 12), (2, 3, 5, 1, 11, 7, 9, 10, 6, 4, 12, 8), (3, 2, 6, 4, 8, 1, 10, 5, 12, 7, 9, 11), (2, 5, 1, 4, 7, 3, 9, 6, 10, 12, 11, 8), (3, 5, 8, 1, 2, 4, 11, 9, 7, 12, 6, 10), (1, 4, 2, 3, 5, 6, 7, 8, 9, 11, 10, 12), (2, 1, 4, 3, 7, 5, 8, 6, 9, 10, 11, 12)}
M(AUB) = 
[[2, 1, 3, 4, 5, 6, 7, 8, 9, 10, 11, 12]]
Distance:193

(46)
A = 
{(2, 1, 3, 5, 8, 4, 6, 11, 7, 10, 12, 9), (1, 5, 3, 2, 8, 6, 4, 7, 10, 9, 11, 12), (2, 1, 3, 5, 6, 4, 8, 9, 10, 7, 11, 12), (3, 2, 1, 6, 5, 7, 4, 8, 12, 9, 10, 11), (3, 1, 4, 5, 6, 2, 8, 9, 7, 12, 11, 10), (1, 2, 6, 3, 4, 5, 7, 9, 10, 12, 11, 8), (1, 2, 3, 11, 4, 5, 6, 9, 12, 8, 7, 10), (2, 6, 1, 7, 4, 3, 8, 5, 9, 10, 12, 11), (2, 1, 4, 6, 3, 8, 5, 7, 9, 10, 11, 12)}
M(A) = 
[[2, 1, 3, 4, 5, 6, 7, 8, 9, 10, 11, 12]]
Distance: 79
B = 
{(1, 3, 2, 4, 7, 6, 5, 9, 8, 12, 10, 11), (1, 2, 4, 5, 6, 10, 3, 9, 12, 7, 8, 11), (6, 2, 1, 9, 4, 3, 10, 5, 11, 7, 8, 12), (1, 2, 3, 4, 5, 6, 7, 8, 9, 10, 11, 12), (2, 7, 1, 5, 4, 8, 3, 10, 6, 11, 9, 12), (2, 1, 3, 4, 7, 6, 5, 8, 9, 10, 11, 12), (1, 2, 3, 4, 5, 8, 7, 6, 9, 10, 11, 12), (4, 5, 2, 1, 7, 3, 8, 10, 12, 6, 9, 11), (2, 1, 3, 6, 7, 9, 8, 4, 5, 11, 10, 12)}
M(B) = 
[[2, 1, 3, 4, 5, 6, 7, 8, 9, 10, 11, 12]]
Distance: 81
M(A) inter A:
set()
M(B) inter B:
set()

AUB = 
{(1, 3, 2, 4, 7, 6, 5, 9, 8, 12, 10, 11), (2, 1, 3, 5, 8, 4, 6, 11, 7, 10, 12, 9), (1, 2, 4, 5, 6, 10, 3, 9, 12, 7, 8, 11), (6, 2, 1, 9, 4, 3, 10, 5, 11, 7, 8, 12), (4, 5, 2, 1, 7, 3, 8, 10, 12, 6, 9, 11), (2, 1, 3, 6, 7, 9, 8, 4, 5, 11, 10, 12), (1, 5, 3, 2, 8, 6, 4, 7, 10, 9, 11, 12), (1, 2, 3, 4, 5, 6, 7, 8, 9, 10, 11, 12), (2, 1, 3, 5, 6, 4, 8, 9, 10, 7, 11, 12), (3, 2, 1, 6, 5, 7, 4, 8, 12, 9, 10, 11), (3, 1, 4, 5, 6, 2, 8, 9, 7, 12, 11, 10), (2, 7, 1, 5, 4, 8, 3, 10, 6, 11, 9, 12), (1, 2, 6, 3, 4, 5, 7, 9, 10, 12, 11, 8), (2, 1, 3, 4, 7, 6, 5, 8, 9, 10, 11, 12), (1, 2, 3, 4, 5, 8, 7, 6, 9, 10, 11, 12), (1, 2, 3, 11, 4, 5, 6, 9, 12, 8, 7, 10), (2, 6, 1, 7, 4, 3, 8, 5, 9, 10, 12, 11), (2, 1, 4, 6, 3, 8, 5, 7, 9, 10, 11, 12)}
M(AUB) = 
[[2, 1, 3, 4, 5, 6, 7, 8, 9, 10, 11, 12]]
Distance:164

(47)
A = 
{(4, 1, 3, 5, 8, 7, 2, 10, 6, 9, 11, 12), (1, 2, 3, 4, 6, 5, 8, 7, 9, 11, 10, 12), (1, 2, 3, 4, 5, 6, 7, 8, 9, 10, 11, 12), (2, 3, 1, 5, 6, 4, 7, 9, 8, 12, 10, 11), (6, 2, 4, 1, 3, 9, 7, 5, 12, 8, 11, 10), (4, 2, 1, 3, 7, 5, 6, 9, 12, 8, 11, 10), (1, 3, 2, 6, 4, 11, 8, 7, 10, 9, 12, 5), (4, 1, 2, 5, 3, 7, 8, 11, 9, 10, 6, 12), (1, 2, 3, 4, 6, 7, 5, 8, 9, 10, 11, 12)}
M(A) = 
[[1, 2, 3, 4, 5, 6, 7, 8, 9, 11, 10, 12]]
Distance: 76
B = 
{(1, 2, 3, 4, 5, 6, 7, 8, 10, 9, 11, 12), (3, 1, 4, 2, 5, 6, 8, 11, 12, 9, 10, 7), (4, 2, 1, 3, 5, 6, 8, 7, 9, 10, 12, 11), (6, 1, 3, 8, 2, 5, 4, 9, 7, 11, 10, 12), (1, 3, 2, 4, 5, 6, 7, 8, 9, 11, 10, 12), (1, 2, 3, 6, 4, 5, 7, 8, 9, 10, 11, 12), (1, 2, 3, 5, 4, 7, 8, 6, 9, 11, 12, 10), (3, 1, 2, 7, 4, 5, 6, 9, 8, 11, 10, 12), (1, 2, 4, 5, 11, 3, 6, 7, 8, 9, 12, 10)}
M(B) = 
[[1, 2, 3, 4, 5, 6, 7, 8, 9, 11, 10, 12]]
Distance: 54
M(A) inter A:
set()
M(B) inter B:
set()

AUB = 
{(1, 2, 4, 5, 11, 3, 6, 7, 8, 9, 12, 10), (4, 1, 3, 5, 8, 7, 2, 10, 6, 9, 11, 12), (1, 2, 3, 4, 6, 5, 8, 7, 9, 11, 10, 12), (3, 1, 4, 2, 5, 6, 8, 11, 12, 9, 10, 7), (1, 2, 3, 4, 5, 6, 7, 8, 9, 10, 11, 12), (2, 3, 1, 5, 6, 4, 7, 9, 8, 12, 10, 11), (4, 2, 1, 3, 5, 6, 8, 7, 9, 10, 12, 11), (6, 1, 3, 8, 2, 5, 4, 9, 7, 11, 10, 12), (6, 2, 4, 1, 3, 9, 7, 5, 12, 8, 11, 10), (1, 3, 2, 4, 5, 6, 7, 8, 9, 11, 10, 12), (4, 2, 1, 3, 7, 5, 6, 9, 12, 8, 11, 10), (1, 2, 3, 6, 4, 5, 7, 8, 9, 10, 11, 12), (1, 3, 2, 6, 4, 11, 8, 7, 10, 9, 12, 5), (4, 1, 2, 5, 3, 7, 8, 11, 9, 10, 6, 12), (1, 2, 3, 4, 6, 7, 5, 8, 9, 10, 11, 12), (1, 2, 3, 5, 4, 7, 8, 6, 9, 11, 12, 10), (3, 1, 2, 7, 4, 5, 6, 9, 8, 11, 10, 12), (1, 2, 3, 4, 5, 6, 7, 8, 10, 9, 11, 12)}
M(AUB) = 
[[1, 2, 3, 4, 5, 6, 7, 8, 9, 11, 10, 12]]
Distance:130

(48)
A = 
{(1, 2, 3, 5, 4, 6, 7, 8, 9, 10, 11, 12), (2, 3, 4, 1, 5, 10, 8, 6, 7, 9, 12, 11), (2, 3, 1, 4, 5, 7, 6, 8, 10, 9, 11, 12), (1, 4, 2, 3, 9, 5, 6, 7, 10, 11, 12, 8), (1, 3, 2, 7, 6, 5, 4, 11, 12, 10, 9, 8), (5, 4, 1, 9, 3, 6, 8, 2, 12, 10, 7, 11), (3, 1, 2, 4, 9, 7, 6, 5, 8, 10, 12, 11), (4, 3, 2, 6, 1, 7, 9, 12, 8, 5, 10, 11), (2, 1, 3, 4, 7, 6, 5, 8, 9, 12, 11, 10)}
M(A) = 
[[1, 2, 3, 4, 5, 6, 7, 8, 9, 10, 12, 11], [1, 2, 3, 4, 5, 7, 6, 8, 9, 10, 12, 11], [1, 3, 2, 4, 5, 6, 7, 8, 9, 10, 12, 11], [1, 3, 2, 4, 5, 7, 6, 8, 9, 10, 12, 11]]
Distance: 91
B = 
{(1, 4, 5, 3, 2, 6, 7, 10, 8, 9, 11, 12), (1, 5, 4, 3, 2, 8, 10, 6, 7, 12, 11, 9), (4, 1, 2, 7, 6, 3, 12, 5, 9, 10, 8, 11), (1, 7, 3, 2, 5, 4, 8, 12, 6, 11, 9, 10), (2, 1, 3, 4, 5, 6, 7, 8, 9, 11, 10, 12), (2, 1, 3, 4, 7, 5, 8, 6, 9, 11, 10, 12), (1, 3, 4, 2, 5, 7, 6, 8, 9, 11, 12, 10), (3, 2, 1, 6, 5, 4, 8, 9, 12, 7, 11, 10), (2, 1, 7, 3, 5, 4, 9, 10, 6, 8, 12, 11)}
M(B) = 
[[1, 2, 3, 4, 5, 6, 7, 8, 9, 10, 12, 11], [1, 2, 3, 4, 5, 7, 6, 8, 9, 10, 12, 11], [1, 3, 2, 4, 5, 6, 7, 8, 9, 10, 12, 11], [1, 3, 2, 4, 5, 7, 6, 8, 9, 10, 12, 11]]
Distance: 82
M(A) inter A:
set()
M(B) inter B:
set()

AUB = 
{(1, 4, 5, 3, 2, 6, 7, 10, 8, 9, 11, 12), (1, 5, 4, 3, 2, 8, 10, 6, 7, 12, 11, 9), (4, 1, 2, 7, 6, 3, 12, 5, 9, 10, 8, 11), (1, 2, 3, 5, 4, 6, 7, 8, 9, 10, 11, 12), (2, 3, 4, 1, 5, 10, 8, 6, 7, 9, 12, 11), (2, 3, 1, 4, 5, 7, 6, 8, 10, 9, 11, 12), (1, 7, 3, 2, 5, 4, 8, 12, 6, 11, 9, 10), (1, 4, 2, 3, 9, 5, 6, 7, 10, 11, 12, 8), (2, 1, 3, 4, 5, 6, 7, 8, 9, 11, 10, 12), (1, 3, 2, 7, 6, 5, 4, 11, 12, 10, 9, 8), (2, 1, 3, 4, 7, 5, 8, 6, 9, 11, 10, 12), (5, 4, 1, 9, 3, 6, 8, 2, 12, 10, 7, 11), (3, 1, 2, 4, 9, 7, 6, 5, 8, 10, 12, 11), (4, 3, 2, 6, 1, 7, 9, 12, 8, 5, 10, 11), (1, 3, 4, 2, 5, 7, 6, 8, 9, 11, 12, 10), (3, 2, 1, 6, 5, 4, 8, 9, 12, 7, 11, 10), (2, 1, 7, 3, 5, 4, 9, 10, 6, 8, 12, 11), (2, 1, 3, 4, 7, 6, 5, 8, 9, 12, 11, 10)}
M(AUB) = 
[[1, 2, 3, 4, 5, 6, 7, 8, 9, 10, 12, 11], [1, 2, 3, 4, 5, 7, 6, 8, 9, 10, 12, 11], [1, 3, 2, 4, 5, 6, 7, 8, 9, 10, 12, 11], [1, 3, 2, 4, 5, 7, 6, 8, 9, 10, 12, 11]]
Distance:176

(49)
A = 
{(1, 2, 3, 4, 5, 6, 7, 9, 12, 11, 10, 8), (1, 2, 3, 6, 4, 8, 5, 7, 12, 10, 9, 11), (1, 2, 4, 5, 3, 6, 7, 9, 8, 10, 11, 12), (3, 1, 4, 2, 7, 5, 8, 6, 9, 10, 11, 12), (7, 4, 3, 2, 1, 8, 6, 5, 10, 12, 11, 9), (1, 3, 2, 6, 9, 7, 4, 12, 5, 10, 11, 8), (1, 3, 4, 2, 5, 6, 9, 7, 8, 11, 10, 12), (2, 1, 5, 7, 3, 8, 4, 6, 12, 10, 9, 11), (2, 1, 7, 3, 5, 10, 4, 9, 12, 6, 11, 8)}
M(A) = 
[[1, 2, 4, 3, 5, 6, 7, 8, 9, 10, 12, 11], [2, 1, 4, 3, 5, 6, 7, 8, 9, 10, 12, 11]]
Distance: 87
B = 
{(5, 2, 1, 4, 7, 10, 9, 3, 6, 8, 12, 11), (2, 1, 6, 10, 4, 7, 3, 5, 8, 11, 12, 9), (7, 4, 3, 1, 5, 8, 2, 9, 6, 10, 11, 12), (1, 3, 4, 6, 2, 8, 5, 7, 9, 10, 11, 12), (1, 2, 4, 7, 5, 3, 8, 6, 9, 10, 11, 12), (4, 2, 1, 3, 6, 10, 5, 7, 9, 8, 12, 11), (4, 7, 2, 1, 5, 6, 8, 10, 3, 12, 9, 11), (2, 1, 4, 5, 3, 6, 8, 7, 12, 9, 10, 11), (4, 2, 1, 6, 3, 7, 5, 8, 9, 10, 11, 12)}
M(B) = 
[[1, 2, 4, 3, 5, 6, 7, 8, 9, 10, 12, 11], [2, 1, 4, 3, 5, 6, 7, 8, 9, 10, 12, 11]]
Distance: 88
M(A) inter A:
set()
M(B) inter B:
set()

AUB = 
{(1, 2, 3, 4, 5, 6, 7, 9, 12, 11, 10, 8), (5, 2, 1, 4, 7, 10, 9, 3, 6, 8, 12, 11), (2, 1, 6, 10, 4, 7, 3, 5, 8, 11, 12, 9), (7, 4, 3, 1, 5, 8, 2, 9, 6, 10, 11, 12), (1, 3, 4, 6, 2, 8, 5, 7, 9, 10, 11, 12), (1, 2, 3, 6, 4, 8, 5, 7, 12, 10, 9, 11), (1, 2, 4, 7, 5, 3, 8, 6, 9, 10, 11, 12), (1, 2, 4, 5, 3, 6, 7, 9, 8, 10, 11, 12), (3, 1, 4, 2, 7, 5, 8, 6, 9, 10, 11, 12), (7, 4, 3, 2, 1, 8, 6, 5, 10, 12, 11, 9), (1, 3, 2, 6, 9, 7, 4, 12, 5, 10, 11, 8), (1, 3, 4, 2, 5, 6, 9, 7, 8, 11, 10, 12), (4, 2, 1, 3, 6, 10, 5, 7, 9, 8, 12, 11), (2, 1, 5, 7, 3, 8, 4, 6, 12, 10, 9, 11), (4, 7, 2, 1, 5, 6, 8, 10, 3, 12, 9, 11), (2, 1, 7, 3, 5, 10, 4, 9, 12, 6, 11, 8), (2, 1, 4, 5, 3, 6, 8, 7, 12, 9, 10, 11), (4, 2, 1, 6, 3, 7, 5, 8, 9, 10, 11, 12)}
M(AUB) = 
[[1, 2, 4, 3, 5, 6, 7, 8, 9, 10, 12, 11], [2, 1, 4, 3, 5, 6, 7, 8, 9, 10, 12, 11]]
Distance:186

