(0)
A = 
{(2, 3, 4, 1, 5, 7, 6, 9, 8, 10), (7, 4, 3, 1, 2, 10, 6, 5, 9, 8), (3, 2, 5, 6, 8, 1, 7, 10, 4, 9), (1, 5, 3, 2, 4, 7, 6, 8, 10, 9), (1, 2, 4, 3, 5, 6, 7, 8, 10, 9), (1, 2, 8, 3, 4, 6, 7, 5, 10, 9)}
M(A) = 
[[1, 2, 3, 4, 5, 6, 7, 8, 10, 9], [1, 2, 4, 3, 5, 6, 7, 8, 10, 9]]
Distance: 47
B = 
{(4, 2, 3, 1, 8, 5, 10, 6, 7, 9), (2, 1, 5, 7, 3, 8, 9, 6, 4, 10), (1, 2, 3, 5, 4, 10, 6, 7, 9, 8), (5, 8, 4, 3, 6, 1, 10, 2, 7, 9), (2, 8, 4, 6, 5, 1, 3, 10, 9, 7), (1, 2, 4, 3, 5, 7, 6, 8, 10, 9)}
M(B) = 
[[1, 2, 3, 4, 5, 6, 7, 8, 10, 9], [1, 2, 4, 3, 5, 6, 7, 8, 10, 9]]
Distance: 58
M(A) inter A:
set()
M(B) inter B:
set()

AUB = 
{(1, 2, 4, 3, 5, 6, 7, 8, 10, 9), (4, 2, 3, 1, 8, 5, 10, 6, 7, 9), (7, 4, 3, 1, 2, 10, 6, 5, 9, 8), (1, 2, 4, 3, 5, 7, 6, 8, 10, 9), (2, 1, 5, 7, 3, 8, 9, 6, 4, 10), (1, 2, 3, 5, 4, 10, 6, 7, 9, 8), (5, 8, 4, 3, 6, 1, 10, 2, 7, 9), (2, 8, 4, 6, 5, 1, 3, 10, 9, 7), (1, 2, 8, 3, 4, 6, 7, 5, 10, 9), (2, 3, 4, 1, 5, 7, 6, 9, 8, 10), (3, 2, 5, 6, 8, 1, 7, 10, 4, 9), (1, 5, 3, 2, 4, 7, 6, 8, 10, 9)}
M(AUB) = 
[[1, 2, 3, 4, 5, 6, 7, 8, 10, 9], [1, 2, 4, 3, 5, 6, 7, 8, 10, 9]]
Distance:111

(1)
A = 
{(1, 2, 3, 7, 5, 4, 9, 6, 10, 8), (2, 4, 1, 5, 7, 9, 3, 6, 10, 8), (3, 1, 6, 2, 4, 5, 8, 9, 10, 7), (1, 2, 3, 5, 4, 6, 7, 9, 8, 10), (4, 1, 6, 3, 2, 7, 8, 10, 5, 9), (1, 3, 2, 5, 7, 6, 9, 4, 8, 10)}
M(A) = 
[[1, 2, 3, 4, 5, 6, 7, 8, 9, 10], [1, 2, 3, 4, 5, 6, 7, 9, 8, 10], [1, 2, 3, 4, 5, 7, 6, 8, 9, 10], [1, 2, 3, 4, 5, 7, 6, 9, 8, 10], [1, 2, 3, 5, 4, 6, 7, 8, 9, 10], [1, 2, 3, 5, 4, 6, 7, 9, 8, 10], [1, 2, 3, 5, 4, 7, 6, 8, 9, 10], [1, 2, 3, 5, 4, 7, 6, 9, 8, 10], [1, 2, 4, 3, 5, 6, 7, 8, 9, 10], [1, 2, 4, 3, 5, 6, 7, 9, 8, 10], [1, 2, 4, 3, 5, 7, 6, 8, 9, 10], [1, 2, 4, 3, 5, 7, 6, 9, 8, 10]]
Distance: 43
B = 
{(5, 6, 1, 4, 8, 9, 2, 3, 10, 7), (1, 2, 3, 5, 7, 4, 6, 9, 8, 10), (1, 4, 8, 9, 5, 7, 2, 10, 6, 3), (1, 4, 2, 3, 7, 5, 6, 8, 9, 10), (1, 4, 2, 3, 6, 5, 10, 8, 9, 7), (1, 2, 6, 3, 5, 4, 10, 9, 7, 8)}
M(B) = 
[[1, 2, 3, 4, 5, 6, 7, 8, 9, 10], [1, 2, 3, 4, 5, 6, 7, 9, 8, 10], [1, 2, 3, 4, 5, 7, 6, 8, 9, 10], [1, 2, 3, 4, 5, 7, 6, 9, 8, 10], [1, 2, 3, 5, 4, 6, 7, 8, 9, 10], [1, 2, 3, 5, 4, 6, 7, 9, 8, 10], [1, 2, 3, 5, 4, 7, 6, 8, 9, 10], [1, 2, 3, 5, 4, 7, 6, 9, 8, 10], [1, 2, 4, 3, 5, 6, 7, 8, 9, 10], [1, 2, 4, 3, 5, 6, 7, 9, 8, 10], [1, 2, 4, 3, 5, 7, 6, 8, 9, 10], [1, 2, 4, 3, 5, 7, 6, 9, 8, 10]]
Distance: 56
M(A) inter A:
set()
M(B) inter B:
set()

AUB = 
{(5, 6, 1, 4, 8, 9, 2, 3, 10, 7), (1, 2, 3, 7, 5, 4, 9, 6, 10, 8), (1, 2, 3, 5, 7, 4, 6, 9, 8, 10), (1, 4, 8, 9, 5, 7, 2, 10, 6, 3), (1, 4, 2, 3, 7, 5, 6, 8, 9, 10), (1, 4, 2, 3, 6, 5, 10, 8, 9, 7), (2, 4, 1, 5, 7, 9, 3, 6, 10, 8), (3, 1, 6, 2, 4, 5, 8, 9, 10, 7), (1, 2, 3, 5, 4, 6, 7, 9, 8, 10), (4, 1, 6, 3, 2, 7, 8, 10, 5, 9), (1, 3, 2, 5, 7, 6, 9, 4, 8, 10), (1, 2, 6, 3, 5, 4, 10, 9, 7, 8)}
M(AUB) = 
[[1, 2, 3, 4, 5, 6, 7, 8, 9, 10], [1, 2, 3, 4, 5, 6, 7, 9, 8, 10], [1, 2, 3, 4, 5, 7, 6, 8, 9, 10], [1, 2, 3, 4, 5, 7, 6, 9, 8, 10], [1, 2, 3, 5, 4, 6, 7, 8, 9, 10], [1, 2, 3, 5, 4, 6, 7, 9, 8, 10], [1, 2, 3, 5, 4, 7, 6, 8, 9, 10], [1, 2, 3, 5, 4, 7, 6, 9, 8, 10], [1, 2, 4, 3, 5, 6, 7, 8, 9, 10], [1, 2, 4, 3, 5, 6, 7, 9, 8, 10], [1, 2, 4, 3, 5, 7, 6, 8, 9, 10], [1, 2, 4, 3, 5, 7, 6, 9, 8, 10]]
Distance:107

(2)
A = 
{(1, 3, 4, 2, 5, 8, 7, 6, 9, 10), (2, 4, 3, 1, 6, 7, 5, 10, 9, 8), (3, 1, 2, 6, 5, 4, 8, 10, 7, 9), (1, 2, 3, 4, 7, 5, 6, 8, 9, 10), (2, 3, 1, 7, 5, 9, 4, 8, 6, 10), (3, 4, 5, 7, 6, 9, 2, 1, 8, 10)}
M(A) = 
[[1, 2, 3, 4, 5, 6, 7, 9, 8, 10]]
Distance: 45
B = 
{(2, 3, 9, 4, 1, 5, 6, 7, 8, 10), (1, 2, 6, 4, 5, 10, 3, 9, 8, 7), (3, 1, 2, 4, 6, 5, 9, 8, 7, 10), (1, 4, 2, 3, 5, 7, 6, 8, 10, 9), (2, 4, 1, 3, 6, 5, 8, 9, 7, 10), (1, 3, 5, 2, 4, 6, 9, 8, 7, 10)}
M(B) = 
[[1, 2, 3, 4, 5, 6, 7, 9, 8, 10]]
Distance: 35
M(A) inter A:
set()
M(B) inter B:
set()

AUB = 
{(1, 3, 4, 2, 5, 8, 7, 6, 9, 10), (2, 4, 3, 1, 6, 7, 5, 10, 9, 8), (2, 3, 9, 4, 1, 5, 6, 7, 8, 10), (1, 2, 6, 4, 5, 10, 3, 9, 8, 7), (3, 1, 2, 6, 5, 4, 8, 10, 7, 9), (3, 1, 2, 4, 6, 5, 9, 8, 7, 10), (1, 4, 2, 3, 5, 7, 6, 8, 10, 9), (2, 4, 1, 3, 6, 5, 8, 9, 7, 10), (1, 3, 5, 2, 4, 6, 9, 8, 7, 10), (1, 2, 3, 4, 7, 5, 6, 8, 9, 10), (2, 3, 1, 7, 5, 9, 4, 8, 6, 10), (3, 4, 5, 7, 6, 9, 2, 1, 8, 10)}
M(AUB) = 
[[1, 2, 3, 4, 5, 6, 7, 9, 8, 10]]
Distance:90

(3)
A = 
{(2, 4, 3, 6, 10, 5, 1, 7, 9, 8), (1, 6, 4, 2, 3, 5, 8, 7, 9, 10), (3, 2, 1, 4, 5, 7, 6, 10, 9, 8), (4, 1, 7, 3, 2, 6, 5, 8, 9, 10), (1, 4, 3, 7, 2, 8, 6, 10, 9, 5), (1, 5, 2, 3, 4, 6, 8, 10, 7, 9)}
M(A) = 
[[1, 2, 3, 4, 6, 5, 7, 8, 10, 9], [1, 2, 4, 3, 6, 5, 7, 8, 10, 9], [1, 3, 2, 4, 6, 5, 7, 8, 10, 9], [2, 1, 3, 4, 6, 5, 7, 8, 10, 9], [2, 1, 4, 3, 6, 5, 7, 8, 10, 9]]
Distance: 48
B = 
{(6, 2, 4, 5, 10, 1, 7, 3, 9, 8), (3, 2, 5, 6, 1, 8, 4, 7, 9, 10), (3, 1, 6, 2, 5, 4, 8, 7, 9, 10), (2, 1, 3, 4, 6, 7, 5, 10, 9, 8), (3, 7, 1, 2, 8, 5, 4, 6, 10, 9), (6, 4, 2, 1, 7, 3, 9, 8, 5, 10)}
M(B) = 
[[1, 2, 3, 4, 6, 5, 7, 8, 10, 9], [1, 2, 4, 3, 6, 5, 7, 8, 10, 9], [1, 3, 2, 4, 6, 5, 7, 8, 10, 9], [2, 1, 3, 4, 6, 5, 7, 8, 10, 9], [2, 1, 4, 3, 6, 5, 7, 8, 10, 9]]
Distance: 59
M(A) inter A:
set()
M(B) inter B:
set()

AUB = 
{(6, 2, 4, 5, 10, 1, 7, 3, 9, 8), (2, 4, 3, 6, 10, 5, 1, 7, 9, 8), (3, 2, 5, 6, 1, 8, 4, 7, 9, 10), (1, 6, 4, 2, 3, 5, 8, 7, 9, 10), (3, 1, 6, 2, 5, 4, 8, 7, 9, 10), (3, 2, 1, 4, 5, 7, 6, 10, 9, 8), (4, 1, 7, 3, 2, 6, 5, 8, 9, 10), (2, 1, 3, 4, 6, 7, 5, 10, 9, 8), (3, 7, 1, 2, 8, 5, 4, 6, 10, 9), (1, 4, 3, 7, 2, 8, 6, 10, 9, 5), (6, 4, 2, 1, 7, 3, 9, 8, 5, 10), (1, 5, 2, 3, 4, 6, 8, 10, 7, 9)}
M(AUB) = 
[[1, 2, 3, 4, 6, 5, 7, 8, 10, 9], [1, 2, 4, 3, 6, 5, 7, 8, 10, 9], [1, 3, 2, 4, 6, 5, 7, 8, 10, 9], [2, 1, 3, 4, 6, 5, 7, 8, 10, 9], [2, 1, 4, 3, 6, 5, 7, 8, 10, 9]]
Distance:113

(4)
A = 
{(1, 2, 4, 3, 7, 6, 10, 5, 8, 9), (3, 4, 2, 5, 1, 6, 7, 9, 8, 10), (3, 2, 4, 1, 9, 7, 6, 5, 8, 10), (2, 1, 3, 4, 7, 9, 6, 8, 5, 10), (3, 1, 2, 4, 8, 5, 9, 6, 7, 10), (1, 6, 2, 3, 4, 9, 5, 8, 10, 7)}
M(A) = 
[[1, 2, 3, 4, 5, 7, 6, 8, 9, 10], [1, 2, 3, 4, 5, 7, 6, 8, 10, 9]]
Distance: 45
B = 
{(2, 1, 4, 5, 7, 3, 6, 8, 9, 10), (3, 1, 6, 2, 5, 4, 8, 7, 10, 9), (1, 2, 4, 3, 5, 7, 10, 8, 6, 9), (1, 2, 3, 5, 4, 7, 8, 10, 6, 9), (4, 5, 1, 2, 3, 7, 6, 10, 9, 8), (4, 2, 1, 5, 7, 8, 3, 10, 6, 9)}
M(B) = 
[[1, 2, 3, 4, 5, 7, 6, 8, 9, 10], [1, 2, 3, 4, 5, 7, 6, 8, 10, 9]]
Distance: 35
M(A) inter A:
set()
M(B) inter B:
set()

AUB = 
{(1, 2, 4, 3, 7, 6, 10, 5, 8, 9), (2, 1, 4, 5, 7, 3, 6, 8, 9, 10), (3, 1, 6, 2, 5, 4, 8, 7, 10, 9), (3, 4, 2, 5, 1, 6, 7, 9, 8, 10), (1, 2, 4, 3, 5, 7, 10, 8, 6, 9), (1, 2, 3, 5, 4, 7, 8, 10, 6, 9), (4, 5, 1, 2, 3, 7, 6, 10, 9, 8), (4, 2, 1, 5, 7, 8, 3, 10, 6, 9), (3, 2, 4, 1, 9, 7, 6, 5, 8, 10), (2, 1, 3, 4, 7, 9, 6, 8, 5, 10), (3, 1, 2, 4, 8, 5, 9, 6, 7, 10), (1, 6, 2, 3, 4, 9, 5, 8, 10, 7)}
M(AUB) = 
[[1, 2, 3, 4, 5, 7, 6, 8, 9, 10], [1, 2, 3, 4, 5, 7, 6, 8, 10, 9]]
Distance:90

(5)
A = 
{(1, 3, 2, 6, 4, 5, 7, 10, 8, 9), (1, 2, 5, 8, 6, 4, 3, 10, 9, 7), (4, 2, 3, 1, 6, 5, 8, 9, 7, 10), (1, 3, 2, 5, 6, 10, 4, 9, 7, 8), (5, 4, 2, 1, 6, 9, 3, 10, 7, 8), (2, 6, 1, 4, 3, 7, 5, 8, 9, 10)}
M(A) = 
[[2, 1, 4, 3, 5, 6, 9, 7, 8, 10], [2, 1, 4, 3, 5, 6, 9, 7, 10, 8], [2, 1, 4, 3, 6, 5, 9, 7, 8, 10], [2, 1, 4, 3, 6, 5, 9, 7, 10, 8]]
Distance: 51
B = 
{(2, 1, 4, 6, 5, 3, 8, 9, 7, 10), (4, 5, 3, 2, 1, 6, 7, 9, 8, 10), (3, 1, 2, 5, 10, 4, 7, 6, 8, 9), (2, 6, 3, 10, 1, 4, 9, 8, 5, 7), (1, 2, 3, 4, 5, 7, 6, 10, 9, 8), (2, 1, 4, 3, 6, 5, 9, 8, 7, 10)}
M(B) = 
[[2, 1, 4, 3, 5, 6, 9, 7, 8, 10], [2, 1, 4, 3, 5, 6, 9, 7, 10, 8], [2, 1, 4, 3, 6, 5, 9, 7, 8, 10], [2, 1, 4, 3, 6, 5, 9, 7, 10, 8]]
Distance: 49
M(A) inter A:
set()
M(B) inter B:
{(2, 1, 4, 3, 6, 5, 9, 8, 7, 10)}

AUB = 
{(1, 3, 2, 6, 4, 5, 7, 10, 8, 9), (2, 1, 4, 6, 5, 3, 8, 9, 7, 10), (4, 5, 3, 2, 1, 6, 7, 9, 8, 10), (3, 1, 2, 5, 10, 4, 7, 6, 8, 9), (1, 2, 5, 8, 6, 4, 3, 10, 9, 7), (2, 6, 3, 10, 1, 4, 9, 8, 5, 7), (4, 2, 3, 1, 6, 5, 8, 9, 7, 10), (1, 2, 3, 4, 5, 7, 6, 10, 9, 8), (1, 3, 2, 5, 6, 10, 4, 9, 7, 8), (5, 4, 2, 1, 6, 9, 3, 10, 7, 8), (2, 6, 1, 4, 3, 7, 5, 8, 9, 10), (2, 1, 4, 3, 6, 5, 9, 8, 7, 10)}
M(AUB) = 
[[2, 1, 4, 3, 5, 6, 9, 7, 8, 10], [2, 1, 4, 3, 5, 6, 9, 7, 10, 8], [2, 1, 4, 3, 6, 5, 9, 7, 8, 10], [2, 1, 4, 3, 6, 5, 9, 7, 10, 8]]
Distance:102

(6)
A = 
{(2, 3, 1, 8, 5, 4, 6, 7, 10, 9), (3, 2, 1, 5, 4, 10, 6, 8, 7, 9), (3, 2, 8, 5, 1, 4, 7, 10, 9, 6), (1, 2, 5, 7, 4, 8, 6, 9, 10, 3), (7, 1, 3, 4, 2, 8, 9, 6, 10, 5), (4, 6, 1, 2, 5, 8, 3, 9, 10, 7)}
M(A) = 
[[1, 2, 3, 4, 5, 6, 8, 7, 9, 10]]
Distance: 62
B = 
{(1, 3, 2, 4, 6, 5, 7, 8, 9, 10), (4, 1, 2, 3, 5, 6, 9, 8, 7, 10), (4, 3, 1, 2, 8, 10, 6, 7, 9, 5), (2, 1, 3, 4, 6, 5, 8, 7, 10, 9), (1, 2, 3, 4, 5, 6, 7, 9, 8, 10), (2, 1, 3, 4, 5, 6, 7, 8, 9, 10)}
M(B) = 
[[1, 2, 3, 4, 5, 6, 8, 7, 9, 10]]
Distance: 29
M(A) inter A:
set()
M(B) inter B:
set()

AUB = 
{(2, 3, 1, 8, 5, 4, 6, 7, 10, 9), (1, 3, 2, 4, 6, 5, 7, 8, 9, 10), (4, 1, 2, 3, 5, 6, 9, 8, 7, 10), (4, 3, 1, 2, 8, 10, 6, 7, 9, 5), (3, 2, 1, 5, 4, 10, 6, 8, 7, 9), (2, 1, 3, 4, 6, 5, 8, 7, 10, 9), (3, 2, 8, 5, 1, 4, 7, 10, 9, 6), (1, 2, 3, 4, 5, 6, 7, 9, 8, 10), (2, 1, 3, 4, 5, 6, 7, 8, 9, 10), (1, 2, 5, 7, 4, 8, 6, 9, 10, 3), (7, 1, 3, 4, 2, 8, 9, 6, 10, 5), (4, 6, 1, 2, 5, 8, 3, 9, 10, 7)}
M(AUB) = 
[[1, 2, 3, 4, 5, 6, 8, 7, 9, 10]]
Distance:95

(7)
A = 
{(6, 4, 2, 5, 3, 1, 7, 9, 8, 10), (2, 1, 3, 5, 7, 4, 8, 9, 6, 10), (2, 5, 1, 4, 8, 10, 3, 9, 7, 6), (1, 2, 3, 4, 5, 6, 7, 8, 9, 10), (1, 2, 4, 6, 3, 10, 7, 5, 9, 8), (1, 2, 4, 3, 5, 6, 7, 8, 10, 9)}
M(A) = 
[[1, 2, 4, 3, 6, 5, 7, 8, 9, 10]]
Distance: 43
B = 
{(1, 4, 2, 6, 3, 5, 8, 7, 10, 9), (1, 2, 3, 4, 6, 5, 7, 8, 10, 9), (2, 1, 3, 5, 7, 4, 9, 10, 6, 8), (1, 3, 4, 2, 6, 5, 9, 8, 7, 10), (2, 4, 6, 1, 3, 5, 7, 9, 8, 10), (1, 6, 8, 4, 2, 3, 5, 7, 9, 10)}
M(B) = 
[[1, 2, 4, 3, 6, 5, 7, 8, 9, 10]]
Distance: 36
M(A) inter A:
set()
M(B) inter B:
set()

AUB = 
{(6, 4, 2, 5, 3, 1, 7, 9, 8, 10), (1, 4, 2, 6, 3, 5, 8, 7, 10, 9), (2, 1, 3, 5, 7, 4, 8, 9, 6, 10), (2, 5, 1, 4, 8, 10, 3, 9, 7, 6), (1, 2, 3, 4, 6, 5, 7, 8, 10, 9), (2, 1, 3, 5, 7, 4, 9, 10, 6, 8), (1, 3, 4, 2, 6, 5, 9, 8, 7, 10), (2, 4, 6, 1, 3, 5, 7, 9, 8, 10), (1, 6, 8, 4, 2, 3, 5, 7, 9, 10), (1, 2, 3, 4, 5, 6, 7, 8, 9, 10), (1, 2, 4, 6, 3, 10, 7, 5, 9, 8), (1, 2, 4, 3, 5, 6, 7, 8, 10, 9)}
M(AUB) = 
[[1, 2, 4, 3, 6, 5, 7, 8, 9, 10]]
Distance:81

(8)
A = 
{(4, 1, 6, 5, 2, 7, 3, 10, 9, 8), (3, 7, 2, 1, 9, 6, 4, 5, 10, 8), (3, 4, 5, 1, 2, 9, 7, 6, 8, 10), (1, 4, 2, 5, 3, 6, 7, 8, 10, 9), (1, 2, 4, 5, 9, 7, 6, 3, 8, 10), (6, 1, 3, 4, 7, 5, 9, 2, 8, 10)}
M(A) = 
[[1, 3, 2, 4, 5, 6, 7, 9, 8, 10], [1, 3, 4, 2, 5, 6, 7, 9, 8, 10], [1, 3, 4, 5, 2, 6, 7, 9, 8, 10]]
Distance: 56
B = 
{(3, 2, 1, 4, 5, 6, 8, 10, 7, 9), (1, 5, 4, 9, 3, 8, 2, 6, 10, 7), (3, 1, 5, 4, 7, 2, 6, 8, 10, 9), (3, 2, 1, 5, 8, 6, 4, 7, 9, 10), (1, 3, 2, 5, 6, 7, 4, 9, 8, 10), (5, 2, 1, 8, 7, 4, 3, 6, 9, 10)}
M(B) = 
[[1, 3, 2, 4, 5, 6, 7, 9, 8, 10], [1, 3, 4, 2, 5, 6, 7, 9, 8, 10], [1, 3, 4, 5, 2, 6, 7, 9, 8, 10]]
Distance: 45
M(A) inter A:
set()
M(B) inter B:
set()

AUB = 
{(4, 1, 6, 5, 2, 7, 3, 10, 9, 8), (3, 2, 1, 4, 5, 6, 8, 10, 7, 9), (3, 7, 2, 1, 9, 6, 4, 5, 10, 8), (1, 5, 4, 9, 3, 8, 2, 6, 10, 7), (3, 1, 5, 4, 7, 2, 6, 8, 10, 9), (3, 2, 1, 5, 8, 6, 4, 7, 9, 10), (1, 3, 2, 5, 6, 7, 4, 9, 8, 10), (3, 4, 5, 1, 2, 9, 7, 6, 8, 10), (1, 4, 2, 5, 3, 6, 7, 8, 10, 9), (1, 2, 4, 5, 9, 7, 6, 3, 8, 10), (6, 1, 3, 4, 7, 5, 9, 2, 8, 10), (5, 2, 1, 8, 7, 4, 3, 6, 9, 10)}
M(AUB) = 
[[1, 3, 2, 4, 5, 6, 7, 9, 8, 10], [1, 3, 4, 2, 5, 6, 7, 9, 8, 10], [1, 3, 4, 5, 2, 6, 7, 9, 8, 10]]
Distance:111

(9)
A = 
{(1, 3, 4, 2, 5, 6, 7, 8, 9, 10), (2, 1, 5, 9, 3, 4, 7, 8, 6, 10), (2, 1, 3, 4, 6, 8, 5, 9, 7, 10), (6, 1, 3, 2, 5, 7, 8, 10, 4, 9), (2, 1, 3, 6, 5, 4, 7, 10, 8, 9), (1, 3, 2, 6, 4, 5, 8, 10, 7, 9)}
M(A) = 
[[1, 3, 2, 4, 5, 6, 7, 8, 9, 10], [1, 3, 2, 5, 4, 6, 7, 8, 9, 10]]
Distance: 38
B = 
{(3, 4, 1, 5, 2, 7, 6, 9, 10, 8), (1, 4, 5, 2, 3, 9, 6, 7, 10, 8), (3, 1, 5, 6, 2, 4, 10, 8, 9, 7), (1, 3, 2, 4, 5, 6, 7, 8, 9, 10), (3, 2, 1, 10, 5, 6, 4, 7, 9, 8), (1, 5, 9, 3, 2, 4, 8, 7, 6, 10)}
M(B) = 
[[1, 3, 2, 4, 5, 6, 7, 8, 9, 10], [1, 3, 2, 5, 4, 6, 7, 8, 9, 10]]
Distance: 43
M(A) inter A:
set()
M(B) inter B:
set()

AUB = 
{(1, 3, 4, 2, 5, 6, 7, 8, 9, 10), (2, 1, 5, 9, 3, 4, 7, 8, 6, 10), (3, 4, 1, 5, 2, 7, 6, 9, 10, 8), (1, 4, 5, 2, 3, 9, 6, 7, 10, 8), (3, 1, 5, 6, 2, 4, 10, 8, 9, 7), (2, 1, 3, 4, 6, 8, 5, 9, 7, 10), (1, 3, 2, 4, 5, 6, 7, 8, 9, 10), (6, 1, 3, 2, 5, 7, 8, 10, 4, 9), (2, 1, 3, 6, 5, 4, 7, 10, 8, 9), (1, 3, 2, 6, 4, 5, 8, 10, 7, 9), (3, 2, 1, 10, 5, 6, 4, 7, 9, 8), (1, 5, 9, 3, 2, 4, 8, 7, 6, 10)}
M(AUB) = 
[[1, 3, 2, 4, 5, 6, 7, 8, 9, 10], [1, 3, 2, 5, 4, 6, 7, 8, 9, 10]]
Distance:89

(10)
A = 
{(2, 3, 4, 1, 5, 10, 6, 7, 8, 9), (2, 4, 1, 6, 3, 5, 7, 10, 8, 9), (1, 3, 4, 2, 6, 5, 7, 9, 10, 8), (2, 4, 1, 5, 3, 6, 8, 7, 9, 10), (2, 1, 5, 4, 3, 6, 8, 7, 9, 10), (1, 2, 6, 5, 4, 7, 3, 9, 10, 8)}
M(A) = 
[[2, 1, 3, 4, 5, 6, 7, 8, 9, 10], [2, 1, 4, 3, 5, 6, 7, 8, 9, 10], [2, 4, 1, 3, 5, 6, 7, 8, 9, 10]]
Distance: 34
B = 
{(4, 2, 1, 3, 5, 6, 9, 7, 8, 10), (1, 3, 5, 2, 4, 6, 8, 7, 10, 9), (1, 2, 3, 5, 10, 6, 4, 8, 9, 7), (4, 6, 7, 2, 1, 5, 3, 8, 10, 9), (3, 2, 5, 7, 8, 1, 4, 9, 6, 10), (3, 2, 4, 7, 8, 1, 5, 6, 9, 10)}
M(B) = 
[[2, 1, 3, 4, 5, 6, 7, 8, 9, 10], [2, 1, 4, 3, 5, 6, 7, 8, 9, 10], [2, 4, 1, 3, 5, 6, 7, 8, 9, 10]]
Distance: 54
M(A) inter A:
set()
M(B) inter B:
set()

AUB = 
{(2, 3, 4, 1, 5, 10, 6, 7, 8, 9), (4, 2, 1, 3, 5, 6, 9, 7, 8, 10), (1, 3, 5, 2, 4, 6, 8, 7, 10, 9), (2, 4, 1, 6, 3, 5, 7, 10, 8, 9), (1, 2, 3, 5, 10, 6, 4, 8, 9, 7), (1, 3, 4, 2, 6, 5, 7, 9, 10, 8), (4, 6, 7, 2, 1, 5, 3, 8, 10, 9), (3, 2, 5, 7, 8, 1, 4, 9, 6, 10), (2, 4, 1, 5, 3, 6, 8, 7, 9, 10), (2, 1, 5, 4, 3, 6, 8, 7, 9, 10), (1, 2, 6, 5, 4, 7, 3, 9, 10, 8), (3, 2, 4, 7, 8, 1, 5, 6, 9, 10)}
M(AUB) = 
[[2, 1, 3, 4, 5, 6, 7, 8, 9, 10], [2, 1, 4, 3, 5, 6, 7, 8, 9, 10], [2, 4, 1, 3, 5, 6, 7, 8, 9, 10]]
Distance:90

(11)
A = 
{(2, 4, 1, 3, 5, 7, 6, 8, 9, 10), (2, 4, 1, 5, 7, 3, 6, 9, 8, 10), (3, 4, 2, 1, 7, 5, 6, 8, 9, 10), (1, 2, 3, 4, 5, 6, 7, 8, 9, 10), (1, 2, 3, 4, 5, 7, 6, 8, 9, 10), (2, 1, 6, 4, 3, 9, 7, 10, 5, 8)}
M(A) = 
[[2, 1, 3, 4, 5, 7, 6, 8, 9, 10], [2, 1, 3, 4, 5, 7, 6, 9, 8, 10]]
Distance: 26
B = 
{(2, 1, 3, 10, 4, 7, 6, 9, 8, 5), (1, 4, 2, 3, 9, 5, 10, 8, 7, 6), (2, 3, 4, 1, 10, 6, 9, 8, 5, 7), (10, 2, 5, 1, 4, 7, 6, 3, 9, 8), (3, 5, 2, 1, 8, 6, 4, 7, 9, 10), (1, 5, 2, 6, 3, 4, 8, 9, 10, 7)}
M(B) = 
[[2, 1, 3, 4, 5, 7, 6, 8, 9, 10], [2, 1, 3, 4, 5, 7, 6, 9, 8, 10]]
Distance: 61
M(A) inter A:
set()
M(B) inter B:
set()

AUB = 
{(2, 4, 1, 3, 5, 7, 6, 8, 9, 10), (2, 1, 3, 10, 4, 7, 6, 9, 8, 5), (2, 4, 1, 5, 7, 3, 6, 9, 8, 10), (1, 4, 2, 3, 9, 5, 10, 8, 7, 6), (2, 3, 4, 1, 10, 6, 9, 8, 5, 7), (10, 2, 5, 1, 4, 7, 6, 3, 9, 8), (3, 4, 2, 1, 7, 5, 6, 8, 9, 10), (3, 5, 2, 1, 8, 6, 4, 7, 9, 10), (1, 2, 3, 4, 5, 6, 7, 8, 9, 10), (1, 2, 3, 4, 5, 7, 6, 8, 9, 10), (2, 1, 6, 4, 3, 9, 7, 10, 5, 8), (1, 5, 2, 6, 3, 4, 8, 9, 10, 7)}
M(AUB) = 
[[2, 1, 3, 4, 5, 7, 6, 8, 9, 10], [2, 1, 3, 4, 5, 7, 6, 9, 8, 10]]
Distance:99

(12)
A = 
{(1, 7, 5, 3, 2, 4, 6, 9, 10, 8), (5, 2, 1, 3, 8, 4, 7, 6, 10, 9), (5, 1, 4, 9, 2, 7, 6, 10, 8, 3), (3, 2, 4, 1, 7, 5, 6, 9, 10, 8), (1, 2, 3, 4, 7, 5, 6, 8, 9, 10), (1, 2, 3, 5, 4, 6, 9, 7, 8, 10)}
M(A) = 
[[1, 2, 3, 5, 4, 7, 6, 8, 9, 10], [2, 1, 3, 5, 4, 7, 6, 8, 9, 10]]
Distance: 43
B = 
{(2, 4, 1, 3, 5, 6, 7, 8, 9, 10), (3, 1, 2, 5, 6, 10, 4, 7, 8, 9), (5, 2, 3, 4, 7, 1, 8, 6, 10, 9), (4, 6, 3, 1, 2, 7, 5, 9, 8, 10), (2, 4, 7, 1, 3, 5, 10, 8, 6, 9), (8, 2, 1, 5, 4, 6, 3, 7, 10, 9)}
M(B) = 
[[1, 2, 3, 5, 4, 7, 6, 8, 9, 10], [2, 1, 3, 5, 4, 7, 6, 8, 9, 10]]
Distance: 49
M(A) inter A:
set()
M(B) inter B:
set()

AUB = 
{(2, 4, 1, 3, 5, 6, 7, 8, 9, 10), (1, 7, 5, 3, 2, 4, 6, 9, 10, 8), (5, 2, 1, 3, 8, 4, 7, 6, 10, 9), (3, 1, 2, 5, 6, 10, 4, 7, 8, 9), (5, 2, 3, 4, 7, 1, 8, 6, 10, 9), (5, 1, 4, 9, 2, 7, 6, 10, 8, 3), (3, 2, 4, 1, 7, 5, 6, 9, 10, 8), (4, 6, 3, 1, 2, 7, 5, 9, 8, 10), (2, 4, 7, 1, 3, 5, 10, 8, 6, 9), (1, 2, 3, 4, 7, 5, 6, 8, 9, 10), (1, 2, 3, 5, 4, 6, 9, 7, 8, 10), (8, 2, 1, 5, 4, 6, 3, 7, 10, 9)}
M(AUB) = 
[[1, 2, 3, 5, 4, 7, 6, 8, 9, 10], [2, 1, 3, 5, 4, 7, 6, 8, 9, 10]]
Distance:104

(13)
A = 
{(3, 1, 4, 6, 2, 5, 7, 10, 9, 8), (4, 2, 1, 3, 9, 5, 10, 7, 6, 8), (3, 8, 4, 1, 5, 9, 2, 6, 7, 10), (6, 4, 3, 1, 7, 2, 5, 8, 10, 9), (2, 3, 4, 5, 1, 6, 8, 7, 9, 10), (2, 1, 4, 3, 5, 7, 6, 9, 8, 10)}
M(A) = 
[[2, 1, 4, 3, 5, 6, 7, 8, 9, 10], [2, 4, 1, 3, 5, 6, 7, 8, 9, 10], [2, 4, 3, 1, 5, 6, 7, 8, 9, 10]]
Distance: 50
B = 
{(2, 1, 4, 3, 7, 5, 8, 9, 10, 6), (1, 2, 3, 5, 4, 7, 8, 6, 9, 10), (2, 4, 3, 6, 5, 1, 9, 7, 10, 8), (2, 1, 6, 5, 4, 8, 9, 3, 7, 10), (2, 3, 7, 1, 5, 4, 8, 9, 6, 10), (4, 1, 8, 2, 5, 6, 3, 7, 9, 10)}
M(B) = 
[[2, 1, 4, 3, 5, 6, 7, 8, 9, 10], [2, 4, 1, 3, 5, 6, 7, 8, 9, 10], [2, 4, 3, 1, 5, 6, 7, 8, 9, 10]]
Distance: 44
M(A) inter A:
set()
M(B) inter B:
set()

AUB = 
{(2, 1, 4, 3, 7, 5, 8, 9, 10, 6), (3, 1, 4, 6, 2, 5, 7, 10, 9, 8), (1, 2, 3, 5, 4, 7, 8, 6, 9, 10), (4, 2, 1, 3, 9, 5, 10, 7, 6, 8), (3, 8, 4, 1, 5, 9, 2, 6, 7, 10), (6, 4, 3, 1, 7, 2, 5, 8, 10, 9), (2, 4, 3, 6, 5, 1, 9, 7, 10, 8), (2, 3, 4, 5, 1, 6, 8, 7, 9, 10), (2, 1, 6, 5, 4, 8, 9, 3, 7, 10), (2, 1, 4, 3, 5, 7, 6, 9, 8, 10), (2, 3, 7, 1, 5, 4, 8, 9, 6, 10), (4, 1, 8, 2, 5, 6, 3, 7, 9, 10)}
M(AUB) = 
[[2, 1, 4, 3, 5, 6, 7, 8, 9, 10], [2, 4, 1, 3, 5, 6, 7, 8, 9, 10], [2, 4, 3, 1, 5, 6, 7, 8, 9, 10]]
Distance:102

(14)
A = 
{(1, 2, 4, 3, 6, 9, 5, 8, 7, 10), (1, 4, 3, 2, 9, 6, 10, 5, 7, 8), (5, 1, 3, 2, 4, 7, 6, 10, 9, 8), (3, 5, 1, 2, 6, 9, 7, 8, 4, 10), (4, 2, 1, 3, 6, 5, 8, 10, 7, 9), (1, 5, 2, 3, 4, 8, 10, 6, 7, 9)}
M(A) = 
[[1, 2, 3, 4, 5, 6, 7, 8, 9, 10], [1, 2, 3, 4, 5, 6, 7, 9, 8, 10], [1, 2, 3, 4, 5, 7, 6, 8, 9, 10], [1, 2, 3, 4, 5, 7, 6, 9, 8, 10], [1, 2, 3, 5, 4, 6, 7, 8, 9, 10], [1, 2, 3, 5, 4, 6, 7, 9, 8, 10], [1, 2, 3, 5, 4, 7, 6, 8, 9, 10], [1, 2, 3, 5, 4, 7, 6, 9, 8, 10]]
Distance: 51
B = 
{(5, 2, 1, 3, 7, 4, 10, 6, 8, 9), (2, 4, 1, 3, 7, 6, 5, 8, 9, 10), (5, 1, 3, 2, 7, 6, 9, 4, 10, 8), (7, 3, 1, 5, 10, 6, 2, 4, 8, 9), (6, 2, 1, 3, 4, 5, 7, 9, 8, 10), (2, 1, 3, 4, 5, 8, 7, 6, 9, 10)}
M(B) = 
[[1, 2, 3, 4, 5, 6, 7, 8, 9, 10], [1, 2, 3, 4, 5, 6, 7, 9, 8, 10], [1, 2, 3, 4, 5, 7, 6, 8, 9, 10], [1, 2, 3, 4, 5, 7, 6, 9, 8, 10], [1, 2, 3, 5, 4, 6, 7, 8, 9, 10], [1, 2, 3, 5, 4, 6, 7, 9, 8, 10], [1, 2, 3, 5, 4, 7, 6, 8, 9, 10], [1, 2, 3, 5, 4, 7, 6, 9, 8, 10]]
Distance: 49
M(A) inter A:
set()
M(B) inter B:
set()

AUB = 
{(5, 2, 1, 3, 7, 4, 10, 6, 8, 9), (2, 4, 1, 3, 7, 6, 5, 8, 9, 10), (1, 2, 4, 3, 6, 9, 5, 8, 7, 10), (5, 1, 3, 2, 7, 6, 9, 4, 10, 8), (7, 3, 1, 5, 10, 6, 2, 4, 8, 9), (1, 4, 3, 2, 9, 6, 10, 5, 7, 8), (5, 1, 3, 2, 4, 7, 6, 10, 9, 8), (3, 5, 1, 2, 6, 9, 7, 8, 4, 10), (6, 2, 1, 3, 4, 5, 7, 9, 8, 10), (2, 1, 3, 4, 5, 8, 7, 6, 9, 10), (4, 2, 1, 3, 6, 5, 8, 10, 7, 9), (1, 5, 2, 3, 4, 8, 10, 6, 7, 9)}
M(AUB) = 
[[1, 2, 3, 4, 5, 6, 7, 8, 9, 10], [1, 2, 3, 4, 5, 6, 7, 9, 8, 10], [1, 2, 3, 4, 5, 7, 6, 8, 9, 10], [1, 2, 3, 4, 5, 7, 6, 9, 8, 10], [1, 2, 3, 5, 4, 6, 7, 8, 9, 10], [1, 2, 3, 5, 4, 6, 7, 9, 8, 10], [1, 2, 3, 5, 4, 7, 6, 8, 9, 10], [1, 2, 3, 5, 4, 7, 6, 9, 8, 10]]
Distance:108

(15)
A = 
{(2, 4, 1, 3, 6, 9, 8, 7, 5, 10), (4, 3, 1, 2, 5, 9, 7, 8, 10, 6), (2, 1, 4, 3, 5, 7, 8, 6, 9, 10), (3, 1, 4, 5, 2, 8, 6, 9, 10, 7), (3, 2, 4, 1, 5, 6, 8, 10, 7, 9), (1, 3, 2, 5, 8, 9, 4, 10, 7, 6)}
M(A) = 
[[1, 3, 2, 4, 5, 7, 8, 6, 9, 10], [3, 1, 2, 4, 5, 7, 8, 6, 9, 10], [3, 2, 1, 4, 5, 7, 8, 6, 9, 10]]
Distance: 43
B = 
{(3, 2, 1, 9, 5, 7, 6, 10, 4, 8), (2, 3, 1, 4, 9, 6, 7, 5, 10, 8), (4, 1, 2, 8, 3, 5, 6, 10, 9, 7), (1, 3, 2, 4, 7, 8, 10, 6, 9, 5), (3, 1, 2, 4, 7, 5, 8, 10, 6, 9), (2, 1, 5, 3, 4, 10, 7, 6, 8, 9)}
M(B) = 
[[1, 3, 2, 4, 5, 7, 8, 6, 9, 10], [3, 1, 2, 4, 5, 7, 8, 6, 9, 10], [3, 2, 1, 4, 5, 7, 8, 6, 9, 10]]
Distance: 54
M(A) inter A:
set()
M(B) inter B:
{(3, 1, 2, 4, 7, 5, 8, 10, 6, 9)}

AUB = 
{(3, 2, 1, 9, 5, 7, 6, 10, 4, 8), (2, 4, 1, 3, 6, 9, 8, 7, 5, 10), (4, 3, 1, 2, 5, 9, 7, 8, 10, 6), (2, 3, 1, 4, 9, 6, 7, 5, 10, 8), (4, 1, 2, 8, 3, 5, 6, 10, 9, 7), (1, 3, 2, 4, 7, 8, 10, 6, 9, 5), (2, 1, 4, 3, 5, 7, 8, 6, 9, 10), (3, 1, 2, 4, 7, 5, 8, 10, 6, 9), (2, 1, 5, 3, 4, 10, 7, 6, 8, 9), (3, 1, 4, 5, 2, 8, 6, 9, 10, 7), (3, 2, 4, 1, 5, 6, 8, 10, 7, 9), (1, 3, 2, 5, 8, 9, 4, 10, 7, 6)}
M(AUB) = 
[[1, 3, 2, 4, 5, 7, 8, 6, 9, 10], [3, 1, 2, 4, 5, 7, 8, 6, 9, 10], [3, 2, 1, 4, 5, 7, 8, 6, 9, 10]]
Distance:103

(16)
A = 
{(5, 2, 9, 3, 1, 10, 7, 8, 4, 6), (1, 3, 2, 4, 5, 6, 7, 8, 9, 10), (1, 4, 2, 3, 5, 9, 7, 6, 8, 10), (1, 3, 6, 2, 5, 7, 4, 8, 9, 10), (3, 1, 2, 4, 6, 5, 7, 8, 9, 10), (3, 8, 2, 4, 10, 1, 6, 5, 9, 7)}
M(A) = 
[[1, 2, 3, 4, 5, 6, 7, 8, 9, 10]]
Distance: 51
B = 
{(5, 1, 3, 2, 8, 6, 9, 4, 10, 7), (6, 1, 2, 3, 9, 4, 10, 7, 5, 8), (2, 3, 4, 1, 5, 8, 6, 10, 7, 9), (1, 2, 5, 4, 3, 6, 9, 10, 8, 7), (1, 2, 3, 4, 5, 6, 7, 8, 9, 10), (2, 1, 3, 4, 6, 5, 7, 8, 9, 10)}
M(B) = 
[[1, 2, 3, 4, 5, 6, 7, 8, 9, 10]]
Distance: 40
M(A) inter A:
set()
M(B) inter B:
set()

AUB = 
{(5, 2, 9, 3, 1, 10, 7, 8, 4, 6), (1, 3, 2, 4, 5, 6, 7, 8, 9, 10), (5, 1, 3, 2, 8, 6, 9, 4, 10, 7), (1, 4, 2, 3, 5, 9, 7, 6, 8, 10), (6, 1, 2, 3, 9, 4, 10, 7, 5, 8), (2, 3, 4, 1, 5, 8, 6, 10, 7, 9), (1, 2, 5, 4, 3, 6, 9, 10, 8, 7), (1, 3, 6, 2, 5, 7, 4, 8, 9, 10), (1, 2, 3, 4, 5, 6, 7, 8, 9, 10), (2, 1, 3, 4, 6, 5, 7, 8, 9, 10), (3, 1, 2, 4, 6, 5, 7, 8, 9, 10), (3, 8, 2, 4, 10, 1, 6, 5, 9, 7)}
M(AUB) = 
[[1, 2, 3, 4, 5, 6, 7, 8, 9, 10]]
Distance:95

(17)
A = 
{(2, 3, 1, 4, 6, 5, 8, 7, 10, 9), (2, 3, 5, 1, 8, 10, 4, 7, 9, 6), (4, 1, 3, 2, 6, 5, 10, 7, 8, 9), (3, 1, 2, 5, 10, 6, 7, 4, 9, 8), (2, 4, 3, 1, 5, 6, 8, 9, 10, 7), (2, 3, 1, 4, 6, 5, 8, 9, 10, 7)}
M(A) = 
[[1, 2, 3, 4, 5, 6, 7, 8, 10, 9], [1, 2, 3, 4, 5, 6, 7, 10, 8, 9], [1, 2, 4, 3, 5, 6, 7, 8, 10, 9], [1, 2, 4, 3, 5, 6, 7, 10, 8, 9]]
Distance: 36
B = 
{(2, 1, 4, 5, 3, 6, 7, 8, 9, 10), (1, 7, 2, 3, 5, 6, 4, 8, 10, 9), (1, 3, 2, 5, 7, 4, 10, 9, 6, 8), (1, 2, 4, 3, 6, 5, 7, 10, 9, 8), (1, 4, 5, 7, 9, 3, 2, 10, 8, 6), (1, 4, 2, 7, 3, 9, 10, 5, 6, 8)}
M(B) = 
[[1, 2, 3, 4, 5, 6, 7, 8, 10, 9], [1, 2, 3, 4, 5, 6, 7, 10, 8, 9], [1, 2, 4, 3, 5, 6, 7, 8, 10, 9], [1, 2, 4, 3, 5, 6, 7, 10, 8, 9]]
Distance: 43
M(A) inter A:
set()
M(B) inter B:
set()

AUB = 
{(2, 3, 1, 4, 6, 5, 8, 7, 10, 9), (2, 1, 4, 5, 3, 6, 7, 8, 9, 10), (2, 3, 5, 1, 8, 10, 4, 7, 9, 6), (4, 1, 3, 2, 6, 5, 10, 7, 8, 9), (1, 7, 2, 3, 5, 6, 4, 8, 10, 9), (1, 3, 2, 5, 7, 4, 10, 9, 6, 8), (3, 1, 2, 5, 10, 6, 7, 4, 9, 8), (1, 2, 4, 3, 6, 5, 7, 10, 9, 8), (2, 4, 3, 1, 5, 6, 8, 9, 10, 7), (1, 4, 5, 7, 9, 3, 2, 10, 8, 6), (2, 3, 1, 4, 6, 5, 8, 9, 10, 7), (1, 4, 2, 7, 3, 9, 10, 5, 6, 8)}
M(AUB) = 
[[1, 2, 3, 4, 5, 6, 7, 8, 10, 9], [1, 2, 3, 4, 5, 6, 7, 10, 8, 9], [1, 2, 4, 3, 5, 6, 7, 8, 10, 9], [1, 2, 4, 3, 5, 6, 7, 10, 8, 9]]
Distance:99

(18)
A = 
{(1, 3, 6, 2, 7, 5, 4, 8, 10, 9), (2, 1, 4, 5, 7, 10, 3, 6, 8, 9), (1, 2, 3, 4, 5, 6, 7, 8, 9, 10), (1, 3, 2, 4, 6, 5, 9, 8, 7, 10), (3, 1, 2, 7, 5, 6, 4, 9, 8, 10), (1, 7, 4, 5, 6, 2, 3, 10, 9, 8)}
M(A) = 
[[1, 2, 3, 4, 5, 6, 7, 8, 10, 9], [1, 2, 4, 3, 5, 6, 7, 8, 10, 9]]
Distance: 44
B = 
{(2, 10, 6, 1, 4, 3, 9, 8, 5, 7), (1, 2, 3, 4, 5, 7, 6, 8, 10, 9), (1, 5, 2, 3, 6, 8, 4, 7, 10, 9), (1, 2, 4, 5, 6, 3, 7, 10, 9, 8), (4, 2, 1, 6, 3, 5, 7, 9, 8, 10), (1, 4, 2, 5, 3, 6, 7, 8, 9, 10)}
M(B) = 
[[1, 2, 3, 4, 5, 6, 7, 8, 10, 9], [1, 2, 4, 3, 5, 6, 7, 8, 10, 9]]
Distance: 40
M(A) inter A:
set()
M(B) inter B:
set()

AUB = 
{(2, 10, 6, 1, 4, 3, 9, 8, 5, 7), (1, 3, 6, 2, 7, 5, 4, 8, 10, 9), (1, 2, 3, 4, 5, 7, 6, 8, 10, 9), (1, 5, 2, 3, 6, 8, 4, 7, 10, 9), (2, 1, 4, 5, 7, 10, 3, 6, 8, 9), (1, 2, 3, 4, 5, 6, 7, 8, 9, 10), (1, 3, 2, 4, 6, 5, 9, 8, 7, 10), (1, 2, 4, 5, 6, 3, 7, 10, 9, 8), (4, 2, 1, 6, 3, 5, 7, 9, 8, 10), (3, 1, 2, 7, 5, 6, 4, 9, 8, 10), (1, 4, 2, 5, 3, 6, 7, 8, 9, 10), (1, 7, 4, 5, 6, 2, 3, 10, 9, 8)}
M(AUB) = 
[[1, 2, 3, 4, 5, 6, 7, 8, 10, 9], [1, 2, 4, 3, 5, 6, 7, 8, 10, 9]]
Distance:86

(19)
A = 
{(1, 6, 5, 4, 3, 7, 8, 2, 10, 9), (1, 2, 5, 3, 6, 4, 9, 7, 8, 10), (6, 1, 5, 4, 3, 7, 10, 2, 8, 9), (5, 1, 2, 3, 4, 6, 7, 10, 8, 9), (2, 1, 3, 4, 6, 5, 7, 8, 9, 10), (4, 1, 3, 7, 5, 2, 8, 9, 10, 6)}
M(A) = 
[[1, 2, 3, 4, 6, 5, 7, 8, 9, 10], [1, 2, 3, 6, 4, 5, 7, 8, 9, 10], [1, 2, 3, 6, 5, 4, 7, 8, 9, 10], [1, 3, 2, 4, 6, 5, 7, 8, 9, 10], [1, 3, 2, 6, 4, 5, 7, 8, 9, 10], [1, 3, 2, 6, 5, 4, 7, 8, 9, 10]]
Distance: 46
B = 
{(3, 2, 6, 4, 5, 1, 7, 8, 9, 10), (1, 2, 4, 6, 5, 7, 3, 10, 9, 8), (4, 1, 2, 3, 7, 5, 9, 6, 10, 8), (3, 2, 1, 6, 5, 10, 4, 9, 8, 7), (2, 1, 5, 3, 6, 4, 7, 8, 9, 10), (3, 1, 4, 2, 9, 7, 6, 5, 10, 8)}
M(B) = 
[[1, 2, 3, 4, 6, 5, 7, 8, 9, 10], [1, 2, 3, 6, 4, 5, 7, 8, 9, 10], [1, 2, 3, 6, 5, 4, 7, 8, 9, 10], [1, 3, 2, 4, 6, 5, 7, 8, 9, 10], [1, 3, 2, 6, 4, 5, 7, 8, 9, 10], [1, 3, 2, 6, 5, 4, 7, 8, 9, 10]]
Distance: 46
M(A) inter A:
set()
M(B) inter B:
set()

AUB = 
{(3, 2, 6, 4, 5, 1, 7, 8, 9, 10), (1, 2, 4, 6, 5, 7, 3, 10, 9, 8), (1, 6, 5, 4, 3, 7, 8, 2, 10, 9), (4, 1, 2, 3, 7, 5, 9, 6, 10, 8), (1, 2, 5, 3, 6, 4, 9, 7, 8, 10), (6, 1, 5, 4, 3, 7, 10, 2, 8, 9), (3, 2, 1, 6, 5, 10, 4, 9, 8, 7), (5, 1, 2, 3, 4, 6, 7, 10, 8, 9), (2, 1, 3, 4, 6, 5, 7, 8, 9, 10), (2, 1, 5, 3, 6, 4, 7, 8, 9, 10), (3, 1, 4, 2, 9, 7, 6, 5, 10, 8), (4, 1, 3, 7, 5, 2, 8, 9, 10, 6)}
M(AUB) = 
[[1, 2, 3, 4, 6, 5, 7, 8, 9, 10], [1, 2, 3, 6, 4, 5, 7, 8, 9, 10], [1, 2, 3, 6, 5, 4, 7, 8, 9, 10], [1, 3, 2, 4, 6, 5, 7, 8, 9, 10], [1, 3, 2, 6, 4, 5, 7, 8, 9, 10], [1, 3, 2, 6, 5, 4, 7, 8, 9, 10]]
Distance:102

(20)
A = 
{(9, 4, 3, 5, 10, 1, 2, 6, 8, 7), (4, 2, 7, 1, 9, 5, 8, 3, 6, 10), (2, 3, 1, 5, 8, 9, 6, 4, 10, 7), (2, 1, 3, 4, 6, 8, 5, 7, 9, 10), (2, 1, 3, 7, 5, 6, 4, 8, 10, 9), (6, 1, 2, 3, 5, 4, 8, 9, 7, 10)}
M(A) = 
[[1, 2, 3, 5, 4, 6, 8, 7, 9, 10], [1, 2, 3, 5, 4, 6, 7, 8, 9, 10], [2, 1, 3, 5, 4, 6, 8, 7, 9, 10], [2, 1, 3, 5, 4, 6, 7, 8, 9, 10]]
Distance: 62
B = 
{(5, 3, 6, 1, 4, 2, 8, 7, 10, 9), (2, 1, 5, 3, 4, 7, 8, 9, 10, 6), (1, 2, 3, 4, 5, 6, 7, 8, 9, 10), (4, 3, 1, 6, 10, 2, 8, 7, 9, 5), (1, 2, 5, 4, 3, 6, 7, 8, 10, 9), (2, 3, 1, 5, 4, 10, 6, 7, 8, 9)}
M(B) = 
[[1, 2, 3, 5, 4, 6, 8, 7, 9, 10], [1, 2, 3, 5, 4, 6, 7, 8, 9, 10], [2, 1, 3, 5, 4, 6, 8, 7, 9, 10], [2, 1, 3, 5, 4, 6, 7, 8, 9, 10]]
Distance: 42
M(A) inter A:
set()
M(B) inter B:
set()

AUB = 
{(5, 3, 6, 1, 4, 2, 8, 7, 10, 9), (9, 4, 3, 5, 10, 1, 2, 6, 8, 7), (4, 2, 7, 1, 9, 5, 8, 3, 6, 10), (2, 3, 1, 5, 8, 9, 6, 4, 10, 7), (2, 1, 5, 3, 4, 7, 8, 9, 10, 6), (2, 1, 3, 4, 6, 8, 5, 7, 9, 10), (2, 1, 3, 7, 5, 6, 4, 8, 10, 9), (6, 1, 2, 3, 5, 4, 8, 9, 7, 10), (1, 2, 3, 4, 5, 6, 7, 8, 9, 10), (4, 3, 1, 6, 10, 2, 8, 7, 9, 5), (1, 2, 5, 4, 3, 6, 7, 8, 10, 9), (2, 3, 1, 5, 4, 10, 6, 7, 8, 9)}
M(AUB) = 
[[1, 2, 3, 5, 4, 6, 8, 7, 9, 10], [1, 2, 3, 5, 4, 6, 7, 8, 9, 10], [2, 1, 3, 5, 4, 6, 8, 7, 9, 10], [2, 1, 3, 5, 4, 6, 7, 8, 9, 10]]
Distance:110

(21)
A = 
{(2, 4, 5, 6, 3, 7, 10, 1, 8, 9), (2, 1, 5, 4, 3, 6, 7, 9, 8, 10), (3, 1, 5, 4, 2, 8, 7, 6, 9, 10), (2, 1, 3, 5, 6, 4, 7, 10, 8, 9), (4, 2, 1, 3, 7, 9, 5, 10, 6, 8), (1, 2, 3, 4, 5, 8, 6, 7, 9, 10)}
M(A) = 
[[1, 2, 3, 4, 5, 7, 6, 9, 10, 8]]
Distance: 41
B = 
{(1, 2, 3, 5, 4, 7, 10, 6, 9, 8), (1, 2, 3, 4, 5, 9, 7, 6, 10, 8), (1, 3, 2, 4, 5, 7, 6, 10, 8, 9), (3, 1, 2, 9, 6, 7, 4, 8, 5, 10), (1, 2, 5, 9, 3, 7, 4, 10, 8, 6), (2, 1, 3, 4, 5, 7, 6, 8, 9, 10)}
M(B) = 
[[1, 2, 3, 4, 5, 7, 6, 9, 10, 8]]
Distance: 33
M(A) inter A:
set()
M(B) inter B:
{(1, 2, 3, 4, 5, 9, 7, 6, 10, 8)}

AUB = 
{(2, 4, 5, 6, 3, 7, 10, 1, 8, 9), (2, 1, 5, 4, 3, 6, 7, 9, 8, 10), (3, 1, 5, 4, 2, 8, 7, 6, 9, 10), (2, 1, 3, 5, 6, 4, 7, 10, 8, 9), (1, 2, 3, 5, 4, 7, 10, 6, 9, 8), (4, 2, 1, 3, 7, 9, 5, 10, 6, 8), (1, 2, 3, 4, 5, 9, 7, 6, 10, 8), (1, 3, 2, 4, 5, 7, 6, 10, 8, 9), (1, 2, 3, 4, 5, 8, 6, 7, 9, 10), (3, 1, 2, 9, 6, 7, 4, 8, 5, 10), (1, 2, 5, 9, 3, 7, 4, 10, 8, 6), (2, 1, 3, 4, 5, 7, 6, 8, 9, 10)}
M(AUB) = 
[[1, 2, 3, 4, 5, 7, 6, 9, 10, 8]]
Distance:80

(22)
A = 
{(5, 1, 2, 4, 7, 9, 10, 3, 6, 8), (1, 3, 6, 5, 4, 8, 2, 7, 10, 9), (1, 2, 3, 4, 5, 6, 7, 9, 10, 8), (1, 3, 2, 4, 5, 6, 8, 10, 7, 9), (2, 1, 5, 3, 6, 7, 8, 4, 9, 10), (1, 4, 3, 2, 5, 7, 8, 6, 9, 10)}
M(A) = 
[[1, 2, 3, 4, 5, 6, 8, 7, 9, 10], [1, 2, 3, 4, 5, 6, 7, 8, 9, 10], [1, 2, 3, 5, 4, 6, 8, 7, 9, 10], [1, 2, 3, 5, 4, 6, 7, 8, 9, 10]]
Distance: 40
B = 
{(4, 1, 3, 2, 6, 7, 5, 8, 9, 10), (3, 1, 2, 5, 6, 4, 8, 7, 9, 10), (2, 3, 5, 1, 8, 7, 4, 9, 10, 6), (1, 2, 3, 4, 5, 6, 7, 8, 9, 10), (4, 2, 3, 10, 1, 8, 7, 9, 6, 5), (2, 1, 6, 5, 3, 9, 4, 10, 8, 7)}
M(B) = 
[[1, 2, 3, 4, 5, 6, 8, 7, 9, 10], [1, 2, 3, 4, 5, 6, 7, 8, 9, 10], [1, 2, 3, 5, 4, 6, 8, 7, 9, 10], [1, 2, 3, 5, 4, 6, 7, 8, 9, 10]]
Distance: 51
M(A) inter A:
set()
M(B) inter B:
set()

AUB = 
{(4, 1, 3, 2, 6, 7, 5, 8, 9, 10), (5, 1, 2, 4, 7, 9, 10, 3, 6, 8), (1, 3, 6, 5, 4, 8, 2, 7, 10, 9), (1, 2, 3, 4, 5, 6, 7, 9, 10, 8), (3, 1, 2, 5, 6, 4, 8, 7, 9, 10), (1, 3, 2, 4, 5, 6, 8, 10, 7, 9), (2, 1, 5, 3, 6, 7, 8, 4, 9, 10), (2, 3, 5, 1, 8, 7, 4, 9, 10, 6), (1, 2, 3, 4, 5, 6, 7, 8, 9, 10), (4, 2, 3, 10, 1, 8, 7, 9, 6, 5), (2, 1, 6, 5, 3, 9, 4, 10, 8, 7), (1, 4, 3, 2, 5, 7, 8, 6, 9, 10)}
M(AUB) = 
[[1, 2, 3, 4, 5, 6, 8, 7, 9, 10], [1, 2, 3, 4, 5, 6, 7, 8, 9, 10], [1, 2, 3, 5, 4, 6, 8, 7, 9, 10], [1, 2, 3, 5, 4, 6, 7, 8, 9, 10]]
Distance:93

(23)
A = 
{(3, 2, 1, 4, 6, 10, 5, 8, 7, 9), (1, 2, 3, 6, 4, 5, 8, 7, 10, 9), (2, 1, 4, 5, 3, 9, 6, 7, 8, 10), (1, 7, 5, 2, 4, 3, 10, 6, 9, 8), (1, 6, 5, 2, 10, 4, 3, 7, 9, 8), (3, 5, 1, 2, 8, 6, 9, 4, 7, 10)}
M(A) = 
[[1, 2, 4, 3, 6, 5, 8, 7, 10, 9], [1, 2, 4, 3, 6, 5, 7, 8, 10, 9], [1, 2, 4, 3, 6, 5, 7, 10, 8, 9], [1, 2, 4, 3, 6, 5, 7, 10, 9, 8]]
Distance: 55
B = 
{(1, 2, 5, 4, 9, 3, 8, 6, 7, 10), (4, 5, 1, 6, 3, 2, 10, 7, 8, 9), (1, 2, 3, 4, 6, 7, 5, 9, 8, 10), (2, 4, 3, 6, 1, 10, 9, 5, 7, 8), (4, 1, 3, 2, 6, 5, 10, 8, 7, 9), (6, 3, 2, 1, 4, 8, 7, 5, 9, 10)}
M(B) = 
[[1, 2, 4, 3, 6, 5, 8, 7, 10, 9], [1, 2, 4, 3, 6, 5, 7, 8, 10, 9], [1, 2, 4, 3, 6, 5, 7, 10, 8, 9], [1, 2, 4, 3, 6, 5, 7, 10, 9, 8]]
Distance: 53
M(A) inter A:
set()
M(B) inter B:
set()

AUB = 
{(3, 2, 1, 4, 6, 10, 5, 8, 7, 9), (1, 2, 5, 4, 9, 3, 8, 6, 7, 10), (4, 5, 1, 6, 3, 2, 10, 7, 8, 9), (1, 2, 3, 4, 6, 7, 5, 9, 8, 10), (2, 4, 3, 6, 1, 10, 9, 5, 7, 8), (4, 1, 3, 2, 6, 5, 10, 8, 7, 9), (1, 2, 3, 6, 4, 5, 8, 7, 10, 9), (2, 1, 4, 5, 3, 9, 6, 7, 8, 10), (1, 7, 5, 2, 4, 3, 10, 6, 9, 8), (1, 6, 5, 2, 10, 4, 3, 7, 9, 8), (6, 3, 2, 1, 4, 8, 7, 5, 9, 10), (3, 5, 1, 2, 8, 6, 9, 4, 7, 10)}
M(AUB) = 
[[1, 2, 4, 3, 6, 5, 8, 7, 10, 9], [1, 2, 4, 3, 6, 5, 7, 8, 10, 9], [1, 2, 4, 3, 6, 5, 7, 10, 8, 9], [1, 2, 4, 3, 6, 5, 7, 10, 9, 8]]
Distance:108

(24)
A = 
{(4, 5, 7, 2, 3, 10, 1, 6, 9, 8), (4, 1, 2, 3, 8, 5, 6, 9, 10, 7), (2, 7, 1, 6, 4, 8, 5, 3, 9, 10), (3, 4, 5, 2, 10, 1, 8, 6, 7, 9), (2, 3, 9, 7, 1, 8, 6, 4, 10, 5), (7, 3, 1, 10, 4, 2, 6, 9, 5, 8)}
M(A) = 
[[2, 1, 3, 4, 5, 6, 7, 8, 10, 9], [2, 1, 3, 4, 5, 7, 6, 8, 10, 9]]
Distance: 78
B = 
{(2, 1, 3, 4, 5, 7, 9, 6, 8, 10), (1, 6, 10, 3, 7, 5, 2, 9, 8, 4), (4, 3, 2, 8, 10, 1, 5, 6, 7, 9), (4, 2, 1, 6, 3, 5, 7, 8, 10, 9), (1, 2, 3, 4, 5, 6, 7, 8, 9, 10), (1, 3, 2, 4, 5, 7, 8, 10, 9, 6)}
M(B) = 
[[2, 1, 3, 4, 5, 6, 7, 8, 10, 9], [2, 1, 3, 4, 5, 7, 6, 8, 10, 9]]
Distance: 50
M(A) inter A:
set()
M(B) inter B:
set()

AUB = 
{(4, 5, 7, 2, 3, 10, 1, 6, 9, 8), (4, 1, 2, 3, 8, 5, 6, 9, 10, 7), (2, 7, 1, 6, 4, 8, 5, 3, 9, 10), (2, 1, 3, 4, 5, 7, 9, 6, 8, 10), (3, 4, 5, 2, 10, 1, 8, 6, 7, 9), (1, 6, 10, 3, 7, 5, 2, 9, 8, 4), (2, 3, 9, 7, 1, 8, 6, 4, 10, 5), (4, 3, 2, 8, 10, 1, 5, 6, 7, 9), (4, 2, 1, 6, 3, 5, 7, 8, 10, 9), (7, 3, 1, 10, 4, 2, 6, 9, 5, 8), (1, 2, 3, 4, 5, 6, 7, 8, 9, 10), (1, 3, 2, 4, 5, 7, 8, 10, 9, 6)}
M(AUB) = 
[[2, 1, 3, 4, 5, 6, 7, 8, 10, 9], [2, 1, 3, 4, 5, 7, 6, 8, 10, 9]]
Distance:136

(25)
A = 
{(1, 5, 2, 4, 3, 6, 9, 8, 7, 10), (2, 4, 6, 1, 5, 8, 3, 9, 10, 7), (1, 2, 3, 4, 5, 7, 6, 8, 9, 10), (1, 3, 2, 5, 4, 6, 8, 7, 9, 10), (1, 2, 5, 8, 4, 6, 3, 10, 9, 7), (3, 2, 1, 5, 7, 6, 4, 10, 9, 8)}
M(A) = 
[[1, 2, 3, 5, 4, 6, 8, 7, 9, 10], [1, 2, 3, 5, 4, 6, 8, 7, 10, 9], [1, 2, 3, 5, 4, 6, 7, 8, 9, 10], [1, 2, 3, 5, 4, 6, 7, 8, 10, 9], [1, 2, 3, 5, 4, 7, 6, 8, 9, 10], [1, 2, 3, 5, 4, 7, 6, 8, 10, 9]]
Distance: 39
B = 
{(1, 5, 4, 2, 6, 3, 8, 7, 10, 9), (1, 5, 2, 3, 4, 7, 8, 10, 9, 6), (2, 1, 3, 5, 7, 4, 6, 9, 8, 10), (3, 2, 4, 1, 5, 7, 10, 9, 6, 8), (7, 1, 3, 2, 4, 5, 6, 10, 8, 9), (1, 3, 2, 6, 8, 4, 7, 9, 10, 5)}
M(B) = 
[[1, 2, 3, 5, 4, 6, 8, 7, 9, 10], [1, 2, 3, 5, 4, 6, 8, 7, 10, 9], [1, 2, 3, 5, 4, 6, 7, 8, 9, 10], [1, 2, 3, 5, 4, 6, 7, 8, 10, 9], [1, 2, 3, 5, 4, 7, 6, 8, 9, 10], [1, 2, 3, 5, 4, 7, 6, 8, 10, 9]]
Distance: 45
M(A) inter A:
set()
M(B) inter B:
set()

AUB = 
{(1, 5, 2, 4, 3, 6, 9, 8, 7, 10), (1, 5, 4, 2, 6, 3, 8, 7, 10, 9), (1, 5, 2, 3, 4, 7, 8, 10, 9, 6), (2, 1, 3, 5, 7, 4, 6, 9, 8, 10), (2, 4, 6, 1, 5, 8, 3, 9, 10, 7), (3, 2, 4, 1, 5, 7, 10, 9, 6, 8), (7, 1, 3, 2, 4, 5, 6, 10, 8, 9), (1, 2, 3, 4, 5, 7, 6, 8, 9, 10), (1, 3, 2, 6, 8, 4, 7, 9, 10, 5), (1, 3, 2, 5, 4, 6, 8, 7, 9, 10), (1, 2, 5, 8, 4, 6, 3, 10, 9, 7), (3, 2, 1, 5, 7, 6, 4, 10, 9, 8)}
M(AUB) = 
[[1, 2, 3, 5, 4, 6, 8, 7, 9, 10], [1, 2, 3, 5, 4, 6, 8, 7, 10, 9], [1, 2, 3, 5, 4, 6, 7, 8, 9, 10], [1, 2, 3, 5, 4, 6, 7, 8, 10, 9], [1, 2, 3, 5, 4, 7, 6, 8, 9, 10], [1, 2, 3, 5, 4, 7, 6, 8, 10, 9]]
Distance:90

(26)
A = 
{(1, 4, 6, 5, 3, 8, 7, 2, 10, 9), (1, 2, 3, 10, 5, 4, 7, 6, 8, 9), (1, 4, 2, 6, 7, 3, 8, 5, 9, 10), (7, 2, 1, 6, 4, 5, 10, 8, 3, 9), (4, 2, 5, 7, 1, 10, 3, 6, 9, 8), (4, 2, 1, 3, 5, 7, 6, 8, 10, 9)}
M(A) = 
[[1, 4, 2, 3, 5, 7, 6, 8, 10, 9], [1, 4, 2, 3, 5, 7, 6, 10, 8, 9], [1, 4, 2, 3, 5, 7, 6, 10, 9, 8]]
Distance: 51
B = 
{(1, 4, 3, 7, 5, 6, 9, 2, 8, 10), (4, 1, 7, 3, 5, 9, 2, 6, 10, 8), (3, 1, 4, 2, 10, 5, 7, 9, 6, 8), (4, 1, 2, 6, 3, 5, 9, 7, 8, 10), (2, 3, 1, 7, 5, 10, 6, 9, 4, 8), (3, 2, 6, 4, 8, 1, 9, 5, 7, 10)}
M(B) = 
[[1, 4, 2, 3, 5, 7, 6, 8, 10, 9], [1, 4, 2, 3, 5, 7, 6, 10, 8, 9], [1, 4, 2, 3, 5, 7, 6, 10, 9, 8]]
Distance: 56
M(A) inter A:
set()
M(B) inter B:
set()

AUB = 
{(1, 4, 6, 5, 3, 8, 7, 2, 10, 9), (1, 2, 3, 10, 5, 4, 7, 6, 8, 9), (1, 4, 3, 7, 5, 6, 9, 2, 8, 10), (1, 4, 2, 6, 7, 3, 8, 5, 9, 10), (4, 1, 7, 3, 5, 9, 2, 6, 10, 8), (7, 2, 1, 6, 4, 5, 10, 8, 3, 9), (3, 1, 4, 2, 10, 5, 7, 9, 6, 8), (4, 2, 5, 7, 1, 10, 3, 6, 9, 8), (4, 1, 2, 6, 3, 5, 9, 7, 8, 10), (4, 2, 1, 3, 5, 7, 6, 8, 10, 9), (2, 3, 1, 7, 5, 10, 6, 9, 4, 8), (3, 2, 6, 4, 8, 1, 9, 5, 7, 10)}
M(AUB) = 
[[1, 4, 2, 3, 5, 7, 6, 8, 10, 9], [1, 4, 2, 3, 5, 7, 6, 10, 8, 9], [1, 4, 2, 3, 5, 7, 6, 10, 9, 8]]
Distance:115

(27)
A = 
{(1, 4, 2, 3, 5, 6, 7, 8, 9, 10), (2, 4, 3, 1, 5, 6, 7, 10, 9, 8), (1, 3, 2, 7, 6, 4, 9, 5, 8, 10), (1, 2, 3, 4, 5, 6, 8, 7, 9, 10), (1, 3, 2, 4, 5, 8, 7, 10, 6, 9), (5, 7, 2, 1, 9, 8, 3, 4, 6, 10)}
M(A) = 
[[1, 2, 4, 3, 5, 6, 7, 8, 9, 10], [2, 1, 4, 3, 5, 6, 7, 8, 9, 10]]
Distance: 41
B = 
{(2, 1, 7, 8, 4, 6, 9, 3, 5, 10), (2, 1, 4, 5, 3, 6, 7, 8, 9, 10), (1, 4, 6, 7, 2, 3, 8, 5, 9, 10), (1, 5, 4, 6, 2, 3, 8, 7, 10, 9), (2, 4, 1, 3, 8, 5, 7, 6, 10, 9), (2, 1, 3, 4, 6, 5, 7, 10, 8, 9)}
M(B) = 
[[1, 2, 4, 3, 5, 6, 7, 8, 9, 10], [2, 1, 4, 3, 5, 6, 7, 8, 9, 10]]
Distance: 41
M(A) inter A:
set()
M(B) inter B:
set()

AUB = 
{(2, 1, 7, 8, 4, 6, 9, 3, 5, 10), (2, 1, 4, 5, 3, 6, 7, 8, 9, 10), (1, 4, 6, 7, 2, 3, 8, 5, 9, 10), (1, 4, 2, 3, 5, 6, 7, 8, 9, 10), (1, 5, 4, 6, 2, 3, 8, 7, 10, 9), (2, 4, 3, 1, 5, 6, 7, 10, 9, 8), (2, 4, 1, 3, 8, 5, 7, 6, 10, 9), (1, 3, 2, 7, 6, 4, 9, 5, 8, 10), (2, 1, 3, 4, 6, 5, 7, 10, 8, 9), (1, 2, 3, 4, 5, 6, 8, 7, 9, 10), (1, 3, 2, 4, 5, 8, 7, 10, 6, 9), (5, 7, 2, 1, 9, 8, 3, 4, 6, 10)}
M(AUB) = 
[[1, 2, 4, 3, 5, 6, 7, 8, 9, 10], [2, 1, 4, 3, 5, 6, 7, 8, 9, 10]]
Distance:86

(28)
A = 
{(4, 2, 3, 5, 6, 1, 7, 9, 10, 8), (1, 2, 4, 6, 8, 5, 3, 7, 10, 9), (2, 1, 3, 5, 4, 6, 7, 8, 9, 10), (4, 2, 1, 6, 3, 5, 10, 7, 9, 8), (1, 2, 5, 3, 7, 4, 9, 6, 8, 10), (1, 3, 2, 5, 4, 10, 6, 7, 9, 8)}
M(A) = 
[[2, 1, 3, 4, 5, 6, 7, 9, 8, 10]]
Distance: 40
B = 
{(2, 1, 3, 4, 5, 7, 8, 6, 10, 9), (3, 6, 4, 2, 1, 8, 5, 7, 10, 9), (2, 1, 3, 4, 5, 9, 6, 7, 8, 10), (3, 1, 2, 10, 5, 6, 4, 8, 7, 9), (2, 1, 3, 5, 4, 6, 9, 7, 8, 10), (2, 4, 3, 1, 6, 9, 7, 10, 8, 5)}
M(B) = 
[[2, 1, 3, 4, 5, 6, 7, 9, 8, 10]]
Distance: 43
M(A) inter A:
set()
M(B) inter B:
set()

AUB = 
{(4, 2, 3, 5, 6, 1, 7, 9, 10, 8), (2, 1, 3, 4, 5, 7, 8, 6, 10, 9), (3, 6, 4, 2, 1, 8, 5, 7, 10, 9), (2, 4, 3, 1, 6, 9, 7, 10, 8, 5), (1, 2, 4, 6, 8, 5, 3, 7, 10, 9), (2, 1, 3, 4, 5, 9, 6, 7, 8, 10), (2, 1, 3, 5, 4, 6, 7, 8, 9, 10), (4, 2, 1, 6, 3, 5, 10, 7, 9, 8), (3, 1, 2, 10, 5, 6, 4, 8, 7, 9), (2, 1, 3, 5, 4, 6, 9, 7, 8, 10), (1, 2, 5, 3, 7, 4, 9, 6, 8, 10), (1, 3, 2, 5, 4, 10, 6, 7, 9, 8)}
M(AUB) = 
[[2, 1, 3, 4, 5, 6, 7, 9, 8, 10]]
Distance:83

(29)
A = 
{(2, 3, 6, 1, 5, 4, 9, 10, 7, 8), (7, 1, 5, 3, 6, 2, 8, 4, 9, 10), (1, 2, 4, 6, 5, 3, 8, 10, 9, 7), (4, 2, 1, 5, 6, 3, 7, 9, 10, 8), (1, 2, 4, 5, 6, 3, 7, 8, 9, 10), (1, 2, 5, 6, 3, 4, 10, 7, 9, 8)}
M(A) = 
[[1, 2, 6, 3, 4, 5, 7, 8, 9, 10], [1, 2, 6, 3, 4, 5, 7, 9, 8, 10], [1, 2, 6, 3, 4, 5, 8, 9, 10, 7], [1, 2, 6, 3, 4, 5, 8, 7, 9, 10], [1, 2, 6, 3, 4, 5, 9, 8, 10, 7], [1, 2, 6, 4, 3, 5, 7, 8, 9, 10], [1, 2, 6, 4, 3, 5, 7, 9, 8, 10], [1, 2, 6, 4, 3, 5, 8, 9, 10, 7], [1, 2, 6, 4, 3, 5, 8, 7, 9, 10], [1, 2, 6, 4, 3, 5, 9, 8, 10, 7], [1, 2, 6, 4, 5, 3, 7, 8, 9, 10], [1, 2, 6, 4, 5, 3, 7, 9, 8, 10], [1, 2, 6, 4, 5, 3, 8, 9, 10, 7], [1, 2, 6, 4, 5, 3, 8, 7, 9, 10], [1, 2, 6, 4, 5, 3, 9, 8, 10, 7]]
Distance: 44
B = 
{(1, 2, 6, 4, 3, 5, 8, 10, 7, 9), (4, 2, 3, 9, 5, 6, 1, 8, 10, 7), (5, 2, 1, 4, 6, 9, 8, 7, 3, 10), (1, 6, 7, 9, 3, 4, 2, 10, 8, 5), (3, 2, 1, 6, 5, 4, 8, 10, 7, 9), (3, 6, 4, 1, 5, 2, 8, 9, 10, 7)}
M(B) = 
[[1, 2, 6, 3, 4, 5, 7, 8, 9, 10], [1, 2, 6, 3, 4, 5, 7, 9, 8, 10], [1, 2, 6, 3, 4, 5, 8, 9, 10, 7], [1, 2, 6, 3, 4, 5, 8, 7, 9, 10], [1, 2, 6, 3, 4, 5, 9, 8, 10, 7], [1, 2, 6, 4, 3, 5, 7, 8, 9, 10], [1, 2, 6, 4, 3, 5, 7, 9, 8, 10], [1, 2, 6, 4, 3, 5, 8, 9, 10, 7], [1, 2, 6, 4, 3, 5, 8, 7, 9, 10], [1, 2, 6, 4, 3, 5, 9, 8, 10, 7], [1, 2, 6, 4, 5, 3, 7, 8, 9, 10], [1, 2, 6, 4, 5, 3, 7, 9, 8, 10], [1, 2, 6, 4, 5, 3, 8, 9, 10, 7], [1, 2, 6, 4, 5, 3, 8, 7, 9, 10], [1, 2, 6, 4, 5, 3, 9, 8, 10, 7]]
Distance: 63
M(A) inter A:
set()
M(B) inter B:
set()

AUB = 
{(1, 2, 6, 4, 3, 5, 8, 10, 7, 9), (2, 3, 6, 1, 5, 4, 9, 10, 7, 8), (7, 1, 5, 3, 6, 2, 8, 4, 9, 10), (1, 2, 4, 6, 5, 3, 8, 10, 9, 7), (4, 2, 3, 9, 5, 6, 1, 8, 10, 7), (4, 2, 1, 5, 6, 3, 7, 9, 10, 8), (1, 2, 4, 5, 6, 3, 7, 8, 9, 10), (5, 2, 1, 4, 6, 9, 8, 7, 3, 10), (1, 2, 5, 6, 3, 4, 10, 7, 9, 8), (1, 6, 7, 9, 3, 4, 2, 10, 8, 5), (3, 2, 1, 6, 5, 4, 8, 10, 7, 9), (3, 6, 4, 1, 5, 2, 8, 9, 10, 7)}
M(AUB) = 
[[1, 2, 6, 3, 4, 5, 7, 8, 9, 10], [1, 2, 6, 3, 4, 5, 7, 9, 8, 10], [1, 2, 6, 3, 4, 5, 8, 9, 10, 7], [1, 2, 6, 3, 4, 5, 8, 7, 9, 10], [1, 2, 6, 3, 4, 5, 9, 8, 10, 7], [1, 2, 6, 4, 3, 5, 7, 8, 9, 10], [1, 2, 6, 4, 3, 5, 7, 9, 8, 10], [1, 2, 6, 4, 3, 5, 8, 9, 10, 7], [1, 2, 6, 4, 3, 5, 8, 7, 9, 10], [1, 2, 6, 4, 3, 5, 9, 8, 10, 7], [1, 2, 6, 4, 5, 3, 7, 8, 9, 10], [1, 2, 6, 4, 5, 3, 7, 9, 8, 10], [1, 2, 6, 4, 5, 3, 8, 9, 10, 7], [1, 2, 6, 4, 5, 3, 8, 7, 9, 10], [1, 2, 6, 4, 5, 3, 9, 8, 10, 7]]
Distance:119

(30)
A = 
{(1, 2, 3, 5, 6, 7, 4, 8, 9, 10), (1, 2, 4, 3, 5, 6, 8, 9, 10, 7), (2, 5, 4, 1, 7, 6, 10, 9, 3, 8), (4, 3, 5, 1, 2, 6, 7, 8, 9, 10), (5, 4, 3, 1, 8, 2, 9, 7, 10, 6), (1, 4, 3, 2, 7, 5, 6, 10, 9, 8)}
M(A) = 
[[1, 2, 4, 3, 5, 6, 8, 7, 9, 10], [1, 2, 4, 3, 5, 6, 7, 8, 9, 10], [1, 2, 4, 5, 3, 6, 8, 7, 9, 10], [1, 2, 4, 5, 3, 6, 7, 8, 9, 10]]
Distance: 48
B = 
{(2, 1, 4, 5, 3, 8, 10, 6, 9, 7), (2, 4, 5, 3, 1, 6, 8, 10, 9, 7), (1, 2, 3, 4, 5, 7, 8, 6, 10, 9), (1, 5, 3, 2, 4, 9, 8, 7, 10, 6), (1, 6, 4, 2, 3, 5, 7, 9, 10, 8), (1, 5, 2, 4, 6, 3, 8, 7, 9, 10)}
M(B) = 
[[1, 2, 4, 3, 5, 6, 8, 7, 9, 10], [1, 2, 4, 3, 5, 6, 7, 8, 9, 10], [1, 2, 4, 5, 3, 6, 8, 7, 9, 10], [1, 2, 4, 5, 3, 6, 7, 8, 9, 10]]
Distance: 41
M(A) inter A:
set()
M(B) inter B:
set()

AUB = 
{(1, 2, 3, 5, 6, 7, 4, 8, 9, 10), (1, 2, 4, 3, 5, 6, 8, 9, 10, 7), (2, 5, 4, 1, 7, 6, 10, 9, 3, 8), (2, 1, 4, 5, 3, 8, 10, 6, 9, 7), (2, 4, 5, 3, 1, 6, 8, 10, 9, 7), (1, 2, 3, 4, 5, 7, 8, 6, 10, 9), (1, 5, 3, 2, 4, 9, 8, 7, 10, 6), (1, 6, 4, 2, 3, 5, 7, 9, 10, 8), (4, 3, 5, 1, 2, 6, 7, 8, 9, 10), (1, 5, 2, 4, 6, 3, 8, 7, 9, 10), (5, 4, 3, 1, 8, 2, 9, 7, 10, 6), (1, 4, 3, 2, 7, 5, 6, 10, 9, 8)}
M(AUB) = 
[[1, 2, 4, 3, 5, 6, 8, 7, 9, 10], [1, 2, 4, 3, 5, 6, 7, 8, 9, 10], [1, 2, 4, 5, 3, 6, 8, 7, 9, 10], [1, 2, 4, 5, 3, 6, 7, 8, 9, 10]]
Distance:93

(31)
A = 
{(3, 1, 4, 7, 2, 5, 6, 8, 9, 10), (3, 1, 2, 4, 5, 7, 6, 8, 10, 9), (3, 2, 1, 8, 6, 4, 7, 10, 5, 9), (1, 2, 7, 4, 3, 10, 6, 9, 8, 5), (1, 2, 3, 4, 5, 6, 9, 7, 10, 8), (5, 2, 1, 10, 3, 6, 7, 4, 8, 9)}
M(A) = 
[[1, 2, 3, 4, 5, 6, 7, 8, 10, 9], [2, 1, 3, 4, 5, 6, 7, 8, 10, 9], [2, 3, 1, 4, 5, 6, 7, 8, 10, 9]]
Distance: 49
B = 
{(1, 2, 3, 4, 6, 7, 5, 8, 10, 9), (3, 2, 1, 5, 4, 6, 8, 7, 9, 10), (2, 3, 1, 4, 5, 6, 8, 10, 7, 9), (1, 7, 5, 3, 4, 2, 6, 9, 8, 10), (2, 1, 3, 5, 6, 10, 8, 4, 7, 9), (2, 3, 7, 5, 1, 4, 6, 9, 10, 8)}
M(B) = 
[[1, 2, 3, 4, 5, 6, 7, 8, 10, 9], [2, 1, 3, 4, 5, 6, 7, 8, 10, 9], [2, 3, 1, 4, 5, 6, 7, 8, 10, 9]]
Distance: 39
M(A) inter A:
set()
M(B) inter B:
set()

AUB = 
{(3, 1, 4, 7, 2, 5, 6, 8, 9, 10), (1, 2, 3, 4, 6, 7, 5, 8, 10, 9), (3, 1, 2, 4, 5, 7, 6, 8, 10, 9), (3, 2, 1, 5, 4, 6, 8, 7, 9, 10), (2, 3, 1, 4, 5, 6, 8, 10, 7, 9), (3, 2, 1, 8, 6, 4, 7, 10, 5, 9), (1, 2, 7, 4, 3, 10, 6, 9, 8, 5), (1, 2, 3, 4, 5, 6, 9, 7, 10, 8), (5, 2, 1, 10, 3, 6, 7, 4, 8, 9), (1, 7, 5, 3, 4, 2, 6, 9, 8, 10), (2, 1, 3, 5, 6, 10, 8, 4, 7, 9), (2, 3, 7, 5, 1, 4, 6, 9, 10, 8)}
M(AUB) = 
[[1, 2, 3, 4, 5, 6, 7, 8, 10, 9], [2, 1, 3, 4, 5, 6, 7, 8, 10, 9], [2, 3, 1, 4, 5, 6, 7, 8, 10, 9]]
Distance:92

(32)
A = 
{(3, 5, 2, 8, 10, 1, 4, 9, 7, 6), (1, 3, 2, 4, 5, 6, 8, 7, 9, 10), (9, 2, 1, 3, 10, 7, 5, 6, 4, 8), (3, 6, 1, 2, 5, 7, 9, 10, 8, 4), (1, 2, 3, 7, 4, 5, 6, 8, 9, 10), (1, 3, 2, 4, 6, 5, 7, 9, 10, 8)}
M(A) = 
[[1, 2, 3, 4, 5, 6, 8, 7, 9, 10], [1, 3, 2, 4, 5, 6, 8, 7, 9, 10]]
Distance: 57
B = 
{(1, 3, 2, 5, 6, 4, 8, 10, 9, 7), (8, 1, 2, 4, 5, 3, 6, 7, 10, 9), (2, 4, 8, 7, 3, 9, 1, 6, 5, 10), (2, 3, 1, 4, 5, 9, 8, 10, 6, 7), (1, 4, 3, 2, 5, 6, 7, 9, 10, 8), (1, 2, 3, 4, 6, 5, 8, 7, 9, 10)}
M(B) = 
[[1, 2, 3, 4, 5, 6, 8, 7, 9, 10], [1, 3, 2, 4, 5, 6, 8, 7, 9, 10]]
Distance: 46
M(A) inter A:
set()
M(B) inter B:
set()

AUB = 
{(1, 3, 2, 5, 6, 4, 8, 10, 9, 7), (8, 1, 2, 4, 5, 3, 6, 7, 10, 9), (3, 5, 2, 8, 10, 1, 4, 9, 7, 6), (1, 3, 2, 4, 5, 6, 8, 7, 9, 10), (2, 4, 8, 7, 3, 9, 1, 6, 5, 10), (9, 2, 1, 3, 10, 7, 5, 6, 4, 8), (3, 6, 1, 2, 5, 7, 9, 10, 8, 4), (1, 2, 3, 7, 4, 5, 6, 8, 9, 10), (1, 3, 2, 4, 6, 5, 7, 9, 10, 8), (2, 3, 1, 4, 5, 9, 8, 10, 6, 7), (1, 4, 3, 2, 5, 6, 7, 9, 10, 8), (1, 2, 3, 4, 6, 5, 8, 7, 9, 10)}
M(AUB) = 
[[1, 2, 3, 4, 5, 6, 8, 7, 9, 10], [1, 3, 2, 4, 5, 6, 8, 7, 9, 10]]
Distance:107

(33)
A = 
{(1, 9, 3, 2, 4, 6, 5, 7, 8, 10), (3, 4, 1, 2, 7, 10, 5, 6, 8, 9), (6, 7, 1, 4, 2, 8, 5, 9, 3, 10), (2, 3, 10, 1, 7, 4, 5, 6, 9, 8), (1, 2, 5, 9, 8, 4, 3, 6, 7, 10), (2, 1, 3, 4, 7, 5, 8, 6, 9, 10)}
M(A) = 
[[1, 2, 3, 4, 5, 6, 7, 8, 9, 10], [1, 2, 3, 4, 5, 7, 6, 8, 9, 10], [1, 2, 3, 4, 7, 5, 6, 8, 9, 10]]
Distance: 62
B = 
{(1, 3, 7, 2, 4, 6, 8, 10, 5, 9), (1, 4, 2, 3, 5, 7, 8, 6, 9, 10), (1, 4, 2, 3, 6, 5, 10, 8, 7, 9), (1, 5, 2, 3, 6, 4, 8, 9, 10, 7), (2, 1, 4, 5, 6, 3, 9, 10, 7, 8), (3, 10, 4, 2, 7, 1, 6, 8, 9, 5)}
M(B) = 
[[1, 2, 3, 4, 5, 6, 7, 8, 9, 10], [1, 2, 3, 4, 5, 7, 6, 8, 9, 10], [1, 2, 3, 4, 7, 5, 6, 8, 9, 10]]
Distance: 52
M(A) inter A:
set()
M(B) inter B:
set()

AUB = 
{(1, 3, 7, 2, 4, 6, 8, 10, 5, 9), (1, 9, 3, 2, 4, 6, 5, 7, 8, 10), (3, 4, 1, 2, 7, 10, 5, 6, 8, 9), (1, 4, 2, 3, 5, 7, 8, 6, 9, 10), (6, 7, 1, 4, 2, 8, 5, 9, 3, 10), (2, 3, 10, 1, 7, 4, 5, 6, 9, 8), (1, 4, 2, 3, 6, 5, 10, 8, 7, 9), (1, 5, 2, 3, 6, 4, 8, 9, 10, 7), (2, 1, 4, 5, 6, 3, 9, 10, 7, 8), (1, 2, 5, 9, 8, 4, 3, 6, 7, 10), (2, 1, 3, 4, 7, 5, 8, 6, 9, 10), (3, 10, 4, 2, 7, 1, 6, 8, 9, 5)}
M(AUB) = 
[[1, 2, 3, 4, 5, 6, 7, 8, 9, 10], [1, 2, 3, 4, 5, 7, 6, 8, 9, 10], [1, 2, 3, 4, 7, 5, 6, 8, 9, 10]]
Distance:118

(34)
A = 
{(3, 2, 1, 4, 8, 5, 6, 7, 10, 9), (5, 1, 3, 2, 6, 9, 10, 7, 4, 8), (5, 1, 3, 4, 6, 7, 10, 2, 8, 9), (4, 1, 3, 6, 7, 10, 5, 8, 2, 9), (1, 2, 3, 4, 5, 6, 7, 8, 9, 10), (3, 2, 1, 8, 4, 5, 6, 7, 9, 10)}
M(A) = 
[[1, 3, 2, 4, 5, 6, 7, 8, 9, 10]]
Distance: 48
B = 
{(1, 3, 2, 4, 7, 5, 8, 6, 9, 10), (4, 5, 3, 2, 1, 6, 9, 8, 7, 10), (1, 2, 3, 4, 5, 7, 6, 8, 9, 10), (3, 1, 7, 2, 4, 8, 9, 6, 5, 10), (2, 1, 8, 4, 3, 6, 7, 10, 5, 9), (1, 2, 4, 5, 3, 8, 6, 9, 10, 7)}
M(B) = 
[[1, 3, 2, 4, 5, 6, 7, 8, 9, 10]]
Distance: 43
M(A) inter A:
set()
M(B) inter B:
{(1, 3, 2, 4, 7, 5, 8, 6, 9, 10)}

AUB = 
{(3, 2, 1, 4, 8, 5, 6, 7, 10, 9), (5, 1, 3, 2, 6, 9, 10, 7, 4, 8), (1, 3, 2, 4, 7, 5, 8, 6, 9, 10), (4, 5, 3, 2, 1, 6, 9, 8, 7, 10), (5, 1, 3, 4, 6, 7, 10, 2, 8, 9), (4, 1, 3, 6, 7, 10, 5, 8, 2, 9), (1, 2, 3, 4, 5, 6, 7, 8, 9, 10), (1, 2, 3, 4, 5, 7, 6, 8, 9, 10), (3, 1, 7, 2, 4, 8, 9, 6, 5, 10), (3, 2, 1, 8, 4, 5, 6, 7, 9, 10), (2, 1, 8, 4, 3, 6, 7, 10, 5, 9), (1, 2, 4, 5, 3, 8, 6, 9, 10, 7)}
M(AUB) = 
[[1, 3, 2, 4, 5, 6, 7, 8, 9, 10]]
Distance:93

(35)
A = 
{(7, 2, 3, 1, 6, 5, 8, 10, 4, 9), (1, 2, 4, 3, 5, 7, 10, 6, 8, 9), (1, 2, 5, 6, 3, 4, 7, 9, 8, 10), (2, 3, 5, 4, 6, 1, 8, 7, 9, 10), (1, 2, 5, 8, 3, 4, 10, 6, 9, 7), (1, 2, 4, 3, 5, 6, 7, 8, 9, 10)}
M(A) = 
[[1, 2, 3, 4, 5, 6, 7, 8, 9, 10], [1, 2, 3, 4, 5, 6, 7, 8, 10, 9], [1, 2, 3, 4, 5, 6, 7, 10, 8, 9]]
Distance: 40
B = 
{(4, 6, 1, 3, 2, 5, 10, 8, 9, 7), (1, 2, 3, 9, 4, 5, 6, 7, 10, 8), (3, 1, 2, 4, 7, 6, 5, 10, 8, 9), (2, 1, 3, 4, 7, 9, 5, 8, 10, 6), (2, 4, 6, 5, 7, 1, 3, 9, 10, 8), (2, 6, 1, 4, 3, 5, 10, 9, 8, 7)}
M(B) = 
[[1, 2, 3, 4, 5, 6, 7, 8, 9, 10], [1, 2, 3, 4, 5, 6, 7, 8, 10, 9], [1, 2, 3, 4, 5, 6, 7, 10, 8, 9]]
Distance: 50
M(A) inter A:
set()
M(B) inter B:
set()

AUB = 
{(7, 2, 3, 1, 6, 5, 8, 10, 4, 9), (4, 6, 1, 3, 2, 5, 10, 8, 9, 7), (1, 2, 4, 3, 5, 7, 10, 6, 8, 9), (1, 2, 5, 6, 3, 4, 7, 9, 8, 10), (1, 2, 3, 9, 4, 5, 6, 7, 10, 8), (3, 1, 2, 4, 7, 6, 5, 10, 8, 9), (2, 1, 3, 4, 7, 9, 5, 8, 10, 6), (2, 4, 6, 5, 7, 1, 3, 9, 10, 8), (2, 6, 1, 4, 3, 5, 10, 9, 8, 7), (2, 3, 5, 4, 6, 1, 8, 7, 9, 10), (1, 2, 5, 8, 3, 4, 10, 6, 9, 7), (1, 2, 4, 3, 5, 6, 7, 8, 9, 10)}
M(AUB) = 
[[1, 2, 3, 4, 5, 6, 7, 8, 9, 10], [1, 2, 3, 4, 5, 6, 7, 8, 10, 9], [1, 2, 3, 4, 5, 6, 7, 10, 8, 9]]
Distance:100

(36)
A = 
{(4, 1, 3, 2, 6, 5, 7, 8, 9, 10), (6, 1, 2, 4, 3, 8, 9, 10, 7, 5), (1, 4, 6, 3, 2, 10, 7, 8, 9, 5), (2, 1, 5, 3, 4, 6, 8, 7, 9, 10), (1, 2, 3, 6, 5, 4, 9, 7, 8, 10), (7, 1, 2, 5, 6, 10, 3, 9, 4, 8)}
M(A) = 
[[1, 2, 3, 4, 6, 5, 7, 8, 9, 10]]
Distance: 54
B = 
{(3, 1, 2, 6, 5, 7, 8, 9, 4, 10), (2, 1, 7, 8, 3, 4, 5, 10, 9, 6), (4, 1, 6, 2, 5, 10, 3, 9, 8, 7), (1, 4, 3, 2, 6, 5, 8, 9, 7, 10), (5, 3, 4, 1, 2, 8, 6, 10, 7, 9), (5, 2, 1, 7, 3, 8, 9, 4, 10, 6)}
M(B) = 
[[1, 2, 3, 4, 6, 5, 7, 8, 9, 10]]
Distance: 65
M(A) inter A:
set()
M(B) inter B:
set()

AUB = 
{(4, 1, 3, 2, 6, 5, 7, 8, 9, 10), (3, 1, 2, 6, 5, 7, 8, 9, 4, 10), (2, 1, 7, 8, 3, 4, 5, 10, 9, 6), (6, 1, 2, 4, 3, 8, 9, 10, 7, 5), (1, 4, 6, 3, 2, 10, 7, 8, 9, 5), (2, 1, 5, 3, 4, 6, 8, 7, 9, 10), (4, 1, 6, 2, 5, 10, 3, 9, 8, 7), (1, 2, 3, 6, 5, 4, 9, 7, 8, 10), (7, 1, 2, 5, 6, 10, 3, 9, 4, 8), (1, 4, 3, 2, 6, 5, 8, 9, 7, 10), (5, 3, 4, 1, 2, 8, 6, 10, 7, 9), (5, 2, 1, 7, 3, 8, 9, 4, 10, 6)}
M(AUB) = 
[[1, 2, 3, 4, 6, 5, 7, 8, 9, 10]]
Distance:119

(37)
A = 
{(1, 3, 2, 4, 5, 6, 7, 8, 10, 9), (1, 2, 4, 3, 5, 6, 7, 10, 9, 8), (2, 6, 4, 5, 1, 9, 3, 10, 7, 8), (1, 2, 5, 4, 6, 3, 10, 8, 7, 9), (3, 1, 4, 2, 7, 5, 6, 9, 8, 10), (1, 2, 4, 3, 5, 6, 7, 8, 10, 9)}
M(A) = 
[[1, 2, 4, 3, 5, 6, 7, 8, 10, 9], [1, 2, 4, 3, 5, 6, 7, 10, 8, 9], [1, 2, 4, 5, 3, 6, 7, 8, 10, 9], [1, 2, 4, 5, 3, 6, 7, 10, 8, 9], [2, 1, 4, 3, 5, 6, 7, 8, 10, 9], [2, 1, 4, 3, 5, 6, 7, 10, 8, 9], [2, 1, 4, 5, 3, 6, 7, 8, 10, 9], [2, 1, 4, 5, 3, 6, 7, 10, 8, 9]]
Distance: 32
B = 
{(5, 2, 8, 1, 3, 4, 6, 10, 7, 9), (4, 2, 1, 7, 5, 10, 8, 6, 3, 9), (2, 1, 4, 5, 3, 10, 8, 6, 9, 7), (2, 4, 5, 3, 1, 10, 8, 6, 7, 9), (3, 4, 2, 1, 5, 6, 7, 9, 8, 10), (1, 2, 4, 3, 5, 6, 7, 9, 8, 10)}
M(B) = 
[[1, 2, 4, 3, 5, 6, 7, 8, 10, 9], [1, 2, 4, 3, 5, 6, 7, 10, 8, 9], [1, 2, 4, 5, 3, 6, 7, 8, 10, 9], [1, 2, 4, 5, 3, 6, 7, 10, 8, 9], [2, 1, 4, 3, 5, 6, 7, 8, 10, 9], [2, 1, 4, 3, 5, 6, 7, 10, 8, 9], [2, 1, 4, 5, 3, 6, 7, 8, 10, 9], [2, 1, 4, 5, 3, 6, 7, 10, 8, 9]]
Distance: 45
M(A) inter A:
set()
M(B) inter B:
set()

AUB = 
{(5, 2, 8, 1, 3, 4, 6, 10, 7, 9), (1, 2, 4, 3, 5, 6, 7, 9, 8, 10), (4, 2, 1, 7, 5, 10, 8, 6, 3, 9), (2, 1, 4, 5, 3, 10, 8, 6, 9, 7), (1, 3, 2, 4, 5, 6, 7, 8, 10, 9), (1, 2, 4, 3, 5, 6, 7, 10, 9, 8), (2, 6, 4, 5, 1, 9, 3, 10, 7, 8), (2, 4, 5, 3, 1, 10, 8, 6, 7, 9), (3, 4, 2, 1, 5, 6, 7, 9, 8, 10), (1, 2, 5, 4, 6, 3, 10, 8, 7, 9), (1, 2, 4, 3, 5, 6, 7, 8, 10, 9), (3, 1, 4, 2, 7, 5, 6, 9, 8, 10)}
M(AUB) = 
[[1, 2, 4, 3, 5, 6, 7, 8, 10, 9], [1, 2, 4, 3, 5, 6, 7, 10, 8, 9], [1, 2, 4, 5, 3, 6, 7, 8, 10, 9], [1, 2, 4, 5, 3, 6, 7, 10, 8, 9], [2, 1, 4, 3, 5, 6, 7, 8, 10, 9], [2, 1, 4, 3, 5, 6, 7, 10, 8, 9], [2, 1, 4, 5, 3, 6, 7, 8, 10, 9], [2, 1, 4, 5, 3, 6, 7, 10, 8, 9]]
Distance:85

(38)
A = 
{(4, 2, 1, 6, 7, 3, 9, 5, 8, 10), (3, 6, 7, 2, 1, 5, 4, 8, 9, 10), (1, 3, 2, 9, 5, 4, 6, 10, 7, 8), (2, 5, 4, 3, 1, 7, 8, 9, 10, 6), (2, 1, 4, 10, 6, 3, 9, 7, 5, 8), (1, 3, 4, 7, 2, 6, 9, 10, 8, 5)}
M(A) = 
[[2, 1, 3, 4, 6, 5, 7, 8, 9, 10], [2, 1, 3, 4, 6, 5, 7, 9, 8, 10]]
Distance: 57
B = 
{(4, 3, 1, 2, 5, 6, 7, 9, 10, 8), (3, 4, 1, 7, 2, 6, 9, 8, 5, 10), (2, 1, 3, 4, 6, 5, 8, 7, 9, 10), (2, 6, 5, 4, 1, 3, 10, 8, 7, 9), (2, 1, 3, 4, 5, 7, 8, 6, 9, 10), (1, 2, 5, 3, 4, 6, 8, 7, 9, 10)}
M(B) = 
[[2, 1, 3, 4, 6, 5, 7, 8, 9, 10], [2, 1, 3, 4, 6, 5, 7, 9, 8, 10]]
Distance: 41
M(A) inter A:
set()
M(B) inter B:
{(2, 1, 3, 4, 6, 5, 8, 7, 9, 10)}

AUB = 
{(4, 3, 1, 2, 5, 6, 7, 9, 10, 8), (3, 4, 1, 7, 2, 6, 9, 8, 5, 10), (4, 2, 1, 6, 7, 3, 9, 5, 8, 10), (3, 6, 7, 2, 1, 5, 4, 8, 9, 10), (2, 1, 3, 4, 6, 5, 8, 7, 9, 10), (2, 6, 5, 4, 1, 3, 10, 8, 7, 9), (1, 3, 2, 9, 5, 4, 6, 10, 7, 8), (2, 1, 3, 4, 5, 7, 8, 6, 9, 10), (2, 5, 4, 3, 1, 7, 8, 9, 10, 6), (2, 1, 4, 10, 6, 3, 9, 7, 5, 8), (1, 3, 4, 7, 2, 6, 9, 10, 8, 5), (1, 2, 5, 3, 4, 6, 8, 7, 9, 10)}
M(AUB) = 
[[2, 1, 3, 4, 6, 5, 7, 8, 9, 10], [2, 1, 3, 4, 6, 5, 7, 9, 8, 10]]
Distance:104

(39)
A = 
{(2, 1, 4, 5, 3, 6, 7, 8, 9, 10), (3, 4, 5, 1, 2, 6, 8, 10, 7, 9), (1, 3, 2, 4, 5, 6, 7, 8, 9, 10), (1, 2, 4, 3, 5, 6, 9, 8, 7, 10), (3, 4, 2, 1, 6, 9, 10, 7, 8, 5), (7, 1, 3, 2, 4, 9, 8, 6, 10, 5)}
M(A) = 
[[1, 3, 2, 4, 5, 6, 7, 8, 9, 10], [1, 3, 2, 4, 5, 6, 7, 9, 8, 10]]
Distance: 43
B = 
{(3, 7, 2, 4, 1, 6, 5, 10, 9, 8), (1, 5, 4, 3, 2, 9, 6, 8, 10, 7), (2, 1, 7, 5, 4, 3, 8, 10, 6, 9), (1, 2, 3, 4, 5, 6, 7, 8, 9, 10), (1, 7, 6, 8, 5, 3, 2, 4, 10, 9), (2, 3, 1, 6, 4, 5, 9, 8, 10, 7)}
M(B) = 
[[1, 3, 2, 4, 5, 6, 7, 8, 9, 10], [1, 3, 2, 4, 5, 6, 7, 9, 8, 10]]
Distance: 61
M(A) inter A:
{(1, 3, 2, 4, 5, 6, 7, 8, 9, 10)}
M(B) inter B:
{(1, 2, 3, 4, 5, 6, 7, 8, 9, 10)}

AUB = 
{(3, 7, 2, 4, 1, 6, 5, 10, 9, 8), (1, 5, 4, 3, 2, 9, 6, 8, 10, 7), (2, 1, 4, 5, 3, 6, 7, 8, 9, 10), (3, 4, 5, 1, 2, 6, 8, 10, 7, 9), (1, 3, 2, 4, 5, 6, 7, 8, 9, 10), (1, 2, 4, 3, 5, 6, 9, 8, 7, 10), (2, 1, 7, 5, 4, 3, 8, 10, 6, 9), (1, 2, 3, 4, 5, 6, 7, 8, 9, 10), (3, 4, 2, 1, 6, 9, 10, 7, 8, 5), (7, 1, 3, 2, 4, 9, 8, 6, 10, 5), (1, 7, 6, 8, 5, 3, 2, 4, 10, 9), (2, 3, 1, 6, 4, 5, 9, 8, 10, 7)}
M(AUB) = 
[[1, 3, 2, 4, 5, 6, 7, 8, 9, 10], [1, 3, 2, 4, 5, 6, 7, 9, 8, 10]]
Distance:104

(40)
A = 
{(1, 4, 3, 2, 5, 7, 9, 8, 6, 10), (1, 2, 4, 5, 3, 7, 6, 8, 10, 9), (1, 2, 4, 6, 5, 3, 7, 8, 9, 10), (2, 1, 4, 3, 6, 7, 5, 8, 9, 10), (1, 4, 5, 3, 6, 7, 2, 8, 10, 9), (1, 2, 3, 4, 5, 6, 7, 8, 9, 10)}
M(A) = 
[[1, 2, 4, 3, 5, 6, 7, 8, 9, 10]]
Distance: 23
B = 
{(2, 1, 3, 8, 5, 7, 4, 6, 9, 10), (2, 3, 1, 8, 4, 9, 5, 7, 6, 10), (2, 4, 1, 8, 5, 10, 3, 6, 7, 9), (3, 1, 4, 6, 5, 10, 8, 2, 7, 9), (4, 1, 5, 3, 8, 2, 7, 6, 10, 9), (1, 2, 3, 4, 5, 6, 7, 9, 8, 10)}
M(B) = 
[[1, 2, 4, 3, 5, 6, 7, 8, 9, 10]]
Distance: 48
M(A) inter A:
set()
M(B) inter B:
set()

AUB = 
{(1, 4, 3, 2, 5, 7, 9, 8, 6, 10), (1, 2, 4, 5, 3, 7, 6, 8, 10, 9), (2, 1, 3, 8, 5, 7, 4, 6, 9, 10), (2, 3, 1, 8, 4, 9, 5, 7, 6, 10), (1, 2, 4, 6, 5, 3, 7, 8, 9, 10), (2, 1, 4, 3, 6, 7, 5, 8, 9, 10), (2, 4, 1, 8, 5, 10, 3, 6, 7, 9), (1, 4, 5, 3, 6, 7, 2, 8, 10, 9), (1, 2, 3, 4, 5, 6, 7, 8, 9, 10), (3, 1, 4, 6, 5, 10, 8, 2, 7, 9), (4, 1, 5, 3, 8, 2, 7, 6, 10, 9), (1, 2, 3, 4, 5, 6, 7, 9, 8, 10)}
M(AUB) = 
[[1, 2, 4, 3, 5, 6, 7, 8, 9, 10]]
Distance:79

(41)
A = 
{(3, 4, 5, 7, 1, 2, 6, 8, 10, 9), (2, 3, 1, 5, 6, 8, 9, 7, 4, 10), (1, 2, 3, 4, 6, 9, 5, 7, 8, 10), (1, 2, 3, 5, 6, 4, 7, 9, 8, 10), (6, 1, 5, 2, 4, 3, 10, 8, 9, 7), (1, 3, 2, 5, 4, 6, 7, 8, 9, 10)}
M(A) = 
[[1, 2, 3, 4, 5, 6, 7, 8, 9, 10], [1, 2, 3, 5, 4, 6, 7, 8, 9, 10]]
Distance: 40
B = 
{(1, 5, 3, 6, 2, 4, 10, 8, 7, 9), (1, 2, 3, 5, 4, 6, 7, 8, 9, 10), (2, 4, 3, 1, 5, 8, 6, 7, 9, 10), (7, 2, 1, 3, 4, 6, 5, 10, 8, 9), (1, 2, 3, 4, 5, 6, 7, 8, 9, 10), (4, 2, 1, 9, 3, 5, 6, 7, 8, 10)}
M(B) = 
[[1, 2, 3, 4, 5, 6, 7, 8, 9, 10], [1, 2, 3, 5, 4, 6, 7, 8, 9, 10]]
Distance: 36
M(A) inter A:
set()
M(B) inter B:
{(1, 2, 3, 4, 5, 6, 7, 8, 9, 10)}

AUB = 
{(1, 5, 3, 6, 2, 4, 10, 8, 7, 9), (1, 2, 3, 5, 4, 6, 7, 8, 9, 10), (3, 4, 5, 7, 1, 2, 6, 8, 10, 9), (2, 3, 1, 5, 6, 8, 9, 7, 4, 10), (1, 2, 3, 4, 6, 9, 5, 7, 8, 10), (2, 4, 3, 1, 5, 8, 6, 7, 9, 10), (7, 2, 1, 3, 4, 6, 5, 10, 8, 9), (1, 2, 3, 5, 6, 4, 7, 9, 8, 10), (1, 2, 3, 4, 5, 6, 7, 8, 9, 10), (6, 1, 5, 2, 4, 3, 10, 8, 9, 7), (4, 2, 1, 9, 3, 5, 6, 7, 8, 10), (1, 3, 2, 5, 4, 6, 7, 8, 9, 10)}
M(AUB) = 
[[1, 2, 3, 4, 5, 6, 7, 8, 9, 10], [1, 2, 3, 5, 4, 6, 7, 8, 9, 10]]
Distance:78

(42)
A = 
{(2, 1, 3, 6, 5, 4, 10, 7, 9, 8), (2, 1, 4, 3, 6, 5, 7, 8, 9, 10), (2, 3, 1, 4, 7, 8, 9, 10, 5, 6), (3, 5, 9, 1, 8, 2, 6, 10, 4, 7), (1, 6, 3, 2, 4, 10, 5, 9, 8, 7), (1, 4, 3, 7, 6, 2, 5, 10, 9, 8)}
M(A) = 
[[1, 2, 3, 4, 6, 5, 7, 9, 8, 10], [2, 1, 3, 4, 6, 5, 7, 9, 8, 10]]
Distance: 58
B = 
{(1, 2, 4, 3, 5, 6, 7, 10, 8, 9), (3, 4, 1, 2, 6, 5, 7, 9, 8, 10), (2, 1, 3, 5, 4, 7, 6, 8, 9, 10), (2, 7, 1, 3, 5, 4, 6, 8, 9, 10), (1, 2, 3, 4, 6, 9, 5, 8, 7, 10), (2, 1, 3, 4, 6, 7, 5, 9, 10, 8)}
M(B) = 
[[1, 2, 3, 4, 6, 5, 7, 9, 8, 10], [2, 1, 3, 4, 6, 5, 7, 9, 8, 10]]
Distance: 29
M(A) inter A:
set()
M(B) inter B:
set()

AUB = 
{(2, 1, 3, 6, 5, 4, 10, 7, 9, 8), (1, 2, 4, 3, 5, 6, 7, 10, 8, 9), (3, 4, 1, 2, 6, 5, 7, 9, 8, 10), (2, 1, 4, 3, 6, 5, 7, 8, 9, 10), (2, 3, 1, 4, 7, 8, 9, 10, 5, 6), (3, 5, 9, 1, 8, 2, 6, 10, 4, 7), (1, 6, 3, 2, 4, 10, 5, 9, 8, 7), (2, 1, 3, 5, 4, 7, 6, 8, 9, 10), (2, 7, 1, 3, 5, 4, 6, 8, 9, 10), (1, 2, 3, 4, 6, 9, 5, 8, 7, 10), (2, 1, 3, 4, 6, 7, 5, 9, 10, 8), (1, 4, 3, 7, 6, 2, 5, 10, 9, 8)}
M(AUB) = 
[[1, 2, 3, 4, 6, 5, 7, 9, 8, 10], [2, 1, 3, 4, 6, 5, 7, 9, 8, 10]]
Distance:87

(43)
A = 
{(2, 5, 1, 6, 3, 7, 4, 10, 8, 9), (2, 1, 3, 5, 10, 4, 6, 9, 8, 7), (1, 4, 3, 2, 5, 9, 6, 8, 7, 10), (3, 2, 1, 4, 6, 5, 7, 9, 10, 8), (1, 7, 4, 2, 3, 8, 5, 9, 6, 10), (2, 6, 5, 3, 1, 10, 8, 9, 4, 7)}
M(A) = 
[[2, 1, 3, 4, 5, 6, 7, 9, 10, 8], [2, 1, 3, 5, 4, 6, 7, 9, 10, 8]]
Distance: 55
B = 
{(1, 3, 2, 4, 5, 6, 7, 8, 9, 10), (2, 3, 1, 6, 5, 4, 7, 9, 10, 8), (1, 4, 2, 3, 6, 5, 7, 9, 8, 10), (1, 3, 2, 5, 7, 4, 10, 8, 6, 9), (2, 1, 3, 10, 5, 8, 4, 7, 9, 6), (3, 2, 4, 5, 7, 1, 9, 6, 10, 8)}
M(B) = 
[[2, 1, 3, 4, 5, 6, 7, 9, 10, 8], [2, 1, 3, 5, 4, 6, 7, 9, 10, 8]]
Distance: 41
M(A) inter A:
set()
M(B) inter B:
set()

AUB = 
{(2, 5, 1, 6, 3, 7, 4, 10, 8, 9), (1, 3, 2, 4, 5, 6, 7, 8, 9, 10), (2, 3, 1, 6, 5, 4, 7, 9, 10, 8), (2, 1, 3, 5, 10, 4, 6, 9, 8, 7), (1, 4, 3, 2, 5, 9, 6, 8, 7, 10), (1, 4, 2, 3, 6, 5, 7, 9, 8, 10), (1, 3, 2, 5, 7, 4, 10, 8, 6, 9), (3, 2, 1, 4, 6, 5, 7, 9, 10, 8), (1, 7, 4, 2, 3, 8, 5, 9, 6, 10), (2, 1, 3, 10, 5, 8, 4, 7, 9, 6), (2, 6, 5, 3, 1, 10, 8, 9, 4, 7), (3, 2, 4, 5, 7, 1, 9, 6, 10, 8)}
M(AUB) = 
[[2, 1, 3, 4, 5, 6, 7, 9, 10, 8], [2, 1, 3, 5, 4, 6, 7, 9, 10, 8]]
Distance:96

(44)
A = 
{(4, 3, 1, 2, 5, 9, 6, 7, 10, 8), (5, 2, 1, 6, 4, 3, 7, 10, 9, 8), (2, 1, 3, 4, 8, 7, 5, 6, 10, 9), (4, 1, 2, 6, 3, 10, 7, 5, 9, 8), (1, 2, 3, 5, 4, 8, 7, 6, 10, 9), (2, 1, 3, 6, 4, 7, 10, 8, 9, 5)}
M(A) = 
[[1, 2, 3, 4, 5, 6, 7, 8, 10, 9]]
Distance: 46
B = 
{(2, 1, 3, 5, 8, 7, 9, 4, 10, 6), (1, 3, 2, 7, 5, 4, 8, 10, 9, 6), (3, 1, 2, 4, 6, 5, 8, 9, 7, 10), (3, 1, 4, 5, 7, 9, 2, 8, 6, 10), (6, 1, 2, 3, 4, 8, 7, 5, 9, 10), (4, 2, 3, 6, 1, 7, 10, 8, 5, 9)}
M(B) = 
[[1, 2, 3, 4, 5, 6, 7, 8, 10, 9]]
Distance: 54
M(A) inter A:
set()
M(B) inter B:
set()

AUB = 
{(4, 3, 1, 2, 5, 9, 6, 7, 10, 8), (5, 2, 1, 6, 4, 3, 7, 10, 9, 8), (2, 1, 3, 4, 8, 7, 5, 6, 10, 9), (4, 1, 2, 6, 3, 10, 7, 5, 9, 8), (2, 1, 3, 5, 8, 7, 9, 4, 10, 6), (1, 2, 3, 5, 4, 8, 7, 6, 10, 9), (1, 3, 2, 7, 5, 4, 8, 10, 9, 6), (3, 1, 2, 4, 6, 5, 8, 9, 7, 10), (3, 1, 4, 5, 7, 9, 2, 8, 6, 10), (2, 1, 3, 6, 4, 7, 10, 8, 9, 5), (6, 1, 2, 3, 4, 8, 7, 5, 9, 10), (4, 2, 3, 6, 1, 7, 10, 8, 5, 9)}
M(AUB) = 
[[1, 2, 3, 4, 5, 6, 7, 8, 10, 9]]
Distance:104

(45)
A = 
{(2, 5, 1, 4, 3, 8, 9, 7, 10, 6), (2, 1, 4, 3, 6, 5, 8, 7, 9, 10), (1, 4, 2, 3, 7, 5, 9, 8, 6, 10), (8, 1, 2, 3, 7, 10, 5, 9, 4, 6), (1, 4, 7, 3, 2, 5, 6, 10, 8, 9), (1, 2, 3, 4, 7, 5, 8, 9, 6, 10)}
M(A) = 
[[1, 2, 3, 4, 5, 7, 8, 6, 9, 10], [1, 2, 3, 4, 5, 7, 8, 6, 10, 9], [1, 2, 4, 3, 5, 7, 8, 6, 9, 10], [1, 2, 4, 3, 5, 7, 8, 6, 10, 9]]
Distance: 40
B = 
{(2, 3, 5, 6, 1, 7, 4, 9, 8, 10), (1, 4, 2, 3, 5, 7, 9, 8, 10, 6), (1, 4, 3, 2, 8, 10, 5, 6, 9, 7), (1, 2, 3, 6, 4, 7, 5, 8, 10, 9), (3, 5, 2, 7, 6, 1, 8, 4, 10, 9), (5, 2, 3, 1, 8, 4, 10, 6, 7, 9)}
M(B) = 
[[1, 2, 3, 4, 5, 7, 8, 6, 9, 10], [1, 2, 3, 4, 5, 7, 8, 6, 10, 9], [1, 2, 4, 3, 5, 7, 8, 6, 9, 10], [1, 2, 4, 3, 5, 7, 8, 6, 10, 9]]
Distance: 53
M(A) inter A:
set()
M(B) inter B:
set()

AUB = 
{(2, 5, 1, 4, 3, 8, 9, 7, 10, 6), (2, 3, 5, 6, 1, 7, 4, 9, 8, 10), (1, 4, 2, 3, 5, 7, 9, 8, 10, 6), (2, 1, 4, 3, 6, 5, 8, 7, 9, 10), (1, 4, 3, 2, 8, 10, 5, 6, 9, 7), (1, 4, 2, 3, 7, 5, 9, 8, 6, 10), (1, 2, 3, 6, 4, 7, 5, 8, 10, 9), (8, 1, 2, 3, 7, 10, 5, 9, 4, 6), (1, 4, 7, 3, 2, 5, 6, 10, 8, 9), (1, 2, 3, 4, 7, 5, 8, 9, 6, 10), (3, 5, 2, 7, 6, 1, 8, 4, 10, 9), (5, 2, 3, 1, 8, 4, 10, 6, 7, 9)}
M(AUB) = 
[[1, 2, 3, 4, 5, 7, 8, 6, 9, 10], [1, 2, 3, 4, 5, 7, 8, 6, 10, 9], [1, 2, 4, 3, 5, 7, 8, 6, 9, 10], [1, 2, 4, 3, 5, 7, 8, 6, 10, 9]]
Distance:103

(46)
A = 
{(6, 1, 5, 3, 2, 4, 7, 9, 8, 10), (2, 4, 3, 1, 7, 5, 8, 6, 9, 10), (1, 2, 3, 4, 6, 5, 7, 9, 8, 10), (1, 3, 2, 4, 6, 5, 8, 9, 10, 7), (1, 2, 4, 3, 6, 5, 7, 8, 9, 10), (1, 4, 5, 3, 2, 6, 9, 7, 8, 10)}
M(A) = 
[[1, 3, 4, 2, 6, 5, 7, 8, 9, 10], [1, 3, 4, 2, 6, 5, 7, 9, 8, 10], [1, 4, 2, 3, 6, 5, 7, 8, 9, 10], [1, 4, 2, 3, 6, 5, 7, 9, 8, 10], [1, 4, 3, 2, 6, 5, 7, 8, 9, 10], [1, 4, 3, 2, 6, 5, 7, 9, 8, 10]]
Distance: 31
B = 
{(3, 4, 5, 2, 6, 1, 7, 9, 8, 10), (1, 4, 2, 3, 7, 6, 5, 8, 10, 9), (1, 4, 2, 3, 5, 7, 6, 8, 10, 9), (3, 1, 10, 4, 2, 5, 7, 9, 8, 6), (1, 6, 3, 4, 2, 5, 7, 10, 8, 9), (4, 2, 3, 1, 6, 9, 7, 5, 8, 10)}
M(B) = 
[[1, 3, 4, 2, 6, 5, 7, 8, 9, 10], [1, 3, 4, 2, 6, 5, 7, 9, 8, 10], [1, 4, 2, 3, 6, 5, 7, 8, 9, 10], [1, 4, 2, 3, 6, 5, 7, 9, 8, 10], [1, 4, 3, 2, 6, 5, 7, 8, 9, 10], [1, 4, 3, 2, 6, 5, 7, 9, 8, 10]]
Distance: 43
M(A) inter A:
set()
M(B) inter B:
{(1, 4, 2, 3, 5, 7, 6, 8, 10, 9)}

AUB = 
{(6, 1, 5, 3, 2, 4, 7, 9, 8, 10), (2, 4, 3, 1, 7, 5, 8, 6, 9, 10), (1, 2, 3, 4, 6, 5, 7, 9, 8, 10), (3, 4, 5, 2, 6, 1, 7, 9, 8, 10), (1, 4, 2, 3, 7, 6, 5, 8, 10, 9), (1, 4, 2, 3, 5, 7, 6, 8, 10, 9), (1, 3, 2, 4, 6, 5, 8, 9, 10, 7), (1, 2, 4, 3, 6, 5, 7, 8, 9, 10), (1, 4, 5, 3, 2, 6, 9, 7, 8, 10), (3, 1, 10, 4, 2, 5, 7, 9, 8, 6), (1, 6, 3, 4, 2, 5, 7, 10, 8, 9), (4, 2, 3, 1, 6, 9, 7, 5, 8, 10)}
M(AUB) = 
[[1, 3, 4, 2, 6, 5, 7, 8, 9, 10], [1, 3, 4, 2, 6, 5, 7, 9, 8, 10], [1, 4, 2, 3, 6, 5, 7, 8, 9, 10], [1, 4, 2, 3, 6, 5, 7, 9, 8, 10], [1, 4, 3, 2, 6, 5, 7, 8, 9, 10], [1, 4, 3, 2, 6, 5, 7, 9, 8, 10]]
Distance:80

(47)
A = 
{(2, 1, 3, 4, 7, 6, 5, 8, 10, 9), (2, 1, 3, 4, 6, 10, 5, 8, 7, 9), (1, 4, 2, 3, 6, 5, 7, 8, 9, 10), (3, 6, 2, 1, 5, 9, 10, 4, 7, 8), (1, 4, 3, 5, 2, 8, 9, 6, 7, 10), (4, 2, 3, 1, 7, 5, 6, 8, 9, 10)}
M(A) = 
[[1, 3, 4, 2, 6, 5, 7, 8, 9, 10]]
Distance: 40
B = 
{(1, 3, 4, 2, 6, 5, 8, 7, 10, 9), (1, 4, 6, 7, 3, 10, 8, 5, 2, 9), (2, 7, 6, 4, 1, 5, 3, 9, 10, 8), (3, 1, 2, 6, 4, 9, 5, 7, 8, 10), (5, 3, 1, 7, 8, 4, 10, 9, 6, 2), (3, 4, 1, 6, 7, 2, 5, 8, 9, 10)}
M(B) = 
[[1, 3, 4, 2, 6, 5, 7, 8, 9, 10]]
Distance: 60
M(A) inter A:
set()
M(B) inter B:
set()

AUB = 
{(2, 1, 3, 4, 7, 6, 5, 8, 10, 9), (2, 1, 3, 4, 6, 10, 5, 8, 7, 9), (1, 4, 2, 3, 6, 5, 7, 8, 9, 10), (1, 3, 4, 2, 6, 5, 8, 7, 10, 9), (1, 4, 6, 7, 3, 10, 8, 5, 2, 9), (2, 7, 6, 4, 1, 5, 3, 9, 10, 8), (3, 6, 2, 1, 5, 9, 10, 4, 7, 8), (1, 4, 3, 5, 2, 8, 9, 6, 7, 10), (3, 1, 2, 6, 4, 9, 5, 7, 8, 10), (5, 3, 1, 7, 8, 4, 10, 9, 6, 2), (3, 4, 1, 6, 7, 2, 5, 8, 9, 10), (4, 2, 3, 1, 7, 5, 6, 8, 9, 10)}
M(AUB) = 
[[1, 3, 4, 2, 6, 5, 7, 8, 9, 10]]
Distance:104

(48)
A = 
{(1, 3, 2, 7, 5, 4, 6, 9, 8, 10), (1, 4, 5, 2, 10, 3, 7, 9, 6, 8), (1, 5, 2, 4, 3, 7, 6, 9, 8, 10), (2, 3, 6, 4, 1, 8, 5, 7, 9, 10), (1, 2, 4, 3, 5, 6, 7, 9, 8, 10), (1, 2, 3, 6, 4, 5, 8, 10, 7, 9)}
M(A) = 
[[1, 2, 3, 4, 5, 7, 6, 9, 8, 10], [1, 2, 3, 5, 4, 7, 6, 9, 8, 10]]
Distance: 37
B = 
{(3, 2, 5, 1, 7, 10, 6, 4, 9, 8), (1, 2, 3, 7, 5, 4, 8, 6, 10, 9), (1, 2, 3, 4, 7, 6, 5, 10, 8, 9), (2, 1, 4, 6, 3, 5, 9, 7, 8, 10), (3, 2, 1, 5, 4, 7, 9, 8, 6, 10), (1, 3, 5, 2, 4, 6, 7, 8, 9, 10)}
M(B) = 
[[1, 2, 3, 4, 5, 7, 6, 9, 8, 10], [1, 2, 3, 5, 4, 7, 6, 9, 8, 10]]
Distance: 37
M(A) inter A:
set()
M(B) inter B:
set()

AUB = 
{(1, 3, 5, 2, 4, 6, 7, 8, 9, 10), (1, 3, 2, 7, 5, 4, 6, 9, 8, 10), (1, 4, 5, 2, 10, 3, 7, 9, 6, 8), (3, 2, 5, 1, 7, 10, 6, 4, 9, 8), (1, 2, 3, 7, 5, 4, 8, 6, 10, 9), (1, 2, 3, 4, 7, 6, 5, 10, 8, 9), (2, 1, 4, 6, 3, 5, 9, 7, 8, 10), (1, 5, 2, 4, 3, 7, 6, 9, 8, 10), (2, 3, 6, 4, 1, 8, 5, 7, 9, 10), (3, 2, 1, 5, 4, 7, 9, 8, 6, 10), (1, 2, 4, 3, 5, 6, 7, 9, 8, 10), (1, 2, 3, 6, 4, 5, 8, 10, 7, 9)}
M(AUB) = 
[[1, 2, 3, 4, 5, 7, 6, 9, 8, 10], [1, 2, 3, 5, 4, 7, 6, 9, 8, 10]]
Distance:76

(49)
A = 
{(3, 1, 2, 7, 4, 5, 6, 8, 10, 9), (3, 1, 5, 2, 6, 9, 8, 7, 4, 10), (1, 7, 4, 6, 3, 2, 5, 8, 10, 9), (3, 1, 5, 4, 2, 6, 8, 7, 9, 10), (1, 5, 2, 8, 6, 9, 4, 3, 7, 10), (2, 1, 3, 5, 4, 7, 9, 6, 8, 10)}
M(A) = 
[[1, 2, 3, 4, 5, 6, 7, 8, 9, 10], [1, 2, 3, 5, 4, 6, 7, 8, 9, 10], [1, 3, 2, 4, 5, 6, 7, 8, 9, 10], [1, 3, 2, 5, 4, 6, 7, 8, 9, 10], [2, 1, 3, 4, 5, 6, 7, 8, 9, 10], [2, 1, 3, 5, 4, 6, 7, 8, 9, 10]]
Distance: 49
B = 
{(5, 2, 1, 3, 6, 7, 4, 8, 10, 9), (2, 1, 3, 4, 6, 5, 7, 8, 9, 10), (3, 6, 2, 1, 4, 5, 9, 7, 8, 10), (2, 1, 3, 6, 4, 5, 7, 9, 10, 8), (1, 5, 4, 3, 7, 2, 6, 8, 9, 10), (2, 1, 3, 4, 5, 6, 7, 8, 9, 10)}
M(B) = 
[[1, 2, 3, 4, 5, 6, 7, 8, 9, 10], [1, 2, 3, 5, 4, 6, 7, 8, 9, 10], [1, 3, 2, 4, 5, 6, 7, 8, 9, 10], [1, 3, 2, 5, 4, 6, 7, 8, 9, 10], [2, 1, 3, 4, 5, 6, 7, 8, 9, 10], [2, 1, 3, 5, 4, 6, 7, 8, 9, 10]]
Distance: 29
M(A) inter A:
set()
M(B) inter B:
{(2, 1, 3, 4, 5, 6, 7, 8, 9, 10), (2, 1, 3, 4, 6, 5, 7, 8, 9, 10)}

AUB = 
{(3, 1, 2, 7, 4, 5, 6, 8, 10, 9), (3, 1, 5, 2, 6, 9, 8, 7, 4, 10), (5, 2, 1, 3, 6, 7, 4, 8, 10, 9), (1, 7, 4, 6, 3, 2, 5, 8, 10, 9), (3, 1, 5, 4, 2, 6, 8, 7, 9, 10), (1, 5, 2, 8, 6, 9, 4, 3, 7, 10), (2, 1, 3, 5, 4, 7, 9, 6, 8, 10), (2, 1, 3, 4, 6, 5, 7, 8, 9, 10), (3, 6, 2, 1, 4, 5, 9, 7, 8, 10), (2, 1, 3, 6, 4, 5, 7, 9, 10, 8), (1, 5, 4, 3, 7, 2, 6, 8, 9, 10), (2, 1, 3, 4, 5, 6, 7, 8, 9, 10)}
M(AUB) = 
[[1, 2, 3, 4, 5, 6, 7, 8, 9, 10], [1, 2, 3, 5, 4, 6, 7, 8, 9, 10], [1, 3, 2, 4, 5, 6, 7, 8, 9, 10], [1, 3, 2, 5, 4, 6, 7, 8, 9, 10], [2, 1, 3, 4, 5, 6, 7, 8, 9, 10], [2, 1, 3, 5, 4, 6, 7, 8, 9, 10]]
Distance:86

