(0)
A = 
{(1, 4, 6, 2, 3, 10, 9, 8, 5, 7), (5, 1, 3, 4, 2, 6, 7, 8, 10, 9), (1, 2, 3, 6, 4, 5, 8, 7, 9, 10), (1, 2, 3, 4, 5, 6, 7, 8, 10, 9), (6, 1, 2, 5, 4, 3, 7, 9, 8, 10), (2, 3, 6, 4, 1, 7, 5, 8, 9, 10), (1, 2, 3, 4, 5, 6, 7, 8, 9, 10), (2, 3, 4, 1, 5, 7, 6, 8, 10, 9), (3, 1, 2, 4, 5, 7, 9, 6, 10, 8)}
M(A) = 
[[1, 2, 3, 4, 5, 6, 7, 8, 9, 10]]
Distance: 52
B = 
{(6, 8, 3, 4, 2, 9, 10, 1, 5, 7), (4, 1, 2, 5, 3, 8, 6, 7, 9, 10), (1, 4, 3, 2, 5, 6, 9, 8, 7, 10), (1, 2, 3, 4, 5, 6, 7, 8, 9, 10), (1, 2, 4, 5, 3, 6, 8, 10, 7, 9), (2, 1, 3, 4, 5, 6, 7, 8, 9, 10), (1, 2, 3, 5, 7, 4, 6, 10, 9, 8), (1, 2, 3, 4, 6, 5, 7, 8, 9, 10), (1, 3, 5, 2, 7, 9, 4, 8, 6, 10)}
M(B) = 
[[1, 2, 3, 4, 5, 6, 7, 8, 9, 10]]
Distance: 56
M(A) inter A:
{(1, 2, 3, 4, 5, 6, 7, 8, 9, 10)}
M(B) inter B:
{(1, 2, 3, 4, 5, 6, 7, 8, 9, 10)}

AUB = 
{(1, 3, 5, 2, 7, 9, 4, 8, 6, 10), (1, 4, 6, 2, 3, 10, 9, 8, 5, 7), (5, 1, 3, 4, 2, 6, 7, 8, 10, 9), (6, 8, 3, 4, 2, 9, 10, 1, 5, 7), (4, 1, 2, 5, 3, 8, 6, 7, 9, 10), (1, 2, 3, 6, 4, 5, 8, 7, 9, 10), (1, 2, 3, 4, 5, 6, 7, 8, 10, 9), (1, 4, 3, 2, 5, 6, 9, 8, 7, 10), (6, 1, 2, 5, 4, 3, 7, 9, 8, 10), (2, 3, 6, 4, 1, 7, 5, 8, 9, 10), (1, 2, 3, 4, 5, 6, 7, 8, 9, 10), (2, 3, 4, 1, 5, 7, 6, 8, 10, 9), (1, 2, 4, 5, 3, 6, 8, 10, 7, 9), (2, 1, 3, 4, 5, 6, 7, 8, 9, 10), (1, 2, 3, 5, 7, 4, 6, 10, 9, 8), (3, 1, 2, 4, 5, 7, 9, 6, 10, 8), (1, 2, 3, 4, 6, 5, 7, 8, 9, 10)}
M(AUB) = 
[[1, 2, 3, 4, 5, 6, 7, 8, 9, 10]]
Distance:108

(1)
A = 
{(2, 1, 3, 4, 7, 5, 6, 8, 10, 9), (1, 3, 2, 6, 4, 5, 9, 8, 7, 10), (2, 1, 5, 6, 4, 8, 3, 7, 10, 9), (3, 1, 2, 4, 5, 7, 6, 8, 10, 9), (2, 4, 3, 5, 7, 8, 1, 10, 6, 9), (1, 4, 6, 2, 7, 3, 10, 5, 8, 9), (3, 1, 2, 4, 5, 6, 9, 8, 10, 7), (3, 4, 1, 2, 7, 5, 6, 9, 8, 10), (2, 4, 3, 1, 5, 6, 7, 9, 8, 10)}
M(A) = 
[[1, 2, 3, 4, 5, 7, 6, 8, 10, 9], [1, 2, 4, 3, 5, 7, 6, 8, 10, 9]]
Distance: 61
B = 
{(2, 3, 1, 5, 7, 6, 10, 4, 8, 9), (2, 4, 1, 3, 5, 8, 7, 6, 10, 9), (1, 3, 2, 10, 6, 7, 9, 5, 4, 8), (5, 1, 2, 6, 3, 7, 4, 10, 8, 9), (1, 4, 2, 3, 5, 7, 6, 8, 9, 10), (3, 5, 8, 1, 9, 7, 2, 4, 6, 10), (2, 1, 4, 3, 8, 6, 10, 9, 5, 7), (1, 4, 2, 5, 7, 3, 6, 10, 9, 8), (2, 1, 5, 7, 4, 3, 8, 10, 9, 6)}
M(B) = 
[[1, 2, 3, 4, 5, 7, 6, 8, 10, 9], [1, 2, 4, 3, 5, 7, 6, 8, 10, 9]]
Distance: 80
M(A) inter A:
set()
M(B) inter B:
set()

AUB = 
{(2, 1, 3, 4, 7, 5, 6, 8, 10, 9), (2, 3, 1, 5, 7, 6, 10, 4, 8, 9), (1, 3, 2, 6, 4, 5, 9, 8, 7, 10), (2, 1, 5, 6, 4, 8, 3, 7, 10, 9), (3, 1, 2, 4, 5, 7, 6, 8, 10, 9), (2, 4, 3, 5, 7, 8, 1, 10, 6, 9), (2, 4, 1, 3, 5, 8, 7, 6, 10, 9), (1, 3, 2, 10, 6, 7, 9, 5, 4, 8), (5, 1, 2, 6, 3, 7, 4, 10, 8, 9), (1, 4, 2, 3, 5, 7, 6, 8, 9, 10), (1, 4, 6, 2, 7, 3, 10, 5, 8, 9), (3, 1, 2, 4, 5, 6, 9, 8, 10, 7), (3, 4, 1, 2, 7, 5, 6, 9, 8, 10), (3, 5, 8, 1, 9, 7, 2, 4, 6, 10), (2, 1, 4, 3, 8, 6, 10, 9, 5, 7), (2, 4, 3, 1, 5, 6, 7, 9, 8, 10), (1, 4, 2, 5, 7, 3, 6, 10, 9, 8), (2, 1, 5, 7, 4, 3, 8, 10, 9, 6)}
M(AUB) = 
[[1, 2, 3, 4, 5, 7, 6, 8, 10, 9], [1, 2, 4, 3, 5, 7, 6, 8, 10, 9]]
Distance:144

(2)
A = 
{(1, 2, 3, 5, 4, 8, 6, 7, 9, 10), (1, 3, 4, 2, 7, 5, 8, 6, 10, 9), (1, 3, 2, 4, 5, 6, 7, 8, 9, 10), (1, 2, 4, 5, 3, 7, 9, 8, 10, 6), (3, 4, 2, 5, 7, 6, 1, 10, 8, 9), (2, 1, 3, 5, 4, 7, 8, 10, 6, 9), (1, 4, 2, 5, 3, 6, 9, 8, 7, 10), (2, 1, 3, 6, 4, 7, 5, 9, 10, 8), (4, 2, 9, 1, 5, 6, 3, 8, 10, 7)}
M(A) = 
[[1, 2, 3, 4, 5, 6, 8, 7, 9, 10], [1, 2, 3, 4, 5, 6, 7, 8, 9, 10]]
Distance: 60
B = 
{(1, 2, 3, 5, 4, 7, 6, 8, 10, 9), (1, 3, 2, 6, 4, 5, 8, 9, 10, 7), (3, 5, 1, 8, 4, 2, 6, 7, 9, 10), (2, 1, 4, 3, 6, 5, 7, 10, 8, 9), (2, 5, 3, 1, 6, 8, 7, 4, 9, 10), (2, 3, 4, 1, 5, 8, 7, 10, 6, 9), (3, 1, 2, 4, 8, 6, 9, 5, 7, 10), (1, 2, 3, 8, 4, 5, 6, 7, 9, 10), (1, 2, 4, 6, 7, 5, 10, 8, 9, 3)}
M(B) = 
[[1, 2, 3, 4, 5, 6, 8, 7, 9, 10], [1, 2, 3, 4, 5, 6, 7, 8, 9, 10]]
Distance: 61
M(A) inter A:
set()
M(B) inter B:
set()

AUB = 
{(1, 2, 3, 5, 4, 8, 6, 7, 9, 10), (1, 3, 4, 2, 7, 5, 8, 6, 10, 9), (1, 3, 2, 4, 5, 6, 7, 8, 9, 10), (1, 2, 4, 5, 3, 7, 9, 8, 10, 6), (3, 4, 2, 5, 7, 6, 1, 10, 8, 9), (2, 1, 3, 5, 4, 7, 8, 10, 6, 9), (1, 2, 3, 5, 4, 7, 6, 8, 10, 9), (1, 3, 2, 6, 4, 5, 8, 9, 10, 7), (3, 5, 1, 8, 4, 2, 6, 7, 9, 10), (1, 4, 2, 5, 3, 6, 9, 8, 7, 10), (2, 1, 4, 3, 6, 5, 7, 10, 8, 9), (2, 5, 3, 1, 6, 8, 7, 4, 9, 10), (2, 3, 4, 1, 5, 8, 7, 10, 6, 9), (2, 1, 3, 6, 4, 7, 5, 9, 10, 8), (4, 2, 9, 1, 5, 6, 3, 8, 10, 7), (3, 1, 2, 4, 8, 6, 9, 5, 7, 10), (1, 2, 3, 8, 4, 5, 6, 7, 9, 10), (1, 2, 4, 6, 7, 5, 10, 8, 9, 3)}
M(AUB) = 
[[1, 2, 3, 4, 5, 6, 8, 7, 9, 10], [1, 2, 3, 4, 5, 6, 7, 8, 9, 10]]
Distance:124

(3)
A = 
{(1, 3, 2, 7, 4, 6, 9, 8, 10, 5), (2, 3, 1, 4, 6, 7, 5, 8, 10, 9), (1, 4, 3, 6, 7, 2, 5, 9, 10, 8), (1, 3, 4, 2, 7, 8, 10, 6, 5, 9), (2, 1, 4, 3, 6, 5, 7, 8, 10, 9), (3, 5, 6, 8, 1, 2, 7, 9, 10, 4), (1, 4, 2, 3, 9, 6, 5, 10, 7, 8), (7, 3, 1, 2, 6, 4, 9, 5, 10, 8), (3, 1, 4, 2, 5, 6, 7, 8, 10, 9)}
M(A) = 
[[1, 3, 2, 4, 5, 6, 7, 9, 8, 10]]
Distance: 69
B = 
{(3, 1, 2, 4, 5, 6, 7, 9, 8, 10), (4, 1, 3, 2, 5, 7, 6, 10, 9, 8), (6, 1, 7, 5, 4, 2, 3, 10, 9, 8), (2, 1, 3, 4, 9, 5, 10, 7, 6, 8), (4, 2, 1, 5, 3, 6, 10, 9, 8, 7), (3, 2, 1, 5, 6, 4, 9, 7, 8, 10), (2, 1, 4, 3, 5, 8, 10, 6, 9, 7), (1, 2, 3, 5, 4, 7, 6, 9, 8, 10), (1, 4, 3, 2, 5, 10, 6, 7, 9, 8)}
M(B) = 
[[1, 3, 2, 4, 5, 6, 7, 9, 8, 10]]
Distance: 64
M(A) inter A:
set()
M(B) inter B:
set()

AUB = 
{(1, 3, 2, 7, 4, 6, 9, 8, 10, 5), (2, 3, 1, 4, 6, 7, 5, 8, 10, 9), (3, 1, 2, 4, 5, 6, 7, 9, 8, 10), (1, 4, 3, 6, 7, 2, 5, 9, 10, 8), (4, 1, 3, 2, 5, 7, 6, 10, 9, 8), (1, 3, 4, 2, 7, 8, 10, 6, 5, 9), (2, 1, 4, 3, 6, 5, 7, 8, 10, 9), (6, 1, 7, 5, 4, 2, 3, 10, 9, 8), (2, 1, 3, 4, 9, 5, 10, 7, 6, 8), (4, 2, 1, 5, 3, 6, 10, 9, 8, 7), (3, 2, 1, 5, 6, 4, 9, 7, 8, 10), (3, 5, 6, 8, 1, 2, 7, 9, 10, 4), (2, 1, 4, 3, 5, 8, 10, 6, 9, 7), (1, 4, 2, 3, 9, 6, 5, 10, 7, 8), (1, 2, 3, 5, 4, 7, 6, 9, 8, 10), (1, 4, 3, 2, 5, 10, 6, 7, 9, 8), (7, 3, 1, 2, 6, 4, 9, 5, 10, 8), (3, 1, 4, 2, 5, 6, 7, 8, 10, 9)}
M(AUB) = 
[[1, 3, 2, 4, 5, 6, 7, 9, 8, 10]]
Distance:144

(4)
A = 
{(4, 2, 3, 5, 8, 6, 10, 7, 1, 9), (2, 3, 1, 5, 4, 10, 6, 7, 9, 8), (2, 4, 1, 3, 5, 7, 10, 6, 9, 8), (4, 5, 2, 1, 9, 6, 7, 10, 8, 3), (4, 1, 3, 7, 5, 2, 8, 9, 6, 10), (1, 2, 3, 4, 5, 6, 8, 7, 9, 10), (2, 1, 6, 4, 3, 5, 8, 9, 10, 7), (1, 6, 2, 4, 7, 5, 3, 9, 10, 8), (6, 4, 1, 7, 2, 3, 5, 10, 8, 9)}
M(A) = 
[[1, 2, 4, 3, 6, 5, 7, 8, 9, 10], [1, 2, 4, 3, 6, 5, 7, 9, 8, 10], [1, 2, 4, 3, 6, 5, 7, 9, 10, 8]]
Distance: 81
B = 
{(1, 3, 2, 6, 4, 9, 5, 8, 7, 10), (3, 4, 2, 8, 6, 5, 1, 7, 9, 10), (2, 1, 3, 4, 7, 9, 10, 6, 5, 8), (1, 2, 4, 6, 10, 9, 8, 3, 5, 7), (4, 1, 3, 2, 7, 6, 10, 8, 5, 9), (3, 1, 7, 2, 5, 4, 9, 8, 10, 6), (2, 4, 1, 3, 6, 5, 7, 10, 8, 9), (1, 6, 2, 4, 3, 5, 8, 7, 9, 10), (1, 4, 2, 3, 9, 5, 8, 6, 7, 10)}
M(B) = 
[[1, 2, 4, 3, 6, 5, 7, 8, 9, 10], [1, 2, 4, 3, 6, 5, 7, 9, 8, 10], [1, 2, 4, 3, 6, 5, 7, 9, 10, 8]]
Distance: 79
M(A) inter A:
set()
M(B) inter B:
set()

AUB = 
{(4, 2, 3, 5, 8, 6, 10, 7, 1, 9), (2, 3, 1, 5, 4, 10, 6, 7, 9, 8), (1, 3, 2, 6, 4, 9, 5, 8, 7, 10), (3, 4, 2, 8, 6, 5, 1, 7, 9, 10), (2, 4, 1, 3, 5, 7, 10, 6, 9, 8), (2, 1, 3, 4, 7, 9, 10, 6, 5, 8), (1, 2, 4, 6, 10, 9, 8, 3, 5, 7), (4, 1, 3, 2, 7, 6, 10, 8, 5, 9), (3, 1, 7, 2, 5, 4, 9, 8, 10, 6), (4, 5, 2, 1, 9, 6, 7, 10, 8, 3), (4, 1, 3, 7, 5, 2, 8, 9, 6, 10), (1, 2, 3, 4, 5, 6, 8, 7, 9, 10), (2, 4, 1, 3, 6, 5, 7, 10, 8, 9), (2, 1, 6, 4, 3, 5, 8, 9, 10, 7), (1, 6, 2, 4, 7, 5, 3, 9, 10, 8), (1, 6, 2, 4, 3, 5, 8, 7, 9, 10), (1, 4, 2, 3, 9, 5, 8, 6, 7, 10), (6, 4, 1, 7, 2, 3, 5, 10, 8, 9)}
M(AUB) = 
[[1, 2, 4, 3, 6, 5, 7, 8, 9, 10], [1, 2, 4, 3, 6, 5, 7, 9, 8, 10], [1, 2, 4, 3, 6, 5, 7, 9, 10, 8]]
Distance:166

(5)
A = 
{(3, 5, 1, 6, 9, 8, 2, 7, 4, 10), (1, 8, 3, 2, 6, 5, 9, 7, 4, 10), (1, 6, 4, 3, 2, 5, 7, 9, 10, 8), (4, 2, 6, 9, 8, 1, 10, 5, 7, 3), (2, 5, 1, 3, 6, 8, 4, 7, 9, 10), (1, 2, 3, 7, 4, 5, 6, 8, 9, 10), (1, 3, 2, 8, 4, 6, 5, 7, 10, 9), (2, 1, 3, 10, 4, 7, 5, 6, 9, 8), (2, 4, 3, 1, 9, 6, 7, 5, 8, 10)}
M(A) = 
[[1, 2, 3, 4, 5, 6, 7, 9, 8, 10], [1, 2, 4, 3, 5, 6, 7, 9, 8, 10]]
Distance: 93
B = 
{(1, 2, 7, 3, 5, 4, 10, 6, 8, 9), (4, 2, 7, 8, 1, 3, 9, 6, 5, 10), (1, 2, 4, 6, 5, 3, 7, 8, 9, 10), (1, 2, 4, 5, 6, 9, 3, 10, 7, 8), (3, 1, 4, 7, 5, 6, 2, 9, 8, 10), (1, 4, 5, 3, 7, 9, 6, 8, 2, 10), (4, 1, 6, 2, 5, 3, 7, 9, 8, 10), (7, 2, 1, 4, 5, 6, 9, 10, 3, 8), (5, 3, 8, 2, 1, 4, 6, 7, 10, 9)}
M(B) = 
[[1, 2, 3, 4, 5, 6, 7, 9, 8, 10], [1, 2, 4, 3, 5, 6, 7, 9, 8, 10]]
Distance: 83
M(A) inter A:
set()
M(B) inter B:
set()

AUB = 
{(3, 5, 1, 6, 9, 8, 2, 7, 4, 10), (1, 2, 7, 3, 5, 4, 10, 6, 8, 9), (1, 8, 3, 2, 6, 5, 9, 7, 4, 10), (4, 2, 7, 8, 1, 3, 9, 6, 5, 10), (1, 6, 4, 3, 2, 5, 7, 9, 10, 8), (1, 2, 4, 6, 5, 3, 7, 8, 9, 10), (1, 2, 4, 5, 6, 9, 3, 10, 7, 8), (4, 2, 6, 9, 8, 1, 10, 5, 7, 3), (2, 5, 1, 3, 6, 8, 4, 7, 9, 10), (1, 2, 3, 7, 4, 5, 6, 8, 9, 10), (3, 1, 4, 7, 5, 6, 2, 9, 8, 10), (1, 4, 5, 3, 7, 9, 6, 8, 2, 10), (1, 3, 2, 8, 4, 6, 5, 7, 10, 9), (2, 1, 3, 10, 4, 7, 5, 6, 9, 8), (2, 4, 3, 1, 9, 6, 7, 5, 8, 10), (4, 1, 6, 2, 5, 3, 7, 9, 8, 10), (7, 2, 1, 4, 5, 6, 9, 10, 3, 8), (5, 3, 8, 2, 1, 4, 6, 7, 10, 9)}
M(AUB) = 
[[1, 2, 3, 4, 5, 6, 7, 9, 8, 10], [1, 2, 4, 3, 5, 6, 7, 9, 8, 10]]
Distance:184

(6)
A = 
{(1, 4, 5, 7, 8, 3, 2, 6, 10, 9), (3, 1, 2, 4, 7, 9, 5, 8, 6, 10), (3, 6, 2, 4, 1, 5, 7, 8, 9, 10), (2, 1, 3, 6, 10, 4, 7, 5, 9, 8), (4, 1, 3, 2, 5, 7, 9, 6, 8, 10), (1, 2, 5, 4, 3, 6, 8, 7, 10, 9), (2, 1, 4, 6, 7, 3, 5, 8, 9, 10), (1, 2, 3, 5, 4, 6, 7, 9, 10, 8), (5, 1, 3, 6, 2, 7, 4, 8, 10, 9)}
M(A) = 
[[1, 2, 3, 4, 5, 6, 7, 8, 9, 10]]
Distance: 67
B = 
{(1, 2, 3, 4, 6, 5, 7, 10, 8, 9), (5, 2, 7, 4, 1, 9, 3, 8, 10, 6), (1, 2, 3, 4, 5, 6, 8, 7, 9, 10), (1, 3, 5, 7, 2, 8, 9, 6, 10, 4), (1, 3, 5, 6, 2, 4, 7, 9, 8, 10), (1, 2, 4, 3, 5, 6, 7, 8, 9, 10), (2, 1, 3, 4, 5, 7, 6, 8, 9, 10), (5, 3, 1, 2, 4, 7, 9, 6, 10, 8), (5, 2, 8, 3, 1, 4, 6, 9, 7, 10)}
M(B) = 
[[1, 2, 3, 4, 5, 6, 7, 8, 9, 10]]
Distance: 62
M(A) inter A:
set()
M(B) inter B:
set()

AUB = 
{(1, 4, 5, 7, 8, 3, 2, 6, 10, 9), (3, 1, 2, 4, 7, 9, 5, 8, 6, 10), (3, 6, 2, 4, 1, 5, 7, 8, 9, 10), (2, 1, 3, 6, 10, 4, 7, 5, 9, 8), (1, 2, 3, 4, 6, 5, 7, 10, 8, 9), (5, 2, 7, 4, 1, 9, 3, 8, 10, 6), (4, 1, 3, 2, 5, 7, 9, 6, 8, 10), (1, 2, 3, 4, 5, 6, 8, 7, 9, 10), (1, 2, 5, 4, 3, 6, 8, 7, 10, 9), (1, 3, 5, 7, 2, 8, 9, 6, 10, 4), (1, 3, 5, 6, 2, 4, 7, 9, 8, 10), (1, 2, 4, 3, 5, 6, 7, 8, 9, 10), (2, 1, 4, 6, 7, 3, 5, 8, 9, 10), (2, 1, 3, 4, 5, 7, 6, 8, 9, 10), (1, 2, 3, 5, 4, 6, 7, 9, 10, 8), (5, 1, 3, 6, 2, 7, 4, 8, 10, 9), (5, 3, 1, 2, 4, 7, 9, 6, 10, 8), (5, 2, 8, 3, 1, 4, 6, 9, 7, 10)}
M(AUB) = 
[[1, 2, 3, 4, 5, 6, 7, 8, 9, 10]]
Distance:131

(7)
A = 
{(2, 1, 3, 5, 4, 6, 7, 8, 10, 9), (2, 1, 4, 5, 3, 6, 7, 8, 9, 10), (1, 3, 2, 4, 7, 6, 5, 8, 9, 10), (5, 3, 6, 1, 2, 4, 9, 7, 8, 10), (2, 1, 3, 5, 4, 10, 7, 8, 6, 9), (3, 4, 2, 5, 10, 1, 6, 8, 7, 9), (1, 2, 6, 4, 5, 9, 8, 10, 7, 3), (1, 2, 3, 4, 6, 5, 8, 9, 7, 10), (1, 2, 5, 3, 7, 4, 6, 10, 9, 8)}
M(A) = 
[[1, 2, 3, 4, 5, 6, 7, 8, 9, 10], [2, 1, 3, 4, 5, 6, 7, 8, 9, 10]]
Distance: 64
B = 
{(2, 1, 4, 3, 6, 5, 7, 8, 9, 10), (2, 1, 3, 5, 4, 6, 7, 8, 9, 10), (5, 2, 3, 1, 7, 6, 4, 9, 10, 8), (5, 2, 4, 1, 3, 6, 7, 10, 9, 8), (3, 7, 1, 4, 5, 2, 8, 10, 6, 9), (1, 2, 3, 4, 5, 6, 7, 8, 9, 10), (1, 3, 2, 4, 8, 7, 6, 5, 10, 9), (5, 2, 4, 1, 7, 6, 3, 9, 8, 10), (1, 3, 4, 5, 7, 2, 6, 9, 8, 10)}
M(B) = 
[[1, 2, 3, 4, 5, 6, 7, 8, 9, 10], [2, 1, 3, 4, 5, 6, 7, 8, 9, 10]]
Distance: 61
M(A) inter A:
set()
M(B) inter B:
set()

AUB = 
{(2, 1, 3, 5, 4, 6, 7, 8, 10, 9), (2, 1, 4, 5, 3, 6, 7, 8, 9, 10), (1, 3, 2, 4, 7, 6, 5, 8, 9, 10), (5, 3, 6, 1, 2, 4, 9, 7, 8, 10), (2, 1, 3, 5, 4, 10, 7, 8, 6, 9), (2, 1, 4, 3, 6, 5, 7, 8, 9, 10), (2, 1, 3, 5, 4, 6, 7, 8, 9, 10), (3, 4, 2, 5, 10, 1, 6, 8, 7, 9), (5, 2, 3, 1, 7, 6, 4, 9, 10, 8), (1, 2, 6, 4, 5, 9, 8, 10, 7, 3), (5, 2, 4, 1, 3, 6, 7, 10, 9, 8), (1, 2, 3, 4, 6, 5, 8, 9, 7, 10), (3, 7, 1, 4, 5, 2, 8, 10, 6, 9), (1, 2, 5, 3, 7, 4, 6, 10, 9, 8), (1, 2, 3, 4, 5, 6, 7, 8, 9, 10), (1, 3, 2, 4, 8, 7, 6, 5, 10, 9), (5, 2, 4, 1, 7, 6, 3, 9, 8, 10), (1, 3, 4, 5, 7, 2, 6, 9, 8, 10)}
M(AUB) = 
[[1, 2, 3, 4, 5, 6, 7, 8, 9, 10], [2, 1, 3, 4, 5, 6, 7, 8, 9, 10]]
Distance:127

(8)
A = 
{(2, 10, 1, 4, 3, 7, 5, 6, 9, 8), (4, 3, 1, 2, 6, 7, 9, 10, 5, 8), (1, 2, 5, 3, 7, 4, 8, 10, 6, 9), (2, 1, 3, 4, 5, 6, 7, 9, 8, 10), (1, 2, 3, 5, 9, 6, 4, 10, 7, 8), (2, 1, 4, 3, 6, 5, 8, 7, 10, 9), (1, 2, 3, 7, 4, 6, 9, 8, 5, 10), (1, 2, 3, 4, 5, 7, 6, 8, 9, 10), (2, 7, 1, 5, 3, 6, 4, 9, 8, 10)}
M(A) = 
[[1, 2, 3, 4, 5, 6, 7, 8, 9, 10], [1, 2, 3, 4, 5, 7, 6, 8, 9, 10]]
Distance: 60
B = 
{(3, 1, 4, 2, 6, 5, 7, 9, 8, 10), (1, 3, 2, 5, 4, 6, 7, 8, 10, 9), (1, 3, 5, 7, 2, 10, 8, 6, 4, 9), (2, 1, 3, 4, 8, 6, 5, 7, 10, 9), (2, 8, 1, 5, 4, 3, 10, 7, 9, 6), (1, 5, 2, 8, 4, 7, 3, 6, 9, 10), (2, 6, 1, 4, 3, 5, 8, 7, 9, 10), (2, 3, 1, 5, 4, 6, 7, 8, 10, 9), (1, 4, 7, 3, 2, 5, 6, 9, 10, 8)}
M(B) = 
[[1, 2, 3, 4, 5, 6, 7, 8, 9, 10], [1, 2, 3, 4, 5, 7, 6, 8, 9, 10]]
Distance: 70
M(A) inter A:
set()
M(B) inter B:
set()

AUB = 
{(3, 1, 4, 2, 6, 5, 7, 9, 8, 10), (1, 3, 2, 5, 4, 6, 7, 8, 10, 9), (2, 10, 1, 4, 3, 7, 5, 6, 9, 8), (1, 3, 5, 7, 2, 10, 8, 6, 4, 9), (4, 3, 1, 2, 6, 7, 9, 10, 5, 8), (1, 2, 5, 3, 7, 4, 8, 10, 6, 9), (2, 1, 3, 4, 8, 6, 5, 7, 10, 9), (2, 1, 3, 4, 5, 6, 7, 9, 8, 10), (2, 8, 1, 5, 4, 3, 10, 7, 9, 6), (1, 2, 3, 5, 9, 6, 4, 10, 7, 8), (2, 1, 4, 3, 6, 5, 8, 7, 10, 9), (1, 2, 3, 7, 4, 6, 9, 8, 5, 10), (1, 5, 2, 8, 4, 7, 3, 6, 9, 10), (1, 2, 3, 4, 5, 7, 6, 8, 9, 10), (2, 6, 1, 4, 3, 5, 8, 7, 9, 10), (2, 3, 1, 5, 4, 6, 7, 8, 10, 9), (2, 7, 1, 5, 3, 6, 4, 9, 8, 10), (1, 4, 7, 3, 2, 5, 6, 9, 10, 8)}
M(AUB) = 
[[1, 2, 3, 4, 5, 6, 7, 8, 9, 10], [1, 2, 3, 4, 5, 7, 6, 8, 9, 10]]
Distance:136

(9)
A = 
{(1, 2, 5, 3, 4, 8, 10, 6, 7, 9), (1, 2, 3, 9, 5, 6, 7, 4, 10, 8), (4, 3, 2, 10, 7, 5, 1, 8, 9, 6), (1, 2, 3, 4, 5, 7, 6, 10, 8, 9), (1, 2, 3, 4, 5, 6, 8, 7, 9, 10), (2, 1, 3, 6, 7, 10, 5, 8, 4, 9), (1, 3, 2, 5, 4, 6, 7, 8, 9, 10), (4, 1, 2, 3, 10, 5, 9, 6, 7, 8), (3, 1, 4, 2, 5, 7, 6, 8, 10, 9)}
M(A) = 
[[1, 2, 3, 4, 5, 6, 7, 8, 10, 9]]
Distance: 63
B = 
{(1, 3, 2, 7, 4, 5, 6, 8, 9, 10), (1, 2, 3, 4, 6, 5, 7, 8, 10, 9), (1, 2, 3, 5, 4, 6, 8, 7, 9, 10), (1, 3, 2, 4, 6, 5, 7, 8, 10, 9), (2, 1, 5, 3, 7, 9, 4, 6, 8, 10), (1, 2, 3, 5, 4, 6, 9, 7, 8, 10), (1, 2, 5, 6, 3, 4, 7, 10, 8, 9), (2, 3, 1, 7, 4, 8, 10, 5, 6, 9), (4, 2, 5, 7, 1, 3, 8, 9, 6, 10)}
M(B) = 
[[1, 2, 3, 4, 5, 6, 7, 8, 10, 9]]
Distance: 49
M(A) inter A:
set()
M(B) inter B:
set()

AUB = 
{(1, 2, 5, 3, 4, 8, 10, 6, 7, 9), (1, 2, 3, 9, 5, 6, 7, 4, 10, 8), (1, 3, 2, 7, 4, 5, 6, 8, 9, 10), (1, 2, 3, 4, 6, 5, 7, 8, 10, 9), (1, 2, 3, 5, 4, 6, 8, 7, 9, 10), (1, 3, 2, 4, 6, 5, 7, 8, 10, 9), (4, 3, 2, 10, 7, 5, 1, 8, 9, 6), (2, 1, 5, 3, 7, 9, 4, 6, 8, 10), (1, 2, 3, 4, 5, 7, 6, 10, 8, 9), (1, 2, 3, 4, 5, 6, 8, 7, 9, 10), (1, 2, 3, 5, 4, 6, 9, 7, 8, 10), (1, 2, 5, 6, 3, 4, 7, 10, 8, 9), (2, 1, 3, 6, 7, 10, 5, 8, 4, 9), (1, 3, 2, 5, 4, 6, 7, 8, 9, 10), (2, 3, 1, 7, 4, 8, 10, 5, 6, 9), (4, 1, 2, 3, 10, 5, 9, 6, 7, 8), (4, 2, 5, 7, 1, 3, 8, 9, 6, 10), (3, 1, 4, 2, 5, 7, 6, 8, 10, 9)}
M(AUB) = 
[[1, 2, 3, 4, 5, 6, 7, 8, 10, 9]]
Distance:114

(10)
A = 
{(4, 7, 1, 8, 6, 3, 2, 5, 9, 10), (6, 1, 2, 3, 5, 4, 7, 8, 9, 10), (1, 3, 5, 6, 7, 4, 8, 9, 2, 10), (5, 2, 6, 1, 3, 8, 10, 9, 7, 4), (1, 4, 5, 2, 3, 7, 6, 9, 8, 10), (1, 3, 2, 4, 5, 7, 8, 10, 6, 9), (2, 4, 1, 3, 6, 5, 7, 10, 8, 9), (2, 1, 3, 7, 6, 8, 5, 10, 9, 4), (4, 1, 2, 6, 3, 10, 7, 5, 8, 9)}
M(A) = 
[[1, 2, 3, 4, 6, 5, 7, 8, 9, 10]]
Distance: 85
B = 
{(1, 2, 4, 3, 5, 6, 7, 10, 8, 9), (10, 2, 1, 4, 3, 6, 5, 9, 7, 8), (2, 1, 3, 5, 4, 6, 9, 7, 10, 8), (3, 4, 1, 5, 6, 2, 9, 8, 10, 7), (1, 2, 3, 4, 5, 6, 7, 8, 9, 10), (4, 6, 2, 3, 5, 9, 1, 7, 8, 10), (1, 2, 3, 6, 9, 5, 4, 7, 8, 10), (3, 2, 7, 6, 5, 4, 1, 8, 9, 10), (4, 3, 6, 1, 8, 2, 5, 9, 10, 7)}
M(B) = 
[[1, 2, 3, 4, 6, 5, 7, 8, 9, 10]]
Distance: 73
M(A) inter A:
set()
M(B) inter B:
set()

AUB = 
{(4, 7, 1, 8, 6, 3, 2, 5, 9, 10), (6, 1, 2, 3, 5, 4, 7, 8, 9, 10), (1, 2, 4, 3, 5, 6, 7, 10, 8, 9), (1, 3, 5, 6, 7, 4, 8, 9, 2, 10), (10, 2, 1, 4, 3, 6, 5, 9, 7, 8), (5, 2, 6, 1, 3, 8, 10, 9, 7, 4), (2, 1, 3, 5, 4, 6, 9, 7, 10, 8), (3, 4, 1, 5, 6, 2, 9, 8, 10, 7), (1, 4, 5, 2, 3, 7, 6, 9, 8, 10), (1, 2, 3, 4, 5, 6, 7, 8, 9, 10), (4, 6, 2, 3, 5, 9, 1, 7, 8, 10), (1, 3, 2, 4, 5, 7, 8, 10, 6, 9), (2, 4, 1, 3, 6, 5, 7, 10, 8, 9), (2, 1, 3, 7, 6, 8, 5, 10, 9, 4), (4, 1, 2, 6, 3, 10, 7, 5, 8, 9), (1, 2, 3, 6, 9, 5, 4, 7, 8, 10), (3, 2, 7, 6, 5, 4, 1, 8, 9, 10), (4, 3, 6, 1, 8, 2, 5, 9, 10, 7)}
M(AUB) = 
[[1, 2, 3, 4, 6, 5, 7, 8, 9, 10]]
Distance:163

(11)
A = 
{(2, 1, 3, 4, 5, 6, 7, 8, 10, 9), (4, 2, 1, 5, 3, 6, 7, 9, 10, 8), (1, 2, 5, 3, 6, 10, 7, 4, 9, 8), (2, 1, 5, 7, 6, 3, 10, 4, 8, 9), (2, 1, 4, 3, 5, 7, 8, 6, 9, 10), (2, 1, 5, 4, 9, 6, 3, 10, 8, 7), (4, 2, 1, 10, 5, 3, 8, 6, 7, 9), (2, 1, 6, 4, 3, 5, 9, 8, 10, 7), (2, 1, 7, 3, 4, 6, 9, 5, 8, 10)}
M(A) = 
[[2, 1, 3, 4, 5, 6, 7, 8, 9, 10]]
Distance: 64
B = 
{(3, 2, 4, 7, 5, 6, 8, 1, 9, 10), (4, 6, 2, 1, 3, 8, 7, 9, 10, 5), (1, 3, 2, 6, 5, 7, 8, 4, 9, 10), (1, 5, 7, 4, 2, 3, 6, 10, 8, 9), (1, 2, 6, 5, 3, 10, 7, 8, 4, 9), (5, 1, 3, 2, 8, 6, 9, 4, 10, 7), (3, 5, 4, 1, 2, 8, 7, 6, 10, 9), (7, 2, 1, 4, 3, 5, 9, 6, 8, 10), (2, 1, 3, 4, 5, 10, 6, 7, 9, 8)}
M(B) = 
[[2, 1, 3, 4, 5, 6, 7, 8, 9, 10]]
Distance: 89
M(A) inter A:
set()
M(B) inter B:
set()

AUB = 
{(2, 1, 3, 4, 5, 6, 7, 8, 10, 9), (4, 2, 1, 5, 3, 6, 7, 9, 10, 8), (1, 2, 5, 3, 6, 10, 7, 4, 9, 8), (3, 2, 4, 7, 5, 6, 8, 1, 9, 10), (4, 6, 2, 1, 3, 8, 7, 9, 10, 5), (2, 1, 5, 7, 6, 3, 10, 4, 8, 9), (1, 3, 2, 6, 5, 7, 8, 4, 9, 10), (1, 5, 7, 4, 2, 3, 6, 10, 8, 9), (1, 2, 6, 5, 3, 10, 7, 8, 4, 9), (5, 1, 3, 2, 8, 6, 9, 4, 10, 7), (2, 1, 4, 3, 5, 7, 8, 6, 9, 10), (2, 1, 5, 4, 9, 6, 3, 10, 8, 7), (3, 5, 4, 1, 2, 8, 7, 6, 10, 9), (4, 2, 1, 10, 5, 3, 8, 6, 7, 9), (2, 1, 6, 4, 3, 5, 9, 8, 10, 7), (2, 1, 7, 3, 4, 6, 9, 5, 8, 10), (7, 2, 1, 4, 3, 5, 9, 6, 8, 10), (2, 1, 3, 4, 5, 10, 6, 7, 9, 8)}
M(AUB) = 
[[2, 1, 3, 4, 5, 6, 7, 8, 9, 10]]
Distance:159

(12)
A = 
{(3, 2, 4, 1, 6, 5, 7, 9, 10, 8), (3, 1, 2, 5, 4, 6, 10, 7, 8, 9), (4, 1, 5, 7, 2, 3, 10, 9, 6, 8), (2, 4, 10, 6, 1, 3, 9, 8, 5, 7), (2, 5, 1, 3, 7, 4, 9, 10, 8, 6), (1, 3, 4, 2, 8, 5, 10, 6, 9, 7), (2, 1, 3, 4, 5, 7, 6, 8, 9, 10), (1, 2, 5, 4, 8, 3, 6, 10, 7, 9), (1, 3, 7, 2, 5, 4, 9, 8, 6, 10)}
M(A) = 
[[1, 2, 3, 4, 5, 6, 8, 7, 9, 10], [1, 2, 3, 4, 5, 6, 8, 7, 10, 9], [1, 2, 3, 4, 5, 6, 7, 8, 9, 10], [1, 2, 3, 4, 5, 6, 7, 8, 10, 9], [2, 1, 3, 4, 5, 6, 8, 7, 9, 10], [2, 1, 3, 4, 5, 6, 8, 7, 10, 9], [2, 1, 3, 4, 5, 6, 7, 8, 9, 10], [2, 1, 3, 4, 5, 6, 7, 8, 10, 9]]
Distance: 80
B = 
{(2, 1, 5, 3, 4, 8, 6, 9, 7, 10), (3, 1, 2, 8, 4, 6, 7, 10, 5, 9), (2, 1, 3, 6, 5, 7, 4, 9, 10, 8), (2, 1, 4, 3, 7, 8, 10, 5, 6, 9), (1, 2, 3, 4, 5, 6, 7, 8, 9, 10), (2, 3, 1, 4, 6, 8, 7, 9, 5, 10), (3, 4, 2, 1, 5, 8, 7, 6, 10, 9), (1, 4, 2, 6, 3, 8, 9, 5, 10, 7), (1, 3, 2, 6, 8, 4, 7, 5, 10, 9)}
M(B) = 
[[1, 2, 3, 4, 5, 6, 8, 7, 9, 10], [1, 2, 3, 4, 5, 6, 8, 7, 10, 9], [1, 2, 3, 4, 5, 6, 7, 8, 9, 10], [1, 2, 3, 4, 5, 6, 7, 8, 10, 9], [2, 1, 3, 4, 5, 6, 8, 7, 9, 10], [2, 1, 3, 4, 5, 6, 8, 7, 10, 9], [2, 1, 3, 4, 5, 6, 7, 8, 9, 10], [2, 1, 3, 4, 5, 6, 7, 8, 10, 9]]
Distance: 59
M(A) inter A:
set()
M(B) inter B:
set()

AUB = 
{(3, 2, 4, 1, 6, 5, 7, 9, 10, 8), (3, 1, 2, 5, 4, 6, 10, 7, 8, 9), (4, 1, 5, 7, 2, 3, 10, 9, 6, 8), (2, 1, 5, 3, 4, 8, 6, 9, 7, 10), (2, 4, 10, 6, 1, 3, 9, 8, 5, 7), (3, 1, 2, 8, 4, 6, 7, 10, 5, 9), (2, 5, 1, 3, 7, 4, 9, 10, 8, 6), (1, 3, 4, 2, 8, 5, 10, 6, 9, 7), (2, 1, 3, 6, 5, 7, 4, 9, 10, 8), (2, 1, 4, 3, 7, 8, 10, 5, 6, 9), (1, 2, 3, 4, 5, 6, 7, 8, 9, 10), (2, 3, 1, 4, 6, 8, 7, 9, 5, 10), (3, 4, 2, 1, 5, 8, 7, 6, 10, 9), (2, 1, 3, 4, 5, 7, 6, 8, 9, 10), (1, 4, 2, 6, 3, 8, 9, 5, 10, 7), (1, 3, 2, 6, 8, 4, 7, 5, 10, 9), (1, 2, 5, 4, 8, 3, 6, 10, 7, 9), (1, 3, 7, 2, 5, 4, 9, 8, 6, 10)}
M(AUB) = 
[[1, 2, 3, 4, 5, 6, 8, 7, 9, 10], [1, 2, 3, 4, 5, 6, 8, 7, 10, 9], [1, 2, 3, 4, 5, 6, 7, 8, 9, 10], [1, 2, 3, 4, 5, 6, 7, 8, 10, 9], [2, 1, 3, 4, 5, 6, 8, 7, 9, 10], [2, 1, 3, 4, 5, 6, 8, 7, 10, 9], [2, 1, 3, 4, 5, 6, 7, 8, 9, 10], [2, 1, 3, 4, 5, 6, 7, 8, 10, 9]]
Distance:148

(13)
A = 
{(4, 2, 1, 3, 6, 5, 9, 8, 10, 7), (5, 6, 3, 1, 2, 4, 8, 7, 9, 10), (1, 3, 2, 4, 7, 5, 6, 9, 8, 10), (2, 1, 4, 9, 5, 3, 8, 7, 6, 10), (1, 2, 3, 4, 5, 6, 7, 8, 9, 10), (3, 5, 1, 4, 2, 8, 6, 7, 9, 10), (4, 3, 2, 10, 1, 6, 9, 5, 8, 7), (4, 2, 1, 3, 5, 8, 6, 10, 9, 7), (1, 3, 7, 2, 5, 6, 4, 8, 10, 9)}
M(A) = 
[[1, 2, 3, 4, 5, 6, 8, 7, 9, 10], [1, 2, 3, 4, 5, 6, 8, 7, 10, 9], [1, 2, 3, 4, 5, 6, 7, 8, 9, 10], [1, 2, 3, 4, 5, 6, 7, 8, 10, 9], [1, 3, 2, 4, 5, 6, 8, 7, 9, 10], [1, 3, 2, 4, 5, 6, 8, 7, 10, 9], [1, 3, 2, 4, 5, 6, 7, 8, 9, 10], [1, 3, 2, 4, 5, 6, 7, 8, 10, 9], [2, 1, 3, 4, 5, 6, 8, 7, 9, 10], [2, 1, 3, 4, 5, 6, 8, 7, 10, 9], [2, 1, 3, 4, 5, 6, 7, 8, 9, 10], [2, 1, 3, 4, 5, 6, 7, 8, 10, 9], [2, 3, 1, 4, 5, 6, 8, 7, 9, 10], [2, 3, 1, 4, 5, 6, 8, 7, 10, 9], [2, 3, 1, 4, 5, 6, 7, 8, 9, 10], [2, 3, 1, 4, 5, 6, 7, 8, 10, 9], [3, 1, 2, 4, 5, 6, 8, 7, 9, 10], [3, 1, 2, 4, 5, 6, 8, 7, 10, 9], [3, 1, 2, 4, 5, 6, 7, 8, 9, 10], [3, 1, 2, 4, 5, 6, 7, 8, 10, 9], [3, 2, 1, 4, 5, 6, 8, 7, 9, 10], [3, 2, 1, 4, 5, 6, 8, 7, 10, 9], [3, 2, 1, 4, 5, 6, 7, 8, 9, 10], [3, 2, 1, 4, 5, 6, 7, 8, 10, 9]]
Distance: 73
B = 
{(2, 6, 3, 1, 4, 8, 7, 10, 5, 9), (1, 2, 5, 3, 4, 6, 7, 8, 10, 9), (1, 4, 2, 3, 6, 7, 8, 5, 10, 9), (4, 2, 3, 5, 7, 6, 1, 8, 10, 9), (5, 3, 2, 1, 8, 7, 6, 4, 9, 10), (1, 2, 3, 4, 5, 7, 6, 8, 9, 10), (5, 3, 2, 8, 1, 4, 6, 7, 10, 9), (3, 2, 5, 1, 7, 6, 4, 8, 10, 9), (3, 1, 2, 6, 5, 9, 4, 7, 10, 8)}
M(B) = 
[[1, 2, 3, 4, 5, 6, 8, 7, 9, 10], [1, 2, 3, 4, 5, 6, 8, 7, 10, 9], [1, 2, 3, 4, 5, 6, 7, 8, 9, 10], [1, 2, 3, 4, 5, 6, 7, 8, 10, 9], [1, 3, 2, 4, 5, 6, 8, 7, 9, 10], [1, 3, 2, 4, 5, 6, 8, 7, 10, 9], [1, 3, 2, 4, 5, 6, 7, 8, 9, 10], [1, 3, 2, 4, 5, 6, 7, 8, 10, 9], [2, 1, 3, 4, 5, 6, 8, 7, 9, 10], [2, 1, 3, 4, 5, 6, 8, 7, 10, 9], [2, 1, 3, 4, 5, 6, 7, 8, 9, 10], [2, 1, 3, 4, 5, 6, 7, 8, 10, 9], [2, 3, 1, 4, 5, 6, 8, 7, 9, 10], [2, 3, 1, 4, 5, 6, 8, 7, 10, 9], [2, 3, 1, 4, 5, 6, 7, 8, 9, 10], [2, 3, 1, 4, 5, 6, 7, 8, 10, 9], [3, 1, 2, 4, 5, 6, 8, 7, 9, 10], [3, 1, 2, 4, 5, 6, 8, 7, 10, 9], [3, 1, 2, 4, 5, 6, 7, 8, 9, 10], [3, 1, 2, 4, 5, 6, 7, 8, 10, 9], [3, 2, 1, 4, 5, 6, 8, 7, 9, 10], [3, 2, 1, 4, 5, 6, 8, 7, 10, 9], [3, 2, 1, 4, 5, 6, 7, 8, 9, 10], [3, 2, 1, 4, 5, 6, 7, 8, 10, 9]]
Distance: 66
M(A) inter A:
set()
M(B) inter B:
set()

AUB = 
{(1, 3, 7, 2, 5, 6, 4, 8, 10, 9), (2, 6, 3, 1, 4, 8, 7, 10, 5, 9), (1, 2, 5, 3, 4, 6, 7, 8, 10, 9), (5, 6, 3, 1, 2, 4, 8, 7, 9, 10), (1, 4, 2, 3, 6, 7, 8, 5, 10, 9), (4, 2, 3, 5, 7, 6, 1, 8, 10, 9), (1, 3, 2, 4, 7, 5, 6, 9, 8, 10), (2, 1, 4, 9, 5, 3, 8, 7, 6, 10), (5, 3, 2, 1, 8, 7, 6, 4, 9, 10), (1, 2, 3, 4, 5, 6, 7, 8, 9, 10), (1, 2, 3, 4, 5, 7, 6, 8, 9, 10), (3, 5, 1, 4, 2, 8, 6, 7, 9, 10), (5, 3, 2, 8, 1, 4, 6, 7, 10, 9), (4, 3, 2, 10, 1, 6, 9, 5, 8, 7), (3, 2, 5, 1, 7, 6, 4, 8, 10, 9), (3, 1, 2, 6, 5, 9, 4, 7, 10, 8), (4, 2, 1, 3, 6, 5, 9, 8, 10, 7), (4, 2, 1, 3, 5, 8, 6, 10, 9, 7)}
M(AUB) = 
[[1, 2, 3, 4, 5, 6, 8, 7, 9, 10], [1, 2, 3, 4, 5, 6, 8, 7, 10, 9], [1, 2, 3, 4, 5, 6, 7, 8, 9, 10], [1, 2, 3, 4, 5, 6, 7, 8, 10, 9], [1, 3, 2, 4, 5, 6, 8, 7, 9, 10], [1, 3, 2, 4, 5, 6, 8, 7, 10, 9], [1, 3, 2, 4, 5, 6, 7, 8, 9, 10], [1, 3, 2, 4, 5, 6, 7, 8, 10, 9], [2, 1, 3, 4, 5, 6, 8, 7, 9, 10], [2, 1, 3, 4, 5, 6, 8, 7, 10, 9], [2, 1, 3, 4, 5, 6, 7, 8, 9, 10], [2, 1, 3, 4, 5, 6, 7, 8, 10, 9], [2, 3, 1, 4, 5, 6, 8, 7, 9, 10], [2, 3, 1, 4, 5, 6, 8, 7, 10, 9], [2, 3, 1, 4, 5, 6, 7, 8, 9, 10], [2, 3, 1, 4, 5, 6, 7, 8, 10, 9], [3, 1, 2, 4, 5, 6, 8, 7, 9, 10], [3, 1, 2, 4, 5, 6, 8, 7, 10, 9], [3, 1, 2, 4, 5, 6, 7, 8, 9, 10], [3, 1, 2, 4, 5, 6, 7, 8, 10, 9], [3, 2, 1, 4, 5, 6, 8, 7, 9, 10], [3, 2, 1, 4, 5, 6, 8, 7, 10, 9], [3, 2, 1, 4, 5, 6, 7, 8, 9, 10], [3, 2, 1, 4, 5, 6, 7, 8, 10, 9]]
Distance:151

(14)
A = 
{(2, 4, 3, 6, 8, 1, 5, 7, 10, 9), (3, 6, 5, 1, 2, 4, 10, 7, 8, 9), (1, 2, 3, 4, 5, 8, 6, 7, 10, 9), (1, 3, 6, 8, 7, 4, 2, 10, 9, 5), (3, 2, 4, 1, 5, 6, 9, 7, 10, 8), (4, 1, 3, 8, 2, 7, 5, 10, 6, 9), (1, 5, 3, 4, 6, 8, 7, 9, 2, 10), (1, 2, 3, 4, 8, 5, 6, 7, 9, 10), (1, 4, 3, 2, 7, 5, 8, 6, 9, 10)}
M(A) = 
[[1, 3, 2, 4, 5, 6, 8, 7, 9, 10], [1, 3, 2, 4, 5, 6, 7, 8, 9, 10]]
Distance: 71
B = 
{(2, 1, 3, 5, 4, 6, 9, 8, 7, 10), (1, 3, 2, 7, 5, 9, 6, 8, 4, 10), (2, 3, 4, 8, 6, 10, 1, 5, 7, 9), (1, 2, 4, 5, 3, 9, 6, 7, 8, 10), (2, 1, 3, 4, 6, 9, 5, 10, 8, 7), (3, 2, 5, 4, 9, 1, 6, 7, 8, 10), (3, 1, 2, 6, 5, 7, 4, 9, 10, 8), (3, 4, 6, 5, 2, 1, 10, 7, 8, 9), (1, 2, 5, 4, 6, 3, 7, 8, 10, 9)}
M(B) = 
[[1, 3, 2, 4, 5, 6, 8, 7, 9, 10], [1, 3, 2, 4, 5, 6, 7, 8, 9, 10]]
Distance: 72
M(A) inter A:
set()
M(B) inter B:
set()

AUB = 
{(2, 1, 3, 5, 4, 6, 9, 8, 7, 10), (2, 4, 3, 6, 8, 1, 5, 7, 10, 9), (1, 3, 2, 7, 5, 9, 6, 8, 4, 10), (3, 6, 5, 1, 2, 4, 10, 7, 8, 9), (1, 2, 3, 4, 5, 8, 6, 7, 10, 9), (1, 3, 6, 8, 7, 4, 2, 10, 9, 5), (2, 3, 4, 8, 6, 10, 1, 5, 7, 9), (3, 2, 4, 1, 5, 6, 9, 7, 10, 8), (4, 1, 3, 8, 2, 7, 5, 10, 6, 9), (1, 2, 4, 5, 3, 9, 6, 7, 8, 10), (1, 5, 3, 4, 6, 8, 7, 9, 2, 10), (2, 1, 3, 4, 6, 9, 5, 10, 8, 7), (1, 2, 3, 4, 8, 5, 6, 7, 9, 10), (3, 2, 5, 4, 9, 1, 6, 7, 8, 10), (1, 4, 3, 2, 7, 5, 8, 6, 9, 10), (3, 1, 2, 6, 5, 7, 4, 9, 10, 8), (3, 4, 6, 5, 2, 1, 10, 7, 8, 9), (1, 2, 5, 4, 6, 3, 7, 8, 10, 9)}
M(AUB) = 
[[1, 3, 2, 4, 5, 6, 8, 7, 9, 10], [1, 3, 2, 4, 5, 6, 7, 8, 9, 10]]
Distance:153

(15)
A = 
{(2, 1, 3, 4, 5, 6, 7, 8, 10, 9), (2, 4, 1, 3, 7, 5, 6, 8, 9, 10), (1, 2, 4, 5, 3, 7, 8, 6, 9, 10), (2, 1, 3, 4, 6, 5, 7, 10, 8, 9), (5, 2, 3, 4, 1, 6, 7, 10, 8, 9), (1, 3, 2, 4, 5, 6, 9, 8, 10, 7), (2, 5, 1, 4, 6, 10, 7, 9, 3, 8), (1, 3, 5, 2, 4, 6, 7, 8, 9, 10), (1, 7, 2, 5, 9, 3, 4, 6, 10, 8)}
M(A) = 
[[1, 2, 3, 4, 5, 6, 7, 8, 9, 10], [1, 2, 3, 5, 4, 6, 7, 8, 9, 10]]
Distance: 56
B = 
{(3, 1, 7, 4, 6, 9, 2, 5, 8, 10), (2, 4, 1, 8, 3, 6, 10, 5, 7, 9), (2, 1, 3, 5, 6, 8, 4, 7, 9, 10), (1, 4, 2, 3, 5, 6, 7, 8, 10, 9), (4, 6, 1, 2, 5, 7, 3, 10, 8, 9), (1, 3, 5, 2, 6, 4, 7, 9, 10, 8), (1, 2, 5, 3, 7, 6, 4, 10, 9, 8), (5, 3, 1, 6, 9, 4, 2, 7, 10, 8), (1, 3, 2, 5, 4, 7, 6, 8, 9, 10)}
M(B) = 
[[1, 2, 3, 4, 5, 6, 7, 8, 9, 10], [1, 2, 3, 5, 4, 6, 7, 8, 9, 10]]
Distance: 72
M(A) inter A:
set()
M(B) inter B:
set()

AUB = 
{(2, 1, 3, 4, 5, 6, 7, 8, 10, 9), (2, 4, 1, 3, 7, 5, 6, 8, 9, 10), (3, 1, 7, 4, 6, 9, 2, 5, 8, 10), (2, 4, 1, 8, 3, 6, 10, 5, 7, 9), (1, 2, 4, 5, 3, 7, 8, 6, 9, 10), (2, 1, 3, 5, 6, 8, 4, 7, 9, 10), (2, 1, 3, 4, 6, 5, 7, 10, 8, 9), (5, 2, 3, 4, 1, 6, 7, 10, 8, 9), (1, 4, 2, 3, 5, 6, 7, 8, 10, 9), (4, 6, 1, 2, 5, 7, 3, 10, 8, 9), (1, 3, 5, 2, 6, 4, 7, 9, 10, 8), (1, 2, 5, 3, 7, 6, 4, 10, 9, 8), (1, 3, 2, 4, 5, 6, 9, 8, 10, 7), (5, 3, 1, 6, 9, 4, 2, 7, 10, 8), (1, 3, 2, 5, 4, 7, 6, 8, 9, 10), (2, 5, 1, 4, 6, 10, 7, 9, 3, 8), (1, 3, 5, 2, 4, 6, 7, 8, 9, 10), (1, 7, 2, 5, 9, 3, 4, 6, 10, 8)}
M(AUB) = 
[[1, 2, 3, 4, 5, 6, 7, 8, 9, 10], [1, 2, 3, 5, 4, 6, 7, 8, 9, 10]]
Distance:130

(16)
A = 
{(2, 1, 4, 3, 5, 6, 9, 7, 10, 8), (2, 3, 7, 5, 1, 6, 8, 4, 10, 9), (2, 1, 5, 3, 6, 7, 10, 4, 9, 8), (2, 1, 6, 5, 4, 3, 10, 8, 9, 7), (8, 10, 2, 1, 3, 4, 5, 9, 6, 7), (2, 1, 4, 3, 5, 7, 8, 10, 6, 9), (2, 6, 3, 4, 1, 9, 7, 5, 8, 10), (2, 1, 4, 6, 3, 7, 5, 9, 10, 8), (1, 2, 5, 3, 6, 4, 8, 7, 9, 10)}
M(A) = 
[[2, 1, 3, 4, 5, 6, 7, 8, 9, 10], [2, 1, 3, 4, 5, 6, 7, 8, 10, 9], [2, 1, 3, 5, 4, 6, 7, 8, 9, 10], [2, 1, 3, 5, 4, 6, 7, 8, 10, 9], [2, 1, 3, 5, 6, 4, 7, 8, 9, 10], [2, 1, 3, 5, 6, 4, 7, 8, 10, 9]]
Distance: 75
B = 
{(3, 2, 7, 1, 6, 4, 5, 8, 10, 9), (2, 5, 1, 3, 4, 6, 8, 7, 9, 10), (3, 1, 5, 2, 7, 4, 9, 6, 10, 8), (4, 6, 5, 2, 1, 10, 7, 3, 8, 9), (4, 2, 1, 3, 5, 8, 6, 9, 10, 7), (1, 2, 3, 4, 5, 6, 7, 8, 9, 10), (1, 2, 3, 5, 6, 4, 10, 7, 8, 9), (3, 2, 5, 1, 7, 6, 4, 10, 8, 9), (2, 1, 3, 5, 6, 8, 4, 9, 10, 7)}
M(B) = 
[[2, 1, 3, 4, 5, 6, 7, 8, 9, 10], [2, 1, 3, 4, 5, 6, 7, 8, 10, 9], [2, 1, 3, 5, 4, 6, 7, 8, 9, 10], [2, 1, 3, 5, 4, 6, 7, 8, 10, 9], [2, 1, 3, 5, 6, 4, 7, 8, 9, 10], [2, 1, 3, 5, 6, 4, 7, 8, 10, 9]]
Distance: 66
M(A) inter A:
set()
M(B) inter B:
set()

AUB = 
{(2, 1, 4, 3, 5, 6, 9, 7, 10, 8), (2, 3, 7, 5, 1, 6, 8, 4, 10, 9), (3, 2, 7, 1, 6, 4, 5, 8, 10, 9), (2, 5, 1, 3, 4, 6, 8, 7, 9, 10), (3, 1, 5, 2, 7, 4, 9, 6, 10, 8), (2, 1, 5, 3, 6, 7, 10, 4, 9, 8), (4, 6, 5, 2, 1, 10, 7, 3, 8, 9), (2, 1, 6, 5, 4, 3, 10, 8, 9, 7), (8, 10, 2, 1, 3, 4, 5, 9, 6, 7), (2, 1, 4, 3, 5, 7, 8, 10, 6, 9), (2, 6, 3, 4, 1, 9, 7, 5, 8, 10), (2, 1, 4, 6, 3, 7, 5, 9, 10, 8), (4, 2, 1, 3, 5, 8, 6, 9, 10, 7), (1, 2, 3, 4, 5, 6, 7, 8, 9, 10), (1, 2, 3, 5, 6, 4, 10, 7, 8, 9), (3, 2, 5, 1, 7, 6, 4, 10, 8, 9), (2, 1, 3, 5, 6, 8, 4, 9, 10, 7), (1, 2, 5, 3, 6, 4, 8, 7, 9, 10)}
M(AUB) = 
[[2, 1, 3, 4, 5, 6, 7, 8, 9, 10], [2, 1, 3, 4, 5, 6, 7, 8, 10, 9], [2, 1, 3, 5, 4, 6, 7, 8, 9, 10], [2, 1, 3, 5, 4, 6, 7, 8, 10, 9], [2, 1, 3, 5, 6, 4, 7, 8, 9, 10], [2, 1, 3, 5, 6, 4, 7, 8, 10, 9]]
Distance:143

(17)
A = 
{(3, 7, 2, 1, 4, 5, 6, 9, 10, 8), (2, 1, 3, 4, 8, 7, 5, 6, 10, 9), (1, 3, 2, 4, 5, 6, 9, 7, 8, 10), (5, 2, 4, 1, 8, 6, 3, 7, 10, 9), (5, 3, 2, 4, 1, 8, 9, 7, 6, 10), (3, 2, 1, 4, 7, 8, 9, 5, 6, 10), (1, 4, 6, 2, 8, 3, 7, 9, 5, 10), (1, 2, 3, 6, 5, 4, 8, 10, 7, 9), (8, 6, 2, 3, 5, 4, 1, 7, 9, 10)}
M(A) = 
[[2, 1, 3, 4, 5, 6, 7, 8, 9, 10], [2, 1, 3, 5, 4, 6, 7, 8, 9, 10]]
Distance: 80
B = 
{(1, 2, 3, 4, 6, 5, 7, 8, 10, 9), (1, 5, 4, 2, 3, 6, 10, 8, 9, 7), (1, 5, 2, 3, 8, 4, 6, 7, 9, 10), (2, 1, 5, 3, 7, 9, 6, 4, 8, 10), (2, 1, 5, 3, 10, 4, 6, 7, 8, 9), (2, 1, 4, 6, 3, 5, 9, 7, 8, 10), (2, 1, 6, 3, 4, 9, 5, 7, 10, 8), (5, 1, 2, 3, 7, 10, 4, 6, 9, 8), (2, 1, 3, 4, 5, 7, 6, 8, 9, 10)}
M(B) = 
[[2, 1, 3, 4, 5, 6, 7, 8, 9, 10], [2, 1, 3, 5, 4, 6, 7, 8, 9, 10]]
Distance: 59
M(A) inter A:
set()
M(B) inter B:
set()

AUB = 
{(3, 7, 2, 1, 4, 5, 6, 9, 10, 8), (1, 2, 3, 4, 6, 5, 7, 8, 10, 9), (1, 5, 4, 2, 3, 6, 10, 8, 9, 7), (2, 1, 3, 4, 8, 7, 5, 6, 10, 9), (1, 5, 2, 3, 8, 4, 6, 7, 9, 10), (2, 1, 5, 3, 7, 9, 6, 4, 8, 10), (1, 3, 2, 4, 5, 6, 9, 7, 8, 10), (2, 1, 5, 3, 10, 4, 6, 7, 8, 9), (2, 1, 4, 6, 3, 5, 9, 7, 8, 10), (2, 1, 6, 3, 4, 9, 5, 7, 10, 8), (5, 2, 4, 1, 8, 6, 3, 7, 10, 9), (5, 3, 2, 4, 1, 8, 9, 7, 6, 10), (5, 1, 2, 3, 7, 10, 4, 6, 9, 8), (3, 2, 1, 4, 7, 8, 9, 5, 6, 10), (1, 4, 6, 2, 8, 3, 7, 9, 5, 10), (1, 2, 3, 6, 5, 4, 8, 10, 7, 9), (2, 1, 3, 4, 5, 7, 6, 8, 9, 10), (8, 6, 2, 3, 5, 4, 1, 7, 9, 10)}
M(AUB) = 
[[2, 1, 3, 4, 5, 6, 7, 8, 9, 10], [2, 1, 3, 5, 4, 6, 7, 8, 9, 10]]
Distance:145

(18)
A = 
{(1, 4, 2, 3, 8, 5, 9, 6, 7, 10), (1, 6, 2, 5, 3, 4, 7, 9, 10, 8), (2, 3, 1, 6, 4, 7, 5, 9, 10, 8), (2, 3, 1, 6, 9, 5, 4, 10, 8, 7), (2, 1, 8, 4, 3, 6, 5, 9, 10, 7), (1, 6, 3, 2, 4, 8, 10, 5, 7, 9), (1, 6, 2, 10, 4, 9, 5, 3, 7, 8), (4, 2, 5, 1, 6, 3, 9, 8, 7, 10), (2, 6, 1, 4, 3, 9, 10, 8, 5, 7)}
M(A) = 
[[1, 2, 3, 4, 6, 5, 9, 8, 10, 7], [1, 2, 3, 4, 6, 5, 9, 8, 7, 10], [1, 2, 4, 3, 6, 5, 9, 8, 10, 7], [1, 2, 4, 3, 6, 5, 9, 8, 7, 10]]
Distance: 72
B = 
{(3, 1, 2, 5, 4, 6, 9, 8, 10, 7), (1, 2, 4, 5, 3, 7, 6, 8, 10, 9), (2, 1, 4, 5, 6, 3, 9, 7, 10, 8), (2, 6, 1, 3, 4, 8, 7, 5, 10, 9), (3, 1, 2, 4, 10, 8, 5, 9, 7, 6), (4, 1, 6, 3, 8, 2, 5, 9, 10, 7), (1, 4, 3, 2, 5, 6, 7, 8, 10, 9), (1, 3, 4, 6, 5, 2, 9, 7, 8, 10), (5, 2, 3, 10, 4, 7, 6, 9, 8, 1)}
M(B) = 
[[1, 2, 3, 4, 6, 5, 9, 8, 10, 7], [1, 2, 3, 4, 6, 5, 9, 8, 7, 10], [1, 2, 4, 3, 6, 5, 9, 8, 10, 7], [1, 2, 4, 3, 6, 5, 9, 8, 7, 10]]
Distance: 80
M(A) inter A:
set()
M(B) inter B:
set()

AUB = 
{(3, 1, 2, 5, 4, 6, 9, 8, 10, 7), (1, 4, 2, 3, 8, 5, 9, 6, 7, 10), (1, 2, 4, 5, 3, 7, 6, 8, 10, 9), (1, 6, 2, 5, 3, 4, 7, 9, 10, 8), (2, 1, 4, 5, 6, 3, 9, 7, 10, 8), (2, 6, 1, 3, 4, 8, 7, 5, 10, 9), (3, 1, 2, 4, 10, 8, 5, 9, 7, 6), (2, 3, 1, 6, 4, 7, 5, 9, 10, 8), (4, 1, 6, 3, 8, 2, 5, 9, 10, 7), (2, 3, 1, 6, 9, 5, 4, 10, 8, 7), (1, 4, 3, 2, 5, 6, 7, 8, 10, 9), (2, 1, 8, 4, 3, 6, 5, 9, 10, 7), (1, 6, 3, 2, 4, 8, 10, 5, 7, 9), (1, 3, 4, 6, 5, 2, 9, 7, 8, 10), (1, 6, 2, 10, 4, 9, 5, 3, 7, 8), (4, 2, 5, 1, 6, 3, 9, 8, 7, 10), (5, 2, 3, 10, 4, 7, 6, 9, 8, 1), (2, 6, 1, 4, 3, 9, 10, 8, 5, 7)}
M(AUB) = 
[[1, 2, 3, 4, 6, 5, 9, 8, 10, 7], [1, 2, 3, 4, 6, 5, 9, 8, 7, 10], [1, 2, 4, 3, 6, 5, 9, 8, 10, 7], [1, 2, 4, 3, 6, 5, 9, 8, 7, 10]]
Distance:166

(19)
A = 
{(7, 2, 4, 5, 3, 1, 6, 10, 8, 9), (4, 1, 3, 5, 7, 2, 6, 8, 10, 9), (2, 1, 3, 4, 6, 5, 7, 8, 10, 9), (2, 3, 1, 6, 5, 4, 8, 9, 7, 10), (1, 3, 4, 6, 2, 7, 5, 8, 9, 10), (3, 1, 2, 7, 6, 4, 8, 10, 9, 5), (1, 2, 3, 4, 5, 6, 7, 10, 8, 9), (1, 2, 3, 4, 5, 6, 7, 9, 8, 10), (2, 4, 3, 1, 8, 5, 10, 7, 6, 9)}
M(A) = 
[[1, 2, 3, 4, 5, 6, 7, 8, 9, 10]]
Distance: 59
B = 
{(1, 2, 4, 6, 8, 3, 7, 5, 9, 10), (1, 3, 9, 4, 5, 2, 8, 10, 6, 7), (5, 2, 3, 1, 7, 6, 4, 8, 9, 10), (8, 1, 5, 2, 6, 3, 10, 9, 7, 4), (2, 1, 4, 3, 7, 6, 5, 10, 9, 8), (1, 2, 3, 4, 5, 6, 7, 8, 9, 10), (1, 2, 3, 4, 5, 7, 8, 9, 6, 10), (2, 1, 4, 3, 5, 6, 7, 9, 8, 10), (2, 6, 8, 4, 1, 9, 7, 3, 5, 10)}
M(B) = 
[[1, 2, 3, 4, 5, 6, 7, 8, 9, 10]]
Distance: 78
M(A) inter A:
set()
M(B) inter B:
{(1, 2, 3, 4, 5, 6, 7, 8, 9, 10)}

AUB = 
{(7, 2, 4, 5, 3, 1, 6, 10, 8, 9), (1, 2, 4, 6, 8, 3, 7, 5, 9, 10), (4, 1, 3, 5, 7, 2, 6, 8, 10, 9), (1, 3, 9, 4, 5, 2, 8, 10, 6, 7), (2, 1, 3, 4, 6, 5, 7, 8, 10, 9), (2, 3, 1, 6, 5, 4, 8, 9, 7, 10), (1, 3, 4, 6, 2, 7, 5, 8, 9, 10), (3, 1, 2, 7, 6, 4, 8, 10, 9, 5), (1, 2, 3, 4, 5, 6, 7, 10, 8, 9), (5, 2, 3, 1, 7, 6, 4, 8, 9, 10), (8, 1, 5, 2, 6, 3, 10, 9, 7, 4), (2, 1, 4, 3, 7, 6, 5, 10, 9, 8), (1, 2, 3, 4, 5, 6, 7, 8, 9, 10), (1, 2, 3, 4, 5, 6, 7, 9, 8, 10), (1, 2, 3, 4, 5, 7, 8, 9, 6, 10), (2, 1, 4, 3, 5, 6, 7, 9, 8, 10), (2, 4, 3, 1, 8, 5, 10, 7, 6, 9), (2, 6, 8, 4, 1, 9, 7, 3, 5, 10)}
M(AUB) = 
[[1, 2, 3, 4, 5, 6, 7, 8, 9, 10]]
Distance:140

(20)
A = 
{(1, 2, 3, 4, 6, 5, 8, 9, 7, 10), (2, 4, 1, 3, 6, 5, 8, 7, 10, 9), (3, 4, 7, 2, 6, 1, 5, 9, 10, 8), (2, 4, 1, 3, 6, 7, 5, 10, 9, 8), (2, 4, 3, 9, 1, 6, 8, 5, 10, 7), (3, 1, 4, 2, 6, 5, 10, 8, 9, 7), (4, 2, 1, 8, 5, 6, 3, 9, 10, 7), (2, 6, 4, 7, 3, 1, 8, 5, 10, 9), (1, 2, 5, 4, 3, 8, 9, 10, 6, 7)}
M(A) = 
[[1, 2, 3, 4, 6, 5, 7, 8, 9, 10], [2, 1, 3, 4, 6, 5, 7, 8, 9, 10]]
Distance: 68
B = 
{(1, 3, 2, 6, 4, 10, 7, 5, 8, 9), (1, 5, 3, 9, 2, 7, 4, 8, 6, 10), (1, 5, 2, 6, 4, 9, 7, 3, 10, 8), (3, 2, 6, 5, 8, 7, 4, 1, 9, 10), (2, 4, 5, 3, 7, 1, 8, 6, 10, 9), (1, 3, 6, 2, 4, 7, 5, 9, 8, 10), (1, 2, 3, 4, 5, 6, 8, 7, 9, 10), (3, 1, 4, 2, 7, 10, 5, 9, 6, 8), (2, 1, 3, 6, 4, 7, 8, 5, 9, 10)}
M(B) = 
[[1, 2, 3, 4, 6, 5, 7, 8, 9, 10], [2, 1, 3, 4, 6, 5, 7, 8, 9, 10]]
Distance: 77
M(A) inter A:
set()
M(B) inter B:
set()

AUB = 
{(1, 3, 2, 6, 4, 10, 7, 5, 8, 9), (1, 5, 3, 9, 2, 7, 4, 8, 6, 10), (1, 5, 2, 6, 4, 9, 7, 3, 10, 8), (3, 2, 6, 5, 8, 7, 4, 1, 9, 10), (2, 4, 5, 3, 7, 1, 8, 6, 10, 9), (1, 3, 6, 2, 4, 7, 5, 9, 8, 10), (1, 2, 3, 4, 6, 5, 8, 9, 7, 10), (2, 4, 1, 3, 6, 5, 8, 7, 10, 9), (3, 4, 7, 2, 6, 1, 5, 9, 10, 8), (1, 2, 3, 4, 5, 6, 8, 7, 9, 10), (3, 1, 4, 2, 7, 10, 5, 9, 6, 8), (2, 4, 1, 3, 6, 7, 5, 10, 9, 8), (2, 4, 3, 9, 1, 6, 8, 5, 10, 7), (3, 1, 4, 2, 6, 5, 10, 8, 9, 7), (4, 2, 1, 8, 5, 6, 3, 9, 10, 7), (2, 6, 4, 7, 3, 1, 8, 5, 10, 9), (2, 1, 3, 6, 4, 7, 8, 5, 9, 10), (1, 2, 5, 4, 3, 8, 9, 10, 6, 7)}
M(AUB) = 
[[1, 2, 3, 4, 6, 5, 7, 8, 9, 10], [2, 1, 3, 4, 6, 5, 7, 8, 9, 10]]
Distance:160

(21)
A = 
{(1, 2, 4, 5, 6, 9, 3, 7, 8, 10), (6, 2, 1, 7, 5, 3, 10, 8, 4, 9), (1, 2, 4, 6, 3, 7, 5, 9, 8, 10), (1, 2, 3, 5, 4, 6, 7, 8, 9, 10), (2, 1, 3, 4, 8, 5, 6, 7, 10, 9), (4, 1, 2, 3, 5, 8, 7, 6, 10, 9), (1, 2, 3, 4, 7, 5, 9, 6, 8, 10), (1, 3, 2, 4, 5, 6, 8, 9, 7, 10), (1, 3, 4, 2, 5, 6, 7, 9, 10, 8)}
M(A) = 
[[1, 2, 3, 4, 5, 6, 7, 8, 9, 10]]
Distance: 50
B = 
{(1, 2, 3, 6, 5, 9, 4, 10, 7, 8), (2, 1, 5, 4, 10, 6, 3, 7, 9, 8), (8, 3, 1, 6, 2, 4, 10, 5, 9, 7), (2, 1, 6, 4, 5, 3, 7, 9, 10, 8), (1, 4, 6, 5, 2, 7, 3, 8, 9, 10), (3, 4, 6, 2, 1, 8, 7, 5, 10, 9), (2, 3, 1, 7, 8, 5, 4, 9, 10, 6), (3, 4, 2, 1, 8, 7, 5, 6, 10, 9), (5, 2, 1, 7, 3, 4, 9, 8, 10, 6)}
M(B) = 
[[1, 2, 3, 4, 5, 6, 7, 8, 9, 10]]
Distance: 93
M(A) inter A:
set()
M(B) inter B:
set()

AUB = 
{(1, 2, 4, 5, 6, 9, 3, 7, 8, 10), (6, 2, 1, 7, 5, 3, 10, 8, 4, 9), (1, 2, 4, 6, 3, 7, 5, 9, 8, 10), (1, 2, 3, 6, 5, 9, 4, 10, 7, 8), (2, 1, 5, 4, 10, 6, 3, 7, 9, 8), (5, 2, 1, 7, 3, 4, 9, 8, 10, 6), (1, 2, 3, 5, 4, 6, 7, 8, 9, 10), (2, 1, 3, 4, 8, 5, 6, 7, 10, 9), (8, 3, 1, 6, 2, 4, 10, 5, 9, 7), (2, 1, 6, 4, 5, 3, 7, 9, 10, 8), (1, 4, 6, 5, 2, 7, 3, 8, 9, 10), (4, 1, 2, 3, 5, 8, 7, 6, 10, 9), (1, 2, 3, 4, 7, 5, 9, 6, 8, 10), (3, 4, 6, 2, 1, 8, 7, 5, 10, 9), (1, 3, 2, 4, 5, 6, 8, 9, 7, 10), (2, 3, 1, 7, 8, 5, 4, 9, 10, 6), (1, 3, 4, 2, 5, 6, 7, 9, 10, 8), (3, 4, 2, 1, 8, 7, 5, 6, 10, 9)}
M(AUB) = 
[[1, 2, 3, 4, 5, 6, 7, 8, 9, 10]]
Distance:147

(22)
A = 
{(2, 3, 1, 7, 4, 8, 6, 10, 9, 5), (1, 4, 2, 5, 6, 3, 7, 8, 9, 10), (2, 1, 3, 5, 7, 6, 9, 4, 8, 10), (1, 2, 3, 4, 5, 6, 10, 7, 8, 9), (1, 3, 2, 7, 6, 5, 4, 9, 8, 10), (1, 2, 5, 3, 4, 8, 9, 10, 6, 7), (4, 2, 1, 9, 7, 3, 5, 6, 8, 10), (1, 2, 4, 3, 5, 6, 7, 9, 8, 10), (1, 2, 4, 3, 5, 7, 6, 9, 8, 10)}
M(A) = 
[[1, 2, 3, 4, 5, 6, 7, 8, 9, 10]]
Distance: 56
B = 
{(1, 2, 3, 5, 6, 4, 7, 8, 9, 10), (4, 3, 2, 1, 5, 7, 10, 6, 9, 8), (4, 5, 6, 2, 8, 3, 1, 10, 7, 9), (2, 1, 4, 3, 5, 6, 8, 7, 9, 10), (1, 2, 3, 4, 5, 6, 7, 8, 9, 10), (2, 1, 9, 3, 5, 8, 4, 10, 7, 6), (3, 1, 2, 4, 6, 8, 7, 5, 9, 10), (1, 4, 3, 5, 2, 6, 7, 8, 9, 10), (1, 2, 3, 5, 4, 7, 8, 10, 9, 6)}
M(B) = 
[[1, 2, 3, 4, 5, 6, 7, 8, 9, 10]]
Distance: 62
M(A) inter A:
set()
M(B) inter B:
{(1, 2, 3, 4, 5, 6, 7, 8, 9, 10)}

AUB = 
{(2, 3, 1, 7, 4, 8, 6, 10, 9, 5), (1, 4, 3, 5, 2, 6, 7, 8, 9, 10), (1, 4, 2, 5, 6, 3, 7, 8, 9, 10), (1, 2, 3, 5, 4, 7, 8, 10, 9, 6), (2, 1, 3, 5, 7, 6, 9, 4, 8, 10), (1, 2, 3, 5, 6, 4, 7, 8, 9, 10), (4, 3, 2, 1, 5, 7, 10, 6, 9, 8), (4, 5, 6, 2, 8, 3, 1, 10, 7, 9), (1, 2, 3, 4, 5, 6, 10, 7, 8, 9), (2, 1, 4, 3, 5, 6, 8, 7, 9, 10), (1, 3, 2, 7, 6, 5, 4, 9, 8, 10), (1, 2, 5, 3, 4, 8, 9, 10, 6, 7), (1, 2, 3, 4, 5, 6, 7, 8, 9, 10), (2, 1, 9, 3, 5, 8, 4, 10, 7, 6), (4, 2, 1, 9, 7, 3, 5, 6, 8, 10), (3, 1, 2, 4, 6, 8, 7, 5, 9, 10), (1, 2, 4, 3, 5, 6, 7, 9, 8, 10), (1, 2, 4, 3, 5, 7, 6, 9, 8, 10)}
M(AUB) = 
[[1, 2, 3, 4, 5, 6, 7, 8, 9, 10]]
Distance:120

(23)
A = 
{(2, 3, 8, 5, 1, 6, 7, 9, 4, 10), (2, 1, 5, 4, 3, 10, 6, 7, 8, 9), (2, 1, 4, 3, 6, 5, 8, 7, 9, 10), (2, 3, 5, 4, 6, 1, 7, 8, 10, 9), (3, 7, 1, 2, 6, 5, 4, 8, 9, 10), (1, 2, 3, 6, 4, 10, 9, 7, 5, 8), (1, 5, 2, 3, 9, 4, 6, 7, 8, 10), (5, 3, 2, 4, 1, 6, 7, 8, 10, 9), (2, 1, 3, 4, 7, 5, 6, 8, 9, 10)}
M(A) = 
[[1, 2, 3, 4, 5, 6, 7, 8, 9, 10]]
Distance: 64
B = 
{(1, 3, 4, 2, 8, 6, 7, 9, 10, 5), (2, 7, 4, 5, 3, 9, 1, 8, 6, 10), (6, 1, 5, 9, 2, 4, 10, 3, 8, 7), (10, 1, 2, 4, 6, 9, 3, 5, 7, 8), (3, 2, 4, 8, 1, 6, 9, 7, 5, 10), (1, 2, 3, 4, 5, 7, 6, 8, 9, 10), (1, 2, 5, 10, 7, 6, 3, 4, 8, 9), (6, 1, 2, 4, 3, 5, 7, 8, 10, 9), (1, 2, 8, 3, 4, 5, 7, 6, 10, 9)}
M(B) = 
[[1, 2, 3, 4, 5, 6, 7, 8, 9, 10]]
Distance: 97
M(A) inter A:
set()
M(B) inter B:
set()

AUB = 
{(2, 3, 8, 5, 1, 6, 7, 9, 4, 10), (1, 3, 4, 2, 8, 6, 7, 9, 10, 5), (2, 1, 5, 4, 3, 10, 6, 7, 8, 9), (2, 1, 4, 3, 6, 5, 8, 7, 9, 10), (2, 3, 5, 4, 6, 1, 7, 8, 10, 9), (2, 7, 4, 5, 3, 9, 1, 8, 6, 10), (3, 7, 1, 2, 6, 5, 4, 8, 9, 10), (6, 1, 5, 9, 2, 4, 10, 3, 8, 7), (10, 1, 2, 4, 6, 9, 3, 5, 7, 8), (3, 2, 4, 8, 1, 6, 9, 7, 5, 10), (1, 2, 3, 4, 5, 7, 6, 8, 9, 10), (1, 2, 3, 6, 4, 10, 9, 7, 5, 8), (1, 5, 2, 3, 9, 4, 6, 7, 8, 10), (5, 3, 2, 4, 1, 6, 7, 8, 10, 9), (1, 2, 5, 10, 7, 6, 3, 4, 8, 9), (2, 1, 3, 4, 7, 5, 6, 8, 9, 10), (6, 1, 2, 4, 3, 5, 7, 8, 10, 9), (1, 2, 8, 3, 4, 5, 7, 6, 10, 9)}
M(AUB) = 
[[1, 2, 3, 4, 5, 6, 7, 8, 9, 10]]
Distance:168

(24)
A = 
{(1, 3, 4, 2, 5, 6, 7, 8, 9, 10), (2, 1, 5, 7, 8, 4, 3, 6, 10, 9), (4, 3, 1, 5, 6, 2, 7, 8, 10, 9), (1, 3, 2, 4, 5, 6, 7, 8, 9, 10), (1, 4, 3, 2, 6, 5, 8, 7, 10, 9), (2, 1, 5, 3, 4, 7, 6, 10, 8, 9), (3, 7, 2, 5, 4, 1, 10, 9, 6, 8), (2, 5, 6, 4, 3, 7, 10, 1, 8, 9), (1, 2, 4, 3, 5, 6, 7, 9, 8, 10)}
M(A) = 
[[1, 2, 3, 4, 5, 6, 7, 8, 9, 10], [1, 2, 3, 4, 5, 6, 7, 8, 10, 9]]
Distance: 62
B = 
{(2, 3, 4, 6, 1, 7, 5, 8, 10, 9), (1, 5, 2, 4, 3, 8, 6, 7, 9, 10), (7, 5, 1, 2, 3, 9, 8, 6, 4, 10), (2, 3, 4, 1, 5, 6, 7, 10, 9, 8), (5, 3, 2, 1, 6, 8, 4, 7, 9, 10), (4, 1, 2, 5, 3, 9, 8, 7, 6, 10), (1, 4, 2, 3, 8, 7, 5, 10, 6, 9), (1, 2, 5, 8, 7, 3, 9, 4, 10, 6), (1, 2, 3, 4, 5, 6, 7, 9, 8, 10)}
M(B) = 
[[1, 2, 3, 4, 5, 6, 7, 8, 9, 10], [1, 2, 3, 4, 5, 6, 7, 8, 10, 9]]
Distance: 75
M(A) inter A:
set()
M(B) inter B:
set()

AUB = 
{(1, 3, 4, 2, 5, 6, 7, 8, 9, 10), (2, 3, 4, 6, 1, 7, 5, 8, 10, 9), (2, 1, 5, 7, 8, 4, 3, 6, 10, 9), (4, 3, 1, 5, 6, 2, 7, 8, 10, 9), (1, 3, 2, 4, 5, 6, 7, 8, 9, 10), (1, 4, 3, 2, 6, 5, 8, 7, 10, 9), (1, 5, 2, 4, 3, 8, 6, 7, 9, 10), (2, 1, 5, 3, 4, 7, 6, 10, 8, 9), (7, 5, 1, 2, 3, 9, 8, 6, 4, 10), (2, 3, 4, 1, 5, 6, 7, 10, 9, 8), (5, 3, 2, 1, 6, 8, 4, 7, 9, 10), (4, 1, 2, 5, 3, 9, 8, 7, 6, 10), (1, 4, 2, 3, 8, 7, 5, 10, 6, 9), (1, 2, 5, 8, 7, 3, 9, 4, 10, 6), (3, 7, 2, 5, 4, 1, 10, 9, 6, 8), (1, 2, 3, 4, 5, 6, 7, 9, 8, 10), (2, 5, 6, 4, 3, 7, 10, 1, 8, 9), (1, 2, 4, 3, 5, 6, 7, 9, 8, 10)}
M(AUB) = 
[[1, 2, 3, 4, 5, 6, 7, 8, 9, 10], [1, 2, 3, 4, 5, 6, 7, 8, 10, 9]]
Distance:143

(25)
A = 
{(1, 3, 2, 5, 4, 6, 7, 8, 10, 9), (2, 4, 8, 1, 5, 6, 10, 3, 9, 7), (2, 1, 3, 5, 4, 6, 7, 8, 10, 9), (5, 3, 2, 4, 10, 1, 9, 6, 7, 8), (1, 2, 8, 5, 4, 3, 10, 6, 7, 9), (4, 1, 7, 5, 2, 3, 6, 10, 8, 9), (4, 1, 2, 3, 6, 5, 7, 8, 9, 10), (3, 2, 4, 1, 5, 6, 8, 7, 10, 9), (2, 1, 3, 4, 6, 5, 7, 9, 8, 10)}
M(A) = 
[[1, 2, 3, 4, 5, 6, 7, 8, 10, 9]]
Distance: 65
B = 
{(3, 1, 2, 4, 5, 6, 7, 9, 8, 10), (2, 1, 4, 6, 5, 10, 9, 3, 7, 8), (1, 2, 3, 5, 4, 8, 6, 7, 9, 10), (1, 3, 5, 6, 8, 2, 10, 4, 9, 7), (2, 1, 7, 3, 6, 4, 9, 8, 10, 5), (1, 3, 5, 2, 4, 10, 9, 7, 8, 6), (2, 3, 7, 5, 1, 4, 10, 6, 8, 9), (4, 3, 1, 5, 2, 9, 7, 8, 10, 6), (3, 1, 2, 4, 5, 6, 7, 9, 10, 8)}
M(B) = 
[[1, 2, 3, 4, 5, 6, 7, 8, 10, 9]]
Distance: 76
M(A) inter A:
set()
M(B) inter B:
set()

AUB = 
{(1, 3, 2, 5, 4, 6, 7, 8, 10, 9), (2, 4, 8, 1, 5, 6, 10, 3, 9, 7), (2, 1, 3, 5, 4, 6, 7, 8, 10, 9), (5, 3, 2, 4, 10, 1, 9, 6, 7, 8), (3, 1, 2, 4, 5, 6, 7, 9, 8, 10), (2, 1, 4, 6, 5, 10, 9, 3, 7, 8), (1, 2, 3, 5, 4, 8, 6, 7, 9, 10), (1, 2, 8, 5, 4, 3, 10, 6, 7, 9), (4, 1, 7, 5, 2, 3, 6, 10, 8, 9), (4, 1, 2, 3, 6, 5, 7, 8, 9, 10), (1, 3, 5, 6, 8, 2, 10, 4, 9, 7), (2, 1, 7, 3, 6, 4, 9, 8, 10, 5), (1, 3, 5, 2, 4, 10, 9, 7, 8, 6), (3, 2, 4, 1, 5, 6, 8, 7, 10, 9), (2, 3, 7, 5, 1, 4, 10, 6, 8, 9), (2, 1, 3, 4, 6, 5, 7, 9, 8, 10), (4, 3, 1, 5, 2, 9, 7, 8, 10, 6), (3, 1, 2, 4, 5, 6, 7, 9, 10, 8)}
M(AUB) = 
[[1, 2, 3, 4, 5, 6, 7, 8, 10, 9]]
Distance:147

(26)
A = 
{(2, 3, 1, 4, 5, 9, 6, 7, 8, 10), (5, 4, 2, 1, 3, 6, 10, 8, 9, 7), (2, 9, 4, 6, 5, 1, 3, 7, 10, 8), (1, 2, 3, 5, 7, 4, 8, 9, 6, 10), (3, 1, 4, 2, 7, 8, 5, 10, 9, 6), (6, 1, 2, 4, 9, 10, 3, 5, 7, 8), (3, 2, 4, 6, 1, 9, 7, 5, 10, 8), (1, 2, 3, 6, 7, 10, 8, 4, 5, 9), (1, 2, 3, 6, 4, 5, 8, 10, 7, 9)}
M(A) = 
[[1, 2, 3, 4, 5, 6, 7, 8, 9, 10], [1, 2, 3, 4, 6, 5, 7, 8, 9, 10], [2, 1, 3, 4, 5, 6, 7, 8, 9, 10], [2, 1, 3, 4, 6, 5, 7, 8, 9, 10]]
Distance: 87
B = 
{(7, 2, 4, 6, 1, 3, 5, 8, 10, 9), (3, 2, 4, 1, 8, 5, 9, 10, 6, 7), (6, 2, 5, 3, 1, 8, 4, 9, 10, 7), (6, 4, 8, 5, 2, 3, 1, 7, 9, 10), (2, 3, 6, 1, 5, 10, 9, 8, 4, 7), (1, 2, 3, 4, 5, 6, 7, 8, 9, 10), (1, 5, 4, 3, 2, 7, 8, 6, 10, 9), (1, 3, 2, 4, 5, 6, 9, 10, 7, 8), (5, 4, 1, 2, 3, 8, 6, 7, 10, 9)}
M(B) = 
[[1, 2, 3, 4, 5, 6, 7, 8, 9, 10], [1, 2, 3, 4, 6, 5, 7, 8, 9, 10], [2, 1, 3, 4, 5, 6, 7, 8, 9, 10], [2, 1, 3, 4, 6, 5, 7, 8, 9, 10]]
Distance: 93
M(A) inter A:
set()
M(B) inter B:
set()

AUB = 
{(2, 3, 1, 4, 5, 9, 6, 7, 8, 10), (7, 2, 4, 6, 1, 3, 5, 8, 10, 9), (5, 4, 2, 1, 3, 6, 10, 8, 9, 7), (2, 9, 4, 6, 5, 1, 3, 7, 10, 8), (1, 2, 3, 5, 7, 4, 8, 9, 6, 10), (3, 1, 4, 2, 7, 8, 5, 10, 9, 6), (3, 2, 4, 1, 8, 5, 9, 10, 6, 7), (6, 2, 5, 3, 1, 8, 4, 9, 10, 7), (6, 4, 8, 5, 2, 3, 1, 7, 9, 10), (2, 3, 6, 1, 5, 10, 9, 8, 4, 7), (1, 2, 3, 4, 5, 6, 7, 8, 9, 10), (6, 1, 2, 4, 9, 10, 3, 5, 7, 8), (1, 5, 4, 3, 2, 7, 8, 6, 10, 9), (1, 3, 2, 4, 5, 6, 9, 10, 7, 8), (3, 2, 4, 6, 1, 9, 7, 5, 10, 8), (1, 2, 3, 6, 7, 10, 8, 4, 5, 9), (1, 2, 3, 6, 4, 5, 8, 10, 7, 9), (5, 4, 1, 2, 3, 8, 6, 7, 10, 9)}
M(AUB) = 
[[1, 2, 3, 4, 5, 6, 7, 8, 9, 10], [1, 2, 3, 4, 6, 5, 7, 8, 9, 10], [2, 1, 3, 4, 5, 6, 7, 8, 9, 10], [2, 1, 3, 4, 6, 5, 7, 8, 9, 10]]
Distance:184

(27)
A = 
{(2, 5, 9, 4, 1, 10, 7, 3, 6, 8), (1, 3, 2, 4, 5, 7, 6, 9, 10, 8), (1, 2, 6, 3, 5, 7, 4, 8, 9, 10), (2, 3, 4, 1, 9, 8, 5, 6, 10, 7), (1, 4, 2, 3, 5, 6, 7, 9, 8, 10), (1, 3, 2, 4, 5, 6, 8, 7, 10, 9), (1, 6, 2, 4, 5, 7, 3, 8, 10, 9), (2, 1, 3, 4, 6, 7, 5, 10, 8, 9), (3, 4, 1, 2, 6, 7, 8, 10, 5, 9)}
M(A) = 
[[1, 2, 3, 4, 5, 6, 7, 8, 9, 10], [1, 2, 3, 4, 5, 6, 7, 9, 8, 10]]
Distance: 66
B = 
{(5, 2, 1, 7, 3, 4, 6, 8, 10, 9), (1, 6, 2, 5, 8, 7, 3, 10, 4, 9), (1, 2, 7, 3, 6, 9, 5, 4, 8, 10), (3, 2, 4, 1, 5, 6, 10, 7, 9, 8), (1, 5, 2, 9, 3, 7, 10, 6, 8, 4), (1, 2, 3, 7, 9, 6, 8, 4, 5, 10), (2, 4, 5, 9, 6, 1, 7, 8, 3, 10), (3, 4, 2, 6, 1, 7, 8, 9, 10, 5), (1, 3, 4, 2, 8, 7, 9, 5, 10, 6)}
M(B) = 
[[1, 2, 3, 4, 5, 6, 7, 8, 9, 10], [1, 2, 3, 4, 5, 6, 7, 9, 8, 10]]
Distance: 99
M(A) inter A:
set()
M(B) inter B:
set()

AUB = 
{(2, 5, 9, 4, 1, 10, 7, 3, 6, 8), (1, 3, 2, 4, 5, 7, 6, 9, 10, 8), (5, 2, 1, 7, 3, 4, 6, 8, 10, 9), (1, 6, 2, 5, 8, 7, 3, 10, 4, 9), (1, 2, 6, 3, 5, 7, 4, 8, 9, 10), (2, 3, 4, 1, 9, 8, 5, 6, 10, 7), (1, 4, 2, 3, 5, 6, 7, 9, 8, 10), (1, 3, 2, 4, 5, 6, 8, 7, 10, 9), (1, 6, 2, 4, 5, 7, 3, 8, 10, 9), (2, 1, 3, 4, 6, 7, 5, 10, 8, 9), (1, 2, 7, 3, 6, 9, 5, 4, 8, 10), (3, 2, 4, 1, 5, 6, 10, 7, 9, 8), (1, 5, 2, 9, 3, 7, 10, 6, 8, 4), (1, 2, 3, 7, 9, 6, 8, 4, 5, 10), (2, 4, 5, 9, 6, 1, 7, 8, 3, 10), (3, 4, 1, 2, 6, 7, 8, 10, 5, 9), (3, 4, 2, 6, 1, 7, 8, 9, 10, 5), (1, 3, 4, 2, 8, 7, 9, 5, 10, 6)}
M(AUB) = 
[[1, 2, 3, 4, 5, 6, 7, 8, 9, 10], [1, 2, 3, 4, 5, 6, 7, 9, 8, 10]]
Distance:167

(28)
A = 
{(1, 4, 2, 6, 3, 8, 9, 5, 7, 10), (3, 2, 5, 1, 4, 7, 8, 9, 6, 10), (3, 1, 4, 6, 5, 2, 10, 7, 9, 8), (1, 2, 4, 7, 3, 10, 6, 5, 9, 8), (2, 1, 3, 4, 6, 5, 7, 10, 8, 9), (1, 2, 5, 7, 6, 3, 4, 9, 8, 10), (3, 2, 1, 4, 5, 7, 6, 9, 8, 10), (1, 2, 3, 4, 5, 6, 7, 9, 8, 10), (1, 2, 3, 5, 8, 7, 4, 9, 10, 6)}
M(A) = 
[[1, 2, 3, 4, 5, 6, 7, 8, 9, 10], [2, 1, 3, 4, 5, 6, 7, 8, 9, 10]]
Distance: 60
B = 
{(1, 4, 3, 6, 2, 9, 5, 7, 8, 10), (4, 5, 1, 8, 2, 3, 9, 6, 7, 10), (2, 1, 5, 4, 3, 8, 10, 9, 6, 7), (3, 2, 4, 1, 7, 5, 9, 6, 10, 8), (2, 1, 3, 6, 5, 4, 8, 9, 7, 10), (4, 8, 2, 3, 1, 5, 7, 10, 9, 6), (2, 4, 3, 6, 1, 5, 7, 8, 10, 9), (3, 2, 1, 6, 4, 8, 5, 10, 7, 9), (1, 2, 4, 3, 5, 6, 9, 7, 8, 10)}
M(B) = 
[[1, 2, 3, 4, 5, 6, 7, 8, 9, 10], [2, 1, 3, 4, 5, 6, 7, 8, 9, 10]]
Distance: 72
M(A) inter A:
set()
M(B) inter B:
set()

AUB = 
{(1, 4, 2, 6, 3, 8, 9, 5, 7, 10), (3, 2, 5, 1, 4, 7, 8, 9, 6, 10), (3, 1, 4, 6, 5, 2, 10, 7, 9, 8), (1, 2, 4, 7, 3, 10, 6, 5, 9, 8), (1, 4, 3, 6, 2, 9, 5, 7, 8, 10), (4, 5, 1, 8, 2, 3, 9, 6, 7, 10), (2, 1, 5, 4, 3, 8, 10, 9, 6, 7), (2, 1, 3, 4, 6, 5, 7, 10, 8, 9), (3, 2, 4, 1, 7, 5, 9, 6, 10, 8), (2, 1, 3, 6, 5, 4, 8, 9, 7, 10), (4, 8, 2, 3, 1, 5, 7, 10, 9, 6), (1, 2, 5, 7, 6, 3, 4, 9, 8, 10), (3, 2, 1, 4, 5, 7, 6, 9, 8, 10), (1, 2, 3, 4, 5, 6, 7, 9, 8, 10), (1, 2, 3, 5, 8, 7, 4, 9, 10, 6), (2, 4, 3, 6, 1, 5, 7, 8, 10, 9), (3, 2, 1, 6, 4, 8, 5, 10, 7, 9), (1, 2, 4, 3, 5, 6, 9, 7, 8, 10)}
M(AUB) = 
[[1, 2, 3, 4, 5, 6, 7, 8, 9, 10], [2, 1, 3, 4, 5, 6, 7, 8, 9, 10]]
Distance:142

(29)
A = 
{(2, 3, 1, 4, 9, 5, 7, 6, 8, 10), (5, 4, 3, 7, 2, 10, 1, 9, 8, 6), (5, 3, 1, 7, 2, 4, 9, 6, 10, 8), (1, 2, 3, 4, 5, 6, 7, 9, 10, 8), (3, 1, 4, 6, 2, 7, 5, 10, 8, 9), (5, 2, 4, 3, 1, 7, 8, 9, 6, 10), (4, 2, 1, 5, 3, 6, 7, 9, 8, 10), (2, 1, 3, 4, 5, 6, 8, 7, 9, 10), (4, 2, 5, 6, 7, 10, 9, 3, 1, 8)}
M(A) = 
[[2, 1, 3, 4, 5, 7, 6, 9, 8, 10], [2, 3, 1, 4, 5, 7, 6, 9, 8, 10]]
Distance: 76
B = 
{(1, 2, 6, 3, 5, 7, 4, 8, 10, 9), (3, 2, 1, 9, 10, 5, 4, 7, 6, 8), (2, 3, 4, 6, 5, 8, 1, 9, 7, 10), (5, 1, 2, 4, 3, 7, 6, 9, 8, 10), (2, 3, 5, 1, 7, 9, 10, 8, 6, 4), (1, 2, 3, 4, 5, 6, 7, 8, 9, 10), (5, 4, 1, 2, 3, 7, 6, 9, 10, 8), (4, 2, 1, 3, 8, 7, 10, 6, 5, 9), (1, 3, 4, 7, 2, 6, 8, 10, 5, 9)}
M(B) = 
[[2, 1, 3, 4, 5, 7, 6, 9, 8, 10], [2, 3, 1, 4, 5, 7, 6, 9, 8, 10]]
Distance: 80
M(A) inter A:
set()
M(B) inter B:
set()

AUB = 
{(2, 3, 1, 4, 9, 5, 7, 6, 8, 10), (1, 2, 6, 3, 5, 7, 4, 8, 10, 9), (5, 4, 3, 7, 2, 10, 1, 9, 8, 6), (5, 3, 1, 7, 2, 4, 9, 6, 10, 8), (3, 2, 1, 9, 10, 5, 4, 7, 6, 8), (2, 3, 4, 6, 5, 8, 1, 9, 7, 10), (5, 1, 2, 4, 3, 7, 6, 9, 8, 10), (2, 3, 5, 1, 7, 9, 10, 8, 6, 4), (1, 2, 3, 4, 5, 6, 7, 9, 10, 8), (3, 1, 4, 6, 2, 7, 5, 10, 8, 9), (1, 2, 3, 4, 5, 6, 7, 8, 9, 10), (5, 2, 4, 3, 1, 7, 8, 9, 6, 10), (5, 4, 1, 2, 3, 7, 6, 9, 10, 8), (4, 2, 1, 5, 3, 6, 7, 9, 8, 10), (4, 2, 1, 3, 8, 7, 10, 6, 5, 9), (2, 1, 3, 4, 5, 6, 8, 7, 9, 10), (4, 2, 5, 6, 7, 10, 9, 3, 1, 8), (1, 3, 4, 7, 2, 6, 8, 10, 5, 9)}
M(AUB) = 
[[2, 1, 3, 4, 5, 7, 6, 9, 8, 10], [2, 3, 1, 4, 5, 7, 6, 9, 8, 10]]
Distance:164

(30)
A = 
{(3, 4, 5, 1, 8, 10, 9, 2, 7, 6), (7, 2, 6, 3, 4, 5, 1, 9, 8, 10), (2, 1, 3, 4, 9, 5, 8, 6, 10, 7), (1, 2, 6, 3, 7, 5, 4, 8, 9, 10), (2, 4, 1, 9, 5, 3, 8, 6, 10, 7), (1, 2, 3, 4, 5, 6, 7, 8, 9, 10), (3, 2, 7, 4, 1, 6, 10, 9, 8, 5), (1, 3, 2, 6, 8, 5, 7, 4, 10, 9), (2, 3, 5, 6, 1, 8, 4, 10, 9, 7)}
M(A) = 
[[1, 2, 3, 4, 5, 6, 7, 9, 8, 10], [2, 1, 3, 4, 5, 6, 7, 9, 8, 10]]
Distance: 91
B = 
{(1, 2, 4, 5, 6, 3, 8, 9, 10, 7), (2, 3, 1, 4, 6, 5, 7, 9, 10, 8), (5, 2, 1, 3, 4, 7, 10, 6, 8, 9), (2, 3, 5, 1, 4, 7, 6, 10, 9, 8), (5, 2, 3, 4, 1, 9, 7, 10, 8, 6), (1, 4, 3, 2, 6, 5, 7, 9, 8, 10), (5, 1, 6, 3, 10, 4, 2, 9, 8, 7), (1, 2, 3, 4, 5, 6, 7, 9, 8, 10), (4, 1, 9, 2, 7, 6, 10, 5, 3, 8)}
M(B) = 
[[1, 2, 3, 4, 5, 6, 7, 9, 8, 10], [2, 1, 3, 4, 5, 6, 7, 9, 8, 10]]
Distance: 75
M(A) inter A:
set()
M(B) inter B:
set()

AUB = 
{(1, 2, 4, 5, 6, 3, 8, 9, 10, 7), (3, 4, 5, 1, 8, 10, 9, 2, 7, 6), (7, 2, 6, 3, 4, 5, 1, 9, 8, 10), (2, 1, 3, 4, 9, 5, 8, 6, 10, 7), (2, 3, 1, 4, 6, 5, 7, 9, 10, 8), (1, 2, 6, 3, 7, 5, 4, 8, 9, 10), (5, 2, 1, 3, 4, 7, 10, 6, 8, 9), (2, 3, 5, 1, 4, 7, 6, 10, 9, 8), (5, 2, 3, 4, 1, 9, 7, 10, 8, 6), (2, 4, 1, 9, 5, 3, 8, 6, 10, 7), (1, 2, 3, 4, 5, 6, 7, 8, 9, 10), (1, 4, 3, 2, 6, 5, 7, 9, 8, 10), (5, 1, 6, 3, 10, 4, 2, 9, 8, 7), (3, 2, 7, 4, 1, 6, 10, 9, 8, 5), (1, 2, 3, 4, 5, 6, 7, 9, 8, 10), (1, 3, 2, 6, 8, 5, 7, 4, 10, 9), (4, 1, 9, 2, 7, 6, 10, 5, 3, 8), (2, 3, 5, 6, 1, 8, 4, 10, 9, 7)}
M(AUB) = 
[[1, 2, 3, 4, 5, 6, 7, 9, 8, 10], [2, 1, 3, 4, 5, 6, 7, 9, 8, 10]]
Distance:172

(31)
A = 
{(2, 1, 3, 4, 7, 6, 5, 8, 10, 9), (1, 3, 2, 10, 4, 8, 9, 6, 7, 5), (3, 1, 2, 6, 5, 4, 10, 9, 7, 8), (2, 1, 5, 4, 3, 6, 9, 7, 10, 8), (3, 1, 2, 7, 10, 5, 9, 6, 4, 8), (1, 2, 6, 3, 4, 5, 7, 8, 9, 10), (4, 2, 1, 6, 5, 8, 3, 7, 10, 9), (3, 5, 1, 2, 4, 7, 9, 6, 10, 8), (2, 3, 1, 6, 4, 5, 8, 10, 7, 9)}
M(A) = 
[[1, 2, 3, 4, 5, 6, 7, 8, 10, 9], [2, 1, 3, 4, 5, 6, 7, 8, 10, 9]]
Distance: 74
B = 
{(1, 3, 5, 2, 4, 7, 6, 8, 10, 9), (2, 3, 6, 5, 1, 9, 7, 8, 10, 4), (2, 1, 4, 6, 3, 5, 8, 7, 10, 9), (1, 3, 2, 5, 4, 9, 6, 8, 7, 10), (1, 4, 3, 5, 2, 7, 6, 10, 8, 9), (5, 2, 1, 3, 4, 7, 9, 10, 6, 8), (2, 1, 3, 4, 5, 6, 7, 8, 9, 10), (2, 8, 4, 5, 1, 6, 10, 3, 9, 7), (1, 2, 4, 3, 5, 6, 7, 9, 8, 10)}
M(B) = 
[[1, 2, 3, 4, 5, 6, 7, 8, 10, 9], [2, 1, 3, 4, 5, 6, 7, 8, 10, 9]]
Distance: 65
M(A) inter A:
set()
M(B) inter B:
{(2, 1, 3, 4, 5, 6, 7, 8, 9, 10)}

AUB = 
{(2, 1, 3, 4, 7, 6, 5, 8, 10, 9), (1, 3, 2, 10, 4, 8, 9, 6, 7, 5), (1, 3, 5, 2, 4, 7, 6, 8, 10, 9), (2, 3, 6, 5, 1, 9, 7, 8, 10, 4), (2, 1, 4, 6, 3, 5, 8, 7, 10, 9), (3, 1, 2, 6, 5, 4, 10, 9, 7, 8), (2, 1, 5, 4, 3, 6, 9, 7, 10, 8), (1, 3, 2, 5, 4, 9, 6, 8, 7, 10), (3, 1, 2, 7, 10, 5, 9, 6, 4, 8), (1, 4, 3, 5, 2, 7, 6, 10, 8, 9), (5, 2, 1, 3, 4, 7, 9, 10, 6, 8), (1, 2, 6, 3, 4, 5, 7, 8, 9, 10), (2, 1, 3, 4, 5, 6, 7, 8, 9, 10), (2, 8, 4, 5, 1, 6, 10, 3, 9, 7), (4, 2, 1, 6, 5, 8, 3, 7, 10, 9), (3, 5, 1, 2, 4, 7, 9, 6, 10, 8), (2, 3, 1, 6, 4, 5, 8, 10, 7, 9), (1, 2, 4, 3, 5, 6, 7, 9, 8, 10)}
M(AUB) = 
[[1, 2, 3, 4, 5, 6, 7, 8, 10, 9], [2, 1, 3, 4, 5, 6, 7, 8, 10, 9]]
Distance:145

(32)
A = 
{(1, 5, 4, 3, 2, 7, 9, 8, 6, 10), (1, 3, 2, 6, 5, 4, 7, 8, 9, 10), (3, 2, 1, 4, 6, 5, 7, 8, 10, 9), (4, 5, 2, 9, 1, 3, 8, 7, 6, 10), (3, 2, 5, 6, 1, 8, 10, 9, 7, 4), (3, 2, 5, 10, 1, 4, 9, 7, 8, 6), (4, 2, 10, 1, 3, 6, 8, 5, 9, 7), (2, 6, 1, 5, 7, 4, 9, 3, 10, 8), (2, 5, 3, 7, 8, 1, 6, 10, 9, 4)}
M(A) = 
[[1, 3, 2, 5, 4, 7, 8, 6, 9, 10], [1, 3, 2, 5, 4, 7, 8, 6, 10, 9]]
Distance: 99
B = 
{(1, 4, 6, 2, 5, 3, 8, 10, 7, 9), (5, 3, 2, 1, 8, 7, 6, 4, 9, 10), (2, 3, 5, 1, 7, 8, 4, 9, 10, 6), (1, 7, 2, 3, 8, 6, 4, 10, 5, 9), (3, 6, 4, 1, 5, 2, 7, 9, 8, 10), (3, 1, 7, 2, 10, 8, 6, 4, 5, 9), (1, 5, 2, 7, 3, 4, 10, 8, 6, 9), (1, 5, 3, 4, 2, 9, 6, 10, 7, 8), (4, 1, 3, 5, 7, 2, 8, 6, 9, 10)}
M(B) = 
[[1, 3, 2, 5, 4, 7, 8, 6, 9, 10], [1, 3, 2, 5, 4, 7, 8, 6, 10, 9]]
Distance: 90
M(A) inter A:
set()
M(B) inter B:
set()

AUB = 
{(1, 5, 4, 3, 2, 7, 9, 8, 6, 10), (1, 3, 2, 6, 5, 4, 7, 8, 9, 10), (3, 2, 1, 4, 6, 5, 7, 8, 10, 9), (4, 5, 2, 9, 1, 3, 8, 7, 6, 10), (3, 2, 5, 6, 1, 8, 10, 9, 7, 4), (1, 4, 6, 2, 5, 3, 8, 10, 7, 9), (3, 2, 5, 10, 1, 4, 9, 7, 8, 6), (4, 2, 10, 1, 3, 6, 8, 5, 9, 7), (2, 6, 1, 5, 7, 4, 9, 3, 10, 8), (5, 3, 2, 1, 8, 7, 6, 4, 9, 10), (2, 3, 5, 1, 7, 8, 4, 9, 10, 6), (1, 7, 2, 3, 8, 6, 4, 10, 5, 9), (3, 6, 4, 1, 5, 2, 7, 9, 8, 10), (2, 5, 3, 7, 8, 1, 6, 10, 9, 4), (3, 1, 7, 2, 10, 8, 6, 4, 5, 9), (1, 5, 2, 7, 3, 4, 10, 8, 6, 9), (1, 5, 3, 4, 2, 9, 6, 10, 7, 8), (4, 1, 3, 5, 7, 2, 8, 6, 9, 10)}
M(AUB) = 
[[1, 3, 2, 5, 4, 7, 8, 6, 9, 10], [1, 3, 2, 5, 4, 7, 8, 6, 10, 9]]
Distance:198

(33)
A = 
{(4, 2, 3, 1, 5, 8, 7, 10, 6, 9), (2, 1, 3, 5, 4, 6, 9, 7, 10, 8), (2, 1, 4, 6, 3, 5, 9, 10, 8, 7), (6, 1, 3, 4, 2, 8, 9, 7, 5, 10), (1, 7, 3, 2, 8, 4, 5, 6, 9, 10), (1, 5, 2, 3, 4, 9, 10, 8, 6, 7), (2, 1, 3, 4, 7, 5, 6, 8, 9, 10), (1, 2, 3, 4, 5, 7, 6, 9, 8, 10), (1, 3, 4, 2, 6, 5, 7, 8, 9, 10)}
M(A) = 
[[1, 2, 3, 4, 5, 6, 7, 8, 9, 10], [1, 2, 3, 4, 5, 6, 7, 9, 8, 10]]
Distance: 64
B = 
{(1, 3, 2, 5, 8, 4, 6, 10, 9, 7), (2, 1, 5, 6, 3, 4, 7, 9, 8, 10), (1, 3, 4, 5, 2, 9, 6, 10, 7, 8), (1, 3, 6, 2, 9, 4, 7, 10, 8, 5), (2, 1, 5, 3, 4, 7, 10, 8, 6, 9), (1, 2, 3, 4, 5, 7, 6, 8, 9, 10), (2, 1, 4, 7, 5, 8, 3, 6, 9, 10), (4, 2, 1, 5, 3, 9, 6, 7, 8, 10), (1, 3, 2, 5, 6, 7, 10, 4, 9, 8)}
M(B) = 
[[1, 2, 3, 4, 5, 6, 7, 8, 9, 10], [1, 2, 3, 4, 5, 6, 7, 9, 8, 10]]
Distance: 66
M(A) inter A:
set()
M(B) inter B:
set()

AUB = 
{(1, 3, 2, 5, 8, 4, 6, 10, 9, 7), (4, 2, 3, 1, 5, 8, 7, 10, 6, 9), (2, 1, 5, 6, 3, 4, 7, 9, 8, 10), (2, 1, 3, 5, 4, 6, 9, 7, 10, 8), (1, 3, 4, 5, 2, 9, 6, 10, 7, 8), (2, 1, 4, 6, 3, 5, 9, 10, 8, 7), (6, 1, 3, 4, 2, 8, 9, 7, 5, 10), (1, 7, 3, 2, 8, 4, 5, 6, 9, 10), (1, 3, 6, 2, 9, 4, 7, 10, 8, 5), (1, 5, 2, 3, 4, 9, 10, 8, 6, 7), (2, 1, 5, 3, 4, 7, 10, 8, 6, 9), (1, 2, 3, 4, 5, 7, 6, 8, 9, 10), (2, 1, 4, 7, 5, 8, 3, 6, 9, 10), (4, 2, 1, 5, 3, 9, 6, 7, 8, 10), (2, 1, 3, 4, 7, 5, 6, 8, 9, 10), (1, 2, 3, 4, 5, 7, 6, 9, 8, 10), (1, 3, 4, 2, 6, 5, 7, 8, 9, 10), (1, 3, 2, 5, 6, 7, 10, 4, 9, 8)}
M(AUB) = 
[[1, 2, 3, 4, 5, 6, 7, 8, 9, 10], [1, 2, 3, 4, 5, 6, 7, 9, 8, 10]]
Distance:131

(34)
A = 
{(1, 2, 6, 4, 3, 10, 8, 5, 7, 9), (2, 1, 3, 5, 4, 6, 7, 8, 10, 9), (2, 3, 1, 6, 5, 4, 7, 9, 8, 10), (1, 2, 6, 3, 7, 4, 5, 9, 8, 10), (3, 1, 2, 5, 7, 8, 4, 9, 6, 10), (1, 9, 2, 4, 6, 3, 10, 5, 8, 7), (2, 1, 5, 3, 4, 6, 7, 8, 9, 10), (6, 5, 1, 3, 4, 2, 10, 8, 7, 9), (2, 1, 3, 5, 4, 10, 6, 9, 7, 8)}
M(A) = 
[[1, 2, 3, 4, 6, 5, 7, 8, 9, 10]]
Distance: 70
B = 
{(1, 2, 3, 4, 5, 6, 8, 9, 7, 10), (2, 1, 6, 5, 4, 3, 7, 9, 8, 10), (4, 3, 1, 5, 6, 8, 10, 9, 2, 7), (1, 2, 3, 6, 4, 5, 8, 7, 10, 9), (4, 6, 3, 8, 1, 9, 5, 10, 2, 7), (2, 4, 1, 7, 9, 3, 10, 8, 6, 5), (6, 2, 1, 3, 4, 7, 9, 8, 5, 10), (1, 2, 3, 4, 7, 8, 9, 5, 6, 10), (3, 1, 4, 5, 2, 6, 8, 9, 7, 10)}
M(B) = 
[[1, 2, 3, 4, 6, 5, 7, 8, 9, 10]]
Distance: 83
M(A) inter A:
set()
M(B) inter B:
set()

AUB = 
{(1, 2, 6, 4, 3, 10, 8, 5, 7, 9), (2, 1, 3, 5, 4, 6, 7, 8, 10, 9), (2, 3, 1, 6, 5, 4, 7, 9, 8, 10), (1, 2, 3, 4, 5, 6, 8, 9, 7, 10), (2, 1, 6, 5, 4, 3, 7, 9, 8, 10), (4, 3, 1, 5, 6, 8, 10, 9, 2, 7), (1, 2, 3, 6, 4, 5, 8, 7, 10, 9), (1, 2, 6, 3, 7, 4, 5, 9, 8, 10), (3, 1, 2, 5, 7, 8, 4, 9, 6, 10), (1, 9, 2, 4, 6, 3, 10, 5, 8, 7), (2, 1, 5, 3, 4, 6, 7, 8, 9, 10), (4, 6, 3, 8, 1, 9, 5, 10, 2, 7), (6, 5, 1, 3, 4, 2, 10, 8, 7, 9), (2, 4, 1, 7, 9, 3, 10, 8, 6, 5), (6, 2, 1, 3, 4, 7, 9, 8, 5, 10), (1, 2, 3, 4, 7, 8, 9, 5, 6, 10), (2, 1, 3, 5, 4, 10, 6, 9, 7, 8), (3, 1, 4, 5, 2, 6, 8, 9, 7, 10)}
M(AUB) = 
[[1, 2, 3, 4, 6, 5, 7, 8, 9, 10]]
Distance:156

(35)
A = 
{(2, 1, 4, 3, 6, 5, 7, 9, 10, 8), (4, 3, 6, 1, 7, 5, 10, 2, 9, 8), (3, 1, 2, 6, 5, 4, 8, 10, 7, 9), (2, 3, 5, 1, 4, 8, 7, 6, 10, 9), (2, 1, 6, 4, 3, 7, 5, 8, 9, 10), (1, 3, 2, 5, 4, 6, 8, 10, 7, 9), (2, 4, 3, 5, 1, 7, 6, 9, 8, 10), (2, 1, 3, 4, 6, 7, 9, 8, 5, 10), (6, 2, 5, 7, 4, 1, 9, 3, 8, 10)}
M(A) = 
[[2, 1, 3, 4, 5, 6, 7, 9, 8, 10], [2, 1, 3, 4, 6, 5, 7, 9, 8, 10], [2, 1, 4, 3, 5, 6, 7, 9, 8, 10], [2, 1, 4, 3, 6, 5, 7, 9, 8, 10]]
Distance: 68
B = 
{(2, 5, 4, 3, 8, 1, 9, 10, 6, 7), (2, 1, 5, 3, 6, 9, 4, 10, 7, 8), (3, 4, 2, 1, 6, 7, 5, 8, 9, 10), (3, 5, 4, 1, 8, 2, 10, 7, 6, 9), (4, 2, 1, 6, 7, 5, 9, 3, 8, 10), (1, 2, 3, 5, 4, 6, 9, 7, 8, 10), (1, 2, 3, 4, 5, 6, 7, 8, 9, 10), (4, 2, 3, 6, 1, 5, 9, 8, 10, 7), (2, 1, 4, 3, 9, 7, 8, 5, 6, 10)}
M(B) = 
[[2, 1, 3, 4, 5, 6, 7, 9, 8, 10], [2, 1, 3, 4, 6, 5, 7, 9, 8, 10], [2, 1, 4, 3, 5, 6, 7, 9, 8, 10], [2, 1, 4, 3, 6, 5, 7, 9, 8, 10]]
Distance: 74
M(A) inter A:
set()
M(B) inter B:
set()

AUB = 
{(2, 5, 4, 3, 8, 1, 9, 10, 6, 7), (2, 1, 5, 3, 6, 9, 4, 10, 7, 8), (2, 1, 4, 3, 6, 5, 7, 9, 10, 8), (4, 3, 6, 1, 7, 5, 10, 2, 9, 8), (3, 1, 2, 6, 5, 4, 8, 10, 7, 9), (2, 3, 5, 1, 4, 8, 7, 6, 10, 9), (2, 1, 6, 4, 3, 7, 5, 8, 9, 10), (3, 4, 2, 1, 6, 7, 5, 8, 9, 10), (1, 3, 2, 5, 4, 6, 8, 10, 7, 9), (2, 4, 3, 5, 1, 7, 6, 9, 8, 10), (3, 5, 4, 1, 8, 2, 10, 7, 6, 9), (4, 2, 1, 6, 7, 5, 9, 3, 8, 10), (1, 2, 3, 5, 4, 6, 9, 7, 8, 10), (1, 2, 3, 4, 5, 6, 7, 8, 9, 10), (4, 2, 3, 6, 1, 5, 9, 8, 10, 7), (2, 1, 3, 4, 6, 7, 9, 8, 5, 10), (2, 1, 4, 3, 9, 7, 8, 5, 6, 10), (6, 2, 5, 7, 4, 1, 9, 3, 8, 10)}
M(AUB) = 
[[2, 1, 3, 4, 5, 6, 7, 9, 8, 10], [2, 1, 3, 4, 6, 5, 7, 9, 8, 10], [2, 1, 4, 3, 5, 6, 7, 9, 8, 10], [2, 1, 4, 3, 6, 5, 7, 9, 8, 10]]
Distance:147

(36)
A = 
{(2, 3, 1, 4, 6, 5, 8, 9, 7, 10), (1, 3, 2, 4, 6, 5, 7, 8, 9, 10), (2, 3, 4, 1, 5, 6, 7, 9, 10, 8), (1, 3, 5, 2, 8, 4, 6, 10, 9, 7), (4, 2, 1, 6, 5, 10, 3, 9, 7, 8), (2, 1, 6, 3, 4, 7, 5, 10, 9, 8), (1, 3, 2, 6, 5, 4, 9, 8, 10, 7), (2, 3, 1, 6, 7, 4, 9, 8, 5, 10), (1, 5, 3, 2, 4, 6, 8, 10, 7, 9)}
M(A) = 
[[2, 1, 3, 4, 5, 6, 8, 7, 9, 10], [2, 1, 3, 4, 5, 6, 7, 8, 9, 10]]
Distance: 61
B = 
{(1, 2, 7, 5, 4, 10, 8, 3, 6, 9), (1, 2, 3, 5, 6, 4, 8, 7, 9, 10), (1, 2, 3, 4, 9, 8, 5, 6, 7, 10), (2, 4, 1, 5, 3, 8, 6, 9, 7, 10), (3, 6, 2, 1, 4, 5, 7, 10, 9, 8), (2, 5, 3, 7, 1, 8, 4, 10, 6, 9), (2, 1, 3, 6, 4, 8, 7, 5, 9, 10), (2, 1, 3, 4, 5, 6, 7, 8, 9, 10), (2, 1, 3, 5, 4, 8, 6, 10, 9, 7)}
M(B) = 
[[2, 1, 3, 4, 5, 6, 8, 7, 9, 10], [2, 1, 3, 4, 5, 6, 7, 8, 9, 10]]
Distance: 61
M(A) inter A:
set()
M(B) inter B:
set()

AUB = 
{(2, 3, 1, 4, 6, 5, 8, 9, 7, 10), (1, 3, 2, 4, 6, 5, 7, 8, 9, 10), (2, 3, 4, 1, 5, 6, 7, 9, 10, 8), (1, 2, 7, 5, 4, 10, 8, 3, 6, 9), (1, 3, 5, 2, 8, 4, 6, 10, 9, 7), (1, 2, 3, 5, 6, 4, 8, 7, 9, 10), (1, 2, 3, 4, 9, 8, 5, 6, 7, 10), (2, 4, 1, 5, 3, 8, 6, 9, 7, 10), (3, 6, 2, 1, 4, 5, 7, 10, 9, 8), (4, 2, 1, 6, 5, 10, 3, 9, 7, 8), (2, 1, 6, 3, 4, 7, 5, 10, 9, 8), (1, 3, 2, 6, 5, 4, 9, 8, 10, 7), (2, 5, 3, 7, 1, 8, 4, 10, 6, 9), (2, 3, 1, 6, 7, 4, 9, 8, 5, 10), (2, 1, 3, 6, 4, 8, 7, 5, 9, 10), (1, 5, 3, 2, 4, 6, 8, 10, 7, 9), (2, 1, 3, 4, 5, 6, 7, 8, 9, 10), (2, 1, 3, 5, 4, 8, 6, 10, 9, 7)}
M(AUB) = 
[[2, 1, 3, 4, 5, 6, 8, 7, 9, 10], [2, 1, 3, 4, 5, 6, 7, 8, 9, 10]]
Distance:128

(37)
A = 
{(1, 3, 2, 5, 4, 7, 6, 8, 10, 9), (3, 1, 2, 5, 4, 9, 6, 7, 10, 8), (2, 1, 3, 4, 5, 7, 6, 9, 8, 10), (1, 2, 3, 6, 5, 4, 8, 7, 9, 10), (1, 2, 3, 4, 7, 5, 6, 8, 9, 10), (2, 6, 10, 4, 1, 8, 5, 3, 7, 9), (2, 4, 3, 9, 8, 1, 7, 5, 6, 10), (10, 2, 6, 1, 5, 4, 3, 9, 8, 7), (1, 2, 4, 3, 5, 7, 8, 9, 6, 10)}
M(A) = 
[[1, 2, 3, 4, 5, 6, 7, 8, 9, 10]]
Distance: 76
B = 
{(8, 3, 1, 2, 5, 9, 4, 6, 10, 7), (6, 8, 1, 3, 2, 7, 5, 10, 4, 9), (4, 3, 1, 5, 8, 6, 7, 9, 2, 10), (3, 1, 2, 6, 4, 7, 5, 8, 9, 10), (1, 4, 2, 3, 6, 7, 5, 10, 9, 8), (4, 2, 5, 1, 7, 3, 6, 9, 8, 10), (1, 2, 3, 4, 5, 6, 7, 8, 9, 10), (3, 1, 6, 5, 9, 8, 2, 4, 10, 7), (3, 2, 1, 4, 7, 5, 9, 6, 8, 10)}
M(B) = 
[[1, 2, 3, 4, 5, 6, 7, 8, 9, 10]]
Distance: 82
M(A) inter A:
set()
M(B) inter B:
set()

AUB = 
{(1, 3, 2, 5, 4, 7, 6, 8, 10, 9), (8, 3, 1, 2, 5, 9, 4, 6, 10, 7), (6, 8, 1, 3, 2, 7, 5, 10, 4, 9), (4, 3, 1, 5, 8, 6, 7, 9, 2, 10), (3, 1, 2, 5, 4, 9, 6, 7, 10, 8), (2, 1, 3, 4, 5, 7, 6, 9, 8, 10), (3, 1, 2, 6, 4, 7, 5, 8, 9, 10), (1, 4, 2, 3, 6, 7, 5, 10, 9, 8), (1, 2, 3, 6, 5, 4, 8, 7, 9, 10), (4, 2, 5, 1, 7, 3, 6, 9, 8, 10), (1, 2, 3, 4, 7, 5, 6, 8, 9, 10), (1, 2, 3, 4, 5, 6, 7, 8, 9, 10), (2, 6, 10, 4, 1, 8, 5, 3, 7, 9), (2, 4, 3, 9, 8, 1, 7, 5, 6, 10), (3, 1, 6, 5, 9, 8, 2, 4, 10, 7), (3, 2, 1, 4, 7, 5, 9, 6, 8, 10), (10, 2, 6, 1, 5, 4, 3, 9, 8, 7), (1, 2, 4, 3, 5, 7, 8, 9, 6, 10)}
M(AUB) = 
[[1, 2, 3, 4, 5, 6, 7, 8, 9, 10]]
Distance:163

(38)
A = 
{(5, 2, 1, 7, 3, 8, 9, 4, 6, 10), (3, 1, 2, 5, 4, 8, 10, 7, 9, 6), (4, 1, 3, 2, 5, 6, 8, 7, 10, 9), (1, 3, 2, 6, 4, 5, 7, 8, 9, 10), (1, 3, 4, 6, 7, 2, 5, 9, 10, 8), (3, 4, 2, 1, 6, 7, 5, 10, 9, 8), (1, 2, 5, 4, 9, 7, 3, 8, 6, 10), (1, 5, 3, 2, 7, 4, 10, 8, 6, 9), (3, 2, 1, 4, 6, 5, 7, 8, 9, 10)}
M(A) = 
[[1, 3, 2, 4, 5, 6, 7, 8, 9, 10], [1, 3, 2, 4, 5, 6, 7, 9, 8, 10]]
Distance: 68
B = 
{(1, 3, 2, 5, 6, 4, 7, 9, 8, 10), (3, 5, 1, 2, 6, 4, 8, 10, 9, 7), (1, 4, 2, 3, 5, 6, 7, 9, 8, 10), (2, 4, 1, 6, 3, 5, 10, 9, 7, 8), (4, 3, 2, 5, 6, 1, 7, 8, 9, 10), (1, 2, 5, 4, 9, 6, 7, 3, 8, 10), (1, 2, 5, 3, 9, 8, 7, 6, 4, 10), (4, 1, 3, 2, 7, 9, 5, 10, 8, 6), (3, 4, 2, 1, 6, 5, 10, 7, 8, 9)}
M(B) = 
[[1, 3, 2, 4, 5, 6, 7, 8, 9, 10], [1, 3, 2, 4, 5, 6, 7, 9, 8, 10]]
Distance: 73
M(A) inter A:
set()
M(B) inter B:
set()

AUB = 
{(5, 2, 1, 7, 3, 8, 9, 4, 6, 10), (1, 3, 2, 5, 6, 4, 7, 9, 8, 10), (3, 1, 2, 5, 4, 8, 10, 7, 9, 6), (4, 1, 3, 2, 5, 6, 8, 7, 10, 9), (1, 3, 2, 6, 4, 5, 7, 8, 9, 10), (1, 3, 4, 6, 7, 2, 5, 9, 10, 8), (3, 4, 2, 1, 6, 7, 5, 10, 9, 8), (3, 5, 1, 2, 6, 4, 8, 10, 9, 7), (1, 4, 2, 3, 5, 6, 7, 9, 8, 10), (2, 4, 1, 6, 3, 5, 10, 9, 7, 8), (4, 3, 2, 5, 6, 1, 7, 8, 9, 10), (1, 2, 5, 4, 9, 7, 3, 8, 6, 10), (1, 2, 5, 4, 9, 6, 7, 3, 8, 10), (1, 2, 5, 3, 9, 8, 7, 6, 4, 10), (4, 1, 3, 2, 7, 9, 5, 10, 8, 6), (3, 4, 2, 1, 6, 5, 10, 7, 8, 9), (1, 5, 3, 2, 7, 4, 10, 8, 6, 9), (3, 2, 1, 4, 6, 5, 7, 8, 9, 10)}
M(AUB) = 
[[1, 3, 2, 4, 5, 6, 7, 8, 9, 10], [1, 3, 2, 4, 5, 6, 7, 9, 8, 10]]
Distance:144

(39)
A = 
{(3, 5, 2, 1, 4, 6, 8, 9, 10, 7), (1, 2, 4, 3, 6, 7, 5, 9, 8, 10), (1, 4, 2, 3, 6, 5, 8, 7, 9, 10), (4, 5, 3, 6, 1, 7, 2, 9, 10, 8), (2, 3, 5, 1, 8, 9, 6, 10, 7, 4), (5, 2, 6, 1, 10, 4, 3, 8, 7, 9), (2, 1, 3, 4, 5, 6, 7, 8, 9, 10), (1, 2, 3, 6, 4, 5, 8, 10, 7, 9), (4, 2, 3, 1, 5, 8, 6, 7, 9, 10)}
M(A) = 
[[1, 2, 3, 4, 5, 6, 8, 7, 9, 10]]
Distance: 67
B = 
{(3, 7, 1, 5, 4, 8, 2, 10, 9, 6), (3, 2, 4, 1, 5, 8, 6, 9, 7, 10), (1, 2, 4, 3, 6, 5, 8, 9, 7, 10), (1, 2, 3, 5, 4, 6, 7, 8, 9, 10), (6, 2, 9, 4, 1, 5, 3, 8, 7, 10), (1, 4, 5, 6, 7, 2, 9, 10, 3, 8), (1, 2, 3, 5, 4, 7, 6, 9, 10, 8), (2, 3, 4, 1, 5, 8, 7, 9, 6, 10), (1, 7, 3, 5, 2, 9, 6, 4, 8, 10)}
M(B) = 
[[1, 2, 3, 4, 5, 6, 8, 7, 9, 10]]
Distance: 78
M(A) inter A:
set()
M(B) inter B:
set()

AUB = 
{(3, 5, 2, 1, 4, 6, 8, 9, 10, 7), (1, 2, 4, 3, 6, 7, 5, 9, 8, 10), (1, 4, 2, 3, 6, 5, 8, 7, 9, 10), (3, 7, 1, 5, 4, 8, 2, 10, 9, 6), (4, 5, 3, 6, 1, 7, 2, 9, 10, 8), (3, 2, 4, 1, 5, 8, 6, 9, 7, 10), (1, 2, 4, 3, 6, 5, 8, 9, 7, 10), (1, 2, 3, 5, 4, 6, 7, 8, 9, 10), (2, 3, 5, 1, 8, 9, 6, 10, 7, 4), (1, 7, 3, 5, 2, 9, 6, 4, 8, 10), (5, 2, 6, 1, 10, 4, 3, 8, 7, 9), (6, 2, 9, 4, 1, 5, 3, 8, 7, 10), (1, 4, 5, 6, 7, 2, 9, 10, 3, 8), (2, 1, 3, 4, 5, 6, 7, 8, 9, 10), (1, 2, 3, 5, 4, 7, 6, 9, 10, 8), (2, 3, 4, 1, 5, 8, 7, 9, 6, 10), (1, 2, 3, 6, 4, 5, 8, 10, 7, 9), (4, 2, 3, 1, 5, 8, 6, 7, 9, 10)}
M(AUB) = 
[[1, 2, 3, 4, 5, 6, 8, 7, 9, 10]]
Distance:148

(40)
A = 
{(1, 3, 2, 7, 6, 8, 5, 4, 9, 10), (8, 1, 5, 3, 2, 9, 10, 4, 7, 6), (1, 2, 3, 7, 5, 4, 10, 6, 9, 8), (1, 2, 3, 6, 4, 7, 8, 9, 5, 10), (2, 4, 3, 7, 6, 1, 9, 5, 8, 10), (1, 3, 2, 4, 5, 7, 6, 9, 8, 10), (1, 3, 6, 5, 2, 4, 7, 9, 10, 8), (2, 7, 3, 1, 6, 5, 4, 9, 10, 8), (1, 2, 3, 4, 6, 5, 7, 8, 9, 10)}
M(A) = 
[[1, 2, 3, 4, 5, 6, 7, 8, 9, 10], [1, 2, 3, 4, 5, 6, 7, 9, 8, 10], [1, 2, 3, 4, 5, 7, 6, 8, 9, 10], [1, 2, 3, 4, 5, 7, 6, 9, 8, 10]]
Distance: 67
B = 
{(1, 3, 2, 5, 4, 6, 8, 7, 10, 9), (1, 2, 4, 3, 6, 5, 7, 9, 8, 10), (1, 4, 7, 2, 5, 6, 3, 8, 10, 9), (1, 7, 3, 4, 10, 5, 6, 2, 9, 8), (1, 2, 3, 4, 5, 6, 7, 8, 9, 10), (1, 5, 2, 6, 3, 7, 10, 4, 8, 9), (1, 3, 5, 4, 9, 6, 2, 10, 7, 8), (1, 2, 4, 5, 3, 8, 9, 6, 10, 7), (2, 1, 4, 3, 7, 6, 5, 9, 8, 10)}
M(B) = 
[[1, 2, 3, 4, 5, 6, 7, 8, 9, 10], [1, 2, 3, 4, 5, 6, 7, 9, 8, 10], [1, 2, 3, 4, 5, 7, 6, 8, 9, 10], [1, 2, 3, 4, 5, 7, 6, 9, 8, 10]]
Distance: 64
M(A) inter A:
set()
M(B) inter B:
{(1, 2, 3, 4, 5, 6, 7, 8, 9, 10)}

AUB = 
{(1, 3, 2, 5, 4, 6, 8, 7, 10, 9), (1, 2, 4, 3, 6, 5, 7, 9, 8, 10), (1, 3, 2, 7, 6, 8, 5, 4, 9, 10), (8, 1, 5, 3, 2, 9, 10, 4, 7, 6), (1, 2, 3, 7, 5, 4, 10, 6, 9, 8), (1, 2, 3, 6, 4, 7, 8, 9, 5, 10), (2, 4, 3, 7, 6, 1, 9, 5, 8, 10), (1, 3, 2, 4, 5, 7, 6, 9, 8, 10), (1, 4, 7, 2, 5, 6, 3, 8, 10, 9), (1, 7, 3, 4, 10, 5, 6, 2, 9, 8), (1, 2, 3, 4, 5, 6, 7, 8, 9, 10), (1, 5, 2, 6, 3, 7, 10, 4, 8, 9), (1, 3, 6, 5, 2, 4, 7, 9, 10, 8), (1, 3, 5, 4, 9, 6, 2, 10, 7, 8), (2, 7, 3, 1, 6, 5, 4, 9, 10, 8), (1, 2, 4, 5, 3, 8, 9, 6, 10, 7), (2, 1, 4, 3, 7, 6, 5, 9, 8, 10), (1, 2, 3, 4, 6, 5, 7, 8, 9, 10)}
M(AUB) = 
[[1, 2, 3, 4, 5, 6, 7, 8, 9, 10], [1, 2, 3, 4, 5, 6, 7, 9, 8, 10], [1, 2, 3, 4, 5, 7, 6, 8, 9, 10], [1, 2, 3, 4, 5, 7, 6, 9, 8, 10]]
Distance:139

(41)
A = 
{(3, 6, 2, 1, 5, 7, 9, 8, 4, 10), (2, 4, 5, 1, 3, 6, 7, 8, 10, 9), (4, 1, 2, 5, 3, 6, 9, 8, 10, 7), (5, 3, 1, 2, 4, 7, 6, 10, 9, 8), (1, 3, 2, 4, 8, 5, 6, 7, 9, 10), (1, 6, 2, 3, 4, 5, 9, 8, 7, 10), (2, 1, 3, 5, 4, 9, 6, 7, 8, 10), (2, 1, 3, 5, 6, 10, 4, 8, 7, 9), (1, 2, 3, 4, 6, 5, 7, 8, 9, 10)}
M(A) = 
[[1, 2, 3, 4, 5, 6, 8, 7, 9, 10], [1, 2, 3, 4, 5, 6, 7, 8, 9, 10]]
Distance: 60
B = 
{(1, 2, 3, 5, 4, 6, 7, 8, 9, 10), (2, 5, 1, 3, 4, 6, 7, 10, 8, 9), (2, 1, 6, 3, 4, 8, 5, 7, 10, 9), (1, 3, 2, 4, 7, 6, 8, 5, 10, 9), (5, 3, 1, 8, 2, 4, 7, 6, 9, 10), (6, 3, 4, 1, 2, 8, 10, 5, 9, 7), (1, 4, 2, 3, 7, 6, 5, 9, 8, 10), (3, 2, 1, 4, 6, 9, 5, 8, 7, 10), (5, 2, 10, 3, 1, 4, 9, 8, 7, 6)}
M(B) = 
[[1, 2, 3, 4, 5, 6, 8, 7, 9, 10], [1, 2, 3, 4, 5, 6, 7, 8, 9, 10]]
Distance: 76
M(A) inter A:
set()
M(B) inter B:
set()

AUB = 
{(3, 6, 2, 1, 5, 7, 9, 8, 4, 10), (2, 4, 5, 1, 3, 6, 7, 8, 10, 9), (4, 1, 2, 5, 3, 6, 9, 8, 10, 7), (1, 2, 3, 5, 4, 6, 7, 8, 9, 10), (2, 5, 1, 3, 4, 6, 7, 10, 8, 9), (5, 3, 1, 2, 4, 7, 6, 10, 9, 8), (2, 1, 6, 3, 4, 8, 5, 7, 10, 9), (1, 3, 2, 4, 8, 5, 6, 7, 9, 10), (1, 3, 2, 4, 7, 6, 8, 5, 10, 9), (5, 3, 1, 8, 2, 4, 7, 6, 9, 10), (6, 3, 4, 1, 2, 8, 10, 5, 9, 7), (1, 6, 2, 3, 4, 5, 9, 8, 7, 10), (2, 1, 3, 5, 4, 9, 6, 7, 8, 10), (1, 4, 2, 3, 7, 6, 5, 9, 8, 10), (3, 2, 1, 4, 6, 9, 5, 8, 7, 10), (2, 1, 3, 5, 6, 10, 4, 8, 7, 9), (5, 2, 10, 3, 1, 4, 9, 8, 7, 6), (1, 2, 3, 4, 6, 5, 7, 8, 9, 10)}
M(AUB) = 
[[1, 2, 3, 4, 5, 6, 8, 7, 9, 10], [1, 2, 3, 4, 5, 6, 7, 8, 9, 10]]
Distance:140

(42)
A = 
{(3, 1, 2, 4, 7, 8, 5, 6, 9, 10), (2, 1, 3, 4, 8, 6, 5, 10, 9, 7), (2, 5, 1, 4, 3, 7, 8, 10, 9, 6), (6, 2, 1, 3, 10, 4, 7, 5, 8, 9), (2, 1, 3, 4, 8, 6, 5, 7, 10, 9), (2, 3, 1, 5, 4, 7, 8, 9, 6, 10), (4, 8, 2, 3, 6, 7, 1, 5, 10, 9), (3, 5, 2, 8, 9, 10, 1, 6, 7, 4), (1, 2, 4, 3, 5, 6, 7, 9, 10, 8)}
M(A) = 
[[2, 1, 3, 4, 5, 6, 7, 8, 10, 9]]
Distance: 77
B = 
{(4, 1, 3, 5, 2, 6, 10, 7, 8, 9), (3, 1, 5, 4, 7, 10, 6, 2, 9, 8), (1, 3, 2, 4, 5, 6, 7, 8, 9, 10), (2, 4, 1, 5, 3, 8, 6, 9, 7, 10), (1, 4, 3, 5, 6, 7, 2, 9, 8, 10), (2, 1, 3, 4, 5, 10, 7, 6, 8, 9), (3, 4, 2, 1, 6, 5, 8, 7, 10, 9), (1, 4, 2, 5, 10, 7, 3, 9, 6, 8), (1, 3, 6, 9, 2, 5, 8, 7, 10, 4)}
M(B) = 
[[2, 1, 3, 4, 5, 6, 7, 8, 10, 9]]
Distance: 71
M(A) inter A:
set()
M(B) inter B:
set()

AUB = 
{(3, 1, 2, 4, 7, 8, 5, 6, 9, 10), (2, 1, 3, 4, 8, 6, 5, 10, 9, 7), (4, 1, 3, 5, 2, 6, 10, 7, 8, 9), (2, 5, 1, 4, 3, 7, 8, 10, 9, 6), (6, 2, 1, 3, 10, 4, 7, 5, 8, 9), (2, 1, 3, 4, 8, 6, 5, 7, 10, 9), (3, 1, 5, 4, 7, 10, 6, 2, 9, 8), (2, 3, 1, 5, 4, 7, 8, 9, 6, 10), (4, 8, 2, 3, 6, 7, 1, 5, 10, 9), (1, 3, 2, 4, 5, 6, 7, 8, 9, 10), (2, 4, 1, 5, 3, 8, 6, 9, 7, 10), (1, 4, 3, 5, 6, 7, 2, 9, 8, 10), (2, 1, 3, 4, 5, 10, 7, 6, 8, 9), (3, 5, 2, 8, 9, 10, 1, 6, 7, 4), (3, 4, 2, 1, 6, 5, 8, 7, 10, 9), (1, 2, 4, 3, 5, 6, 7, 9, 10, 8), (1, 4, 2, 5, 10, 7, 3, 9, 6, 8), (1, 3, 6, 9, 2, 5, 8, 7, 10, 4)}
M(AUB) = 
[[2, 1, 3, 4, 5, 6, 7, 8, 10, 9]]
Distance:159

(43)
A = 
{(5, 1, 7, 2, 6, 10, 3, 8, 9, 4), (2, 1, 4, 3, 8, 5, 7, 6, 9, 10), (2, 3, 7, 1, 6, 4, 5, 8, 9, 10), (4, 1, 3, 5, 8, 7, 2, 10, 6, 9), (1, 3, 2, 4, 5, 6, 8, 7, 10, 9), (7, 2, 3, 4, 1, 5, 9, 8, 10, 6), (2, 5, 3, 8, 10, 1, 6, 7, 4, 9), (2, 1, 10, 7, 4, 5, 6, 3, 9, 8), (2, 4, 7, 9, 3, 1, 8, 6, 5, 10)}
M(A) = 
[[1, 2, 3, 4, 5, 7, 6, 8, 10, 9], [1, 2, 3, 7, 4, 5, 6, 8, 10, 9]]
Distance: 96
B = 
{(1, 3, 2, 4, 5, 6, 7, 8, 9, 10), (1, 2, 7, 3, 6, 4, 5, 9, 8, 10), (2, 7, 1, 4, 6, 10, 3, 8, 9, 5), (5, 2, 1, 7, 4, 6, 3, 9, 8, 10), (1, 7, 2, 3, 4, 6, 5, 10, 8, 9), (1, 2, 3, 7, 5, 4, 10, 8, 6, 9), (1, 4, 2, 5, 8, 3, 7, 6, 10, 9), (3, 1, 5, 2, 4, 7, 6, 8, 10, 9), (1, 2, 4, 3, 5, 7, 6, 8, 10, 9)}
M(B) = 
[[1, 2, 3, 4, 5, 7, 6, 8, 10, 9], [1, 2, 3, 7, 4, 5, 6, 8, 10, 9]]
Distance: 57
M(A) inter A:
set()
M(B) inter B:
set()

AUB = 
{(5, 1, 7, 2, 6, 10, 3, 8, 9, 4), (2, 1, 4, 3, 8, 5, 7, 6, 9, 10), (2, 3, 7, 1, 6, 4, 5, 8, 9, 10), (4, 1, 3, 5, 8, 7, 2, 10, 6, 9), (1, 3, 2, 4, 5, 6, 7, 8, 9, 10), (1, 2, 7, 3, 6, 4, 5, 9, 8, 10), (1, 3, 2, 4, 5, 6, 8, 7, 10, 9), (7, 2, 3, 4, 1, 5, 9, 8, 10, 6), (2, 7, 1, 4, 6, 10, 3, 8, 9, 5), (5, 2, 1, 7, 4, 6, 3, 9, 8, 10), (1, 7, 2, 3, 4, 6, 5, 10, 8, 9), (2, 5, 3, 8, 10, 1, 6, 7, 4, 9), (1, 2, 3, 7, 5, 4, 10, 8, 6, 9), (2, 1, 10, 7, 4, 5, 6, 3, 9, 8), (2, 4, 7, 9, 3, 1, 8, 6, 5, 10), (1, 4, 2, 5, 8, 3, 7, 6, 10, 9), (3, 1, 5, 2, 4, 7, 6, 8, 10, 9), (1, 2, 4, 3, 5, 7, 6, 8, 10, 9)}
M(AUB) = 
[[1, 2, 3, 4, 5, 7, 6, 8, 10, 9], [1, 2, 3, 7, 4, 5, 6, 8, 10, 9]]
Distance:157

(44)
A = 
{(5, 3, 2, 6, 1, 9, 4, 8, 10, 7), (1, 6, 2, 3, 4, 7, 5, 9, 8, 10), (3, 1, 2, 6, 4, 7, 5, 8, 10, 9), (1, 4, 3, 8, 2, 5, 7, 6, 9, 10), (1, 2, 4, 5, 6, 3, 8, 7, 9, 10), (2, 4, 3, 1, 7, 5, 6, 9, 8, 10), (2, 1, 3, 7, 4, 5, 6, 8, 10, 9), (2, 4, 1, 5, 3, 10, 6, 8, 7, 9), (2, 1, 3, 7, 4, 8, 6, 5, 10, 9)}
M(A) = 
[[1, 2, 3, 4, 5, 6, 7, 8, 10, 9], [1, 2, 3, 4, 5, 7, 6, 8, 10, 9], [1, 2, 3, 4, 7, 5, 6, 8, 10, 9], [1, 2, 4, 3, 5, 6, 7, 8, 10, 9], [1, 2, 4, 3, 5, 7, 6, 8, 10, 9], [1, 2, 4, 3, 7, 5, 6, 8, 10, 9]]
Distance: 66
B = 
{(1, 2, 3, 5, 4, 7, 8, 6, 9, 10), (4, 1, 2, 8, 3, 7, 6, 5, 10, 9), (1, 2, 4, 6, 10, 8, 5, 9, 3, 7), (4, 3, 1, 2, 5, 6, 8, 7, 9, 10), (6, 7, 3, 4, 1, 10, 5, 2, 8, 9), (3, 2, 7, 5, 1, 8, 4, 10, 6, 9), (2, 4, 1, 3, 5, 6, 7, 9, 10, 8), (1, 2, 3, 4, 10, 5, 7, 9, 6, 8), (1, 7, 4, 6, 2, 3, 10, 9, 5, 8)}
M(B) = 
[[1, 2, 3, 4, 5, 6, 7, 8, 10, 9], [1, 2, 3, 4, 5, 7, 6, 8, 10, 9], [1, 2, 3, 4, 7, 5, 6, 8, 10, 9], [1, 2, 4, 3, 5, 6, 7, 8, 10, 9], [1, 2, 4, 3, 5, 7, 6, 8, 10, 9], [1, 2, 4, 3, 7, 5, 6, 8, 10, 9]]
Distance: 88
M(A) inter A:
set()
M(B) inter B:
set()

AUB = 
{(5, 3, 2, 6, 1, 9, 4, 8, 10, 7), (1, 2, 3, 5, 4, 7, 8, 6, 9, 10), (4, 1, 2, 8, 3, 7, 6, 5, 10, 9), (1, 2, 4, 6, 10, 8, 5, 9, 3, 7), (1, 6, 2, 3, 4, 7, 5, 9, 8, 10), (3, 1, 2, 6, 4, 7, 5, 8, 10, 9), (1, 4, 3, 8, 2, 5, 7, 6, 9, 10), (4, 3, 1, 2, 5, 6, 8, 7, 9, 10), (6, 7, 3, 4, 1, 10, 5, 2, 8, 9), (1, 2, 4, 5, 6, 3, 8, 7, 9, 10), (3, 2, 7, 5, 1, 8, 4, 10, 6, 9), (2, 4, 3, 1, 7, 5, 6, 9, 8, 10), (2, 4, 1, 3, 5, 6, 7, 9, 10, 8), (2, 1, 3, 7, 4, 5, 6, 8, 10, 9), (2, 4, 1, 5, 3, 10, 6, 8, 7, 9), (2, 1, 3, 7, 4, 8, 6, 5, 10, 9), (1, 2, 3, 4, 10, 5, 7, 9, 6, 8), (1, 7, 4, 6, 2, 3, 10, 9, 5, 8)}
M(AUB) = 
[[1, 2, 3, 4, 5, 6, 7, 8, 10, 9], [1, 2, 3, 4, 5, 7, 6, 8, 10, 9], [1, 2, 3, 4, 7, 5, 6, 8, 10, 9], [1, 2, 4, 3, 5, 6, 7, 8, 10, 9], [1, 2, 4, 3, 5, 7, 6, 8, 10, 9], [1, 2, 4, 3, 7, 5, 6, 8, 10, 9]]
Distance:159

(45)
A = 
{(1, 2, 4, 5, 9, 6, 3, 8, 7, 10), (3, 1, 2, 4, 5, 6, 7, 8, 10, 9), (6, 3, 7, 4, 5, 10, 2, 1, 8, 9), (2, 5, 3, 1, 4, 6, 7, 8, 10, 9), (3, 1, 2, 5, 7, 4, 6, 9, 8, 10), (1, 2, 3, 4, 5, 6, 7, 8, 9, 10), (1, 2, 6, 3, 5, 8, 4, 9, 10, 7), (4, 3, 1, 2, 6, 9, 8, 5, 7, 10), (2, 3, 5, 6, 1, 7, 8, 4, 10, 9)}
M(A) = 
[[1, 2, 3, 4, 5, 6, 8, 7, 9, 10], [1, 2, 3, 4, 5, 6, 7, 8, 9, 10], [3, 1, 2, 4, 5, 6, 8, 7, 9, 10], [3, 1, 2, 4, 5, 6, 7, 8, 9, 10]]
Distance: 69
B = 
{(1, 4, 2, 6, 5, 3, 8, 10, 7, 9), (3, 5, 1, 2, 7, 4, 8, 10, 6, 9), (3, 2, 4, 1, 5, 6, 8, 7, 9, 10), (4, 1, 3, 5, 8, 9, 2, 10, 7, 6), (3, 2, 1, 4, 7, 5, 6, 8, 9, 10), (4, 1, 8, 2, 5, 3, 10, 7, 9, 6), (4, 2, 3, 1, 6, 7, 5, 8, 9, 10), (2, 1, 3, 4, 5, 6, 8, 7, 9, 10), (6, 1, 2, 4, 9, 8, 3, 7, 5, 10)}
M(B) = 
[[1, 2, 3, 4, 5, 6, 8, 7, 9, 10], [1, 2, 3, 4, 5, 6, 7, 8, 9, 10], [3, 1, 2, 4, 5, 6, 8, 7, 9, 10], [3, 1, 2, 4, 5, 6, 7, 8, 9, 10]]
Distance: 75
M(A) inter A:
set()
M(B) inter B:
set()

AUB = 
{(1, 2, 4, 5, 9, 6, 3, 8, 7, 10), (1, 4, 2, 6, 5, 3, 8, 10, 7, 9), (3, 1, 2, 4, 5, 6, 7, 8, 10, 9), (6, 3, 7, 4, 5, 10, 2, 1, 8, 9), (2, 5, 3, 1, 4, 6, 7, 8, 10, 9), (3, 5, 1, 2, 7, 4, 8, 10, 6, 9), (3, 2, 4, 1, 5, 6, 8, 7, 9, 10), (3, 1, 2, 5, 7, 4, 6, 9, 8, 10), (1, 2, 3, 4, 5, 6, 7, 8, 9, 10), (4, 1, 3, 5, 8, 9, 2, 10, 7, 6), (3, 2, 1, 4, 7, 5, 6, 8, 9, 10), (4, 1, 8, 2, 5, 3, 10, 7, 9, 6), (4, 2, 3, 1, 6, 7, 5, 8, 9, 10), (1, 2, 6, 3, 5, 8, 4, 9, 10, 7), (2, 1, 3, 4, 5, 6, 8, 7, 9, 10), (4, 3, 1, 2, 6, 9, 8, 5, 7, 10), (2, 3, 5, 6, 1, 7, 8, 4, 10, 9), (6, 1, 2, 4, 9, 8, 3, 7, 5, 10)}
M(AUB) = 
[[1, 2, 3, 4, 5, 6, 8, 7, 9, 10], [1, 2, 3, 4, 5, 6, 7, 8, 9, 10], [3, 1, 2, 4, 5, 6, 8, 7, 9, 10], [3, 1, 2, 4, 5, 6, 7, 8, 9, 10]]
Distance:150

(46)
A = 
{(2, 3, 1, 6, 4, 5, 9, 8, 7, 10), (5, 6, 1, 2, 7, 8, 4, 9, 10, 3), (4, 3, 2, 5, 6, 1, 7, 10, 9, 8), (1, 4, 3, 6, 5, 7, 2, 9, 8, 10), (3, 1, 4, 2, 7, 5, 6, 8, 9, 10), (3, 5, 2, 6, 1, 9, 8, 7, 4, 10), (4, 1, 2, 3, 6, 8, 5, 10, 9, 7), (5, 2, 1, 3, 4, 7, 6, 8, 9, 10), (5, 2, 1, 4, 8, 3, 6, 10, 7, 9)}
M(A) = 
[[1, 2, 3, 4, 5, 6, 7, 8, 9, 10], [2, 1, 3, 4, 5, 6, 7, 8, 9, 10]]
Distance: 84
B = 
{(1, 2, 5, 3, 8, 7, 6, 4, 10, 9), (3, 1, 4, 2, 5, 7, 8, 10, 6, 9), (1, 2, 4, 5, 3, 6, 7, 8, 9, 10), (2, 4, 5, 1, 3, 6, 7, 10, 8, 9), (3, 4, 2, 6, 1, 5, 10, 7, 8, 9), (2, 3, 1, 9, 4, 5, 7, 10, 8, 6), (1, 4, 2, 5, 9, 8, 7, 3, 10, 6), (3, 2, 1, 5, 4, 7, 6, 9, 10, 8), (1, 3, 4, 2, 5, 9, 7, 6, 10, 8)}
M(B) = 
[[1, 2, 3, 4, 5, 6, 7, 8, 9, 10], [2, 1, 3, 4, 5, 6, 7, 8, 9, 10]]
Distance: 70
M(A) inter A:
set()
M(B) inter B:
set()

AUB = 
{(3, 2, 1, 5, 4, 7, 6, 9, 10, 8), (1, 3, 4, 2, 5, 9, 7, 6, 10, 8), (2, 3, 1, 6, 4, 5, 9, 8, 7, 10), (1, 2, 5, 3, 8, 7, 6, 4, 10, 9), (3, 1, 4, 2, 5, 7, 8, 10, 6, 9), (5, 6, 1, 2, 7, 8, 4, 9, 10, 3), (1, 2, 4, 5, 3, 6, 7, 8, 9, 10), (4, 3, 2, 5, 6, 1, 7, 10, 9, 8), (2, 4, 5, 1, 3, 6, 7, 10, 8, 9), (1, 4, 3, 6, 5, 7, 2, 9, 8, 10), (3, 4, 2, 6, 1, 5, 10, 7, 8, 9), (3, 1, 4, 2, 7, 5, 6, 8, 9, 10), (3, 5, 2, 6, 1, 9, 8, 7, 4, 10), (2, 3, 1, 9, 4, 5, 7, 10, 8, 6), (4, 1, 2, 3, 6, 8, 5, 10, 9, 7), (1, 4, 2, 5, 9, 8, 7, 3, 10, 6), (5, 2, 1, 3, 4, 7, 6, 8, 9, 10), (5, 2, 1, 4, 8, 3, 6, 10, 7, 9)}
M(AUB) = 
[[1, 2, 3, 4, 5, 6, 7, 8, 9, 10], [2, 1, 3, 4, 5, 6, 7, 8, 9, 10]]
Distance:159

(47)
A = 
{(1, 2, 4, 3, 6, 5, 7, 9, 8, 10), (1, 3, 2, 6, 5, 4, 8, 7, 9, 10), (2, 7, 1, 3, 5, 6, 4, 9, 10, 8), (3, 2, 1, 5, 7, 4, 9, 6, 8, 10), (1, 2, 4, 6, 8, 5, 3, 7, 10, 9), (3, 1, 6, 2, 4, 5, 8, 9, 7, 10), (2, 1, 3, 7, 5, 4, 6, 8, 10, 9), (1, 3, 4, 5, 8, 2, 10, 6, 9, 7), (2, 5, 6, 8, 4, 1, 3, 9, 10, 7)}
M(A) = 
[[1, 2, 3, 4, 5, 6, 7, 8, 9, 10]]
Distance: 70
B = 
{(1, 4, 2, 5, 3, 7, 9, 8, 6, 10), (4, 2, 1, 5, 8, 9, 6, 10, 7, 3), (1, 2, 5, 3, 6, 4, 7, 8, 10, 9), (2, 3, 1, 6, 5, 9, 7, 10, 8, 4), (1, 4, 5, 2, 7, 3, 6, 8, 9, 10), (1, 3, 4, 2, 6, 7, 5, 9, 8, 10), (1, 4, 2, 3, 5, 7, 6, 8, 10, 9), (3, 1, 5, 2, 7, 6, 8, 10, 4, 9), (4, 2, 1, 6, 3, 5, 8, 9, 7, 10)}
M(B) = 
[[1, 2, 3, 4, 5, 6, 7, 8, 9, 10]]
Distance: 67
M(A) inter A:
set()
M(B) inter B:
set()

AUB = 
{(1, 2, 4, 3, 6, 5, 7, 9, 8, 10), (1, 4, 2, 5, 3, 7, 9, 8, 6, 10), (1, 3, 2, 6, 5, 4, 8, 7, 9, 10), (2, 7, 1, 3, 5, 6, 4, 9, 10, 8), (3, 2, 1, 5, 7, 4, 9, 6, 8, 10), (4, 2, 1, 5, 8, 9, 6, 10, 7, 3), (1, 2, 4, 6, 8, 5, 3, 7, 10, 9), (1, 2, 5, 3, 6, 4, 7, 8, 10, 9), (3, 1, 6, 2, 4, 5, 8, 9, 7, 10), (2, 3, 1, 6, 5, 9, 7, 10, 8, 4), (1, 4, 5, 2, 7, 3, 6, 8, 9, 10), (1, 3, 4, 2, 6, 7, 5, 9, 8, 10), (1, 4, 2, 3, 5, 7, 6, 8, 10, 9), (2, 1, 3, 7, 5, 4, 6, 8, 10, 9), (1, 3, 4, 5, 8, 2, 10, 6, 9, 7), (3, 1, 5, 2, 7, 6, 8, 10, 4, 9), (2, 5, 6, 8, 4, 1, 3, 9, 10, 7), (4, 2, 1, 6, 3, 5, 8, 9, 7, 10)}
M(AUB) = 
[[1, 2, 3, 4, 5, 6, 7, 8, 9, 10]]
Distance:143

(48)
A = 
{(6, 1, 8, 5, 10, 4, 3, 2, 7, 9), (3, 8, 4, 2, 6, 1, 10, 9, 7, 5), (1, 7, 6, 9, 4, 2, 5, 3, 10, 8), (2, 1, 5, 10, 6, 9, 3, 4, 7, 8), (2, 4, 1, 3, 6, 5, 9, 8, 7, 10), (1, 2, 3, 5, 9, 4, 8, 6, 7, 10), (1, 4, 2, 6, 7, 5, 3, 9, 8, 10), (1, 2, 3, 4, 5, 6, 8, 7, 9, 10), (2, 1, 3, 4, 5, 6, 7, 8, 9, 10)}
M(A) = 
[[1, 2, 3, 4, 6, 5, 8, 7, 9, 10], [1, 2, 3, 4, 6, 5, 7, 8, 9, 10], [2, 1, 3, 4, 6, 5, 8, 7, 9, 10], [2, 1, 3, 4, 6, 5, 7, 8, 9, 10]]
Distance: 95
B = 
{(3, 1, 2, 4, 6, 5, 7, 8, 10, 9), (2, 1, 3, 4, 7, 5, 6, 10, 9, 8), (1, 2, 4, 10, 3, 6, 5, 7, 9, 8), (2, 1, 4, 3, 5, 6, 7, 9, 10, 8), (3, 2, 1, 4, 5, 6, 8, 9, 7, 10), (4, 3, 1, 6, 2, 8, 9, 10, 5, 7), (2, 1, 4, 6, 3, 5, 10, 8, 7, 9), (1, 2, 3, 4, 6, 5, 7, 8, 9, 10), (3, 2, 4, 1, 6, 5, 8, 9, 7, 10)}
M(B) = 
[[1, 2, 3, 4, 6, 5, 8, 7, 9, 10], [1, 2, 3, 4, 6, 5, 7, 8, 9, 10], [2, 1, 3, 4, 6, 5, 8, 7, 9, 10], [2, 1, 3, 4, 6, 5, 7, 8, 9, 10]]
Distance: 53
M(A) inter A:
set()
M(B) inter B:
set()

AUB = 
{(3, 1, 2, 4, 6, 5, 7, 8, 10, 9), (1, 2, 4, 10, 3, 6, 5, 7, 9, 8), (3, 2, 4, 1, 6, 5, 8, 9, 7, 10), (6, 1, 8, 5, 10, 4, 3, 2, 7, 9), (2, 1, 4, 3, 5, 6, 7, 9, 10, 8), (3, 8, 4, 2, 6, 1, 10, 9, 7, 5), (1, 7, 6, 9, 4, 2, 5, 3, 10, 8), (3, 2, 1, 4, 5, 6, 8, 9, 7, 10), (2, 1, 5, 10, 6, 9, 3, 4, 7, 8), (2, 4, 1, 3, 6, 5, 9, 8, 7, 10), (1, 2, 3, 5, 9, 4, 8, 6, 7, 10), (1, 4, 2, 6, 7, 5, 3, 9, 8, 10), (4, 3, 1, 6, 2, 8, 9, 10, 5, 7), (1, 2, 3, 4, 5, 6, 8, 7, 9, 10), (2, 1, 4, 6, 3, 5, 10, 8, 7, 9), (2, 1, 3, 4, 5, 6, 7, 8, 9, 10), (2, 1, 3, 4, 7, 5, 6, 10, 9, 8), (1, 2, 3, 4, 6, 5, 7, 8, 9, 10)}
M(AUB) = 
[[1, 2, 3, 4, 6, 5, 8, 7, 9, 10], [1, 2, 3, 4, 6, 5, 7, 8, 9, 10], [2, 1, 3, 4, 6, 5, 8, 7, 9, 10], [2, 1, 3, 4, 6, 5, 7, 8, 9, 10]]
Distance:150

(49)
A = 
{(2, 1, 3, 5, 8, 4, 6, 9, 7, 10), (1, 2, 5, 3, 4, 8, 10, 9, 7, 6), (2, 7, 6, 1, 4, 9, 5, 3, 10, 8), (1, 3, 2, 6, 7, 4, 5, 8, 9, 10), (3, 1, 2, 7, 4, 5, 10, 6, 8, 9), (1, 3, 2, 5, 6, 7, 10, 8, 9, 4), (3, 2, 1, 4, 5, 6, 7, 10, 9, 8), (3, 1, 6, 2, 4, 5, 8, 9, 10, 7), (2, 1, 4, 5, 3, 6, 8, 10, 7, 9)}
M(A) = 
[[1, 2, 3, 4, 5, 6, 7, 8, 10, 9], [2, 1, 3, 4, 5, 6, 7, 8, 10, 9]]
Distance: 72
B = 
{(1, 3, 2, 5, 7, 4, 8, 10, 9, 6), (6, 2, 1, 7, 5, 4, 3, 10, 9, 8), (3, 5, 2, 1, 6, 10, 9, 4, 7, 8), (2, 1, 4, 3, 10, 5, 6, 8, 7, 9), (2, 1, 5, 3, 4, 8, 7, 6, 9, 10), (1, 2, 4, 3, 7, 5, 8, 6, 9, 10), (2, 3, 5, 1, 4, 7, 8, 9, 6, 10), (1, 2, 3, 6, 10, 8, 4, 5, 9, 7), (1, 2, 3, 4, 6, 7, 5, 8, 9, 10)}
M(B) = 
[[1, 2, 3, 4, 5, 6, 7, 8, 10, 9], [2, 1, 3, 4, 5, 6, 7, 8, 10, 9]]
Distance: 72
M(A) inter A:
set()
M(B) inter B:
set()

AUB = 
{(2, 1, 3, 5, 8, 4, 6, 9, 7, 10), (1, 2, 5, 3, 4, 8, 10, 9, 7, 6), (2, 7, 6, 1, 4, 9, 5, 3, 10, 8), (1, 3, 2, 6, 7, 4, 5, 8, 9, 10), (1, 3, 2, 5, 7, 4, 8, 10, 9, 6), (6, 2, 1, 7, 5, 4, 3, 10, 9, 8), (3, 5, 2, 1, 6, 10, 9, 4, 7, 8), (3, 1, 2, 7, 4, 5, 10, 6, 8, 9), (1, 3, 2, 5, 6, 7, 10, 8, 9, 4), (3, 2, 1, 4, 5, 6, 7, 10, 9, 8), (3, 1, 6, 2, 4, 5, 8, 9, 10, 7), (2, 1, 4, 3, 10, 5, 6, 8, 7, 9), (2, 1, 4, 5, 3, 6, 8, 10, 7, 9), (2, 1, 5, 3, 4, 8, 7, 6, 9, 10), (1, 2, 4, 3, 7, 5, 8, 6, 9, 10), (2, 3, 5, 1, 4, 7, 8, 9, 6, 10), (1, 2, 3, 6, 10, 8, 4, 5, 9, 7), (1, 2, 3, 4, 6, 7, 5, 8, 9, 10)}
M(AUB) = 
[[1, 2, 3, 4, 5, 6, 7, 8, 10, 9], [2, 1, 3, 4, 5, 6, 7, 8, 10, 9]]
Distance:147

