(0)
A = 
{(1, 4, 2, 6, 5, 3, 8, 10, 7, 9), (1, 2, 8, 4, 7, 3, 5, 6, 9, 10), (5, 1, 4, 3, 2, 8, 6, 7, 9, 10), (1, 2, 3, 4, 5, 6, 7, 8, 10, 9), (3, 1, 2, 7, 5, 10, 9, 4, 8, 6), (3, 1, 4, 2, 7, 5, 8, 6, 9, 10), (4, 2, 8, 1, 3, 6, 10, 5, 7, 9)}
M(A) = 
[[1, 2, 4, 3, 5, 6, 7, 8, 9, 10], [1, 2, 4, 3, 5, 6, 7, 8, 10, 9]]
Distance: 53
B = 
{(2, 4, 5, 1, 6, 3, 9, 7, 8, 10), (2, 1, 4, 3, 6, 5, 7, 9, 8, 10), (2, 1, 4, 3, 7, 9, 6, 8, 5, 10), (1, 2, 5, 4, 6, 3, 8, 7, 9, 10), (5, 2, 1, 6, 7, 4, 3, 10, 8, 9), (4, 3, 2, 7, 5, 1, 10, 8, 6, 9), (1, 5, 2, 3, 4, 7, 6, 10, 8, 9)}
M(B) = 
[[1, 2, 4, 3, 5, 6, 7, 8, 9, 10], [1, 2, 4, 3, 5, 6, 7, 8, 10, 9]]
Distance: 49
M(A) inter A:
set()
M(B) inter B:
set()

AUB = 
{(1, 4, 2, 6, 5, 3, 8, 10, 7, 9), (1, 2, 8, 4, 7, 3, 5, 6, 9, 10), (5, 1, 4, 3, 2, 8, 6, 7, 9, 10), (1, 2, 3, 4, 5, 6, 7, 8, 10, 9), (2, 4, 5, 1, 6, 3, 9, 7, 8, 10), (2, 1, 4, 3, 6, 5, 7, 9, 8, 10), (2, 1, 4, 3, 7, 9, 6, 8, 5, 10), (3, 1, 2, 7, 5, 10, 9, 4, 8, 6), (1, 2, 5, 4, 6, 3, 8, 7, 9, 10), (5, 2, 1, 6, 7, 4, 3, 10, 8, 9), (3, 1, 4, 2, 7, 5, 8, 6, 9, 10), (4, 3, 2, 7, 5, 1, 10, 8, 6, 9), (1, 5, 2, 3, 4, 7, 6, 10, 8, 9), (4, 2, 8, 1, 3, 6, 10, 5, 7, 9)}
M(AUB) = 
[[1, 2, 4, 3, 5, 6, 7, 8, 9, 10], [1, 2, 4, 3, 5, 6, 7, 8, 10, 9]]
Distance:112

(1)
A = 
{(2, 4, 3, 5, 1, 10, 7, 6, 9, 8), (3, 2, 5, 4, 6, 8, 1, 7, 10, 9), (1, 2, 4, 5, 3, 6, 7, 8, 9, 10), (1, 2, 3, 4, 5, 6, 7, 8, 9, 10), (4, 2, 6, 1, 3, 8, 5, 7, 9, 10), (1, 3, 4, 5, 2, 6, 8, 7, 10, 9), (1, 2, 7, 3, 4, 8, 9, 6, 5, 10)}
M(A) = 
[[1, 2, 3, 4, 5, 6, 7, 8, 9, 10]]
Distance: 46
B = 
{(1, 2, 4, 7, 5, 8, 3, 6, 9, 10), (1, 2, 3, 4, 5, 6, 8, 7, 9, 10), (2, 5, 1, 6, 3, 4, 7, 8, 10, 9), (2, 1, 6, 3, 5, 9, 8, 10, 7, 4), (2, 6, 1, 3, 5, 7, 9, 4, 10, 8), (1, 2, 9, 4, 6, 3, 5, 7, 8, 10), (5, 3, 4, 1, 2, 6, 9, 8, 7, 10)}
M(B) = 
[[1, 2, 3, 4, 5, 6, 7, 8, 9, 10]]
Distance: 56
M(A) inter A:
set()
M(B) inter B:
set()

AUB = 
{(2, 4, 3, 5, 1, 10, 7, 6, 9, 8), (1, 2, 4, 7, 5, 8, 3, 6, 9, 10), (3, 2, 5, 4, 6, 8, 1, 7, 10, 9), (1, 2, 4, 5, 3, 6, 7, 8, 9, 10), (1, 2, 3, 4, 5, 6, 7, 8, 9, 10), (1, 2, 3, 4, 5, 6, 8, 7, 9, 10), (4, 2, 6, 1, 3, 8, 5, 7, 9, 10), (1, 3, 4, 5, 2, 6, 8, 7, 10, 9), (2, 5, 1, 6, 3, 4, 7, 8, 10, 9), (2, 1, 6, 3, 5, 9, 8, 10, 7, 4), (2, 6, 1, 3, 5, 7, 9, 4, 10, 8), (1, 2, 9, 4, 6, 3, 5, 7, 8, 10), (1, 2, 7, 3, 4, 8, 9, 6, 5, 10), (5, 3, 4, 1, 2, 6, 9, 8, 7, 10)}
M(AUB) = 
[[1, 2, 3, 4, 5, 6, 7, 8, 9, 10]]
Distance:104

(2)
A = 
{(2, 4, 1, 3, 5, 8, 6, 10, 9, 7), (2, 4, 3, 1, 5, 7, 8, 10, 6, 9), (4, 3, 2, 1, 7, 6, 5, 10, 8, 9), (1, 2, 3, 4, 5, 6, 7, 8, 9, 10), (1, 2, 3, 4, 5, 6, 10, 9, 8, 7), (1, 3, 2, 4, 6, 7, 5, 9, 10, 8), (2, 3, 1, 4, 6, 5, 8, 10, 7, 9)}
M(A) = 
[[1, 2, 3, 4, 5, 6, 7, 8, 10, 9], [1, 2, 3, 4, 6, 5, 7, 8, 10, 9], [1, 3, 2, 4, 5, 6, 7, 8, 10, 9], [1, 3, 2, 4, 6, 5, 7, 8, 10, 9], [3, 1, 2, 4, 5, 6, 7, 8, 10, 9], [3, 1, 2, 4, 6, 5, 7, 8, 10, 9]]
Distance: 40
B = 
{(1, 5, 3, 2, 4, 7, 6, 9, 8, 10), (3, 1, 2, 4, 5, 7, 8, 6, 10, 9), (2, 1, 3, 7, 4, 9, 6, 5, 8, 10), (2, 3, 4, 1, 6, 5, 7, 8, 10, 9), (3, 1, 2, 6, 8, 5, 4, 10, 7, 9), (1, 5, 4, 7, 9, 3, 2, 8, 6, 10), (4, 3, 1, 6, 2, 10, 5, 7, 8, 9)}
M(B) = 
[[1, 2, 3, 4, 5, 6, 7, 8, 10, 9], [1, 2, 3, 4, 6, 5, 7, 8, 10, 9], [1, 3, 2, 4, 5, 6, 7, 8, 10, 9], [1, 3, 2, 4, 6, 5, 7, 8, 10, 9], [3, 1, 2, 4, 5, 6, 7, 8, 10, 9], [3, 1, 2, 4, 6, 5, 7, 8, 10, 9]]
Distance: 53
M(A) inter A:
set()
M(B) inter B:
set()

AUB = 
{(1, 5, 3, 2, 4, 7, 6, 9, 8, 10), (3, 1, 2, 4, 5, 7, 8, 6, 10, 9), (2, 4, 1, 3, 5, 8, 6, 10, 9, 7), (2, 1, 3, 7, 4, 9, 6, 5, 8, 10), (2, 3, 4, 1, 6, 5, 7, 8, 10, 9), (2, 4, 3, 1, 5, 7, 8, 10, 6, 9), (3, 1, 2, 6, 8, 5, 4, 10, 7, 9), (4, 3, 2, 1, 7, 6, 5, 10, 8, 9), (1, 2, 3, 4, 5, 6, 7, 8, 9, 10), (1, 2, 3, 4, 5, 6, 10, 9, 8, 7), (1, 3, 2, 4, 6, 7, 5, 9, 10, 8), (2, 3, 1, 4, 6, 5, 8, 10, 7, 9), (1, 5, 4, 7, 9, 3, 2, 8, 6, 10), (4, 3, 1, 6, 2, 10, 5, 7, 8, 9)}
M(AUB) = 
[[1, 2, 3, 4, 5, 6, 7, 8, 10, 9], [1, 2, 3, 4, 6, 5, 7, 8, 10, 9], [1, 3, 2, 4, 5, 6, 7, 8, 10, 9], [1, 3, 2, 4, 6, 5, 7, 8, 10, 9], [3, 1, 2, 4, 5, 6, 7, 8, 10, 9], [3, 1, 2, 4, 6, 5, 7, 8, 10, 9]]
Distance:99

(3)
A = 
{(1, 2, 3, 4, 5, 8, 10, 7, 9, 6), (1, 9, 2, 8, 4, 5, 3, 10, 6, 7), (4, 6, 1, 2, 3, 5, 8, 10, 7, 9), (2, 1, 7, 3, 5, 4, 9, 8, 6, 10), (5, 2, 3, 4, 8, 1, 7, 9, 10, 6), (2, 1, 3, 4, 5, 6, 7, 8, 9, 10), (1, 2, 3, 5, 6, 8, 7, 10, 9, 4)}
M(A) = 
[[1, 2, 4, 3, 5, 6, 8, 7, 9, 10], [2, 1, 4, 3, 5, 6, 8, 7, 9, 10]]
Distance: 60
B = 
{(1, 4, 6, 2, 3, 9, 8, 5, 10, 7), (4, 5, 2, 1, 7, 3, 6, 9, 8, 10), (1, 2, 5, 6, 4, 9, 3, 8, 7, 10), (2, 6, 1, 4, 3, 5, 8, 7, 9, 10), (2, 3, 1, 4, 10, 6, 5, 8, 7, 9), (4, 5, 2, 1, 7, 3, 6, 10, 8, 9), (1, 5, 6, 4, 8, 3, 2, 7, 10, 9)}
M(B) = 
[[1, 2, 4, 3, 5, 6, 8, 7, 9, 10], [2, 1, 4, 3, 5, 6, 8, 7, 9, 10]]
Distance: 59
M(A) inter A:
set()
M(B) inter B:
set()

AUB = 
{(1, 4, 6, 2, 3, 9, 8, 5, 10, 7), (1, 2, 3, 4, 5, 8, 10, 7, 9, 6), (1, 9, 2, 8, 4, 5, 3, 10, 6, 7), (4, 6, 1, 2, 3, 5, 8, 10, 7, 9), (2, 1, 7, 3, 5, 4, 9, 8, 6, 10), (5, 2, 3, 4, 8, 1, 7, 9, 10, 6), (4, 5, 2, 1, 7, 3, 6, 9, 8, 10), (1, 2, 5, 6, 4, 9, 3, 8, 7, 10), (2, 6, 1, 4, 3, 5, 8, 7, 9, 10), (2, 3, 1, 4, 10, 6, 5, 8, 7, 9), (4, 5, 2, 1, 7, 3, 6, 10, 8, 9), (2, 1, 3, 4, 5, 6, 7, 8, 9, 10), (1, 2, 3, 5, 6, 8, 7, 10, 9, 4), (1, 5, 6, 4, 8, 3, 2, 7, 10, 9)}
M(AUB) = 
[[1, 2, 4, 3, 5, 6, 8, 7, 9, 10], [2, 1, 4, 3, 5, 6, 8, 7, 9, 10]]
Distance:126

(4)
A = 
{(2, 3, 5, 8, 7, 6, 1, 4, 9, 10), (1, 2, 4, 6, 3, 5, 9, 7, 8, 10), (3, 1, 5, 2, 4, 6, 7, 9, 8, 10), (1, 3, 2, 4, 5, 7, 6, 8, 9, 10), (1, 3, 5, 4, 10, 2, 9, 6, 8, 7), (3, 1, 10, 2, 7, 6, 4, 5, 8, 9), (3, 5, 1, 2, 6, 4, 9, 10, 7, 8)}
M(A) = 
[[1, 2, 3, 5, 4, 6, 7, 9, 8, 10], [1, 2, 3, 5, 4, 7, 6, 9, 8, 10], [1, 3, 2, 5, 4, 6, 7, 9, 8, 10], [1, 3, 2, 5, 4, 7, 6, 9, 8, 10]]
Distance: 56
B = 
{(7, 5, 3, 4, 8, 1, 10, 6, 2, 9), (1, 5, 2, 10, 9, 4, 6, 3, 8, 7), (2, 1, 5, 3, 4, 7, 6, 8, 10, 9), (1, 7, 10, 2, 5, 3, 4, 6, 9, 8), (2, 1, 3, 5, 6, 4, 9, 7, 8, 10), (1, 3, 2, 4, 5, 6, 7, 10, 8, 9), (5, 2, 3, 1, 7, 6, 9, 8, 4, 10)}
M(B) = 
[[1, 2, 3, 5, 4, 6, 7, 9, 8, 10], [1, 2, 3, 5, 4, 7, 6, 9, 8, 10], [1, 3, 2, 5, 4, 6, 7, 9, 8, 10], [1, 3, 2, 5, 4, 7, 6, 9, 8, 10]]
Distance: 66
M(A) inter A:
set()
M(B) inter B:
set()

AUB = 
{(2, 3, 5, 8, 7, 6, 1, 4, 9, 10), (1, 2, 4, 6, 3, 5, 9, 7, 8, 10), (3, 1, 5, 2, 4, 6, 7, 9, 8, 10), (7, 5, 3, 4, 8, 1, 10, 6, 2, 9), (1, 3, 2, 4, 5, 7, 6, 8, 9, 10), (1, 3, 5, 4, 10, 2, 9, 6, 8, 7), (1, 5, 2, 10, 9, 4, 6, 3, 8, 7), (2, 1, 5, 3, 4, 7, 6, 8, 10, 9), (3, 1, 10, 2, 7, 6, 4, 5, 8, 9), (1, 7, 10, 2, 5, 3, 4, 6, 9, 8), (2, 1, 3, 5, 6, 4, 9, 7, 8, 10), (1, 3, 2, 4, 5, 6, 7, 10, 8, 9), (5, 2, 3, 1, 7, 6, 9, 8, 4, 10), (3, 5, 1, 2, 6, 4, 9, 10, 7, 8)}
M(AUB) = 
[[1, 2, 3, 5, 4, 6, 7, 9, 8, 10], [1, 2, 3, 5, 4, 7, 6, 9, 8, 10], [1, 3, 2, 5, 4, 6, 7, 9, 8, 10], [1, 3, 2, 5, 4, 7, 6, 9, 8, 10]]
Distance:132

(5)
A = 
{(3, 2, 1, 4, 5, 8, 6, 9, 7, 10), (1, 3, 2, 6, 4, 7, 5, 8, 9, 10), (1, 4, 2, 7, 6, 3, 8, 5, 10, 9), (1, 2, 3, 4, 5, 7, 6, 8, 9, 10), (6, 7, 4, 1, 2, 5, 3, 10, 9, 8), (1, 2, 3, 4, 5, 6, 7, 8, 9, 10), (1, 2, 4, 6, 3, 5, 7, 9, 10, 8)}
M(A) = 
[[1, 2, 4, 3, 5, 6, 7, 8, 9, 10], [1, 2, 4, 3, 6, 5, 7, 8, 9, 10]]
Distance: 41
B = 
{(1, 2, 6, 4, 5, 7, 3, 8, 9, 10), (1, 3, 2, 5, 4, 6, 7, 8, 10, 9), (3, 7, 1, 6, 2, 5, 9, 10, 8, 4), (4, 7, 1, 6, 2, 3, 9, 5, 10, 8), (2, 4, 3, 1, 7, 5, 6, 8, 10, 9), (5, 2, 6, 1, 8, 4, 10, 3, 7, 9), (1, 4, 2, 5, 8, 3, 6, 7, 9, 10)}
M(B) = 
[[1, 2, 4, 3, 5, 6, 7, 8, 9, 10], [1, 2, 4, 3, 6, 5, 7, 8, 9, 10]]
Distance: 64
M(A) inter A:
set()
M(B) inter B:
set()

AUB = 
{(1, 2, 6, 4, 5, 7, 3, 8, 9, 10), (1, 3, 2, 5, 4, 6, 7, 8, 10, 9), (3, 7, 1, 6, 2, 5, 9, 10, 8, 4), (3, 2, 1, 4, 5, 8, 6, 9, 7, 10), (1, 3, 2, 6, 4, 7, 5, 8, 9, 10), (4, 7, 1, 6, 2, 3, 9, 5, 10, 8), (1, 4, 2, 7, 6, 3, 8, 5, 10, 9), (2, 4, 3, 1, 7, 5, 6, 8, 10, 9), (5, 2, 6, 1, 8, 4, 10, 3, 7, 9), (1, 2, 3, 4, 5, 7, 6, 8, 9, 10), (6, 7, 4, 1, 2, 5, 3, 10, 9, 8), (1, 2, 3, 4, 5, 6, 7, 8, 9, 10), (1, 4, 2, 5, 8, 3, 6, 7, 9, 10), (1, 2, 4, 6, 3, 5, 7, 9, 10, 8)}
M(AUB) = 
[[1, 2, 4, 3, 5, 6, 7, 8, 9, 10], [1, 2, 4, 3, 6, 5, 7, 8, 9, 10]]
Distance:107

(6)
A = 
{(3, 5, 4, 6, 2, 1, 10, 9, 7, 8), (1, 3, 4, 2, 7, 6, 5, 9, 8, 10), (1, 3, 2, 8, 4, 6, 5, 7, 9, 10), (3, 2, 1, 6, 4, 7, 5, 9, 8, 10), (2, 1, 5, 3, 4, 6, 9, 7, 8, 10), (7, 2, 1, 4, 8, 5, 6, 3, 9, 10), (2, 1, 6, 3, 7, 4, 5, 10, 9, 8)}
M(A) = 
[[2, 1, 3, 4, 5, 6, 7, 8, 9, 10]]
Distance: 53
B = 
{(2, 3, 1, 4, 6, 5, 7, 8, 9, 10), (4, 8, 1, 6, 2, 3, 5, 9, 7, 10), (4, 1, 2, 3, 7, 5, 6, 8, 9, 10), (1, 4, 2, 3, 5, 6, 7, 10, 8, 9), (1, 2, 5, 3, 4, 6, 9, 10, 7, 8), (2, 3, 1, 5, 4, 6, 7, 8, 10, 9), (3, 2, 4, 8, 5, 7, 6, 10, 1, 9)}
M(B) = 
[[2, 1, 3, 4, 5, 6, 7, 8, 9, 10]]
Distance: 49
M(A) inter A:
set()
M(B) inter B:
set()

AUB = 
{(3, 5, 4, 6, 2, 1, 10, 9, 7, 8), (1, 3, 4, 2, 7, 6, 5, 9, 8, 10), (2, 3, 1, 4, 6, 5, 7, 8, 9, 10), (4, 8, 1, 6, 2, 3, 5, 9, 7, 10), (1, 3, 2, 8, 4, 6, 5, 7, 9, 10), (4, 1, 2, 3, 7, 5, 6, 8, 9, 10), (1, 4, 2, 3, 5, 6, 7, 10, 8, 9), (1, 2, 5, 3, 4, 6, 9, 10, 7, 8), (3, 2, 1, 6, 4, 7, 5, 9, 8, 10), (2, 1, 5, 3, 4, 6, 9, 7, 8, 10), (7, 2, 1, 4, 8, 5, 6, 3, 9, 10), (2, 3, 1, 5, 4, 6, 7, 8, 10, 9), (3, 2, 4, 8, 5, 7, 6, 10, 1, 9), (2, 1, 6, 3, 7, 4, 5, 10, 9, 8)}
M(AUB) = 
[[2, 1, 3, 4, 5, 6, 7, 8, 9, 10]]
Distance:108

(7)
A = 
{(1, 2, 3, 6, 4, 5, 9, 10, 7, 8), (1, 5, 3, 7, 4, 6, 2, 10, 8, 9), (1, 2, 3, 4, 5, 6, 7, 8, 9, 10), (1, 2, 3, 5, 4, 7, 9, 6, 8, 10), (3, 1, 10, 4, 2, 8, 7, 6, 9, 5), (3, 2, 1, 4, 5, 6, 7, 9, 8, 10), (1, 4, 3, 5, 2, 8, 6, 9, 10, 7)}
M(A) = 
[[1, 2, 3, 4, 5, 6, 7, 8, 9, 10]]
Distance: 49
B = 
{(1, 2, 4, 5, 3, 7, 8, 6, 10, 9), (4, 2, 1, 3, 5, 9, 7, 8, 6, 10), (2, 3, 1, 4, 6, 5, 7, 9, 10, 8), (1, 2, 3, 4, 7, 8, 5, 10, 6, 9), (1, 5, 2, 3, 6, 9, 7, 8, 4, 10), (1, 3, 2, 5, 4, 6, 8, 7, 9, 10), (4, 3, 2, 8, 1, 10, 6, 9, 7, 5)}
M(B) = 
[[1, 2, 3, 4, 5, 6, 7, 8, 9, 10]]
Distance: 55
M(A) inter A:
{(1, 2, 3, 4, 5, 6, 7, 8, 9, 10)}
M(B) inter B:
set()

AUB = 
{(1, 2, 3, 6, 4, 5, 9, 10, 7, 8), (1, 2, 4, 5, 3, 7, 8, 6, 10, 9), (4, 2, 1, 3, 5, 9, 7, 8, 6, 10), (2, 3, 1, 4, 6, 5, 7, 9, 10, 8), (1, 5, 3, 7, 4, 6, 2, 10, 8, 9), (1, 2, 3, 4, 7, 8, 5, 10, 6, 9), (1, 2, 3, 4, 5, 6, 7, 8, 9, 10), (1, 2, 3, 5, 4, 7, 9, 6, 8, 10), (3, 1, 10, 4, 2, 8, 7, 6, 9, 5), (1, 5, 2, 3, 6, 9, 7, 8, 4, 10), (3, 2, 1, 4, 5, 6, 7, 9, 8, 10), (1, 3, 2, 5, 4, 6, 8, 7, 9, 10), (1, 4, 3, 5, 2, 8, 6, 9, 10, 7), (4, 3, 2, 8, 1, 10, 6, 9, 7, 5)}
M(AUB) = 
[[1, 2, 3, 4, 5, 6, 7, 8, 9, 10]]
Distance:105

(8)
A = 
{(4, 1, 6, 2, 5, 3, 7, 9, 10, 8), (3, 1, 4, 2, 5, 6, 9, 8, 10, 7), (1, 7, 4, 3, 5, 6, 2, 10, 9, 8), (1, 3, 4, 6, 5, 2, 10, 7, 9, 8), (3, 2, 4, 5, 9, 1, 6, 8, 10, 7), (1, 3, 2, 5, 4, 7, 8, 6, 9, 10), (2, 1, 7, 3, 6, 4, 5, 9, 8, 10)}
M(A) = 
[[1, 2, 3, 4, 5, 6, 7, 9, 8, 10], [1, 2, 3, 4, 5, 7, 6, 9, 8, 10]]
Distance: 52
B = 
{(5, 1, 6, 3, 4, 7, 2, 9, 10, 8), (4, 1, 2, 7, 3, 8, 5, 9, 10, 6), (2, 1, 5, 4, 3, 9, 7, 8, 6, 10), (2, 1, 3, 7, 4, 9, 6, 5, 8, 10), (2, 1, 4, 3, 5, 7, 8, 6, 9, 10), (1, 2, 3, 4, 5, 6, 7, 8, 9, 10), (4, 2, 8, 6, 1, 7, 5, 9, 10, 3)}
M(B) = 
[[1, 2, 3, 4, 5, 6, 7, 9, 8, 10], [1, 2, 3, 4, 5, 7, 6, 9, 8, 10]]
Distance: 56
M(A) inter A:
set()
M(B) inter B:
{(2, 1, 4, 3, 5, 7, 8, 6, 9, 10)}

AUB = 
{(4, 1, 6, 2, 5, 3, 7, 9, 10, 8), (5, 1, 6, 3, 4, 7, 2, 9, 10, 8), (4, 1, 2, 7, 3, 8, 5, 9, 10, 6), (2, 1, 5, 4, 3, 9, 7, 8, 6, 10), (3, 1, 4, 2, 5, 6, 9, 8, 10, 7), (2, 1, 3, 7, 4, 9, 6, 5, 8, 10), (1, 7, 4, 3, 5, 6, 2, 10, 9, 8), (1, 3, 4, 6, 5, 2, 10, 7, 9, 8), (3, 2, 4, 5, 9, 1, 6, 8, 10, 7), (2, 1, 4, 3, 5, 7, 8, 6, 9, 10), (1, 2, 3, 4, 5, 6, 7, 8, 9, 10), (4, 2, 8, 6, 1, 7, 5, 9, 10, 3), (1, 3, 2, 5, 4, 7, 8, 6, 9, 10), (2, 1, 7, 3, 6, 4, 5, 9, 8, 10)}
M(AUB) = 
[[1, 2, 3, 4, 5, 6, 7, 9, 8, 10], [1, 2, 3, 4, 5, 7, 6, 9, 8, 10]]
Distance:117

(9)
A = 
{(3, 1, 4, 6, 2, 5, 8, 7, 9, 10), (1, 2, 3, 5, 4, 6, 8, 7, 9, 10), (2, 3, 1, 6, 5, 7, 9, 10, 4, 8), (1, 3, 4, 2, 6, 8, 5, 10, 7, 9), (3, 1, 9, 2, 6, 5, 4, 8, 10, 7), (2, 4, 1, 5, 3, 10, 8, 7, 6, 9), (1, 2, 5, 3, 4, 8, 6, 7, 9, 10)}
M(A) = 
[[1, 2, 3, 4, 5, 6, 8, 7, 9, 10]]
Distance: 47
B = 
{(2, 7, 1, 3, 4, 6, 5, 10, 9, 8), (3, 1, 2, 4, 8, 5, 6, 9, 10, 7), (1, 3, 2, 5, 7, 6, 4, 8, 10, 9), (3, 1, 6, 2, 4, 9, 10, 5, 7, 8), (2, 1, 4, 3, 5, 6, 7, 8, 9, 10), (2, 1, 4, 9, 7, 3, 10, 5, 6, 8), (2, 3, 1, 4, 5, 10, 6, 8, 9, 7)}
M(B) = 
[[1, 2, 3, 4, 5, 6, 8, 7, 9, 10]]
Distance: 55
M(A) inter A:
set()
M(B) inter B:
set()

AUB = 
{(2, 7, 1, 3, 4, 6, 5, 10, 9, 8), (3, 1, 4, 6, 2, 5, 8, 7, 9, 10), (3, 1, 2, 4, 8, 5, 6, 9, 10, 7), (1, 2, 3, 5, 4, 6, 8, 7, 9, 10), (1, 3, 2, 5, 7, 6, 4, 8, 10, 9), (2, 3, 1, 6, 5, 7, 9, 10, 4, 8), (1, 3, 4, 2, 6, 8, 5, 10, 7, 9), (3, 1, 6, 2, 4, 9, 10, 5, 7, 8), (2, 1, 4, 3, 5, 6, 7, 8, 9, 10), (3, 1, 9, 2, 6, 5, 4, 8, 10, 7), (2, 1, 4, 9, 7, 3, 10, 5, 6, 8), (2, 3, 1, 4, 5, 10, 6, 8, 9, 7), (2, 4, 1, 5, 3, 10, 8, 7, 6, 9), (1, 2, 5, 3, 4, 8, 6, 7, 9, 10)}
M(AUB) = 
[[1, 2, 3, 4, 5, 6, 8, 7, 9, 10]]
Distance:108

(10)
A = 
{(1, 3, 2, 4, 6, 5, 8, 7, 10, 9), (1, 4, 3, 7, 5, 2, 10, 8, 9, 6), (2, 1, 7, 3, 4, 5, 10, 6, 9, 8), (1, 2, 3, 7, 6, 8, 4, 5, 10, 9), (2, 4, 1, 5, 3, 6, 7, 8, 9, 10), (1, 3, 8, 2, 4, 5, 6, 10, 7, 9), (3, 1, 5, 2, 4, 6, 7, 8, 10, 9)}
M(A) = 
[[1, 3, 2, 4, 5, 6, 7, 8, 10, 9]]
Distance: 44
B = 
{(2, 1, 5, 3, 6, 8, 10, 4, 7, 9), (2, 1, 3, 5, 4, 6, 8, 7, 9, 10), (5, 3, 2, 4, 1, 7, 10, 6, 9, 8), (1, 3, 2, 4, 5, 9, 7, 6, 8, 10), (3, 1, 2, 5, 7, 4, 6, 8, 9, 10), (3, 2, 6, 1, 5, 4, 9, 10, 8, 7), (4, 2, 1, 5, 3, 6, 10, 7, 8, 9)}
M(B) = 
[[1, 3, 2, 4, 5, 6, 7, 8, 10, 9]]
Distance: 49
M(A) inter A:
set()
M(B) inter B:
set()

AUB = 
{(2, 1, 5, 3, 6, 8, 10, 4, 7, 9), (1, 3, 2, 4, 6, 5, 8, 7, 10, 9), (1, 4, 3, 7, 5, 2, 10, 8, 9, 6), (2, 1, 3, 5, 4, 6, 8, 7, 9, 10), (5, 3, 2, 4, 1, 7, 10, 6, 9, 8), (1, 3, 2, 4, 5, 9, 7, 6, 8, 10), (2, 1, 7, 3, 4, 5, 10, 6, 9, 8), (3, 1, 2, 5, 7, 4, 6, 8, 9, 10), (1, 2, 3, 7, 6, 8, 4, 5, 10, 9), (2, 4, 1, 5, 3, 6, 7, 8, 9, 10), (3, 2, 6, 1, 5, 4, 9, 10, 8, 7), (1, 3, 8, 2, 4, 5, 6, 10, 7, 9), (3, 1, 5, 2, 4, 6, 7, 8, 10, 9), (4, 2, 1, 5, 3, 6, 10, 7, 8, 9)}
M(AUB) = 
[[1, 3, 2, 4, 5, 6, 7, 8, 10, 9]]
Distance:99

(11)
A = 
{(1, 5, 2, 3, 4, 9, 6, 10, 7, 8), (3, 2, 5, 1, 9, 7, 4, 6, 10, 8), (1, 3, 2, 4, 10, 6, 8, 9, 5, 7), (4, 1, 3, 5, 7, 2, 9, 6, 10, 8), (2, 1, 3, 4, 5, 6, 8, 7, 9, 10), (3, 1, 4, 10, 2, 7, 9, 6, 8, 5), (3, 2, 1, 5, 4, 7, 9, 8, 10, 6)}
M(A) = 
[[1, 3, 2, 4, 5, 7, 9, 6, 8, 10], [1, 3, 2, 5, 4, 7, 9, 6, 8, 10], [1, 3, 4, 2, 5, 7, 9, 6, 8, 10]]
Distance: 55
B = 
{(3, 4, 1, 2, 5, 6, 9, 8, 7, 10), (1, 4, 3, 9, 6, 2, 8, 5, 7, 10), (1, 2, 5, 3, 4, 7, 6, 10, 8, 9), (1, 2, 8, 5, 7, 4, 3, 9, 6, 10), (1, 3, 6, 4, 2, 5, 9, 8, 7, 10), (1, 5, 3, 4, 2, 7, 8, 9, 10, 6), (1, 5, 3, 6, 4, 8, 2, 7, 9, 10)}
M(B) = 
[[1, 3, 2, 4, 5, 7, 9, 6, 8, 10], [1, 3, 2, 5, 4, 7, 9, 6, 8, 10], [1, 3, 4, 2, 5, 7, 9, 6, 8, 10]]
Distance: 53
M(A) inter A:
set()
M(B) inter B:
set()

AUB = 
{(3, 4, 1, 2, 5, 6, 9, 8, 7, 10), (1, 5, 2, 3, 4, 9, 6, 10, 7, 8), (3, 2, 5, 1, 9, 7, 4, 6, 10, 8), (1, 4, 3, 9, 6, 2, 8, 5, 7, 10), (1, 2, 5, 3, 4, 7, 6, 10, 8, 9), (1, 3, 2, 4, 10, 6, 8, 9, 5, 7), (1, 2, 8, 5, 7, 4, 3, 9, 6, 10), (4, 1, 3, 5, 7, 2, 9, 6, 10, 8), (1, 3, 6, 4, 2, 5, 9, 8, 7, 10), (2, 1, 3, 4, 5, 6, 8, 7, 9, 10), (3, 1, 4, 10, 2, 7, 9, 6, 8, 5), (3, 2, 1, 5, 4, 7, 9, 8, 10, 6), (1, 5, 3, 4, 2, 7, 8, 9, 10, 6), (1, 5, 3, 6, 4, 8, 2, 7, 9, 10)}
M(AUB) = 
[[1, 3, 2, 4, 5, 7, 9, 6, 8, 10], [1, 3, 2, 5, 4, 7, 9, 6, 8, 10], [1, 3, 4, 2, 5, 7, 9, 6, 8, 10]]
Distance:120

(12)
A = 
{(1, 2, 4, 3, 5, 10, 8, 9, 6, 7), (4, 1, 2, 3, 8, 5, 10, 7, 6, 9), (1, 2, 3, 4, 5, 6, 7, 8, 9, 10), (4, 2, 1, 6, 3, 10, 9, 7, 5, 8), (1, 2, 3, 4, 5, 7, 6, 9, 8, 10), (3, 1, 6, 2, 4, 5, 7, 8, 10, 9), (1, 2, 5, 6, 3, 4, 7, 8, 9, 10)}
M(A) = 
[[1, 2, 3, 4, 5, 6, 7, 8, 10, 9]]
Distance: 44
B = 
{(4, 6, 3, 9, 7, 2, 10, 1, 8, 5), (3, 1, 4, 2, 6, 5, 9, 8, 10, 7), (3, 5, 2, 1, 8, 6, 4, 10, 7, 9), (3, 2, 1, 5, 4, 6, 8, 7, 10, 9), (5, 1, 3, 4, 2, 7, 10, 9, 6, 8), (4, 2, 10, 5, 1, 3, 8, 6, 7, 9), (4, 2, 1, 3, 5, 6, 7, 8, 9, 10)}
M(B) = 
[[1, 2, 3, 4, 5, 6, 7, 8, 10, 9]]
Distance: 68
M(A) inter A:
set()
M(B) inter B:
set()

AUB = 
{(4, 6, 3, 9, 7, 2, 10, 1, 8, 5), (3, 1, 4, 2, 6, 5, 9, 8, 10, 7), (1, 2, 4, 3, 5, 10, 8, 9, 6, 7), (4, 1, 2, 3, 8, 5, 10, 7, 6, 9), (3, 5, 2, 1, 8, 6, 4, 10, 7, 9), (3, 2, 1, 5, 4, 6, 8, 7, 10, 9), (1, 2, 3, 4, 5, 6, 7, 8, 9, 10), (5, 1, 3, 4, 2, 7, 10, 9, 6, 8), (4, 2, 1, 6, 3, 10, 9, 7, 5, 8), (4, 2, 10, 5, 1, 3, 8, 6, 7, 9), (4, 2, 1, 3, 5, 6, 7, 8, 9, 10), (1, 2, 3, 4, 5, 7, 6, 9, 8, 10), (3, 1, 6, 2, 4, 5, 7, 8, 10, 9), (1, 2, 5, 6, 3, 4, 7, 8, 9, 10)}
M(AUB) = 
[[1, 2, 3, 4, 5, 6, 7, 8, 10, 9]]
Distance:122

(13)
A = 
{(2, 3, 1, 6, 5, 4, 7, 10, 8, 9), (2, 1, 7, 5, 4, 3, 8, 6, 10, 9), (3, 4, 1, 2, 7, 10, 8, 5, 6, 9), (4, 1, 2, 3, 5, 6, 7, 8, 9, 10), (4, 3, 6, 1, 2, 5, 7, 8, 10, 9), (5, 2, 1, 10, 3, 4, 7, 8, 6, 9), (3, 1, 7, 2, 4, 5, 6, 8, 10, 9)}
M(A) = 
[[2, 1, 3, 4, 5, 6, 7, 8, 10, 9], [2, 1, 3, 4, 5, 7, 6, 8, 10, 9]]
Distance: 55
B = 
{(2, 7, 1, 3, 10, 4, 6, 5, 9, 8), (1, 2, 3, 4, 8, 5, 6, 10, 9, 7), (2, 1, 4, 3, 7, 8, 10, 5, 9, 6), (4, 5, 2, 1, 6, 3, 7, 8, 9, 10), (2, 1, 5, 3, 4, 7, 6, 8, 9, 10), (4, 2, 1, 3, 6, 5, 8, 7, 10, 9), (1, 2, 3, 4, 6, 5, 7, 8, 9, 10)}
M(B) = 
[[2, 1, 3, 4, 5, 6, 7, 8, 10, 9], [2, 1, 3, 4, 5, 7, 6, 8, 10, 9]]
Distance: 45
M(A) inter A:
set()
M(B) inter B:
set()

AUB = 
{(2, 7, 1, 3, 10, 4, 6, 5, 9, 8), (1, 2, 3, 4, 8, 5, 6, 10, 9, 7), (2, 1, 4, 3, 7, 8, 10, 5, 9, 6), (2, 3, 1, 6, 5, 4, 7, 10, 8, 9), (2, 1, 7, 5, 4, 3, 8, 6, 10, 9), (3, 4, 1, 2, 7, 10, 8, 5, 6, 9), (4, 5, 2, 1, 6, 3, 7, 8, 9, 10), (4, 1, 2, 3, 5, 6, 7, 8, 9, 10), (4, 3, 6, 1, 2, 5, 7, 8, 10, 9), (2, 1, 5, 3, 4, 7, 6, 8, 9, 10), (4, 2, 1, 3, 6, 5, 8, 7, 10, 9), (5, 2, 1, 10, 3, 4, 7, 8, 6, 9), (3, 1, 7, 2, 4, 5, 6, 8, 10, 9), (1, 2, 3, 4, 6, 5, 7, 8, 9, 10)}
M(AUB) = 
[[2, 1, 3, 4, 5, 6, 7, 8, 10, 9], [2, 1, 3, 4, 5, 7, 6, 8, 10, 9]]
Distance:102

(14)
A = 
{(1, 2, 6, 3, 4, 5, 7, 9, 8, 10), (1, 4, 3, 2, 5, 10, 8, 6, 7, 9), (1, 5, 3, 4, 7, 2, 6, 8, 9, 10), (1, 2, 5, 4, 3, 6, 9, 7, 10, 8), (2, 1, 3, 4, 6, 5, 7, 8, 9, 10), (1, 4, 2, 6, 5, 8, 7, 3, 9, 10), (4, 6, 1, 3, 5, 8, 2, 9, 7, 10)}
M(A) = 
[[1, 2, 4, 3, 5, 6, 7, 8, 9, 10]]
Distance: 45
B = 
{(7, 5, 1, 2, 4, 3, 6, 10, 8, 9), (2, 1, 4, 3, 5, 7, 6, 10, 8, 9), (4, 3, 6, 1, 2, 7, 5, 9, 8, 10), (1, 3, 2, 4, 6, 5, 7, 8, 10, 9), (2, 3, 1, 8, 4, 5, 6, 9, 10, 7), (4, 5, 3, 1, 10, 2, 7, 6, 9, 8), (2, 1, 5, 3, 7, 8, 4, 6, 9, 10)}
M(B) = 
[[1, 2, 4, 3, 5, 6, 7, 8, 9, 10]]
Distance: 58
M(A) inter A:
set()
M(B) inter B:
set()

AUB = 
{(7, 5, 1, 2, 4, 3, 6, 10, 8, 9), (2, 1, 4, 3, 5, 7, 6, 10, 8, 9), (4, 3, 6, 1, 2, 7, 5, 9, 8, 10), (1, 2, 6, 3, 4, 5, 7, 9, 8, 10), (1, 4, 3, 2, 5, 10, 8, 6, 7, 9), (1, 3, 2, 4, 6, 5, 7, 8, 10, 9), (1, 5, 3, 4, 7, 2, 6, 8, 9, 10), (1, 2, 5, 4, 3, 6, 9, 7, 10, 8), (2, 3, 1, 8, 4, 5, 6, 9, 10, 7), (2, 1, 3, 4, 6, 5, 7, 8, 9, 10), (1, 4, 2, 6, 5, 8, 7, 3, 9, 10), (4, 6, 1, 3, 5, 8, 2, 9, 7, 10), (4, 5, 3, 1, 10, 2, 7, 6, 9, 8), (2, 1, 5, 3, 7, 8, 4, 6, 9, 10)}
M(AUB) = 
[[1, 2, 4, 3, 5, 6, 7, 8, 9, 10]]
Distance:107

(15)
A = 
{(1, 2, 6, 3, 4, 7, 5, 9, 8, 10), (2, 1, 4, 5, 6, 3, 8, 10, 9, 7), (4, 1, 2, 3, 5, 9, 7, 10, 6, 8), (1, 2, 3, 4, 6, 5, 8, 9, 7, 10), (1, 3, 5, 2, 9, 6, 7, 10, 4, 8), (1, 2, 5, 3, 4, 7, 9, 6, 10, 8), (4, 3, 2, 1, 5, 7, 8, 9, 10, 6)}
M(A) = 
[[1, 2, 4, 3, 5, 6, 7, 9, 8, 10], [1, 2, 4, 3, 5, 6, 7, 9, 10, 8]]
Distance: 49
B = 
{(4, 1, 3, 6, 2, 5, 10, 7, 9, 8), (2, 4, 6, 1, 5, 3, 9, 7, 10, 8), (5, 2, 8, 4, 1, 6, 10, 7, 3, 9), (1, 3, 7, 2, 5, 4, 6, 9, 10, 8), (1, 3, 2, 7, 5, 9, 10, 4, 8, 6), (1, 2, 4, 7, 8, 3, 5, 9, 6, 10), (2, 1, 6, 4, 5, 8, 3, 10, 9, 7)}
M(B) = 
[[1, 2, 4, 3, 5, 6, 7, 9, 8, 10], [1, 2, 4, 3, 5, 6, 7, 9, 10, 8]]
Distance: 71
M(A) inter A:
set()
M(B) inter B:
set()

AUB = 
{(1, 2, 6, 3, 4, 7, 5, 9, 8, 10), (4, 1, 3, 6, 2, 5, 10, 7, 9, 8), (2, 4, 6, 1, 5, 3, 9, 7, 10, 8), (2, 1, 4, 5, 6, 3, 8, 10, 9, 7), (4, 1, 2, 3, 5, 9, 7, 10, 6, 8), (5, 2, 8, 4, 1, 6, 10, 7, 3, 9), (1, 2, 3, 4, 6, 5, 8, 9, 7, 10), (1, 3, 5, 2, 9, 6, 7, 10, 4, 8), (1, 2, 5, 3, 4, 7, 9, 6, 10, 8), (1, 3, 7, 2, 5, 4, 6, 9, 10, 8), (4, 3, 2, 1, 5, 7, 8, 9, 10, 6), (1, 3, 2, 7, 5, 9, 10, 4, 8, 6), (1, 2, 4, 7, 8, 3, 5, 9, 6, 10), (2, 1, 6, 4, 5, 8, 3, 10, 9, 7)}
M(AUB) = 
[[1, 2, 4, 3, 5, 6, 7, 9, 8, 10], [1, 2, 4, 3, 5, 6, 7, 9, 10, 8]]
Distance:124

(16)
A = 
{(1, 2, 3, 10, 6, 4, 5, 8, 7, 9), (2, 1, 4, 3, 5, 6, 9, 7, 10, 8), (2, 1, 3, 5, 4, 6, 10, 7, 8, 9), (2, 3, 6, 1, 7, 5, 4, 8, 9, 10), (1, 2, 3, 4, 5, 6, 7, 8, 9, 10), (1, 7, 4, 2, 8, 5, 6, 3, 10, 9), (1, 3, 4, 2, 5, 7, 9, 8, 10, 6)}
M(A) = 
[[1, 2, 3, 4, 5, 6, 7, 8, 9, 10]]
Distance: 47
B = 
{(3, 1, 2, 4, 5, 6, 7, 9, 8, 10), (1, 2, 4, 3, 6, 7, 5, 9, 10, 8), (1, 5, 2, 6, 3, 8, 4, 10, 7, 9), (3, 1, 2, 5, 4, 10, 6, 7, 9, 8), (3, 1, 2, 5, 4, 6, 7, 8, 10, 9), (2, 1, 4, 5, 3, 7, 6, 9, 10, 8), (5, 1, 4, 3, 6, 2, 8, 9, 7, 10)}
M(B) = 
[[1, 2, 3, 4, 5, 6, 7, 8, 9, 10]]
Distance: 42
M(A) inter A:
set()
M(B) inter B:
set()

AUB = 
{(1, 2, 3, 10, 6, 4, 5, 8, 7, 9), (2, 1, 4, 3, 5, 6, 9, 7, 10, 8), (2, 1, 3, 5, 4, 6, 10, 7, 8, 9), (3, 1, 2, 4, 5, 6, 7, 9, 8, 10), (1, 2, 4, 3, 6, 7, 5, 9, 10, 8), (2, 3, 6, 1, 7, 5, 4, 8, 9, 10), (1, 2, 3, 4, 5, 6, 7, 8, 9, 10), (1, 5, 2, 6, 3, 8, 4, 10, 7, 9), (3, 1, 2, 5, 4, 10, 6, 7, 9, 8), (3, 1, 2, 5, 4, 6, 7, 8, 10, 9), (2, 1, 4, 5, 3, 7, 6, 9, 10, 8), (1, 7, 4, 2, 8, 5, 6, 3, 10, 9), (1, 3, 4, 2, 5, 7, 9, 8, 10, 6), (5, 1, 4, 3, 6, 2, 8, 9, 7, 10)}
M(AUB) = 
[[1, 2, 3, 4, 5, 6, 7, 8, 9, 10]]
Distance:92

(17)
A = 
{(1, 3, 5, 2, 6, 7, 8, 4, 10, 9), (1, 5, 3, 4, 6, 10, 2, 7, 9, 8), (2, 1, 3, 4, 8, 5, 10, 7, 6, 9), (2, 3, 1, 5, 7, 4, 6, 8, 9, 10), (2, 1, 4, 3, 5, 6, 8, 7, 10, 9), (1, 10, 7, 2, 5, 3, 4, 6, 8, 9), (3, 5, 6, 2, 8, 4, 1, 7, 9, 10)}
M(A) = 
[[1, 2, 3, 5, 4, 6, 7, 8, 9, 10], [1, 2, 3, 5, 4, 6, 7, 8, 10, 9], [2, 1, 3, 5, 4, 6, 7, 8, 9, 10], [2, 1, 3, 5, 4, 6, 7, 8, 10, 9]]
Distance: 56
B = 
{(2, 1, 3, 5, 6, 4, 8, 9, 7, 10), (1, 2, 3, 5, 4, 6, 7, 8, 9, 10), (5, 4, 7, 9, 1, 3, 6, 8, 2, 10), (9, 2, 5, 3, 6, 1, 4, 10, 8, 7), (1, 3, 2, 4, 5, 6, 7, 8, 10, 9), (5, 4, 2, 1, 7, 3, 9, 10, 6, 8), (3, 1, 7, 4, 5, 8, 2, 10, 6, 9)}
M(B) = 
[[1, 2, 3, 5, 4, 6, 7, 8, 9, 10], [1, 2, 3, 5, 4, 6, 7, 8, 10, 9], [2, 1, 3, 5, 4, 6, 7, 8, 9, 10], [2, 1, 3, 5, 4, 6, 7, 8, 10, 9]]
Distance: 68
M(A) inter A:
set()
M(B) inter B:
{(1, 2, 3, 5, 4, 6, 7, 8, 9, 10)}

AUB = 
{(2, 1, 3, 5, 6, 4, 8, 9, 7, 10), (1, 3, 5, 2, 6, 7, 8, 4, 10, 9), (1, 2, 3, 5, 4, 6, 7, 8, 9, 10), (5, 4, 7, 9, 1, 3, 6, 8, 2, 10), (9, 2, 5, 3, 6, 1, 4, 10, 8, 7), (1, 5, 3, 4, 6, 10, 2, 7, 9, 8), (2, 1, 3, 4, 8, 5, 10, 7, 6, 9), (2, 3, 1, 5, 7, 4, 6, 8, 9, 10), (1, 3, 2, 4, 5, 6, 7, 8, 10, 9), (5, 4, 2, 1, 7, 3, 9, 10, 6, 8), (2, 1, 4, 3, 5, 6, 8, 7, 10, 9), (1, 10, 7, 2, 5, 3, 4, 6, 8, 9), (3, 1, 7, 4, 5, 8, 2, 10, 6, 9), (3, 5, 6, 2, 8, 4, 1, 7, 9, 10)}
M(AUB) = 
[[1, 2, 3, 5, 4, 6, 7, 8, 9, 10], [1, 2, 3, 5, 4, 6, 7, 8, 10, 9], [2, 1, 3, 5, 4, 6, 7, 8, 9, 10], [2, 1, 3, 5, 4, 6, 7, 8, 10, 9]]
Distance:128

(18)
A = 
{(1, 6, 4, 2, 5, 10, 3, 8, 7, 9), (2, 1, 5, 7, 6, 8, 3, 10, 4, 9), (1, 2, 3, 4, 7, 5, 6, 8, 10, 9), (2, 3, 6, 5, 1, 7, 4, 10, 8, 9), (1, 3, 2, 4, 6, 5, 7, 9, 8, 10), (2, 1, 3, 4, 5, 7, 6, 8, 9, 10), (2, 6, 1, 3, 4, 7, 5, 9, 10, 8)}
M(A) = 
[[1, 2, 3, 4, 5, 6, 7, 8, 10, 9], [1, 2, 3, 4, 5, 7, 6, 8, 10, 9], [1, 2, 3, 4, 6, 5, 7, 8, 10, 9]]
Distance: 46
B = 
{(1, 2, 5, 3, 7, 6, 4, 10, 8, 9), (3, 1, 2, 4, 5, 6, 8, 7, 10, 9), (1, 4, 2, 3, 5, 6, 7, 8, 9, 10), (3, 1, 2, 4, 5, 8, 10, 7, 6, 9), (2, 1, 7, 3, 6, 4, 5, 10, 9, 8), (2, 4, 7, 1, 6, 3, 8, 10, 5, 9), (1, 2, 3, 4, 6, 7, 5, 8, 9, 10)}
M(B) = 
[[1, 2, 3, 4, 5, 6, 7, 8, 10, 9], [1, 2, 3, 4, 5, 7, 6, 8, 10, 9], [1, 2, 3, 4, 6, 5, 7, 8, 10, 9]]
Distance: 41
M(A) inter A:
set()
M(B) inter B:
set()

AUB = 
{(1, 2, 5, 3, 7, 6, 4, 10, 8, 9), (1, 6, 4, 2, 5, 10, 3, 8, 7, 9), (2, 1, 5, 7, 6, 8, 3, 10, 4, 9), (3, 1, 2, 4, 5, 6, 8, 7, 10, 9), (1, 4, 2, 3, 5, 6, 7, 8, 9, 10), (1, 2, 3, 4, 7, 5, 6, 8, 10, 9), (2, 3, 6, 5, 1, 7, 4, 10, 8, 9), (3, 1, 2, 4, 5, 8, 10, 7, 6, 9), (1, 3, 2, 4, 6, 5, 7, 9, 8, 10), (2, 1, 7, 3, 6, 4, 5, 10, 9, 8), (2, 4, 7, 1, 6, 3, 8, 10, 5, 9), (2, 1, 3, 4, 5, 7, 6, 8, 9, 10), (2, 6, 1, 3, 4, 7, 5, 9, 10, 8), (1, 2, 3, 4, 6, 7, 5, 8, 9, 10)}
M(AUB) = 
[[1, 2, 3, 4, 5, 6, 7, 8, 10, 9], [1, 2, 3, 4, 5, 7, 6, 8, 10, 9], [1, 2, 3, 4, 6, 5, 7, 8, 10, 9]]
Distance:91

(19)
A = 
{(1, 4, 2, 5, 3, 6, 7, 9, 8, 10), (3, 5, 1, 2, 6, 4, 7, 10, 9, 8), (2, 5, 1, 4, 9, 3, 6, 8, 10, 7), (2, 1, 3, 7, 5, 4, 6, 8, 9, 10), (1, 3, 6, 2, 4, 10, 7, 5, 8, 9), (3, 1, 2, 4, 6, 5, 7, 8, 9, 10), (2, 3, 4, 10, 1, 7, 6, 5, 8, 9)}
M(A) = 
[[1, 2, 3, 4, 5, 6, 7, 8, 9, 10], [1, 2, 3, 4, 5, 6, 7, 8, 10, 9]]
Distance: 53
B = 
{(2, 1, 4, 3, 5, 7, 6, 10, 8, 9), (2, 5, 1, 3, 8, 6, 4, 9, 7, 10), (3, 1, 2, 4, 10, 6, 5, 7, 9, 8), (1, 2, 6, 3, 4, 9, 8, 5, 7, 10), (4, 1, 2, 6, 8, 3, 5, 10, 9, 7), (1, 3, 2, 4, 5, 6, 7, 9, 8, 10), (2, 1, 3, 7, 5, 4, 8, 6, 10, 9)}
M(B) = 
[[1, 2, 3, 4, 5, 6, 7, 8, 9, 10], [1, 2, 3, 4, 5, 6, 7, 8, 10, 9]]
Distance: 50
M(A) inter A:
set()
M(B) inter B:
set()

AUB = 
{(2, 1, 4, 3, 5, 7, 6, 10, 8, 9), (2, 5, 1, 3, 8, 6, 4, 9, 7, 10), (1, 4, 2, 5, 3, 6, 7, 9, 8, 10), (3, 1, 2, 4, 10, 6, 5, 7, 9, 8), (3, 5, 1, 2, 6, 4, 7, 10, 9, 8), (1, 2, 6, 3, 4, 9, 8, 5, 7, 10), (2, 5, 1, 4, 9, 3, 6, 8, 10, 7), (4, 1, 2, 6, 8, 3, 5, 10, 9, 7), (2, 1, 3, 7, 5, 4, 6, 8, 9, 10), (1, 3, 2, 4, 5, 6, 7, 9, 8, 10), (1, 3, 6, 2, 4, 10, 7, 5, 8, 9), (2, 1, 3, 7, 5, 4, 8, 6, 10, 9), (3, 1, 2, 4, 6, 5, 7, 8, 9, 10), (2, 3, 4, 10, 1, 7, 6, 5, 8, 9)}
M(AUB) = 
[[1, 2, 3, 4, 5, 6, 7, 8, 9, 10], [1, 2, 3, 4, 5, 6, 7, 8, 10, 9]]
Distance:104

(20)
A = 
{(2, 1, 3, 5, 6, 4, 8, 9, 7, 10), (3, 2, 1, 7, 5, 4, 10, 6, 9, 8), (3, 2, 1, 4, 6, 5, 7, 9, 8, 10), (3, 2, 10, 1, 7, 5, 4, 6, 9, 8), (2, 3, 1, 7, 6, 5, 10, 9, 4, 8), (2, 1, 4, 3, 5, 7, 6, 9, 8, 10), (1, 2, 3, 4, 6, 5, 7, 8, 9, 10)}
M(A) = 
[[2, 1, 3, 5, 4, 6, 7, 8, 9, 10], [2, 1, 3, 5, 4, 6, 7, 8, 10, 9]]
Distance: 43
B = 
{(2, 6, 1, 3, 4, 7, 5, 8, 9, 10), (1, 3, 4, 5, 6, 2, 9, 7, 10, 8), (2, 1, 6, 3, 4, 5, 7, 8, 10, 9), (5, 1, 7, 2, 4, 8, 3, 6, 10, 9), (1, 8, 5, 3, 2, 6, 4, 7, 9, 10), (3, 2, 1, 6, 5, 8, 7, 4, 10, 9), (2, 1, 3, 8, 5, 7, 4, 10, 9, 6)}
M(B) = 
[[2, 1, 3, 5, 4, 6, 7, 8, 9, 10], [2, 1, 3, 5, 4, 6, 7, 8, 10, 9]]
Distance: 58
M(A) inter A:
set()
M(B) inter B:
set()

AUB = 
{(2, 1, 3, 5, 6, 4, 8, 9, 7, 10), (2, 6, 1, 3, 4, 7, 5, 8, 9, 10), (3, 2, 1, 7, 5, 4, 10, 6, 9, 8), (1, 3, 4, 5, 6, 2, 9, 7, 10, 8), (2, 1, 6, 3, 4, 5, 7, 8, 10, 9), (3, 2, 1, 4, 6, 5, 7, 9, 8, 10), (3, 2, 10, 1, 7, 5, 4, 6, 9, 8), (5, 1, 7, 2, 4, 8, 3, 6, 10, 9), (1, 8, 5, 3, 2, 6, 4, 7, 9, 10), (3, 2, 1, 6, 5, 8, 7, 4, 10, 9), (2, 3, 1, 7, 6, 5, 10, 9, 4, 8), (2, 1, 3, 8, 5, 7, 4, 10, 9, 6), (2, 1, 4, 3, 5, 7, 6, 9, 8, 10), (1, 2, 3, 4, 6, 5, 7, 8, 9, 10)}
M(AUB) = 
[[2, 1, 3, 5, 4, 6, 7, 8, 9, 10], [2, 1, 3, 5, 4, 6, 7, 8, 10, 9]]
Distance:108

(21)
A = 
{(1, 2, 3, 5, 4, 8, 9, 6, 10, 7), (2, 4, 1, 3, 5, 6, 8, 7, 10, 9), (1, 4, 3, 8, 7, 5, 2, 6, 10, 9), (4, 2, 3, 1, 7, 10, 9, 5, 6, 8), (2, 1, 3, 4, 5, 6, 7, 8, 9, 10), (1, 2, 6, 3, 4, 7, 8, 10, 9, 5), (3, 4, 1, 2, 8, 9, 10, 6, 5, 7)}
M(A) = 
[[1, 2, 3, 4, 5, 6, 7, 8, 10, 9], [1, 2, 3, 4, 5, 7, 8, 6, 10, 9], [1, 2, 3, 4, 5, 7, 6, 8, 10, 9], [1, 2, 3, 4, 7, 5, 8, 6, 10, 9], [1, 2, 3, 4, 7, 5, 6, 8, 10, 9], [1, 3, 2, 4, 5, 6, 7, 8, 10, 9], [1, 3, 2, 4, 5, 7, 8, 6, 10, 9], [1, 3, 2, 4, 5, 7, 6, 8, 10, 9], [1, 3, 2, 4, 7, 5, 8, 6, 10, 9], [1, 3, 2, 4, 7, 5, 6, 8, 10, 9]]
Distance: 58
B = 
{(2, 1, 3, 5, 9, 8, 4, 7, 6, 10), (1, 3, 7, 2, 4, 6, 10, 8, 5, 9), (5, 1, 3, 7, 2, 9, 8, 4, 10, 6), (2, 1, 4, 3, 8, 5, 6, 10, 7, 9), (3, 1, 2, 4, 10, 6, 7, 8, 5, 9), (3, 1, 9, 2, 7, 4, 5, 8, 6, 10), (3, 1, 2, 4, 7, 5, 10, 6, 9, 8)}
M(B) = 
[[1, 2, 3, 4, 5, 6, 7, 8, 10, 9], [1, 2, 3, 4, 5, 7, 8, 6, 10, 9], [1, 2, 3, 4, 5, 7, 6, 8, 10, 9], [1, 2, 3, 4, 7, 5, 8, 6, 10, 9], [1, 2, 3, 4, 7, 5, 6, 8, 10, 9], [1, 3, 2, 4, 5, 6, 7, 8, 10, 9], [1, 3, 2, 4, 5, 7, 8, 6, 10, 9], [1, 3, 2, 4, 5, 7, 6, 8, 10, 9], [1, 3, 2, 4, 7, 5, 8, 6, 10, 9], [1, 3, 2, 4, 7, 5, 6, 8, 10, 9]]
Distance: 62
M(A) inter A:
set()
M(B) inter B:
set()

AUB = 
{(2, 1, 3, 5, 9, 8, 4, 7, 6, 10), (1, 3, 7, 2, 4, 6, 10, 8, 5, 9), (1, 2, 3, 5, 4, 8, 9, 6, 10, 7), (2, 4, 1, 3, 5, 6, 8, 7, 10, 9), (5, 1, 3, 7, 2, 9, 8, 4, 10, 6), (1, 4, 3, 8, 7, 5, 2, 6, 10, 9), (2, 1, 4, 3, 8, 5, 6, 10, 7, 9), (4, 2, 3, 1, 7, 10, 9, 5, 6, 8), (3, 1, 2, 4, 10, 6, 7, 8, 5, 9), (3, 1, 9, 2, 7, 4, 5, 8, 6, 10), (2, 1, 3, 4, 5, 6, 7, 8, 9, 10), (1, 2, 6, 3, 4, 7, 8, 10, 9, 5), (3, 4, 1, 2, 8, 9, 10, 6, 5, 7), (3, 1, 2, 4, 7, 5, 10, 6, 9, 8)}
M(AUB) = 
[[1, 2, 3, 4, 5, 6, 7, 8, 10, 9], [1, 2, 3, 4, 5, 7, 8, 6, 10, 9], [1, 2, 3, 4, 5, 7, 6, 8, 10, 9], [1, 2, 3, 4, 7, 5, 8, 6, 10, 9], [1, 2, 3, 4, 7, 5, 6, 8, 10, 9], [1, 3, 2, 4, 5, 6, 7, 8, 10, 9], [1, 3, 2, 4, 5, 7, 8, 6, 10, 9], [1, 3, 2, 4, 5, 7, 6, 8, 10, 9], [1, 3, 2, 4, 7, 5, 8, 6, 10, 9], [1, 3, 2, 4, 7, 5, 6, 8, 10, 9]]
Distance:129

(22)
A = 
{(2, 3, 1, 4, 6, 5, 7, 8, 10, 9), (2, 1, 3, 5, 6, 4, 8, 7, 10, 9), (5, 2, 6, 3, 1, 8, 4, 7, 9, 10), (2, 1, 5, 3, 4, 7, 9, 10, 6, 8), (2, 5, 3, 6, 1, 9, 8, 4, 10, 7), (1, 6, 4, 2, 7, 9, 3, 8, 5, 10), (3, 1, 2, 5, 4, 6, 8, 7, 10, 9)}
M(A) = 
[[2, 3, 1, 5, 4, 6, 8, 7, 10, 9]]
Distance: 49
B = 
{(2, 1, 3, 4, 6, 8, 5, 10, 9, 7), (3, 1, 5, 2, 6, 4, 7, 10, 8, 9), (3, 1, 5, 2, 9, 4, 7, 6, 10, 8), (6, 3, 5, 8, 1, 4, 2, 10, 7, 9), (4, 8, 3, 5, 1, 7, 10, 6, 2, 9), (3, 2, 8, 4, 6, 1, 5, 10, 7, 9), (7, 4, 2, 1, 3, 9, 8, 10, 6, 5)}
M(B) = 
[[2, 3, 1, 5, 4, 6, 8, 7, 10, 9]]
Distance: 79
M(A) inter A:
set()
M(B) inter B:
set()

AUB = 
{(2, 3, 1, 4, 6, 5, 7, 8, 10, 9), (2, 1, 3, 5, 6, 4, 8, 7, 10, 9), (2, 1, 3, 4, 6, 8, 5, 10, 9, 7), (3, 1, 5, 2, 6, 4, 7, 10, 8, 9), (3, 1, 5, 2, 9, 4, 7, 6, 10, 8), (5, 2, 6, 3, 1, 8, 4, 7, 9, 10), (2, 1, 5, 3, 4, 7, 9, 10, 6, 8), (2, 5, 3, 6, 1, 9, 8, 4, 10, 7), (1, 6, 4, 2, 7, 9, 3, 8, 5, 10), (6, 3, 5, 8, 1, 4, 2, 10, 7, 9), (3, 1, 2, 5, 4, 6, 8, 7, 10, 9), (4, 8, 3, 5, 1, 7, 10, 6, 2, 9), (3, 2, 8, 4, 6, 1, 5, 10, 7, 9), (7, 4, 2, 1, 3, 9, 8, 10, 6, 5)}
M(AUB) = 
[[2, 3, 1, 5, 4, 6, 8, 7, 10, 9]]
Distance:137

(23)
A = 
{(4, 6, 2, 1, 3, 9, 8, 7, 5, 10), (2, 1, 5, 3, 6, 8, 4, 7, 10, 9), (3, 1, 2, 9, 5, 8, 4, 6, 10, 7), (2, 4, 5, 3, 1, 6, 9, 7, 8, 10), (2, 5, 3, 1, 6, 4, 9, 7, 10, 8), (2, 1, 3, 4, 5, 6, 7, 8, 9, 10), (4, 2, 1, 3, 5, 6, 8, 7, 10, 9)}
M(A) = 
[[2, 1, 3, 4, 5, 6, 9, 8, 7, 10], [2, 1, 3, 5, 4, 6, 9, 8, 7, 10]]
Distance: 49
B = 
{(2, 5, 1, 3, 9, 8, 6, 4, 10, 7), (3, 1, 8, 5, 4, 10, 2, 6, 7, 9), (3, 1, 5, 2, 4, 7, 6, 9, 10, 8), (3, 2, 4, 5, 7, 10, 1, 8, 9, 6), (2, 1, 3, 6, 4, 5, 9, 10, 8, 7), (1, 6, 3, 2, 4, 5, 9, 10, 7, 8), (2, 1, 6, 5, 4, 3, 8, 7, 10, 9)}
M(B) = 
[[2, 1, 3, 4, 5, 6, 9, 8, 7, 10], [2, 1, 3, 5, 4, 6, 9, 8, 7, 10]]
Distance: 67
M(A) inter A:
set()
M(B) inter B:
set()

AUB = 
{(2, 5, 1, 3, 9, 8, 6, 4, 10, 7), (4, 6, 2, 1, 3, 9, 8, 7, 5, 10), (3, 1, 8, 5, 4, 10, 2, 6, 7, 9), (2, 1, 5, 3, 6, 8, 4, 7, 10, 9), (3, 1, 5, 2, 4, 7, 6, 9, 10, 8), (3, 1, 2, 9, 5, 8, 4, 6, 10, 7), (2, 4, 5, 3, 1, 6, 9, 7, 8, 10), (3, 2, 4, 5, 7, 10, 1, 8, 9, 6), (2, 5, 3, 1, 6, 4, 9, 7, 10, 8), (2, 1, 3, 4, 5, 6, 7, 8, 9, 10), (2, 1, 3, 6, 4, 5, 9, 10, 8, 7), (4, 2, 1, 3, 5, 6, 8, 7, 10, 9), (1, 6, 3, 2, 4, 5, 9, 10, 7, 8), (2, 1, 6, 5, 4, 3, 8, 7, 10, 9)}
M(AUB) = 
[[2, 1, 3, 4, 5, 6, 9, 8, 7, 10], [2, 1, 3, 5, 4, 6, 9, 8, 7, 10]]
Distance:120

(24)
A = 
{(1, 3, 4, 2, 5, 7, 6, 9, 8, 10), (1, 2, 3, 4, 5, 6, 7, 8, 10, 9), (1, 2, 3, 6, 4, 5, 10, 7, 9, 8), (2, 5, 3, 1, 4, 6, 7, 10, 9, 8), (2, 1, 5, 3, 4, 7, 9, 8, 10, 6), (1, 3, 7, 6, 4, 5, 2, 9, 8, 10), (2, 1, 3, 6, 4, 5, 8, 7, 9, 10)}
M(A) = 
[[1, 2, 3, 4, 5, 6, 7, 9, 8, 10], [2, 1, 3, 4, 5, 6, 7, 9, 8, 10]]
Distance: 39
B = 
{(2, 1, 3, 9, 4, 5, 7, 10, 6, 8), (2, 1, 3, 5, 4, 6, 7, 8, 10, 9), (2, 1, 4, 3, 5, 9, 8, 7, 10, 6), (1, 3, 2, 4, 5, 6, 7, 9, 10, 8), (2, 4, 3, 7, 1, 6, 5, 9, 8, 10), (1, 4, 2, 3, 6, 8, 5, 9, 10, 7), (1, 5, 8, 3, 6, 2, 4, 10, 7, 9)}
M(B) = 
[[1, 2, 3, 4, 5, 6, 7, 9, 8, 10], [2, 1, 3, 4, 5, 6, 7, 9, 8, 10]]
Distance: 51
M(A) inter A:
set()
M(B) inter B:
set()

AUB = 
{(2, 1, 3, 9, 4, 5, 7, 10, 6, 8), (2, 1, 3, 5, 4, 6, 7, 8, 10, 9), (2, 1, 4, 3, 5, 9, 8, 7, 10, 6), (1, 3, 4, 2, 5, 7, 6, 9, 8, 10), (1, 3, 2, 4, 5, 6, 7, 9, 10, 8), (1, 2, 3, 4, 5, 6, 7, 8, 10, 9), (2, 4, 3, 7, 1, 6, 5, 9, 8, 10), (1, 2, 3, 6, 4, 5, 10, 7, 9, 8), (2, 5, 3, 1, 4, 6, 7, 10, 9, 8), (1, 4, 2, 3, 6, 8, 5, 9, 10, 7), (2, 1, 5, 3, 4, 7, 9, 8, 10, 6), (1, 3, 7, 6, 4, 5, 2, 9, 8, 10), (2, 1, 3, 6, 4, 5, 8, 7, 9, 10), (1, 5, 8, 3, 6, 2, 4, 10, 7, 9)}
M(AUB) = 
[[1, 2, 3, 4, 5, 6, 7, 9, 8, 10], [2, 1, 3, 4, 5, 6, 7, 9, 8, 10]]
Distance:91

(25)
A = 
{(3, 2, 1, 5, 4, 7, 6, 8, 10, 9), (4, 5, 3, 6, 2, 9, 7, 1, 8, 10), (1, 3, 5, 2, 4, 10, 7, 6, 8, 9), (1, 2, 3, 6, 4, 7, 8, 5, 10, 9), (1, 3, 4, 8, 5, 2, 6, 9, 7, 10), (1, 2, 3, 4, 5, 6, 7, 8, 9, 10), (2, 4, 5, 1, 8, 7, 3, 6, 9, 10)}
M(A) = 
[[1, 2, 3, 4, 5, 6, 7, 8, 9, 10], [1, 3, 2, 4, 5, 6, 7, 8, 9, 10], [2, 1, 3, 4, 5, 6, 7, 8, 9, 10]]
Distance: 51
B = 
{(3, 1, 5, 2, 4, 7, 9, 6, 8, 10), (2, 1, 5, 3, 4, 10, 8, 6, 9, 7), (4, 2, 3, 6, 5, 8, 1, 7, 10, 9), (2, 1, 3, 5, 6, 4, 8, 7, 9, 10), (6, 3, 1, 4, 5, 2, 9, 7, 8, 10), (1, 2, 7, 4, 3, 5, 9, 8, 6, 10), (3, 2, 4, 1, 8, 6, 7, 5, 10, 9)}
M(B) = 
[[1, 2, 3, 4, 5, 6, 7, 8, 9, 10], [1, 3, 2, 4, 5, 6, 7, 8, 9, 10], [2, 1, 3, 4, 5, 6, 7, 8, 9, 10]]
Distance: 58
M(A) inter A:
set()
M(B) inter B:
set()

AUB = 
{(3, 1, 5, 2, 4, 7, 9, 6, 8, 10), (2, 1, 5, 3, 4, 10, 8, 6, 9, 7), (4, 2, 3, 6, 5, 8, 1, 7, 10, 9), (3, 2, 1, 5, 4, 7, 6, 8, 10, 9), (2, 1, 3, 5, 6, 4, 8, 7, 9, 10), (4, 5, 3, 6, 2, 9, 7, 1, 8, 10), (1, 3, 5, 2, 4, 10, 7, 6, 8, 9), (1, 2, 3, 6, 4, 7, 8, 5, 10, 9), (1, 3, 4, 8, 5, 2, 6, 9, 7, 10), (6, 3, 1, 4, 5, 2, 9, 7, 8, 10), (1, 2, 3, 4, 5, 6, 7, 8, 9, 10), (2, 4, 5, 1, 8, 7, 3, 6, 9, 10), (1, 2, 7, 4, 3, 5, 9, 8, 6, 10), (3, 2, 4, 1, 8, 6, 7, 5, 10, 9)}
M(AUB) = 
[[1, 2, 3, 4, 5, 6, 7, 8, 9, 10], [1, 3, 2, 4, 5, 6, 7, 8, 9, 10], [2, 1, 3, 4, 5, 6, 7, 8, 9, 10]]
Distance:113

(26)
A = 
{(2, 3, 1, 4, 5, 6, 9, 7, 8, 10), (5, 3, 4, 1, 2, 8, 7, 6, 10, 9), (1, 3, 2, 5, 9, 4, 6, 10, 7, 8), (1, 2, 4, 6, 5, 3, 7, 10, 8, 9), (1, 3, 2, 5, 7, 4, 8, 10, 6, 9), (1, 2, 3, 4, 5, 6, 7, 8, 9, 10), (3, 2, 1, 7, 8, 10, 4, 6, 5, 9)}
M(A) = 
[[1, 2, 3, 5, 4, 6, 7, 8, 10, 9]]
Distance: 49
B = 
{(1, 3, 2, 5, 6, 4, 7, 8, 10, 9), (1, 2, 3, 5, 4, 7, 6, 8, 9, 10), (3, 2, 6, 1, 5, 4, 8, 7, 10, 9), (1, 2, 3, 4, 6, 5, 7, 9, 8, 10), (2, 1, 4, 6, 3, 7, 5, 9, 8, 10), (1, 2, 3, 4, 5, 6, 7, 8, 9, 10), (2, 1, 5, 4, 3, 8, 10, 9, 7, 6)}
M(B) = 
[[1, 2, 3, 5, 4, 6, 7, 8, 10, 9]]
Distance: 34
M(A) inter A:
set()
M(B) inter B:
set()

AUB = 
{(2, 3, 1, 4, 5, 6, 9, 7, 8, 10), (1, 3, 2, 5, 6, 4, 7, 8, 10, 9), (1, 2, 3, 5, 4, 7, 6, 8, 9, 10), (3, 2, 6, 1, 5, 4, 8, 7, 10, 9), (1, 2, 3, 4, 6, 5, 7, 9, 8, 10), (5, 3, 4, 1, 2, 8, 7, 6, 10, 9), (1, 3, 2, 5, 9, 4, 6, 10, 7, 8), (1, 2, 4, 6, 5, 3, 7, 10, 8, 9), (1, 3, 2, 5, 7, 4, 8, 10, 6, 9), (1, 2, 3, 4, 5, 6, 7, 8, 9, 10), (3, 2, 1, 7, 8, 10, 4, 6, 5, 9), (2, 1, 4, 6, 3, 7, 5, 9, 8, 10), (2, 1, 5, 4, 3, 8, 10, 9, 7, 6)}
M(AUB) = 
[[1, 2, 3, 5, 4, 6, 7, 8, 10, 9]]
Distance:84

(27)
A = 
{(5, 2, 1, 4, 3, 9, 6, 10, 7, 8), (1, 4, 3, 2, 5, 6, 7, 9, 8, 10), (2, 1, 4, 3, 6, 7, 5, 8, 10, 9), (6, 3, 1, 2, 4, 8, 5, 7, 10, 9), (1, 2, 3, 4, 5, 6, 7, 8, 9, 10), (1, 3, 2, 7, 5, 4, 10, 6, 9, 8), (2, 1, 5, 4, 3, 6, 7, 8, 10, 9)}
M(A) = 
[[1, 3, 2, 4, 5, 6, 7, 8, 9, 10], [1, 3, 2, 4, 5, 6, 7, 8, 10, 9]]
Distance: 42
B = 
{(6, 1, 7, 3, 2, 4, 10, 5, 9, 8), (1, 4, 6, 3, 2, 8, 5, 9, 10, 7), (2, 3, 1, 5, 7, 4, 6, 8, 9, 10), (3, 2, 4, 5, 1, 8, 6, 9, 10, 7), (6, 3, 8, 2, 1, 5, 4, 9, 10, 7), (1, 3, 5, 2, 4, 10, 9, 6, 7, 8), (4, 2, 1, 6, 5, 3, 8, 10, 7, 9)}
M(B) = 
[[1, 3, 2, 4, 5, 6, 7, 8, 9, 10], [1, 3, 2, 4, 5, 6, 7, 8, 10, 9]]
Distance: 65
M(A) inter A:
set()
M(B) inter B:
set()

AUB = 
{(5, 2, 1, 4, 3, 9, 6, 10, 7, 8), (6, 1, 7, 3, 2, 4, 10, 5, 9, 8), (1, 4, 3, 2, 5, 6, 7, 9, 8, 10), (1, 4, 6, 3, 2, 8, 5, 9, 10, 7), (2, 1, 4, 3, 6, 7, 5, 8, 10, 9), (6, 3, 1, 2, 4, 8, 5, 7, 10, 9), (2, 3, 1, 5, 7, 4, 6, 8, 9, 10), (3, 2, 4, 5, 1, 8, 6, 9, 10, 7), (6, 3, 8, 2, 1, 5, 4, 9, 10, 7), (1, 2, 3, 4, 5, 6, 7, 8, 9, 10), (1, 3, 5, 2, 4, 10, 9, 6, 7, 8), (1, 3, 2, 7, 5, 4, 10, 6, 9, 8), (4, 2, 1, 6, 5, 3, 8, 10, 7, 9), (2, 1, 5, 4, 3, 6, 7, 8, 10, 9)}
M(AUB) = 
[[1, 3, 2, 4, 5, 6, 7, 8, 9, 10], [1, 3, 2, 4, 5, 6, 7, 8, 10, 9]]
Distance:116

(28)
A = 
{(1, 5, 2, 3, 4, 7, 10, 8, 9, 6), (1, 3, 6, 2, 4, 5, 7, 10, 9, 8), (5, 2, 4, 7, 3, 9, 6, 1, 8, 10), (2, 3, 1, 4, 6, 8, 7, 5, 9, 10), (1, 6, 2, 5, 3, 4, 7, 8, 10, 9), (1, 5, 2, 3, 6, 7, 9, 4, 8, 10), (3, 1, 4, 5, 2, 6, 7, 10, 8, 9)}
M(A) = 
[[1, 2, 3, 4, 5, 6, 7, 8, 9, 10], [1, 2, 3, 4, 5, 6, 7, 8, 10, 9]]
Distance: 53
B = 
{(1, 3, 2, 7, 5, 4, 6, 9, 8, 10), (2, 1, 4, 5, 3, 7, 6, 8, 10, 9), (1, 4, 2, 3, 5, 7, 6, 8, 9, 10), (5, 4, 1, 7, 3, 10, 2, 6, 8, 9), (1, 6, 2, 4, 3, 8, 5, 7, 10, 9), (2, 3, 1, 4, 5, 6, 7, 8, 9, 10), (2, 4, 1, 5, 6, 7, 3, 8, 9, 10)}
M(B) = 
[[1, 2, 3, 4, 5, 6, 7, 8, 9, 10], [1, 2, 3, 4, 5, 6, 7, 8, 10, 9]]
Distance: 41
M(A) inter A:
set()
M(B) inter B:
set()

AUB = 
{(1, 5, 2, 3, 4, 7, 10, 8, 9, 6), (1, 3, 6, 2, 4, 5, 7, 10, 9, 8), (1, 3, 2, 7, 5, 4, 6, 9, 8, 10), (5, 2, 4, 7, 3, 9, 6, 1, 8, 10), (2, 1, 4, 5, 3, 7, 6, 8, 10, 9), (1, 4, 2, 3, 5, 7, 6, 8, 9, 10), (2, 3, 1, 4, 6, 8, 7, 5, 9, 10), (1, 6, 2, 5, 3, 4, 7, 8, 10, 9), (5, 4, 1, 7, 3, 10, 2, 6, 8, 9), (1, 6, 2, 4, 3, 8, 5, 7, 10, 9), (2, 3, 1, 4, 5, 6, 7, 8, 9, 10), (1, 5, 2, 3, 6, 7, 9, 4, 8, 10), (3, 1, 4, 5, 2, 6, 7, 10, 8, 9), (2, 4, 1, 5, 6, 7, 3, 8, 9, 10)}
M(AUB) = 
[[1, 2, 3, 4, 5, 6, 7, 8, 9, 10], [1, 2, 3, 4, 5, 6, 7, 8, 10, 9]]
Distance:102

(29)
A = 
{(1, 3, 4, 2, 5, 6, 7, 8, 9, 10), (1, 2, 3, 8, 5, 4, 9, 6, 7, 10), (10, 1, 2, 6, 5, 9, 3, 4, 8, 7), (2, 4, 1, 6, 3, 5, 10, 9, 7, 8), (2, 3, 10, 6, 1, 9, 8, 7, 5, 4), (1, 2, 5, 3, 4, 6, 9, 10, 7, 8), (3, 1, 2, 5, 6, 4, 7, 8, 10, 9)}
M(A) = 
[[1, 2, 3, 5, 4, 6, 9, 7, 8, 10], [1, 2, 3, 5, 4, 6, 7, 8, 9, 10], [1, 2, 3, 5, 4, 6, 7, 8, 10, 9], [1, 2, 3, 5, 4, 6, 7, 9, 8, 10]]
Distance: 61
B = 
{(2, 1, 6, 3, 5, 8, 4, 7, 10, 9), (1, 2, 4, 3, 5, 7, 10, 6, 8, 9), (3, 1, 4, 6, 5, 7, 2, 8, 10, 9), (1, 3, 6, 2, 7, 9, 4, 10, 5, 8), (3, 2, 1, 5, 4, 6, 9, 7, 8, 10), (1, 2, 4, 3, 8, 5, 6, 9, 10, 7), (3, 5, 1, 6, 2, 4, 7, 9, 8, 10)}
M(B) = 
[[1, 2, 3, 5, 4, 6, 9, 7, 8, 10], [1, 2, 3, 5, 4, 6, 7, 8, 9, 10], [1, 2, 3, 5, 4, 6, 7, 8, 10, 9], [1, 2, 3, 5, 4, 6, 7, 9, 8, 10]]
Distance: 51
M(A) inter A:
set()
M(B) inter B:
set()

AUB = 
{(1, 3, 4, 2, 5, 6, 7, 8, 9, 10), (2, 1, 6, 3, 5, 8, 4, 7, 10, 9), (1, 2, 4, 3, 5, 7, 10, 6, 8, 9), (1, 2, 3, 8, 5, 4, 9, 6, 7, 10), (10, 1, 2, 6, 5, 9, 3, 4, 8, 7), (2, 4, 1, 6, 3, 5, 10, 9, 7, 8), (3, 1, 4, 6, 5, 7, 2, 8, 10, 9), (1, 3, 6, 2, 7, 9, 4, 10, 5, 8), (2, 3, 10, 6, 1, 9, 8, 7, 5, 4), (3, 2, 1, 5, 4, 6, 9, 7, 8, 10), (1, 2, 5, 3, 4, 6, 9, 10, 7, 8), (3, 1, 2, 5, 6, 4, 7, 8, 10, 9), (1, 2, 4, 3, 8, 5, 6, 9, 10, 7), (3, 5, 1, 6, 2, 4, 7, 9, 8, 10)}
M(AUB) = 
[[1, 2, 3, 5, 4, 6, 9, 7, 8, 10], [1, 2, 3, 5, 4, 6, 7, 8, 9, 10], [1, 2, 3, 5, 4, 6, 7, 8, 10, 9], [1, 2, 3, 5, 4, 6, 7, 9, 8, 10]]
Distance:121

(30)
A = 
{(5, 1, 3, 2, 6, 4, 8, 9, 7, 10), (1, 2, 6, 10, 4, 3, 5, 8, 9, 7), (4, 1, 2, 5, 3, 6, 8, 7, 10, 9), (1, 3, 2, 4, 5, 6, 7, 9, 8, 10), (3, 2, 5, 6, 1, 4, 7, 8, 10, 9), (2, 4, 1, 5, 8, 3, 6, 7, 10, 9), (6, 1, 4, 5, 2, 3, 9, 7, 8, 10)}
M(A) = 
[[1, 2, 3, 4, 5, 6, 7, 8, 9, 10], [1, 3, 2, 4, 5, 6, 7, 8, 9, 10]]
Distance: 51
B = 
{(2, 5, 1, 4, 8, 3, 7, 6, 9, 10), (1, 3, 2, 4, 5, 6, 7, 8, 9, 10), (1, 3, 4, 6, 2, 5, 7, 8, 9, 10), (2, 4, 9, 5, 1, 3, 7, 10, 8, 6), (1, 2, 3, 4, 7, 5, 9, 6, 10, 8), (7, 5, 3, 1, 6, 2, 8, 4, 10, 9), (3, 1, 2, 5, 6, 4, 8, 7, 10, 9)}
M(B) = 
[[1, 2, 3, 4, 5, 6, 7, 8, 9, 10], [1, 3, 2, 4, 5, 6, 7, 8, 9, 10]]
Distance: 54
M(A) inter A:
set()
M(B) inter B:
set()

AUB = 
{(5, 1, 3, 2, 6, 4, 8, 9, 7, 10), (1, 2, 6, 10, 4, 3, 5, 8, 9, 7), (2, 5, 1, 4, 8, 3, 7, 6, 9, 10), (1, 3, 2, 4, 5, 6, 7, 8, 9, 10), (1, 3, 4, 6, 2, 5, 7, 8, 9, 10), (4, 1, 2, 5, 3, 6, 8, 7, 10, 9), (2, 4, 9, 5, 1, 3, 7, 10, 8, 6), (1, 3, 2, 4, 5, 6, 7, 9, 8, 10), (3, 2, 5, 6, 1, 4, 7, 8, 10, 9), (1, 2, 3, 4, 7, 5, 9, 6, 10, 8), (7, 5, 3, 1, 6, 2, 8, 4, 10, 9), (2, 4, 1, 5, 8, 3, 6, 7, 10, 9), (3, 1, 2, 5, 6, 4, 8, 7, 10, 9), (6, 1, 4, 5, 2, 3, 9, 7, 8, 10)}
M(AUB) = 
[[1, 2, 3, 4, 5, 6, 7, 8, 9, 10], [1, 3, 2, 4, 5, 6, 7, 8, 9, 10]]
Distance:111

(31)
A = 
{(5, 1, 6, 2, 4, 3, 10, 7, 8, 9), (2, 8, 1, 4, 3, 5, 6, 9, 10, 7), (1, 2, 3, 6, 5, 4, 7, 8, 9, 10), (3, 1, 4, 8, 5, 2, 9, 7, 10, 6), (2, 1, 3, 5, 6, 7, 9, 4, 8, 10), (4, 1, 2, 5, 3, 7, 6, 10, 8, 9), (2, 1, 5, 6, 4, 3, 7, 9, 10, 8)}
M(A) = 
[[1, 2, 4, 3, 5, 6, 7, 8, 9, 10]]
Distance: 55
B = 
{(1, 5, 6, 4, 2, 9, 7, 3, 10, 8), (2, 4, 5, 6, 3, 1, 10, 9, 7, 8), (1, 2, 3, 4, 5, 6, 7, 8, 10, 9), (1, 2, 3, 4, 6, 7, 5, 9, 8, 10), (2, 5, 1, 8, 4, 3, 9, 7, 6, 10), (1, 2, 3, 4, 5, 6, 7, 8, 9, 10), (4, 2, 3, 1, 7, 6, 5, 8, 9, 10)}
M(B) = 
[[1, 2, 4, 3, 5, 6, 7, 8, 9, 10]]
Distance: 49
M(A) inter A:
set()
M(B) inter B:
set()

AUB = 
{(1, 5, 6, 4, 2, 9, 7, 3, 10, 8), (2, 4, 5, 6, 3, 1, 10, 9, 7, 8), (5, 1, 6, 2, 4, 3, 10, 7, 8, 9), (2, 8, 1, 4, 3, 5, 6, 9, 10, 7), (1, 2, 3, 4, 5, 6, 7, 8, 10, 9), (1, 2, 3, 4, 6, 7, 5, 9, 8, 10), (2, 5, 1, 8, 4, 3, 9, 7, 6, 10), (1, 2, 3, 6, 5, 4, 7, 8, 9, 10), (3, 1, 4, 8, 5, 2, 9, 7, 10, 6), (2, 1, 3, 5, 6, 7, 9, 4, 8, 10), (1, 2, 3, 4, 5, 6, 7, 8, 9, 10), (4, 1, 2, 5, 3, 7, 6, 10, 8, 9), (2, 1, 5, 6, 4, 3, 7, 9, 10, 8), (4, 2, 3, 1, 7, 6, 5, 8, 9, 10)}
M(AUB) = 
[[1, 2, 4, 3, 5, 6, 7, 8, 9, 10]]
Distance:105

(32)
A = 
{(3, 4, 1, 7, 2, 8, 6, 9, 5, 10), (1, 3, 5, 7, 2, 8, 6, 4, 9, 10), (1, 2, 3, 4, 5, 6, 7, 8, 9, 10), (9, 3, 2, 6, 4, 1, 5, 7, 10, 8), (2, 1, 4, 9, 3, 8, 5, 7, 10, 6), (4, 3, 2, 1, 7, 5, 10, 9, 6, 8), (5, 1, 2, 9, 3, 6, 7, 4, 10, 8)}
M(A) = 
[[1, 2, 3, 4, 5, 6, 7, 9, 8, 10]]
Distance: 69
B = 
{(1, 5, 2, 3, 4, 9, 6, 7, 10, 8), (1, 2, 4, 3, 6, 5, 7, 9, 10, 8), (1, 5, 2, 3, 4, 7, 8, 6, 9, 10), (1, 2, 3, 4, 5, 6, 7, 8, 9, 10), (1, 3, 5, 2, 4, 9, 6, 10, 7, 8), (1, 2, 4, 3, 5, 6, 7, 8, 9, 10), (1, 2, 3, 4, 6, 5, 7, 8, 9, 10)}
M(B) = 
[[1, 2, 3, 4, 5, 6, 7, 9, 8, 10]]
Distance: 26
M(A) inter A:
{(1, 2, 3, 4, 5, 6, 7, 8, 9, 10)}
M(B) inter B:
{(1, 2, 3, 4, 5, 6, 7, 8, 9, 10)}

AUB = 
{(1, 5, 2, 3, 4, 9, 6, 7, 10, 8), (3, 4, 1, 7, 2, 8, 6, 9, 5, 10), (1, 3, 5, 7, 2, 8, 6, 4, 9, 10), (1, 2, 4, 3, 6, 5, 7, 9, 10, 8), (1, 5, 2, 3, 4, 7, 8, 6, 9, 10), (1, 2, 3, 4, 5, 6, 7, 8, 9, 10), (9, 3, 2, 6, 4, 1, 5, 7, 10, 8), (1, 3, 5, 2, 4, 9, 6, 10, 7, 8), (2, 1, 4, 9, 3, 8, 5, 7, 10, 6), (4, 3, 2, 1, 7, 5, 10, 9, 6, 8), (1, 2, 4, 3, 5, 6, 7, 8, 9, 10), (5, 1, 2, 9, 3, 6, 7, 4, 10, 8), (1, 2, 3, 4, 6, 5, 7, 8, 9, 10)}
M(AUB) = 
[[1, 2, 3, 4, 5, 6, 7, 9, 8, 10]]
Distance:98

(33)
A = 
{(2, 4, 1, 3, 5, 7, 6, 8, 9, 10), (2, 5, 6, 4, 3, 8, 1, 7, 9, 10), (4, 1, 2, 5, 7, 8, 6, 3, 10, 9), (2, 1, 3, 4, 5, 6, 8, 10, 7, 9), (3, 1, 2, 4, 10, 6, 9, 7, 5, 8), (2, 3, 4, 5, 8, 1, 6, 10, 7, 9), (2, 1, 6, 3, 4, 7, 8, 5, 9, 10)}
M(A) = 
[[1, 2, 3, 4, 5, 6, 7, 8, 9, 10], [1, 2, 3, 4, 5, 6, 7, 8, 10, 9]]
Distance: 53
B = 
{(4, 3, 1, 5, 6, 10, 7, 2, 8, 9), (1, 3, 2, 4, 7, 6, 5, 9, 8, 10), (1, 2, 3, 4, 6, 5, 7, 10, 8, 9), (4, 1, 5, 2, 3, 8, 6, 7, 9, 10), (1, 2, 3, 4, 5, 6, 7, 8, 9, 10), (1, 10, 4, 5, 2, 8, 3, 7, 6, 9), (1, 2, 3, 5, 8, 9, 7, 10, 4, 6)}
M(B) = 
[[1, 2, 3, 4, 5, 6, 7, 8, 9, 10], [1, 2, 3, 4, 5, 6, 7, 8, 10, 9]]
Distance: 54
M(A) inter A:
set()
M(B) inter B:
{(1, 2, 3, 4, 5, 6, 7, 8, 9, 10)}

AUB = 
{(2, 4, 1, 3, 5, 7, 6, 8, 9, 10), (2, 5, 6, 4, 3, 8, 1, 7, 9, 10), (4, 3, 1, 5, 6, 10, 7, 2, 8, 9), (4, 1, 2, 5, 7, 8, 6, 3, 10, 9), (2, 1, 3, 4, 5, 6, 8, 10, 7, 9), (3, 1, 2, 4, 10, 6, 9, 7, 5, 8), (2, 3, 4, 5, 8, 1, 6, 10, 7, 9), (1, 3, 2, 4, 7, 6, 5, 9, 8, 10), (1, 2, 3, 4, 6, 5, 7, 10, 8, 9), (4, 1, 5, 2, 3, 8, 6, 7, 9, 10), (2, 1, 6, 3, 4, 7, 8, 5, 9, 10), (1, 2, 3, 4, 5, 6, 7, 8, 9, 10), (1, 10, 4, 5, 2, 8, 3, 7, 6, 9), (1, 2, 3, 5, 8, 9, 7, 10, 4, 6)}
M(AUB) = 
[[1, 2, 3, 4, 5, 6, 7, 8, 9, 10], [1, 2, 3, 4, 5, 6, 7, 8, 10, 9]]
Distance:111

(34)
A = 
{(2, 1, 3, 4, 5, 7, 10, 8, 6, 9), (2, 3, 1, 5, 9, 4, 7, 8, 10, 6), (3, 1, 10, 5, 9, 2, 8, 4, 7, 6), (4, 1, 2, 6, 3, 5, 8, 7, 9, 10), (2, 7, 3, 6, 4, 1, 5, 9, 10, 8), (1, 2, 3, 6, 4, 7, 8, 5, 10, 9), (3, 1, 7, 6, 8, 2, 9, 4, 5, 10)}
M(A) = 
[[1, 2, 3, 4, 7, 5, 8, 6, 9, 10], [1, 2, 3, 4, 7, 5, 6, 8, 9, 10], [1, 2, 3, 4, 7, 6, 5, 8, 9, 10]]
Distance: 71
B = 
{(1, 3, 2, 4, 7, 5, 8, 9, 10, 6), (5, 1, 6, 4, 2, 3, 9, 7, 10, 8), (2, 1, 5, 3, 4, 6, 7, 9, 8, 10), (2, 1, 10, 4, 3, 8, 7, 9, 5, 6), (3, 1, 4, 2, 8, 6, 7, 9, 10, 5), (2, 1, 7, 4, 6, 5, 3, 8, 9, 10), (1, 2, 3, 8, 4, 6, 7, 5, 9, 10)}
M(B) = 
[[1, 2, 3, 4, 7, 5, 8, 6, 9, 10], [1, 2, 3, 4, 7, 5, 6, 8, 9, 10], [1, 2, 3, 4, 7, 6, 5, 8, 9, 10]]
Distance: 60
M(A) inter A:
set()
M(B) inter B:
set()

AUB = 
{(2, 1, 3, 4, 5, 7, 10, 8, 6, 9), (2, 3, 1, 5, 9, 4, 7, 8, 10, 6), (3, 1, 10, 5, 9, 2, 8, 4, 7, 6), (4, 1, 2, 6, 3, 5, 8, 7, 9, 10), (1, 3, 2, 4, 7, 5, 8, 9, 10, 6), (2, 7, 3, 6, 4, 1, 5, 9, 10, 8), (1, 2, 3, 6, 4, 7, 8, 5, 10, 9), (5, 1, 6, 4, 2, 3, 9, 7, 10, 8), (2, 1, 5, 3, 4, 6, 7, 9, 8, 10), (2, 1, 10, 4, 3, 8, 7, 9, 5, 6), (3, 1, 4, 2, 8, 6, 7, 9, 10, 5), (2, 1, 7, 4, 6, 5, 3, 8, 9, 10), (3, 1, 7, 6, 8, 2, 9, 4, 5, 10), (1, 2, 3, 8, 4, 6, 7, 5, 9, 10)}
M(AUB) = 
[[1, 2, 3, 4, 7, 5, 8, 6, 9, 10], [1, 2, 3, 4, 7, 5, 6, 8, 9, 10], [1, 2, 3, 4, 7, 6, 5, 8, 9, 10]]
Distance:133

(35)
A = 
{(3, 2, 1, 8, 4, 10, 5, 6, 9, 7), (4, 2, 1, 6, 7, 3, 5, 10, 9, 8), (1, 3, 4, 2, 5, 6, 7, 9, 8, 10), (6, 1, 3, 7, 2, 4, 5, 8, 10, 9), (2, 3, 1, 4, 6, 7, 5, 9, 8, 10), (2, 1, 3, 4, 5, 6, 7, 8, 9, 10), (2, 3, 8, 5, 7, 10, 1, 4, 6, 9)}
M(A) = 
[[2, 1, 3, 4, 5, 6, 7, 8, 10, 9]]
Distance: 54
B = 
{(4, 7, 2, 1, 6, 5, 10, 8, 3, 9), (2, 1, 5, 6, 4, 3, 10, 8, 9, 7), (3, 1, 2, 5, 4, 10, 7, 9, 6, 8), (1, 2, 3, 6, 7, 4, 10, 5, 9, 8), (2, 4, 5, 6, 1, 7, 3, 10, 8, 9), (3, 1, 4, 2, 5, 8, 9, 7, 10, 6), (1, 3, 4, 2, 6, 9, 8, 7, 10, 5)}
M(B) = 
[[2, 1, 3, 4, 5, 6, 7, 8, 10, 9]]
Distance: 68
M(A) inter A:
set()
M(B) inter B:
set()

AUB = 
{(4, 7, 2, 1, 6, 5, 10, 8, 3, 9), (2, 1, 5, 6, 4, 3, 10, 8, 9, 7), (3, 2, 1, 8, 4, 10, 5, 6, 9, 7), (4, 2, 1, 6, 7, 3, 5, 10, 9, 8), (1, 3, 4, 2, 5, 6, 7, 9, 8, 10), (3, 1, 2, 5, 4, 10, 7, 9, 6, 8), (6, 1, 3, 7, 2, 4, 5, 8, 10, 9), (1, 2, 3, 6, 7, 4, 10, 5, 9, 8), (2, 3, 1, 4, 6, 7, 5, 9, 8, 10), (2, 4, 5, 6, 1, 7, 3, 10, 8, 9), (3, 1, 4, 2, 5, 8, 9, 7, 10, 6), (1, 3, 4, 2, 6, 9, 8, 7, 10, 5), (2, 1, 3, 4, 5, 6, 7, 8, 9, 10), (2, 3, 8, 5, 7, 10, 1, 4, 6, 9)}
M(AUB) = 
[[2, 1, 3, 4, 5, 6, 7, 8, 10, 9]]
Distance:126

(36)
A = 
{(2, 1, 5, 4, 3, 7, 8, 10, 9, 6), (2, 1, 4, 3, 5, 8, 6, 10, 9, 7), (4, 6, 2, 3, 8, 1, 7, 10, 9, 5), (6, 1, 3, 7, 2, 4, 5, 9, 8, 10), (2, 3, 1, 5, 4, 7, 6, 8, 10, 9), (4, 7, 5, 3, 8, 1, 6, 9, 2, 10), (5, 7, 4, 2, 8, 3, 6, 1, 9, 10)}
M(A) = 
[[2, 1, 4, 3, 5, 6, 7, 8, 9, 10], [2, 1, 4, 3, 5, 6, 7, 8, 10, 9]]
Distance: 74
B = 
{(3, 2, 1, 6, 4, 5, 7, 9, 10, 8), (5, 2, 1, 8, 6, 10, 9, 7, 4, 3), (3, 2, 5, 1, 9, 7, 4, 6, 10, 8), (2, 1, 9, 5, 6, 3, 7, 8, 10, 4), (1, 2, 3, 4, 5, 7, 6, 8, 9, 10), (2, 5, 4, 6, 1, 8, 10, 3, 7, 9), (2, 4, 3, 1, 8, 6, 5, 10, 7, 9)}
M(B) = 
[[2, 1, 4, 3, 5, 6, 7, 8, 9, 10], [2, 1, 4, 3, 5, 6, 7, 8, 10, 9]]
Distance: 72
M(A) inter A:
set()
M(B) inter B:
set()

AUB = 
{(3, 2, 1, 6, 4, 5, 7, 9, 10, 8), (5, 2, 1, 8, 6, 10, 9, 7, 4, 3), (3, 2, 5, 1, 9, 7, 4, 6, 10, 8), (2, 1, 5, 4, 3, 7, 8, 10, 9, 6), (2, 1, 9, 5, 6, 3, 7, 8, 10, 4), (1, 2, 3, 4, 5, 7, 6, 8, 9, 10), (2, 1, 4, 3, 5, 8, 6, 10, 9, 7), (4, 6, 2, 3, 8, 1, 7, 10, 9, 5), (6, 1, 3, 7, 2, 4, 5, 9, 8, 10), (2, 3, 1, 5, 4, 7, 6, 8, 10, 9), (2, 5, 4, 6, 1, 8, 10, 3, 7, 9), (2, 4, 3, 1, 8, 6, 5, 10, 7, 9), (5, 7, 4, 2, 8, 3, 6, 1, 9, 10), (4, 7, 5, 3, 8, 1, 6, 9, 2, 10)}
M(AUB) = 
[[2, 1, 4, 3, 5, 6, 7, 8, 9, 10], [2, 1, 4, 3, 5, 6, 7, 8, 10, 9]]
Distance:151

(37)
A = 
{(5, 1, 2, 6, 4, 7, 3, 8, 9, 10), (1, 3, 2, 4, 5, 7, 6, 8, 9, 10), (5, 2, 6, 9, 7, 1, 3, 4, 10, 8), (3, 4, 2, 1, 8, 6, 7, 5, 9, 10), (1, 2, 4, 3, 5, 6, 7, 8, 9, 10), (1, 5, 3, 2, 10, 7, 8, 4, 6, 9), (1, 5, 4, 2, 6, 7, 3, 10, 9, 8)}
M(A) = 
[[1, 3, 2, 4, 5, 6, 7, 8, 9, 10]]
Distance: 58
B = 
{(1, 2, 3, 4, 6, 5, 7, 8, 10, 9), (4, 3, 6, 5, 2, 1, 10, 9, 8, 7), (1, 3, 2, 4, 5, 6, 8, 7, 9, 10), (6, 1, 2, 8, 7, 4, 3, 9, 10, 5), (1, 3, 4, 2, 6, 5, 8, 10, 7, 9), (3, 2, 1, 4, 5, 6, 7, 9, 8, 10), (1, 3, 2, 5, 4, 6, 7, 8, 9, 10)}
M(B) = 
[[1, 3, 2, 4, 5, 6, 7, 8, 9, 10]]
Distance: 43
M(A) inter A:
set()
M(B) inter B:
set()

AUB = 
{(1, 2, 3, 4, 6, 5, 7, 8, 10, 9), (5, 1, 2, 6, 4, 7, 3, 8, 9, 10), (4, 3, 6, 5, 2, 1, 10, 9, 8, 7), (1, 3, 2, 4, 5, 7, 6, 8, 9, 10), (1, 3, 2, 4, 5, 6, 8, 7, 9, 10), (6, 1, 2, 8, 7, 4, 3, 9, 10, 5), (1, 3, 4, 2, 6, 5, 8, 10, 7, 9), (5, 2, 6, 9, 7, 1, 3, 4, 10, 8), (3, 4, 2, 1, 8, 6, 7, 5, 9, 10), (1, 2, 4, 3, 5, 6, 7, 8, 9, 10), (3, 2, 1, 4, 5, 6, 7, 9, 8, 10), (1, 3, 2, 5, 4, 6, 7, 8, 9, 10), (1, 5, 3, 2, 10, 7, 8, 4, 6, 9), (1, 5, 4, 2, 6, 7, 3, 10, 9, 8)}
M(AUB) = 
[[1, 3, 2, 4, 5, 6, 7, 8, 9, 10]]
Distance:107

(38)
A = 
{(1, 5, 3, 2, 6, 10, 7, 9, 8, 4), (2, 1, 5, 4, 3, 6, 7, 9, 10, 8), (1, 5, 4, 6, 3, 8, 2, 9, 7, 10), (1, 2, 3, 4, 5, 6, 7, 8, 9, 10), (1, 2, 3, 5, 6, 4, 9, 8, 7, 10), (2, 1, 3, 4, 5, 6, 7, 8, 9, 10), (3, 1, 2, 7, 4, 6, 10, 5, 9, 8)}
M(A) = 
[[1, 3, 2, 4, 5, 6, 7, 8, 9, 10], [1, 3, 2, 5, 4, 6, 7, 8, 9, 10]]
Distance: 44
B = 
{(4, 2, 5, 1, 3, 8, 7, 6, 10, 9), (3, 4, 1, 2, 7, 6, 8, 5, 9, 10), (3, 2, 1, 7, 5, 10, 8, 9, 6, 4), (4, 1, 3, 9, 2, 5, 6, 8, 10, 7), (5, 3, 2, 1, 8, 4, 6, 7, 9, 10), (3, 2, 1, 4, 5, 7, 6, 8, 9, 10), (6, 3, 5, 4, 1, 2, 7, 10, 9, 8)}
M(B) = 
[[1, 3, 2, 4, 5, 6, 7, 8, 9, 10], [1, 3, 2, 5, 4, 6, 7, 8, 9, 10]]
Distance: 62
M(A) inter A:
set()
M(B) inter B:
set()

AUB = 
{(1, 5, 3, 2, 6, 10, 7, 9, 8, 4), (4, 2, 5, 1, 3, 8, 7, 6, 10, 9), (2, 1, 5, 4, 3, 6, 7, 9, 10, 8), (3, 4, 1, 2, 7, 6, 8, 5, 9, 10), (3, 2, 1, 7, 5, 10, 8, 9, 6, 4), (4, 1, 3, 9, 2, 5, 6, 8, 10, 7), (1, 5, 4, 6, 3, 8, 2, 9, 7, 10), (5, 3, 2, 1, 8, 4, 6, 7, 9, 10), (1, 2, 3, 4, 5, 6, 7, 8, 9, 10), (3, 2, 1, 4, 5, 7, 6, 8, 9, 10), (1, 2, 3, 5, 6, 4, 9, 8, 7, 10), (2, 1, 3, 4, 5, 6, 7, 8, 9, 10), (3, 1, 2, 7, 4, 6, 10, 5, 9, 8), (6, 3, 5, 4, 1, 2, 7, 10, 9, 8)}
M(AUB) = 
[[1, 3, 2, 4, 5, 6, 7, 8, 9, 10], [1, 3, 2, 5, 4, 6, 7, 8, 9, 10]]
Distance:116

(39)
A = 
{(2, 3, 5, 4, 1, 8, 6, 7, 10, 9), (4, 5, 3, 6, 1, 2, 7, 10, 8, 9), (1, 3, 5, 2, 4, 6, 10, 7, 9, 8), (2, 5, 4, 1, 3, 6, 7, 9, 10, 8), (1, 2, 3, 5, 7, 4, 8, 10, 6, 9), (1, 2, 3, 4, 5, 6, 7, 8, 9, 10), (3, 4, 5, 6, 7, 1, 10, 2, 9, 8)}
M(A) = 
[[2, 3, 5, 1, 4, 6, 7, 8, 9, 10], [2, 3, 5, 1, 4, 6, 7, 8, 10, 9], [2, 3, 5, 4, 1, 6, 7, 8, 9, 10], [2, 3, 5, 4, 1, 6, 7, 8, 10, 9]]
Distance: 50
B = 
{(5, 8, 2, 4, 6, 9, 7, 3, 1, 10), (2, 3, 1, 9, 7, 4, 5, 6, 10, 8), (3, 2, 5, 4, 1, 7, 10, 6, 8, 9), (3, 5, 2, 7, 1, 4, 9, 8, 6, 10), (1, 2, 3, 4, 5, 6, 8, 7, 9, 10), (2, 3, 5, 7, 1, 4, 9, 6, 8, 10), (4, 2, 3, 1, 6, 5, 8, 7, 10, 9)}
M(B) = 
[[2, 3, 5, 1, 4, 6, 7, 8, 9, 10], [2, 3, 5, 1, 4, 6, 7, 8, 10, 9], [2, 3, 5, 4, 1, 6, 7, 8, 9, 10], [2, 3, 5, 4, 1, 6, 7, 8, 10, 9]]
Distance: 59
M(A) inter A:
set()
M(B) inter B:
set()

AUB = 
{(2, 3, 5, 4, 1, 8, 6, 7, 10, 9), (4, 5, 3, 6, 1, 2, 7, 10, 8, 9), (1, 3, 5, 2, 4, 6, 10, 7, 9, 8), (5, 8, 2, 4, 6, 9, 7, 3, 1, 10), (2, 3, 1, 9, 7, 4, 5, 6, 10, 8), (2, 5, 4, 1, 3, 6, 7, 9, 10, 8), (1, 2, 3, 5, 7, 4, 8, 10, 6, 9), (3, 2, 5, 4, 1, 7, 10, 6, 8, 9), (3, 5, 2, 7, 1, 4, 9, 8, 6, 10), (1, 2, 3, 4, 5, 6, 7, 8, 9, 10), (1, 2, 3, 4, 5, 6, 8, 7, 9, 10), (3, 4, 5, 6, 7, 1, 10, 2, 9, 8), (2, 3, 5, 7, 1, 4, 9, 6, 8, 10), (4, 2, 3, 1, 6, 5, 8, 7, 10, 9)}
M(AUB) = 
[[2, 3, 5, 1, 4, 6, 7, 8, 9, 10], [2, 3, 5, 1, 4, 6, 7, 8, 10, 9], [2, 3, 5, 4, 1, 6, 7, 8, 9, 10], [2, 3, 5, 4, 1, 6, 7, 8, 10, 9]]
Distance:117

(40)
A = 
{(2, 6, 4, 1, 10, 3, 5, 8, 9, 7), (3, 1, 4, 5, 6, 2, 7, 9, 10, 8), (2, 3, 1, 5, 4, 6, 7, 8, 9, 10), (7, 2, 1, 6, 4, 5, 3, 10, 8, 9), (3, 2, 1, 7, 4, 5, 8, 6, 9, 10), (5, 2, 1, 4, 3, 7, 6, 8, 9, 10), (1, 2, 3, 4, 6, 7, 5, 9, 10, 8)}
M(A) = 
[[1, 2, 4, 3, 5, 6, 7, 8, 9, 10], [2, 1, 4, 3, 5, 6, 7, 8, 9, 10]]
Distance: 53
B = 
{(1, 4, 2, 3, 5, 6, 8, 10, 9, 7), (5, 1, 4, 6, 2, 3, 9, 8, 7, 10), (2, 5, 6, 3, 9, 1, 8, 4, 7, 10), (4, 3, 8, 1, 2, 9, 10, 5, 7, 6), (4, 1, 7, 2, 3, 5, 9, 8, 10, 6), (5, 2, 4, 3, 8, 1, 9, 6, 10, 7), (1, 2, 6, 3, 4, 7, 5, 8, 10, 9)}
M(B) = 
[[1, 2, 4, 3, 5, 6, 7, 8, 9, 10], [2, 1, 4, 3, 5, 6, 7, 8, 9, 10]]
Distance: 68
M(A) inter A:
set()
M(B) inter B:
set()

AUB = 
{(2, 6, 4, 1, 10, 3, 5, 8, 9, 7), (3, 1, 4, 5, 6, 2, 7, 9, 10, 8), (2, 3, 1, 5, 4, 6, 7, 8, 9, 10), (1, 4, 2, 3, 5, 6, 8, 10, 9, 7), (7, 2, 1, 6, 4, 5, 3, 10, 8, 9), (3, 2, 1, 7, 4, 5, 8, 6, 9, 10), (5, 1, 4, 6, 2, 3, 9, 8, 7, 10), (5, 2, 1, 4, 3, 7, 6, 8, 9, 10), (2, 5, 6, 3, 9, 1, 8, 4, 7, 10), (4, 3, 8, 1, 2, 9, 10, 5, 7, 6), (1, 2, 3, 4, 6, 7, 5, 9, 10, 8), (4, 1, 7, 2, 3, 5, 9, 8, 10, 6), (5, 2, 4, 3, 8, 1, 9, 6, 10, 7), (1, 2, 6, 3, 4, 7, 5, 8, 10, 9)}
M(AUB) = 
[[1, 2, 4, 3, 5, 6, 7, 8, 9, 10], [2, 1, 4, 3, 5, 6, 7, 8, 9, 10]]
Distance:132

(41)
A = 
{(1, 2, 3, 5, 4, 6, 8, 7, 9, 10), (1, 4, 8, 3, 2, 6, 7, 10, 5, 9), (2, 1, 6, 3, 4, 8, 5, 7, 10, 9), (2, 1, 3, 4, 5, 10, 7, 6, 8, 9), (1, 2, 7, 6, 3, 5, 4, 9, 8, 10), (1, 4, 2, 3, 5, 10, 6, 8, 7, 9), (1, 2, 3, 4, 5, 6, 7, 8, 9, 10)}
M(A) = 
[[2, 1, 3, 4, 5, 6, 8, 7, 9, 10], [2, 1, 3, 4, 5, 6, 7, 8, 9, 10]]
Distance: 41
B = 
{(2, 1, 3, 4, 8, 6, 5, 7, 9, 10), (2, 3, 1, 4, 5, 6, 10, 8, 7, 9), (5, 3, 2, 1, 4, 6, 9, 7, 10, 8), (4, 2, 1, 5, 3, 6, 7, 8, 9, 10), (2, 1, 4, 3, 5, 7, 6, 9, 8, 10), (1, 2, 3, 4, 6, 5, 7, 8, 9, 10), (6, 2, 3, 5, 1, 4, 8, 7, 9, 10)}
M(B) = 
[[2, 1, 3, 4, 5, 6, 8, 7, 9, 10], [2, 1, 3, 4, 5, 6, 7, 8, 9, 10]]
Distance: 36
M(A) inter A:
set()
M(B) inter B:
set()

AUB = 
{(2, 1, 3, 4, 8, 6, 5, 7, 9, 10), (1, 2, 3, 5, 4, 6, 8, 7, 9, 10), (1, 4, 8, 3, 2, 6, 7, 10, 5, 9), (2, 3, 1, 4, 5, 6, 10, 8, 7, 9), (5, 3, 2, 1, 4, 6, 9, 7, 10, 8), (2, 1, 6, 3, 4, 8, 5, 7, 10, 9), (4, 2, 1, 5, 3, 6, 7, 8, 9, 10), (2, 1, 3, 4, 5, 10, 7, 6, 8, 9), (1, 2, 7, 6, 3, 5, 4, 9, 8, 10), (1, 4, 2, 3, 5, 10, 6, 8, 7, 9), (1, 2, 3, 4, 5, 6, 7, 8, 9, 10), (2, 1, 4, 3, 5, 7, 6, 9, 8, 10), (1, 2, 3, 4, 6, 5, 7, 8, 9, 10), (6, 2, 3, 5, 1, 4, 8, 7, 9, 10)}
M(AUB) = 
[[2, 1, 3, 4, 5, 6, 8, 7, 9, 10], [2, 1, 3, 4, 5, 6, 7, 8, 9, 10]]
Distance:82

(42)
A = 
{(2, 1, 5, 7, 6, 4, 8, 9, 3, 10), (4, 1, 5, 2, 3, 9, 8, 7, 6, 10), (7, 2, 4, 10, 1, 3, 5, 8, 6, 9), (1, 4, 5, 2, 3, 6, 7, 8, 9, 10), (1, 3, 2, 4, 5, 6, 7, 8, 10, 9), (2, 1, 5, 4, 6, 3, 7, 8, 10, 9), (2, 5, 3, 7, 1, 8, 4, 10, 6, 9)}
M(A) = 
[[1, 2, 4, 5, 3, 6, 7, 8, 9, 10], [1, 2, 4, 5, 3, 6, 7, 8, 10, 9], [2, 1, 4, 5, 3, 6, 7, 8, 9, 10], [2, 1, 4, 5, 3, 6, 7, 8, 10, 9]]
Distance: 53
B = 
{(1, 2, 8, 4, 5, 6, 3, 9, 10, 7), (2, 1, 5, 3, 8, 4, 6, 10, 9, 7), (5, 1, 8, 4, 2, 6, 3, 10, 7, 9), (2, 4, 5, 3, 1, 7, 6, 8, 10, 9), (1, 2, 6, 7, 3, 4, 8, 9, 5, 10), (1, 2, 5, 4, 7, 6, 3, 8, 9, 10), (2, 4, 3, 5, 9, 6, 1, 7, 10, 8)}
M(B) = 
[[1, 2, 4, 5, 3, 6, 7, 8, 9, 10], [1, 2, 4, 5, 3, 6, 7, 8, 10, 9], [2, 1, 4, 5, 3, 6, 7, 8, 9, 10], [2, 1, 4, 5, 3, 6, 7, 8, 10, 9]]
Distance: 59
M(A) inter A:
set()
M(B) inter B:
set()

AUB = 
{(2, 1, 5, 7, 6, 4, 8, 9, 3, 10), (4, 1, 5, 2, 3, 9, 8, 7, 6, 10), (7, 2, 4, 10, 1, 3, 5, 8, 6, 9), (1, 2, 8, 4, 5, 6, 3, 9, 10, 7), (2, 1, 5, 3, 8, 4, 6, 10, 9, 7), (5, 1, 8, 4, 2, 6, 3, 10, 7, 9), (1, 4, 5, 2, 3, 6, 7, 8, 9, 10), (2, 4, 5, 3, 1, 7, 6, 8, 10, 9), (1, 2, 6, 7, 3, 4, 8, 9, 5, 10), (1, 3, 2, 4, 5, 6, 7, 8, 10, 9), (1, 2, 5, 4, 7, 6, 3, 8, 9, 10), (2, 1, 5, 4, 6, 3, 7, 8, 10, 9), (2, 5, 3, 7, 1, 8, 4, 10, 6, 9), (2, 4, 3, 5, 9, 6, 1, 7, 10, 8)}
M(AUB) = 
[[1, 2, 4, 5, 3, 6, 7, 8, 9, 10], [1, 2, 4, 5, 3, 6, 7, 8, 10, 9], [2, 1, 4, 5, 3, 6, 7, 8, 9, 10], [2, 1, 4, 5, 3, 6, 7, 8, 10, 9]]
Distance:116

(43)
A = 
{(4, 1, 3, 7, 6, 5, 9, 8, 10, 2), (1, 3, 2, 4, 5, 6, 7, 8, 9, 10), (5, 1, 2, 7, 4, 10, 9, 3, 6, 8), (1, 2, 4, 3, 5, 6, 7, 8, 9, 10), (2, 4, 1, 5, 3, 10, 6, 7, 9, 8), (4, 3, 1, 2, 5, 9, 7, 6, 8, 10), (2, 3, 8, 9, 5, 1, 6, 7, 10, 4)}
M(A) = 
[[1, 2, 4, 3, 5, 6, 7, 8, 9, 10]]
Distance: 62
B = 
{(3, 4, 1, 5, 2, 8, 6, 9, 7, 10), (1, 8, 2, 4, 3, 5, 9, 7, 6, 10), (1, 3, 2, 4, 5, 6, 7, 8, 10, 9), (1, 3, 2, 4, 6, 5, 7, 9, 8, 10), (1, 3, 2, 4, 5, 7, 6, 9, 8, 10), (1, 2, 4, 3, 5, 7, 8, 6, 9, 10), (4, 2, 1, 5, 3, 10, 8, 6, 7, 9)}
M(B) = 
[[1, 2, 4, 3, 5, 6, 7, 8, 9, 10]]
Distance: 39
M(A) inter A:
{(1, 3, 2, 4, 5, 6, 7, 8, 9, 10)}
M(B) inter B:
set()

AUB = 
{(3, 4, 1, 5, 2, 8, 6, 9, 7, 10), (4, 1, 3, 7, 6, 5, 9, 8, 10, 2), (1, 3, 2, 4, 5, 6, 7, 8, 9, 10), (1, 8, 2, 4, 3, 5, 9, 7, 6, 10), (1, 3, 2, 4, 5, 6, 7, 8, 10, 9), (5, 1, 2, 7, 4, 10, 9, 3, 6, 8), (1, 3, 2, 4, 6, 5, 7, 9, 8, 10), (1, 3, 2, 4, 5, 7, 6, 9, 8, 10), (1, 2, 4, 3, 5, 6, 7, 8, 9, 10), (1, 2, 4, 3, 5, 7, 8, 6, 9, 10), (2, 4, 1, 5, 3, 10, 6, 7, 9, 8), (4, 3, 1, 2, 5, 9, 7, 6, 8, 10), (2, 3, 8, 9, 5, 1, 6, 7, 10, 4), (4, 2, 1, 5, 3, 10, 8, 6, 7, 9)}
M(AUB) = 
[[1, 2, 4, 3, 5, 6, 7, 8, 9, 10]]
Distance:104

(44)
A = 
{(3, 1, 4, 6, 2, 7, 8, 5, 10, 9), (2, 4, 6, 5, 1, 7, 10, 3, 9, 8), (2, 1, 3, 5, 4, 7, 6, 8, 9, 10), (1, 2, 3, 4, 6, 5, 9, 8, 7, 10), (2, 1, 9, 3, 4, 7, 8, 6, 5, 10), (2, 5, 1, 9, 3, 10, 7, 6, 8, 4), (1, 4, 2, 8, 3, 7, 5, 9, 6, 10)}
M(A) = 
[[1, 2, 3, 4, 5, 7, 8, 6, 9, 10], [1, 2, 3, 4, 5, 7, 6, 8, 9, 10], [2, 1, 3, 4, 5, 7, 8, 6, 9, 10], [2, 1, 3, 4, 5, 7, 6, 8, 9, 10]]
Distance: 63
B = 
{(5, 3, 4, 2, 1, 8, 6, 7, 9, 10), (1, 5, 10, 2, 3, 8, 7, 6, 4, 9), (1, 4, 6, 7, 3, 2, 10, 8, 9, 5), (2, 1, 5, 8, 3, 6, 9, 4, 10, 7), (2, 1, 4, 7, 9, 8, 3, 6, 10, 5), (1, 2, 3, 4, 7, 5, 6, 9, 8, 10), (1, 3, 2, 5, 8, 4, 7, 6, 9, 10)}
M(B) = 
[[1, 2, 3, 4, 5, 7, 8, 6, 9, 10], [1, 2, 3, 4, 5, 7, 6, 8, 9, 10], [2, 1, 3, 4, 5, 7, 8, 6, 9, 10], [2, 1, 3, 4, 5, 7, 6, 8, 9, 10]]
Distance: 69
M(A) inter A:
set()
M(B) inter B:
set()

AUB = 
{(3, 1, 4, 6, 2, 7, 8, 5, 10, 9), (5, 3, 4, 2, 1, 8, 6, 7, 9, 10), (2, 4, 6, 5, 1, 7, 10, 3, 9, 8), (2, 1, 3, 5, 4, 7, 6, 8, 9, 10), (1, 2, 3, 4, 6, 5, 9, 8, 7, 10), (1, 5, 10, 2, 3, 8, 7, 6, 4, 9), (2, 1, 9, 3, 4, 7, 8, 6, 5, 10), (1, 4, 6, 7, 3, 2, 10, 8, 9, 5), (2, 1, 5, 8, 3, 6, 9, 4, 10, 7), (2, 1, 4, 7, 9, 8, 3, 6, 10, 5), (2, 5, 1, 9, 3, 10, 7, 6, 8, 4), (1, 2, 3, 4, 7, 5, 6, 9, 8, 10), (1, 3, 2, 5, 8, 4, 7, 6, 9, 10), (1, 4, 2, 8, 3, 7, 5, 9, 6, 10)}
M(AUB) = 
[[1, 2, 3, 4, 5, 7, 8, 6, 9, 10], [1, 2, 3, 4, 5, 7, 6, 8, 9, 10], [2, 1, 3, 4, 5, 7, 8, 6, 9, 10], [2, 1, 3, 4, 5, 7, 6, 8, 9, 10]]
Distance:139

(45)
A = 
{(1, 5, 3, 4, 2, 6, 9, 8, 10, 7), (4, 1, 2, 3, 9, 10, 5, 7, 6, 8), (1, 2, 3, 4, 5, 6, 7, 8, 9, 10), (4, 1, 2, 6, 7, 5, 3, 8, 10, 9), (1, 2, 4, 3, 6, 7, 10, 5, 9, 8), (1, 5, 3, 2, 4, 6, 7, 8, 10, 9), (3, 2, 1, 4, 6, 5, 7, 8, 9, 10)}
M(A) = 
[[1, 2, 3, 4, 5, 6, 8, 7, 9, 10], [1, 2, 3, 4, 5, 6, 8, 7, 10, 9], [1, 2, 3, 4, 5, 6, 7, 8, 9, 10], [1, 2, 3, 4, 5, 6, 7, 8, 10, 9]]
Distance: 46
B = 
{(3, 1, 4, 8, 6, 7, 5, 2, 10, 9), (4, 1, 6, 5, 2, 8, 7, 3, 9, 10), (3, 4, 1, 2, 8, 5, 7, 10, 9, 6), (4, 1, 2, 5, 3, 6, 8, 10, 7, 9), (2, 1, 8, 3, 5, 4, 9, 7, 6, 10), (1, 3, 2, 5, 8, 4, 6, 7, 9, 10), (2, 1, 4, 7, 5, 3, 10, 6, 9, 8)}
M(B) = 
[[1, 2, 3, 4, 5, 6, 8, 7, 9, 10], [1, 2, 3, 4, 5, 6, 8, 7, 10, 9], [1, 2, 3, 4, 5, 6, 7, 8, 9, 10], [1, 2, 3, 4, 5, 6, 7, 8, 10, 9]]
Distance: 60
M(A) inter A:
set()
M(B) inter B:
set()

AUB = 
{(3, 1, 4, 8, 6, 7, 5, 2, 10, 9), (1, 5, 3, 4, 2, 6, 9, 8, 10, 7), (4, 1, 6, 5, 2, 8, 7, 3, 9, 10), (4, 1, 2, 3, 9, 10, 5, 7, 6, 8), (3, 4, 1, 2, 8, 5, 7, 10, 9, 6), (4, 1, 2, 5, 3, 6, 8, 10, 7, 9), (2, 1, 8, 3, 5, 4, 9, 7, 6, 10), (1, 2, 3, 4, 5, 6, 7, 8, 9, 10), (4, 1, 2, 6, 7, 5, 3, 8, 10, 9), (1, 2, 4, 3, 6, 7, 10, 5, 9, 8), (1, 3, 2, 5, 8, 4, 6, 7, 9, 10), (2, 1, 4, 7, 5, 3, 10, 6, 9, 8), (1, 5, 3, 2, 4, 6, 7, 8, 10, 9), (3, 2, 1, 4, 6, 5, 7, 8, 9, 10)}
M(AUB) = 
[[1, 2, 3, 4, 5, 6, 8, 7, 9, 10], [1, 2, 3, 4, 5, 6, 8, 7, 10, 9], [1, 2, 3, 4, 5, 6, 7, 8, 9, 10], [1, 2, 3, 4, 5, 6, 7, 8, 10, 9]]
Distance:113

(46)
A = 
{(4, 2, 3, 5, 9, 10, 1, 6, 8, 7), (2, 1, 3, 5, 4, 6, 7, 8, 10, 9), (1, 2, 5, 3, 4, 8, 6, 10, 7, 9), (1, 2, 3, 6, 4, 5, 8, 7, 9, 10), (1, 2, 5, 4, 3, 9, 6, 10, 8, 7), (1, 2, 5, 6, 4, 3, 10, 8, 7, 9), (3, 4, 6, 2, 5, 8, 1, 9, 7, 10)}
M(A) = 
[[1, 2, 3, 5, 4, 6, 8, 7, 9, 10]]
Distance: 51
B = 
{(1, 3, 5, 7, 4, 2, 10, 6, 9, 8), (5, 4, 3, 7, 1, 2, 8, 6, 10, 9), (4, 3, 6, 1, 5, 8, 7, 9, 10, 2), (1, 2, 5, 9, 3, 4, 8, 7, 10, 6), (1, 2, 3, 4, 5, 6, 7, 9, 8, 10), (2, 3, 1, 6, 4, 5, 10, 7, 8, 9), (2, 1, 3, 6, 5, 7, 4, 8, 9, 10)}
M(B) = 
[[1, 2, 3, 5, 4, 6, 8, 7, 9, 10]]
Distance: 62
M(A) inter A:
set()
M(B) inter B:
set()

AUB = 
{(4, 2, 3, 5, 9, 10, 1, 6, 8, 7), (2, 1, 3, 5, 4, 6, 7, 8, 10, 9), (1, 2, 5, 3, 4, 8, 6, 10, 7, 9), (1, 3, 5, 7, 4, 2, 10, 6, 9, 8), (1, 2, 3, 6, 4, 5, 8, 7, 9, 10), (5, 4, 3, 7, 1, 2, 8, 6, 10, 9), (4, 3, 6, 1, 5, 8, 7, 9, 10, 2), (1, 2, 5, 4, 3, 9, 6, 10, 8, 7), (1, 2, 5, 6, 4, 3, 10, 8, 7, 9), (3, 4, 6, 2, 5, 8, 1, 9, 7, 10), (1, 2, 5, 9, 3, 4, 8, 7, 10, 6), (1, 2, 3, 4, 5, 6, 7, 9, 8, 10), (2, 3, 1, 6, 4, 5, 10, 7, 8, 9), (2, 1, 3, 6, 5, 7, 4, 8, 9, 10)}
M(AUB) = 
[[1, 2, 3, 5, 4, 6, 8, 7, 9, 10]]
Distance:116

(47)
A = 
{(6, 2, 3, 4, 1, 5, 7, 9, 8, 10), (2, 3, 5, 6, 9, 1, 4, 10, 8, 7), (1, 2, 3, 4, 5, 7, 10, 9, 8, 6), (1, 2, 6, 3, 4, 5, 7, 8, 9, 10), (3, 6, 2, 1, 7, 5, 4, 10, 8, 9), (1, 2, 3, 5, 4, 6, 10, 7, 8, 9), (2, 3, 1, 5, 4, 6, 10, 7, 8, 9)}
M(A) = 
[[1, 2, 3, 4, 5, 6, 7, 8, 9, 10], [1, 2, 3, 4, 5, 6, 7, 9, 8, 10]]
Distance: 46
B = 
{(1, 3, 4, 2, 5, 6, 7, 8, 9, 10), (8, 6, 4, 3, 1, 2, 7, 5, 9, 10), (3, 5, 1, 4, 2, 7, 9, 6, 8, 10), (2, 1, 6, 4, 3, 5, 9, 8, 10, 7), (3, 5, 4, 8, 1, 6, 2, 7, 9, 10), (2, 1, 4, 3, 7, 6, 5, 9, 8, 10), (1, 2, 3, 9, 4, 5, 6, 7, 8, 10)}
M(B) = 
[[1, 2, 3, 4, 5, 6, 7, 8, 9, 10], [1, 2, 3, 4, 5, 6, 7, 9, 8, 10]]
Distance: 58
M(A) inter A:
set()
M(B) inter B:
set()

AUB = 
{(1, 3, 4, 2, 5, 6, 7, 8, 9, 10), (8, 6, 4, 3, 1, 2, 7, 5, 9, 10), (6, 2, 3, 4, 1, 5, 7, 9, 8, 10), (3, 5, 1, 4, 2, 7, 9, 6, 8, 10), (2, 3, 5, 6, 9, 1, 4, 10, 8, 7), (1, 2, 3, 4, 5, 7, 10, 9, 8, 6), (1, 2, 6, 3, 4, 5, 7, 8, 9, 10), (3, 6, 2, 1, 7, 5, 4, 10, 8, 9), (1, 2, 3, 5, 4, 6, 10, 7, 8, 9), (2, 1, 6, 4, 3, 5, 9, 8, 10, 7), (3, 5, 4, 8, 1, 6, 2, 7, 9, 10), (2, 1, 4, 3, 7, 6, 5, 9, 8, 10), (2, 3, 1, 5, 4, 6, 10, 7, 8, 9), (1, 2, 3, 9, 4, 5, 6, 7, 8, 10)}
M(AUB) = 
[[1, 2, 3, 4, 5, 6, 7, 8, 9, 10], [1, 2, 3, 4, 5, 6, 7, 9, 8, 10]]
Distance:115

(48)
A = 
{(2, 3, 1, 4, 5, 6, 7, 9, 8, 10), (2, 1, 3, 4, 8, 7, 5, 6, 9, 10), (2, 4, 6, 1, 8, 5, 3, 10, 9, 7), (2, 3, 1, 5, 6, 4, 9, 7, 8, 10), (3, 1, 5, 2, 8, 4, 7, 10, 9, 6), (4, 1, 2, 7, 3, 8, 10, 5, 6, 9), (2, 1, 3, 5, 6, 4, 7, 9, 8, 10)}
M(A) = 
[[2, 1, 3, 4, 5, 6, 7, 8, 9, 10], [2, 1, 3, 4, 5, 6, 7, 9, 8, 10]]
Distance: 51
B = 
{(2, 3, 1, 6, 7, 4, 5, 9, 8, 10), (1, 2, 3, 4, 6, 5, 8, 7, 10, 9), (2, 1, 3, 4, 6, 7, 9, 5, 10, 8), (1, 2, 3, 5, 4, 6, 9, 7, 8, 10), (2, 4, 1, 9, 3, 8, 7, 10, 6, 5), (3, 2, 1, 4, 5, 8, 7, 9, 6, 10), (1, 3, 5, 2, 4, 6, 7, 8, 9, 10)}
M(B) = 
[[2, 1, 3, 4, 5, 6, 7, 8, 9, 10], [2, 1, 3, 4, 5, 6, 7, 9, 8, 10]]
Distance: 42
M(A) inter A:
set()
M(B) inter B:
set()

AUB = 
{(2, 3, 1, 4, 5, 6, 7, 9, 8, 10), (2, 1, 3, 4, 8, 7, 5, 6, 9, 10), (2, 3, 1, 6, 7, 4, 5, 9, 8, 10), (1, 2, 3, 4, 6, 5, 8, 7, 10, 9), (2, 4, 6, 1, 8, 5, 3, 10, 9, 7), (2, 3, 1, 5, 6, 4, 9, 7, 8, 10), (3, 1, 5, 2, 8, 4, 7, 10, 9, 6), (4, 1, 2, 7, 3, 8, 10, 5, 6, 9), (2, 1, 3, 5, 6, 4, 7, 9, 8, 10), (2, 1, 3, 4, 6, 7, 9, 5, 10, 8), (1, 2, 3, 5, 4, 6, 9, 7, 8, 10), (2, 4, 1, 9, 3, 8, 7, 10, 6, 5), (3, 2, 1, 4, 5, 8, 7, 9, 6, 10), (1, 3, 5, 2, 4, 6, 7, 8, 9, 10)}
M(AUB) = 
[[2, 1, 3, 4, 5, 6, 7, 8, 9, 10], [2, 1, 3, 4, 5, 6, 7, 9, 8, 10]]
Distance:95

(49)
A = 
{(2, 1, 3, 4, 5, 9, 6, 7, 8, 10), (4, 1, 2, 5, 7, 3, 8, 6, 10, 9), (3, 1, 2, 4, 9, 6, 8, 5, 10, 7), (2, 3, 7, 4, 5, 1, 6, 10, 9, 8), (1, 4, 3, 2, 7, 6, 10, 5, 8, 9), (1, 2, 5, 4, 3, 7, 6, 8, 10, 9), (2, 5, 4, 1, 3, 8, 6, 7, 10, 9)}
M(A) = 
[[1, 2, 3, 4, 5, 6, 7, 8, 9, 10], [1, 2, 3, 4, 5, 6, 7, 8, 10, 9], [1, 2, 3, 4, 5, 7, 6, 8, 9, 10], [1, 2, 3, 4, 5, 7, 6, 8, 10, 9]]
Distance: 51
B = 
{(2, 1, 3, 5, 4, 8, 7, 6, 10, 9), (2, 3, 5, 8, 1, 4, 6, 7, 9, 10), (1, 5, 3, 6, 2, 4, 9, 7, 8, 10), (1, 2, 3, 4, 8, 5, 6, 9, 7, 10), (1, 2, 3, 4, 5, 6, 7, 8, 9, 10), (4, 7, 6, 1, 2, 3, 5, 9, 8, 10), (1, 2, 4, 3, 5, 7, 6, 8, 10, 9)}
M(B) = 
[[1, 2, 3, 4, 5, 6, 7, 8, 9, 10], [1, 2, 3, 4, 5, 6, 7, 8, 10, 9], [1, 2, 3, 4, 5, 7, 6, 8, 9, 10], [1, 2, 3, 4, 5, 7, 6, 8, 10, 9]]
Distance: 42
M(A) inter A:
set()
M(B) inter B:
{(1, 2, 3, 4, 5, 6, 7, 8, 9, 10)}

AUB = 
{(2, 1, 3, 5, 4, 8, 7, 6, 10, 9), (2, 3, 5, 8, 1, 4, 6, 7, 9, 10), (2, 1, 3, 4, 5, 9, 6, 7, 8, 10), (4, 1, 2, 5, 7, 3, 8, 6, 10, 9), (1, 5, 3, 6, 2, 4, 9, 7, 8, 10), (3, 1, 2, 4, 9, 6, 8, 5, 10, 7), (1, 2, 3, 4, 8, 5, 6, 9, 7, 10), (2, 3, 7, 4, 5, 1, 6, 10, 9, 8), (1, 2, 3, 4, 5, 6, 7, 8, 9, 10), (1, 4, 3, 2, 7, 6, 10, 5, 8, 9), (1, 2, 5, 4, 3, 7, 6, 8, 10, 9), (2, 5, 4, 1, 3, 8, 6, 7, 10, 9), (4, 7, 6, 1, 2, 3, 5, 9, 8, 10), (1, 2, 4, 3, 5, 7, 6, 8, 10, 9)}
M(AUB) = 
[[1, 2, 3, 4, 5, 6, 7, 8, 9, 10], [1, 2, 3, 4, 5, 6, 7, 8, 10, 9], [1, 2, 3, 4, 5, 7, 6, 8, 9, 10], [1, 2, 3, 4, 5, 7, 6, 8, 10, 9]]
Distance:98

