(0)
A = 
{(1, 2, 7, 3, 6, 4, 5, 8, 9, 10, 12, 11), (1, 2, 3, 5, 4, 7, 8, 6, 11, 9, 12, 10), (2, 1, 5, 3, 7, 4, 9, 6, 12, 10, 8, 11), (1, 6, 5, 2, 3, 4, 9, 11, 8, 10, 7, 12), (3, 1, 2, 10, 6, 5, 9, 4, 8, 7, 11, 12), (2, 1, 3, 4, 5, 6, 7, 9, 8, 10, 12, 11), (3, 1, 2, 5, 4, 7, 6, 8, 9, 10, 12, 11)}
M(A) = 
[[1, 2, 3, 4, 5, 7, 6, 8, 9, 10, 11, 12]]
Distance: 55
B = 
{(1, 2, 4, 3, 7, 5, 8, 6, 9, 10, 11, 12), (1, 2, 3, 8, 4, 6, 9, 5, 7, 12, 11, 10), (1, 4, 5, 2, 3, 9, 7, 6, 12, 8, 10, 11), (1, 2, 3, 4, 7, 5, 6, 10, 9, 8, 11, 12), (2, 1, 6, 3, 4, 5, 10, 8, 7, 9, 11, 12), (1, 2, 4, 3, 6, 5, 7, 11, 8, 10, 12, 9), (8, 2, 1, 3, 7, 4, 6, 5, 9, 11, 10, 12)}
M(B) = 
[[1, 2, 3, 4, 5, 7, 6, 8, 9, 10, 11, 12]]
Distance: 57
M(A) inter A:
set()
M(B) inter B:
set()

AUB = 
{(1, 2, 7, 3, 6, 4, 5, 8, 9, 10, 12, 11), (1, 2, 3, 5, 4, 7, 8, 6, 11, 9, 12, 10), (2, 1, 5, 3, 7, 4, 9, 6, 12, 10, 8, 11), (1, 2, 4, 3, 7, 5, 8, 6, 9, 10, 11, 12), (1, 6, 5, 2, 3, 4, 9, 11, 8, 10, 7, 12), (3, 1, 2, 10, 6, 5, 9, 4, 8, 7, 11, 12), (1, 2, 3, 8, 4, 6, 9, 5, 7, 12, 11, 10), (1, 4, 5, 2, 3, 9, 7, 6, 12, 8, 10, 11), (1, 2, 3, 4, 7, 5, 6, 10, 9, 8, 11, 12), (2, 1, 3, 4, 5, 6, 7, 9, 8, 10, 12, 11), (3, 1, 2, 5, 4, 7, 6, 8, 9, 10, 12, 11), (2, 1, 6, 3, 4, 5, 10, 8, 7, 9, 11, 12), (1, 2, 4, 3, 6, 5, 7, 11, 8, 10, 12, 9), (8, 2, 1, 3, 7, 4, 6, 5, 9, 11, 10, 12)}
M(AUB) = 
[[1, 2, 3, 4, 5, 7, 6, 8, 9, 10, 11, 12]]
Distance:117

(1)
A = 
{(1, 6, 7, 4, 5, 3, 2, 12, 8, 9, 10, 11), (2, 1, 5, 3, 6, 4, 8, 10, 7, 9, 11, 12), (2, 1, 3, 4, 5, 6, 9, 8, 7, 10, 12, 11), (1, 2, 4, 3, 6, 5, 9, 8, 7, 12, 10, 11), (1, 2, 3, 5, 6, 4, 7, 9, 12, 8, 10, 11), (4, 1, 3, 6, 2, 7, 5, 9, 10, 8, 11, 12), (2, 1, 3, 4, 5, 7, 6, 9, 8, 11, 10, 12)}
M(A) = 
[[1, 2, 3, 4, 5, 6, 7, 9, 8, 10, 11, 12]]
Distance: 51
B = 
{(2, 1, 6, 3, 4, 5, 12, 9, 7, 11, 8, 10), (1, 2, 4, 3, 6, 5, 8, 7, 10, 11, 9, 12), (2, 1, 5, 3, 4, 8, 7, 9, 6, 11, 12, 10), (3, 4, 1, 7, 5, 2, 9, 8, 6, 11, 12, 10), (3, 7, 2, 5, 4, 9, 1, 6, 8, 10, 12, 11), (3, 1, 2, 4, 5, 7, 6, 9, 11, 8, 10, 12), (1, 4, 7, 2, 3, 6, 10, 5, 9, 11, 8, 12)}
M(B) = 
[[1, 2, 3, 4, 5, 6, 7, 9, 8, 10, 11, 12]]
Distance: 66
M(A) inter A:
set()
M(B) inter B:
set()

AUB = 
{(1, 6, 7, 4, 5, 3, 2, 12, 8, 9, 10, 11), (2, 1, 5, 3, 6, 4, 8, 10, 7, 9, 11, 12), (2, 1, 6, 3, 4, 5, 12, 9, 7, 11, 8, 10), (1, 2, 4, 3, 6, 5, 8, 7, 10, 11, 9, 12), (1, 2, 4, 3, 6, 5, 9, 8, 7, 12, 10, 11), (2, 1, 3, 4, 5, 6, 9, 8, 7, 10, 12, 11), (2, 1, 5, 3, 4, 8, 7, 9, 6, 11, 12, 10), (3, 4, 1, 7, 5, 2, 9, 8, 6, 11, 12, 10), (1, 2, 3, 5, 6, 4, 7, 9, 12, 8, 10, 11), (4, 1, 3, 6, 2, 7, 5, 9, 10, 8, 11, 12), (3, 7, 2, 5, 4, 9, 1, 6, 8, 10, 12, 11), (2, 1, 3, 4, 5, 7, 6, 9, 8, 11, 10, 12), (3, 1, 2, 4, 5, 7, 6, 9, 11, 8, 10, 12), (1, 4, 7, 2, 3, 6, 10, 5, 9, 11, 8, 12)}
M(AUB) = 
[[1, 2, 3, 4, 5, 6, 7, 9, 8, 10, 11, 12]]
Distance:122

(2)
A = 
{(1, 3, 8, 2, 5, 10, 4, 12, 6, 9, 7, 11), (2, 4, 5, 3, 7, 1, 11, 8, 6, 9, 12, 10), (1, 2, 3, 4, 5, 8, 6, 10, 7, 11, 9, 12), (3, 2, 4, 1, 6, 5, 8, 9, 12, 11, 7, 10), (2, 1, 3, 6, 4, 8, 5, 11, 10, 9, 12, 7), (2, 4, 1, 8, 3, 5, 6, 11, 9, 12, 10, 7), (2, 1, 6, 5, 4, 7, 3, 12, 8, 9, 10, 11)}
M(A) = 
[[2, 1, 3, 4, 5, 6, 7, 8, 9, 10, 12, 11]]
Distance: 73
B = 
{(2, 6, 1, 4, 3, 8, 7, 10, 5, 9, 12, 11), (2, 1, 3, 4, 5, 6, 7, 8, 9, 10, 12, 11), (1, 2, 3, 4, 6, 5, 7, 9, 10, 8, 11, 12), (2, 1, 5, 7, 3, 9, 4, 8, 10, 6, 12, 11), (3, 1, 2, 4, 7, 6, 5, 12, 10, 11, 8, 9), (4, 3, 1, 5, 2, 7, 6, 9, 11, 8, 10, 12), (5, 2, 1, 4, 3, 6, 7, 8, 9, 10, 12, 11)}
M(B) = 
[[2, 1, 3, 4, 5, 6, 7, 8, 9, 10, 12, 11]]
Distance: 55
M(A) inter A:
set()
M(B) inter B:
{(2, 1, 3, 4, 5, 6, 7, 8, 9, 10, 12, 11)}

AUB = 
{(1, 3, 8, 2, 5, 10, 4, 12, 6, 9, 7, 11), (2, 6, 1, 4, 3, 8, 7, 10, 5, 9, 12, 11), (2, 1, 3, 4, 5, 6, 7, 8, 9, 10, 12, 11), (2, 4, 5, 3, 7, 1, 11, 8, 6, 9, 12, 10), (1, 2, 3, 4, 5, 8, 6, 10, 7, 11, 9, 12), (1, 2, 3, 4, 6, 5, 7, 9, 10, 8, 11, 12), (2, 1, 5, 7, 3, 9, 4, 8, 10, 6, 12, 11), (3, 2, 4, 1, 6, 5, 8, 9, 12, 11, 7, 10), (3, 1, 2, 4, 7, 6, 5, 12, 10, 11, 8, 9), (4, 3, 1, 5, 2, 7, 6, 9, 11, 8, 10, 12), (5, 2, 1, 4, 3, 6, 7, 8, 9, 10, 12, 11), (2, 1, 3, 6, 4, 8, 5, 11, 10, 9, 12, 7), (2, 4, 1, 8, 3, 5, 6, 11, 9, 12, 10, 7), (2, 1, 6, 5, 4, 7, 3, 12, 8, 9, 10, 11)}
M(AUB) = 
[[2, 1, 3, 4, 5, 6, 7, 8, 9, 10, 12, 11]]
Distance:138

(3)
A = 
{(2, 1, 3, 5, 4, 6, 9, 8, 7, 11, 10, 12), (1, 2, 3, 5, 4, 6, 7, 8, 9, 10, 11, 12), (2, 1, 3, 7, 6, 9, 5, 4, 10, 8, 12, 11), (1, 2, 3, 4, 7, 6, 10, 5, 9, 8, 11, 12), (1, 2, 3, 4, 7, 5, 6, 8, 9, 10, 12, 11), (2, 1, 3, 5, 7, 9, 6, 4, 10, 8, 12, 11), (2, 1, 3, 7, 4, 5, 6, 8, 10, 11, 9, 12)}
M(A) = 
[[1, 2, 3, 4, 5, 7, 6, 8, 9, 10, 11, 12], [2, 1, 3, 4, 5, 7, 6, 8, 9, 10, 11, 12]]
Distance: 39
B = 
{(1, 5, 2, 7, 9, 12, 4, 3, 11, 10, 8, 6), (1, 2, 3, 4, 5, 6, 7, 8, 9, 10, 11, 12), (2, 1, 4, 3, 5, 6, 7, 11, 8, 9, 12, 10), (1, 3, 4, 2, 7, 5, 10, 6, 11, 8, 12, 9), (1, 2, 3, 4, 8, 5, 10, 7, 6, 12, 11, 9), (2, 1, 3, 6, 4, 7, 5, 8, 10, 11, 9, 12), (3, 2, 1, 4, 5, 7, 6, 9, 11, 10, 8, 12)}
M(B) = 
[[1, 2, 3, 4, 5, 7, 6, 8, 9, 10, 11, 12], [2, 1, 3, 4, 5, 7, 6, 8, 9, 10, 11, 12]]
Distance: 61
M(A) inter A:
set()
M(B) inter B:
set()

AUB = 
{(2, 1, 3, 5, 4, 6, 9, 8, 7, 11, 10, 12), (1, 5, 2, 7, 9, 12, 4, 3, 11, 10, 8, 6), (1, 2, 3, 5, 4, 6, 7, 8, 9, 10, 11, 12), (2, 1, 3, 7, 6, 9, 5, 4, 10, 8, 12, 11), (1, 2, 3, 4, 5, 6, 7, 8, 9, 10, 11, 12), (1, 2, 3, 4, 7, 6, 10, 5, 9, 8, 11, 12), (2, 1, 4, 3, 5, 6, 7, 11, 8, 9, 12, 10), (1, 3, 4, 2, 7, 5, 10, 6, 11, 8, 12, 9), (1, 2, 3, 4, 7, 5, 6, 8, 9, 10, 12, 11), (1, 2, 3, 4, 8, 5, 10, 7, 6, 12, 11, 9), (2, 1, 3, 6, 4, 7, 5, 8, 10, 11, 9, 12), (2, 1, 3, 5, 7, 9, 6, 4, 10, 8, 12, 11), (2, 1, 3, 7, 4, 5, 6, 8, 10, 11, 9, 12), (3, 2, 1, 4, 5, 7, 6, 9, 11, 10, 8, 12)}
M(AUB) = 
[[1, 2, 3, 4, 5, 7, 6, 8, 9, 10, 11, 12], [2, 1, 3, 4, 5, 7, 6, 8, 9, 10, 11, 12]]
Distance:104

(4)
A = 
{(2, 9, 5, 1, 4, 8, 10, 12, 3, 11, 6, 7), (2, 5, 1, 3, 7, 6, 4, 9, 8, 11, 10, 12), (2, 3, 1, 6, 4, 9, 5, 8, 10, 11, 12, 7), (1, 3, 2, 5, 7, 4, 10, 9, 6, 8, 12, 11), (1, 5, 3, 2, 4, 6, 8, 7, 11, 9, 10, 12), (1, 2, 3, 4, 5, 6, 7, 8, 10, 11, 12, 9), (2, 1, 4, 5, 3, 8, 6, 7, 12, 9, 10, 11)}
M(A) = 
[[1, 2, 3, 4, 5, 6, 7, 9, 8, 10, 11, 12], [1, 2, 3, 4, 5, 6, 8, 7, 9, 10, 11, 12], [1, 2, 3, 5, 4, 6, 7, 9, 8, 10, 11, 12], [1, 2, 3, 5, 4, 6, 8, 7, 9, 10, 11, 12]]
Distance: 68
B = 
{(1, 5, 3, 4, 7, 2, 9, 8, 10, 6, 11, 12), (2, 1, 3, 8, 5, 4, 6, 12, 7, 9, 11, 10), (5, 1, 2, 3, 7, 4, 8, 6, 9, 11, 10, 12), (1, 9, 2, 6, 3, 8, 11, 12, 4, 7, 5, 10), (2, 4, 1, 6, 3, 5, 9, 7, 8, 10, 11, 12), (3, 1, 6, 2, 4, 10, 5, 8, 11, 12, 7, 9), (1, 2, 4, 3, 9, 5, 6, 8, 12, 10, 7, 11)}
M(B) = 
[[1, 2, 3, 4, 5, 6, 7, 9, 8, 10, 11, 12], [1, 2, 3, 4, 5, 6, 8, 7, 9, 10, 11, 12], [1, 2, 3, 5, 4, 6, 7, 9, 8, 10, 11, 12], [1, 2, 3, 5, 4, 6, 8, 7, 9, 10, 11, 12]]
Distance: 82
M(A) inter A:
set()
M(B) inter B:
set()

AUB = 
{(2, 9, 5, 1, 4, 8, 10, 12, 3, 11, 6, 7), (2, 5, 1, 3, 7, 6, 4, 9, 8, 11, 10, 12), (1, 5, 3, 4, 7, 2, 9, 8, 10, 6, 11, 12), (2, 1, 3, 8, 5, 4, 6, 12, 7, 9, 11, 10), (5, 1, 2, 3, 7, 4, 8, 6, 9, 11, 10, 12), (2, 3, 1, 6, 4, 9, 5, 8, 10, 11, 12, 7), (1, 3, 2, 5, 7, 4, 10, 9, 6, 8, 12, 11), (1, 9, 2, 6, 3, 8, 11, 12, 4, 7, 5, 10), (2, 4, 1, 6, 3, 5, 9, 7, 8, 10, 11, 12), (3, 1, 6, 2, 4, 10, 5, 8, 11, 12, 7, 9), (1, 5, 3, 2, 4, 6, 8, 7, 11, 9, 10, 12), (1, 2, 3, 4, 5, 6, 7, 8, 10, 11, 12, 9), (2, 1, 4, 5, 3, 8, 6, 7, 12, 9, 10, 11), (1, 2, 4, 3, 9, 5, 6, 8, 12, 10, 7, 11)}
M(AUB) = 
[[1, 2, 3, 4, 5, 6, 7, 9, 8, 10, 11, 12], [1, 2, 3, 4, 5, 6, 8, 7, 9, 10, 11, 12], [1, 2, 3, 5, 4, 6, 7, 9, 8, 10, 11, 12], [1, 2, 3, 5, 4, 6, 8, 7, 9, 10, 11, 12]]
Distance:153

(5)
A = 
{(1, 3, 2, 4, 5, 8, 6, 7, 9, 10, 12, 11), (1, 2, 3, 4, 6, 5, 12, 9, 8, 11, 7, 10), (1, 3, 2, 6, 4, 5, 7, 8, 9, 12, 11, 10), (2, 3, 1, 6, 4, 11, 12, 7, 5, 10, 9, 8), (1, 2, 4, 3, 5, 7, 6, 8, 9, 10, 11, 12), (6, 1, 2, 4, 3, 7, 9, 8, 5, 12, 11, 10), (3, 7, 1, 2, 4, 5, 8, 12, 6, 9, 11, 10)}
M(A) = 
[[1, 2, 3, 4, 5, 6, 7, 8, 9, 10, 11, 12], [1, 2, 3, 4, 5, 6, 7, 8, 9, 10, 12, 11]]
Distance: 57
B = 
{(2, 1, 3, 5, 4, 6, 10, 11, 12, 7, 8, 9), (4, 1, 2, 3, 6, 5, 10, 7, 8, 12, 11, 9), (2, 3, 1, 4, 8, 5, 6, 7, 9, 10, 11, 12), (2, 1, 3, 4, 6, 5, 8, 10, 9, 7, 11, 12), (1, 3, 2, 4, 7, 5, 6, 8, 9, 11, 10, 12), (1, 2, 5, 4, 3, 6, 10, 7, 8, 9, 11, 12), (3, 2, 5, 1, 8, 4, 6, 10, 7, 9, 12, 11)}
M(B) = 
[[1, 2, 3, 4, 5, 6, 7, 8, 9, 10, 11, 12], [1, 2, 3, 4, 5, 6, 7, 8, 9, 10, 12, 11]]
Distance: 47
M(A) inter A:
set()
M(B) inter B:
set()

AUB = 
{(2, 1, 3, 5, 4, 6, 10, 11, 12, 7, 8, 9), (1, 3, 2, 4, 5, 8, 6, 7, 9, 10, 12, 11), (4, 1, 2, 3, 6, 5, 10, 7, 8, 12, 11, 9), (1, 2, 3, 4, 6, 5, 12, 9, 8, 11, 7, 10), (2, 3, 1, 4, 8, 5, 6, 7, 9, 10, 11, 12), (1, 3, 2, 6, 4, 5, 7, 8, 9, 12, 11, 10), (2, 1, 3, 4, 6, 5, 8, 10, 9, 7, 11, 12), (1, 3, 2, 4, 7, 5, 6, 8, 9, 11, 10, 12), (1, 2, 5, 4, 3, 6, 10, 7, 8, 9, 11, 12), (2, 3, 1, 6, 4, 11, 12, 7, 5, 10, 9, 8), (1, 2, 4, 3, 5, 7, 6, 8, 9, 10, 11, 12), (6, 1, 2, 4, 3, 7, 9, 8, 5, 12, 11, 10), (3, 2, 5, 1, 8, 4, 6, 10, 7, 9, 12, 11), (3, 7, 1, 2, 4, 5, 8, 12, 6, 9, 11, 10)}
M(AUB) = 
[[1, 2, 3, 4, 5, 6, 7, 8, 9, 10, 11, 12], [1, 2, 3, 4, 5, 6, 7, 8, 9, 10, 12, 11]]
Distance:120

(6)
A = 
{(1, 2, 4, 3, 5, 6, 7, 8, 9, 10, 12, 11), (1, 5, 4, 2, 3, 8, 6, 12, 7, 10, 11, 9), (2, 1, 6, 5, 3, 9, 7, 8, 11, 4, 10, 12), (1, 6, 2, 5, 3, 7, 8, 4, 10, 9, 12, 11), (1, 2, 3, 4, 6, 5, 7, 8, 9, 10, 12, 11), (1, 2, 3, 5, 4, 6, 10, 7, 9, 8, 11, 12), (5, 1, 6, 3, 2, 9, 8, 4, 7, 12, 10, 11)}
M(A) = 
[[1, 2, 3, 4, 5, 6, 7, 8, 9, 10, 11, 12], [1, 2, 3, 4, 5, 6, 7, 8, 9, 10, 12, 11]]
Distance: 53
B = 
{(1, 2, 3, 4, 5, 6, 7, 8, 9, 11, 10, 12), (2, 6, 1, 4, 3, 5, 9, 7, 11, 8, 12, 10), (2, 1, 6, 5, 3, 4, 8, 7, 9, 10, 12, 11), (4, 1, 8, 2, 7, 3, 6, 9, 5, 10, 12, 11), (3, 1, 2, 4, 5, 6, 8, 10, 7, 9, 11, 12), (1, 2, 3, 4, 5, 6, 8, 7, 10, 9, 11, 12), (3, 7, 1, 2, 4, 8, 5, 6, 10, 11, 12, 9)}
M(B) = 
[[1, 2, 3, 4, 5, 6, 7, 8, 9, 10, 11, 12], [1, 2, 3, 4, 5, 6, 7, 8, 9, 10, 12, 11]]
Distance: 52
M(A) inter A:
set()
M(B) inter B:
set()

AUB = 
{(1, 2, 3, 4, 5, 6, 7, 8, 9, 11, 10, 12), (2, 6, 1, 4, 3, 5, 9, 7, 11, 8, 12, 10), (2, 1, 6, 5, 3, 4, 8, 7, 9, 10, 12, 11), (1, 2, 4, 3, 5, 6, 7, 8, 9, 10, 12, 11), (1, 5, 4, 2, 3, 8, 6, 12, 7, 10, 11, 9), (2, 1, 6, 5, 3, 9, 7, 8, 11, 4, 10, 12), (4, 1, 8, 2, 7, 3, 6, 9, 5, 10, 12, 11), (3, 1, 2, 4, 5, 6, 8, 10, 7, 9, 11, 12), (1, 6, 2, 5, 3, 7, 8, 4, 10, 9, 12, 11), (1, 2, 3, 4, 6, 5, 7, 8, 9, 10, 12, 11), (1, 2, 3, 4, 5, 6, 8, 7, 10, 9, 11, 12), (1, 2, 3, 5, 4, 6, 10, 7, 9, 8, 11, 12), (5, 1, 6, 3, 2, 9, 8, 4, 7, 12, 10, 11), (3, 7, 1, 2, 4, 8, 5, 6, 10, 11, 12, 9)}
M(AUB) = 
[[1, 2, 3, 4, 5, 6, 7, 8, 9, 10, 11, 12], [1, 2, 3, 4, 5, 6, 7, 8, 9, 10, 12, 11]]
Distance:113

(7)
A = 
{(6, 1, 3, 2, 4, 5, 8, 10, 7, 12, 9, 11), (2, 1, 4, 6, 3, 5, 8, 12, 11, 9, 7, 10), (1, 3, 2, 10, 5, 6, 4, 11, 7, 9, 8, 12), (4, 6, 1, 7, 2, 5, 9, 8, 3, 10, 11, 12), (1, 2, 3, 4, 5, 8, 6, 9, 7, 12, 11, 10), (1, 3, 5, 6, 2, 4, 8, 7, 11, 9, 10, 12), (4, 1, 2, 7, 5, 8, 6, 3, 10, 9, 11, 12)}
M(A) = 
[[1, 2, 3, 4, 5, 6, 7, 8, 9, 10, 11, 12], [1, 2, 4, 3, 5, 6, 7, 8, 9, 10, 11, 12]]
Distance: 75
B = 
{(2, 1, 4, 5, 7, 3, 9, 11, 6, 12, 10, 8), (1, 4, 2, 3, 5, 7, 6, 9, 8, 12, 10, 11), (2, 6, 3, 1, 5, 7, 4, 9, 10, 8, 11, 12), (1, 2, 4, 3, 5, 6, 7, 8, 10, 12, 11, 9), (1, 2, 4, 8, 5, 9, 3, 11, 7, 10, 6, 12), (3, 2, 1, 7, 5, 8, 4, 9, 11, 10, 6, 12), (1, 2, 3, 4, 5, 6, 7, 8, 9, 10, 12, 11)}
M(B) = 
[[1, 2, 3, 4, 5, 6, 7, 8, 9, 10, 11, 12], [1, 2, 4, 3, 5, 6, 7, 8, 9, 10, 11, 12]]
Distance: 60
M(A) inter A:
set()
M(B) inter B:
set()

AUB = 
{(6, 1, 3, 2, 4, 5, 8, 10, 7, 12, 9, 11), (2, 1, 4, 5, 7, 3, 9, 11, 6, 12, 10, 8), (1, 4, 2, 3, 5, 7, 6, 9, 8, 12, 10, 11), (2, 6, 3, 1, 5, 7, 4, 9, 10, 8, 11, 12), (2, 1, 4, 6, 3, 5, 8, 12, 11, 9, 7, 10), (1, 2, 4, 3, 5, 6, 7, 8, 10, 12, 11, 9), (1, 3, 2, 10, 5, 6, 4, 11, 7, 9, 8, 12), (4, 6, 1, 7, 2, 5, 9, 8, 3, 10, 11, 12), (1, 2, 3, 4, 5, 8, 6, 9, 7, 12, 11, 10), (1, 2, 4, 8, 5, 9, 3, 11, 7, 10, 6, 12), (3, 2, 1, 7, 5, 8, 4, 9, 11, 10, 6, 12), (1, 3, 5, 6, 2, 4, 8, 7, 11, 9, 10, 12), (4, 1, 2, 7, 5, 8, 6, 3, 10, 9, 11, 12), (1, 2, 3, 4, 5, 6, 7, 8, 9, 10, 12, 11)}
M(AUB) = 
[[1, 2, 3, 4, 5, 6, 7, 8, 9, 10, 11, 12], [1, 2, 4, 3, 5, 6, 7, 8, 9, 10, 11, 12]]
Distance:138

(8)
A = 
{(1, 2, 3, 4, 6, 7, 8, 5, 11, 12, 10, 9), (2, 3, 4, 5, 1, 8, 9, 7, 11, 12, 6, 10), (2, 4, 6, 3, 1, 5, 7, 8, 10, 9, 11, 12), (2, 6, 4, 3, 1, 5, 10, 8, 11, 7, 9, 12), (3, 1, 2, 5, 6, 4, 7, 9, 10, 11, 8, 12), (4, 2, 1, 3, 6, 5, 8, 7, 11, 9, 10, 12), (2, 1, 4, 3, 6, 8, 5, 9, 10, 7, 12, 11)}
M(A) = 
[[2, 1, 3, 4, 6, 5, 7, 8, 9, 10, 11, 12], [2, 1, 3, 4, 6, 5, 7, 8, 10, 9, 11, 12], [2, 1, 3, 4, 6, 5, 8, 7, 9, 10, 11, 12], [2, 1, 3, 4, 6, 5, 8, 7, 10, 9, 11, 12], [2, 1, 4, 3, 6, 5, 7, 8, 9, 10, 11, 12], [2, 1, 4, 3, 6, 5, 7, 8, 10, 9, 11, 12], [2, 1, 4, 3, 6, 5, 8, 7, 9, 10, 11, 12], [2, 1, 4, 3, 6, 5, 8, 7, 10, 9, 11, 12]]
Distance: 56
B = 
{(1, 3, 6, 4, 2, 10, 8, 5, 7, 9, 12, 11), (4, 2, 6, 1, 9, 3, 5, 8, 7, 11, 10, 12), (2, 4, 5, 12, 6, 1, 10, 3, 7, 9, 11, 8), (1, 2, 3, 5, 4, 6, 7, 8, 9, 10, 11, 12), (1, 4, 2, 8, 3, 6, 5, 7, 10, 12, 11, 9), (2, 3, 6, 5, 1, 4, 12, 7, 8, 11, 9, 10), (1, 2, 3, 4, 5, 6, 10, 7, 8, 12, 9, 11)}
M(B) = 
[[2, 1, 3, 4, 6, 5, 7, 8, 9, 10, 11, 12], [2, 1, 3, 4, 6, 5, 7, 8, 10, 9, 11, 12], [2, 1, 3, 4, 6, 5, 8, 7, 9, 10, 11, 12], [2, 1, 3, 4, 6, 5, 8, 7, 10, 9, 11, 12], [2, 1, 4, 3, 6, 5, 7, 8, 9, 10, 11, 12], [2, 1, 4, 3, 6, 5, 7, 8, 10, 9, 11, 12], [2, 1, 4, 3, 6, 5, 8, 7, 9, 10, 11, 12], [2, 1, 4, 3, 6, 5, 8, 7, 10, 9, 11, 12]]
Distance: 71
M(A) inter A:
set()
M(B) inter B:
set()

AUB = 
{(1, 3, 6, 4, 2, 10, 8, 5, 7, 9, 12, 11), (4, 2, 6, 1, 9, 3, 5, 8, 7, 11, 10, 12), (2, 4, 5, 12, 6, 1, 10, 3, 7, 9, 11, 8), (1, 2, 3, 4, 6, 7, 8, 5, 11, 12, 10, 9), (2, 3, 4, 5, 1, 8, 9, 7, 11, 12, 6, 10), (1, 2, 3, 5, 4, 6, 7, 8, 9, 10, 11, 12), (2, 4, 6, 3, 1, 5, 7, 8, 10, 9, 11, 12), (2, 6, 4, 3, 1, 5, 10, 8, 11, 7, 9, 12), (1, 4, 2, 8, 3, 6, 5, 7, 10, 12, 11, 9), (3, 1, 2, 5, 6, 4, 7, 9, 10, 11, 8, 12), (4, 2, 1, 3, 6, 5, 8, 7, 11, 9, 10, 12), (2, 3, 6, 5, 1, 4, 12, 7, 8, 11, 9, 10), (2, 1, 4, 3, 6, 8, 5, 9, 10, 7, 12, 11), (1, 2, 3, 4, 5, 6, 10, 7, 8, 12, 9, 11)}
M(AUB) = 
[[2, 1, 3, 4, 6, 5, 7, 8, 9, 10, 11, 12], [2, 1, 3, 4, 6, 5, 7, 8, 10, 9, 11, 12], [2, 1, 3, 4, 6, 5, 8, 7, 9, 10, 11, 12], [2, 1, 3, 4, 6, 5, 8, 7, 10, 9, 11, 12], [2, 1, 4, 3, 6, 5, 7, 8, 9, 10, 11, 12], [2, 1, 4, 3, 6, 5, 7, 8, 10, 9, 11, 12], [2, 1, 4, 3, 6, 5, 8, 7, 9, 10, 11, 12], [2, 1, 4, 3, 6, 5, 8, 7, 10, 9, 11, 12]]
Distance:137

(9)
A = 
{(3, 1, 5, 4, 2, 7, 6, 11, 8, 10, 9, 12), (2, 1, 3, 5, 6, 4, 7, 10, 9, 8, 12, 11), (5, 3, 2, 1, 8, 4, 10, 6, 7, 9, 11, 12), (1, 2, 3, 4, 5, 6, 8, 7, 10, 9, 12, 11), (2, 4, 5, 7, 6, 1, 9, 11, 8, 10, 3, 12), (2, 4, 3, 5, 1, 6, 8, 7, 10, 9, 11, 12), (3, 1, 2, 4, 7, 6, 8, 9, 10, 5, 11, 12)}
M(A) = 
[[1, 2, 3, 4, 5, 6, 7, 8, 10, 9, 11, 12], [2, 1, 3, 4, 5, 6, 7, 8, 10, 9, 11, 12]]
Distance: 60
B = 
{(3, 6, 1, 2, 4, 8, 12, 10, 5, 11, 9, 7), (5, 2, 1, 3, 6, 4, 7, 12, 8, 9, 11, 10), (1, 2, 5, 10, 3, 6, 8, 4, 11, 9, 7, 12), (1, 2, 3, 4, 5, 7, 6, 8, 9, 10, 11, 12), (1, 3, 10, 5, 2, 11, 4, 8, 6, 9, 12, 7), (4, 2, 1, 7, 5, 3, 6, 9, 8, 11, 10, 12), (2, 4, 1, 3, 5, 6, 7, 10, 11, 8, 9, 12)}
M(B) = 
[[1, 2, 3, 4, 5, 6, 7, 8, 10, 9, 11, 12], [2, 1, 3, 4, 5, 6, 7, 8, 10, 9, 11, 12]]
Distance: 79
M(A) inter A:
set()
M(B) inter B:
set()

AUB = 
{(2, 4, 1, 3, 5, 6, 7, 10, 11, 8, 9, 12), (3, 1, 5, 4, 2, 7, 6, 11, 8, 10, 9, 12), (2, 1, 3, 5, 6, 4, 7, 10, 9, 8, 12, 11), (5, 3, 2, 1, 8, 4, 10, 6, 7, 9, 11, 12), (3, 6, 1, 2, 4, 8, 12, 10, 5, 11, 9, 7), (5, 2, 1, 3, 6, 4, 7, 12, 8, 9, 11, 10), (1, 2, 5, 10, 3, 6, 8, 4, 11, 9, 7, 12), (1, 2, 3, 4, 5, 6, 8, 7, 10, 9, 12, 11), (1, 2, 3, 4, 5, 7, 6, 8, 9, 10, 11, 12), (1, 3, 10, 5, 2, 11, 4, 8, 6, 9, 12, 7), (2, 4, 5, 7, 6, 1, 9, 11, 8, 10, 3, 12), (4, 2, 1, 7, 5, 3, 6, 9, 8, 11, 10, 12), (2, 4, 3, 5, 1, 6, 8, 7, 10, 9, 11, 12), (3, 1, 2, 4, 7, 6, 8, 9, 10, 5, 11, 12)}
M(AUB) = 
[[1, 2, 3, 4, 5, 6, 7, 8, 10, 9, 11, 12], [2, 1, 3, 4, 5, 6, 7, 8, 10, 9, 11, 12]]
Distance:142

(10)
A = 
{(5, 1, 2, 4, 7, 3, 8, 6, 9, 12, 10, 11), (2, 6, 1, 3, 8, 5, 10, 7, 4, 9, 12, 11), (3, 6, 2, 4, 1, 5, 8, 7, 11, 9, 12, 10), (2, 1, 3, 4, 5, 6, 7, 8, 10, 9, 11, 12), (1, 2, 3, 5, 6, 4, 9, 7, 10, 8, 12, 11), (4, 5, 1, 3, 2, 6, 8, 12, 11, 7, 9, 10), (6, 3, 1, 7, 2, 4, 8, 5, 9, 10, 11, 12)}
M(A) = 
[[1, 2, 3, 4, 5, 6, 7, 8, 9, 10, 11, 12], [1, 2, 3, 4, 5, 6, 8, 7, 9, 10, 11, 12]]
Distance: 69
B = 
{(1, 3, 2, 4, 5, 12, 6, 8, 7, 10, 9, 11), (1, 2, 3, 4, 5, 6, 8, 7, 9, 10, 11, 12), (1, 2, 4, 3, 5, 6, 7, 8, 9, 10, 11, 12), (2, 1, 4, 11, 5, 7, 6, 3, 9, 10, 8, 12), (3, 1, 2, 4, 5, 6, 7, 9, 8, 10, 11, 12), (5, 1, 3, 4, 6, 2, 11, 8, 12, 9, 7, 10), (2, 1, 3, 5, 4, 6, 8, 7, 9, 12, 11, 10)}
M(B) = 
[[1, 2, 3, 4, 5, 6, 7, 8, 9, 10, 11, 12], [1, 2, 3, 4, 5, 6, 8, 7, 9, 10, 11, 12]]
Distance: 50
M(A) inter A:
set()
M(B) inter B:
{(1, 2, 3, 4, 5, 6, 8, 7, 9, 10, 11, 12)}

AUB = 
{(2, 1, 3, 5, 4, 6, 8, 7, 9, 12, 11, 10), (1, 3, 2, 4, 5, 12, 6, 8, 7, 10, 9, 11), (1, 2, 3, 4, 5, 6, 8, 7, 9, 10, 11, 12), (1, 2, 4, 3, 5, 6, 7, 8, 9, 10, 11, 12), (2, 1, 4, 11, 5, 7, 6, 3, 9, 10, 8, 12), (5, 1, 2, 4, 7, 3, 8, 6, 9, 12, 10, 11), (2, 6, 1, 3, 8, 5, 10, 7, 4, 9, 12, 11), (3, 6, 2, 4, 1, 5, 8, 7, 11, 9, 12, 10), (2, 1, 3, 4, 5, 6, 7, 8, 10, 9, 11, 12), (1, 2, 3, 5, 6, 4, 9, 7, 10, 8, 12, 11), (3, 1, 2, 4, 5, 6, 7, 9, 8, 10, 11, 12), (6, 3, 1, 7, 2, 4, 8, 5, 9, 10, 11, 12), (4, 5, 1, 3, 2, 6, 8, 12, 11, 7, 9, 10), (5, 1, 3, 4, 6, 2, 11, 8, 12, 9, 7, 10)}
M(AUB) = 
[[1, 2, 3, 4, 5, 6, 7, 8, 9, 10, 11, 12], [1, 2, 3, 4, 5, 6, 8, 7, 9, 10, 11, 12]]
Distance:121

(11)
A = 
{(1, 4, 7, 3, 6, 2, 8, 5, 10, 11, 12, 9), (6, 1, 3, 2, 5, 4, 7, 8, 9, 12, 11, 10), (1, 4, 2, 6, 5, 3, 9, 8, 10, 7, 12, 11), (4, 1, 5, 3, 2, 8, 6, 7, 12, 9, 10, 11), (3, 1, 4, 6, 2, 5, 9, 12, 7, 8, 11, 10), (5, 2, 4, 1, 8, 6, 3, 9, 12, 7, 11, 10), (4, 5, 2, 1, 3, 6, 8, 11, 7, 9, 10, 12)}
M(A) = 
[[1, 2, 4, 3, 5, 6, 7, 8, 9, 10, 12, 11], [1, 2, 4, 3, 6, 5, 7, 8, 9, 10, 12, 11], [1, 2, 4, 5, 3, 6, 7, 8, 9, 10, 12, 11], [1, 4, 2, 3, 5, 6, 7, 8, 9, 10, 12, 11], [1, 4, 2, 3, 6, 5, 7, 8, 9, 10, 12, 11], [1, 4, 2, 5, 3, 6, 7, 8, 9, 10, 12, 11]]
Distance: 69
B = 
{(2, 6, 1, 4, 3, 5, 10, 7, 9, 12, 8, 11), (2, 4, 1, 7, 6, 3, 5, 10, 8, 9, 11, 12), (2, 1, 3, 4, 5, 7, 6, 8, 10, 9, 11, 12), (1, 5, 4, 3, 2, 10, 6, 7, 9, 11, 8, 12), (1, 4, 2, 5, 3, 8, 6, 10, 7, 11, 12, 9), (2, 1, 3, 5, 6, 4, 8, 7, 9, 12, 10, 11), (1, 6, 2, 4, 5, 3, 7, 9, 8, 10, 12, 11)}
M(B) = 
[[1, 2, 4, 3, 5, 6, 7, 8, 9, 10, 12, 11], [1, 2, 4, 3, 6, 5, 7, 8, 9, 10, 12, 11], [1, 2, 4, 5, 3, 6, 7, 8, 9, 10, 12, 11], [1, 4, 2, 3, 5, 6, 7, 8, 9, 10, 12, 11], [1, 4, 2, 3, 6, 5, 7, 8, 9, 10, 12, 11], [1, 4, 2, 5, 3, 6, 7, 8, 9, 10, 12, 11]]
Distance: 53
M(A) inter A:
set()
M(B) inter B:
set()

AUB = 
{(1, 4, 7, 3, 6, 2, 8, 5, 10, 11, 12, 9), (6, 1, 3, 2, 5, 4, 7, 8, 9, 12, 11, 10), (1, 4, 2, 6, 5, 3, 9, 8, 10, 7, 12, 11), (2, 6, 1, 4, 3, 5, 10, 7, 9, 12, 8, 11), (4, 1, 5, 3, 2, 8, 6, 7, 12, 9, 10, 11), (3, 1, 4, 6, 2, 5, 9, 12, 7, 8, 11, 10), (5, 2, 4, 1, 8, 6, 3, 9, 12, 7, 11, 10), (2, 4, 1, 7, 6, 3, 5, 10, 8, 9, 11, 12), (2, 1, 3, 4, 5, 7, 6, 8, 10, 9, 11, 12), (1, 5, 4, 3, 2, 10, 6, 7, 9, 11, 8, 12), (1, 4, 2, 5, 3, 8, 6, 10, 7, 11, 12, 9), (2, 1, 3, 5, 6, 4, 8, 7, 9, 12, 10, 11), (4, 5, 2, 1, 3, 6, 8, 11, 7, 9, 10, 12), (1, 6, 2, 4, 5, 3, 7, 9, 8, 10, 12, 11)}
M(AUB) = 
[[1, 2, 4, 3, 5, 6, 7, 8, 9, 10, 12, 11], [1, 2, 4, 3, 6, 5, 7, 8, 9, 10, 12, 11], [1, 2, 4, 5, 3, 6, 7, 8, 9, 10, 12, 11], [1, 4, 2, 3, 5, 6, 7, 8, 9, 10, 12, 11], [1, 4, 2, 3, 6, 5, 7, 8, 9, 10, 12, 11], [1, 4, 2, 5, 3, 6, 7, 8, 9, 10, 12, 11]]
Distance:135

(12)
A = 
{(3, 4, 2, 1, 7, 5, 6, 10, 9, 11, 12, 8), (1, 2, 4, 3, 5, 6, 9, 8, 11, 10, 12, 7), (3, 2, 6, 11, 4, 1, 5, 12, 8, 7, 9, 10), (4, 1, 3, 6, 2, 5, 10, 12, 7, 8, 9, 11), (4, 6, 1, 3, 8, 2, 5, 7, 12, 11, 9, 10), (1, 2, 3, 4, 5, 6, 9, 7, 8, 10, 11, 12), (2, 1, 6, 5, 7, 8, 4, 3, 11, 10, 12, 9)}
M(A) = 
[[1, 2, 3, 4, 5, 6, 7, 8, 9, 11, 10, 12], [1, 2, 3, 4, 5, 6, 8, 7, 9, 11, 10, 12]]
Distance: 81
B = 
{(2, 3, 1, 4, 9, 11, 6, 7, 10, 5, 8, 12), (1, 4, 2, 5, 6, 3, 8, 7, 10, 9, 12, 11), (6, 1, 2, 9, 3, 5, 4, 8, 12, 7, 11, 10), (3, 1, 5, 2, 11, 4, 8, 7, 12, 6, 9, 10), (2, 1, 4, 3, 8, 5, 9, 6, 12, 7, 10, 11), (3, 1, 2, 5, 4, 7, 8, 6, 10, 11, 9, 12), (1, 2, 3, 5, 6, 4, 7, 8, 9, 11, 10, 12)}
M(B) = 
[[1, 2, 3, 4, 5, 6, 7, 8, 9, 11, 10, 12], [1, 2, 3, 4, 5, 6, 8, 7, 9, 11, 10, 12]]
Distance: 71
M(A) inter A:
set()
M(B) inter B:
set()

AUB = 
{(3, 4, 2, 1, 7, 5, 6, 10, 9, 11, 12, 8), (1, 2, 4, 3, 5, 6, 9, 8, 11, 10, 12, 7), (3, 2, 6, 11, 4, 1, 5, 12, 8, 7, 9, 10), (2, 3, 1, 4, 9, 11, 6, 7, 10, 5, 8, 12), (4, 1, 3, 6, 2, 5, 10, 12, 7, 8, 9, 11), (1, 4, 2, 5, 6, 3, 8, 7, 10, 9, 12, 11), (4, 6, 1, 3, 8, 2, 5, 7, 12, 11, 9, 10), (6, 1, 2, 9, 3, 5, 4, 8, 12, 7, 11, 10), (1, 2, 3, 4, 5, 6, 9, 7, 8, 10, 11, 12), (3, 1, 5, 2, 11, 4, 8, 7, 12, 6, 9, 10), (2, 1, 6, 5, 7, 8, 4, 3, 11, 10, 12, 9), (2, 1, 4, 3, 8, 5, 9, 6, 12, 7, 10, 11), (3, 1, 2, 5, 4, 7, 8, 6, 10, 11, 9, 12), (1, 2, 3, 5, 6, 4, 7, 8, 9, 11, 10, 12)}
M(AUB) = 
[[1, 2, 3, 4, 5, 6, 7, 8, 9, 11, 10, 12], [1, 2, 3, 4, 5, 6, 8, 7, 9, 11, 10, 12]]
Distance:157

(13)
A = 
{(1, 3, 2, 4, 7, 5, 6, 8, 9, 10, 12, 11), (2, 4, 3, 1, 5, 6, 7, 9, 8, 10, 12, 11), (2, 1, 3, 5, 4, 7, 6, 9, 10, 11, 8, 12), (1, 2, 4, 5, 3, 6, 7, 8, 9, 10, 11, 12), (3, 2, 7, 1, 6, 8, 4, 10, 5, 12, 9, 11), (1, 4, 3, 6, 2, 8, 5, 9, 7, 11, 10, 12), (2, 4, 5, 1, 3, 11, 8, 7, 9, 10, 6, 12)}
M(A) = 
[[2, 1, 4, 3, 5, 7, 6, 8, 9, 10, 11, 12], [2, 1, 4, 3, 5, 7, 6, 8, 9, 10, 12, 11], [2, 1, 4, 3, 5, 7, 6, 8, 9, 11, 10, 12]]
Distance: 54
B = 
{(5, 3, 1, 6, 2, 8, 4, 7, 9, 11, 10, 12), (4, 1, 2, 7, 3, 12, 6, 11, 5, 10, 9, 8), (5, 1, 2, 7, 6, 9, 4, 3, 8, 12, 11, 10), (2, 3, 1, 8, 4, 5, 7, 9, 6, 11, 12, 10), (2, 4, 6, 1, 5, 9, 7, 8, 3, 12, 11, 10), (2, 3, 1, 4, 5, 8, 7, 10, 9, 6, 12, 11), (4, 5, 6, 3, 2, 1, 10, 11, 8, 9, 12, 7)}
M(B) = 
[[2, 1, 4, 3, 5, 7, 6, 8, 9, 10, 11, 12], [2, 1, 4, 3, 5, 7, 6, 8, 9, 10, 12, 11], [2, 1, 4, 3, 5, 7, 6, 8, 9, 11, 10, 12]]
Distance: 93
M(A) inter A:
set()
M(B) inter B:
set()

AUB = 
{(4, 5, 6, 3, 2, 1, 10, 11, 8, 9, 12, 7), (1, 3, 2, 4, 7, 5, 6, 8, 9, 10, 12, 11), (5, 3, 1, 6, 2, 8, 4, 7, 9, 11, 10, 12), (2, 4, 3, 1, 5, 6, 7, 9, 8, 10, 12, 11), (2, 1, 3, 5, 4, 7, 6, 9, 10, 11, 8, 12), (1, 2, 4, 5, 3, 6, 7, 8, 9, 10, 11, 12), (3, 2, 7, 1, 6, 8, 4, 10, 5, 12, 9, 11), (4, 1, 2, 7, 3, 12, 6, 11, 5, 10, 9, 8), (5, 1, 2, 7, 6, 9, 4, 3, 8, 12, 11, 10), (2, 3, 1, 8, 4, 5, 7, 9, 6, 11, 12, 10), (2, 4, 6, 1, 5, 9, 7, 8, 3, 12, 11, 10), (1, 4, 3, 6, 2, 8, 5, 9, 7, 11, 10, 12), (2, 3, 1, 4, 5, 8, 7, 10, 9, 6, 12, 11), (2, 4, 5, 1, 3, 11, 8, 7, 9, 10, 6, 12)}
M(AUB) = 
[[2, 1, 4, 3, 5, 7, 6, 8, 9, 10, 11, 12], [2, 1, 4, 3, 5, 7, 6, 8, 9, 10, 12, 11], [2, 1, 4, 3, 5, 7, 6, 8, 9, 11, 10, 12]]
Distance:153

(14)
A = 
{(3, 4, 1, 2, 6, 7, 5, 11, 10, 8, 12, 9), (1, 2, 3, 4, 5, 6, 7, 8, 9, 10, 11, 12), (2, 4, 1, 8, 5, 6, 3, 7, 10, 11, 9, 12), (6, 5, 1, 8, 4, 9, 2, 7, 11, 10, 3, 12), (2, 1, 4, 3, 5, 6, 8, 7, 9, 11, 12, 10), (2, 4, 3, 1, 6, 12, 7, 5, 9, 8, 10, 11), (1, 2, 3, 4, 6, 5, 8, 7, 9, 12, 10, 11)}
M(A) = 
[[1, 2, 3, 4, 5, 6, 7, 8, 9, 10, 11, 12], [1, 2, 3, 4, 5, 6, 8, 7, 9, 10, 11, 12], [1, 2, 4, 3, 5, 6, 7, 8, 9, 10, 11, 12], [1, 2, 4, 3, 5, 6, 8, 7, 9, 10, 11, 12], [2, 1, 3, 4, 5, 6, 7, 8, 9, 10, 11, 12], [2, 1, 3, 4, 5, 6, 8, 7, 9, 10, 11, 12], [2, 1, 4, 3, 5, 6, 7, 8, 9, 10, 11, 12], [2, 1, 4, 3, 5, 6, 8, 7, 9, 10, 11, 12]]
Distance: 64
B = 
{(2, 1, 4, 3, 8, 5, 6, 9, 12, 7, 10, 11), (3, 1, 2, 5, 4, 6, 7, 8, 12, 9, 11, 10), (2, 3, 1, 4, 5, 6, 7, 9, 10, 8, 11, 12), (2, 1, 8, 3, 6, 5, 9, 4, 11, 7, 10, 12), (1, 2, 4, 3, 5, 6, 7, 9, 10, 8, 12, 11), (2, 1, 4, 5, 3, 7, 6, 9, 8, 10, 11, 12), (1, 3, 2, 4, 6, 8, 9, 5, 7, 12, 10, 11)}
M(B) = 
[[1, 2, 3, 4, 5, 6, 7, 8, 9, 10, 11, 12], [1, 2, 3, 4, 5, 6, 8, 7, 9, 10, 11, 12], [1, 2, 4, 3, 5, 6, 7, 8, 9, 10, 11, 12], [1, 2, 4, 3, 5, 6, 8, 7, 9, 10, 11, 12], [2, 1, 3, 4, 5, 6, 7, 8, 9, 10, 11, 12], [2, 1, 3, 4, 5, 6, 8, 7, 9, 10, 11, 12], [2, 1, 4, 3, 5, 6, 7, 8, 9, 10, 11, 12], [2, 1, 4, 3, 5, 6, 8, 7, 9, 10, 11, 12]]
Distance: 48
M(A) inter A:
set()
M(B) inter B:
set()

AUB = 
{(1, 3, 2, 4, 6, 8, 9, 5, 7, 12, 10, 11), (3, 4, 1, 2, 6, 7, 5, 11, 10, 8, 12, 9), (1, 2, 3, 4, 5, 6, 7, 8, 9, 10, 11, 12), (2, 4, 1, 8, 5, 6, 3, 7, 10, 11, 9, 12), (2, 1, 4, 3, 8, 5, 6, 9, 12, 7, 10, 11), (6, 5, 1, 8, 4, 9, 2, 7, 11, 10, 3, 12), (3, 1, 2, 5, 4, 6, 7, 8, 12, 9, 11, 10), (2, 1, 4, 3, 5, 6, 8, 7, 9, 11, 12, 10), (2, 3, 1, 4, 5, 6, 7, 9, 10, 8, 11, 12), (2, 1, 8, 3, 6, 5, 9, 4, 11, 7, 10, 12), (1, 2, 4, 3, 5, 6, 7, 9, 10, 8, 12, 11), (2, 4, 3, 1, 6, 12, 7, 5, 9, 8, 10, 11), (2, 1, 4, 5, 3, 7, 6, 9, 8, 10, 11, 12), (1, 2, 3, 4, 6, 5, 8, 7, 9, 12, 10, 11)}
M(AUB) = 
[[1, 2, 3, 4, 5, 6, 7, 8, 9, 10, 11, 12], [1, 2, 3, 4, 5, 6, 8, 7, 9, 10, 11, 12], [1, 2, 4, 3, 5, 6, 7, 8, 9, 10, 11, 12], [1, 2, 4, 3, 5, 6, 8, 7, 9, 10, 11, 12], [2, 1, 3, 4, 5, 6, 7, 8, 9, 10, 11, 12], [2, 1, 3, 4, 5, 6, 8, 7, 9, 10, 11, 12], [2, 1, 4, 3, 5, 6, 7, 8, 9, 10, 11, 12], [2, 1, 4, 3, 5, 6, 8, 7, 9, 10, 11, 12]]
Distance:117

(15)
A = 
{(4, 1, 2, 8, 3, 5, 7, 6, 9, 10, 11, 12), (1, 2, 4, 3, 5, 6, 7, 11, 10, 8, 9, 12), (1, 4, 2, 3, 5, 6, 7, 8, 9, 10, 12, 11), (1, 2, 3, 4, 5, 6, 7, 8, 9, 10, 11, 12), (3, 1, 2, 5, 4, 6, 7, 8, 10, 11, 9, 12), (1, 2, 3, 4, 6, 5, 7, 8, 10, 9, 11, 12), (3, 2, 5, 1, 4, 6, 8, 7, 10, 9, 11, 12)}
M(A) = 
[[1, 2, 3, 4, 5, 6, 7, 8, 10, 9, 11, 12]]
Distance: 30
B = 
{(3, 1, 7, 5, 2, 4, 6, 9, 10, 8, 12, 11), (2, 1, 3, 4, 7, 5, 6, 9, 8, 11, 12, 10), (1, 3, 5, 4, 2, 6, 10, 8, 11, 7, 12, 9), (2, 1, 6, 4, 7, 3, 10, 8, 5, 11, 9, 12), (1, 2, 5, 4, 3, 6, 10, 12, 8, 7, 9, 11), (2, 1, 5, 6, 3, 4, 7, 8, 10, 11, 9, 12), (1, 2, 3, 4, 5, 6, 8, 9, 7, 10, 11, 12)}
M(B) = 
[[1, 2, 3, 4, 5, 6, 7, 8, 10, 9, 11, 12]]
Distance: 57
M(A) inter A:
set()
M(B) inter B:
set()

AUB = 
{(3, 1, 7, 5, 2, 4, 6, 9, 10, 8, 12, 11), (4, 1, 2, 8, 3, 5, 7, 6, 9, 10, 11, 12), (2, 1, 3, 4, 7, 5, 6, 9, 8, 11, 12, 10), (1, 2, 4, 3, 5, 6, 7, 11, 10, 8, 9, 12), (1, 3, 5, 4, 2, 6, 10, 8, 11, 7, 12, 9), (1, 4, 2, 3, 5, 6, 7, 8, 9, 10, 12, 11), (1, 2, 3, 4, 5, 6, 7, 8, 9, 10, 11, 12), (2, 1, 6, 4, 7, 3, 10, 8, 5, 11, 9, 12), (1, 2, 5, 4, 3, 6, 10, 12, 8, 7, 9, 11), (3, 1, 2, 5, 4, 6, 7, 8, 10, 11, 9, 12), (2, 1, 5, 6, 3, 4, 7, 8, 10, 11, 9, 12), (1, 2, 3, 4, 6, 5, 7, 8, 10, 9, 11, 12), (3, 2, 5, 1, 4, 6, 8, 7, 10, 9, 11, 12), (1, 2, 3, 4, 5, 6, 8, 9, 7, 10, 11, 12)}
M(AUB) = 
[[1, 2, 3, 4, 5, 6, 7, 8, 10, 9, 11, 12]]
Distance:89

(16)
A = 
{(1, 2, 3, 5, 4, 10, 7, 6, 8, 9, 12, 11), (2, 3, 1, 6, 4, 5, 10, 8, 7, 9, 12, 11), (5, 1, 3, 2, 6, 8, 12, 4, 10, 9, 11, 7), (1, 3, 2, 6, 4, 7, 5, 8, 10, 9, 12, 11), (3, 1, 2, 4, 5, 6, 10, 7, 9, 8, 11, 12), (4, 2, 5, 3, 8, 6, 9, 1, 7, 11, 10, 12), (8, 3, 1, 4, 5, 9, 6, 7, 2, 11, 12, 10)}
M(A) = 
[[1, 2, 3, 4, 5, 6, 7, 8, 9, 10, 11, 12], [1, 2, 3, 4, 5, 6, 8, 7, 9, 10, 11, 12]]
Distance: 69
B = 
{(4, 2, 1, 3, 5, 8, 11, 6, 9, 7, 12, 10), (1, 2, 3, 4, 5, 7, 6, 9, 8, 10, 11, 12), (1, 2, 5, 3, 6, 4, 7, 9, 10, 8, 11, 12), (1, 4, 8, 2, 3, 5, 9, 7, 6, 10, 11, 12), (2, 1, 4, 6, 3, 5, 7, 9, 8, 10, 12, 11), (5, 1, 6, 2, 9, 3, 11, 4, 7, 8, 12, 10), (1, 6, 2, 5, 3, 4, 8, 7, 10, 12, 11, 9)}
M(B) = 
[[1, 2, 3, 4, 5, 6, 7, 8, 9, 10, 11, 12], [1, 2, 3, 4, 5, 6, 8, 7, 9, 10, 11, 12]]
Distance: 61
M(A) inter A:
set()
M(B) inter B:
set()

AUB = 
{(5, 1, 6, 2, 9, 3, 11, 4, 7, 8, 12, 10), (1, 6, 2, 5, 3, 4, 8, 7, 10, 12, 11, 9), (4, 2, 1, 3, 5, 8, 11, 6, 9, 7, 12, 10), (1, 2, 3, 4, 5, 7, 6, 9, 8, 10, 11, 12), (1, 2, 5, 3, 6, 4, 7, 9, 10, 8, 11, 12), (1, 4, 8, 2, 3, 5, 9, 7, 6, 10, 11, 12), (1, 2, 3, 5, 4, 10, 7, 6, 8, 9, 12, 11), (2, 3, 1, 6, 4, 5, 10, 8, 7, 9, 12, 11), (5, 1, 3, 2, 6, 8, 12, 4, 10, 9, 11, 7), (1, 3, 2, 6, 4, 7, 5, 8, 10, 9, 12, 11), (2, 1, 4, 6, 3, 5, 7, 9, 8, 10, 12, 11), (8, 3, 1, 4, 5, 9, 6, 7, 2, 11, 12, 10), (3, 1, 2, 4, 5, 6, 10, 7, 9, 8, 11, 12), (4, 2, 5, 3, 8, 6, 9, 1, 7, 11, 10, 12)}
M(AUB) = 
[[1, 2, 3, 4, 5, 6, 7, 8, 9, 10, 11, 12], [1, 2, 3, 4, 5, 6, 8, 7, 9, 10, 11, 12]]
Distance:139

(17)
A = 
{(2, 3, 8, 1, 5, 9, 7, 6, 10, 12, 11, 4), (5, 1, 2, 3, 6, 4, 8, 7, 12, 9, 11, 10), (1, 4, 6, 2, 3, 7, 10, 9, 8, 5, 11, 12), (1, 2, 4, 3, 5, 8, 7, 9, 6, 10, 11, 12), (1, 10, 3, 4, 5, 7, 2, 12, 6, 11, 8, 9), (1, 4, 3, 2, 6, 7, 8, 5, 9, 12, 10, 11), (2, 6, 3, 1, 7, 5, 10, 4, 9, 12, 8, 11)}
M(A) = 
[[1, 2, 3, 4, 5, 6, 7, 8, 9, 10, 11, 12], [1, 2, 3, 4, 5, 6, 7, 8, 9, 10, 12, 11], [1, 2, 3, 4, 6, 5, 7, 8, 9, 10, 11, 12], [1, 2, 3, 4, 6, 5, 7, 8, 9, 10, 12, 11]]
Distance: 84
B = 
{(1, 2, 3, 4, 5, 6, 7, 8, 9, 10, 11, 12), (4, 1, 2, 3, 6, 5, 10, 9, 12, 7, 11, 8), (1, 2, 4, 3, 6, 7, 10, 5, 9, 8, 11, 12), (6, 3, 5, 4, 1, 8, 2, 9, 7, 10, 12, 11), (2, 1, 3, 4, 6, 8, 5, 9, 10, 7, 11, 12), (1, 2, 3, 5, 4, 7, 6, 9, 8, 10, 11, 12), (1, 2, 4, 5, 3, 6, 8, 9, 10, 7, 11, 12)}
M(B) = 
[[1, 2, 3, 4, 5, 6, 7, 8, 9, 10, 11, 12], [1, 2, 3, 4, 5, 6, 7, 8, 9, 10, 12, 11], [1, 2, 3, 4, 6, 5, 7, 8, 9, 10, 11, 12], [1, 2, 3, 4, 6, 5, 7, 8, 9, 10, 12, 11]]
Distance: 49
M(A) inter A:
set()
M(B) inter B:
set()

AUB = 
{(2, 3, 8, 1, 5, 9, 7, 6, 10, 12, 11, 4), (5, 1, 2, 3, 6, 4, 8, 7, 12, 9, 11, 10), (1, 4, 6, 2, 3, 7, 10, 9, 8, 5, 11, 12), (1, 2, 3, 4, 5, 6, 7, 8, 9, 10, 11, 12), (4, 1, 2, 3, 6, 5, 10, 9, 12, 7, 11, 8), (1, 2, 4, 3, 6, 7, 10, 5, 9, 8, 11, 12), (1, 10, 3, 4, 5, 7, 2, 12, 6, 11, 8, 9), (1, 4, 3, 2, 6, 7, 8, 5, 9, 12, 10, 11), (1, 2, 4, 3, 5, 8, 7, 9, 6, 10, 11, 12), (6, 3, 5, 4, 1, 8, 2, 9, 7, 10, 12, 11), (2, 6, 3, 1, 7, 5, 10, 4, 9, 12, 8, 11), (2, 1, 3, 4, 6, 8, 5, 9, 10, 7, 11, 12), (1, 2, 3, 5, 4, 7, 6, 9, 8, 10, 11, 12), (1, 2, 4, 5, 3, 6, 8, 9, 10, 7, 11, 12)}
M(AUB) = 
[[1, 2, 3, 4, 5, 6, 7, 8, 9, 10, 11, 12], [1, 2, 3, 4, 5, 6, 7, 8, 9, 10, 12, 11], [1, 2, 3, 4, 6, 5, 7, 8, 9, 10, 11, 12], [1, 2, 3, 4, 6, 5, 7, 8, 9, 10, 12, 11]]
Distance:137

(18)
A = 
{(1, 3, 2, 4, 5, 7, 8, 6, 9, 11, 10, 12), (1, 4, 2, 3, 6, 5, 7, 9, 8, 12, 11, 10), (2, 3, 1, 5, 7, 4, 8, 6, 12, 11, 9, 10), (1, 4, 2, 5, 3, 7, 6, 8, 9, 11, 12, 10), (4, 5, 6, 2, 3, 1, 10, 7, 11, 8, 12, 9), (3, 2, 4, 1, 5, 8, 6, 9, 11, 7, 10, 12), (2, 1, 5, 4, 3, 8, 6, 7, 9, 10, 11, 12)}
M(A) = 
[[2, 1, 3, 4, 5, 6, 7, 8, 9, 10, 11, 12], [2, 3, 1, 4, 5, 6, 7, 8, 9, 10, 11, 12]]
Distance: 55
B = 
{(1, 2, 3, 4, 5, 6, 7, 8, 9, 10, 11, 12), (4, 2, 1, 5, 7, 3, 12, 9, 6, 11, 10, 8), (2, 3, 1, 5, 4, 7, 6, 8, 10, 9, 12, 11), (3, 5, 2, 4, 8, 6, 1, 10, 7, 9, 11, 12), (1, 3, 2, 4, 5, 7, 8, 10, 6, 11, 9, 12), (3, 2, 1, 4, 5, 6, 7, 8, 10, 9, 12, 11), (3, 1, 4, 2, 10, 6, 5, 12, 9, 11, 8, 7)}
M(B) = 
[[2, 1, 3, 4, 5, 6, 7, 8, 9, 10, 11, 12], [2, 3, 1, 4, 5, 6, 7, 8, 9, 10, 11, 12]]
Distance: 58
M(A) inter A:
set()
M(B) inter B:
{(3, 2, 1, 4, 5, 6, 7, 8, 10, 9, 12, 11)}

AUB = 
{(1, 3, 2, 4, 5, 7, 8, 6, 9, 11, 10, 12), (1, 4, 2, 3, 6, 5, 7, 9, 8, 12, 11, 10), (1, 2, 3, 4, 5, 6, 7, 8, 9, 10, 11, 12), (4, 2, 1, 5, 7, 3, 12, 9, 6, 11, 10, 8), (2, 3, 1, 5, 4, 7, 6, 8, 10, 9, 12, 11), (2, 3, 1, 5, 7, 4, 8, 6, 12, 11, 9, 10), (3, 5, 2, 4, 8, 6, 1, 10, 7, 9, 11, 12), (1, 4, 2, 5, 3, 7, 6, 8, 9, 11, 12, 10), (4, 5, 6, 2, 3, 1, 10, 7, 11, 8, 12, 9), (3, 2, 4, 1, 5, 8, 6, 9, 11, 7, 10, 12), (2, 1, 5, 4, 3, 8, 6, 7, 9, 10, 11, 12), (1, 3, 2, 4, 5, 7, 8, 10, 6, 11, 9, 12), (3, 2, 1, 4, 5, 6, 7, 8, 10, 9, 12, 11), (3, 1, 4, 2, 10, 6, 5, 12, 9, 11, 8, 7)}
M(AUB) = 
[[2, 1, 3, 4, 5, 6, 7, 8, 9, 10, 11, 12], [2, 3, 1, 4, 5, 6, 7, 8, 9, 10, 11, 12]]
Distance:123

(19)
A = 
{(3, 6, 2, 10, 1, 4, 11, 8, 7, 5, 9, 12), (4, 2, 5, 1, 7, 8, 6, 3, 9, 10, 12, 11), (1, 2, 3, 7, 6, 4, 10, 5, 9, 8, 12, 11), (1, 2, 3, 4, 5, 6, 7, 8, 9, 10, 11, 12), (2, 1, 8, 3, 4, 6, 9, 5, 12, 10, 7, 11), (5, 1, 3, 4, 6, 2, 7, 8, 12, 9, 11, 10), (2, 1, 3, 5, 4, 9, 8, 6, 10, 7, 12, 11)}
M(A) = 
[[1, 2, 3, 4, 5, 6, 7, 8, 9, 10, 11, 12], [1, 2, 3, 4, 5, 6, 7, 8, 9, 10, 12, 11]]
Distance: 71
B = 
{(1, 4, 2, 6, 3, 7, 5, 9, 8, 10, 11, 12), (2, 1, 3, 4, 7, 6, 5, 8, 9, 12, 11, 10), (1, 3, 5, 4, 2, 6, 7, 9, 8, 11, 10, 12), (1, 2, 4, 3, 5, 6, 7, 8, 10, 12, 11, 9), (1, 2, 3, 5, 6, 4, 7, 9, 8, 11, 10, 12), (2, 1, 6, 7, 4, 8, 3, 5, 9, 10, 11, 12), (1, 2, 3, 4, 5, 6, 7, 8, 10, 9, 11, 12)}
M(B) = 
[[1, 2, 3, 4, 5, 6, 7, 8, 9, 10, 11, 12], [1, 2, 3, 4, 5, 6, 7, 8, 9, 10, 12, 11]]
Distance: 39
M(A) inter A:
{(1, 2, 3, 4, 5, 6, 7, 8, 9, 10, 11, 12)}
M(B) inter B:
set()

AUB = 
{(2, 1, 3, 4, 7, 6, 5, 8, 9, 12, 11, 10), (3, 6, 2, 10, 1, 4, 11, 8, 7, 5, 9, 12), (1, 2, 3, 4, 5, 6, 7, 8, 10, 9, 11, 12), (4, 2, 5, 1, 7, 8, 6, 3, 9, 10, 12, 11), (1, 2, 3, 7, 6, 4, 10, 5, 9, 8, 12, 11), (1, 2, 3, 4, 5, 6, 7, 8, 9, 10, 11, 12), (2, 1, 8, 3, 4, 6, 9, 5, 12, 10, 7, 11), (5, 1, 3, 4, 6, 2, 7, 8, 12, 9, 11, 10), (1, 3, 5, 4, 2, 6, 7, 9, 8, 11, 10, 12), (1, 2, 4, 3, 5, 6, 7, 8, 10, 12, 11, 9), (1, 2, 3, 5, 6, 4, 7, 9, 8, 11, 10, 12), (2, 1, 3, 5, 4, 9, 8, 6, 10, 7, 12, 11), (2, 1, 6, 7, 4, 8, 3, 5, 9, 10, 11, 12), (1, 4, 2, 6, 3, 7, 5, 9, 8, 10, 11, 12)}
M(AUB) = 
[[1, 2, 3, 4, 5, 6, 7, 8, 9, 10, 11, 12], [1, 2, 3, 4, 5, 6, 7, 8, 9, 10, 12, 11]]
Distance:114

(20)
A = 
{(1, 2, 7, 4, 3, 6, 5, 8, 9, 12, 11, 10), (4, 1, 2, 5, 10, 6, 11, 3, 7, 8, 12, 9), (2, 1, 3, 5, 4, 7, 8, 9, 6, 10, 12, 11), (2, 1, 3, 4, 5, 6, 8, 7, 10, 12, 11, 9), (3, 1, 5, 2, 4, 6, 7, 8, 10, 9, 11, 12), (3, 5, 1, 6, 8, 7, 2, 4, 10, 12, 9, 11), (1, 3, 7, 4, 6, 2, 9, 5, 12, 11, 10, 8)}
M(A) = 
[[1, 2, 3, 4, 5, 6, 7, 8, 9, 10, 12, 11], [1, 3, 2, 4, 5, 6, 7, 8, 9, 10, 12, 11]]
Distance: 68
B = 
{(2, 6, 4, 1, 7, 5, 3, 9, 10, 8, 11, 12), (7, 5, 2, 9, 3, 4, 1, 8, 6, 12, 10, 11), (1, 3, 5, 2, 4, 8, 6, 11, 7, 10, 12, 9), (2, 1, 4, 5, 7, 3, 6, 10, 8, 11, 12, 9), (7, 3, 1, 4, 6, 2, 11, 8, 5, 9, 12, 10), (1, 3, 2, 4, 12, 6, 5, 9, 8, 11, 7, 10), (5, 4, 3, 2, 8, 6, 9, 7, 1, 10, 12, 11)}
M(B) = 
[[1, 2, 3, 4, 5, 6, 7, 8, 9, 10, 12, 11], [1, 3, 2, 4, 5, 6, 7, 8, 9, 10, 12, 11]]
Distance: 100
M(A) inter A:
set()
M(B) inter B:
set()

AUB = 
{(2, 6, 4, 1, 7, 5, 3, 9, 10, 8, 11, 12), (1, 2, 7, 4, 3, 6, 5, 8, 9, 12, 11, 10), (7, 5, 2, 9, 3, 4, 1, 8, 6, 12, 10, 11), (4, 1, 2, 5, 10, 6, 11, 3, 7, 8, 12, 9), (2, 1, 3, 5, 4, 7, 8, 9, 6, 10, 12, 11), (1, 3, 5, 2, 4, 8, 6, 11, 7, 10, 12, 9), (2, 1, 3, 4, 5, 6, 8, 7, 10, 12, 11, 9), (3, 1, 5, 2, 4, 6, 7, 8, 10, 9, 11, 12), (3, 5, 1, 6, 8, 7, 2, 4, 10, 12, 9, 11), (2, 1, 4, 5, 7, 3, 6, 10, 8, 11, 12, 9), (1, 3, 7, 4, 6, 2, 9, 5, 12, 11, 10, 8), (7, 3, 1, 4, 6, 2, 11, 8, 5, 9, 12, 10), (1, 3, 2, 4, 12, 6, 5, 9, 8, 11, 7, 10), (5, 4, 3, 2, 8, 6, 9, 7, 1, 10, 12, 11)}
M(AUB) = 
[[1, 2, 3, 4, 5, 6, 7, 8, 9, 10, 12, 11], [1, 3, 2, 4, 5, 6, 7, 8, 9, 10, 12, 11]]
Distance:171

(21)
A = 
{(2, 1, 4, 3, 7, 5, 8, 11, 6, 10, 9, 12), (1, 4, 3, 2, 5, 8, 7, 6, 12, 9, 11, 10), (3, 1, 2, 4, 5, 6, 9, 8, 7, 11, 10, 12), (1, 2, 3, 4, 5, 6, 7, 8, 9, 10, 11, 12), (1, 6, 3, 4, 10, 2, 5, 8, 9, 7, 11, 12), (2, 1, 3, 4, 5, 7, 8, 6, 10, 9, 11, 12), (4, 7, 2, 5, 1, 8, 3, 9, 6, 10, 12, 11)}
M(A) = 
[[1, 2, 3, 4, 5, 7, 6, 8, 9, 10, 12, 11]]
Distance: 55
B = 
{(1, 2, 3, 4, 5, 7, 8, 10, 6, 9, 12, 11), (2, 1, 4, 3, 5, 7, 6, 8, 9, 10, 12, 11), (3, 4, 1, 2, 5, 6, 9, 10, 7, 12, 8, 11), (1, 2, 4, 7, 3, 10, 9, 5, 8, 12, 11, 6), (3, 1, 2, 5, 6, 7, 10, 4, 9, 12, 11, 8), (1, 3, 2, 4, 5, 7, 6, 8, 9, 10, 11, 12), (1, 2, 5, 6, 9, 4, 8, 3, 12, 11, 10, 7)}
M(B) = 
[[1, 2, 3, 4, 5, 7, 6, 8, 9, 10, 12, 11]]
Distance: 58
M(A) inter A:
set()
M(B) inter B:
set()

AUB = 
{(1, 2, 5, 6, 9, 4, 8, 3, 12, 11, 10, 7), (2, 1, 4, 3, 7, 5, 8, 11, 6, 10, 9, 12), (1, 4, 3, 2, 5, 8, 7, 6, 12, 9, 11, 10), (2, 1, 4, 3, 5, 7, 6, 8, 9, 10, 12, 11), (3, 1, 2, 4, 5, 6, 9, 8, 7, 11, 10, 12), (1, 2, 3, 4, 5, 6, 7, 8, 9, 10, 11, 12), (1, 6, 3, 4, 10, 2, 5, 8, 9, 7, 11, 12), (3, 4, 1, 2, 5, 6, 9, 10, 7, 12, 8, 11), (1, 2, 4, 7, 3, 10, 9, 5, 8, 12, 11, 6), (3, 1, 2, 5, 6, 7, 10, 4, 9, 12, 11, 8), (2, 1, 3, 4, 5, 7, 8, 6, 10, 9, 11, 12), (4, 7, 2, 5, 1, 8, 3, 9, 6, 10, 12, 11), (1, 3, 2, 4, 5, 7, 6, 8, 9, 10, 11, 12), (1, 2, 3, 4, 5, 7, 8, 10, 6, 9, 12, 11)}
M(AUB) = 
[[1, 2, 3, 4, 5, 7, 6, 8, 9, 10, 12, 11]]
Distance:118

(22)
A = 
{(3, 1, 2, 6, 8, 4, 5, 7, 9, 10, 11, 12), (1, 4, 2, 6, 3, 7, 5, 12, 10, 9, 11, 8), (6, 1, 3, 8, 2, 4, 10, 5, 11, 9, 12, 7), (1, 2, 3, 4, 5, 6, 7, 8, 9, 10, 11, 12), (4, 1, 2, 6, 3, 7, 5, 8, 11, 9, 10, 12), (2, 4, 3, 5, 1, 6, 7, 9, 8, 11, 10, 12), (1, 2, 4, 6, 3, 5, 8, 7, 9, 11, 10, 12)}
M(A) = 
[[1, 2, 3, 4, 6, 5, 8, 7, 9, 10, 11, 12]]
Distance: 52
B = 
{(2, 1, 3, 6, 4, 8, 5, 9, 7, 10, 12, 11), (2, 1, 3, 4, 5, 6, 9, 7, 8, 10, 12, 11), (2, 1, 4, 3, 6, 5, 8, 9, 10, 7, 12, 11), (1, 2, 3, 4, 5, 6, 7, 8, 9, 10, 11, 12), (4, 5, 1, 6, 2, 8, 3, 10, 11, 9, 7, 12), (2, 3, 4, 1, 7, 5, 8, 6, 9, 12, 10, 11), (2, 1, 3, 8, 9, 5, 12, 4, 7, 10, 6, 11)}
M(B) = 
[[1, 2, 3, 4, 6, 5, 8, 7, 9, 10, 11, 12]]
Distance: 48
M(A) inter A:
set()
M(B) inter B:
set()

AUB = 
{(2, 1, 3, 6, 4, 8, 5, 9, 7, 10, 12, 11), (3, 1, 2, 6, 8, 4, 5, 7, 9, 10, 11, 12), (1, 4, 2, 6, 3, 7, 5, 12, 10, 9, 11, 8), (2, 1, 3, 4, 5, 6, 9, 7, 8, 10, 12, 11), (2, 1, 4, 3, 6, 5, 8, 9, 10, 7, 12, 11), (6, 1, 3, 8, 2, 4, 10, 5, 11, 9, 12, 7), (1, 2, 3, 4, 5, 6, 7, 8, 9, 10, 11, 12), (4, 5, 1, 6, 2, 8, 3, 10, 11, 9, 7, 12), (2, 3, 4, 1, 7, 5, 8, 6, 9, 12, 10, 11), (4, 1, 2, 6, 3, 7, 5, 8, 11, 9, 10, 12), (2, 4, 3, 5, 1, 6, 7, 9, 8, 11, 10, 12), (1, 2, 4, 6, 3, 5, 8, 7, 9, 11, 10, 12), (2, 1, 3, 8, 9, 5, 12, 4, 7, 10, 6, 11)}
M(AUB) = 
[[1, 2, 3, 4, 6, 5, 8, 7, 9, 10, 11, 12]]
Distance:113

(23)
A = 
{(4, 1, 3, 8, 2, 7, 5, 10, 9, 11, 12, 6), (4, 2, 3, 1, 7, 6, 5, 10, 8, 9, 12, 11), (1, 2, 3, 5, 7, 4, 6, 8, 9, 10, 11, 12), (1, 2, 3, 6, 7, 4, 5, 9, 10, 8, 11, 12), (3, 1, 4, 5, 12, 2, 7, 10, 6, 11, 8, 9), (1, 2, 3, 4, 5, 6, 8, 7, 9, 11, 10, 12), (1, 2, 6, 4, 7, 3, 8, 5, 10, 9, 12, 11)}
M(A) = 
[[1, 2, 3, 4, 5, 6, 7, 8, 9, 10, 11, 12], [1, 2, 3, 4, 5, 6, 8, 7, 9, 10, 11, 12]]
Distance: 60
B = 
{(2, 1, 3, 5, 4, 7, 6, 9, 11, 12, 8, 10), (3, 2, 5, 1, 7, 4, 9, 6, 10, 8, 11, 12), (1, 6, 2, 3, 5, 4, 8, 7, 9, 11, 10, 12), (1, 2, 6, 5, 4, 9, 3, 8, 7, 10, 12, 11), (1, 2, 4, 3, 5, 6, 8, 7, 9, 10, 11, 12), (4, 1, 2, 3, 8, 5, 6, 7, 11, 9, 10, 12), (3, 1, 4, 6, 2, 8, 7, 5, 9, 10, 11, 12)}
M(B) = 
[[1, 2, 3, 4, 5, 6, 7, 8, 9, 10, 11, 12], [1, 2, 3, 4, 5, 6, 8, 7, 9, 10, 11, 12]]
Distance: 50
M(A) inter A:
set()
M(B) inter B:
set()

AUB = 
{(3, 1, 4, 6, 2, 8, 7, 5, 9, 10, 11, 12), (2, 1, 3, 5, 4, 7, 6, 9, 11, 12, 8, 10), (4, 1, 3, 8, 2, 7, 5, 10, 9, 11, 12, 6), (3, 2, 5, 1, 7, 4, 9, 6, 10, 8, 11, 12), (4, 2, 3, 1, 7, 6, 5, 10, 8, 9, 12, 11), (1, 6, 2, 3, 5, 4, 8, 7, 9, 11, 10, 12), (1, 2, 3, 5, 7, 4, 6, 8, 9, 10, 11, 12), (1, 2, 3, 6, 7, 4, 5, 9, 10, 8, 11, 12), (3, 1, 4, 5, 12, 2, 7, 10, 6, 11, 8, 9), (1, 2, 3, 4, 5, 6, 8, 7, 9, 11, 10, 12), (1, 2, 6, 5, 4, 9, 3, 8, 7, 10, 12, 11), (1, 2, 4, 3, 5, 6, 8, 7, 9, 10, 11, 12), (4, 1, 2, 3, 8, 5, 6, 7, 11, 9, 10, 12), (1, 2, 6, 4, 7, 3, 8, 5, 10, 9, 12, 11)}
M(AUB) = 
[[1, 2, 3, 4, 5, 6, 7, 8, 9, 10, 11, 12], [1, 2, 3, 4, 5, 6, 8, 7, 9, 10, 11, 12]]
Distance:117

(24)
A = 
{(2, 1, 3, 6, 4, 5, 7, 9, 8, 10, 12, 11), (1, 4, 2, 3, 6, 9, 5, 7, 8, 10, 11, 12), (1, 2, 5, 4, 3, 10, 6, 9, 7, 8, 11, 12), (2, 1, 3, 6, 4, 5, 7, 10, 9, 12, 8, 11), (3, 1, 4, 2, 8, 5, 12, 10, 6, 7, 9, 11), (1, 3, 2, 5, 4, 6, 8, 7, 12, 10, 11, 9), (1, 2, 4, 3, 5, 6, 7, 9, 8, 10, 11, 12)}
M(A) = 
[[1, 2, 3, 4, 5, 6, 7, 9, 8, 10, 11, 12], [1, 2, 3, 4, 5, 6, 7, 9, 8, 10, 12, 11]]
Distance: 48
B = 
{(2, 4, 1, 5, 3, 6, 7, 10, 8, 9, 11, 12), (1, 3, 4, 2, 5, 6, 9, 7, 8, 12, 11, 10), (1, 2, 3, 5, 4, 6, 7, 9, 11, 8, 10, 12), (1, 3, 2, 5, 9, 4, 6, 7, 8, 12, 11, 10), (1, 2, 3, 4, 5, 7, 6, 8, 9, 10, 11, 12), (1, 2, 5, 3, 7, 4, 9, 6, 8, 11, 10, 12), (1, 2, 4, 6, 3, 5, 7, 8, 10, 12, 9, 11)}
M(B) = 
[[1, 2, 3, 4, 5, 6, 7, 9, 8, 10, 11, 12], [1, 2, 3, 4, 5, 6, 7, 9, 8, 10, 12, 11]]
Distance: 38
M(A) inter A:
set()
M(B) inter B:
set()

AUB = 
{(1, 2, 4, 6, 3, 5, 7, 8, 10, 12, 9, 11), (2, 4, 1, 5, 3, 6, 7, 10, 8, 9, 11, 12), (2, 1, 3, 6, 4, 5, 7, 9, 8, 10, 12, 11), (1, 3, 4, 2, 5, 6, 9, 7, 8, 12, 11, 10), (1, 2, 3, 5, 4, 6, 7, 9, 11, 8, 10, 12), (1, 4, 2, 3, 6, 9, 5, 7, 8, 10, 11, 12), (1, 3, 2, 5, 9, 4, 6, 7, 8, 12, 11, 10), (1, 2, 5, 4, 3, 10, 6, 9, 7, 8, 11, 12), (2, 1, 3, 6, 4, 5, 7, 10, 9, 12, 8, 11), (1, 2, 3, 4, 5, 7, 6, 8, 9, 10, 11, 12), (3, 1, 4, 2, 8, 5, 12, 10, 6, 7, 9, 11), (1, 2, 5, 3, 7, 4, 9, 6, 8, 11, 10, 12), (1, 3, 2, 5, 4, 6, 8, 7, 12, 10, 11, 9), (1, 2, 4, 3, 5, 6, 7, 9, 8, 10, 11, 12)}
M(AUB) = 
[[1, 2, 3, 4, 5, 6, 7, 9, 8, 10, 11, 12], [1, 2, 3, 4, 5, 6, 7, 9, 8, 10, 12, 11]]
Distance:88

(25)
A = 
{(1, 3, 5, 2, 4, 8, 6, 10, 12, 7, 9, 11), (6, 2, 1, 9, 8, 4, 3, 7, 12, 5, 10, 11), (1, 3, 6, 2, 4, 8, 5, 7, 9, 10, 11, 12), (1, 4, 3, 6, 9, 2, 8, 5, 7, 12, 11, 10), (4, 1, 2, 3, 8, 9, 6, 5, 7, 10, 12, 11), (1, 2, 7, 4, 5, 3, 8, 12, 6, 9, 11, 10), (2, 4, 1, 6, 5, 3, 8, 10, 11, 12, 9, 7)}
M(A) = 
[[1, 2, 4, 3, 6, 5, 8, 7, 9, 10, 11, 12], [1, 2, 4, 3, 6, 5, 8, 7, 9, 10, 12, 11]]
Distance: 71
B = 
{(1, 2, 3, 4, 5, 6, 7, 9, 8, 10, 12, 11), (2, 3, 1, 4, 6, 5, 8, 7, 10, 9, 11, 12), (2, 1, 3, 6, 4, 5, 7, 8, 9, 12, 10, 11), (5, 6, 4, 2, 3, 7, 11, 1, 8, 10, 12, 9), (1, 6, 4, 2, 3, 7, 9, 5, 11, 8, 12, 10), (1, 7, 2, 3, 5, 4, 10, 9, 6, 11, 12, 8), (2, 4, 1, 3, 5, 6, 8, 7, 10, 9, 11, 12)}
M(B) = 
[[1, 2, 4, 3, 6, 5, 8, 7, 9, 10, 11, 12], [1, 2, 4, 3, 6, 5, 8, 7, 9, 10, 12, 11]]
Distance: 60
M(A) inter A:
set()
M(B) inter B:
set()

AUB = 
{(1, 3, 5, 2, 4, 8, 6, 10, 12, 7, 9, 11), (1, 2, 3, 4, 5, 6, 7, 9, 8, 10, 12, 11), (2, 3, 1, 4, 6, 5, 8, 7, 10, 9, 11, 12), (2, 1, 3, 6, 4, 5, 7, 8, 9, 12, 10, 11), (6, 2, 1, 9, 8, 4, 3, 7, 12, 5, 10, 11), (5, 6, 4, 2, 3, 7, 11, 1, 8, 10, 12, 9), (1, 6, 4, 2, 3, 7, 9, 5, 11, 8, 12, 10), (1, 3, 6, 2, 4, 8, 5, 7, 9, 10, 11, 12), (1, 4, 3, 6, 9, 2, 8, 5, 7, 12, 11, 10), (4, 1, 2, 3, 8, 9, 6, 5, 7, 10, 12, 11), (1, 7, 2, 3, 5, 4, 10, 9, 6, 11, 12, 8), (2, 4, 1, 3, 5, 6, 8, 7, 10, 9, 11, 12), (1, 2, 7, 4, 5, 3, 8, 12, 6, 9, 11, 10), (2, 4, 1, 6, 5, 3, 8, 10, 11, 12, 9, 7)}
M(AUB) = 
[[1, 2, 4, 3, 6, 5, 8, 7, 9, 10, 11, 12], [1, 2, 4, 3, 6, 5, 8, 7, 9, 10, 12, 11]]
Distance:143

(26)
A = 
{(3, 2, 4, 1, 6, 5, 10, 9, 8, 7, 12, 11), (1, 6, 2, 3, 8, 12, 4, 7, 9, 10, 11, 5), (3, 2, 1, 4, 5, 8, 7, 6, 10, 11, 9, 12), (2, 4, 5, 3, 1, 7, 6, 10, 8, 11, 9, 12), (1, 2, 6, 3, 4, 5, 7, 8, 9, 10, 11, 12), (4, 5, 1, 3, 11, 2, 8, 6, 12, 10, 9, 7), (2, 6, 3, 8, 1, 9, 4, 12, 5, 10, 11, 7)}
M(A) = 
[[1, 2, 3, 4, 5, 6, 8, 7, 9, 10, 11, 12], [1, 2, 3, 4, 5, 6, 8, 7, 9, 10, 12, 11], [2, 1, 3, 4, 5, 6, 8, 7, 9, 10, 11, 12], [2, 1, 3, 4, 5, 6, 8, 7, 9, 10, 12, 11]]
Distance: 83
B = 
{(1, 2, 5, 4, 3, 6, 8, 7, 12, 9, 11, 10), (3, 4, 1, 2, 5, 8, 6, 9, 10, 11, 7, 12), (2, 1, 3, 5, 4, 6, 7, 9, 8, 10, 11, 12), (5, 6, 2, 1, 3, 8, 9, 7, 4, 12, 11, 10), (2, 4, 3, 1, 5, 9, 12, 7, 6, 11, 8, 10), (1, 2, 5, 4, 3, 6, 10, 8, 11, 7, 12, 9), (1, 2, 4, 3, 8, 5, 6, 7, 10, 9, 12, 11)}
M(B) = 
[[1, 2, 3, 4, 5, 6, 8, 7, 9, 10, 11, 12], [1, 2, 3, 4, 5, 6, 8, 7, 9, 10, 12, 11], [2, 1, 3, 4, 5, 6, 8, 7, 9, 10, 11, 12], [2, 1, 3, 4, 5, 6, 8, 7, 9, 10, 12, 11]]
Distance: 63
M(A) inter A:
set()
M(B) inter B:
set()

AUB = 
{(3, 2, 4, 1, 6, 5, 10, 9, 8, 7, 12, 11), (1, 6, 2, 3, 8, 12, 4, 7, 9, 10, 11, 5), (3, 2, 1, 4, 5, 8, 7, 6, 10, 11, 9, 12), (2, 4, 5, 3, 1, 7, 6, 10, 8, 11, 9, 12), (1, 2, 5, 4, 3, 6, 8, 7, 12, 9, 11, 10), (1, 2, 6, 3, 4, 5, 7, 8, 9, 10, 11, 12), (3, 4, 1, 2, 5, 8, 6, 9, 10, 11, 7, 12), (2, 1, 3, 5, 4, 6, 7, 9, 8, 10, 11, 12), (5, 6, 2, 1, 3, 8, 9, 7, 4, 12, 11, 10), (2, 4, 3, 1, 5, 9, 12, 7, 6, 11, 8, 10), (1, 2, 5, 4, 3, 6, 10, 8, 11, 7, 12, 9), (4, 5, 1, 3, 11, 2, 8, 6, 12, 10, 9, 7), (1, 2, 4, 3, 8, 5, 6, 7, 10, 9, 12, 11), (2, 6, 3, 8, 1, 9, 4, 12, 5, 10, 11, 7)}
M(AUB) = 
[[1, 2, 3, 4, 5, 6, 8, 7, 9, 10, 11, 12], [1, 2, 3, 4, 5, 6, 8, 7, 9, 10, 12, 11], [2, 1, 3, 4, 5, 6, 8, 7, 9, 10, 11, 12], [2, 1, 3, 4, 5, 6, 8, 7, 9, 10, 12, 11]]
Distance:152

(27)
A = 
{(2, 3, 4, 1, 6, 5, 7, 9, 8, 10, 11, 12), (1, 4, 6, 2, 5, 10, 3, 7, 11, 8, 9, 12), (2, 4, 7, 5, 3, 12, 1, 11, 6, 9, 10, 8), (4, 3, 5, 1, 2, 6, 7, 9, 10, 11, 8, 12), (2, 4, 6, 1, 3, 7, 5, 9, 8, 12, 10, 11), (1, 4, 3, 2, 7, 6, 5, 12, 8, 10, 9, 11), (2, 1, 3, 4, 7, 6, 8, 5, 11, 9, 12, 10)}
M(A) = 
[[1, 2, 3, 4, 6, 5, 7, 8, 9, 10, 11, 12], [1, 2, 4, 3, 6, 5, 7, 8, 9, 10, 11, 12], [1, 4, 2, 3, 6, 5, 7, 8, 9, 10, 11, 12]]
Distance: 68
B = 
{(1, 4, 2, 3, 5, 8, 6, 9, 7, 11, 10, 12), (1, 2, 3, 4, 5, 6, 7, 8, 9, 10, 11, 12), (3, 1, 2, 6, 5, 8, 7, 4, 10, 11, 12, 9), (2, 3, 1, 8, 11, 4, 6, 5, 9, 12, 7, 10), (1, 3, 4, 5, 6, 2, 10, 7, 8, 9, 11, 12), (3, 4, 1, 2, 6, 5, 8, 10, 7, 11, 12, 9), (1, 5, 8, 4, 2, 3, 12, 6, 11, 7, 9, 10)}
M(B) = 
[[1, 2, 3, 4, 6, 5, 7, 8, 9, 10, 11, 12], [1, 2, 4, 3, 6, 5, 7, 8, 9, 10, 11, 12], [1, 4, 2, 3, 6, 5, 7, 8, 9, 10, 11, 12]]
Distance: 65
M(A) inter A:
set()
M(B) inter B:
set()

AUB = 
{(1, 4, 2, 3, 5, 8, 6, 9, 7, 11, 10, 12), (2, 3, 4, 1, 6, 5, 7, 9, 8, 10, 11, 12), (1, 4, 6, 2, 5, 10, 3, 7, 11, 8, 9, 12), (1, 2, 3, 4, 5, 6, 7, 8, 9, 10, 11, 12), (2, 4, 7, 5, 3, 12, 1, 11, 6, 9, 10, 8), (3, 1, 2, 6, 5, 8, 7, 4, 10, 11, 12, 9), (2, 3, 1, 8, 11, 4, 6, 5, 9, 12, 7, 10), (1, 3, 4, 5, 6, 2, 10, 7, 8, 9, 11, 12), (4, 3, 5, 1, 2, 6, 7, 9, 10, 11, 8, 12), (2, 4, 6, 1, 3, 7, 5, 9, 8, 12, 10, 11), (1, 4, 3, 2, 7, 6, 5, 12, 8, 10, 9, 11), (2, 1, 3, 4, 7, 6, 8, 5, 11, 9, 12, 10), (3, 4, 1, 2, 6, 5, 8, 10, 7, 11, 12, 9), (1, 5, 8, 4, 2, 3, 12, 6, 11, 7, 9, 10)}
M(AUB) = 
[[1, 2, 3, 4, 6, 5, 7, 8, 9, 10, 11, 12], [1, 2, 4, 3, 6, 5, 7, 8, 9, 10, 11, 12], [1, 4, 2, 3, 6, 5, 7, 8, 9, 10, 11, 12]]
Distance:144

(28)
A = 
{(3, 1, 4, 2, 7, 6, 9, 5, 11, 8, 10, 12), (2, 1, 4, 3, 5, 6, 7, 11, 10, 9, 12, 8), (5, 2, 1, 3, 6, 8, 7, 4, 9, 10, 11, 12), (1, 7, 2, 4, 3, 5, 8, 9, 12, 10, 6, 11), (4, 1, 3, 5, 6, 2, 7, 8, 12, 10, 11, 9), (4, 2, 3, 5, 6, 1, 11, 8, 7, 9, 12, 10), (4, 5, 1, 2, 7, 3, 6, 10, 11, 9, 12, 8)}
M(A) = 
[[1, 2, 4, 3, 5, 6, 7, 8, 9, 10, 11, 12], [1, 2, 4, 3, 5, 7, 6, 8, 9, 10, 11, 12]]
Distance: 73
B = 
{(2, 1, 4, 3, 5, 7, 6, 8, 9, 11, 10, 12), (2, 1, 5, 4, 3, 7, 6, 11, 10, 9, 8, 12), (1, 2, 3, 4, 5, 6, 7, 8, 9, 10, 11, 12), (1, 2, 3, 4, 5, 6, 7, 8, 10, 9, 12, 11), (2, 4, 1, 5, 3, 7, 9, 6, 11, 8, 10, 12), (1, 2, 4, 3, 5, 7, 6, 8, 9, 10, 11, 12), (1, 2, 3, 4, 6, 9, 7, 8, 5, 10, 11, 12)}
M(B) = 
[[1, 2, 4, 3, 5, 6, 7, 8, 9, 10, 11, 12], [1, 2, 4, 3, 5, 7, 6, 8, 9, 10, 11, 12]]
Distance: 32
M(A) inter A:
set()
M(B) inter B:
{(1, 2, 4, 3, 5, 7, 6, 8, 9, 10, 11, 12)}

AUB = 
{(2, 1, 4, 3, 5, 7, 6, 8, 9, 11, 10, 12), (3, 1, 4, 2, 7, 6, 9, 5, 11, 8, 10, 12), (2, 1, 5, 4, 3, 7, 6, 11, 10, 9, 8, 12), (1, 2, 3, 4, 5, 6, 7, 8, 9, 10, 11, 12), (2, 1, 4, 3, 5, 6, 7, 11, 10, 9, 12, 8), (5, 2, 1, 3, 6, 8, 7, 4, 9, 10, 11, 12), (1, 7, 2, 4, 3, 5, 8, 9, 12, 10, 6, 11), (1, 2, 3, 4, 5, 6, 7, 8, 10, 9, 12, 11), (2, 4, 1, 5, 3, 7, 9, 6, 11, 8, 10, 12), (4, 1, 3, 5, 6, 2, 7, 8, 12, 10, 11, 9), (4, 2, 3, 5, 6, 1, 11, 8, 7, 9, 12, 10), (1, 2, 4, 3, 5, 7, 6, 8, 9, 10, 11, 12), (1, 2, 3, 4, 6, 9, 7, 8, 5, 10, 11, 12), (4, 5, 1, 2, 7, 3, 6, 10, 11, 9, 12, 8)}
M(AUB) = 
[[1, 2, 4, 3, 5, 6, 7, 8, 9, 10, 11, 12], [1, 2, 4, 3, 5, 7, 6, 8, 9, 10, 11, 12]]
Distance:108

(29)
A = 
{(1, 2, 3, 5, 4, 8, 6, 7, 9, 12, 10, 11), (1, 2, 5, 3, 4, 9, 6, 8, 12, 7, 10, 11), (1, 2, 3, 5, 4, 10, 7, 6, 12, 11, 9, 8), (3, 1, 2, 4, 5, 7, 8, 6, 9, 10, 11, 12), (6, 1, 2, 5, 7, 3, 4, 10, 9, 8, 12, 11), (4, 1, 5, 2, 3, 10, 8, 9, 7, 6, 11, 12), (1, 2, 4, 3, 5, 6, 8, 7, 12, 9, 11, 10)}
M(A) = 
[[1, 2, 3, 4, 5, 6, 7, 8, 9, 10, 11, 12], [1, 2, 3, 4, 5, 7, 6, 8, 9, 10, 11, 12]]
Distance: 58
B = 
{(4, 1, 2, 3, 7, 6, 8, 9, 5, 12, 11, 10), (1, 2, 3, 7, 5, 4, 8, 11, 9, 10, 6, 12), (1, 2, 3, 4, 5, 6, 7, 8, 9, 10, 11, 12), (3, 2, 1, 7, 4, 5, 6, 8, 9, 11, 10, 12), (5, 1, 2, 3, 6, 7, 4, 11, 8, 9, 10, 12), (2, 3, 1, 4, 7, 8, 5, 6, 11, 12, 10, 9), (1, 3, 6, 4, 2, 7, 5, 9, 8, 10, 11, 12)}
M(B) = 
[[1, 2, 3, 4, 5, 6, 7, 8, 9, 10, 11, 12], [1, 2, 3, 4, 5, 7, 6, 8, 9, 10, 11, 12]]
Distance: 48
M(A) inter A:
set()
M(B) inter B:
set()

AUB = 
{(1, 2, 3, 5, 4, 8, 6, 7, 9, 12, 10, 11), (4, 1, 2, 3, 7, 6, 8, 9, 5, 12, 11, 10), (1, 2, 3, 7, 5, 4, 8, 11, 9, 10, 6, 12), (1, 2, 3, 4, 5, 6, 7, 8, 9, 10, 11, 12), (3, 2, 1, 7, 4, 5, 6, 8, 9, 11, 10, 12), (5, 1, 2, 3, 6, 7, 4, 11, 8, 9, 10, 12), (1, 2, 5, 3, 4, 9, 6, 8, 12, 7, 10, 11), (1, 2, 3, 5, 4, 10, 7, 6, 12, 11, 9, 8), (3, 1, 2, 4, 5, 7, 8, 6, 9, 10, 11, 12), (6, 1, 2, 5, 7, 3, 4, 10, 9, 8, 12, 11), (4, 1, 5, 2, 3, 10, 8, 9, 7, 6, 11, 12), (2, 3, 1, 4, 7, 8, 5, 6, 11, 12, 10, 9), (1, 3, 6, 4, 2, 7, 5, 9, 8, 10, 11, 12), (1, 2, 4, 3, 5, 6, 8, 7, 12, 9, 11, 10)}
M(AUB) = 
[[1, 2, 3, 4, 5, 6, 7, 8, 9, 10, 11, 12], [1, 2, 3, 4, 5, 7, 6, 8, 9, 10, 11, 12]]
Distance:118

(30)
A = 
{(1, 2, 3, 5, 4, 6, 8, 7, 9, 10, 11, 12), (1, 3, 2, 4, 5, 7, 6, 8, 10, 11, 9, 12), (4, 1, 2, 3, 9, 6, 8, 7, 10, 12, 5, 11), (1, 3, 4, 2, 5, 6, 7, 9, 8, 10, 11, 12), (1, 3, 6, 2, 8, 4, 5, 12, 7, 10, 11, 9), (2, 4, 5, 1, 3, 6, 7, 8, 10, 9, 11, 12), (1, 2, 3, 6, 5, 7, 8, 9, 4, 10, 12, 11)}
M(A) = 
[[1, 2, 3, 4, 5, 6, 7, 8, 10, 9, 11, 12], [1, 2, 3, 4, 5, 6, 7, 8, 10, 11, 9, 12], [1, 2, 3, 4, 6, 5, 7, 8, 10, 9, 11, 12], [1, 2, 3, 4, 6, 5, 7, 8, 10, 11, 9, 12]]
Distance: 49
B = 
{(2, 3, 7, 1, 10, 4, 6, 11, 9, 12, 8, 5), (2, 5, 3, 1, 4, 6, 7, 8, 10, 11, 9, 12), (1, 2, 10, 6, 3, 4, 5, 12, 11, 7, 8, 9), (2, 4, 3, 6, 5, 7, 12, 9, 8, 1, 11, 10), (2, 6, 5, 1, 3, 7, 12, 8, 4, 11, 9, 10), (2, 1, 3, 4, 5, 10, 6, 8, 9, 7, 11, 12), (1, 5, 3, 4, 2, 7, 6, 8, 11, 10, 12, 9)}
M(B) = 
[[1, 2, 3, 4, 5, 6, 7, 8, 10, 9, 11, 12], [1, 2, 3, 4, 5, 6, 7, 8, 10, 11, 9, 12], [1, 2, 3, 4, 6, 5, 7, 8, 10, 9, 11, 12], [1, 2, 3, 4, 6, 5, 7, 8, 10, 11, 9, 12]]
Distance: 84
M(A) inter A:
set()
M(B) inter B:
set()

AUB = 
{(1, 2, 3, 5, 4, 6, 8, 7, 9, 10, 11, 12), (2, 3, 7, 1, 10, 4, 6, 11, 9, 12, 8, 5), (1, 3, 2, 4, 5, 7, 6, 8, 10, 11, 9, 12), (2, 5, 3, 1, 4, 6, 7, 8, 10, 11, 9, 12), (4, 1, 2, 3, 9, 6, 8, 7, 10, 12, 5, 11), (1, 2, 10, 6, 3, 4, 5, 12, 11, 7, 8, 9), (1, 3, 4, 2, 5, 6, 7, 9, 8, 10, 11, 12), (2, 4, 3, 6, 5, 7, 12, 9, 8, 1, 11, 10), (2, 6, 5, 1, 3, 7, 12, 8, 4, 11, 9, 10), (1, 3, 6, 2, 8, 4, 5, 12, 7, 10, 11, 9), (2, 1, 3, 4, 5, 10, 6, 8, 9, 7, 11, 12), (2, 4, 5, 1, 3, 6, 7, 8, 10, 9, 11, 12), (1, 5, 3, 4, 2, 7, 6, 8, 11, 10, 12, 9), (1, 2, 3, 6, 5, 7, 8, 9, 4, 10, 12, 11)}
M(AUB) = 
[[1, 2, 3, 4, 5, 6, 7, 8, 10, 9, 11, 12], [1, 2, 3, 4, 5, 6, 7, 8, 10, 11, 9, 12], [1, 2, 3, 4, 6, 5, 7, 8, 10, 9, 11, 12], [1, 2, 3, 4, 6, 5, 7, 8, 10, 11, 9, 12]]
Distance:142

(31)
A = 
{(1, 2, 5, 4, 6, 3, 7, 9, 11, 8, 10, 12), (5, 1, 3, 4, 2, 7, 10, 9, 6, 8, 12, 11), (3, 2, 1, 4, 6, 8, 7, 12, 5, 9, 10, 11), (1, 3, 2, 8, 5, 7, 11, 4, 9, 6, 10, 12), (1, 2, 4, 3, 5, 6, 9, 8, 7, 10, 12, 11), (1, 2, 5, 3, 4, 6, 8, 10, 7, 9, 12, 11), (4, 5, 2, 7, 3, 1, 6, 8, 12, 9, 11, 10)}
M(A) = 
[[1, 2, 3, 4, 5, 6, 7, 8, 9, 10, 12, 11], [2, 1, 3, 4, 5, 6, 7, 8, 9, 10, 12, 11]]
Distance: 64
B = 
{(2, 3, 1, 7, 4, 5, 8, 6, 9, 12, 10, 11), (1, 2, 4, 6, 5, 3, 7, 8, 9, 10, 11, 12), (2, 4, 6, 8, 1, 5, 3, 9, 12, 11, 10, 7), (2, 1, 3, 4, 8, 5, 6, 10, 11, 9, 12, 7), (2, 7, 1, 3, 5, 4, 6, 8, 10, 12, 9, 11), (7, 4, 2, 1, 5, 3, 10, 6, 8, 12, 9, 11), (1, 6, 2, 7, 3, 4, 5, 10, 12, 8, 9, 11)}
M(B) = 
[[1, 2, 3, 4, 5, 6, 7, 8, 9, 10, 12, 11], [2, 1, 3, 4, 5, 6, 7, 8, 9, 10, 12, 11]]
Distance: 70
M(A) inter A:
set()
M(B) inter B:
set()

AUB = 
{(1, 2, 5, 4, 6, 3, 7, 9, 11, 8, 10, 12), (5, 1, 3, 4, 2, 7, 10, 9, 6, 8, 12, 11), (2, 3, 1, 7, 4, 5, 8, 6, 9, 12, 10, 11), (3, 2, 1, 4, 6, 8, 7, 12, 5, 9, 10, 11), (1, 3, 2, 8, 5, 7, 11, 4, 9, 6, 10, 12), (1, 2, 4, 6, 5, 3, 7, 8, 9, 10, 11, 12), (2, 4, 6, 8, 1, 5, 3, 9, 12, 11, 10, 7), (2, 1, 3, 4, 8, 5, 6, 10, 11, 9, 12, 7), (2, 7, 1, 3, 5, 4, 6, 8, 10, 12, 9, 11), (1, 2, 4, 3, 5, 6, 9, 8, 7, 10, 12, 11), (7, 4, 2, 1, 5, 3, 10, 6, 8, 12, 9, 11), (1, 2, 5, 3, 4, 6, 8, 10, 7, 9, 12, 11), (4, 5, 2, 7, 3, 1, 6, 8, 12, 9, 11, 10), (1, 6, 2, 7, 3, 4, 5, 10, 12, 8, 9, 11)}
M(AUB) = 
[[1, 2, 3, 4, 5, 6, 7, 8, 9, 10, 12, 11], [2, 1, 3, 4, 5, 6, 7, 8, 9, 10, 12, 11]]
Distance:142

(32)
A = 
{(1, 2, 3, 4, 5, 6, 7, 8, 9, 10, 11, 12), (6, 3, 4, 1, 2, 10, 5, 9, 7, 11, 12, 8), (1, 5, 3, 2, 4, 7, 8, 6, 10, 11, 9, 12), (2, 3, 1, 7, 5, 6, 9, 4, 12, 10, 11, 8), (1, 2, 4, 3, 5, 6, 7, 8, 11, 9, 10, 12), (4, 3, 1, 6, 2, 8, 5, 9, 11, 7, 12, 10), (1, 2, 3, 4, 6, 7, 5, 9, 8, 10, 11, 12)}
M(A) = 
[[1, 2, 3, 4, 5, 6, 7, 8, 9, 10, 11, 12], [1, 2, 3, 4, 6, 5, 7, 8, 9, 10, 11, 12]]
Distance: 58
B = 
{(2, 6, 3, 4, 5, 1, 8, 9, 10, 11, 12, 7), (4, 6, 8, 5, 2, 1, 11, 3, 9, 12, 7, 10), (1, 2, 3, 6, 4, 5, 7, 8, 9, 10, 12, 11), (2, 7, 5, 1, 4, 8, 3, 11, 6, 10, 12, 9), (1, 2, 3, 4, 5, 6, 8, 10, 7, 9, 12, 11), (3, 2, 1, 6, 4, 5, 8, 9, 10, 7, 12, 11), (2, 3, 1, 5, 7, 4, 6, 8, 9, 10, 12, 11)}
M(B) = 
[[1, 2, 3, 4, 5, 6, 7, 8, 9, 10, 11, 12], [1, 2, 3, 4, 6, 5, 7, 8, 9, 10, 11, 12]]
Distance: 69
M(A) inter A:
set()
M(B) inter B:
set()

AUB = 
{(2, 6, 3, 4, 5, 1, 8, 9, 10, 11, 12, 7), (4, 6, 8, 5, 2, 1, 11, 3, 9, 12, 7, 10), (1, 2, 3, 4, 5, 6, 7, 8, 9, 10, 11, 12), (6, 3, 4, 1, 2, 10, 5, 9, 7, 11, 12, 8), (1, 2, 3, 6, 4, 5, 7, 8, 9, 10, 12, 11), (2, 7, 5, 1, 4, 8, 3, 11, 6, 10, 12, 9), (1, 5, 3, 2, 4, 7, 8, 6, 10, 11, 9, 12), (1, 2, 3, 4, 5, 6, 8, 10, 7, 9, 12, 11), (3, 2, 1, 6, 4, 5, 8, 9, 10, 7, 12, 11), (2, 3, 1, 7, 5, 6, 9, 4, 12, 10, 11, 8), (1, 2, 4, 3, 5, 6, 7, 8, 11, 9, 10, 12), (4, 3, 1, 6, 2, 8, 5, 9, 11, 7, 12, 10), (1, 2, 3, 4, 6, 7, 5, 9, 8, 10, 11, 12), (2, 3, 1, 5, 7, 4, 6, 8, 9, 10, 12, 11)}
M(AUB) = 
[[1, 2, 3, 4, 5, 6, 7, 8, 9, 10, 11, 12], [1, 2, 3, 4, 6, 5, 7, 8, 9, 10, 11, 12]]
Distance:133

(33)
A = 
{(1, 3, 7, 4, 6, 2, 5, 9, 8, 10, 11, 12), (8, 3, 2, 1, 4, 7, 6, 9, 11, 5, 10, 12), (2, 4, 3, 1, 6, 5, 8, 10, 7, 11, 12, 9), (3, 4, 7, 1, 2, 8, 5, 11, 9, 6, 12, 10), (1, 10, 4, 2, 3, 6, 8, 7, 5, 12, 11, 9), (1, 2, 3, 4, 5, 6, 7, 8, 9, 12, 10, 11), (2, 1, 4, 3, 5, 6, 7, 8, 10, 9, 11, 12)}
M(A) = 
[[2, 1, 3, 4, 5, 6, 7, 8, 9, 10, 11, 12], [2, 1, 3, 4, 5, 6, 7, 8, 10, 9, 11, 12], [2, 1, 3, 4, 5, 6, 7, 8, 10, 11, 9, 12], [2, 1, 3, 4, 6, 5, 7, 8, 9, 10, 11, 12], [2, 1, 3, 4, 6, 5, 7, 8, 10, 9, 11, 12], [2, 1, 3, 4, 6, 5, 7, 8, 10, 11, 9, 12]]
Distance: 70
B = 
{(2, 1, 3, 4, 5, 6, 7, 9, 8, 10, 11, 12), (5, 1, 3, 6, 2, 10, 4, 11, 7, 12, 8, 9), (3, 2, 1, 5, 6, 7, 9, 11, 4, 10, 12, 8), (2, 1, 8, 3, 6, 4, 11, 5, 9, 10, 7, 12), (1, 3, 5, 2, 4, 7, 11, 6, 12, 8, 10, 9), (4, 2, 6, 1, 5, 3, 8, 10, 9, 12, 11, 7), (2, 1, 3, 4, 6, 5, 8, 10, 7, 11, 9, 12)}
M(B) = 
[[2, 1, 3, 4, 5, 6, 7, 8, 9, 10, 11, 12], [2, 1, 3, 4, 5, 6, 7, 8, 10, 9, 11, 12], [2, 1, 3, 4, 5, 6, 7, 8, 10, 11, 9, 12], [2, 1, 3, 4, 6, 5, 7, 8, 9, 10, 11, 12], [2, 1, 3, 4, 6, 5, 7, 8, 10, 9, 11, 12], [2, 1, 3, 4, 6, 5, 7, 8, 10, 11, 9, 12]]
Distance: 73
M(A) inter A:
set()
M(B) inter B:
set()

AUB = 
{(2, 1, 3, 4, 5, 6, 7, 9, 8, 10, 11, 12), (1, 3, 7, 4, 6, 2, 5, 9, 8, 10, 11, 12), (8, 3, 2, 1, 4, 7, 6, 9, 11, 5, 10, 12), (2, 4, 3, 1, 6, 5, 8, 10, 7, 11, 12, 9), (3, 4, 7, 1, 2, 8, 5, 11, 9, 6, 12, 10), (5, 1, 3, 6, 2, 10, 4, 11, 7, 12, 8, 9), (1, 10, 4, 2, 3, 6, 8, 7, 5, 12, 11, 9), (1, 2, 3, 4, 5, 6, 7, 8, 9, 12, 10, 11), (3, 2, 1, 5, 6, 7, 9, 11, 4, 10, 12, 8), (2, 1, 4, 3, 5, 6, 7, 8, 10, 9, 11, 12), (2, 1, 8, 3, 6, 4, 11, 5, 9, 10, 7, 12), (1, 3, 5, 2, 4, 7, 11, 6, 12, 8, 10, 9), (4, 2, 6, 1, 5, 3, 8, 10, 9, 12, 11, 7), (2, 1, 3, 4, 6, 5, 8, 10, 7, 11, 9, 12)}
M(AUB) = 
[[2, 1, 3, 4, 5, 6, 7, 8, 9, 10, 11, 12], [2, 1, 3, 4, 5, 6, 7, 8, 10, 9, 11, 12], [2, 1, 3, 4, 5, 6, 7, 8, 10, 11, 9, 12], [2, 1, 3, 4, 6, 5, 7, 8, 9, 10, 11, 12], [2, 1, 3, 4, 6, 5, 7, 8, 10, 9, 11, 12], [2, 1, 3, 4, 6, 5, 7, 8, 10, 11, 9, 12]]
Distance:148

(34)
A = 
{(1, 2, 4, 5, 3, 6, 8, 7, 9, 12, 11, 10), (3, 4, 1, 2, 7, 5, 6, 8, 9, 11, 12, 10), (6, 3, 1, 4, 5, 2, 8, 12, 10, 7, 9, 11), (1, 4, 3, 2, 7, 8, 6, 5, 9, 10, 12, 11), (3, 6, 2, 5, 1, 8, 4, 7, 12, 9, 11, 10), (2, 3, 1, 6, 4, 7, 5, 8, 11, 9, 10, 12), (3, 1, 9, 2, 4, 6, 7, 5, 12, 8, 11, 10)}
M(A) = 
[[1, 3, 2, 4, 6, 5, 7, 8, 9, 10, 12, 11], [1, 3, 2, 4, 6, 5, 7, 8, 9, 12, 10, 11], [1, 3, 2, 4, 6, 5, 7, 9, 8, 10, 12, 11], [1, 3, 2, 4, 6, 5, 7, 9, 8, 12, 10, 11], [1, 3, 2, 4, 6, 7, 5, 8, 9, 10, 12, 11], [1, 3, 2, 4, 6, 7, 5, 8, 9, 12, 10, 11], [1, 3, 2, 4, 6, 7, 5, 9, 8, 10, 12, 11], [1, 3, 2, 4, 6, 7, 5, 9, 8, 12, 10, 11], [1, 3, 2, 6, 4, 5, 7, 8, 9, 10, 12, 11], [1, 3, 2, 6, 4, 5, 7, 8, 9, 12, 10, 11], [1, 3, 2, 6, 4, 5, 7, 9, 8, 10, 12, 11], [1, 3, 2, 6, 4, 5, 7, 9, 8, 12, 10, 11], [1, 3, 2, 6, 4, 7, 5, 8, 9, 10, 12, 11], [1, 3, 2, 6, 4, 7, 5, 8, 9, 12, 10, 11], [1, 3, 2, 6, 4, 7, 5, 9, 8, 10, 12, 11], [1, 3, 2, 6, 4, 7, 5, 9, 8, 12, 10, 11], [3, 1, 2, 4, 6, 5, 7, 8, 9, 10, 12, 11], [3, 1, 2, 4, 6, 5, 7, 8, 9, 12, 10, 11], [3, 1, 2, 4, 6, 5, 7, 9, 8, 10, 12, 11], [3, 1, 2, 4, 6, 5, 7, 9, 8, 12, 10, 11], [3, 1, 2, 4, 6, 7, 5, 8, 9, 10, 12, 11], [3, 1, 2, 4, 6, 7, 5, 8, 9, 12, 10, 11], [3, 1, 2, 4, 6, 7, 5, 9, 8, 10, 12, 11], [3, 1, 2, 4, 6, 7, 5, 9, 8, 12, 10, 11], [3, 1, 2, 6, 4, 5, 7, 8, 9, 10, 12, 11], [3, 1, 2, 6, 4, 5, 7, 8, 9, 12, 10, 11], [3, 1, 2, 6, 4, 5, 7, 9, 8, 10, 12, 11], [3, 1, 2, 6, 4, 5, 7, 9, 8, 12, 10, 11], [3, 1, 2, 6, 4, 7, 5, 8, 9, 10, 12, 11], [3, 1, 2, 6, 4, 7, 5, 8, 9, 12, 10, 11], [3, 1, 2, 6, 4, 7, 5, 9, 8, 10, 12, 11], [3, 1, 2, 6, 4, 7, 5, 9, 8, 12, 10, 11]]
Distance: 56
B = 
{(1, 2, 3, 4, 5, 6, 7, 10, 9, 12, 8, 11), (1, 3, 2, 4, 6, 7, 5, 9, 8, 11, 10, 12), (1, 2, 3, 5, 6, 7, 9, 4, 10, 8, 11, 12), (5, 1, 3, 2, 6, 7, 12, 4, 8, 10, 9, 11), (3, 2, 7, 6, 5, 10, 1, 9, 12, 4, 8, 11), (1, 6, 2, 4, 3, 9, 8, 5, 12, 10, 7, 11), (2, 3, 4, 7, 1, 6, 10, 5, 9, 8, 11, 12)}
M(B) = 
[[1, 3, 2, 4, 6, 5, 7, 8, 9, 10, 12, 11], [1, 3, 2, 4, 6, 5, 7, 8, 9, 12, 10, 11], [1, 3, 2, 4, 6, 5, 7, 9, 8, 10, 12, 11], [1, 3, 2, 4, 6, 5, 7, 9, 8, 12, 10, 11], [1, 3, 2, 4, 6, 7, 5, 8, 9, 10, 12, 11], [1, 3, 2, 4, 6, 7, 5, 8, 9, 12, 10, 11], [1, 3, 2, 4, 6, 7, 5, 9, 8, 10, 12, 11], [1, 3, 2, 4, 6, 7, 5, 9, 8, 12, 10, 11], [1, 3, 2, 6, 4, 5, 7, 8, 9, 10, 12, 11], [1, 3, 2, 6, 4, 5, 7, 8, 9, 12, 10, 11], [1, 3, 2, 6, 4, 5, 7, 9, 8, 10, 12, 11], [1, 3, 2, 6, 4, 5, 7, 9, 8, 12, 10, 11], [1, 3, 2, 6, 4, 7, 5, 8, 9, 10, 12, 11], [1, 3, 2, 6, 4, 7, 5, 8, 9, 12, 10, 11], [1, 3, 2, 6, 4, 7, 5, 9, 8, 10, 12, 11], [1, 3, 2, 6, 4, 7, 5, 9, 8, 12, 10, 11], [3, 1, 2, 4, 6, 5, 7, 8, 9, 10, 12, 11], [3, 1, 2, 4, 6, 5, 7, 8, 9, 12, 10, 11], [3, 1, 2, 4, 6, 5, 7, 9, 8, 10, 12, 11], [3, 1, 2, 4, 6, 5, 7, 9, 8, 12, 10, 11], [3, 1, 2, 4, 6, 7, 5, 8, 9, 10, 12, 11], [3, 1, 2, 4, 6, 7, 5, 8, 9, 12, 10, 11], [3, 1, 2, 4, 6, 7, 5, 9, 8, 10, 12, 11], [3, 1, 2, 4, 6, 7, 5, 9, 8, 12, 10, 11], [3, 1, 2, 6, 4, 5, 7, 8, 9, 10, 12, 11], [3, 1, 2, 6, 4, 5, 7, 8, 9, 12, 10, 11], [3, 1, 2, 6, 4, 5, 7, 9, 8, 10, 12, 11], [3, 1, 2, 6, 4, 5, 7, 9, 8, 12, 10, 11], [3, 1, 2, 6, 4, 7, 5, 8, 9, 10, 12, 11], [3, 1, 2, 6, 4, 7, 5, 8, 9, 12, 10, 11], [3, 1, 2, 6, 4, 7, 5, 9, 8, 10, 12, 11], [3, 1, 2, 6, 4, 7, 5, 9, 8, 12, 10, 11]]
Distance: 65
M(A) inter A:
set()
M(B) inter B:
set()

AUB = 
{(1, 2, 4, 5, 3, 6, 8, 7, 9, 12, 11, 10), (1, 2, 3, 4, 5, 6, 7, 10, 9, 12, 8, 11), (1, 3, 2, 4, 6, 7, 5, 9, 8, 11, 10, 12), (1, 2, 3, 5, 6, 7, 9, 4, 10, 8, 11, 12), (3, 4, 1, 2, 7, 5, 6, 8, 9, 11, 12, 10), (5, 1, 3, 2, 6, 7, 12, 4, 8, 10, 9, 11), (3, 2, 7, 6, 5, 10, 1, 9, 12, 4, 8, 11), (1, 6, 2, 4, 3, 9, 8, 5, 12, 10, 7, 11), (6, 3, 1, 4, 5, 2, 8, 12, 10, 7, 9, 11), (1, 4, 3, 2, 7, 8, 6, 5, 9, 10, 12, 11), (3, 6, 2, 5, 1, 8, 4, 7, 12, 9, 11, 10), (2, 3, 4, 7, 1, 6, 10, 5, 9, 8, 11, 12), (2, 3, 1, 6, 4, 7, 5, 8, 11, 9, 10, 12), (3, 1, 9, 2, 4, 6, 7, 5, 12, 8, 11, 10)}
M(AUB) = 
[[1, 3, 2, 4, 6, 5, 7, 8, 9, 10, 12, 11], [1, 3, 2, 4, 6, 5, 7, 8, 9, 12, 10, 11], [1, 3, 2, 4, 6, 5, 7, 9, 8, 10, 12, 11], [1, 3, 2, 4, 6, 5, 7, 9, 8, 12, 10, 11], [1, 3, 2, 4, 6, 7, 5, 8, 9, 10, 12, 11], [1, 3, 2, 4, 6, 7, 5, 8, 9, 12, 10, 11], [1, 3, 2, 4, 6, 7, 5, 9, 8, 10, 12, 11], [1, 3, 2, 4, 6, 7, 5, 9, 8, 12, 10, 11], [1, 3, 2, 6, 4, 5, 7, 8, 9, 10, 12, 11], [1, 3, 2, 6, 4, 5, 7, 8, 9, 12, 10, 11], [1, 3, 2, 6, 4, 5, 7, 9, 8, 10, 12, 11], [1, 3, 2, 6, 4, 5, 7, 9, 8, 12, 10, 11], [1, 3, 2, 6, 4, 7, 5, 8, 9, 10, 12, 11], [1, 3, 2, 6, 4, 7, 5, 8, 9, 12, 10, 11], [1, 3, 2, 6, 4, 7, 5, 9, 8, 10, 12, 11], [1, 3, 2, 6, 4, 7, 5, 9, 8, 12, 10, 11], [3, 1, 2, 4, 6, 5, 7, 8, 9, 10, 12, 11], [3, 1, 2, 4, 6, 5, 7, 8, 9, 12, 10, 11], [3, 1, 2, 4, 6, 5, 7, 9, 8, 10, 12, 11], [3, 1, 2, 4, 6, 5, 7, 9, 8, 12, 10, 11], [3, 1, 2, 4, 6, 7, 5, 8, 9, 10, 12, 11], [3, 1, 2, 4, 6, 7, 5, 8, 9, 12, 10, 11], [3, 1, 2, 4, 6, 7, 5, 9, 8, 10, 12, 11], [3, 1, 2, 4, 6, 7, 5, 9, 8, 12, 10, 11], [3, 1, 2, 6, 4, 5, 7, 8, 9, 10, 12, 11], [3, 1, 2, 6, 4, 5, 7, 8, 9, 12, 10, 11], [3, 1, 2, 6, 4, 5, 7, 9, 8, 10, 12, 11], [3, 1, 2, 6, 4, 5, 7, 9, 8, 12, 10, 11], [3, 1, 2, 6, 4, 7, 5, 8, 9, 10, 12, 11], [3, 1, 2, 6, 4, 7, 5, 8, 9, 12, 10, 11], [3, 1, 2, 6, 4, 7, 5, 9, 8, 10, 12, 11], [3, 1, 2, 6, 4, 7, 5, 9, 8, 12, 10, 11]]
Distance:140

(35)
A = 
{(1, 2, 3, 5, 4, 6, 7, 8, 9, 10, 11, 12), (6, 1, 2, 4, 3, 5, 9, 10, 7, 8, 12, 11), (1, 2, 3, 4, 5, 7, 6, 8, 9, 10, 12, 11), (2, 3, 1, 5, 4, 6, 7, 8, 9, 10, 12, 11), (1, 3, 2, 4, 7, 5, 6, 10, 8, 9, 12, 11), (1, 2, 5, 4, 3, 7, 8, 6, 10, 9, 12, 11), (3, 4, 1, 2, 5, 7, 6, 8, 12, 11, 9, 10)}
M(A) = 
[[1, 2, 3, 4, 5, 6, 7, 8, 9, 10, 11, 12], [1, 2, 3, 4, 5, 6, 7, 8, 9, 10, 12, 11], [1, 2, 3, 4, 5, 7, 6, 8, 9, 10, 11, 12], [1, 2, 3, 4, 5, 7, 6, 8, 9, 10, 12, 11]]
Distance: 35
B = 
{(3, 1, 2, 6, 4, 8, 11, 9, 5, 10, 7, 12), (2, 1, 3, 4, 7, 5, 6, 9, 8, 10, 11, 12), (3, 1, 2, 4, 5, 6, 8, 7, 11, 9, 10, 12), (1, 4, 2, 3, 5, 6, 8, 7, 10, 9, 11, 12), (3, 4, 2, 7, 6, 1, 9, 5, 12, 11, 8, 10), (2, 1, 3, 5, 6, 4, 7, 8, 11, 9, 10, 12), (4, 1, 3, 7, 10, 9, 2, 5, 6, 11, 8, 12)}
M(B) = 
[[1, 2, 3, 4, 5, 6, 7, 8, 9, 10, 11, 12], [1, 2, 3, 4, 5, 6, 7, 8, 9, 10, 12, 11], [1, 2, 3, 4, 5, 7, 6, 8, 9, 10, 11, 12], [1, 2, 3, 4, 5, 7, 6, 8, 9, 10, 12, 11]]
Distance: 63
M(A) inter A:
set()
M(B) inter B:
set()

AUB = 
{(4, 1, 3, 7, 10, 9, 2, 5, 6, 11, 8, 12), (3, 1, 2, 6, 4, 8, 11, 9, 5, 10, 7, 12), (2, 1, 3, 4, 7, 5, 6, 9, 8, 10, 11, 12), (1, 2, 3, 5, 4, 6, 7, 8, 9, 10, 11, 12), (6, 1, 2, 4, 3, 5, 9, 10, 7, 8, 12, 11), (3, 1, 2, 4, 5, 6, 8, 7, 11, 9, 10, 12), (1, 2, 3, 4, 5, 7, 6, 8, 9, 10, 12, 11), (2, 3, 1, 5, 4, 6, 7, 8, 9, 10, 12, 11), (1, 3, 2, 4, 7, 5, 6, 10, 8, 9, 12, 11), (1, 4, 2, 3, 5, 6, 8, 7, 10, 9, 11, 12), (3, 4, 2, 7, 6, 1, 9, 5, 12, 11, 8, 10), (1, 2, 5, 4, 3, 7, 8, 6, 10, 9, 12, 11), (2, 1, 3, 5, 6, 4, 7, 8, 11, 9, 10, 12), (3, 4, 1, 2, 5, 7, 6, 8, 12, 11, 9, 10)}
M(AUB) = 
[[1, 2, 3, 4, 5, 6, 7, 8, 9, 10, 11, 12], [1, 2, 3, 4, 5, 6, 7, 8, 9, 10, 12, 11], [1, 2, 3, 4, 5, 7, 6, 8, 9, 10, 11, 12], [1, 2, 3, 4, 5, 7, 6, 8, 9, 10, 12, 11]]
Distance:106

(36)
A = 
{(1, 2, 3, 4, 5, 7, 6, 9, 8, 10, 11, 12), (1, 3, 5, 2, 7, 6, 4, 8, 9, 10, 11, 12), (3, 2, 1, 7, 6, 5, 8, 9, 10, 4, 12, 11), (2, 1, 4, 3, 7, 5, 6, 8, 9, 10, 11, 12), (1, 3, 5, 2, 7, 4, 6, 9, 8, 12, 11, 10), (1, 2, 3, 4, 5, 6, 8, 7, 9, 11, 10, 12), (2, 3, 6, 8, 1, 5, 4, 7, 10, 12, 9, 11)}
M(A) = 
[[1, 2, 3, 4, 5, 6, 7, 8, 9, 10, 11, 12], [1, 2, 3, 4, 5, 6, 7, 8, 9, 10, 12, 11]]
Distance: 45
B = 
{(5, 6, 1, 3, 7, 2, 8, 9, 12, 4, 10, 11), (3, 9, 2, 8, 4, 1, 5, 10, 6, 12, 7, 11), (5, 4, 1, 2, 3, 6, 8, 7, 9, 12, 11, 10), (1, 2, 3, 6, 4, 5, 7, 8, 9, 10, 11, 12), (1, 2, 3, 4, 5, 6, 7, 8, 9, 10, 12, 11), (1, 2, 4, 3, 5, 6, 7, 8, 9, 11, 10, 12), (1, 2, 6, 3, 4, 7, 10, 5, 11, 12, 9, 8)}
M(B) = 
[[1, 2, 3, 4, 5, 6, 7, 8, 9, 10, 11, 12], [1, 2, 3, 4, 5, 6, 7, 8, 9, 10, 12, 11]]
Distance: 63
M(A) inter A:
set()
M(B) inter B:
{(1, 2, 3, 4, 5, 6, 7, 8, 9, 10, 12, 11)}

AUB = 
{(1, 2, 6, 3, 4, 7, 10, 5, 11, 12, 9, 8), (5, 6, 1, 3, 7, 2, 8, 9, 12, 4, 10, 11), (1, 2, 3, 4, 5, 7, 6, 9, 8, 10, 11, 12), (1, 3, 5, 2, 7, 6, 4, 8, 9, 10, 11, 12), (3, 2, 1, 7, 6, 5, 8, 9, 10, 4, 12, 11), (3, 9, 2, 8, 4, 1, 5, 10, 6, 12, 7, 11), (5, 4, 1, 2, 3, 6, 8, 7, 9, 12, 11, 10), (2, 1, 4, 3, 7, 5, 6, 8, 9, 10, 11, 12), (1, 3, 5, 2, 7, 4, 6, 9, 8, 12, 11, 10), (1, 2, 3, 6, 4, 5, 7, 8, 9, 10, 11, 12), (1, 2, 3, 4, 5, 6, 8, 7, 9, 11, 10, 12), (2, 3, 6, 8, 1, 5, 4, 7, 10, 12, 9, 11), (1, 2, 3, 4, 5, 6, 7, 8, 9, 10, 12, 11), (1, 2, 4, 3, 5, 6, 7, 8, 9, 11, 10, 12)}
M(AUB) = 
[[1, 2, 3, 4, 5, 6, 7, 8, 9, 10, 11, 12], [1, 2, 3, 4, 5, 6, 7, 8, 9, 10, 12, 11]]
Distance:113

(37)
A = 
{(1, 3, 2, 6, 4, 7, 9, 8, 12, 11, 5, 10), (2, 4, 1, 5, 3, 7, 8, 11, 6, 12, 9, 10), (2, 1, 3, 5, 4, 6, 7, 8, 10, 9, 12, 11), (7, 2, 5, 3, 4, 1, 6, 9, 12, 11, 10, 8), (1, 6, 5, 2, 4, 8, 10, 11, 3, 7, 12, 9), (1, 2, 3, 4, 6, 8, 7, 5, 9, 10, 11, 12), (1, 2, 4, 3, 5, 6, 7, 8, 10, 9, 11, 12)}
M(A) = 
[[1, 2, 3, 4, 5, 6, 7, 8, 9, 10, 11, 12], [1, 2, 3, 4, 5, 6, 7, 8, 9, 10, 12, 11], [1, 2, 3, 4, 5, 6, 7, 8, 9, 12, 10, 11]]
Distance: 69
B = 
{(1, 5, 2, 3, 4, 7, 6, 12, 8, 9, 10, 11), (2, 3, 6, 7, 1, 4, 5, 11, 8, 9, 10, 12), (4, 1, 2, 7, 9, 6, 3, 5, 10, 12, 8, 11), (1, 3, 8, 2, 4, 5, 6, 11, 7, 9, 12, 10), (4, 3, 2, 1, 10, 8, 6, 11, 12, 5, 9, 7), (4, 2, 1, 5, 3, 7, 6, 12, 9, 8, 10, 11), (3, 4, 1, 2, 5, 7, 8, 12, 6, 11, 9, 10)}
M(B) = 
[[1, 2, 3, 4, 5, 6, 7, 8, 9, 10, 11, 12], [1, 2, 3, 4, 5, 6, 7, 8, 9, 10, 12, 11], [1, 2, 3, 4, 5, 6, 7, 8, 9, 12, 10, 11]]
Distance: 84
M(A) inter A:
set()
M(B) inter B:
set()

AUB = 
{(1, 3, 2, 6, 4, 7, 9, 8, 12, 11, 5, 10), (1, 5, 2, 3, 4, 7, 6, 12, 8, 9, 10, 11), (2, 4, 1, 5, 3, 7, 8, 11, 6, 12, 9, 10), (2, 3, 6, 7, 1, 4, 5, 11, 8, 9, 10, 12), (2, 1, 3, 5, 4, 6, 7, 8, 10, 9, 12, 11), (4, 1, 2, 7, 9, 6, 3, 5, 10, 12, 8, 11), (1, 3, 8, 2, 4, 5, 6, 11, 7, 9, 12, 10), (4, 3, 2, 1, 10, 8, 6, 11, 12, 5, 9, 7), (4, 2, 1, 5, 3, 7, 6, 12, 9, 8, 10, 11), (7, 2, 5, 3, 4, 1, 6, 9, 12, 11, 10, 8), (1, 2, 3, 4, 6, 8, 7, 5, 9, 10, 11, 12), (1, 6, 5, 2, 4, 8, 10, 11, 3, 7, 12, 9), (1, 2, 4, 3, 5, 6, 7, 8, 10, 9, 11, 12), (3, 4, 1, 2, 5, 7, 8, 12, 6, 11, 9, 10)}
M(AUB) = 
[[1, 2, 3, 4, 5, 6, 7, 8, 9, 10, 11, 12], [1, 2, 3, 4, 5, 6, 7, 8, 9, 10, 12, 11], [1, 2, 3, 4, 5, 6, 7, 8, 9, 12, 10, 11]]
Distance:158

(38)
A = 
{(7, 1, 2, 4, 10, 3, 6, 11, 12, 9, 5, 8), (1, 3, 2, 5, 4, 6, 7, 8, 10, 11, 9, 12), (3, 1, 2, 7, 9, 4, 5, 8, 6, 10, 11, 12), (3, 6, 2, 5, 4, 1, 12, 10, 7, 8, 11, 9), (1, 6, 2, 3, 4, 9, 5, 8, 11, 7, 12, 10), (3, 1, 2, 4, 6, 5, 9, 12, 7, 10, 8, 11), (1, 2, 3, 4, 5, 6, 7, 8, 10, 9, 11, 12)}
M(A) = 
[[1, 3, 2, 4, 5, 6, 7, 8, 10, 9, 11, 12], [1, 3, 2, 4, 5, 6, 7, 8, 10, 9, 12, 11]]
Distance: 73
B = 
{(2, 5, 3, 1, 8, 6, 10, 4, 7, 9, 12, 11), (1, 3, 4, 7, 6, 5, 2, 8, 10, 11, 9, 12), (3, 2, 8, 4, 1, 5, 6, 11, 10, 7, 12, 9), (2, 4, 1, 7, 3, 10, 8, 9, 5, 6, 12, 11), (3, 1, 5, 2, 6, 9, 4, 8, 12, 7, 11, 10), (1, 3, 2, 6, 4, 5, 9, 7, 8, 10, 12, 11), (2, 1, 3, 4, 5, 7, 12, 6, 9, 10, 8, 11)}
M(B) = 
[[1, 3, 2, 4, 5, 6, 7, 8, 10, 9, 11, 12], [1, 3, 2, 4, 5, 6, 7, 8, 10, 9, 12, 11]]
Distance: 76
M(A) inter A:
set()
M(B) inter B:
set()

AUB = 
{(2, 1, 3, 4, 5, 7, 12, 6, 9, 10, 8, 11), (7, 1, 2, 4, 10, 3, 6, 11, 12, 9, 5, 8), (2, 5, 3, 1, 8, 6, 10, 4, 7, 9, 12, 11), (1, 3, 4, 7, 6, 5, 2, 8, 10, 11, 9, 12), (1, 3, 2, 5, 4, 6, 7, 8, 10, 11, 9, 12), (3, 6, 2, 5, 4, 1, 12, 10, 7, 8, 11, 9), (3, 1, 2, 7, 9, 4, 5, 8, 6, 10, 11, 12), (3, 2, 8, 4, 1, 5, 6, 11, 10, 7, 12, 9), (1, 6, 2, 3, 4, 9, 5, 8, 11, 7, 12, 10), (2, 4, 1, 7, 3, 10, 8, 9, 5, 6, 12, 11), (3, 1, 5, 2, 6, 9, 4, 8, 12, 7, 11, 10), (3, 1, 2, 4, 6, 5, 9, 12, 7, 10, 8, 11), (1, 3, 2, 6, 4, 5, 9, 7, 8, 10, 12, 11), (1, 2, 3, 4, 5, 6, 7, 8, 10, 9, 11, 12)}
M(AUB) = 
[[1, 3, 2, 4, 5, 6, 7, 8, 10, 9, 11, 12], [1, 3, 2, 4, 5, 6, 7, 8, 10, 9, 12, 11]]
Distance:153

(39)
A = 
{(2, 1, 6, 5, 3, 4, 9, 10, 8, 7, 11, 12), (3, 1, 2, 5, 4, 8, 6, 10, 12, 7, 9, 11), (4, 1, 5, 2, 3, 7, 11, 6, 10, 9, 8, 12), (5, 7, 2, 1, 3, 4, 10, 8, 6, 9, 12, 11), (1, 2, 4, 3, 7, 5, 9, 6, 10, 8, 11, 12), (3, 1, 2, 4, 6, 7, 5, 10, 9, 11, 8, 12), (2, 3, 4, 1, 5, 7, 8, 6, 11, 9, 12, 10)}
M(A) = 
[[1, 2, 3, 4, 5, 7, 6, 9, 10, 8, 11, 12], [1, 2, 3, 4, 5, 7, 6, 9, 10, 8, 12, 11], [1, 2, 3, 5, 4, 7, 6, 9, 10, 8, 11, 12], [1, 2, 3, 5, 4, 7, 6, 9, 10, 8, 12, 11], [1, 2, 5, 3, 4, 7, 6, 9, 10, 8, 11, 12], [1, 2, 5, 3, 4, 7, 6, 9, 10, 8, 12, 11]]
Distance: 65
B = 
{(3, 1, 2, 5, 4, 6, 8, 9, 12, 11, 10, 7), (1, 2, 3, 7, 4, 10, 6, 5, 8, 9, 12, 11), (2, 4, 1, 5, 7, 3, 11, 8, 6, 10, 12, 9), (5, 3, 4, 1, 2, 9, 6, 7, 10, 11, 12, 8), (1, 2, 7, 5, 3, 4, 6, 9, 10, 8, 12, 11), (5, 3, 1, 4, 2, 6, 8, 7, 9, 12, 11, 10), (4, 3, 9, 2, 5, 1, 7, 8, 10, 12, 6, 11)}
M(B) = 
[[1, 2, 3, 4, 5, 7, 6, 9, 10, 8, 11, 12], [1, 2, 3, 4, 5, 7, 6, 9, 10, 8, 12, 11], [1, 2, 3, 5, 4, 7, 6, 9, 10, 8, 11, 12], [1, 2, 3, 5, 4, 7, 6, 9, 10, 8, 12, 11], [1, 2, 5, 3, 4, 7, 6, 9, 10, 8, 11, 12], [1, 2, 5, 3, 4, 7, 6, 9, 10, 8, 12, 11]]
Distance: 78
M(A) inter A:
set()
M(B) inter B:
set()

AUB = 
{(2, 1, 6, 5, 3, 4, 9, 10, 8, 7, 11, 12), (3, 1, 2, 5, 4, 6, 8, 9, 12, 11, 10, 7), (3, 1, 2, 5, 4, 8, 6, 10, 12, 7, 9, 11), (4, 1, 5, 2, 3, 7, 11, 6, 10, 9, 8, 12), (5, 7, 2, 1, 3, 4, 10, 8, 6, 9, 12, 11), (1, 2, 3, 7, 4, 10, 6, 5, 8, 9, 12, 11), (2, 4, 1, 5, 7, 3, 11, 8, 6, 10, 12, 9), (1, 2, 4, 3, 7, 5, 9, 6, 10, 8, 11, 12), (5, 3, 4, 1, 2, 9, 6, 7, 10, 11, 12, 8), (3, 1, 2, 4, 6, 7, 5, 10, 9, 11, 8, 12), (1, 2, 7, 5, 3, 4, 6, 9, 10, 8, 12, 11), (5, 3, 1, 4, 2, 6, 8, 7, 9, 12, 11, 10), (4, 3, 9, 2, 5, 1, 7, 8, 10, 12, 6, 11), (2, 3, 4, 1, 5, 7, 8, 6, 11, 9, 12, 10)}
M(AUB) = 
[[1, 2, 3, 4, 5, 7, 6, 9, 10, 8, 11, 12], [1, 2, 3, 4, 5, 7, 6, 9, 10, 8, 12, 11], [1, 2, 3, 5, 4, 7, 6, 9, 10, 8, 11, 12], [1, 2, 3, 5, 4, 7, 6, 9, 10, 8, 12, 11], [1, 2, 5, 3, 4, 7, 6, 9, 10, 8, 11, 12], [1, 2, 5, 3, 4, 7, 6, 9, 10, 8, 12, 11]]
Distance:152

(40)
A = 
{(3, 7, 2, 1, 8, 4, 6, 12, 9, 11, 5, 10), (4, 6, 1, 2, 3, 5, 11, 7, 8, 9, 10, 12), (1, 2, 3, 6, 4, 8, 5, 7, 9, 11, 10, 12), (1, 4, 5, 6, 3, 2, 8, 7, 10, 9, 12, 11), (2, 6, 1, 3, 7, 4, 5, 10, 11, 9, 8, 12), (2, 4, 9, 3, 1, 5, 10, 6, 11, 12, 7, 8), (5, 1, 3, 4, 6, 9, 2, 7, 8, 10, 11, 12)}
M(A) = 
[[2, 1, 3, 4, 5, 6, 7, 8, 9, 10, 11, 12], [2, 1, 3, 4, 5, 6, 7, 8, 9, 11, 10, 12], [2, 1, 3, 4, 6, 5, 7, 8, 9, 10, 11, 12], [2, 1, 3, 4, 6, 5, 7, 8, 9, 11, 10, 12]]
Distance: 83
B = 
{(3, 1, 4, 2, 5, 7, 9, 6, 12, 8, 11, 10), (2, 3, 1, 4, 6, 5, 8, 7, 9, 11, 10, 12), (2, 1, 5, 4, 3, 7, 8, 6, 9, 10, 12, 11), (2, 1, 7, 4, 3, 12, 6, 5, 11, 9, 8, 10), (2, 4, 8, 1, 3, 5, 6, 10, 7, 9, 11, 12), (6, 2, 3, 5, 8, 4, 1, 11, 9, 7, 12, 10), (3, 2, 1, 4, 5, 8, 6, 9, 10, 7, 11, 12)}
M(B) = 
[[2, 1, 3, 4, 5, 6, 7, 8, 9, 10, 11, 12], [2, 1, 3, 4, 5, 6, 7, 8, 9, 11, 10, 12], [2, 1, 3, 4, 6, 5, 7, 8, 9, 10, 11, 12], [2, 1, 3, 4, 6, 5, 7, 8, 9, 11, 10, 12]]
Distance: 66
M(A) inter A:
set()
M(B) inter B:
set()

AUB = 
{(3, 2, 1, 4, 5, 8, 6, 9, 10, 7, 11, 12), (3, 7, 2, 1, 8, 4, 6, 12, 9, 11, 5, 10), (4, 6, 1, 2, 3, 5, 11, 7, 8, 9, 10, 12), (2, 3, 1, 4, 6, 5, 8, 7, 9, 11, 10, 12), (1, 2, 3, 6, 4, 8, 5, 7, 9, 11, 10, 12), (2, 1, 5, 4, 3, 7, 8, 6, 9, 10, 12, 11), (1, 4, 5, 6, 3, 2, 8, 7, 10, 9, 12, 11), (2, 1, 7, 4, 3, 12, 6, 5, 11, 9, 8, 10), (2, 6, 1, 3, 7, 4, 5, 10, 11, 9, 8, 12), (2, 4, 8, 1, 3, 5, 6, 10, 7, 9, 11, 12), (2, 4, 9, 3, 1, 5, 10, 6, 11, 12, 7, 8), (5, 1, 3, 4, 6, 9, 2, 7, 8, 10, 11, 12), (6, 2, 3, 5, 8, 4, 1, 11, 9, 7, 12, 10), (3, 1, 4, 2, 5, 7, 9, 6, 12, 8, 11, 10)}
M(AUB) = 
[[2, 1, 3, 4, 5, 6, 7, 8, 9, 10, 11, 12], [2, 1, 3, 4, 5, 6, 7, 8, 9, 11, 10, 12], [2, 1, 3, 4, 6, 5, 7, 8, 9, 10, 11, 12], [2, 1, 3, 4, 6, 5, 7, 8, 9, 11, 10, 12]]
Distance:154

(41)
A = 
{(4, 1, 3, 6, 5, 2, 7, 9, 10, 12, 8, 11), (1, 6, 5, 3, 4, 2, 8, 10, 11, 7, 9, 12), (1, 2, 3, 4, 5, 6, 7, 8, 9, 10, 11, 12), (4, 1, 2, 3, 8, 11, 5, 6, 7, 12, 10, 9), (1, 3, 2, 4, 6, 5, 7, 8, 11, 10, 9, 12), (5, 9, 2, 3, 6, 1, 7, 4, 11, 8, 12, 10), (1, 2, 4, 3, 5, 6, 7, 8, 9, 11, 10, 12)}
M(A) = 
[[1, 2, 3, 4, 5, 6, 7, 8, 9, 10, 11, 12], [1, 2, 3, 4, 5, 6, 7, 8, 10, 9, 11, 12], [1, 2, 4, 3, 5, 6, 7, 8, 9, 10, 11, 12], [1, 2, 4, 3, 5, 6, 7, 8, 10, 9, 11, 12]]
Distance: 64
B = 
{(1, 2, 3, 4, 5, 6, 7, 10, 8, 11, 9, 12), (2, 3, 1, 4, 5, 7, 8, 9, 6, 11, 10, 12), (1, 3, 2, 6, 4, 8, 7, 10, 11, 9, 5, 12), (1, 6, 2, 4, 3, 5, 9, 8, 11, 7, 10, 12), (2, 4, 1, 3, 5, 6, 9, 10, 7, 8, 12, 11), (1, 4, 3, 2, 5, 6, 7, 8, 10, 9, 11, 12), (4, 2, 3, 5, 1, 7, 10, 9, 6, 11, 12, 8)}
M(B) = 
[[1, 2, 3, 4, 5, 6, 7, 8, 9, 10, 11, 12], [1, 2, 3, 4, 5, 6, 7, 8, 10, 9, 11, 12], [1, 2, 4, 3, 5, 6, 7, 8, 9, 10, 11, 12], [1, 2, 4, 3, 5, 6, 7, 8, 10, 9, 11, 12]]
Distance: 54
M(A) inter A:
set()
M(B) inter B:
set()

AUB = 
{(4, 1, 3, 6, 5, 2, 7, 9, 10, 12, 8, 11), (1, 6, 5, 3, 4, 2, 8, 10, 11, 7, 9, 12), (1, 2, 3, 4, 5, 6, 7, 8, 9, 10, 11, 12), (1, 2, 3, 4, 5, 6, 7, 10, 8, 11, 9, 12), (2, 3, 1, 4, 5, 7, 8, 9, 6, 11, 10, 12), (1, 3, 2, 6, 4, 8, 7, 10, 11, 9, 5, 12), (4, 1, 2, 3, 8, 11, 5, 6, 7, 12, 10, 9), (1, 6, 2, 4, 3, 5, 9, 8, 11, 7, 10, 12), (2, 4, 1, 3, 5, 6, 9, 10, 7, 8, 12, 11), (1, 4, 3, 2, 5, 6, 7, 8, 10, 9, 11, 12), (1, 3, 2, 4, 6, 5, 7, 8, 11, 10, 9, 12), (5, 9, 2, 3, 6, 1, 7, 4, 11, 8, 12, 10), (1, 2, 4, 3, 5, 6, 7, 8, 9, 11, 10, 12), (4, 2, 3, 5, 1, 7, 10, 9, 6, 11, 12, 8)}
M(AUB) = 
[[1, 2, 3, 4, 5, 6, 7, 8, 9, 10, 11, 12], [1, 2, 3, 4, 5, 6, 7, 8, 10, 9, 11, 12], [1, 2, 4, 3, 5, 6, 7, 8, 9, 10, 11, 12], [1, 2, 4, 3, 5, 6, 7, 8, 10, 9, 11, 12]]
Distance:121

(42)
A = 
{(2, 1, 3, 5, 4, 7, 8, 6, 9, 10, 12, 11), (1, 2, 3, 4, 5, 6, 7, 8, 9, 10, 11, 12), (2, 1, 6, 4, 9, 5, 7, 10, 3, 8, 12, 11), (4, 1, 6, 2, 3, 7, 5, 8, 9, 11, 10, 12), (3, 5, 9, 2, 6, 1, 8, 4, 7, 10, 12, 11), (1, 2, 3, 6, 9, 4, 5, 10, 7, 12, 11, 8), (1, 5, 3, 2, 6, 4, 8, 7, 9, 10, 11, 12)}
M(A) = 
[[1, 2, 3, 4, 5, 6, 7, 8, 9, 10, 12, 11], [1, 2, 3, 4, 5, 6, 7, 9, 8, 10, 12, 11], [2, 1, 3, 4, 5, 6, 7, 8, 9, 10, 12, 11], [2, 1, 3, 4, 5, 6, 7, 9, 8, 10, 12, 11]]
Distance: 60
B = 
{(1, 7, 2, 3, 5, 4, 9, 12, 6, 8, 10, 11), (1, 3, 4, 9, 5, 2, 7, 12, 6, 8, 10, 11), (4, 3, 6, 2, 5, 8, 1, 7, 12, 11, 10, 9), (2, 1, 3, 7, 4, 5, 6, 10, 11, 9, 8, 12), (2, 3, 1, 5, 4, 7, 12, 8, 9, 6, 10, 11), (1, 3, 2, 6, 7, 4, 8, 10, 12, 5, 9, 11), (5, 2, 3, 12, 1, 4, 6, 10, 7, 9, 8, 11)}
M(B) = 
[[1, 2, 3, 4, 5, 6, 7, 8, 9, 10, 12, 11], [1, 2, 3, 4, 5, 6, 7, 9, 8, 10, 12, 11], [2, 1, 3, 4, 5, 6, 7, 8, 9, 10, 12, 11], [2, 1, 3, 4, 5, 6, 7, 9, 8, 10, 12, 11]]
Distance: 78
M(A) inter A:
set()
M(B) inter B:
set()

AUB = 
{(2, 1, 3, 5, 4, 7, 8, 6, 9, 10, 12, 11), (1, 2, 3, 4, 5, 6, 7, 8, 9, 10, 11, 12), (2, 1, 6, 4, 9, 5, 7, 10, 3, 8, 12, 11), (1, 7, 2, 3, 5, 4, 9, 12, 6, 8, 10, 11), (1, 3, 4, 9, 5, 2, 7, 12, 6, 8, 10, 11), (3, 5, 9, 2, 6, 1, 8, 4, 7, 10, 12, 11), (4, 1, 6, 2, 3, 7, 5, 8, 9, 11, 10, 12), (4, 3, 6, 2, 5, 8, 1, 7, 12, 11, 10, 9), (1, 2, 3, 6, 9, 4, 5, 10, 7, 12, 11, 8), (2, 1, 3, 7, 4, 5, 6, 10, 11, 9, 8, 12), (2, 3, 1, 5, 4, 7, 12, 8, 9, 6, 10, 11), (1, 5, 3, 2, 6, 4, 8, 7, 9, 10, 11, 12), (1, 3, 2, 6, 7, 4, 8, 10, 12, 5, 9, 11), (5, 2, 3, 12, 1, 4, 6, 10, 7, 9, 8, 11)}
M(AUB) = 
[[1, 2, 3, 4, 5, 6, 7, 8, 9, 10, 12, 11], [1, 2, 3, 4, 5, 6, 7, 9, 8, 10, 12, 11], [2, 1, 3, 4, 5, 6, 7, 8, 9, 10, 12, 11], [2, 1, 3, 4, 5, 6, 7, 9, 8, 10, 12, 11]]
Distance:147

(43)
A = 
{(7, 1, 3, 4, 5, 6, 2, 12, 10, 9, 8, 11), (2, 1, 3, 4, 5, 6, 8, 7, 9, 10, 11, 12), (2, 4, 7, 1, 6, 3, 5, 8, 9, 10, 12, 11), (2, 4, 1, 6, 3, 5, 7, 11, 8, 12, 9, 10), (1, 2, 3, 6, 5, 4, 9, 8, 7, 11, 10, 12), (2, 1, 7, 3, 6, 12, 4, 5, 8, 10, 11, 9), (5, 1, 4, 2, 3, 7, 6, 10, 9, 12, 8, 11)}
M(A) = 
[[1, 2, 3, 4, 5, 6, 7, 8, 9, 10, 12, 11], [1, 2, 3, 4, 5, 6, 7, 8, 10, 9, 12, 11], [1, 2, 3, 4, 5, 7, 6, 8, 9, 10, 12, 11], [1, 2, 3, 4, 5, 7, 6, 8, 10, 9, 12, 11], [1, 2, 4, 3, 5, 6, 7, 8, 9, 10, 12, 11], [1, 2, 4, 3, 5, 6, 7, 8, 10, 9, 12, 11], [1, 2, 4, 3, 5, 7, 6, 8, 9, 10, 12, 11], [1, 2, 4, 3, 5, 7, 6, 8, 10, 9, 12, 11], [2, 1, 3, 4, 5, 6, 7, 8, 9, 10, 12, 11], [2, 1, 3, 4, 5, 6, 7, 8, 10, 9, 12, 11], [2, 1, 3, 4, 5, 7, 6, 8, 9, 10, 12, 11], [2, 1, 3, 4, 5, 7, 6, 8, 10, 9, 12, 11], [2, 1, 4, 3, 5, 6, 7, 8, 9, 10, 12, 11], [2, 1, 4, 3, 5, 6, 7, 8, 10, 9, 12, 11], [2, 1, 4, 3, 5, 7, 6, 8, 9, 10, 12, 11], [2, 1, 4, 3, 5, 7, 6, 8, 10, 9, 12, 11]]
Distance: 70
B = 
{(1, 2, 5, 3, 4, 6, 7, 8, 10, 9, 11, 12), (2, 1, 4, 3, 6, 9, 7, 5, 12, 8, 11, 10), (1, 2, 3, 5, 4, 6, 7, 8, 9, 10, 11, 12), (2, 1, 4, 3, 5, 7, 6, 10, 8, 11, 9, 12), (2, 1, 5, 4, 3, 6, 8, 7, 9, 12, 10, 11), (1, 4, 3, 7, 2, 6, 5, 8, 10, 9, 12, 11), (3, 1, 4, 7, 2, 5, 10, 9, 6, 8, 12, 11)}
M(B) = 
[[1, 2, 3, 4, 5, 6, 7, 8, 9, 10, 12, 11], [1, 2, 3, 4, 5, 6, 7, 8, 10, 9, 12, 11], [1, 2, 3, 4, 5, 7, 6, 8, 9, 10, 12, 11], [1, 2, 3, 4, 5, 7, 6, 8, 10, 9, 12, 11], [1, 2, 4, 3, 5, 6, 7, 8, 9, 10, 12, 11], [1, 2, 4, 3, 5, 6, 7, 8, 10, 9, 12, 11], [1, 2, 4, 3, 5, 7, 6, 8, 9, 10, 12, 11], [1, 2, 4, 3, 5, 7, 6, 8, 10, 9, 12, 11], [2, 1, 3, 4, 5, 6, 7, 8, 9, 10, 12, 11], [2, 1, 3, 4, 5, 6, 7, 8, 10, 9, 12, 11], [2, 1, 3, 4, 5, 7, 6, 8, 9, 10, 12, 11], [2, 1, 3, 4, 5, 7, 6, 8, 10, 9, 12, 11], [2, 1, 4, 3, 5, 6, 7, 8, 9, 10, 12, 11], [2, 1, 4, 3, 5, 6, 7, 8, 10, 9, 12, 11], [2, 1, 4, 3, 5, 7, 6, 8, 9, 10, 12, 11], [2, 1, 4, 3, 5, 7, 6, 8, 10, 9, 12, 11]]
Distance: 46
M(A) inter A:
set()
M(B) inter B:
set()

AUB = 
{(1, 2, 5, 3, 4, 6, 7, 8, 10, 9, 11, 12), (7, 1, 3, 4, 5, 6, 2, 12, 10, 9, 8, 11), (2, 1, 3, 4, 5, 6, 8, 7, 9, 10, 11, 12), (2, 4, 7, 1, 6, 3, 5, 8, 9, 10, 12, 11), (2, 1, 4, 3, 6, 9, 7, 5, 12, 8, 11, 10), (1, 2, 3, 5, 4, 6, 7, 8, 9, 10, 11, 12), (2, 1, 4, 3, 5, 7, 6, 10, 8, 11, 9, 12), (2, 4, 1, 6, 3, 5, 7, 11, 8, 12, 9, 10), (2, 1, 5, 4, 3, 6, 8, 7, 9, 12, 10, 11), (1, 2, 3, 6, 5, 4, 9, 8, 7, 11, 10, 12), (1, 4, 3, 7, 2, 6, 5, 8, 10, 9, 12, 11), (2, 1, 7, 3, 6, 12, 4, 5, 8, 10, 11, 9), (3, 1, 4, 7, 2, 5, 10, 9, 6, 8, 12, 11), (5, 1, 4, 2, 3, 7, 6, 10, 9, 12, 8, 11)}
M(AUB) = 
[[1, 2, 3, 4, 5, 6, 7, 8, 9, 10, 12, 11], [1, 2, 3, 4, 5, 6, 7, 8, 10, 9, 12, 11], [1, 2, 3, 4, 5, 7, 6, 8, 9, 10, 12, 11], [1, 2, 3, 4, 5, 7, 6, 8, 10, 9, 12, 11], [1, 2, 4, 3, 5, 6, 7, 8, 9, 10, 12, 11], [1, 2, 4, 3, 5, 6, 7, 8, 10, 9, 12, 11], [1, 2, 4, 3, 5, 7, 6, 8, 9, 10, 12, 11], [1, 2, 4, 3, 5, 7, 6, 8, 10, 9, 12, 11], [2, 1, 3, 4, 5, 6, 7, 8, 9, 10, 12, 11], [2, 1, 3, 4, 5, 6, 7, 8, 10, 9, 12, 11], [2, 1, 3, 4, 5, 7, 6, 8, 9, 10, 12, 11], [2, 1, 3, 4, 5, 7, 6, 8, 10, 9, 12, 11], [2, 1, 4, 3, 5, 6, 7, 8, 9, 10, 12, 11], [2, 1, 4, 3, 5, 6, 7, 8, 10, 9, 12, 11], [2, 1, 4, 3, 5, 7, 6, 8, 9, 10, 12, 11], [2, 1, 4, 3, 5, 7, 6, 8, 10, 9, 12, 11]]
Distance:120

(44)
A = 
{(3, 2, 1, 4, 6, 5, 8, 7, 9, 11, 10, 12), (1, 2, 3, 6, 5, 7, 8, 4, 9, 12, 10, 11), (4, 1, 2, 3, 7, 9, 10, 5, 8, 11, 6, 12), (1, 6, 4, 5, 7, 9, 3, 2, 8, 10, 11, 12), (3, 1, 4, 5, 2, 7, 8, 10, 6, 9, 11, 12), (1, 3, 6, 2, 4, 8, 5, 9, 7, 12, 11, 10), (3, 1, 6, 2, 4, 8, 5, 11, 9, 7, 10, 12)}
M(A) = 
[[1, 3, 2, 4, 6, 5, 7, 8, 9, 10, 11, 12], [1, 3, 2, 6, 4, 5, 7, 8, 9, 10, 11, 12]]
Distance: 62
B = 
{(3, 1, 2, 7, 6, 4, 8, 5, 9, 12, 10, 11), (2, 6, 1, 5, 3, 7, 9, 12, 10, 4, 11, 8), (1, 3, 2, 5, 4, 6, 7, 9, 8, 10, 11, 12), (1, 4, 6, 3, 9, 7, 8, 2, 10, 12, 11, 5), (2, 1, 5, 7, 6, 8, 4, 3, 10, 12, 9, 11), (1, 2, 3, 5, 4, 8, 7, 6, 9, 10, 11, 12), (1, 2, 3, 4, 6, 7, 5, 8, 9, 10, 11, 12)}
M(B) = 
[[1, 3, 2, 4, 6, 5, 7, 8, 9, 10, 11, 12], [1, 3, 2, 6, 4, 5, 7, 8, 9, 10, 11, 12]]
Distance: 66
M(A) inter A:
set()
M(B) inter B:
set()

AUB = 
{(3, 1, 2, 7, 6, 4, 8, 5, 9, 12, 10, 11), (2, 6, 1, 5, 3, 7, 9, 12, 10, 4, 11, 8), (1, 3, 2, 5, 4, 6, 7, 9, 8, 10, 11, 12), (3, 2, 1, 4, 6, 5, 8, 7, 9, 11, 10, 12), (1, 4, 6, 3, 9, 7, 8, 2, 10, 12, 11, 5), (1, 2, 3, 6, 5, 7, 8, 4, 9, 12, 10, 11), (4, 1, 2, 3, 7, 9, 10, 5, 8, 11, 6, 12), (1, 6, 4, 5, 7, 9, 3, 2, 8, 10, 11, 12), (2, 1, 5, 7, 6, 8, 4, 3, 10, 12, 9, 11), (3, 1, 4, 5, 2, 7, 8, 10, 6, 9, 11, 12), (1, 3, 6, 2, 4, 8, 5, 9, 7, 12, 11, 10), (1, 2, 3, 5, 4, 8, 7, 6, 9, 10, 11, 12), (3, 1, 6, 2, 4, 8, 5, 11, 9, 7, 10, 12), (1, 2, 3, 4, 6, 7, 5, 8, 9, 10, 11, 12)}
M(AUB) = 
[[1, 3, 2, 4, 6, 5, 7, 8, 9, 10, 11, 12], [1, 3, 2, 6, 4, 5, 7, 8, 9, 10, 11, 12]]
Distance:131

(45)
A = 
{(1, 3, 6, 5, 2, 4, 8, 9, 10, 12, 11, 7), (1, 7, 5, 2, 11, 9, 6, 3, 4, 8, 10, 12), (2, 3, 1, 6, 5, 8, 9, 7, 12, 4, 10, 11), (3, 4, 5, 1, 7, 6, 9, 2, 11, 8, 10, 12), (1, 2, 5, 4, 3, 8, 7, 9, 12, 10, 6, 11), (1, 3, 10, 2, 4, 7, 5, 6, 9, 11, 12, 8), (2, 1, 4, 3, 8, 6, 7, 5, 12, 11, 9, 10)}
M(A) = 
[[1, 3, 2, 4, 5, 6, 7, 8, 9, 10, 11, 12], [1, 3, 2, 4, 5, 6, 8, 7, 9, 10, 11, 12]]
Distance: 91
B = 
{(3, 1, 5, 4, 2, 7, 6, 8, 10, 11, 12, 9), (1, 2, 3, 4, 5, 6, 7, 8, 9, 10, 11, 12), (3, 1, 2, 5, 6, 7, 4, 12, 10, 11, 9, 8), (1, 3, 2, 4, 6, 5, 8, 7, 11, 9, 12, 10), (1, 2, 3, 4, 5, 6, 8, 7, 9, 12, 11, 10), (3, 4, 1, 2, 6, 9, 7, 8, 5, 10, 11, 12), (4, 1, 3, 2, 6, 5, 8, 7, 11, 12, 9, 10)}
M(B) = 
[[1, 3, 2, 4, 5, 6, 7, 8, 9, 10, 11, 12], [1, 3, 2, 4, 5, 6, 8, 7, 9, 10, 11, 12]]
Distance: 49
M(A) inter A:
set()
M(B) inter B:
set()

AUB = 
{(3, 1, 5, 4, 2, 7, 6, 8, 10, 11, 12, 9), (1, 3, 6, 5, 2, 4, 8, 9, 10, 12, 11, 7), (1, 2, 3, 4, 5, 6, 7, 8, 9, 10, 11, 12), (3, 1, 2, 5, 6, 7, 4, 12, 10, 11, 9, 8), (1, 7, 5, 2, 11, 9, 6, 3, 4, 8, 10, 12), (2, 3, 1, 6, 5, 8, 9, 7, 12, 4, 10, 11), (3, 4, 5, 1, 7, 6, 9, 2, 11, 8, 10, 12), (1, 2, 5, 4, 3, 8, 7, 9, 12, 10, 6, 11), (1, 3, 2, 4, 6, 5, 8, 7, 11, 9, 12, 10), (1, 2, 3, 4, 5, 6, 8, 7, 9, 12, 11, 10), (1, 3, 10, 2, 4, 7, 5, 6, 9, 11, 12, 8), (3, 4, 1, 2, 6, 9, 7, 8, 5, 10, 11, 12), (4, 1, 3, 2, 6, 5, 8, 7, 11, 12, 9, 10), (2, 1, 4, 3, 8, 6, 7, 5, 12, 11, 9, 10)}
M(AUB) = 
[[1, 3, 2, 4, 5, 6, 7, 8, 9, 10, 11, 12], [1, 3, 2, 4, 5, 6, 8, 7, 9, 10, 11, 12]]
Distance:145

(46)
A = 
{(7, 2, 4, 1, 6, 3, 5, 9, 8, 10, 11, 12), (1, 3, 2, 4, 5, 7, 6, 10, 9, 11, 8, 12), (1, 3, 2, 6, 4, 5, 9, 7, 8, 10, 11, 12), (2, 1, 3, 4, 8, 6, 9, 5, 11, 12, 7, 10), (2, 1, 3, 6, 5, 4, 7, 8, 11, 10, 9, 12), (1, 2, 3, 4, 5, 6, 8, 7, 10, 9, 11, 12), (1, 2, 3, 5, 6, 4, 7, 9, 10, 11, 8, 12)}
M(A) = 
[[1, 2, 3, 4, 6, 5, 7, 8, 9, 10, 11, 12], [1, 2, 3, 4, 6, 5, 7, 9, 8, 10, 11, 12]]
Distance: 46
B = 
{(1, 2, 3, 4, 5, 6, 7, 8, 9, 11, 10, 12), (2, 1, 6, 3, 5, 4, 8, 12, 7, 9, 10, 11), (1, 4, 2, 6, 5, 7, 3, 8, 11, 12, 9, 10), (3, 2, 1, 5, 4, 7, 9, 8, 6, 11, 10, 12), (6, 3, 2, 9, 4, 1, 7, 8, 5, 10, 12, 11), (3, 6, 1, 2, 5, 7, 4, 9, 11, 8, 10, 12), (4, 1, 3, 5, 8, 2, 6, 9, 10, 7, 12, 11)}
M(B) = 
[[1, 2, 3, 4, 6, 5, 7, 8, 9, 10, 11, 12], [1, 2, 3, 4, 6, 5, 7, 9, 8, 10, 11, 12]]
Distance: 66
M(A) inter A:
set()
M(B) inter B:
set()

AUB = 
{(7, 2, 4, 1, 6, 3, 5, 9, 8, 10, 11, 12), (1, 2, 3, 4, 5, 6, 7, 8, 9, 11, 10, 12), (1, 3, 2, 4, 5, 7, 6, 10, 9, 11, 8, 12), (1, 3, 2, 6, 4, 5, 9, 7, 8, 10, 11, 12), (2, 1, 3, 4, 8, 6, 9, 5, 11, 12, 7, 10), (2, 1, 6, 3, 5, 4, 8, 12, 7, 9, 10, 11), (1, 4, 2, 6, 5, 7, 3, 8, 11, 12, 9, 10), (2, 1, 3, 6, 5, 4, 7, 8, 11, 10, 9, 12), (3, 2, 1, 5, 4, 7, 9, 8, 6, 11, 10, 12), (6, 3, 2, 9, 4, 1, 7, 8, 5, 10, 12, 11), (1, 2, 3, 4, 5, 6, 8, 7, 10, 9, 11, 12), (1, 2, 3, 5, 6, 4, 7, 9, 10, 11, 8, 12), (3, 6, 1, 2, 5, 7, 4, 9, 11, 8, 10, 12), (4, 1, 3, 5, 8, 2, 6, 9, 10, 7, 12, 11)}
M(AUB) = 
[[1, 2, 3, 4, 6, 5, 7, 8, 9, 10, 11, 12], [1, 2, 3, 4, 6, 5, 7, 9, 8, 10, 11, 12]]
Distance:115

(47)
A = 
{(1, 3, 2, 4, 5, 9, 6, 7, 8, 10, 12, 11), (6, 1, 2, 3, 4, 5, 7, 8, 11, 10, 9, 12), (4, 1, 2, 8, 3, 6, 7, 11, 9, 5, 10, 12), (2, 4, 8, 1, 6, 7, 3, 5, 9, 10, 12, 11), (3, 2, 6, 1, 8, 4, 9, 10, 7, 11, 5, 12), (1, 2, 4, 3, 5, 7, 6, 8, 9, 10, 11, 12), (3, 1, 2, 4, 5, 6, 7, 9, 8, 10, 11, 12)}
M(A) = 
[[1, 2, 3, 4, 5, 6, 7, 8, 9, 10, 11, 12]]
Distance: 58
B = 
{(2, 1, 3, 4, 5, 6, 7, 9, 8, 10, 11, 12), (1, 2, 3, 4, 5, 6, 7, 8, 9, 10, 11, 12), (1, 2, 3, 4, 5, 7, 6, 8, 9, 10, 11, 12), (2, 1, 4, 3, 5, 7, 6, 8, 9, 10, 11, 12), (3, 4, 1, 7, 2, 5, 10, 8, 6, 9, 12, 11), (3, 2, 5, 1, 7, 6, 9, 4, 10, 11, 8, 12), (2, 3, 4, 1, 5, 6, 8, 7, 11, 10, 12, 9)}
M(B) = 
[[1, 2, 3, 4, 5, 6, 7, 8, 9, 10, 11, 12]]
Distance: 36
M(A) inter A:
set()
M(B) inter B:
set()

AUB = 
{(2, 1, 3, 4, 5, 6, 7, 9, 8, 10, 11, 12), (1, 3, 2, 4, 5, 9, 6, 7, 8, 10, 12, 11), (1, 2, 3, 4, 5, 6, 7, 8, 9, 10, 11, 12), (1, 2, 3, 4, 5, 7, 6, 8, 9, 10, 11, 12), (2, 1, 4, 3, 5, 7, 6, 8, 9, 10, 11, 12), (6, 1, 2, 3, 4, 5, 7, 8, 11, 10, 9, 12), (4, 1, 2, 8, 3, 6, 7, 11, 9, 5, 10, 12), (2, 4, 8, 1, 6, 7, 3, 5, 9, 10, 12, 11), (3, 4, 1, 7, 2, 5, 10, 8, 6, 9, 12, 11), (3, 2, 6, 1, 8, 4, 9, 10, 7, 11, 5, 12), (3, 2, 5, 1, 7, 6, 9, 4, 10, 11, 8, 12), (1, 2, 4, 3, 5, 7, 6, 8, 9, 10, 11, 12), (3, 1, 2, 4, 5, 6, 7, 9, 8, 10, 11, 12), (2, 3, 4, 1, 5, 6, 8, 7, 11, 10, 12, 9)}
M(AUB) = 
[[1, 2, 3, 4, 5, 6, 7, 8, 9, 10, 11, 12]]
Distance:97

(48)
A = 
{(2, 1, 5, 3, 8, 7, 4, 12, 6, 9, 10, 11), (1, 2, 3, 4, 5, 6, 7, 8, 9, 10, 11, 12), (4, 1, 6, 7, 5, 3, 11, 2, 9, 8, 12, 10), (2, 1, 5, 10, 3, 4, 9, 11, 12, 6, 8, 7), (4, 1, 2, 9, 3, 6, 5, 7, 8, 10, 12, 11), (1, 4, 2, 3, 5, 9, 7, 8, 11, 6, 12, 10), (1, 2, 3, 6, 4, 10, 5, 8, 9, 7, 11, 12)}
M(A) = 
[[1, 2, 3, 4, 5, 6, 7, 9, 8, 10, 11, 12], [1, 2, 3, 4, 5, 6, 9, 7, 8, 10, 11, 12], [1, 2, 3, 5, 4, 6, 7, 9, 8, 10, 11, 12], [1, 2, 3, 5, 4, 6, 9, 7, 8, 10, 11, 12], [1, 2, 5, 3, 4, 6, 7, 9, 8, 10, 11, 12], [1, 2, 5, 3, 4, 6, 9, 7, 8, 10, 11, 12]]
Distance: 75
B = 
{(1, 2, 3, 8, 5, 4, 6, 11, 9, 7, 12, 10), (5, 3, 2, 1, 6, 4, 8, 10, 7, 11, 9, 12), (1, 2, 5, 4, 3, 7, 10, 6, 9, 8, 11, 12), (5, 1, 4, 3, 9, 7, 6, 11, 2, 10, 8, 12), (4, 1, 2, 6, 8, 9, 3, 7, 5, 12, 10, 11), (1, 5, 3, 7, 2, 4, 9, 6, 8, 10, 11, 12), (1, 2, 3, 4, 5, 6, 7, 12, 9, 8, 10, 11)}
M(B) = 
[[1, 2, 3, 4, 5, 6, 7, 9, 8, 10, 11, 12], [1, 2, 3, 4, 5, 6, 9, 7, 8, 10, 11, 12], [1, 2, 3, 5, 4, 6, 7, 9, 8, 10, 11, 12], [1, 2, 3, 5, 4, 6, 9, 7, 8, 10, 11, 12], [1, 2, 5, 3, 4, 6, 7, 9, 8, 10, 11, 12], [1, 2, 5, 3, 4, 6, 9, 7, 8, 10, 11, 12]]
Distance: 71
M(A) inter A:
set()
M(B) inter B:
set()

AUB = 
{(1, 5, 3, 7, 2, 4, 9, 6, 8, 10, 11, 12), (1, 2, 3, 8, 5, 4, 6, 11, 9, 7, 12, 10), (1, 2, 3, 4, 5, 6, 7, 12, 9, 8, 10, 11), (2, 1, 5, 3, 8, 7, 4, 12, 6, 9, 10, 11), (5, 3, 2, 1, 6, 4, 8, 10, 7, 11, 9, 12), (1, 2, 3, 4, 5, 6, 7, 8, 9, 10, 11, 12), (4, 1, 6, 7, 5, 3, 11, 2, 9, 8, 12, 10), (2, 1, 5, 10, 3, 4, 9, 11, 12, 6, 8, 7), (1, 2, 5, 4, 3, 7, 10, 6, 9, 8, 11, 12), (5, 1, 4, 3, 9, 7, 6, 11, 2, 10, 8, 12), (4, 1, 2, 9, 3, 6, 5, 7, 8, 10, 12, 11), (1, 4, 2, 3, 5, 9, 7, 8, 11, 6, 12, 10), (4, 1, 2, 6, 8, 9, 3, 7, 5, 12, 10, 11), (1, 2, 3, 6, 4, 10, 5, 8, 9, 7, 11, 12)}
M(AUB) = 
[[1, 2, 3, 4, 5, 6, 7, 9, 8, 10, 11, 12], [1, 2, 3, 4, 5, 6, 9, 7, 8, 10, 11, 12], [1, 2, 3, 5, 4, 6, 7, 9, 8, 10, 11, 12], [1, 2, 3, 5, 4, 6, 9, 7, 8, 10, 11, 12], [1, 2, 5, 3, 4, 6, 7, 9, 8, 10, 11, 12], [1, 2, 5, 3, 4, 6, 9, 7, 8, 10, 11, 12]]
Distance:151

(49)
A = 
{(4, 1, 2, 7, 6, 3, 5, 8, 12, 11, 10, 9), (2, 4, 1, 5, 9, 8, 3, 7, 10, 11, 6, 12), (1, 2, 3, 4, 5, 6, 7, 8, 9, 10, 11, 12), (2, 3, 5, 7, 1, 4, 10, 8, 11, 6, 9, 12), (1, 3, 2, 5, 4, 7, 8, 6, 12, 11, 9, 10), (1, 3, 2, 4, 7, 5, 10, 8, 9, 6, 11, 12), (2, 1, 4, 3, 5, 7, 6, 8, 9, 11, 12, 10)}
M(A) = 
[[2, 1, 3, 4, 5, 7, 6, 8, 10, 9, 11, 12]]
Distance: 57
B = 
{(1, 2, 3, 4, 5, 6, 7, 8, 9, 10, 11, 12), (6, 2, 1, 4, 8, 5, 7, 3, 9, 10, 12, 11), (2, 4, 1, 7, 3, 8, 6, 10, 5, 12, 11, 9), (1, 3, 10, 5, 2, 6, 7, 4, 8, 9, 11, 12), (2, 3, 4, 1, 6, 7, 11, 5, 10, 8, 9, 12), (3, 5, 7, 1, 8, 2, 4, 9, 6, 12, 10, 11), (4, 2, 1, 3, 6, 5, 7, 10, 8, 9, 12, 11)}
M(B) = 
[[2, 1, 3, 4, 5, 7, 6, 8, 10, 9, 11, 12]]
Distance: 69
M(A) inter A:
set()
M(B) inter B:
set()

AUB = 
{(4, 1, 2, 7, 6, 3, 5, 8, 12, 11, 10, 9), (2, 4, 1, 5, 9, 8, 3, 7, 10, 11, 6, 12), (3, 5, 7, 1, 8, 2, 4, 9, 6, 12, 10, 11), (4, 2, 1, 3, 6, 5, 7, 10, 8, 9, 12, 11), (1, 2, 3, 4, 5, 6, 7, 8, 9, 10, 11, 12), (6, 2, 1, 4, 8, 5, 7, 3, 9, 10, 12, 11), (2, 3, 5, 7, 1, 4, 10, 8, 11, 6, 9, 12), (2, 4, 1, 7, 3, 8, 6, 10, 5, 12, 11, 9), (1, 3, 10, 5, 2, 6, 7, 4, 8, 9, 11, 12), (2, 3, 4, 1, 6, 7, 11, 5, 10, 8, 9, 12), (1, 3, 2, 5, 4, 7, 8, 6, 12, 11, 9, 10), (1, 3, 2, 4, 7, 5, 10, 8, 9, 6, 11, 12), (2, 1, 4, 3, 5, 7, 6, 8, 9, 11, 12, 10)}
M(AUB) = 
[[2, 1, 3, 4, 5, 7, 6, 8, 10, 9, 11, 12]]
Distance:131

