(0)
A = 
{(3, 4, 8, 1, 6, 11, 2, 7, 5, 9, 10), (3, 1, 6, 4, 2, 5, 8, 7, 10, 9, 11), (1, 3, 2, 4, 7, 10, 6, 9, 11, 8, 5), (3, 4, 9, 2, 1, 6, 7, 5, 10, 8, 11), (1, 2, 3, 4, 8, 5, 6, 7, 9, 10, 11), (1, 2, 4, 3, 6, 7, 9, 8, 5, 11, 10)}
M(A) = 
[[1, 3, 2, 4, 5, 6, 7, 8, 9, 10, 11], [1, 3, 2, 4, 6, 5, 7, 8, 9, 10, 11], [1, 3, 2, 4, 6, 7, 8, 5, 9, 10, 11], [1, 3, 2, 4, 6, 7, 5, 8, 9, 10, 11], [3, 1, 2, 4, 5, 6, 7, 8, 9, 10, 11], [3, 1, 2, 4, 6, 5, 7, 8, 9, 10, 11], [3, 1, 2, 4, 6, 7, 8, 5, 9, 10, 11], [3, 1, 2, 4, 6, 7, 5, 8, 9, 10, 11]]
Distance: 52
B = 
{(1, 2, 3, 4, 5, 6, 8, 7, 9, 10, 11), (1, 7, 4, 8, 3, 5, 9, 2, 6, 11, 10), (2, 3, 1, 6, 5, 4, 7, 8, 9, 11, 10), (3, 2, 5, 4, 1, 7, 6, 10, 9, 8, 11), (3, 4, 2, 7, 8, 1, 5, 9, 11, 6, 10), (1, 2, 3, 4, 5, 6, 7, 8, 9, 10, 11)}
M(B) = 
[[1, 3, 2, 4, 5, 6, 7, 8, 9, 10, 11], [1, 3, 2, 4, 6, 5, 7, 8, 9, 10, 11], [1, 3, 2, 4, 6, 7, 8, 5, 9, 10, 11], [1, 3, 2, 4, 6, 7, 5, 8, 9, 10, 11], [3, 1, 2, 4, 5, 6, 7, 8, 9, 10, 11], [3, 1, 2, 4, 6, 5, 7, 8, 9, 10, 11], [3, 1, 2, 4, 6, 7, 8, 5, 9, 10, 11], [3, 1, 2, 4, 6, 7, 5, 8, 9, 10, 11]]
Distance: 47
M(A) inter A:
set()
M(B) inter B:
{(1, 2, 3, 4, 5, 6, 7, 8, 9, 10, 11)}

AUB = 
{(1, 2, 3, 4, 5, 6, 8, 7, 9, 10, 11), (3, 4, 8, 1, 6, 11, 2, 7, 5, 9, 10), (3, 1, 6, 4, 2, 5, 8, 7, 10, 9, 11), (1, 3, 2, 4, 7, 10, 6, 9, 11, 8, 5), (3, 4, 9, 2, 1, 6, 7, 5, 10, 8, 11), (1, 7, 4, 8, 3, 5, 9, 2, 6, 11, 10), (2, 3, 1, 6, 5, 4, 7, 8, 9, 11, 10), (1, 2, 3, 4, 8, 5, 6, 7, 9, 10, 11), (3, 2, 5, 4, 1, 7, 6, 10, 9, 8, 11), (3, 4, 2, 7, 8, 1, 5, 9, 11, 6, 10), (1, 2, 4, 3, 6, 7, 9, 8, 5, 11, 10), (1, 2, 3, 4, 5, 6, 7, 8, 9, 10, 11)}
M(AUB) = 
[[1, 3, 2, 4, 5, 6, 7, 8, 9, 10, 11], [1, 3, 2, 4, 6, 5, 7, 8, 9, 10, 11], [1, 3, 2, 4, 6, 7, 8, 5, 9, 10, 11], [1, 3, 2, 4, 6, 7, 5, 8, 9, 10, 11], [3, 1, 2, 4, 5, 6, 7, 8, 9, 10, 11], [3, 1, 2, 4, 6, 5, 7, 8, 9, 10, 11], [3, 1, 2, 4, 6, 7, 8, 5, 9, 10, 11], [3, 1, 2, 4, 6, 7, 5, 8, 9, 10, 11]]
Distance:107

(1)
A = 
{(3, 4, 1, 5, 6, 7, 9, 2, 10, 8, 11), (2, 1, 3, 4, 6, 5, 7, 8, 9, 10, 11), (3, 1, 2, 4, 6, 7, 5, 9, 8, 11, 10), (3, 2, 1, 7, 6, 4, 10, 5, 11, 8, 9), (3, 2, 4, 7, 1, 6, 5, 11, 8, 9, 10), (3, 1, 2, 4, 9, 5, 6, 11, 7, 10, 8)}
M(A) = 
[[3, 2, 1, 4, 5, 7, 6, 9, 8, 10, 11], [3, 2, 1, 4, 5, 7, 6, 9, 8, 11, 10]]
Distance: 42
B = 
{(5, 4, 2, 9, 1, 10, 6, 3, 8, 7, 11), (2, 3, 5, 9, 7, 1, 4, 10, 8, 6, 11), (2, 3, 5, 1, 7, 6, 9, 4, 8, 11, 10), (1, 3, 2, 7, 4, 6, 11, 5, 8, 10, 9), (2, 5, 1, 4, 8, 10, 7, 6, 3, 11, 9), (3, 1, 2, 4, 7, 6, 9, 5, 8, 11, 10)}
M(B) = 
[[3, 2, 1, 4, 5, 7, 6, 9, 8, 10, 11], [3, 2, 1, 4, 5, 7, 6, 9, 8, 11, 10]]
Distance: 66
M(A) inter A:
set()
M(B) inter B:
set()

AUB = 
{(3, 1, 2, 4, 7, 6, 9, 5, 8, 11, 10), (3, 4, 1, 5, 6, 7, 9, 2, 10, 8, 11), (5, 4, 2, 9, 1, 10, 6, 3, 8, 7, 11), (2, 1, 3, 4, 6, 5, 7, 8, 9, 10, 11), (2, 3, 5, 9, 7, 1, 4, 10, 8, 6, 11), (3, 1, 2, 4, 6, 7, 5, 9, 8, 11, 10), (3, 2, 1, 7, 6, 4, 10, 5, 11, 8, 9), (2, 3, 5, 1, 7, 6, 9, 4, 8, 11, 10), (3, 2, 4, 7, 1, 6, 5, 11, 8, 9, 10), (1, 3, 2, 7, 4, 6, 11, 5, 8, 10, 9), (2, 5, 1, 4, 8, 10, 7, 6, 3, 11, 9), (3, 1, 2, 4, 9, 5, 6, 11, 7, 10, 8)}
M(AUB) = 
[[3, 2, 1, 4, 5, 7, 6, 9, 8, 10, 11], [3, 2, 1, 4, 5, 7, 6, 9, 8, 11, 10]]
Distance:118

(2)
A = 
{(4, 5, 2, 6, 1, 8, 3, 9, 7, 11, 10), (1, 2, 3, 6, 4, 5, 8, 7, 10, 11, 9), (1, 3, 4, 2, 5, 9, 6, 7, 11, 8, 10), (2, 5, 7, 3, 1, 4, 9, 11, 6, 10, 8), (4, 1, 3, 2, 5, 10, 6, 8, 7, 9, 11), (3, 1, 2, 4, 6, 9, 5, 7, 8, 10, 11)}
M(A) = 
[[1, 2, 3, 4, 5, 6, 7, 8, 9, 10, 11], [1, 2, 3, 4, 5, 6, 7, 9, 8, 10, 11], [1, 3, 2, 4, 5, 6, 7, 8, 9, 10, 11], [1, 3, 2, 4, 5, 6, 7, 9, 8, 10, 11]]
Distance: 55
B = 
{(5, 2, 1, 4, 3, 6, 10, 9, 8, 7, 11), (1, 3, 5, 7, 4, 9, 2, 8, 10, 6, 11), (4, 1, 5, 3, 10, 2, 6, 7, 11, 8, 9), (2, 1, 4, 3, 6, 5, 7, 9, 8, 10, 11), (1, 3, 5, 2, 4, 7, 6, 8, 11, 9, 10), (5, 2, 3, 1, 7, 8, 4, 9, 6, 10, 11)}
M(B) = 
[[1, 2, 3, 4, 5, 6, 7, 8, 9, 10, 11], [1, 2, 3, 4, 5, 6, 7, 9, 8, 10, 11], [1, 3, 2, 4, 5, 6, 7, 8, 9, 10, 11], [1, 3, 2, 4, 5, 6, 7, 9, 8, 10, 11]]
Distance: 52
M(A) inter A:
set()
M(B) inter B:
set()

AUB = 
{(5, 2, 1, 4, 3, 6, 10, 9, 8, 7, 11), (4, 5, 2, 6, 1, 8, 3, 9, 7, 11, 10), (1, 2, 3, 6, 4, 5, 8, 7, 10, 11, 9), (1, 3, 4, 2, 5, 9, 6, 7, 11, 8, 10), (2, 5, 7, 3, 1, 4, 9, 11, 6, 10, 8), (4, 1, 3, 2, 5, 10, 6, 8, 7, 9, 11), (3, 1, 2, 4, 6, 9, 5, 7, 8, 10, 11), (1, 3, 5, 7, 4, 9, 2, 8, 10, 6, 11), (4, 1, 5, 3, 10, 2, 6, 7, 11, 8, 9), (2, 1, 4, 3, 6, 5, 7, 9, 8, 10, 11), (1, 3, 5, 2, 4, 7, 6, 8, 11, 9, 10), (5, 2, 3, 1, 7, 8, 4, 9, 6, 10, 11)}
M(AUB) = 
[[1, 2, 3, 4, 5, 6, 7, 8, 9, 10, 11], [1, 2, 3, 4, 5, 6, 7, 9, 8, 10, 11], [1, 3, 2, 4, 5, 6, 7, 8, 9, 10, 11], [1, 3, 2, 4, 5, 6, 7, 9, 8, 10, 11]]
Distance:113

(3)
A = 
{(1, 4, 7, 5, 6, 9, 3, 2, 8, 10, 11), (1, 2, 3, 7, 5, 4, 8, 9, 10, 11, 6), (4, 2, 1, 3, 7, 5, 6, 8, 10, 9, 11), (3, 6, 2, 1, 7, 4, 9, 5, 8, 11, 10), (1, 4, 2, 5, 3, 6, 7, 10, 8, 11, 9), (1, 2, 3, 4, 5, 7, 8, 10, 9, 11, 6)}
M(A) = 
[[1, 2, 3, 4, 5, 7, 6, 8, 9, 10, 11], [1, 2, 4, 3, 5, 7, 6, 8, 9, 10, 11], [1, 2, 4, 5, 3, 7, 6, 8, 9, 10, 11]]
Distance: 49
B = 
{(1, 5, 2, 7, 3, 6, 9, 4, 11, 8, 10), (1, 3, 5, 6, 7, 2, 4, 9, 8, 11, 10), (1, 2, 4, 8, 5, 9, 3, 6, 7, 11, 10), (7, 1, 4, 2, 6, 5, 10, 9, 3, 11, 8), (2, 1, 4, 5, 3, 7, 8, 6, 11, 9, 10), (1, 3, 2, 5, 6, 8, 4, 10, 9, 11, 7)}
M(B) = 
[[1, 2, 3, 4, 5, 7, 6, 8, 9, 10, 11], [1, 2, 4, 3, 5, 7, 6, 8, 9, 10, 11], [1, 2, 4, 5, 3, 7, 6, 8, 9, 10, 11]]
Distance: 59
M(A) inter A:
set()
M(B) inter B:
set()

AUB = 
{(1, 3, 2, 5, 6, 8, 4, 10, 9, 11, 7), (1, 4, 7, 5, 6, 9, 3, 2, 8, 10, 11), (1, 5, 2, 7, 3, 6, 9, 4, 11, 8, 10), (1, 3, 5, 6, 7, 2, 4, 9, 8, 11, 10), (1, 2, 4, 8, 5, 9, 3, 6, 7, 11, 10), (1, 2, 3, 7, 5, 4, 8, 9, 10, 11, 6), (7, 1, 4, 2, 6, 5, 10, 9, 3, 11, 8), (4, 2, 1, 3, 7, 5, 6, 8, 10, 9, 11), (3, 6, 2, 1, 7, 4, 9, 5, 8, 11, 10), (1, 4, 2, 5, 3, 6, 7, 10, 8, 11, 9), (2, 1, 4, 5, 3, 7, 8, 6, 11, 9, 10), (1, 2, 3, 4, 5, 7, 8, 10, 9, 11, 6)}
M(AUB) = 
[[1, 2, 3, 4, 5, 7, 6, 8, 9, 10, 11], [1, 2, 4, 3, 5, 7, 6, 8, 9, 10, 11], [1, 2, 4, 5, 3, 7, 6, 8, 9, 10, 11]]
Distance:114

(4)
A = 
{(1, 2, 3, 4, 6, 5, 7, 8, 9, 10, 11), (3, 1, 2, 5, 7, 4, 6, 8, 11, 9, 10), (2, 7, 3, 5, 1, 4, 6, 9, 10, 11, 8), (1, 2, 3, 6, 5, 7, 4, 8, 9, 11, 10), (3, 2, 5, 1, 4, 7, 6, 10, 9, 8, 11), (1, 2, 3, 5, 4, 6, 7, 8, 9, 11, 10)}
M(A) = 
[[1, 2, 3, 4, 5, 6, 7, 8, 9, 10, 11], [1, 2, 3, 4, 5, 7, 6, 8, 9, 10, 11], [1, 2, 3, 5, 4, 6, 7, 8, 9, 10, 11], [1, 2, 3, 5, 4, 7, 6, 8, 9, 10, 11]]
Distance: 32
B = 
{(9, 1, 3, 2, 7, 5, 10, 6, 4, 11, 8), (1, 2, 3, 4, 7, 5, 6, 10, 9, 11, 8), (2, 3, 1, 4, 5, 6, 7, 8, 9, 10, 11), (1, 2, 6, 7, 4, 3, 8, 9, 5, 10, 11), (1, 2, 3, 4, 5, 8, 6, 10, 9, 7, 11), (2, 4, 1, 3, 5, 7, 6, 10, 9, 8, 11)}
M(B) = 
[[1, 2, 3, 4, 5, 6, 7, 8, 9, 10, 11], [1, 2, 3, 4, 5, 7, 6, 8, 9, 10, 11], [1, 2, 3, 5, 4, 6, 7, 8, 9, 10, 11], [1, 2, 3, 5, 4, 7, 6, 8, 9, 10, 11]]
Distance: 47
M(A) inter A:
set()
M(B) inter B:
set()

AUB = 
{(1, 2, 3, 4, 6, 5, 7, 8, 9, 10, 11), (3, 1, 2, 5, 7, 4, 6, 8, 11, 9, 10), (2, 7, 3, 5, 1, 4, 6, 9, 10, 11, 8), (1, 2, 3, 6, 5, 7, 4, 8, 9, 11, 10), (9, 1, 3, 2, 7, 5, 10, 6, 4, 11, 8), (3, 2, 5, 1, 4, 7, 6, 10, 9, 8, 11), (1, 2, 3, 4, 7, 5, 6, 10, 9, 11, 8), (1, 2, 3, 5, 4, 6, 7, 8, 9, 11, 10), (2, 3, 1, 4, 5, 6, 7, 8, 9, 10, 11), (1, 2, 6, 7, 4, 3, 8, 9, 5, 10, 11), (1, 2, 3, 4, 5, 8, 6, 10, 9, 7, 11), (2, 4, 1, 3, 5, 7, 6, 10, 9, 8, 11)}
M(AUB) = 
[[1, 2, 3, 4, 5, 6, 7, 8, 9, 10, 11], [1, 2, 3, 4, 5, 7, 6, 8, 9, 10, 11], [1, 2, 3, 5, 4, 6, 7, 8, 9, 10, 11], [1, 2, 3, 5, 4, 7, 6, 8, 9, 10, 11]]
Distance:83

(5)
A = 
{(1, 4, 2, 3, 9, 5, 7, 11, 8, 6, 10), (8, 5, 1, 2, 3, 4, 7, 6, 11, 10, 9), (2, 1, 3, 5, 4, 7, 8, 6, 9, 10, 11), (1, 3, 2, 4, 8, 5, 6, 7, 9, 10, 11), (2, 6, 4, 9, 7, 1, 10, 3, 5, 8, 11), (1, 5, 2, 3, 6, 8, 11, 4, 7, 9, 10)}
M(A) = 
[[1, 2, 3, 4, 5, 6, 8, 7, 9, 10, 11], [1, 2, 3, 4, 5, 8, 6, 7, 9, 10, 11], [1, 2, 3, 5, 4, 6, 8, 7, 9, 10, 11], [1, 2, 3, 5, 4, 8, 6, 7, 9, 10, 11], [1, 2, 3, 5, 6, 4, 8, 7, 9, 10, 11]]
Distance: 60
B = 
{(2, 1, 3, 4, 5, 6, 8, 7, 10, 9, 11), (1, 2, 3, 5, 6, 8, 4, 9, 7, 10, 11), (1, 2, 6, 5, 3, 4, 9, 10, 11, 8, 7), (3, 1, 2, 6, 4, 5, 7, 8, 9, 10, 11), (2, 8, 1, 3, 5, 9, 6, 4, 7, 10, 11), (3, 2, 1, 4, 5, 8, 6, 7, 9, 10, 11)}
M(B) = 
[[1, 2, 3, 4, 5, 6, 8, 7, 9, 10, 11], [1, 2, 3, 4, 5, 8, 6, 7, 9, 10, 11], [1, 2, 3, 5, 4, 6, 8, 7, 9, 10, 11], [1, 2, 3, 5, 4, 8, 6, 7, 9, 10, 11], [1, 2, 3, 5, 6, 4, 8, 7, 9, 10, 11]]
Distance: 35
M(A) inter A:
set()
M(B) inter B:
set()

AUB = 
{(1, 4, 2, 3, 9, 5, 7, 11, 8, 6, 10), (8, 5, 1, 2, 3, 4, 7, 6, 11, 10, 9), (1, 3, 2, 4, 8, 5, 6, 7, 9, 10, 11), (2, 1, 3, 5, 4, 7, 8, 6, 9, 10, 11), (2, 1, 3, 4, 5, 6, 8, 7, 10, 9, 11), (1, 2, 3, 5, 6, 8, 4, 9, 7, 10, 11), (1, 2, 6, 5, 3, 4, 9, 10, 11, 8, 7), (3, 1, 2, 6, 4, 5, 7, 8, 9, 10, 11), (2, 8, 1, 3, 5, 9, 6, 4, 7, 10, 11), (3, 2, 1, 4, 5, 8, 6, 7, 9, 10, 11), (2, 6, 4, 9, 7, 1, 10, 3, 5, 8, 11), (1, 5, 2, 3, 6, 8, 11, 4, 7, 9, 10)}
M(AUB) = 
[[1, 2, 3, 4, 5, 6, 8, 7, 9, 10, 11], [1, 2, 3, 4, 5, 8, 6, 7, 9, 10, 11], [1, 2, 3, 5, 4, 6, 8, 7, 9, 10, 11], [1, 2, 3, 5, 4, 8, 6, 7, 9, 10, 11], [1, 2, 3, 5, 6, 4, 8, 7, 9, 10, 11]]
Distance:99

(6)
A = 
{(5, 2, 3, 1, 4, 8, 6, 7, 10, 9, 11), (1, 3, 2, 5, 4, 7, 6, 8, 10, 11, 9), (1, 2, 4, 6, 3, 5, 11, 10, 8, 9, 7), (9, 1, 4, 3, 5, 7, 8, 6, 10, 11, 2), (2, 1, 4, 3, 5, 8, 7, 6, 11, 10, 9), (1, 4, 2, 6, 3, 9, 7, 5, 8, 10, 11)}
M(A) = 
[[1, 2, 3, 4, 5, 6, 8, 7, 9, 10, 11], [1, 2, 3, 4, 5, 6, 8, 7, 10, 9, 11], [1, 2, 3, 4, 5, 6, 7, 8, 9, 10, 11], [1, 2, 3, 4, 5, 6, 7, 8, 10, 9, 11], [1, 2, 3, 4, 5, 8, 6, 7, 9, 10, 11], [1, 2, 3, 4, 5, 8, 6, 7, 10, 9, 11], [1, 3, 2, 4, 5, 6, 8, 7, 9, 10, 11], [1, 3, 2, 4, 5, 6, 8, 7, 10, 9, 11], [1, 3, 2, 4, 5, 6, 7, 8, 9, 10, 11], [1, 3, 2, 4, 5, 6, 7, 8, 10, 9, 11], [1, 3, 2, 4, 5, 8, 6, 7, 9, 10, 11], [1, 3, 2, 4, 5, 8, 6, 7, 10, 9, 11], [1, 3, 4, 2, 5, 6, 8, 7, 9, 10, 11], [1, 3, 4, 2, 5, 6, 8, 7, 10, 9, 11], [1, 3, 4, 2, 5, 6, 7, 8, 9, 10, 11], [1, 3, 4, 2, 5, 6, 7, 8, 10, 9, 11], [1, 3, 4, 2, 5, 8, 6, 7, 9, 10, 11], [1, 3, 4, 2, 5, 8, 6, 7, 10, 9, 11]]
Distance: 57
B = 
{(3, 5, 2, 7, 1, 8, 4, 10, 9, 11, 6), (5, 1, 3, 4, 8, 2, 6, 7, 10, 11, 9), (1, 3, 4, 6, 2, 5, 8, 9, 10, 11, 7), (2, 1, 3, 4, 5, 7, 6, 8, 9, 11, 10), (3, 5, 1, 4, 6, 7, 9, 2, 10, 11, 8), (4, 1, 9, 2, 8, 5, 6, 7, 3, 10, 11)}
M(B) = 
[[1, 2, 3, 4, 5, 6, 8, 7, 9, 10, 11], [1, 2, 3, 4, 5, 6, 8, 7, 10, 9, 11], [1, 2, 3, 4, 5, 6, 7, 8, 9, 10, 11], [1, 2, 3, 4, 5, 6, 7, 8, 10, 9, 11], [1, 2, 3, 4, 5, 8, 6, 7, 9, 10, 11], [1, 2, 3, 4, 5, 8, 6, 7, 10, 9, 11], [1, 3, 2, 4, 5, 6, 8, 7, 9, 10, 11], [1, 3, 2, 4, 5, 6, 8, 7, 10, 9, 11], [1, 3, 2, 4, 5, 6, 7, 8, 9, 10, 11], [1, 3, 2, 4, 5, 6, 7, 8, 10, 9, 11], [1, 3, 2, 4, 5, 8, 6, 7, 9, 10, 11], [1, 3, 2, 4, 5, 8, 6, 7, 10, 9, 11], [1, 3, 4, 2, 5, 6, 8, 7, 9, 10, 11], [1, 3, 4, 2, 5, 6, 8, 7, 10, 9, 11], [1, 3, 4, 2, 5, 6, 7, 8, 9, 10, 11], [1, 3, 4, 2, 5, 6, 7, 8, 10, 9, 11], [1, 3, 4, 2, 5, 8, 6, 7, 9, 10, 11], [1, 3, 4, 2, 5, 8, 6, 7, 10, 9, 11]]
Distance: 61
M(A) inter A:
set()
M(B) inter B:
set()

AUB = 
{(4, 1, 9, 2, 8, 5, 6, 7, 3, 10, 11), (5, 2, 3, 1, 4, 8, 6, 7, 10, 9, 11), (5, 1, 3, 4, 8, 2, 6, 7, 10, 11, 9), (1, 3, 2, 5, 4, 7, 6, 8, 10, 11, 9), (1, 3, 4, 6, 2, 5, 8, 9, 10, 11, 7), (1, 2, 4, 6, 3, 5, 11, 10, 8, 9, 7), (9, 1, 4, 3, 5, 7, 8, 6, 10, 11, 2), (2, 1, 3, 4, 5, 7, 6, 8, 9, 11, 10), (3, 5, 1, 4, 6, 7, 9, 2, 10, 11, 8), (2, 1, 4, 3, 5, 8, 7, 6, 11, 10, 9), (1, 4, 2, 6, 3, 9, 7, 5, 8, 10, 11), (3, 5, 2, 7, 1, 8, 4, 10, 9, 11, 6)}
M(AUB) = 
[[1, 2, 3, 4, 5, 6, 8, 7, 9, 10, 11], [1, 2, 3, 4, 5, 6, 8, 7, 10, 9, 11], [1, 2, 3, 4, 5, 6, 7, 8, 9, 10, 11], [1, 2, 3, 4, 5, 6, 7, 8, 10, 9, 11], [1, 2, 3, 4, 5, 8, 6, 7, 9, 10, 11], [1, 2, 3, 4, 5, 8, 6, 7, 10, 9, 11], [1, 3, 2, 4, 5, 6, 8, 7, 9, 10, 11], [1, 3, 2, 4, 5, 6, 8, 7, 10, 9, 11], [1, 3, 2, 4, 5, 6, 7, 8, 9, 10, 11], [1, 3, 2, 4, 5, 6, 7, 8, 10, 9, 11], [1, 3, 2, 4, 5, 8, 6, 7, 9, 10, 11], [1, 3, 2, 4, 5, 8, 6, 7, 10, 9, 11], [1, 3, 4, 2, 5, 6, 8, 7, 9, 10, 11], [1, 3, 4, 2, 5, 6, 8, 7, 10, 9, 11], [1, 3, 4, 2, 5, 6, 7, 8, 9, 10, 11], [1, 3, 4, 2, 5, 6, 7, 8, 10, 9, 11], [1, 3, 4, 2, 5, 8, 6, 7, 9, 10, 11], [1, 3, 4, 2, 5, 8, 6, 7, 10, 9, 11]]
Distance:126

(7)
A = 
{(3, 5, 1, 4, 2, 6, 7, 11, 8, 10, 9), (5, 2, 3, 1, 6, 4, 9, 10, 11, 7, 8), (4, 1, 3, 2, 7, 6, 5, 8, 11, 9, 10), (1, 2, 4, 3, 5, 7, 8, 6, 10, 11, 9), (3, 7, 4, 2, 1, 5, 9, 6, 8, 10, 11), (6, 2, 5, 4, 8, 3, 1, 10, 11, 7, 9)}
M(A) = 
[[2, 3, 1, 5, 4, 6, 7, 8, 10, 11, 9], [2, 3, 1, 5, 4, 7, 6, 8, 10, 11, 9], [3, 2, 1, 5, 4, 6, 7, 8, 10, 11, 9], [3, 2, 1, 5, 4, 7, 6, 8, 10, 11, 9]]
Distance: 64
B = 
{(7, 1, 2, 3, 5, 6, 8, 4, 9, 11, 10), (7, 1, 4, 8, 3, 2, 5, 6, 11, 9, 10), (2, 6, 1, 3, 5, 8, 10, 4, 7, 11, 9), (3, 5, 2, 1, 7, 4, 8, 6, 11, 9, 10), (3, 2, 1, 6, 8, 5, 4, 7, 10, 9, 11), (2, 4, 3, 5, 1, 6, 8, 7, 10, 9, 11)}
M(B) = 
[[2, 3, 1, 5, 4, 6, 7, 8, 10, 11, 9], [2, 3, 1, 5, 4, 7, 6, 8, 10, 11, 9], [3, 2, 1, 5, 4, 6, 7, 8, 10, 11, 9], [3, 2, 1, 5, 4, 7, 6, 8, 10, 11, 9]]
Distance: 61
M(A) inter A:
set()
M(B) inter B:
set()

AUB = 
{(3, 5, 1, 4, 2, 6, 7, 11, 8, 10, 9), (5, 2, 3, 1, 6, 4, 9, 10, 11, 7, 8), (4, 1, 3, 2, 7, 6, 5, 8, 11, 9, 10), (1, 2, 4, 3, 5, 7, 8, 6, 10, 11, 9), (3, 7, 4, 2, 1, 5, 9, 6, 8, 10, 11), (7, 1, 2, 3, 5, 6, 8, 4, 9, 11, 10), (6, 2, 5, 4, 8, 3, 1, 10, 11, 7, 9), (7, 1, 4, 8, 3, 2, 5, 6, 11, 9, 10), (2, 6, 1, 3, 5, 8, 10, 4, 7, 11, 9), (3, 5, 2, 1, 7, 4, 8, 6, 11, 9, 10), (3, 2, 1, 6, 8, 5, 4, 7, 10, 9, 11), (2, 4, 3, 5, 1, 6, 8, 7, 10, 9, 11)}
M(AUB) = 
[[2, 3, 1, 5, 4, 6, 7, 8, 10, 11, 9], [2, 3, 1, 5, 4, 7, 6, 8, 10, 11, 9], [3, 2, 1, 5, 4, 6, 7, 8, 10, 11, 9], [3, 2, 1, 5, 4, 7, 6, 8, 10, 11, 9]]
Distance:125

(8)
A = 
{(2, 7, 3, 5, 10, 6, 8, 4, 1, 9, 11), (1, 3, 2, 4, 7, 6, 5, 10, 8, 9, 11), (2, 3, 1, 4, 9, 5, 6, 8, 11, 10, 7), (1, 3, 2, 4, 5, 6, 7, 8, 9, 10, 11), (3, 1, 2, 4, 5, 9, 8, 11, 7, 10, 6), (1, 2, 4, 3, 5, 7, 6, 8, 9, 11, 10)}
M(A) = 
[[1, 2, 3, 4, 5, 6, 7, 8, 9, 11, 10]]
Distance: 49
B = 
{(2, 3, 1, 5, 6, 4, 7, 8, 11, 9, 10), (3, 1, 4, 2, 6, 7, 5, 8, 10, 9, 11), (1, 2, 3, 4, 6, 5, 7, 8, 9, 11, 10), (4, 3, 1, 11, 2, 6, 5, 10, 8, 7, 9), (6, 1, 4, 2, 10, 8, 3, 5, 9, 11, 7), (1, 2, 5, 4, 8, 3, 9, 6, 7, 11, 10)}
M(B) = 
[[1, 2, 3, 4, 5, 6, 7, 8, 9, 11, 10]]
Distance: 53
M(A) inter A:
set()
M(B) inter B:
{(1, 2, 3, 4, 6, 5, 7, 8, 9, 11, 10)}

AUB = 
{(2, 7, 3, 5, 10, 6, 8, 4, 1, 9, 11), (2, 3, 1, 5, 6, 4, 7, 8, 11, 9, 10), (3, 1, 4, 2, 6, 7, 5, 8, 10, 9, 11), (1, 2, 3, 4, 6, 5, 7, 8, 9, 11, 10), (1, 3, 2, 4, 7, 6, 5, 10, 8, 9, 11), (2, 3, 1, 4, 9, 5, 6, 8, 11, 10, 7), (1, 3, 2, 4, 5, 6, 7, 8, 9, 10, 11), (3, 1, 2, 4, 5, 9, 8, 11, 7, 10, 6), (4, 3, 1, 11, 2, 6, 5, 10, 8, 7, 9), (6, 1, 4, 2, 10, 8, 3, 5, 9, 11, 7), (1, 2, 4, 3, 5, 7, 6, 8, 9, 11, 10), (1, 2, 5, 4, 8, 3, 9, 6, 7, 11, 10)}
M(AUB) = 
[[1, 2, 3, 4, 5, 6, 7, 8, 9, 11, 10]]
Distance:106

(9)
A = 
{(3, 2, 1, 4, 5, 10, 6, 8, 9, 7, 11), (3, 1, 6, 2, 4, 10, 9, 7, 5, 11, 8), (2, 3, 1, 4, 10, 5, 7, 6, 11, 8, 9), (4, 1, 2, 7, 3, 5, 8, 6, 9, 11, 10), (3, 2, 5, 1, 4, 8, 6, 7, 11, 9, 10), (1, 2, 3, 4, 5, 6, 7, 8, 9, 10, 11)}
M(A) = 
[[1, 2, 3, 4, 5, 6, 7, 8, 9, 10, 11], [1, 2, 3, 4, 5, 6, 7, 8, 9, 11, 10], [1, 3, 2, 4, 5, 6, 7, 8, 9, 10, 11], [1, 3, 2, 4, 5, 6, 7, 8, 9, 11, 10]]
Distance: 48
B = 
{(4, 1, 2, 5, 9, 11, 3, 7, 6, 10, 8), (2, 3, 1, 8, 4, 7, 5, 9, 6, 11, 10), (1, 3, 5, 7, 6, 4, 11, 2, 8, 9, 10), (5, 2, 1, 6, 8, 7, 4, 11, 9, 10, 3), (1, 3, 2, 4, 6, 7, 5, 8, 10, 9, 11), (4, 1, 3, 6, 10, 9, 5, 2, 11, 7, 8)}
M(B) = 
[[1, 2, 3, 4, 5, 6, 7, 8, 9, 10, 11], [1, 2, 3, 4, 5, 6, 7, 8, 9, 11, 10], [1, 3, 2, 4, 5, 6, 7, 8, 9, 10, 11], [1, 3, 2, 4, 5, 6, 7, 8, 9, 11, 10]]
Distance: 76
M(A) inter A:
set()
M(B) inter B:
set()

AUB = 
{(3, 2, 1, 4, 5, 10, 6, 8, 9, 7, 11), (3, 1, 6, 2, 4, 10, 9, 7, 5, 11, 8), (4, 1, 2, 5, 9, 11, 3, 7, 6, 10, 8), (2, 3, 1, 4, 10, 5, 7, 6, 11, 8, 9), (4, 1, 2, 7, 3, 5, 8, 6, 9, 11, 10), (3, 2, 5, 1, 4, 8, 6, 7, 11, 9, 10), (2, 3, 1, 8, 4, 7, 5, 9, 6, 11, 10), (1, 2, 3, 4, 5, 6, 7, 8, 9, 10, 11), (1, 3, 5, 7, 6, 4, 11, 2, 8, 9, 10), (5, 2, 1, 6, 8, 7, 4, 11, 9, 10, 3), (1, 3, 2, 4, 6, 7, 5, 8, 10, 9, 11), (4, 1, 3, 6, 10, 9, 5, 2, 11, 7, 8)}
M(AUB) = 
[[1, 2, 3, 4, 5, 6, 7, 8, 9, 10, 11], [1, 2, 3, 4, 5, 6, 7, 8, 9, 11, 10], [1, 3, 2, 4, 5, 6, 7, 8, 9, 10, 11], [1, 3, 2, 4, 5, 6, 7, 8, 9, 11, 10]]
Distance:128

(10)
A = 
{(2, 1, 4, 3, 7, 11, 9, 5, 6, 8, 10), (7, 1, 2, 9, 6, 3, 10, 4, 5, 11, 8), (1, 2, 4, 3, 5, 6, 9, 7, 11, 10, 8), (2, 1, 3, 4, 5, 6, 7, 9, 10, 11, 8), (1, 5, 4, 3, 2, 8, 10, 6, 9, 7, 11), (2, 1, 5, 3, 4, 7, 8, 6, 9, 10, 11)}
M(A) = 
[[1, 2, 3, 4, 5, 6, 7, 8, 9, 10, 11], [1, 2, 3, 4, 5, 6, 7, 9, 8, 10, 11], [1, 2, 3, 4, 5, 6, 7, 9, 10, 8, 11]]
Distance: 53
B = 
{(6, 5, 1, 3, 4, 2, 10, 7, 9, 11, 8), (3, 5, 1, 6, 2, 4, 9, 10, 8, 7, 11), (1, 4, 3, 6, 5, 10, 2, 8, 11, 7, 9), (1, 4, 2, 3, 5, 7, 6, 8, 9, 11, 10), (1, 2, 3, 8, 4, 5, 6, 9, 7, 10, 11), (2, 1, 3, 5, 4, 8, 6, 7, 10, 11, 9)}
M(B) = 
[[1, 2, 3, 4, 5, 6, 7, 8, 9, 10, 11], [1, 2, 3, 4, 5, 6, 7, 9, 8, 10, 11], [1, 2, 3, 4, 5, 6, 7, 9, 10, 8, 11]]
Distance: 54
M(A) inter A:
set()
M(B) inter B:
set()

AUB = 
{(2, 1, 3, 5, 4, 8, 6, 7, 10, 11, 9), (2, 1, 4, 3, 7, 11, 9, 5, 6, 8, 10), (6, 5, 1, 3, 4, 2, 10, 7, 9, 11, 8), (7, 1, 2, 9, 6, 3, 10, 4, 5, 11, 8), (3, 5, 1, 6, 2, 4, 9, 10, 8, 7, 11), (1, 2, 4, 3, 5, 6, 9, 7, 11, 10, 8), (2, 1, 3, 4, 5, 6, 7, 9, 10, 11, 8), (1, 4, 3, 6, 5, 10, 2, 8, 11, 7, 9), (1, 4, 2, 3, 5, 7, 6, 8, 9, 11, 10), (1, 2, 3, 8, 4, 5, 6, 9, 7, 10, 11), (1, 5, 4, 3, 2, 8, 10, 6, 9, 7, 11), (2, 1, 5, 3, 4, 7, 8, 6, 9, 10, 11)}
M(AUB) = 
[[1, 2, 3, 4, 5, 6, 7, 8, 9, 10, 11], [1, 2, 3, 4, 5, 6, 7, 9, 8, 10, 11], [1, 2, 3, 4, 5, 6, 7, 9, 10, 8, 11]]
Distance:113

(11)
A = 
{(4, 1, 2, 6, 3, 10, 8, 7, 5, 9, 11), (4, 1, 2, 5, 8, 7, 3, 6, 9, 11, 10), (2, 1, 3, 5, 4, 7, 8, 6, 9, 11, 10), (1, 3, 7, 4, 5, 2, 6, 11, 10, 8, 9), (4, 6, 1, 3, 9, 2, 7, 8, 10, 11, 5), (6, 2, 3, 1, 9, 5, 7, 4, 8, 11, 10)}
M(A) = 
[[1, 2, 3, 4, 5, 6, 7, 8, 9, 10, 11], [1, 2, 3, 4, 5, 6, 7, 8, 9, 11, 10], [1, 2, 3, 4, 5, 7, 6, 8, 9, 10, 11], [1, 2, 3, 4, 5, 7, 6, 8, 9, 11, 10]]
Distance: 65
B = 
{(2, 1, 7, 5, 3, 4, 10, 6, 9, 8, 11), (1, 2, 3, 5, 4, 6, 8, 7, 9, 11, 10), (3, 7, 1, 2, 4, 5, 6, 10, 9, 11, 8), (2, 5, 3, 7, 4, 1, 6, 10, 9, 8, 11), (1, 2, 4, 3, 5, 6, 7, 8, 9, 11, 10), (1, 3, 2, 4, 6, 5, 7, 8, 9, 10, 11)}
M(B) = 
[[1, 2, 3, 4, 5, 6, 7, 8, 9, 10, 11], [1, 2, 3, 4, 5, 6, 7, 8, 9, 11, 10], [1, 2, 3, 4, 5, 7, 6, 8, 9, 10, 11], [1, 2, 3, 4, 5, 7, 6, 8, 9, 11, 10]]
Distance: 41
M(A) inter A:
set()
M(B) inter B:
set()

AUB = 
{(4, 1, 2, 6, 3, 10, 8, 7, 5, 9, 11), (4, 1, 2, 5, 8, 7, 3, 6, 9, 11, 10), (2, 1, 7, 5, 3, 4, 10, 6, 9, 8, 11), (2, 1, 3, 5, 4, 7, 8, 6, 9, 11, 10), (1, 3, 7, 4, 5, 2, 6, 11, 10, 8, 9), (1, 2, 3, 5, 4, 6, 8, 7, 9, 11, 10), (4, 6, 1, 3, 9, 2, 7, 8, 10, 11, 5), (3, 7, 1, 2, 4, 5, 6, 10, 9, 11, 8), (6, 2, 3, 1, 9, 5, 7, 4, 8, 11, 10), (2, 5, 3, 7, 4, 1, 6, 10, 9, 8, 11), (1, 2, 4, 3, 5, 6, 7, 8, 9, 11, 10), (1, 3, 2, 4, 6, 5, 7, 8, 9, 10, 11)}
M(AUB) = 
[[1, 2, 3, 4, 5, 6, 7, 8, 9, 10, 11], [1, 2, 3, 4, 5, 6, 7, 8, 9, 11, 10], [1, 2, 3, 4, 5, 7, 6, 8, 9, 10, 11], [1, 2, 3, 4, 5, 7, 6, 8, 9, 11, 10]]
Distance:110

(12)
A = 
{(1, 2, 3, 8, 5, 4, 10, 9, 11, 6, 7), (2, 3, 5, 1, 7, 6, 11, 8, 10, 4, 9), (2, 3, 1, 4, 5, 6, 8, 7, 10, 9, 11), (3, 6, 2, 7, 1, 5, 4, 8, 9, 10, 11), (3, 2, 1, 6, 4, 5, 7, 11, 10, 9, 8), (1, 2, 3, 4, 5, 6, 7, 8, 9, 10, 11)}
M(A) = 
[[1, 2, 3, 4, 5, 6, 7, 8, 9, 10, 11], [1, 2, 3, 4, 5, 6, 7, 8, 10, 9, 11], [1, 2, 3, 4, 6, 5, 7, 8, 9, 10, 11], [1, 2, 3, 4, 6, 5, 7, 8, 10, 9, 11], [2, 1, 3, 4, 5, 6, 7, 8, 9, 10, 11], [2, 1, 3, 4, 5, 6, 7, 8, 10, 9, 11], [2, 1, 3, 4, 6, 5, 7, 8, 9, 10, 11], [2, 1, 3, 4, 6, 5, 7, 8, 10, 9, 11]]
Distance: 46
B = 
{(1, 5, 7, 2, 3, 4, 6, 8, 9, 11, 10), (3, 2, 4, 6, 5, 8, 1, 7, 10, 11, 9), (4, 1, 3, 2, 6, 5, 9, 8, 10, 7, 11), (1, 4, 3, 7, 5, 2, 9, 8, 10, 6, 11), (4, 2, 7, 1, 6, 11, 9, 3, 8, 5, 10), (1, 4, 2, 3, 6, 7, 5, 11, 8, 10, 9)}
M(B) = 
[[1, 2, 3, 4, 5, 6, 7, 8, 9, 10, 11], [1, 2, 3, 4, 5, 6, 7, 8, 10, 9, 11], [1, 2, 3, 4, 6, 5, 7, 8, 9, 10, 11], [1, 2, 3, 4, 6, 5, 7, 8, 10, 9, 11], [2, 1, 3, 4, 5, 6, 7, 8, 9, 10, 11], [2, 1, 3, 4, 5, 6, 7, 8, 10, 9, 11], [2, 1, 3, 4, 6, 5, 7, 8, 9, 10, 11], [2, 1, 3, 4, 6, 5, 7, 8, 10, 9, 11]]
Distance: 60
M(A) inter A:
set()
M(B) inter B:
set()

AUB = 
{(1, 2, 3, 8, 5, 4, 10, 9, 11, 6, 7), (2, 3, 5, 1, 7, 6, 11, 8, 10, 4, 9), (1, 5, 7, 2, 3, 4, 6, 8, 9, 11, 10), (2, 3, 1, 4, 5, 6, 8, 7, 10, 9, 11), (3, 6, 2, 7, 1, 5, 4, 8, 9, 10, 11), (3, 2, 4, 6, 5, 8, 1, 7, 10, 11, 9), (3, 2, 1, 6, 4, 5, 7, 11, 10, 9, 8), (1, 2, 3, 4, 5, 6, 7, 8, 9, 10, 11), (4, 1, 3, 2, 6, 5, 9, 8, 10, 7, 11), (1, 4, 3, 7, 5, 2, 9, 8, 10, 6, 11), (4, 2, 7, 1, 6, 11, 9, 3, 8, 5, 10), (1, 4, 2, 3, 6, 7, 5, 11, 8, 10, 9)}
M(AUB) = 
[[1, 2, 3, 4, 5, 6, 7, 8, 9, 10, 11], [1, 2, 3, 4, 5, 6, 7, 8, 10, 9, 11], [1, 2, 3, 4, 6, 5, 7, 8, 9, 10, 11], [1, 2, 3, 4, 6, 5, 7, 8, 10, 9, 11], [2, 1, 3, 4, 5, 6, 7, 8, 9, 10, 11], [2, 1, 3, 4, 5, 6, 7, 8, 10, 9, 11], [2, 1, 3, 4, 6, 5, 7, 8, 9, 10, 11], [2, 1, 3, 4, 6, 5, 7, 8, 10, 9, 11]]
Distance:118

(13)
A = 
{(1, 5, 6, 2, 3, 11, 4, 8, 7, 9, 10), (2, 1, 4, 3, 6, 5, 10, 7, 8, 11, 9), (1, 3, 5, 4, 2, 9, 6, 10, 7, 8, 11), (1, 6, 8, 2, 5, 3, 4, 10, 9, 11, 7), (2, 1, 3, 4, 6, 9, 7, 10, 5, 11, 8), (5, 3, 4, 2, 1, 6, 8, 7, 9, 10, 11)}
M(A) = 
[[1, 2, 3, 4, 5, 6, 9, 7, 8, 10, 11], [1, 2, 3, 4, 5, 6, 9, 7, 10, 8, 11], [1, 2, 3, 5, 4, 6, 9, 7, 8, 10, 11], [1, 2, 3, 5, 4, 6, 9, 7, 10, 8, 11], [2, 1, 3, 4, 5, 6, 9, 7, 8, 10, 11], [2, 1, 3, 4, 5, 6, 9, 7, 10, 8, 11], [2, 1, 3, 5, 4, 6, 9, 7, 8, 10, 11], [2, 1, 3, 5, 4, 6, 9, 7, 10, 8, 11]]
Distance: 60
B = 
{(1, 5, 8, 2, 3, 6, 9, 7, 4, 11, 10), (5, 2, 1, 6, 4, 9, 7, 3, 8, 11, 10), (4, 1, 2, 3, 7, 5, 9, 6, 11, 8, 10), (3, 1, 4, 2, 5, 10, 6, 9, 8, 11, 7), (7, 2, 3, 1, 10, 4, 9, 5, 6, 11, 8), (3, 2, 6, 4, 1, 9, 5, 7, 10, 11, 8)}
M(B) = 
[[1, 2, 3, 4, 5, 6, 9, 7, 8, 10, 11], [1, 2, 3, 4, 5, 6, 9, 7, 10, 8, 11], [1, 2, 3, 5, 4, 6, 9, 7, 8, 10, 11], [1, 2, 3, 5, 4, 6, 9, 7, 10, 8, 11], [2, 1, 3, 4, 5, 6, 9, 7, 8, 10, 11], [2, 1, 3, 4, 5, 6, 9, 7, 10, 8, 11], [2, 1, 3, 5, 4, 6, 9, 7, 8, 10, 11], [2, 1, 3, 5, 4, 6, 9, 7, 10, 8, 11]]
Distance: 69
M(A) inter A:
set()
M(B) inter B:
set()

AUB = 
{(1, 5, 8, 2, 3, 6, 9, 7, 4, 11, 10), (1, 5, 6, 2, 3, 11, 4, 8, 7, 9, 10), (5, 2, 1, 6, 4, 9, 7, 3, 8, 11, 10), (4, 1, 2, 3, 7, 5, 9, 6, 11, 8, 10), (2, 1, 4, 3, 6, 5, 10, 7, 8, 11, 9), (1, 3, 5, 4, 2, 9, 6, 10, 7, 8, 11), (1, 6, 8, 2, 5, 3, 4, 10, 9, 11, 7), (2, 1, 3, 4, 6, 9, 7, 10, 5, 11, 8), (5, 3, 4, 2, 1, 6, 8, 7, 9, 10, 11), (3, 1, 4, 2, 5, 10, 6, 9, 8, 11, 7), (7, 2, 3, 1, 10, 4, 9, 5, 6, 11, 8), (3, 2, 6, 4, 1, 9, 5, 7, 10, 11, 8)}
M(AUB) = 
[[1, 2, 3, 4, 5, 6, 9, 7, 8, 10, 11], [1, 2, 3, 4, 5, 6, 9, 7, 10, 8, 11], [1, 2, 3, 5, 4, 6, 9, 7, 8, 10, 11], [1, 2, 3, 5, 4, 6, 9, 7, 10, 8, 11], [2, 1, 3, 4, 5, 6, 9, 7, 8, 10, 11], [2, 1, 3, 4, 5, 6, 9, 7, 10, 8, 11], [2, 1, 3, 5, 4, 6, 9, 7, 8, 10, 11], [2, 1, 3, 5, 4, 6, 9, 7, 10, 8, 11]]
Distance:133

(14)
A = 
{(1, 4, 3, 5, 7, 9, 2, 11, 6, 8, 10), (1, 4, 2, 3, 9, 8, 6, 10, 5, 11, 7), (2, 1, 3, 4, 6, 5, 7, 9, 8, 10, 11), (1, 3, 2, 4, 6, 5, 7, 8, 10, 11, 9), (1, 2, 3, 4, 6, 5, 7, 10, 8, 11, 9), (1, 2, 3, 4, 5, 6, 7, 8, 10, 9, 11)}
M(A) = 
[[1, 2, 3, 4, 6, 5, 7, 8, 10, 9, 11], [1, 3, 2, 4, 6, 5, 7, 8, 10, 9, 11]]
Distance: 35
B = 
{(3, 1, 7, 2, 6, 4, 5, 11, 8, 10, 9), (3, 2, 1, 8, 4, 6, 5, 10, 11, 7, 9), (4, 3, 6, 1, 7, 2, 8, 5, 11, 10, 9), (3, 1, 5, 2, 4, 6, 7, 10, 8, 9, 11), (1, 5, 2, 4, 3, 6, 7, 9, 8, 11, 10), (1, 2, 3, 4, 7, 5, 9, 11, 8, 6, 10)}
M(B) = 
[[1, 2, 3, 4, 6, 5, 7, 8, 10, 9, 11], [1, 3, 2, 4, 6, 5, 7, 8, 10, 9, 11]]
Distance: 50
M(A) inter A:
set()
M(B) inter B:
set()

AUB = 
{(3, 1, 7, 2, 6, 4, 5, 11, 8, 10, 9), (1, 4, 3, 5, 7, 9, 2, 11, 6, 8, 10), (3, 2, 1, 8, 4, 6, 5, 10, 11, 7, 9), (1, 4, 2, 3, 9, 8, 6, 10, 5, 11, 7), (4, 3, 6, 1, 7, 2, 8, 5, 11, 10, 9), (2, 1, 3, 4, 6, 5, 7, 9, 8, 10, 11), (3, 1, 5, 2, 4, 6, 7, 10, 8, 9, 11), (1, 3, 2, 4, 6, 5, 7, 8, 10, 11, 9), (1, 2, 3, 4, 6, 5, 7, 10, 8, 11, 9), (1, 5, 2, 4, 3, 6, 7, 9, 8, 11, 10), (1, 2, 3, 4, 5, 6, 7, 8, 10, 9, 11), (1, 2, 3, 4, 7, 5, 9, 11, 8, 6, 10)}
M(AUB) = 
[[1, 2, 3, 4, 6, 5, 7, 8, 10, 9, 11], [1, 3, 2, 4, 6, 5, 7, 8, 10, 9, 11]]
Distance:91

(15)
A = 
{(2, 1, 3, 5, 9, 8, 4, 7, 6, 11, 10), (1, 5, 3, 4, 2, 8, 6, 7, 9, 10, 11), (2, 1, 4, 3, 5, 8, 6, 7, 9, 11, 10), (2, 3, 1, 4, 5, 6, 7, 11, 8, 10, 9), (4, 2, 5, 1, 3, 6, 7, 10, 8, 9, 11), (6, 2, 4, 1, 5, 8, 3, 10, 9, 11, 7)}
M(A) = 
[[2, 1, 4, 3, 5, 6, 8, 7, 9, 10, 11], [2, 1, 4, 3, 5, 8, 6, 7, 9, 10, 11]]
Distance: 46
B = 
{(2, 7, 3, 1, 8, 6, 4, 9, 11, 5, 10), (1, 4, 6, 3, 8, 2, 7, 5, 10, 11, 9), (2, 1, 4, 5, 8, 6, 7, 3, 9, 10, 11), (2, 6, 1, 4, 7, 5, 8, 9, 3, 10, 11), (1, 3, 2, 4, 5, 6, 8, 9, 10, 7, 11), (4, 1, 3, 2, 5, 8, 9, 6, 7, 11, 10)}
M(B) = 
[[2, 1, 4, 3, 5, 6, 8, 7, 9, 10, 11], [2, 1, 4, 3, 5, 8, 6, 7, 9, 10, 11]]
Distance: 55
M(A) inter A:
set()
M(B) inter B:
set()

AUB = 
{(4, 1, 3, 2, 5, 8, 9, 6, 7, 11, 10), (1, 4, 6, 3, 8, 2, 7, 5, 10, 11, 9), (2, 1, 4, 5, 8, 6, 7, 3, 9, 10, 11), (2, 6, 1, 4, 7, 5, 8, 9, 3, 10, 11), (2, 1, 3, 5, 9, 8, 4, 7, 6, 11, 10), (1, 5, 3, 4, 2, 8, 6, 7, 9, 10, 11), (2, 1, 4, 3, 5, 8, 6, 7, 9, 11, 10), (2, 3, 1, 4, 5, 6, 7, 11, 8, 10, 9), (4, 2, 5, 1, 3, 6, 7, 10, 8, 9, 11), (6, 2, 4, 1, 5, 8, 3, 10, 9, 11, 7), (1, 3, 2, 4, 5, 6, 8, 9, 10, 7, 11), (2, 7, 3, 1, 8, 6, 4, 9, 11, 5, 10)}
M(AUB) = 
[[2, 1, 4, 3, 5, 6, 8, 7, 9, 10, 11], [2, 1, 4, 3, 5, 8, 6, 7, 9, 10, 11]]
Distance:101

(16)
A = 
{(1, 3, 2, 5, 4, 7, 6, 9, 10, 8, 11), (3, 4, 2, 8, 11, 1, 7, 9, 6, 5, 10), (3, 2, 5, 4, 1, 6, 8, 7, 9, 11, 10), (4, 6, 1, 5, 3, 2, 7, 8, 10, 9, 11), (1, 2, 3, 4, 5, 6, 7, 9, 8, 11, 10), (1, 3, 5, 2, 6, 4, 8, 9, 7, 10, 11)}
M(A) = 
[[1, 3, 2, 4, 5, 6, 8, 7, 9, 11, 10], [1, 3, 2, 4, 5, 6, 7, 8, 9, 11, 10], [1, 3, 2, 5, 4, 6, 8, 7, 9, 11, 10], [1, 3, 2, 5, 4, 6, 7, 8, 9, 11, 10], [1, 3, 4, 2, 5, 6, 8, 7, 9, 11, 10], [1, 3, 4, 2, 5, 6, 7, 8, 9, 11, 10]]
Distance: 48
B = 
{(2, 4, 3, 8, 9, 5, 6, 7, 10, 1, 11), (2, 1, 3, 5, 6, 8, 4, 9, 7, 11, 10), (5, 4, 6, 3, 1, 11, 8, 9, 2, 7, 10), (4, 1, 3, 2, 5, 6, 7, 8, 11, 9, 10), (1, 3, 7, 5, 4, 6, 2, 9, 8, 11, 10), (1, 7, 4, 2, 5, 8, 3, 6, 11, 10, 9)}
M(B) = 
[[1, 3, 2, 4, 5, 6, 8, 7, 9, 11, 10], [1, 3, 2, 4, 5, 6, 7, 8, 9, 11, 10], [1, 3, 2, 5, 4, 6, 8, 7, 9, 11, 10], [1, 3, 2, 5, 4, 6, 7, 8, 9, 11, 10], [1, 3, 4, 2, 5, 6, 8, 7, 9, 11, 10], [1, 3, 4, 2, 5, 6, 7, 8, 9, 11, 10]]
Distance: 66
M(A) inter A:
set()
M(B) inter B:
{(4, 1, 3, 2, 5, 6, 7, 8, 11, 9, 10)}

AUB = 
{(1, 3, 2, 5, 4, 7, 6, 9, 10, 8, 11), (3, 4, 2, 8, 11, 1, 7, 9, 6, 5, 10), (2, 4, 3, 8, 9, 5, 6, 7, 10, 1, 11), (2, 1, 3, 5, 6, 8, 4, 9, 7, 11, 10), (3, 2, 5, 4, 1, 6, 8, 7, 9, 11, 10), (5, 4, 6, 3, 1, 11, 8, 9, 2, 7, 10), (4, 6, 1, 5, 3, 2, 7, 8, 10, 9, 11), (4, 1, 3, 2, 5, 6, 7, 8, 11, 9, 10), (1, 2, 3, 4, 5, 6, 7, 9, 8, 11, 10), (1, 3, 7, 5, 4, 6, 2, 9, 8, 11, 10), (1, 3, 5, 2, 6, 4, 8, 9, 7, 10, 11), (1, 7, 4, 2, 5, 8, 3, 6, 11, 10, 9)}
M(AUB) = 
[[1, 3, 2, 4, 5, 6, 8, 7, 9, 11, 10], [1, 3, 2, 4, 5, 6, 7, 8, 9, 11, 10], [1, 3, 2, 5, 4, 6, 8, 7, 9, 11, 10], [1, 3, 2, 5, 4, 6, 7, 8, 9, 11, 10], [1, 3, 4, 2, 5, 6, 8, 7, 9, 11, 10], [1, 3, 4, 2, 5, 6, 7, 8, 9, 11, 10]]
Distance:118

(17)
A = 
{(1, 3, 5, 4, 2, 7, 6, 9, 8, 10, 11), (3, 4, 6, 1, 5, 2, 7, 8, 9, 11, 10), (6, 2, 3, 1, 4, 7, 8, 10, 5, 11, 9), (2, 3, 5, 4, 1, 7, 6, 8, 10, 11, 9), (1, 5, 3, 2, 7, 6, 4, 8, 10, 9, 11), (1, 3, 7, 5, 2, 4, 6, 9, 8, 11, 10)}
M(A) = 
[[1, 2, 3, 5, 4, 7, 6, 8, 9, 10, 11]]
Distance: 44
B = 
{(2, 3, 1, 8, 5, 7, 4, 6, 10, 9, 11), (1, 4, 3, 2, 5, 7, 6, 8, 10, 9, 11), (1, 5, 2, 3, 7, 4, 6, 8, 9, 10, 11), (2, 6, 9, 1, 3, 7, 5, 10, 4, 8, 11), (4, 1, 2, 3, 5, 7, 9, 8, 6, 10, 11), (2, 3, 1, 5, 4, 7, 6, 8, 11, 9, 10)}
M(B) = 
[[1, 2, 3, 5, 4, 7, 6, 8, 9, 10, 11]]
Distance: 43
M(A) inter A:
set()
M(B) inter B:
set()

AUB = 
{(1, 3, 5, 4, 2, 7, 6, 9, 8, 10, 11), (3, 4, 6, 1, 5, 2, 7, 8, 9, 11, 10), (2, 3, 1, 8, 5, 7, 4, 6, 10, 9, 11), (6, 2, 3, 1, 4, 7, 8, 10, 5, 11, 9), (1, 4, 3, 2, 5, 7, 6, 8, 10, 9, 11), (2, 3, 5, 4, 1, 7, 6, 8, 10, 11, 9), (1, 5, 2, 3, 7, 4, 6, 8, 9, 10, 11), (1, 5, 3, 2, 7, 6, 4, 8, 10, 9, 11), (2, 6, 9, 1, 3, 7, 5, 10, 4, 8, 11), (4, 1, 2, 3, 5, 7, 9, 8, 6, 10, 11), (1, 3, 7, 5, 2, 4, 6, 9, 8, 11, 10), (2, 3, 1, 5, 4, 7, 6, 8, 11, 9, 10)}
M(AUB) = 
[[1, 2, 3, 5, 4, 7, 6, 8, 9, 10, 11]]
Distance:91

(18)
A = 
{(5, 3, 2, 1, 11, 4, 9, 6, 7, 10, 8), (3, 6, 1, 5, 2, 4, 9, 7, 8, 10, 11), (1, 2, 4, 3, 5, 6, 8, 7, 9, 10, 11), (6, 3, 4, 1, 9, 2, 8, 5, 10, 7, 11), (1, 5, 4, 3, 2, 8, 11, 7, 10, 9, 6), (1, 4, 5, 2, 3, 6, 7, 9, 11, 8, 10)}
M(A) = 
[[1, 3, 2, 4, 5, 6, 8, 7, 9, 10, 11], [1, 3, 2, 4, 5, 6, 8, 7, 9, 11, 10], [1, 3, 4, 5, 2, 6, 8, 7, 9, 10, 11], [1, 3, 4, 5, 2, 6, 8, 7, 9, 11, 10], [1, 3, 5, 2, 4, 6, 8, 7, 9, 10, 11], [1, 3, 5, 2, 4, 6, 8, 7, 9, 11, 10]]
Distance: 62
B = 
{(1, 3, 2, 8, 5, 10, 7, 4, 11, 9, 6), (1, 7, 3, 4, 5, 2, 8, 9, 11, 10, 6), (2, 3, 6, 1, 4, 7, 8, 11, 5, 9, 10), (5, 2, 8, 4, 1, 6, 7, 9, 11, 10, 3), (4, 5, 1, 3, 8, 2, 6, 9, 7, 10, 11), (1, 3, 2, 6, 4, 8, 7, 5, 10, 9, 11)}
M(B) = 
[[1, 3, 2, 4, 5, 6, 8, 7, 9, 10, 11], [1, 3, 2, 4, 5, 6, 8, 7, 9, 11, 10], [1, 3, 4, 5, 2, 6, 8, 7, 9, 10, 11], [1, 3, 4, 5, 2, 6, 8, 7, 9, 11, 10], [1, 3, 5, 2, 4, 6, 8, 7, 9, 10, 11], [1, 3, 5, 2, 4, 6, 8, 7, 9, 11, 10]]
Distance: 68
M(A) inter A:
set()
M(B) inter B:
set()

AUB = 
{(5, 3, 2, 1, 11, 4, 9, 6, 7, 10, 8), (3, 6, 1, 5, 2, 4, 9, 7, 8, 10, 11), (1, 3, 2, 8, 5, 10, 7, 4, 11, 9, 6), (1, 7, 3, 4, 5, 2, 8, 9, 11, 10, 6), (2, 3, 6, 1, 4, 7, 8, 11, 5, 9, 10), (1, 2, 4, 3, 5, 6, 8, 7, 9, 10, 11), (6, 3, 4, 1, 9, 2, 8, 5, 10, 7, 11), (1, 5, 4, 3, 2, 8, 11, 7, 10, 9, 6), (1, 4, 5, 2, 3, 6, 7, 9, 11, 8, 10), (5, 2, 8, 4, 1, 6, 7, 9, 11, 10, 3), (4, 5, 1, 3, 8, 2, 6, 9, 7, 10, 11), (1, 3, 2, 6, 4, 8, 7, 5, 10, 9, 11)}
M(AUB) = 
[[1, 3, 2, 4, 5, 6, 8, 7, 9, 10, 11], [1, 3, 2, 4, 5, 6, 8, 7, 9, 11, 10], [1, 3, 4, 5, 2, 6, 8, 7, 9, 10, 11], [1, 3, 4, 5, 2, 6, 8, 7, 9, 11, 10], [1, 3, 5, 2, 4, 6, 8, 7, 9, 10, 11], [1, 3, 5, 2, 4, 6, 8, 7, 9, 11, 10]]
Distance:136

(19)
A = 
{(3, 2, 4, 1, 8, 9, 6, 5, 11, 10, 7), (4, 1, 2, 3, 6, 8, 5, 9, 11, 7, 10), (3, 5, 1, 2, 6, 4, 8, 9, 11, 7, 10), (1, 3, 2, 5, 4, 6, 7, 9, 8, 10, 11), (5, 3, 2, 1, 6, 4, 9, 8, 7, 11, 10), (2, 1, 7, 3, 6, 4, 11, 9, 8, 5, 10)}
M(A) = 
[[1, 2, 3, 4, 5, 6, 8, 9, 7, 10, 11], [1, 2, 3, 4, 5, 6, 8, 9, 7, 11, 10], [1, 2, 3, 4, 5, 6, 8, 7, 9, 10, 11], [1, 2, 3, 4, 5, 6, 8, 7, 9, 11, 10], [1, 3, 2, 4, 5, 6, 8, 9, 7, 10, 11], [1, 3, 2, 4, 5, 6, 8, 9, 7, 11, 10], [1, 3, 2, 4, 5, 6, 8, 7, 9, 10, 11], [1, 3, 2, 4, 5, 6, 8, 7, 9, 11, 10]]
Distance: 52
B = 
{(3, 2, 1, 4, 5, 9, 6, 8, 11, 7, 10), (4, 1, 2, 3, 8, 6, 5, 9, 7, 10, 11), (1, 3, 2, 4, 5, 6, 7, 8, 9, 10, 11), (1, 2, 3, 4, 5, 6, 7, 8, 9, 10, 11), (1, 2, 3, 5, 4, 6, 7, 8, 9, 10, 11), (1, 4, 2, 3, 8, 7, 9, 6, 5, 10, 11)}
M(B) = 
[[1, 2, 3, 4, 5, 6, 8, 9, 7, 10, 11], [1, 2, 3, 4, 5, 6, 8, 9, 7, 11, 10], [1, 2, 3, 4, 5, 6, 8, 7, 9, 10, 11], [1, 2, 3, 4, 5, 6, 8, 7, 9, 11, 10], [1, 3, 2, 4, 5, 6, 8, 9, 7, 10, 11], [1, 3, 2, 4, 5, 6, 8, 9, 7, 11, 10], [1, 3, 2, 4, 5, 6, 8, 7, 9, 10, 11], [1, 3, 2, 4, 5, 6, 8, 7, 9, 11, 10]]
Distance: 29
M(A) inter A:
set()
M(B) inter B:
{(1, 2, 3, 4, 5, 6, 7, 8, 9, 10, 11)}

AUB = 
{(3, 2, 4, 1, 8, 9, 6, 5, 11, 10, 7), (4, 1, 2, 3, 6, 8, 5, 9, 11, 7, 10), (3, 5, 1, 2, 6, 4, 8, 9, 11, 7, 10), (1, 3, 2, 5, 4, 6, 7, 9, 8, 10, 11), (3, 2, 1, 4, 5, 9, 6, 8, 11, 7, 10), (4, 1, 2, 3, 8, 6, 5, 9, 7, 10, 11), (1, 3, 2, 4, 5, 6, 7, 8, 9, 10, 11), (5, 3, 2, 1, 6, 4, 9, 8, 7, 11, 10), (2, 1, 7, 3, 6, 4, 11, 9, 8, 5, 10), (1, 2, 3, 4, 5, 6, 7, 8, 9, 10, 11), (1, 2, 3, 5, 4, 6, 7, 8, 9, 10, 11), (1, 4, 2, 3, 8, 7, 9, 6, 5, 10, 11)}
M(AUB) = 
[[1, 2, 3, 4, 5, 6, 8, 9, 7, 10, 11], [1, 2, 3, 4, 5, 6, 8, 9, 7, 11, 10], [1, 2, 3, 4, 5, 6, 8, 7, 9, 10, 11], [1, 2, 3, 4, 5, 6, 8, 7, 9, 11, 10], [1, 3, 2, 4, 5, 6, 8, 9, 7, 10, 11], [1, 3, 2, 4, 5, 6, 8, 9, 7, 11, 10], [1, 3, 2, 4, 5, 6, 8, 7, 9, 10, 11], [1, 3, 2, 4, 5, 6, 8, 7, 9, 11, 10]]
Distance:89

(20)
A = 
{(3, 2, 1, 4, 5, 10, 7, 6, 8, 9, 11), (2, 1, 4, 3, 6, 7, 5, 8, 9, 11, 10), (1, 3, 2, 8, 6, 10, 4, 5, 9, 7, 11), (1, 2, 3, 4, 5, 6, 7, 8, 9, 11, 10), (2, 5, 1, 4, 3, 9, 7, 6, 11, 8, 10), (1, 2, 3, 5, 6, 4, 8, 9, 7, 10, 11)}
M(A) = 
[[1, 2, 3, 4, 5, 6, 7, 8, 9, 10, 11], [1, 2, 3, 4, 5, 6, 7, 8, 9, 11, 10], [1, 2, 4, 3, 5, 6, 7, 8, 9, 10, 11], [1, 2, 4, 3, 5, 6, 7, 8, 9, 11, 10], [2, 1, 3, 4, 5, 6, 7, 8, 9, 10, 11], [2, 1, 3, 4, 5, 6, 7, 8, 9, 11, 10], [2, 1, 4, 3, 5, 6, 7, 8, 9, 10, 11], [2, 1, 4, 3, 5, 6, 7, 8, 9, 11, 10]]
Distance: 41
B = 
{(1, 6, 4, 3, 2, 7, 8, 9, 5, 11, 10), (2, 7, 1, 4, 3, 5, 6, 8, 10, 9, 11), (1, 3, 2, 5, 8, 6, 4, 7, 11, 9, 10), (1, 3, 2, 4, 5, 6, 8, 7, 9, 10, 11), (2, 1, 4, 7, 5, 3, 8, 6, 10, 9, 11), (4, 2, 5, 1, 3, 11, 6, 8, 9, 7, 10)}
M(B) = 
[[1, 2, 3, 4, 5, 6, 7, 8, 9, 10, 11], [1, 2, 3, 4, 5, 6, 7, 8, 9, 11, 10], [1, 2, 4, 3, 5, 6, 7, 8, 9, 10, 11], [1, 2, 4, 3, 5, 6, 7, 8, 9, 11, 10], [2, 1, 3, 4, 5, 6, 7, 8, 9, 10, 11], [2, 1, 3, 4, 5, 6, 7, 8, 9, 11, 10], [2, 1, 4, 3, 5, 6, 7, 8, 9, 10, 11], [2, 1, 4, 3, 5, 6, 7, 8, 9, 11, 10]]
Distance: 48
M(A) inter A:
set()
M(B) inter B:
set()

AUB = 
{(3, 2, 1, 4, 5, 10, 7, 6, 8, 9, 11), (2, 1, 4, 3, 6, 7, 5, 8, 9, 11, 10), (1, 6, 4, 3, 2, 7, 8, 9, 5, 11, 10), (2, 7, 1, 4, 3, 5, 6, 8, 10, 9, 11), (1, 3, 2, 5, 8, 6, 4, 7, 11, 9, 10), (1, 3, 2, 8, 6, 10, 4, 5, 9, 7, 11), (1, 2, 3, 4, 5, 6, 7, 8, 9, 11, 10), (2, 5, 1, 4, 3, 9, 7, 6, 11, 8, 10), (1, 3, 2, 4, 5, 6, 8, 7, 9, 10, 11), (1, 2, 3, 5, 6, 4, 8, 9, 7, 10, 11), (2, 1, 4, 7, 5, 3, 8, 6, 10, 9, 11), (4, 2, 5, 1, 3, 11, 6, 8, 9, 7, 10)}
M(AUB) = 
[[1, 2, 3, 4, 5, 6, 7, 8, 9, 10, 11], [1, 2, 3, 4, 5, 6, 7, 8, 9, 11, 10], [1, 2, 4, 3, 5, 6, 7, 8, 9, 10, 11], [1, 2, 4, 3, 5, 6, 7, 8, 9, 11, 10], [2, 1, 3, 4, 5, 6, 7, 8, 9, 10, 11], [2, 1, 3, 4, 5, 6, 7, 8, 9, 11, 10], [2, 1, 4, 3, 5, 6, 7, 8, 9, 10, 11], [2, 1, 4, 3, 5, 6, 7, 8, 9, 11, 10]]
Distance:91

(21)
A = 
{(2, 1, 3, 4, 5, 9, 7, 6, 11, 8, 10), (1, 2, 3, 4, 5, 8, 9, 7, 6, 11, 10), (1, 2, 3, 4, 5, 6, 7, 8, 9, 11, 10), (2, 1, 3, 5, 7, 4, 6, 8, 11, 9, 10), (2, 3, 1, 4, 5, 6, 7, 8, 9, 11, 10), (2, 5, 1, 3, 4, 8, 7, 6, 11, 9, 10)}
M(A) = 
[[1, 2, 3, 4, 5, 6, 8, 7, 9, 11, 10], [1, 2, 3, 4, 5, 6, 7, 8, 9, 11, 10]]
Distance: 22
B = 
{(1, 2, 6, 4, 5, 3, 8, 7, 10, 9, 11), (5, 3, 1, 2, 10, 6, 4, 8, 9, 11, 7), (1, 2, 3, 7, 5, 11, 4, 8, 10, 9, 6), (1, 3, 2, 4, 6, 8, 7, 5, 9, 11, 10), (1, 3, 2, 6, 4, 9, 7, 10, 8, 5, 11), (1, 2, 3, 4, 6, 9, 8, 7, 5, 10, 11)}
M(B) = 
[[1, 2, 3, 4, 5, 6, 8, 7, 9, 11, 10], [1, 2, 3, 4, 5, 6, 7, 8, 9, 11, 10]]
Distance: 52
M(A) inter A:
set()
M(B) inter B:
set()

AUB = 
{(2, 1, 3, 4, 5, 9, 7, 6, 11, 8, 10), (1, 2, 6, 4, 5, 3, 8, 7, 10, 9, 11), (5, 3, 1, 2, 10, 6, 4, 8, 9, 11, 7), (1, 2, 3, 7, 5, 11, 4, 8, 10, 9, 6), (1, 2, 3, 4, 5, 8, 9, 7, 6, 11, 10), (1, 3, 2, 4, 6, 8, 7, 5, 9, 11, 10), (1, 2, 3, 4, 5, 6, 7, 8, 9, 11, 10), (1, 3, 2, 6, 4, 9, 7, 10, 8, 5, 11), (2, 1, 3, 5, 7, 4, 6, 8, 11, 9, 10), (2, 3, 1, 4, 5, 6, 7, 8, 9, 11, 10), (2, 5, 1, 3, 4, 8, 7, 6, 11, 9, 10), (1, 2, 3, 4, 6, 9, 8, 7, 5, 10, 11)}
M(AUB) = 
[[1, 2, 3, 4, 5, 6, 8, 7, 9, 11, 10], [1, 2, 3, 4, 5, 6, 7, 8, 9, 11, 10]]
Distance:86

(22)
A = 
{(1, 2, 3, 4, 5, 6, 7, 10, 9, 8, 11), (1, 3, 2, 4, 5, 6, 7, 9, 11, 10, 8), (3, 1, 4, 5, 2, 7, 8, 6, 10, 9, 11), (1, 2, 3, 4, 5, 6, 7, 8, 9, 10, 11), (7, 4, 2, 3, 1, 5, 8, 6, 10, 11, 9), (3, 4, 1, 6, 7, 2, 5, 10, 9, 8, 11)}
M(A) = 
[[1, 3, 2, 4, 5, 6, 7, 8, 10, 9, 11], [3, 1, 2, 4, 5, 6, 7, 8, 10, 9, 11]]
Distance: 38
B = 
{(2, 5, 1, 6, 3, 4, 8, 7, 9, 11, 10), (1, 5, 3, 2, 8, 7, 9, 4, 10, 11, 6), (4, 3, 2, 1, 11, 5, 7, 6, 8, 10, 9), (1, 2, 3, 5, 6, 4, 10, 7, 9, 8, 11), (3, 2, 6, 1, 7, 4, 5, 10, 8, 9, 11), (3, 2, 4, 1, 6, 11, 5, 7, 8, 10, 9)}
M(B) = 
[[1, 3, 2, 4, 5, 6, 7, 8, 10, 9, 11], [3, 1, 2, 4, 5, 6, 7, 8, 10, 9, 11]]
Distance: 56
M(A) inter A:
set()
M(B) inter B:
set()

AUB = 
{(1, 2, 3, 4, 5, 6, 7, 10, 9, 8, 11), (2, 5, 1, 6, 3, 4, 8, 7, 9, 11, 10), (1, 3, 2, 4, 5, 6, 7, 9, 11, 10, 8), (1, 5, 3, 2, 8, 7, 9, 4, 10, 11, 6), (3, 1, 4, 5, 2, 7, 8, 6, 10, 9, 11), (1, 2, 3, 4, 5, 6, 7, 8, 9, 10, 11), (7, 4, 2, 3, 1, 5, 8, 6, 10, 11, 9), (3, 4, 1, 6, 7, 2, 5, 10, 9, 8, 11), (4, 3, 2, 1, 11, 5, 7, 6, 8, 10, 9), (1, 2, 3, 5, 6, 4, 10, 7, 9, 8, 11), (3, 2, 6, 1, 7, 4, 5, 10, 8, 9, 11), (3, 2, 4, 1, 6, 11, 5, 7, 8, 10, 9)}
M(AUB) = 
[[1, 3, 2, 4, 5, 6, 7, 8, 10, 9, 11], [3, 1, 2, 4, 5, 6, 7, 8, 10, 9, 11]]
Distance:96

(23)
A = 
{(3, 1, 4, 2, 6, 7, 5, 8, 10, 9, 11), (1, 3, 2, 6, 5, 4, 9, 8, 10, 11, 7), (6, 5, 1, 3, 2, 4, 10, 8, 7, 9, 11), (1, 3, 5, 6, 2, 7, 4, 8, 9, 10, 11), (1, 2, 3, 4, 5, 6, 8, 7, 9, 11, 10), (3, 1, 4, 8, 2, 7, 5, 6, 11, 10, 9)}
M(A) = 
[[1, 2, 3, 5, 4, 6, 8, 7, 10, 9, 11], [1, 2, 3, 5, 4, 6, 7, 8, 10, 9, 11], [1, 3, 2, 5, 4, 6, 8, 7, 10, 9, 11], [1, 3, 2, 5, 4, 6, 7, 8, 10, 9, 11]]
Distance: 43
B = 
{(1, 2, 5, 3, 6, 4, 7, 10, 8, 9, 11), (5, 1, 2, 3, 7, 10, 4, 8, 11, 9, 6), (1, 3, 2, 6, 5, 4, 8, 7, 10, 11, 9), (2, 1, 7, 4, 3, 6, 8, 5, 10, 9, 11), (2, 7, 3, 4, 1, 5, 9, 6, 8, 11, 10), (2, 5, 3, 4, 8, 6, 11, 1, 7, 9, 10)}
M(B) = 
[[1, 2, 3, 5, 4, 6, 8, 7, 10, 9, 11], [1, 2, 3, 5, 4, 6, 7, 8, 10, 9, 11], [1, 3, 2, 5, 4, 6, 8, 7, 10, 9, 11], [1, 3, 2, 5, 4, 6, 7, 8, 10, 9, 11]]
Distance: 56
M(A) inter A:
set()
M(B) inter B:
set()

AUB = 
{(3, 1, 4, 2, 6, 7, 5, 8, 10, 9, 11), (1, 2, 5, 3, 6, 4, 7, 10, 8, 9, 11), (1, 3, 2, 6, 5, 4, 9, 8, 10, 11, 7), (5, 1, 2, 3, 7, 10, 4, 8, 11, 9, 6), (1, 3, 2, 6, 5, 4, 8, 7, 10, 11, 9), (6, 5, 1, 3, 2, 4, 10, 8, 7, 9, 11), (1, 3, 5, 6, 2, 7, 4, 8, 9, 10, 11), (2, 1, 7, 4, 3, 6, 8, 5, 10, 9, 11), (1, 2, 3, 4, 5, 6, 8, 7, 9, 11, 10), (3, 1, 4, 8, 2, 7, 5, 6, 11, 10, 9), (2, 7, 3, 4, 1, 5, 9, 6, 8, 11, 10), (2, 5, 3, 4, 8, 6, 11, 1, 7, 9, 10)}
M(AUB) = 
[[1, 2, 3, 5, 4, 6, 8, 7, 10, 9, 11], [1, 2, 3, 5, 4, 6, 7, 8, 10, 9, 11], [1, 3, 2, 5, 4, 6, 8, 7, 10, 9, 11], [1, 3, 2, 5, 4, 6, 7, 8, 10, 9, 11]]
Distance:105

(24)
A = 
{(1, 4, 7, 3, 2, 5, 9, 10, 6, 8, 11), (2, 1, 5, 6, 7, 4, 9, 3, 11, 8, 10), (2, 1, 3, 7, 9, 5, 4, 6, 11, 10, 8), (1, 7, 5, 2, 3, 8, 4, 6, 9, 10, 11), (3, 2, 6, 4, 1, 5, 9, 10, 7, 8, 11), (2, 5, 3, 4, 1, 8, 9, 7, 6, 11, 10)}
M(A) = 
[[1, 2, 3, 4, 5, 6, 7, 8, 9, 10, 11], [1, 2, 3, 4, 5, 7, 6, 8, 9, 10, 11], [1, 2, 3, 5, 4, 6, 7, 8, 9, 10, 11], [1, 2, 3, 5, 4, 7, 6, 8, 9, 10, 11]]
Distance: 60
B = 
{(1, 2, 3, 4, 5, 6, 8, 7, 9, 10, 11), (1, 2, 4, 3, 5, 6, 8, 7, 9, 10, 11), (1, 2, 4, 3, 6, 7, 8, 5, 10, 9, 11), (1, 3, 2, 7, 6, 4, 5, 8, 9, 10, 11), (2, 1, 5, 3, 7, 4, 6, 8, 10, 9, 11), (1, 2, 3, 5, 4, 6, 7, 8, 10, 9, 11)}
M(B) = 
[[1, 2, 3, 4, 5, 6, 7, 8, 9, 10, 11], [1, 2, 3, 4, 5, 7, 6, 8, 9, 10, 11], [1, 2, 3, 5, 4, 6, 7, 8, 9, 10, 11], [1, 2, 3, 5, 4, 7, 6, 8, 9, 10, 11]]
Distance: 22
M(A) inter A:
set()
M(B) inter B:
set()

AUB = 
{(1, 4, 7, 3, 2, 5, 9, 10, 6, 8, 11), (1, 2, 3, 4, 5, 6, 8, 7, 9, 10, 11), (1, 2, 4, 3, 5, 6, 8, 7, 9, 10, 11), (2, 1, 5, 6, 7, 4, 9, 3, 11, 8, 10), (2, 1, 3, 7, 9, 5, 4, 6, 11, 10, 8), (1, 7, 5, 2, 3, 8, 4, 6, 9, 10, 11), (3, 2, 6, 4, 1, 5, 9, 10, 7, 8, 11), (1, 2, 4, 3, 6, 7, 8, 5, 10, 9, 11), (1, 3, 2, 7, 6, 4, 5, 8, 9, 10, 11), (2, 5, 3, 4, 1, 8, 9, 7, 6, 11, 10), (2, 1, 5, 3, 7, 4, 6, 8, 10, 9, 11), (1, 2, 3, 5, 4, 6, 7, 8, 10, 9, 11)}
M(AUB) = 
[[1, 2, 3, 4, 5, 6, 7, 8, 9, 10, 11], [1, 2, 3, 4, 5, 7, 6, 8, 9, 10, 11], [1, 2, 3, 5, 4, 6, 7, 8, 9, 10, 11], [1, 2, 3, 5, 4, 7, 6, 8, 9, 10, 11]]
Distance:90

(25)
A = 
{(6, 2, 1, 4, 3, 5, 11, 7, 8, 9, 10), (2, 1, 4, 3, 6, 5, 7, 9, 11, 8, 10), (1, 2, 4, 7, 5, 3, 6, 9, 10, 8, 11), (1, 3, 2, 4, 5, 6, 8, 7, 11, 9, 10), (1, 2, 3, 7, 6, 5, 4, 8, 9, 11, 10), (3, 5, 2, 4, 6, 1, 9, 8, 11, 7, 10)}
M(A) = 
[[1, 2, 3, 4, 5, 6, 7, 9, 8, 11, 10], [1, 2, 3, 4, 6, 5, 7, 9, 8, 11, 10], [2, 1, 3, 4, 5, 6, 7, 9, 8, 11, 10], [2, 1, 3, 4, 6, 5, 7, 9, 8, 11, 10]]
Distance: 44
B = 
{(3, 2, 4, 1, 6, 7, 9, 10, 5, 11, 8), (3, 4, 1, 6, 5, 2, 9, 7, 8, 10, 11), (2, 1, 3, 6, 5, 4, 11, 7, 10, 8, 9), (1, 2, 3, 4, 5, 6, 7, 8, 9, 10, 11), (1, 3, 2, 4, 5, 7, 6, 11, 10, 9, 8), (2, 3, 7, 5, 1, 9, 10, 8, 4, 6, 11)}
M(B) = 
[[1, 2, 3, 4, 5, 6, 7, 9, 8, 11, 10], [1, 2, 3, 4, 6, 5, 7, 9, 8, 11, 10], [2, 1, 3, 4, 5, 6, 7, 9, 8, 11, 10], [2, 1, 3, 4, 6, 5, 7, 9, 8, 11, 10]]
Distance: 50
M(A) inter A:
set()
M(B) inter B:
set()

AUB = 
{(6, 2, 1, 4, 3, 5, 11, 7, 8, 9, 10), (3, 2, 4, 1, 6, 7, 9, 10, 5, 11, 8), (3, 4, 1, 6, 5, 2, 9, 7, 8, 10, 11), (2, 1, 4, 3, 6, 5, 7, 9, 11, 8, 10), (2, 1, 3, 6, 5, 4, 11, 7, 10, 8, 9), (1, 2, 4, 7, 5, 3, 6, 9, 10, 8, 11), (1, 3, 2, 4, 5, 6, 8, 7, 11, 9, 10), (1, 2, 3, 4, 5, 6, 7, 8, 9, 10, 11), (1, 2, 3, 7, 6, 5, 4, 8, 9, 11, 10), (3, 5, 2, 4, 6, 1, 9, 8, 11, 7, 10), (1, 3, 2, 4, 5, 7, 6, 11, 10, 9, 8), (2, 3, 7, 5, 1, 9, 10, 8, 4, 6, 11)}
M(AUB) = 
[[1, 2, 3, 4, 5, 6, 7, 9, 8, 11, 10], [1, 2, 3, 4, 6, 5, 7, 9, 8, 11, 10], [2, 1, 3, 4, 5, 6, 7, 9, 8, 11, 10], [2, 1, 3, 4, 6, 5, 7, 9, 8, 11, 10]]
Distance:98

(26)
A = 
{(1, 2, 3, 4, 6, 5, 7, 8, 9, 10, 11), (1, 2, 3, 4, 5, 6, 7, 9, 8, 10, 11), (7, 1, 4, 6, 3, 2, 5, 8, 9, 11, 10), (3, 2, 5, 1, 4, 7, 6, 9, 8, 10, 11), (1, 2, 3, 4, 5, 6, 7, 8, 9, 10, 11), (1, 2, 5, 7, 3, 8, 11, 9, 6, 10, 4)}
M(A) = 
[[1, 2, 3, 4, 5, 6, 8, 7, 9, 10, 11], [1, 2, 3, 4, 5, 6, 7, 8, 9, 10, 11]]
Distance: 37
B = 
{(2, 5, 1, 3, 6, 4, 8, 7, 9, 10, 11), (1, 2, 3, 4, 5, 6, 8, 7, 9, 10, 11), (4, 2, 8, 1, 6, 7, 11, 5, 9, 3, 10), (2, 1, 5, 8, 4, 3, 6, 11, 10, 7, 9), (2, 1, 4, 6, 3, 5, 8, 7, 9, 10, 11), (1, 2, 6, 5, 3, 4, 9, 8, 7, 10, 11)}
M(B) = 
[[1, 2, 3, 4, 5, 6, 8, 7, 9, 10, 11], [1, 2, 3, 4, 5, 6, 7, 8, 9, 10, 11]]
Distance: 42
M(A) inter A:
set()
M(B) inter B:
set()

AUB = 
{(1, 2, 3, 4, 6, 5, 7, 8, 9, 10, 11), (2, 5, 1, 3, 6, 4, 8, 7, 9, 10, 11), (1, 2, 3, 4, 5, 6, 7, 9, 8, 10, 11), (7, 1, 4, 6, 3, 2, 5, 8, 9, 11, 10), (1, 2, 3, 4, 5, 6, 8, 7, 9, 10, 11), (4, 2, 8, 1, 6, 7, 11, 5, 9, 3, 10), (3, 2, 5, 1, 4, 7, 6, 9, 8, 10, 11), (1, 2, 3, 4, 5, 6, 7, 8, 9, 10, 11), (1, 2, 5, 7, 3, 8, 11, 9, 6, 10, 4), (2, 1, 5, 8, 4, 3, 6, 11, 10, 7, 9), (2, 1, 4, 6, 3, 5, 8, 7, 9, 10, 11), (1, 2, 6, 5, 3, 4, 9, 8, 7, 10, 11)}
M(AUB) = 
[[1, 2, 3, 4, 5, 6, 8, 7, 9, 10, 11], [1, 2, 3, 4, 5, 6, 7, 8, 9, 10, 11]]
Distance:89

(27)
A = 
{(2, 1, 3, 6, 4, 9, 7, 5, 10, 8, 11), (2, 3, 4, 1, 6, 5, 7, 11, 8, 9, 10), (3, 2, 4, 6, 1, 9, 8, 7, 11, 10, 5), (2, 1, 3, 4, 6, 5, 8, 9, 11, 7, 10), (3, 1, 2, 6, 4, 10, 11, 7, 5, 9, 8), (3, 1, 5, 2, 4, 7, 6, 11, 8, 9, 10)}
M(A) = 
[[3, 1, 2, 4, 6, 5, 7, 8, 9, 10, 11], [3, 1, 2, 4, 6, 5, 7, 8, 9, 11, 10], [3, 1, 2, 4, 6, 5, 7, 9, 8, 10, 11], [3, 1, 2, 4, 6, 5, 7, 9, 8, 11, 10]]
Distance: 48
B = 
{(3, 5, 4, 2, 6, 1, 7, 9, 11, 10, 8), (5, 3, 1, 2, 6, 4, 9, 7, 8, 10, 11), (4, 1, 5, 2, 6, 3, 7, 9, 10, 8, 11), (1, 3, 2, 4, 5, 6, 7, 8, 9, 10, 11), (1, 4, 2, 3, 8, 10, 6, 9, 5, 7, 11), (4, 3, 1, 6, 2, 11, 7, 10, 8, 9, 5)}
M(B) = 
[[3, 1, 2, 4, 6, 5, 7, 8, 9, 10, 11], [3, 1, 2, 4, 6, 5, 7, 8, 9, 11, 10], [3, 1, 2, 4, 6, 5, 7, 9, 8, 10, 11], [3, 1, 2, 4, 6, 5, 7, 9, 8, 11, 10]]
Distance: 57
M(A) inter A:
set()
M(B) inter B:
set()

AUB = 
{(2, 1, 3, 6, 4, 9, 7, 5, 10, 8, 11), (3, 5, 4, 2, 6, 1, 7, 9, 11, 10, 8), (2, 3, 4, 1, 6, 5, 7, 11, 8, 9, 10), (5, 3, 1, 2, 6, 4, 9, 7, 8, 10, 11), (4, 1, 5, 2, 6, 3, 7, 9, 10, 8, 11), (3, 2, 4, 6, 1, 9, 8, 7, 11, 10, 5), (1, 3, 2, 4, 5, 6, 7, 8, 9, 10, 11), (1, 4, 2, 3, 8, 10, 6, 9, 5, 7, 11), (2, 1, 3, 4, 6, 5, 8, 9, 11, 7, 10), (3, 1, 2, 6, 4, 10, 11, 7, 5, 9, 8), (3, 1, 5, 2, 4, 7, 6, 11, 8, 9, 10), (4, 3, 1, 6, 2, 11, 7, 10, 8, 9, 5)}
M(AUB) = 
[[3, 1, 2, 4, 6, 5, 7, 8, 9, 10, 11], [3, 1, 2, 4, 6, 5, 7, 8, 9, 11, 10], [3, 1, 2, 4, 6, 5, 7, 9, 8, 10, 11], [3, 1, 2, 4, 6, 5, 7, 9, 8, 11, 10]]
Distance:113

(28)
A = 
{(1, 3, 5, 2, 7, 9, 6, 4, 10, 8, 11), (1, 4, 3, 2, 8, 5, 9, 7, 10, 6, 11), (2, 3, 1, 5, 4, 7, 8, 6, 9, 11, 10), (3, 1, 4, 9, 2, 10, 6, 7, 11, 8, 5), (1, 2, 5, 7, 3, 4, 6, 10, 8, 9, 11), (2, 1, 3, 5, 7, 4, 10, 6, 11, 9, 8)}
M(A) = 
[[1, 2, 3, 4, 5, 7, 6, 8, 9, 10, 11], [1, 2, 3, 5, 4, 7, 6, 8, 9, 10, 11], [1, 3, 2, 4, 5, 7, 6, 8, 9, 10, 11], [1, 3, 2, 5, 4, 7, 6, 8, 9, 10, 11]]
Distance: 52
B = 
{(1, 3, 4, 2, 5, 7, 6, 8, 10, 9, 11), (3, 2, 1, 4, 5, 6, 7, 8, 9, 10, 11), (1, 2, 3, 6, 4, 5, 7, 9, 8, 11, 10), (1, 3, 5, 2, 4, 8, 7, 6, 11, 10, 9), (2, 5, 3, 6, 1, 4, 9, 11, 7, 10, 8), (1, 2, 4, 3, 5, 6, 10, 7, 11, 8, 9)}
M(B) = 
[[1, 2, 3, 4, 5, 7, 6, 8, 9, 10, 11], [1, 2, 3, 5, 4, 7, 6, 8, 9, 10, 11], [1, 3, 2, 4, 5, 7, 6, 8, 9, 10, 11], [1, 3, 2, 5, 4, 7, 6, 8, 9, 10, 11]]
Distance: 39
M(A) inter A:
set()
M(B) inter B:
set()

AUB = 
{(1, 3, 4, 2, 5, 7, 6, 8, 10, 9, 11), (1, 3, 5, 2, 7, 9, 6, 4, 10, 8, 11), (1, 4, 3, 2, 8, 5, 9, 7, 10, 6, 11), (2, 3, 1, 5, 4, 7, 8, 6, 9, 11, 10), (3, 2, 1, 4, 5, 6, 7, 8, 9, 10, 11), (3, 1, 4, 9, 2, 10, 6, 7, 11, 8, 5), (1, 2, 5, 7, 3, 4, 6, 10, 8, 9, 11), (1, 2, 3, 6, 4, 5, 7, 9, 8, 11, 10), (1, 3, 5, 2, 4, 8, 7, 6, 11, 10, 9), (2, 5, 3, 6, 1, 4, 9, 11, 7, 10, 8), (2, 1, 3, 5, 7, 4, 10, 6, 11, 9, 8), (1, 2, 4, 3, 5, 6, 10, 7, 11, 8, 9)}
M(AUB) = 
[[1, 2, 3, 4, 5, 7, 6, 8, 9, 10, 11], [1, 2, 3, 5, 4, 7, 6, 8, 9, 10, 11], [1, 3, 2, 4, 5, 7, 6, 8, 9, 10, 11], [1, 3, 2, 5, 4, 7, 6, 8, 9, 10, 11]]
Distance:97

(29)
A = 
{(1, 2, 4, 3, 5, 6, 7, 8, 9, 10, 11), (1, 4, 5, 2, 6, 11, 3, 7, 9, 10, 8), (1, 3, 4, 2, 5, 7, 6, 8, 10, 9, 11), (1, 2, 3, 4, 5, 8, 6, 7, 10, 9, 11), (1, 4, 2, 3, 5, 7, 9, 6, 8, 10, 11), (2, 1, 3, 6, 10, 4, 9, 8, 11, 5, 7)}
M(A) = 
[[1, 2, 3, 4, 5, 6, 7, 8, 9, 10, 11], [1, 2, 3, 4, 5, 6, 7, 9, 8, 10, 11], [1, 2, 3, 4, 5, 7, 6, 8, 9, 10, 11], [1, 2, 3, 4, 5, 7, 6, 9, 8, 10, 11], [1, 2, 4, 3, 5, 6, 7, 8, 9, 10, 11], [1, 2, 4, 3, 5, 6, 7, 9, 8, 10, 11], [1, 2, 4, 3, 5, 7, 6, 8, 9, 10, 11], [1, 2, 4, 3, 5, 7, 6, 9, 8, 10, 11]]
Distance: 40
B = 
{(4, 2, 1, 7, 3, 9, 8, 6, 10, 5, 11), (1, 3, 2, 5, 7, 8, 4, 9, 6, 11, 10), (1, 2, 5, 4, 3, 7, 9, 8, 11, 6, 10), (1, 2, 3, 7, 4, 10, 5, 6, 11, 8, 9), (4, 1, 3, 6, 2, 5, 8, 10, 11, 9, 7), (3, 1, 2, 4, 5, 6, 9, 7, 8, 11, 10)}
M(B) = 
[[1, 2, 3, 4, 5, 6, 7, 8, 9, 10, 11], [1, 2, 3, 4, 5, 6, 7, 9, 8, 10, 11], [1, 2, 3, 4, 5, 7, 6, 8, 9, 10, 11], [1, 2, 3, 4, 5, 7, 6, 9, 8, 10, 11], [1, 2, 4, 3, 5, 6, 7, 8, 9, 10, 11], [1, 2, 4, 3, 5, 6, 7, 9, 8, 10, 11], [1, 2, 4, 3, 5, 7, 6, 8, 9, 10, 11], [1, 2, 4, 3, 5, 7, 6, 9, 8, 10, 11]]
Distance: 55
M(A) inter A:
set()
M(B) inter B:
set()

AUB = 
{(1, 2, 4, 3, 5, 6, 7, 8, 9, 10, 11), (1, 4, 5, 2, 6, 11, 3, 7, 9, 10, 8), (4, 2, 1, 7, 3, 9, 8, 6, 10, 5, 11), (1, 3, 2, 5, 7, 8, 4, 9, 6, 11, 10), (3, 1, 2, 4, 5, 6, 9, 7, 8, 11, 10), (1, 3, 4, 2, 5, 7, 6, 8, 10, 9, 11), (1, 2, 3, 4, 5, 8, 6, 7, 10, 9, 11), (1, 2, 5, 4, 3, 7, 9, 8, 11, 6, 10), (1, 2, 3, 7, 4, 10, 5, 6, 11, 8, 9), (1, 4, 2, 3, 5, 7, 9, 6, 8, 10, 11), (4, 1, 3, 6, 2, 5, 8, 10, 11, 9, 7), (2, 1, 3, 6, 10, 4, 9, 8, 11, 5, 7)}
M(AUB) = 
[[1, 2, 3, 4, 5, 6, 7, 8, 9, 10, 11], [1, 2, 3, 4, 5, 6, 7, 9, 8, 10, 11], [1, 2, 3, 4, 5, 7, 6, 8, 9, 10, 11], [1, 2, 3, 4, 5, 7, 6, 9, 8, 10, 11], [1, 2, 4, 3, 5, 6, 7, 8, 9, 10, 11], [1, 2, 4, 3, 5, 6, 7, 9, 8, 10, 11], [1, 2, 4, 3, 5, 7, 6, 8, 9, 10, 11], [1, 2, 4, 3, 5, 7, 6, 9, 8, 10, 11]]
Distance:97

(30)
A = 
{(4, 3, 6, 1, 2, 5, 7, 8, 11, 10, 9), (2, 4, 5, 1, 7, 6, 9, 3, 8, 11, 10), (3, 1, 2, 8, 4, 6, 7, 5, 11, 9, 10), (1, 3, 2, 4, 5, 6, 7, 8, 9, 10, 11), (2, 4, 5, 1, 3, 8, 7, 6, 9, 10, 11), (4, 3, 6, 1, 5, 2, 7, 8, 9, 10, 11)}
M(A) = 
[[1, 2, 3, 4, 5, 6, 7, 8, 9, 11, 10], [1, 2, 4, 3, 5, 6, 7, 8, 9, 11, 10]]
Distance: 46
B = 
{(1, 5, 2, 3, 6, 7, 4, 11, 9, 10, 8), (1, 5, 4, 6, 2, 3, 7, 8, 9, 10, 11), (2, 1, 3, 4, 6, 7, 8, 5, 9, 11, 10), (1, 2, 3, 4, 5, 6, 7, 8, 9, 10, 11), (1, 6, 2, 3, 4, 11, 5, 7, 8, 9, 10), (4, 3, 1, 2, 5, 11, 6, 9, 8, 7, 10)}
M(B) = 
[[1, 2, 3, 4, 5, 6, 7, 8, 9, 11, 10], [1, 2, 4, 3, 5, 6, 7, 8, 9, 11, 10]]
Distance: 42
M(A) inter A:
set()
M(B) inter B:
set()

AUB = 
{(4, 3, 6, 1, 2, 5, 7, 8, 11, 10, 9), (1, 5, 2, 3, 6, 7, 4, 11, 9, 10, 8), (2, 4, 5, 1, 7, 6, 9, 3, 8, 11, 10), (3, 1, 2, 8, 4, 6, 7, 5, 11, 9, 10), (1, 3, 2, 4, 5, 6, 7, 8, 9, 10, 11), (1, 5, 4, 6, 2, 3, 7, 8, 9, 10, 11), (2, 1, 3, 4, 6, 7, 8, 5, 9, 11, 10), (2, 4, 5, 1, 3, 8, 7, 6, 9, 10, 11), (1, 2, 3, 4, 5, 6, 7, 8, 9, 10, 11), (4, 3, 6, 1, 5, 2, 7, 8, 9, 10, 11), (1, 6, 2, 3, 4, 11, 5, 7, 8, 9, 10), (4, 3, 1, 2, 5, 11, 6, 9, 8, 7, 10)}
M(AUB) = 
[[1, 2, 3, 4, 5, 6, 7, 8, 9, 11, 10], [1, 2, 4, 3, 5, 6, 7, 8, 9, 11, 10]]
Distance:92

(31)
A = 
{(1, 3, 2, 4, 5, 6, 7, 10, 8, 11, 9), (1, 2, 3, 4, 5, 6, 7, 9, 8, 10, 11), (2, 5, 1, 9, 3, 7, 6, 11, 10, 8, 4), (2, 4, 6, 1, 3, 5, 8, 7, 9, 11, 10), (1, 2, 5, 3, 7, 8, 6, 4, 9, 10, 11), (1, 6, 2, 3, 4, 10, 5, 7, 8, 9, 11)}
M(A) = 
[[1, 2, 3, 5, 4, 6, 7, 8, 9, 10, 11], [1, 2, 3, 5, 4, 6, 7, 8, 9, 11, 10], [1, 2, 3, 5, 4, 6, 7, 9, 8, 10, 11], [1, 2, 3, 5, 4, 6, 7, 9, 8, 11, 10], [1, 2, 3, 5, 6, 4, 7, 8, 9, 10, 11], [1, 2, 3, 5, 6, 4, 7, 8, 9, 11, 10], [1, 2, 3, 5, 6, 4, 7, 9, 8, 10, 11], [1, 2, 3, 5, 6, 4, 7, 9, 8, 11, 10]]
Distance: 46
B = 
{(2, 5, 4, 6, 3, 7, 1, 8, 9, 11, 10), (2, 1, 5, 3, 4, 9, 6, 11, 8, 10, 7), (9, 3, 5, 1, 6, 7, 2, 8, 4, 10, 11), (5, 1, 6, 3, 9, 4, 7, 8, 2, 11, 10), (1, 3, 2, 5, 6, 9, 7, 4, 8, 11, 10), (4, 3, 2, 5, 10, 1, 7, 11, 8, 6, 9)}
M(B) = 
[[1, 2, 3, 5, 4, 6, 7, 8, 9, 10, 11], [1, 2, 3, 5, 4, 6, 7, 8, 9, 11, 10], [1, 2, 3, 5, 4, 6, 7, 9, 8, 10, 11], [1, 2, 3, 5, 4, 6, 7, 9, 8, 11, 10], [1, 2, 3, 5, 6, 4, 7, 8, 9, 10, 11], [1, 2, 3, 5, 6, 4, 7, 8, 9, 11, 10], [1, 2, 3, 5, 6, 4, 7, 9, 8, 10, 11], [1, 2, 3, 5, 6, 4, 7, 9, 8, 11, 10]]
Distance: 67
M(A) inter A:
set()
M(B) inter B:
set()

AUB = 
{(1, 3, 2, 4, 5, 6, 7, 10, 8, 11, 9), (1, 2, 3, 4, 5, 6, 7, 9, 8, 10, 11), (2, 5, 1, 9, 3, 7, 6, 11, 10, 8, 4), (2, 5, 4, 6, 3, 7, 1, 8, 9, 11, 10), (2, 1, 5, 3, 4, 9, 6, 11, 8, 10, 7), (2, 4, 6, 1, 3, 5, 8, 7, 9, 11, 10), (1, 2, 5, 3, 7, 8, 6, 4, 9, 10, 11), (9, 3, 5, 1, 6, 7, 2, 8, 4, 10, 11), (5, 1, 6, 3, 9, 4, 7, 8, 2, 11, 10), (1, 6, 2, 3, 4, 10, 5, 7, 8, 9, 11), (1, 3, 2, 5, 6, 9, 7, 4, 8, 11, 10), (4, 3, 2, 5, 10, 1, 7, 11, 8, 6, 9)}
M(AUB) = 
[[1, 2, 3, 5, 4, 6, 7, 8, 9, 10, 11], [1, 2, 3, 5, 4, 6, 7, 8, 9, 11, 10], [1, 2, 3, 5, 4, 6, 7, 9, 8, 10, 11], [1, 2, 3, 5, 4, 6, 7, 9, 8, 11, 10], [1, 2, 3, 5, 6, 4, 7, 8, 9, 10, 11], [1, 2, 3, 5, 6, 4, 7, 8, 9, 11, 10], [1, 2, 3, 5, 6, 4, 7, 9, 8, 10, 11], [1, 2, 3, 5, 6, 4, 7, 9, 8, 11, 10]]
Distance:125

(32)
A = 
{(1, 2, 7, 3, 5, 4, 10, 8, 6, 11, 9), (1, 2, 11, 7, 5, 8, 4, 10, 3, 9, 6), (1, 5, 2, 4, 3, 6, 8, 7, 9, 10, 11), (5, 2, 8, 3, 1, 6, 11, 10, 7, 9, 4), (2, 4, 5, 1, 3, 7, 10, 11, 8, 6, 9), (3, 1, 8, 2, 4, 5, 6, 11, 7, 10, 9)}
M(A) = 
[[1, 2, 3, 4, 5, 8, 6, 7, 10, 11, 9], [1, 2, 3, 4, 5, 8, 7, 6, 10, 11, 9], [1, 2, 3, 5, 4, 8, 6, 7, 10, 11, 9], [1, 2, 3, 5, 4, 8, 7, 6, 10, 11, 9], [1, 2, 5, 3, 4, 8, 6, 7, 10, 11, 9], [1, 2, 5, 3, 4, 8, 7, 6, 10, 11, 9]]
Distance: 66
B = 
{(1, 3, 2, 4, 5, 6, 8, 9, 7, 11, 10), (7, 2, 1, 4, 6, 3, 5, 8, 10, 9, 11), (1, 5, 3, 2, 10, 4, 8, 7, 11, 6, 9), (1, 2, 3, 4, 5, 6, 7, 8, 9, 10, 11), (8, 2, 3, 4, 1, 5, 10, 7, 9, 6, 11), (1, 2, 5, 8, 6, 4, 7, 3, 11, 9, 10)}
M(B) = 
[[1, 2, 3, 4, 5, 8, 6, 7, 10, 11, 9], [1, 2, 3, 4, 5, 8, 7, 6, 10, 11, 9], [1, 2, 3, 5, 4, 8, 6, 7, 10, 11, 9], [1, 2, 3, 5, 4, 8, 7, 6, 10, 11, 9], [1, 2, 5, 3, 4, 8, 6, 7, 10, 11, 9], [1, 2, 5, 3, 4, 8, 7, 6, 10, 11, 9]]
Distance: 54
M(A) inter A:
set()
M(B) inter B:
set()

AUB = 
{(1, 3, 2, 4, 5, 6, 8, 9, 7, 11, 10), (7, 2, 1, 4, 6, 3, 5, 8, 10, 9, 11), (1, 2, 7, 3, 5, 4, 10, 8, 6, 11, 9), (1, 5, 3, 2, 10, 4, 8, 7, 11, 6, 9), (1, 2, 11, 7, 5, 8, 4, 10, 3, 9, 6), (1, 5, 2, 4, 3, 6, 8, 7, 9, 10, 11), (1, 2, 3, 4, 5, 6, 7, 8, 9, 10, 11), (5, 2, 8, 3, 1, 6, 11, 10, 7, 9, 4), (2, 4, 5, 1, 3, 7, 10, 11, 8, 6, 9), (8, 2, 3, 4, 1, 5, 10, 7, 9, 6, 11), (1, 2, 5, 8, 6, 4, 7, 3, 11, 9, 10), (3, 1, 8, 2, 4, 5, 6, 11, 7, 10, 9)}
M(AUB) = 
[[1, 2, 3, 4, 5, 8, 6, 7, 10, 11, 9], [1, 2, 3, 4, 5, 8, 7, 6, 10, 11, 9], [1, 2, 3, 5, 4, 8, 6, 7, 10, 11, 9], [1, 2, 3, 5, 4, 8, 7, 6, 10, 11, 9], [1, 2, 5, 3, 4, 8, 6, 7, 10, 11, 9], [1, 2, 5, 3, 4, 8, 7, 6, 10, 11, 9]]
Distance:126

(33)
A = 
{(1, 4, 2, 6, 8, 5, 11, 3, 7, 10, 9), (1, 2, 3, 5, 4, 7, 6, 11, 9, 8, 10), (3, 1, 2, 4, 6, 7, 5, 8, 9, 11, 10), (1, 2, 3, 5, 4, 6, 7, 9, 11, 10, 8), (1, 4, 7, 2, 3, 5, 9, 8, 11, 6, 10), (1, 4, 3, 6, 2, 5, 11, 7, 8, 10, 9)}
M(A) = 
[[1, 2, 3, 4, 5, 6, 7, 8, 9, 11, 10]]
Distance: 44
B = 
{(1, 2, 3, 5, 4, 7, 6, 8, 9, 10, 11), (1, 3, 2, 4, 6, 5, 8, 10, 7, 9, 11), (1, 2, 3, 4, 5, 6, 7, 8, 9, 10, 11), (1, 3, 2, 5, 6, 4, 7, 8, 10, 11, 9), (2, 3, 5, 1, 8, 6, 9, 4, 11, 7, 10), (2, 1, 4, 3, 5, 6, 9, 8, 7, 10, 11)}
M(B) = 
[[1, 2, 3, 4, 5, 6, 7, 8, 9, 11, 10]]
Distance: 29
M(A) inter A:
set()
M(B) inter B:
{(1, 2, 3, 4, 5, 6, 7, 8, 9, 10, 11)}

AUB = 
{(1, 4, 2, 6, 8, 5, 11, 3, 7, 10, 9), (1, 2, 3, 5, 4, 7, 6, 11, 9, 8, 10), (1, 2, 3, 5, 4, 7, 6, 8, 9, 10, 11), (3, 1, 2, 4, 6, 7, 5, 8, 9, 11, 10), (1, 2, 3, 5, 4, 6, 7, 9, 11, 10, 8), (1, 3, 2, 4, 6, 5, 8, 10, 7, 9, 11), (1, 2, 3, 4, 5, 6, 7, 8, 9, 10, 11), (1, 4, 7, 2, 3, 5, 9, 8, 11, 6, 10), (1, 3, 2, 5, 6, 4, 7, 8, 10, 11, 9), (2, 3, 5, 1, 8, 6, 9, 4, 11, 7, 10), (1, 4, 3, 6, 2, 5, 11, 7, 8, 10, 9), (2, 1, 4, 3, 5, 6, 9, 8, 7, 10, 11)}
M(AUB) = 
[[1, 2, 3, 4, 5, 6, 7, 8, 9, 11, 10]]
Distance:77

(34)
A = 
{(2, 1, 3, 4, 6, 9, 8, 7, 5, 11, 10), (5, 3, 6, 2, 1, 4, 9, 7, 8, 10, 11), (1, 3, 2, 4, 8, 5, 6, 7, 10, 11, 9), (3, 1, 4, 2, 5, 6, 7, 8, 9, 10, 11), (1, 4, 3, 2, 6, 5, 8, 7, 9, 10, 11), (3, 1, 4, 6, 2, 8, 7, 10, 5, 9, 11)}
M(A) = 
[[1, 3, 2, 4, 5, 6, 7, 8, 9, 10, 11], [1, 3, 4, 2, 5, 6, 7, 8, 9, 10, 11]]
Distance: 39
B = 
{(1, 4, 5, 2, 6, 11, 3, 7, 10, 9, 8), (1, 2, 3, 5, 4, 7, 6, 8, 9, 10, 11), (1, 3, 2, 6, 8, 4, 5, 7, 9, 10, 11), (1, 3, 7, 6, 5, 4, 8, 2, 11, 9, 10), (1, 2, 3, 5, 4, 6, 7, 8, 9, 10, 11), (4, 1, 3, 2, 5, 6, 7, 9, 8, 10, 11)}
M(B) = 
[[1, 3, 2, 4, 5, 6, 7, 8, 9, 10, 11], [1, 3, 4, 2, 5, 6, 7, 8, 9, 10, 11]]
Distance: 41
M(A) inter A:
set()
M(B) inter B:
{(1, 2, 3, 5, 4, 6, 7, 8, 9, 10, 11)}

AUB = 
{(2, 1, 3, 4, 6, 9, 8, 7, 5, 11, 10), (5, 3, 6, 2, 1, 4, 9, 7, 8, 10, 11), (1, 4, 5, 2, 6, 11, 3, 7, 10, 9, 8), (1, 3, 2, 4, 8, 5, 6, 7, 10, 11, 9), (1, 2, 3, 5, 4, 7, 6, 8, 9, 10, 11), (1, 3, 2, 6, 8, 4, 5, 7, 9, 10, 11), (1, 3, 7, 6, 5, 4, 8, 2, 11, 9, 10), (3, 1, 4, 2, 5, 6, 7, 8, 9, 10, 11), (1, 2, 3, 5, 4, 6, 7, 8, 9, 10, 11), (1, 4, 3, 2, 6, 5, 8, 7, 9, 10, 11), (4, 1, 3, 2, 5, 6, 7, 9, 8, 10, 11), (3, 1, 4, 6, 2, 8, 7, 10, 5, 9, 11)}
M(AUB) = 
[[1, 3, 2, 4, 5, 6, 7, 8, 9, 10, 11], [1, 3, 4, 2, 5, 6, 7, 8, 9, 10, 11]]
Distance:82

(35)
A = 
{(1, 4, 2, 7, 5, 3, 10, 11, 8, 9, 6), (4, 3, 7, 2, 8, 1, 10, 6, 9, 11, 5), (1, 2, 3, 8, 7, 5, 9, 4, 11, 6, 10), (3, 2, 4, 7, 1, 5, 10, 8, 11, 9, 6), (1, 2, 6, 3, 4, 5, 8, 7, 10, 9, 11), (1, 2, 6, 3, 4, 9, 8, 7, 5, 10, 11)}
M(A) = 
[[1, 2, 3, 4, 6, 7, 8, 5, 9, 10, 11], [1, 2, 3, 4, 6, 7, 8, 5, 9, 11, 10], [1, 2, 3, 4, 6, 7, 5, 8, 9, 10, 11], [1, 2, 3, 4, 6, 7, 5, 8, 9, 11, 10], [1, 2, 4, 3, 6, 7, 8, 5, 9, 10, 11], [1, 2, 4, 3, 6, 7, 8, 5, 9, 11, 10], [1, 2, 4, 3, 6, 7, 5, 8, 9, 10, 11], [1, 2, 4, 3, 6, 7, 5, 8, 9, 11, 10], [1, 2, 4, 6, 3, 7, 8, 5, 9, 10, 11], [1, 2, 4, 6, 3, 7, 8, 5, 9, 11, 10], [1, 2, 4, 6, 3, 7, 5, 8, 9, 10, 11], [1, 2, 4, 6, 3, 7, 5, 8, 9, 11, 10]]
Distance: 63
B = 
{(5, 1, 2, 4, 6, 3, 7, 9, 8, 10, 11), (6, 1, 4, 3, 5, 2, 9, 11, 10, 8, 7), (4, 3, 1, 9, 7, 11, 8, 2, 10, 5, 6), (2, 1, 3, 4, 6, 5, 9, 7, 11, 8, 10), (2, 1, 4, 6, 3, 8, 5, 7, 9, 11, 10), (6, 1, 7, 2, 3, 8, 4, 9, 11, 5, 10)}
M(B) = 
[[1, 2, 3, 4, 6, 7, 8, 5, 9, 10, 11], [1, 2, 3, 4, 6, 7, 8, 5, 9, 11, 10], [1, 2, 3, 4, 6, 7, 5, 8, 9, 10, 11], [1, 2, 3, 4, 6, 7, 5, 8, 9, 11, 10], [1, 2, 4, 3, 6, 7, 8, 5, 9, 10, 11], [1, 2, 4, 3, 6, 7, 8, 5, 9, 11, 10], [1, 2, 4, 3, 6, 7, 5, 8, 9, 10, 11], [1, 2, 4, 3, 6, 7, 5, 8, 9, 11, 10], [1, 2, 4, 6, 3, 7, 8, 5, 9, 10, 11], [1, 2, 4, 6, 3, 7, 8, 5, 9, 11, 10], [1, 2, 4, 6, 3, 7, 5, 8, 9, 10, 11], [1, 2, 4, 6, 3, 7, 5, 8, 9, 11, 10]]
Distance: 62
M(A) inter A:
set()
M(B) inter B:
set()

AUB = 
{(1, 4, 2, 7, 5, 3, 10, 11, 8, 9, 6), (5, 1, 2, 4, 6, 3, 7, 9, 8, 10, 11), (4, 3, 7, 2, 8, 1, 10, 6, 9, 11, 5), (1, 2, 3, 8, 7, 5, 9, 4, 11, 6, 10), (6, 1, 4, 3, 5, 2, 9, 11, 10, 8, 7), (4, 3, 1, 9, 7, 11, 8, 2, 10, 5, 6), (3, 2, 4, 7, 1, 5, 10, 8, 11, 9, 6), (1, 2, 6, 3, 4, 5, 8, 7, 10, 9, 11), (1, 2, 6, 3, 4, 9, 8, 7, 5, 10, 11), (2, 1, 3, 4, 6, 5, 9, 7, 11, 8, 10), (2, 1, 4, 6, 3, 8, 5, 7, 9, 11, 10), (6, 1, 7, 2, 3, 8, 4, 9, 11, 5, 10)}
M(AUB) = 
[[1, 2, 3, 4, 6, 7, 8, 5, 9, 10, 11], [1, 2, 3, 4, 6, 7, 8, 5, 9, 11, 10], [1, 2, 3, 4, 6, 7, 5, 8, 9, 10, 11], [1, 2, 3, 4, 6, 7, 5, 8, 9, 11, 10], [1, 2, 4, 3, 6, 7, 8, 5, 9, 10, 11], [1, 2, 4, 3, 6, 7, 8, 5, 9, 11, 10], [1, 2, 4, 3, 6, 7, 5, 8, 9, 10, 11], [1, 2, 4, 3, 6, 7, 5, 8, 9, 11, 10], [1, 2, 4, 6, 3, 7, 8, 5, 9, 10, 11], [1, 2, 4, 6, 3, 7, 8, 5, 9, 11, 10], [1, 2, 4, 6, 3, 7, 5, 8, 9, 10, 11], [1, 2, 4, 6, 3, 7, 5, 8, 9, 11, 10]]
Distance:143

(36)
A = 
{(1, 2, 3, 6, 5, 4, 9, 11, 7, 8, 10), (3, 1, 6, 2, 5, 4, 11, 7, 8, 9, 10), (1, 2, 3, 4, 5, 6, 9, 7, 11, 8, 10), (3, 1, 2, 5, 8, 4, 9, 7, 6, 10, 11), (1, 2, 4, 3, 5, 7, 6, 8, 9, 10, 11), (3, 4, 2, 6, 10, 1, 5, 7, 8, 11, 9)}
M(A) = 
[[1, 2, 3, 4, 5, 6, 7, 8, 9, 11, 10], [1, 2, 3, 4, 5, 6, 7, 8, 11, 9, 10], [1, 2, 3, 4, 5, 7, 6, 8, 9, 11, 10], [1, 2, 3, 4, 5, 7, 6, 8, 11, 9, 10], [1, 2, 3, 5, 4, 6, 7, 8, 9, 11, 10], [1, 2, 3, 5, 4, 6, 7, 8, 11, 9, 10], [1, 2, 3, 5, 4, 7, 6, 8, 9, 11, 10], [1, 2, 3, 5, 4, 7, 6, 8, 11, 9, 10]]
Distance: 46
B = 
{(2, 1, 3, 6, 7, 4, 5, 8, 11, 10, 9), (5, 4, 3, 2, 11, 1, 7, 9, 10, 8, 6), (2, 1, 3, 6, 4, 7, 5, 9, 8, 10, 11), (2, 1, 3, 4, 5, 7, 6, 8, 11, 10, 9), (1, 2, 5, 9, 3, 7, 4, 6, 11, 8, 10), (1, 5, 7, 3, 4, 2, 6, 10, 8, 11, 9)}
M(B) = 
[[1, 2, 3, 4, 5, 6, 7, 8, 9, 11, 10], [1, 2, 3, 4, 5, 6, 7, 8, 11, 9, 10], [1, 2, 3, 4, 5, 7, 6, 8, 9, 11, 10], [1, 2, 3, 4, 5, 7, 6, 8, 11, 9, 10], [1, 2, 3, 5, 4, 6, 7, 8, 9, 11, 10], [1, 2, 3, 5, 4, 6, 7, 8, 11, 9, 10], [1, 2, 3, 5, 4, 7, 6, 8, 9, 11, 10], [1, 2, 3, 5, 4, 7, 6, 8, 11, 9, 10]]
Distance: 55
M(A) inter A:
set()
M(B) inter B:
{(2, 1, 3, 4, 5, 7, 6, 8, 11, 10, 9)}

AUB = 
{(1, 2, 3, 6, 5, 4, 9, 11, 7, 8, 10), (1, 5, 7, 3, 4, 2, 6, 10, 8, 11, 9), (2, 1, 3, 6, 7, 4, 5, 8, 11, 10, 9), (3, 1, 6, 2, 5, 4, 11, 7, 8, 9, 10), (1, 2, 3, 4, 5, 6, 9, 7, 11, 8, 10), (5, 4, 3, 2, 11, 1, 7, 9, 10, 8, 6), (2, 1, 3, 6, 4, 7, 5, 9, 8, 10, 11), (2, 1, 3, 4, 5, 7, 6, 8, 11, 10, 9), (3, 1, 2, 5, 8, 4, 9, 7, 6, 10, 11), (1, 2, 4, 3, 5, 7, 6, 8, 9, 10, 11), (1, 2, 5, 9, 3, 7, 4, 6, 11, 8, 10), (3, 4, 2, 6, 10, 1, 5, 7, 8, 11, 9)}
M(AUB) = 
[[1, 2, 3, 4, 5, 6, 7, 8, 9, 11, 10], [1, 2, 3, 4, 5, 6, 7, 8, 11, 9, 10], [1, 2, 3, 4, 5, 7, 6, 8, 9, 11, 10], [1, 2, 3, 4, 5, 7, 6, 8, 11, 9, 10], [1, 2, 3, 5, 4, 6, 7, 8, 9, 11, 10], [1, 2, 3, 5, 4, 6, 7, 8, 11, 9, 10], [1, 2, 3, 5, 4, 7, 6, 8, 9, 11, 10], [1, 2, 3, 5, 4, 7, 6, 8, 11, 9, 10]]
Distance:107

(37)
A = 
{(1, 3, 5, 2, 4, 6, 8, 7, 9, 10, 11), (1, 2, 3, 4, 5, 6, 7, 9, 8, 10, 11), (3, 2, 4, 1, 8, 5, 6, 9, 7, 10, 11), (2, 1, 3, 4, 6, 5, 9, 7, 8, 10, 11), (1, 2, 4, 3, 9, 6, 5, 7, 10, 8, 11), (2, 1, 3, 4, 7, 5, 6, 9, 10, 8, 11)}
M(A) = 
[[1, 2, 3, 4, 5, 6, 7, 8, 9, 10, 11], [1, 2, 3, 4, 5, 6, 7, 9, 8, 10, 11], [1, 3, 2, 4, 5, 6, 7, 8, 9, 10, 11], [1, 3, 2, 4, 5, 6, 7, 9, 8, 10, 11]]
Distance: 27
B = 
{(3, 1, 4, 7, 2, 5, 6, 8, 9, 10, 11), (1, 2, 3, 4, 5, 7, 8, 6, 11, 10, 9), (1, 3, 2, 6, 5, 10, 4, 9, 7, 8, 11), (3, 1, 2, 11, 4, 5, 8, 9, 7, 6, 10), (1, 2, 3, 4, 5, 6, 7, 8, 9, 11, 10), (4, 3, 2, 7, 1, 5, 6, 9, 10, 11, 8)}
M(B) = 
[[1, 2, 3, 4, 5, 6, 7, 8, 9, 10, 11], [1, 2, 3, 4, 5, 6, 7, 9, 8, 10, 11], [1, 3, 2, 4, 5, 6, 7, 8, 9, 10, 11], [1, 3, 2, 4, 5, 6, 7, 9, 8, 10, 11]]
Distance: 44
M(A) inter A:
set()
M(B) inter B:
set()

AUB = 
{(1, 3, 5, 2, 4, 6, 8, 7, 9, 10, 11), (1, 2, 3, 4, 5, 6, 7, 9, 8, 10, 11), (3, 1, 4, 7, 2, 5, 6, 8, 9, 10, 11), (3, 2, 4, 1, 8, 5, 6, 9, 7, 10, 11), (1, 2, 3, 4, 5, 7, 8, 6, 11, 10, 9), (2, 1, 3, 4, 6, 5, 9, 7, 8, 10, 11), (1, 3, 2, 6, 5, 10, 4, 9, 7, 8, 11), (3, 1, 2, 11, 4, 5, 8, 9, 7, 6, 10), (1, 2, 4, 3, 9, 6, 5, 7, 10, 8, 11), (1, 2, 3, 4, 5, 6, 7, 8, 9, 11, 10), (4, 3, 2, 7, 1, 5, 6, 9, 10, 11, 8), (2, 1, 3, 4, 7, 5, 6, 9, 10, 8, 11)}
M(AUB) = 
[[1, 2, 3, 4, 5, 6, 7, 8, 9, 10, 11], [1, 2, 3, 4, 5, 6, 7, 9, 8, 10, 11], [1, 3, 2, 4, 5, 6, 7, 8, 9, 10, 11], [1, 3, 2, 4, 5, 6, 7, 9, 8, 10, 11]]
Distance:77

(38)
A = 
{(1, 2, 3, 4, 5, 6, 7, 9, 10, 8, 11), (1, 4, 2, 3, 5, 7, 6, 8, 9, 10, 11), (3, 2, 7, 4, 5, 1, 11, 6, 9, 10, 8), (2, 1, 4, 9, 3, 6, 7, 5, 10, 11, 8), (2, 1, 4, 6, 5, 3, 7, 9, 10, 8, 11), (1, 4, 3, 6, 2, 7, 8, 5, 10, 9, 11)}
M(A) = 
[[1, 2, 3, 4, 5, 6, 7, 9, 8, 10, 11], [1, 2, 4, 3, 5, 6, 7, 9, 8, 10, 11], [1, 3, 2, 4, 5, 6, 7, 9, 8, 10, 11]]
Distance: 40
B = 
{(3, 2, 1, 7, 4, 9, 8, 5, 10, 11, 6), (1, 3, 2, 5, 4, 6, 7, 8, 9, 10, 11), (4, 5, 1, 2, 11, 6, 7, 3, 8, 10, 9), (3, 5, 1, 2, 4, 11, 9, 7, 8, 6, 10), (1, 3, 2, 4, 6, 7, 5, 8, 9, 10, 11), (1, 5, 7, 2, 4, 9, 11, 8, 6, 3, 10)}
M(B) = 
[[1, 2, 3, 4, 5, 6, 7, 9, 8, 10, 11], [1, 2, 4, 3, 5, 6, 7, 9, 8, 10, 11], [1, 3, 2, 4, 5, 6, 7, 9, 8, 10, 11]]
Distance: 62
M(A) inter A:
set()
M(B) inter B:
set()

AUB = 
{(1, 2, 3, 4, 5, 6, 7, 9, 10, 8, 11), (3, 2, 1, 7, 4, 9, 8, 5, 10, 11, 6), (1, 3, 2, 5, 4, 6, 7, 8, 9, 10, 11), (4, 5, 1, 2, 11, 6, 7, 3, 8, 10, 9), (1, 4, 2, 3, 5, 7, 6, 8, 9, 10, 11), (3, 2, 7, 4, 5, 1, 11, 6, 9, 10, 8), (2, 1, 4, 9, 3, 6, 7, 5, 10, 11, 8), (3, 5, 1, 2, 4, 11, 9, 7, 8, 6, 10), (2, 1, 4, 6, 5, 3, 7, 9, 10, 8, 11), (1, 3, 2, 4, 6, 7, 5, 8, 9, 10, 11), (1, 4, 3, 6, 2, 7, 8, 5, 10, 9, 11), (1, 5, 7, 2, 4, 9, 11, 8, 6, 3, 10)}
M(AUB) = 
[[1, 2, 3, 4, 5, 6, 7, 9, 8, 10, 11], [1, 2, 4, 3, 5, 6, 7, 9, 8, 10, 11], [1, 3, 2, 4, 5, 6, 7, 9, 8, 10, 11]]
Distance:110

(39)
A = 
{(1, 3, 6, 5, 2, 4, 7, 8, 9, 11, 10), (1, 3, 2, 5, 4, 6, 8, 7, 10, 9, 11), (2, 1, 5, 8, 4, 3, 6, 9, 7, 11, 10), (2, 1, 4, 5, 6, 8, 7, 10, 3, 9, 11), (1, 2, 6, 3, 5, 10, 4, 7, 8, 9, 11), (2, 1, 5, 3, 6, 9, 10, 4, 11, 8, 7)}
M(A) = 
[[1, 2, 3, 5, 4, 6, 8, 7, 9, 10, 11], [1, 2, 3, 5, 4, 6, 7, 8, 9, 10, 11], [1, 2, 5, 3, 4, 6, 8, 7, 9, 10, 11], [1, 2, 5, 3, 4, 6, 7, 8, 9, 10, 11]]
Distance: 45
B = 
{(1, 2, 5, 4, 6, 9, 3, 7, 8, 10, 11), (1, 2, 3, 4, 5, 6, 8, 7, 9, 10, 11), (1, 2, 5, 3, 4, 8, 6, 9, 11, 10, 7), (1, 2, 5, 3, 7, 4, 9, 8, 11, 6, 10), (2, 7, 3, 1, 4, 11, 8, 10, 6, 9, 5), (2, 3, 5, 1, 10, 6, 4, 7, 8, 11, 9)}
M(B) = 
[[1, 2, 3, 5, 4, 6, 8, 7, 9, 10, 11], [1, 2, 3, 5, 4, 6, 7, 8, 9, 10, 11], [1, 2, 5, 3, 4, 6, 8, 7, 9, 10, 11], [1, 2, 5, 3, 4, 6, 7, 8, 9, 10, 11]]
Distance: 53
M(A) inter A:
set()
M(B) inter B:
set()

AUB = 
{(1, 2, 5, 4, 6, 9, 3, 7, 8, 10, 11), (1, 3, 6, 5, 2, 4, 7, 8, 9, 11, 10), (1, 2, 3, 4, 5, 6, 8, 7, 9, 10, 11), (1, 3, 2, 5, 4, 6, 8, 7, 10, 9, 11), (2, 1, 5, 8, 4, 3, 6, 9, 7, 11, 10), (2, 1, 4, 5, 6, 8, 7, 10, 3, 9, 11), (1, 2, 6, 3, 5, 10, 4, 7, 8, 9, 11), (1, 2, 5, 3, 4, 8, 6, 9, 11, 10, 7), (1, 2, 5, 3, 7, 4, 9, 8, 11, 6, 10), (2, 1, 5, 3, 6, 9, 10, 4, 11, 8, 7), (2, 7, 3, 1, 4, 11, 8, 10, 6, 9, 5), (2, 3, 5, 1, 10, 6, 4, 7, 8, 11, 9)}
M(AUB) = 
[[1, 2, 3, 5, 4, 6, 8, 7, 9, 10, 11], [1, 2, 3, 5, 4, 6, 7, 8, 9, 10, 11], [1, 2, 5, 3, 4, 6, 8, 7, 9, 10, 11], [1, 2, 5, 3, 4, 6, 7, 8, 9, 10, 11]]
Distance:100

(40)
A = 
{(1, 2, 3, 5, 7, 6, 4, 9, 8, 11, 10), (1, 2, 4, 3, 6, 5, 7, 9, 10, 11, 8), (3, 2, 4, 1, 7, 5, 6, 8, 9, 11, 10), (3, 2, 1, 7, 4, 8, 5, 6, 11, 9, 10), (1, 6, 2, 4, 3, 5, 7, 11, 9, 8, 10), (2, 1, 5, 9, 4, 8, 3, 11, 6, 7, 10)}
M(A) = 
[[2, 1, 4, 3, 5, 6, 7, 8, 9, 11, 10], [2, 1, 4, 3, 5, 6, 7, 9, 8, 11, 10], [2, 1, 4, 3, 5, 7, 6, 8, 9, 11, 10], [2, 1, 4, 3, 5, 7, 6, 9, 8, 11, 10]]
Distance: 46
B = 
{(2, 1, 4, 3, 5, 6, 9, 8, 11, 10, 7), (2, 4, 5, 1, 3, 8, 7, 10, 6, 9, 11), (2, 4, 5, 3, 1, 10, 7, 9, 6, 8, 11), (1, 2, 3, 5, 6, 4, 8, 7, 9, 10, 11), (4, 1, 2, 3, 6, 11, 5, 7, 8, 9, 10), (2, 4, 1, 3, 5, 8, 7, 6, 10, 9, 11)}
M(B) = 
[[2, 1, 4, 3, 5, 6, 7, 8, 9, 11, 10], [2, 1, 4, 3, 5, 6, 7, 9, 8, 11, 10], [2, 1, 4, 3, 5, 7, 6, 8, 9, 11, 10], [2, 1, 4, 3, 5, 7, 6, 9, 8, 11, 10]]
Distance: 40
M(A) inter A:
set()
M(B) inter B:
set()

AUB = 
{(1, 2, 3, 5, 7, 6, 4, 9, 8, 11, 10), (2, 1, 4, 3, 5, 6, 9, 8, 11, 10, 7), (1, 2, 4, 3, 6, 5, 7, 9, 10, 11, 8), (2, 4, 5, 1, 3, 8, 7, 10, 6, 9, 11), (3, 2, 4, 1, 7, 5, 6, 8, 9, 11, 10), (2, 4, 5, 3, 1, 10, 7, 9, 6, 8, 11), (1, 2, 3, 5, 6, 4, 8, 7, 9, 10, 11), (3, 2, 1, 7, 4, 8, 5, 6, 11, 9, 10), (4, 1, 2, 3, 6, 11, 5, 7, 8, 9, 10), (1, 6, 2, 4, 3, 5, 7, 11, 9, 8, 10), (2, 4, 1, 3, 5, 8, 7, 6, 10, 9, 11), (2, 1, 5, 9, 4, 8, 3, 11, 6, 7, 10)}
M(AUB) = 
[[2, 1, 4, 3, 5, 6, 7, 8, 9, 11, 10], [2, 1, 4, 3, 5, 6, 7, 9, 8, 11, 10], [2, 1, 4, 3, 5, 7, 6, 8, 9, 11, 10], [2, 1, 4, 3, 5, 7, 6, 9, 8, 11, 10]]
Distance:94

(41)
A = 
{(1, 3, 2, 4, 6, 5, 8, 7, 10, 11, 9), (2, 10, 5, 1, 6, 3, 11, 8, 4, 9, 7), (4, 2, 5, 1, 8, 7, 11, 6, 9, 10, 3), (6, 3, 2, 7, 1, 5, 8, 9, 11, 4, 10), (1, 2, 3, 4, 5, 6, 7, 8, 9, 10, 11), (3, 1, 8, 4, 2, 6, 5, 9, 7, 11, 10)}
M(A) = 
[[1, 3, 2, 4, 5, 6, 7, 8, 10, 11, 9], [1, 3, 2, 4, 5, 6, 8, 7, 10, 11, 9], [1, 3, 2, 4, 6, 5, 7, 8, 10, 11, 9], [1, 3, 2, 4, 6, 5, 8, 7, 10, 11, 9]]
Distance: 69
B = 
{(3, 2, 1, 4, 7, 10, 5, 6, 8, 11, 9), (1, 4, 3, 2, 6, 5, 10, 8, 11, 7, 9), (3, 2, 4, 1, 8, 6, 7, 5, 11, 9, 10), (3, 1, 2, 4, 5, 10, 6, 7, 9, 8, 11), (4, 1, 2, 5, 3, 7, 6, 9, 8, 10, 11), (1, 2, 3, 4, 6, 5, 7, 8, 10, 11, 9)}
M(B) = 
[[1, 3, 2, 4, 5, 6, 7, 8, 10, 11, 9], [1, 3, 2, 4, 5, 6, 8, 7, 10, 11, 9], [1, 3, 2, 4, 6, 5, 7, 8, 10, 11, 9], [1, 3, 2, 4, 6, 5, 8, 7, 10, 11, 9]]
Distance: 41
M(A) inter A:
set()
M(B) inter B:
set()

AUB = 
{(1, 2, 3, 4, 6, 5, 7, 8, 10, 11, 9), (1, 3, 2, 4, 6, 5, 8, 7, 10, 11, 9), (3, 2, 1, 4, 7, 10, 5, 6, 8, 11, 9), (2, 10, 5, 1, 6, 3, 11, 8, 4, 9, 7), (1, 4, 3, 2, 6, 5, 10, 8, 11, 7, 9), (4, 2, 5, 1, 8, 7, 11, 6, 9, 10, 3), (3, 2, 4, 1, 8, 6, 7, 5, 11, 9, 10), (6, 3, 2, 7, 1, 5, 8, 9, 11, 4, 10), (3, 1, 2, 4, 5, 10, 6, 7, 9, 8, 11), (1, 2, 3, 4, 5, 6, 7, 8, 9, 10, 11), (4, 1, 2, 5, 3, 7, 6, 9, 8, 10, 11), (3, 1, 8, 4, 2, 6, 5, 9, 7, 11, 10)}
M(AUB) = 
[[1, 3, 2, 4, 5, 6, 7, 8, 10, 11, 9], [1, 3, 2, 4, 5, 6, 8, 7, 10, 11, 9], [1, 3, 2, 4, 6, 5, 7, 8, 10, 11, 9], [1, 3, 2, 4, 6, 5, 8, 7, 10, 11, 9]]
Distance:114

(42)
A = 
{(2, 4, 6, 3, 1, 8, 7, 9, 11, 5, 10), (4, 2, 3, 1, 6, 8, 7, 10, 5, 9, 11), (2, 1, 3, 4, 7, 9, 5, 11, 10, 8, 6), (5, 4, 6, 2, 3, 1, 9, 10, 7, 11, 8), (1, 2, 4, 3, 5, 6, 7, 8, 9, 11, 10), (1, 2, 5, 4, 6, 7, 8, 3, 10, 11, 9)}
M(A) = 
[[1, 2, 3, 4, 5, 6, 7, 8, 9, 10, 11], [1, 2, 3, 4, 5, 6, 7, 8, 9, 11, 10], [2, 1, 3, 4, 5, 6, 7, 8, 9, 10, 11], [2, 1, 3, 4, 5, 6, 7, 8, 9, 11, 10]]
Distance: 57
B = 
{(1, 2, 7, 3, 4, 9, 11, 5, 8, 6, 10), (3, 1, 4, 8, 5, 7, 2, 10, 6, 11, 9), (1, 3, 2, 4, 8, 5, 9, 6, 7, 10, 11), (3, 6, 11, 4, 1, 2, 8, 5, 10, 7, 9), (2, 1, 9, 3, 5, 4, 7, 10, 11, 8, 6), (2, 1, 3, 4, 9, 5, 7, 6, 8, 11, 10)}
M(B) = 
[[1, 2, 3, 4, 5, 6, 7, 8, 9, 10, 11], [1, 2, 3, 4, 5, 6, 7, 8, 9, 11, 10], [2, 1, 3, 4, 5, 6, 7, 8, 9, 10, 11], [2, 1, 3, 4, 5, 6, 7, 8, 9, 11, 10]]
Distance: 66
M(A) inter A:
set()
M(B) inter B:
set()

AUB = 
{(2, 4, 6, 3, 1, 8, 7, 9, 11, 5, 10), (1, 2, 7, 3, 4, 9, 11, 5, 8, 6, 10), (4, 2, 3, 1, 6, 8, 7, 10, 5, 9, 11), (3, 1, 4, 8, 5, 7, 2, 10, 6, 11, 9), (1, 3, 2, 4, 8, 5, 9, 6, 7, 10, 11), (2, 1, 3, 4, 7, 9, 5, 11, 10, 8, 6), (3, 6, 11, 4, 1, 2, 8, 5, 10, 7, 9), (2, 1, 9, 3, 5, 4, 7, 10, 11, 8, 6), (2, 1, 3, 4, 9, 5, 7, 6, 8, 11, 10), (5, 4, 6, 2, 3, 1, 9, 10, 7, 11, 8), (1, 2, 4, 3, 5, 6, 7, 8, 9, 11, 10), (1, 2, 5, 4, 6, 7, 8, 3, 10, 11, 9)}
M(AUB) = 
[[1, 2, 3, 4, 5, 6, 7, 8, 9, 10, 11], [1, 2, 3, 4, 5, 6, 7, 8, 9, 11, 10], [2, 1, 3, 4, 5, 6, 7, 8, 9, 10, 11], [2, 1, 3, 4, 5, 6, 7, 8, 9, 11, 10]]
Distance:135

(43)
A = 
{(1, 3, 2, 5, 6, 4, 7, 8, 9, 11, 10), (3, 5, 2, 1, 6, 8, 11, 9, 4, 7, 10), (1, 2, 3, 4, 5, 6, 7, 8, 9, 10, 11), (2, 1, 3, 4, 5, 7, 11, 8, 9, 6, 10), (1, 3, 4, 2, 6, 5, 8, 9, 11, 7, 10), (2, 5, 4, 7, 1, 10, 6, 3, 8, 11, 9)}
M(A) = 
[[1, 2, 3, 4, 5, 6, 7, 8, 9, 10, 11], [1, 2, 3, 4, 5, 6, 7, 8, 9, 11, 10]]
Distance: 47
B = 
{(1, 4, 3, 6, 2, 9, 5, 11, 10, 8, 7), (1, 2, 3, 8, 4, 6, 5, 10, 7, 11, 9), (4, 1, 7, 2, 3, 6, 5, 9, 8, 11, 10), (1, 2, 3, 4, 5, 6, 7, 8, 10, 9, 11), (6, 2, 3, 1, 10, 5, 7, 4, 9, 8, 11), (1, 5, 6, 2, 3, 4, 10, 9, 7, 11, 8)}
M(B) = 
[[1, 2, 3, 4, 5, 6, 7, 8, 9, 10, 11], [1, 2, 3, 4, 5, 6, 7, 8, 9, 11, 10]]
Distance: 52
M(A) inter A:
set()
M(B) inter B:
set()

AUB = 
{(1, 5, 6, 2, 3, 4, 10, 9, 7, 11, 8), (1, 3, 2, 5, 6, 4, 7, 8, 9, 11, 10), (1, 4, 3, 6, 2, 9, 5, 11, 10, 8, 7), (1, 2, 3, 8, 4, 6, 5, 10, 7, 11, 9), (3, 5, 2, 1, 6, 8, 11, 9, 4, 7, 10), (1, 2, 3, 4, 5, 6, 7, 8, 9, 10, 11), (2, 1, 3, 4, 5, 7, 11, 8, 9, 6, 10), (1, 3, 4, 2, 6, 5, 8, 9, 11, 7, 10), (4, 1, 7, 2, 3, 6, 5, 9, 8, 11, 10), (1, 2, 3, 4, 5, 6, 7, 8, 10, 9, 11), (6, 2, 3, 1, 10, 5, 7, 4, 9, 8, 11), (2, 5, 4, 7, 1, 10, 6, 3, 8, 11, 9)}
M(AUB) = 
[[1, 2, 3, 4, 5, 6, 7, 8, 9, 10, 11], [1, 2, 3, 4, 5, 6, 7, 8, 9, 11, 10]]
Distance:109

(44)
A = 
{(2, 1, 3, 6, 4, 5, 9, 7, 8, 10, 11), (1, 3, 2, 4, 6, 5, 7, 10, 8, 9, 11), (7, 5, 4, 2, 11, 9, 3, 1, 6, 8, 10), (3, 1, 4, 6, 2, 5, 8, 9, 11, 7, 10), (4, 1, 2, 3, 6, 7, 5, 8, 9, 10, 11), (1, 3, 4, 7, 2, 5, 10, 6, 8, 11, 9)}
M(A) = 
[[1, 2, 3, 4, 6, 5, 7, 8, 9, 10, 11]]
Distance: 53
B = 
{(2, 3, 1, 5, 4, 7, 6, 9, 8, 10, 11), (4, 1, 9, 5, 6, 2, 7, 3, 11, 8, 10), (2, 1, 3, 4, 7, 6, 5, 8, 9, 10, 11), (2, 1, 3, 6, 4, 5, 8, 7, 9, 10, 11), (1, 2, 3, 4, 6, 5, 8, 7, 11, 10, 9), (3, 1, 5, 6, 10, 2, 4, 11, 9, 8, 7)}
M(B) = 
[[1, 2, 3, 4, 6, 5, 7, 8, 9, 10, 11]]
Distance: 51
M(A) inter A:
set()
M(B) inter B:
set()

AUB = 
{(2, 3, 1, 5, 4, 7, 6, 9, 8, 10, 11), (4, 1, 9, 5, 6, 2, 7, 3, 11, 8, 10), (2, 1, 3, 6, 4, 5, 9, 7, 8, 10, 11), (1, 3, 2, 4, 6, 5, 7, 10, 8, 9, 11), (2, 1, 3, 4, 7, 6, 5, 8, 9, 10, 11), (7, 5, 4, 2, 11, 9, 3, 1, 6, 8, 10), (3, 1, 4, 6, 2, 5, 8, 9, 11, 7, 10), (4, 1, 2, 3, 6, 7, 5, 8, 9, 10, 11), (2, 1, 3, 6, 4, 5, 8, 7, 9, 10, 11), (1, 2, 3, 4, 6, 5, 8, 7, 11, 10, 9), (3, 1, 5, 6, 10, 2, 4, 11, 9, 8, 7), (1, 3, 4, 7, 2, 5, 10, 6, 8, 11, 9)}
M(AUB) = 
[[1, 2, 3, 4, 6, 5, 7, 8, 9, 10, 11]]
Distance:106

(45)
A = 
{(2, 1, 3, 9, 5, 4, 8, 11, 10, 7, 6), (2, 3, 1, 4, 5, 7, 8, 9, 6, 11, 10), (2, 1, 3, 5, 7, 4, 10, 6, 8, 11, 9), (3, 5, 1, 2, 9, 4, 6, 8, 11, 10, 7), (4, 1, 3, 2, 6, 5, 8, 7, 10, 9, 11), (1, 2, 3, 5, 6, 4, 8, 11, 10, 9, 7)}
M(A) = 
[[1, 2, 3, 4, 5, 6, 7, 8, 9, 11, 10], [1, 2, 3, 5, 4, 6, 7, 8, 9, 11, 10]]
Distance: 52
B = 
{(1, 2, 3, 4, 6, 7, 5, 11, 9, 10, 8), (1, 2, 3, 4, 5, 6, 7, 8, 9, 10, 11), (3, 4, 1, 2, 8, 9, 5, 7, 6, 11, 10), (3, 1, 2, 7, 5, 4, 6, 8, 10, 9, 11), (1, 5, 2, 6, 9, 3, 4, 10, 7, 8, 11), (1, 3, 2, 4, 5, 6, 7, 11, 8, 9, 10)}
M(B) = 
[[1, 2, 3, 4, 5, 6, 7, 8, 9, 11, 10], [1, 2, 3, 5, 4, 6, 7, 8, 9, 11, 10]]
Distance: 41
M(A) inter A:
set()
M(B) inter B:
{(1, 2, 3, 4, 5, 6, 7, 8, 9, 10, 11)}

AUB = 
{(2, 1, 3, 9, 5, 4, 8, 11, 10, 7, 6), (2, 3, 1, 4, 5, 7, 8, 9, 6, 11, 10), (2, 1, 3, 5, 7, 4, 10, 6, 8, 11, 9), (3, 5, 1, 2, 9, 4, 6, 8, 11, 10, 7), (4, 1, 3, 2, 6, 5, 8, 7, 10, 9, 11), (1, 2, 3, 4, 6, 7, 5, 11, 9, 10, 8), (1, 2, 3, 4, 5, 6, 7, 8, 9, 10, 11), (3, 4, 1, 2, 8, 9, 5, 7, 6, 11, 10), (1, 2, 3, 5, 6, 4, 8, 11, 10, 9, 7), (3, 1, 2, 7, 5, 4, 6, 8, 10, 9, 11), (1, 5, 2, 6, 9, 3, 4, 10, 7, 8, 11), (1, 3, 2, 4, 5, 6, 7, 11, 8, 9, 10)}
M(AUB) = 
[[1, 2, 3, 4, 5, 6, 7, 8, 9, 11, 10], [1, 2, 3, 5, 4, 6, 7, 8, 9, 11, 10]]
Distance:97

(46)
A = 
{(5, 4, 1, 7, 2, 6, 3, 11, 9, 10, 8), (2, 1, 5, 9, 3, 4, 10, 7, 6, 8, 11), (1, 2, 3, 4, 5, 6, 7, 8, 9, 10, 11), (1, 5, 4, 6, 2, 9, 3, 7, 11, 8, 10), (1, 3, 2, 4, 7, 5, 10, 6, 8, 9, 11), (1, 2, 4, 8, 5, 3, 7, 6, 11, 9, 10)}
M(A) = 
[[1, 2, 3, 4, 5, 7, 6, 8, 9, 10, 11]]
Distance: 51
B = 
{(2, 1, 3, 4, 5, 7, 10, 11, 8, 6, 9), (1, 3, 4, 5, 7, 2, 9, 6, 8, 11, 10), (2, 1, 3, 4, 7, 6, 5, 8, 9, 10, 11), (3, 2, 6, 1, 8, 5, 9, 4, 7, 10, 11), (2, 4, 1, 3, 9, 5, 10, 7, 6, 8, 11), (1, 2, 3, 4, 8, 5, 11, 7, 6, 9, 10)}
M(B) = 
[[1, 2, 3, 4, 5, 7, 6, 8, 9, 10, 11]]
Distance: 46
M(A) inter A:
set()
M(B) inter B:
set()

AUB = 
{(1, 2, 3, 4, 8, 5, 11, 7, 6, 9, 10), (2, 1, 3, 4, 5, 7, 10, 11, 8, 6, 9), (1, 3, 4, 5, 7, 2, 9, 6, 8, 11, 10), (5, 4, 1, 7, 2, 6, 3, 11, 9, 10, 8), (2, 1, 5, 9, 3, 4, 10, 7, 6, 8, 11), (2, 1, 3, 4, 7, 6, 5, 8, 9, 10, 11), (1, 2, 3, 4, 5, 6, 7, 8, 9, 10, 11), (1, 5, 4, 6, 2, 9, 3, 7, 11, 8, 10), (3, 2, 6, 1, 8, 5, 9, 4, 7, 10, 11), (1, 3, 2, 4, 7, 5, 10, 6, 8, 9, 11), (2, 4, 1, 3, 9, 5, 10, 7, 6, 8, 11), (1, 2, 4, 8, 5, 3, 7, 6, 11, 9, 10)}
M(AUB) = 
[[1, 2, 3, 4, 5, 7, 6, 8, 9, 10, 11]]
Distance:101

(47)
A = 
{(4, 2, 1, 5, 3, 7, 10, 6, 11, 8, 9), (1, 4, 3, 6, 2, 5, 7, 10, 9, 11, 8), (1, 2, 3, 5, 4, 6, 7, 8, 11, 10, 9), (1, 2, 3, 6, 5, 4, 8, 7, 10, 9, 11), (2, 4, 1, 5, 7, 3, 9, 6, 10, 8, 11), (1, 2, 4, 3, 5, 6, 7, 8, 9, 10, 11)}
M(A) = 
[[1, 2, 4, 3, 5, 6, 7, 8, 10, 9, 11]]
Distance: 35
B = 
{(3, 1, 2, 4, 5, 7, 6, 8, 9, 11, 10), (4, 3, 2, 5, 6, 1, 10, 9, 8, 7, 11), (1, 2, 3, 5, 6, 4, 8, 7, 11, 10, 9), (1, 2, 3, 4, 6, 7, 5, 11, 8, 9, 10), (1, 2, 4, 3, 7, 6, 8, 11, 10, 5, 9), (7, 4, 2, 1, 3, 6, 8, 9, 5, 10, 11)}
M(B) = 
[[1, 2, 4, 3, 5, 6, 7, 8, 10, 9, 11]]
Distance: 50
M(A) inter A:
set()
M(B) inter B:
set()

AUB = 
{(4, 2, 1, 5, 3, 7, 10, 6, 11, 8, 9), (3, 1, 2, 4, 5, 7, 6, 8, 9, 11, 10), (4, 3, 2, 5, 6, 1, 10, 9, 8, 7, 11), (1, 4, 3, 6, 2, 5, 7, 10, 9, 11, 8), (1, 2, 3, 5, 6, 4, 8, 7, 11, 10, 9), (1, 2, 3, 4, 6, 7, 5, 11, 8, 9, 10), (1, 2, 3, 5, 4, 6, 7, 8, 11, 10, 9), (1, 2, 4, 3, 7, 6, 8, 11, 10, 5, 9), (1, 2, 3, 6, 5, 4, 8, 7, 10, 9, 11), (7, 4, 2, 1, 3, 6, 8, 9, 5, 10, 11), (2, 4, 1, 5, 7, 3, 9, 6, 10, 8, 11), (1, 2, 4, 3, 5, 6, 7, 8, 9, 10, 11)}
M(AUB) = 
[[1, 2, 4, 3, 5, 6, 7, 8, 10, 9, 11]]
Distance:87

(48)
A = 
{(5, 4, 2, 1, 7, 6, 3, 8, 11, 10, 9), (3, 1, 2, 8, 6, 7, 4, 5, 10, 9, 11), (1, 2, 4, 8, 3, 7, 5, 6, 10, 11, 9), (1, 3, 5, 2, 4, 6, 7, 9, 10, 11, 8), (1, 2, 5, 3, 4, 6, 10, 7, 9, 11, 8), (4, 1, 2, 3, 5, 8, 6, 7, 9, 11, 10)}
M(A) = 
[[1, 2, 3, 4, 5, 6, 7, 8, 9, 10, 11], [1, 2, 3, 4, 5, 7, 6, 8, 9, 10, 11]]
Distance: 51
B = 
{(2, 4, 6, 7, 1, 9, 8, 3, 5, 10, 11), (3, 1, 2, 4, 7, 11, 5, 6, 9, 10, 8), (5, 2, 1, 3, 4, 8, 7, 6, 11, 10, 9), (2, 3, 1, 4, 5, 7, 6, 8, 9, 10, 11), (3, 4, 2, 1, 5, 7, 6, 8, 9, 10, 11), (1, 3, 4, 2, 5, 6, 7, 9, 8, 10, 11)}
M(B) = 
[[1, 2, 3, 4, 5, 6, 7, 8, 9, 10, 11], [1, 2, 3, 4, 5, 7, 6, 8, 9, 10, 11]]
Distance: 44
M(A) inter A:
set()
M(B) inter B:
{(2, 3, 1, 4, 5, 7, 6, 8, 9, 10, 11)}

AUB = 
{(5, 4, 2, 1, 7, 6, 3, 8, 11, 10, 9), (3, 1, 2, 8, 6, 7, 4, 5, 10, 9, 11), (2, 4, 6, 7, 1, 9, 8, 3, 5, 10, 11), (1, 2, 4, 8, 3, 7, 5, 6, 10, 11, 9), (3, 1, 2, 4, 7, 11, 5, 6, 9, 10, 8), (5, 2, 1, 3, 4, 8, 7, 6, 11, 10, 9), (1, 3, 5, 2, 4, 6, 7, 9, 10, 11, 8), (1, 2, 5, 3, 4, 6, 10, 7, 9, 11, 8), (2, 3, 1, 4, 5, 7, 6, 8, 9, 10, 11), (3, 4, 2, 1, 5, 7, 6, 8, 9, 10, 11), (1, 3, 4, 2, 5, 6, 7, 9, 8, 10, 11), (4, 1, 2, 3, 5, 8, 6, 7, 9, 11, 10)}
M(AUB) = 
[[1, 2, 3, 4, 5, 6, 7, 8, 9, 10, 11], [1, 2, 3, 4, 5, 7, 6, 8, 9, 10, 11]]
Distance:101

(49)
A = 
{(1, 2, 6, 3, 5, 4, 8, 7, 10, 11, 9), (3, 1, 2, 6, 7, 4, 5, 8, 9, 11, 10), (1, 2, 3, 4, 9, 5, 7, 6, 10, 8, 11), (2, 1, 5, 3, 6, 9, 4, 8, 7, 11, 10), (5, 3, 1, 4, 2, 6, 8, 9, 11, 7, 10), (2, 4, 1, 6, 3, 8, 5, 7, 10, 9, 11)}
M(A) = 
[[2, 1, 4, 3, 5, 6, 8, 7, 9, 10, 11], [2, 1, 4, 3, 5, 6, 7, 8, 9, 10, 11]]
Distance: 46
B = 
{(2, 4, 1, 3, 5, 7, 8, 9, 6, 10, 11), (2, 4, 1, 3, 5, 7, 8, 6, 11, 9, 10), (2, 1, 4, 5, 3, 8, 6, 7, 9, 10, 11), (2, 1, 4, 7, 3, 5, 6, 8, 9, 11, 10), (1, 6, 2, 5, 4, 7, 3, 8, 9, 10, 11), (2, 8, 1, 4, 7, 3, 10, 6, 5, 9, 11)}
M(B) = 
[[2, 1, 4, 3, 5, 6, 8, 7, 9, 10, 11], [2, 1, 4, 3, 5, 6, 7, 8, 9, 10, 11]]
Distance: 33
M(A) inter A:
set()
M(B) inter B:
set()

AUB = 
{(1, 2, 6, 3, 5, 4, 8, 7, 10, 11, 9), (2, 4, 1, 3, 5, 7, 8, 9, 6, 10, 11), (2, 4, 1, 3, 5, 7, 8, 6, 11, 9, 10), (2, 1, 4, 5, 3, 8, 6, 7, 9, 10, 11), (2, 1, 4, 7, 3, 5, 6, 8, 9, 11, 10), (3, 1, 2, 6, 7, 4, 5, 8, 9, 11, 10), (1, 2, 3, 4, 9, 5, 7, 6, 10, 8, 11), (2, 1, 5, 3, 6, 9, 4, 8, 7, 11, 10), (5, 3, 1, 4, 2, 6, 8, 9, 11, 7, 10), (1, 6, 2, 5, 4, 7, 3, 8, 9, 10, 11), (2, 4, 1, 6, 3, 8, 5, 7, 10, 9, 11), (2, 8, 1, 4, 7, 3, 10, 6, 5, 9, 11)}
M(AUB) = 
[[2, 1, 4, 3, 5, 6, 8, 7, 9, 10, 11], [2, 1, 4, 3, 5, 6, 7, 8, 9, 10, 11]]
Distance:91

