(0)
A = 
{(2, 5, 4, 1, 6, 3, 7, 8, 10, 9, 11, 12, 13), (1, 2, 7, 3, 8, 4, 6, 5, 9, 12, 11, 10, 13), (1, 3, 2, 4, 5, 6, 7, 8, 9, 10, 11, 13, 12), (2, 1, 5, 10, 4, 6, 3, 8, 13, 7, 9, 11, 12), (2, 4, 1, 3, 6, 5, 8, 9, 7, 11, 13, 10, 12)}
M(A) = 
[[1, 2, 3, 4, 5, 6, 8, 7, 9, 10, 11, 13, 12], [2, 1, 3, 4, 5, 6, 8, 7, 9, 10, 11, 13, 12]]
Distance: 43
B = 
{(1, 2, 5, 3, 8, 4, 6, 12, 7, 9, 10, 11, 13), (2, 3, 1, 6, 5, 4, 8, 7, 9, 13, 11, 12, 10), (1, 2, 3, 4, 5, 6, 7, 9, 8, 10, 11, 12, 13), (1, 2, 4, 8, 3, 5, 9, 6, 10, 7, 13, 12, 11), (2, 3, 1, 4, 5, 8, 9, 6, 7, 11, 13, 10, 12)}
M(B) = 
[[1, 2, 3, 4, 5, 6, 8, 7, 9, 10, 11, 13, 12], [2, 1, 3, 4, 5, 6, 8, 7, 9, 10, 11, 13, 12]]
Distance: 36
M(A) inter A:
set()
M(B) inter B:
set()

AUB = 
{(1, 2, 5, 3, 8, 4, 6, 12, 7, 9, 10, 11, 13), (1, 3, 2, 4, 5, 6, 7, 8, 9, 10, 11, 13, 12), (2, 1, 5, 10, 4, 6, 3, 8, 13, 7, 9, 11, 12), (2, 4, 1, 3, 6, 5, 8, 9, 7, 11, 13, 10, 12), (1, 2, 4, 8, 3, 5, 9, 6, 10, 7, 13, 12, 11), (2, 5, 4, 1, 6, 3, 7, 8, 10, 9, 11, 12, 13), (1, 2, 7, 3, 8, 4, 6, 5, 9, 12, 11, 10, 13), (1, 2, 3, 4, 5, 6, 7, 9, 8, 10, 11, 12, 13), (2, 3, 1, 6, 5, 4, 8, 7, 9, 13, 11, 12, 10), (2, 3, 1, 4, 5, 8, 9, 6, 7, 11, 13, 10, 12)}
M(AUB) = 
[[1, 2, 3, 4, 5, 6, 8, 7, 9, 10, 11, 13, 12], [2, 1, 3, 4, 5, 6, 8, 7, 9, 10, 11, 13, 12]]
Distance:83

(1)
A = 
{(2, 5, 3, 8, 1, 4, 10, 6, 7, 13, 12, 9, 11), (1, 2, 3, 4, 5, 7, 6, 8, 9, 11, 10, 12, 13), (3, 1, 2, 4, 7, 5, 6, 10, 8, 13, 11, 12, 9), (1, 2, 4, 3, 6, 5, 9, 7, 12, 10, 11, 13, 8), (1, 2, 4, 3, 5, 6, 7, 8, 9, 10, 11, 12, 13)}
M(A) = 
[[1, 2, 3, 4, 5, 6, 7, 8, 9, 10, 11, 12, 13], [1, 2, 3, 4, 5, 6, 7, 8, 9, 10, 11, 13, 12], [1, 2, 3, 4, 5, 6, 7, 9, 8, 10, 11, 12, 13], [1, 2, 3, 4, 5, 6, 7, 9, 8, 10, 11, 13, 12]]
Distance: 41
B = 
{(4, 1, 2, 3, 6, 5, 10, 7, 9, 11, 8, 13, 12), (6, 2, 1, 7, 3, 5, 4, 10, 12, 9, 8, 11, 13), (3, 2, 9, 4, 1, 6, 5, 8, 10, 11, 13, 7, 12), (1, 2, 3, 4, 7, 5, 6, 8, 12, 9, 11, 13, 10), (1, 5, 2, 3, 7, 4, 9, 6, 8, 11, 13, 10, 12)}
M(B) = 
[[1, 2, 3, 4, 5, 6, 7, 8, 9, 10, 11, 12, 13], [1, 2, 3, 4, 5, 6, 7, 8, 9, 10, 11, 13, 12], [1, 2, 3, 4, 5, 6, 7, 9, 8, 10, 11, 12, 13], [1, 2, 3, 4, 5, 6, 7, 9, 8, 10, 11, 13, 12]]
Distance: 54
M(A) inter A:
set()
M(B) inter B:
set()

AUB = 
{(6, 2, 1, 7, 3, 5, 4, 10, 12, 9, 8, 11, 13), (1, 2, 4, 3, 5, 6, 7, 8, 9, 10, 11, 12, 13), (3, 1, 2, 4, 7, 5, 6, 10, 8, 13, 11, 12, 9), (1, 2, 4, 3, 6, 5, 9, 7, 12, 10, 11, 13, 8), (3, 2, 9, 4, 1, 6, 5, 8, 10, 11, 13, 7, 12), (1, 2, 3, 4, 5, 7, 6, 8, 9, 11, 10, 12, 13), (1, 2, 3, 4, 7, 5, 6, 8, 12, 9, 11, 13, 10), (4, 1, 2, 3, 6, 5, 10, 7, 9, 11, 8, 13, 12), (2, 5, 3, 8, 1, 4, 10, 6, 7, 13, 12, 9, 11), (1, 5, 2, 3, 7, 4, 9, 6, 8, 11, 13, 10, 12)}
M(AUB) = 
[[1, 2, 3, 4, 5, 6, 7, 8, 9, 10, 11, 12, 13], [1, 2, 3, 4, 5, 6, 7, 8, 9, 10, 11, 13, 12], [1, 2, 3, 4, 5, 6, 7, 9, 8, 10, 11, 12, 13], [1, 2, 3, 4, 5, 6, 7, 9, 8, 10, 11, 13, 12]]
Distance:100

(2)
A = 
{(1, 2, 5, 3, 4, 7, 6, 8, 10, 9, 12, 13, 11), (1, 2, 3, 4, 5, 6, 7, 8, 9, 10, 11, 12, 13), (1, 2, 4, 5, 3, 7, 8, 6, 10, 9, 11, 13, 12), (4, 3, 2, 1, 8, 7, 5, 6, 11, 10, 9, 13, 12), (2, 1, 8, 3, 5, 10, 4, 6, 7, 9, 11, 13, 12)}
M(A) = 
[[1, 2, 3, 4, 5, 6, 7, 8, 9, 10, 11, 12, 13]]
Distance: 33
B = 
{(3, 6, 5, 1, 7, 4, 11, 2, 8, 9, 10, 12, 13), (3, 2, 1, 4, 9, 6, 5, 8, 13, 12, 7, 10, 11), (1, 2, 3, 4, 5, 6, 7, 8, 9, 10, 11, 12, 13), (2, 3, 1, 6, 7, 4, 5, 9, 8, 10, 11, 12, 13), (1, 2, 3, 6, 7, 4, 8, 5, 12, 11, 9, 10, 13)}
M(B) = 
[[1, 2, 3, 4, 5, 6, 7, 8, 9, 10, 11, 12, 13]]
Distance: 45
M(A) inter A:
set()
M(B) inter B:
set()

AUB = 
{(1, 2, 4, 5, 3, 7, 8, 6, 10, 9, 11, 13, 12), (2, 3, 1, 6, 7, 4, 5, 9, 8, 10, 11, 12, 13), (1, 2, 3, 4, 5, 6, 7, 8, 9, 10, 11, 12, 13), (1, 2, 3, 6, 7, 4, 8, 5, 12, 11, 9, 10, 13), (4, 3, 2, 1, 8, 7, 5, 6, 11, 10, 9, 13, 12), (3, 6, 5, 1, 7, 4, 11, 2, 8, 9, 10, 12, 13), (1, 2, 5, 3, 4, 7, 6, 8, 10, 9, 12, 13, 11), (3, 2, 1, 4, 9, 6, 5, 8, 13, 12, 7, 10, 11), (2, 1, 8, 3, 5, 10, 4, 6, 7, 9, 11, 13, 12)}
M(AUB) = 
[[1, 2, 3, 4, 5, 6, 7, 8, 9, 10, 11, 12, 13]]
Distance:88

(3)
A = 
{(1, 6, 2, 4, 5, 3, 7, 10, 8, 9, 12, 13, 11), (1, 2, 3, 4, 5, 6, 8, 7, 9, 10, 11, 13, 12), (1, 2, 4, 3, 6, 5, 8, 7, 11, 10, 9, 12, 13), (1, 2, 3, 5, 4, 6, 9, 7, 11, 10, 8, 12, 13), (9, 4, 2, 1, 3, 5, 10, 8, 6, 7, 12, 11, 13)}
M(A) = 
[[1, 2, 3, 4, 5, 6, 7, 8, 9, 10, 11, 12, 13], [1, 2, 3, 4, 5, 6, 7, 8, 9, 11, 10, 12, 13], [1, 2, 3, 4, 5, 6, 7, 8, 10, 9, 11, 12, 13], [1, 2, 3, 4, 5, 6, 8, 7, 9, 10, 11, 12, 13], [1, 2, 3, 4, 5, 6, 8, 7, 9, 11, 10, 12, 13], [1, 2, 3, 4, 5, 6, 8, 7, 10, 9, 11, 12, 13]]
Distance: 40
B = 
{(4, 2, 1, 3, 7, 5, 8, 6, 10, 9, 12, 11, 13), (5, 1, 2, 3, 4, 7, 6, 8, 9, 10, 12, 13, 11), (3, 1, 8, 2, 4, 7, 6, 11, 10, 9, 5, 12, 13), (2, 5, 3, 1, 4, 7, 6, 8, 13, 11, 10, 9, 12), (3, 1, 2, 5, 8, 6, 4, 11, 9, 7, 10, 12, 13)}
M(B) = 
[[1, 2, 3, 4, 5, 6, 7, 8, 9, 10, 11, 12, 13], [1, 2, 3, 4, 5, 6, 7, 8, 9, 11, 10, 12, 13], [1, 2, 3, 4, 5, 6, 7, 8, 10, 9, 11, 12, 13], [1, 2, 3, 4, 5, 6, 8, 7, 9, 10, 11, 12, 13], [1, 2, 3, 4, 5, 6, 8, 7, 9, 11, 10, 12, 13], [1, 2, 3, 4, 5, 6, 8, 7, 10, 9, 11, 12, 13]]
Distance: 48
M(A) inter A:
set()
M(B) inter B:
set()

AUB = 
{(2, 5, 3, 1, 4, 7, 6, 8, 13, 11, 10, 9, 12), (9, 4, 2, 1, 3, 5, 10, 8, 6, 7, 12, 11, 13), (1, 6, 2, 4, 5, 3, 7, 10, 8, 9, 12, 13, 11), (1, 2, 3, 4, 5, 6, 8, 7, 9, 10, 11, 13, 12), (4, 2, 1, 3, 7, 5, 8, 6, 10, 9, 12, 11, 13), (5, 1, 2, 3, 4, 7, 6, 8, 9, 10, 12, 13, 11), (3, 1, 8, 2, 4, 7, 6, 11, 10, 9, 5, 12, 13), (1, 2, 3, 5, 4, 6, 9, 7, 11, 10, 8, 12, 13), (1, 2, 4, 3, 6, 5, 8, 7, 11, 10, 9, 12, 13), (3, 1, 2, 5, 8, 6, 4, 11, 9, 7, 10, 12, 13)}
M(AUB) = 
[[1, 2, 3, 4, 5, 6, 7, 8, 9, 10, 11, 12, 13], [1, 2, 3, 4, 5, 6, 7, 8, 9, 11, 10, 12, 13], [1, 2, 3, 4, 5, 6, 7, 8, 10, 9, 11, 12, 13], [1, 2, 3, 4, 5, 6, 8, 7, 9, 10, 11, 12, 13], [1, 2, 3, 4, 5, 6, 8, 7, 9, 11, 10, 12, 13], [1, 2, 3, 4, 5, 6, 8, 7, 10, 9, 11, 12, 13]]
Distance:98

(4)
A = 
{(3, 2, 5, 1, 8, 6, 4, 9, 10, 7, 11, 12, 13), (1, 2, 4, 3, 6, 5, 9, 7, 8, 10, 12, 11, 13), (1, 2, 3, 7, 4, 6, 8, 5, 11, 10, 12, 9, 13), (1, 2, 3, 5, 4, 8, 6, 7, 11, 10, 9, 12, 13), (2, 4, 1, 6, 5, 7, 3, 8, 10, 9, 11, 13, 12)}
M(A) = 
[[1, 2, 3, 4, 5, 6, 7, 8, 9, 10, 11, 12, 13], [1, 2, 3, 4, 5, 6, 7, 8, 10, 9, 11, 12, 13]]
Distance: 38
B = 
{(1, 2, 4, 3, 5, 6, 8, 7, 9, 10, 12, 11, 13), (1, 2, 4, 3, 11, 7, 5, 6, 8, 9, 12, 10, 13), (1, 3, 2, 7, 9, 4, 5, 11, 10, 8, 6, 13, 12), (3, 1, 5, 2, 6, 4, 7, 8, 10, 9, 13, 12, 11), (1, 2, 3, 5, 7, 4, 10, 9, 8, 6, 12, 11, 13)}
M(B) = 
[[1, 2, 3, 4, 5, 6, 7, 8, 9, 10, 11, 12, 13], [1, 2, 3, 4, 5, 6, 7, 8, 10, 9, 11, 12, 13]]
Distance: 45
M(A) inter A:
set()
M(B) inter B:
set()

AUB = 
{(1, 2, 4, 3, 11, 7, 5, 6, 8, 9, 12, 10, 13), (1, 2, 3, 5, 7, 4, 10, 9, 8, 6, 12, 11, 13), (1, 2, 4, 3, 5, 6, 8, 7, 9, 10, 12, 11, 13), (3, 1, 5, 2, 6, 4, 7, 8, 10, 9, 13, 12, 11), (3, 2, 5, 1, 8, 6, 4, 9, 10, 7, 11, 12, 13), (1, 2, 3, 5, 4, 8, 6, 7, 11, 10, 9, 12, 13), (1, 3, 2, 7, 9, 4, 5, 11, 10, 8, 6, 13, 12), (2, 4, 1, 6, 5, 7, 3, 8, 10, 9, 11, 13, 12), (1, 2, 4, 3, 6, 5, 9, 7, 8, 10, 12, 11, 13), (1, 2, 3, 7, 4, 6, 8, 5, 11, 10, 12, 9, 13)}
M(AUB) = 
[[1, 2, 3, 4, 5, 6, 7, 8, 9, 10, 11, 12, 13], [1, 2, 3, 4, 5, 6, 7, 8, 10, 9, 11, 12, 13]]
Distance:87

(5)
A = 
{(5, 3, 2, 1, 6, 4, 7, 11, 9, 12, 13, 8, 10), (1, 2, 4, 3, 5, 6, 7, 8, 9, 10, 11, 12, 13), (2, 1, 3, 5, 8, 4, 6, 10, 7, 11, 9, 13, 12), (4, 1, 3, 5, 2, 7, 8, 11, 6, 9, 12, 10, 13), (1, 2, 3, 5, 6, 4, 7, 10, 9, 11, 8, 13, 12)}
M(A) = 
[[1, 2, 3, 4, 5, 6, 7, 8, 9, 10, 11, 12, 13], [1, 2, 4, 3, 5, 6, 7, 8, 9, 10, 11, 12, 13], [1, 3, 2, 4, 5, 6, 7, 8, 9, 10, 11, 12, 13]]
Distance: 43
B = 
{(4, 3, 1, 2, 5, 13, 6, 7, 8, 12, 9, 10, 11), (3, 6, 4, 1, 2, 8, 9, 5, 7, 10, 11, 12, 13), (2, 1, 4, 3, 6, 7, 8, 5, 11, 9, 10, 12, 13), (2, 1, 4, 3, 5, 7, 6, 11, 8, 12, 9, 10, 13), (1, 3, 4, 2, 5, 7, 9, 8, 12, 6, 13, 10, 11)}
M(B) = 
[[1, 2, 3, 4, 5, 6, 7, 8, 9, 10, 11, 12, 13], [1, 2, 4, 3, 5, 6, 7, 8, 9, 10, 11, 12, 13], [1, 3, 2, 4, 5, 6, 7, 8, 9, 10, 11, 12, 13]]
Distance: 50
M(A) inter A:
set()
M(B) inter B:
set()

AUB = 
{(4, 3, 1, 2, 5, 13, 6, 7, 8, 12, 9, 10, 11), (2, 1, 4, 3, 5, 7, 6, 11, 8, 12, 9, 10, 13), (1, 2, 4, 3, 5, 6, 7, 8, 9, 10, 11, 12, 13), (3, 6, 4, 1, 2, 8, 9, 5, 7, 10, 11, 12, 13), (4, 1, 3, 5, 2, 7, 8, 11, 6, 9, 12, 10, 13), (2, 1, 4, 3, 6, 7, 8, 5, 11, 9, 10, 12, 13), (1, 3, 4, 2, 5, 7, 9, 8, 12, 6, 13, 10, 11), (5, 3, 2, 1, 6, 4, 7, 11, 9, 12, 13, 8, 10), (2, 1, 3, 5, 8, 4, 6, 10, 7, 11, 9, 13, 12), (1, 2, 3, 5, 6, 4, 7, 10, 9, 11, 8, 13, 12)}
M(AUB) = 
[[1, 2, 3, 4, 5, 6, 7, 8, 9, 10, 11, 12, 13], [1, 2, 4, 3, 5, 6, 7, 8, 9, 10, 11, 12, 13], [1, 3, 2, 4, 5, 6, 7, 8, 9, 10, 11, 12, 13]]
Distance:97

(6)
A = 
{(1, 2, 6, 4, 3, 5, 7, 8, 13, 10, 9, 11, 12), (1, 6, 5, 3, 4, 8, 2, 9, 7, 10, 11, 12, 13), (1, 2, 5, 3, 6, 4, 7, 11, 9, 8, 13, 12, 10), (1, 4, 3, 2, 6, 5, 8, 10, 7, 9, 11, 13, 12), (1, 2, 3, 5, 6, 4, 7, 9, 10, 8, 11, 12, 13)}
M(A) = 
[[1, 2, 3, 4, 6, 5, 7, 8, 9, 10, 11, 13, 12], [1, 2, 3, 6, 4, 5, 7, 8, 9, 10, 11, 13, 12], [1, 2, 3, 6, 5, 4, 7, 8, 9, 10, 11, 13, 12]]
Distance: 37
B = 
{(1, 2, 3, 4, 6, 5, 7, 8, 9, 10, 11, 12, 13), (1, 2, 3, 4, 5, 6, 7, 8, 10, 13, 9, 11, 12), (2, 1, 5, 3, 7, 4, 6, 8, 9, 10, 11, 12, 13), (1, 2, 6, 3, 5, 4, 13, 7, 10, 9, 11, 8, 12), (2, 3, 1, 7, 4, 6, 8, 9, 5, 11, 13, 12, 10)}
M(B) = 
[[1, 2, 3, 4, 6, 5, 7, 8, 9, 10, 11, 13, 12], [1, 2, 3, 6, 4, 5, 7, 8, 9, 10, 11, 13, 12], [1, 2, 3, 6, 5, 4, 7, 8, 9, 10, 11, 13, 12]]
Distance: 34
M(A) inter A:
set()
M(B) inter B:
set()

AUB = 
{(1, 2, 3, 4, 5, 6, 7, 8, 10, 13, 9, 11, 12), (1, 6, 5, 3, 4, 8, 2, 9, 7, 10, 11, 12, 13), (1, 2, 6, 3, 5, 4, 13, 7, 10, 9, 11, 8, 12), (1, 2, 6, 4, 3, 5, 7, 8, 13, 10, 9, 11, 12), (2, 1, 5, 3, 7, 4, 6, 8, 9, 10, 11, 12, 13), (1, 2, 5, 3, 6, 4, 7, 11, 9, 8, 13, 12, 10), (1, 4, 3, 2, 6, 5, 8, 10, 7, 9, 11, 13, 12), (2, 3, 1, 7, 4, 6, 8, 9, 5, 11, 13, 12, 10), (1, 2, 3, 4, 6, 5, 7, 8, 9, 10, 11, 12, 13), (1, 2, 3, 5, 6, 4, 7, 9, 10, 8, 11, 12, 13)}
M(AUB) = 
[[1, 2, 3, 4, 6, 5, 7, 8, 9, 10, 11, 13, 12], [1, 2, 3, 6, 4, 5, 7, 8, 9, 10, 11, 13, 12], [1, 2, 3, 6, 5, 4, 7, 8, 9, 10, 11, 13, 12]]
Distance:75

(7)
A = 
{(1, 2, 3, 4, 5, 6, 7, 8, 9, 11, 12, 10, 13), (1, 2, 3, 4, 7, 6, 5, 9, 8, 10, 12, 11, 13), (1, 2, 4, 3, 5, 6, 7, 8, 9, 10, 11, 12, 13), (2, 3, 5, 1, 4, 7, 10, 6, 9, 8, 13, 12, 11), (2, 1, 3, 5, 4, 6, 7, 9, 8, 13, 12, 11, 10)}
M(A) = 
[[1, 2, 3, 4, 5, 6, 7, 9, 8, 10, 11, 13, 12], [1, 2, 3, 4, 5, 6, 7, 9, 8, 10, 13, 11, 12], [1, 2, 3, 4, 5, 6, 7, 9, 8, 10, 13, 12, 11]]
Distance: 27
B = 
{(3, 5, 1, 2, 7, 4, 8, 11, 6, 10, 9, 13, 12), (1, 2, 3, 5, 4, 6, 7, 9, 10, 8, 13, 11, 12), (1, 4, 9, 2, 6, 8, 3, 5, 7, 13, 11, 10, 12), (1, 3, 2, 4, 5, 7, 6, 8, 12, 10, 11, 13, 9), (3, 1, 6, 4, 2, 7, 5, 9, 8, 10, 13, 12, 11)}
M(B) = 
[[1, 2, 3, 4, 5, 6, 7, 9, 8, 10, 11, 13, 12], [1, 2, 3, 4, 5, 6, 7, 9, 8, 10, 13, 11, 12], [1, 2, 3, 4, 5, 6, 7, 9, 8, 10, 13, 12, 11]]
Distance: 48
M(A) inter A:
set()
M(B) inter B:
set()

AUB = 
{(2, 3, 5, 1, 4, 7, 10, 6, 9, 8, 13, 12, 11), (1, 4, 9, 2, 6, 8, 3, 5, 7, 13, 11, 10, 12), (3, 1, 6, 4, 2, 7, 5, 9, 8, 10, 13, 12, 11), (1, 2, 3, 4, 5, 6, 7, 8, 9, 11, 12, 10, 13), (1, 2, 3, 4, 7, 6, 5, 9, 8, 10, 12, 11, 13), (1, 2, 4, 3, 5, 6, 7, 8, 9, 10, 11, 12, 13), (3, 5, 1, 2, 7, 4, 8, 11, 6, 10, 9, 13, 12), (2, 1, 3, 5, 4, 6, 7, 9, 8, 13, 12, 11, 10), (1, 2, 3, 5, 4, 6, 7, 9, 10, 8, 13, 11, 12), (1, 3, 2, 4, 5, 7, 6, 8, 12, 10, 11, 13, 9)}
M(AUB) = 
[[1, 2, 3, 4, 5, 6, 7, 9, 8, 10, 11, 13, 12], [1, 2, 3, 4, 5, 6, 7, 9, 8, 10, 13, 11, 12], [1, 2, 3, 4, 5, 6, 7, 9, 8, 10, 13, 12, 11]]
Distance:79

(8)
A = 
{(2, 1, 3, 6, 4, 5, 8, 7, 9, 10, 11, 12, 13), (3, 1, 2, 4, 6, 7, 10, 9, 5, 8, 11, 12, 13), (4, 3, 6, 2, 1, 8, 5, 7, 9, 13, 12, 10, 11), (3, 4, 2, 6, 1, 7, 8, 5, 12, 9, 13, 10, 11), (3, 2, 1, 4, 5, 6, 7, 9, 8, 10, 13, 11, 12)}
M(A) = 
[[2, 1, 3, 4, 6, 5, 7, 8, 9, 10, 11, 12, 13]]
Distance: 37
B = 
{(2, 1, 3, 13, 4, 6, 7, 8, 10, 11, 9, 5, 12), (1, 2, 3, 4, 6, 5, 8, 7, 9, 11, 10, 12, 13), (6, 1, 2, 5, 7, 3, 4, 10, 11, 9, 12, 8, 13), (1, 2, 4, 3, 6, 5, 10, 7, 8, 13, 12, 9, 11), (2, 1, 4, 3, 6, 5, 8, 7, 9, 10, 12, 11, 13)}
M(B) = 
[[2, 1, 3, 4, 6, 5, 7, 8, 9, 10, 11, 12, 13]]
Distance: 45
M(A) inter A:
set()
M(B) inter B:
set()

AUB = 
{(1, 2, 3, 4, 6, 5, 8, 7, 9, 11, 10, 12, 13), (3, 2, 1, 4, 5, 6, 7, 9, 8, 10, 13, 11, 12), (3, 1, 2, 4, 6, 7, 10, 9, 5, 8, 11, 12, 13), (2, 1, 3, 6, 4, 5, 8, 7, 9, 10, 11, 12, 13), (1, 2, 4, 3, 6, 5, 10, 7, 8, 13, 12, 9, 11), (4, 3, 6, 2, 1, 8, 5, 7, 9, 13, 12, 10, 11), (6, 1, 2, 5, 7, 3, 4, 10, 11, 9, 12, 8, 13), (2, 1, 3, 13, 4, 6, 7, 8, 10, 11, 9, 5, 12), (3, 4, 2, 6, 1, 7, 8, 5, 12, 9, 13, 10, 11), (2, 1, 4, 3, 6, 5, 8, 7, 9, 10, 12, 11, 13)}
M(AUB) = 
[[2, 1, 3, 4, 6, 5, 7, 8, 9, 10, 11, 12, 13]]
Distance:90

(9)
A = 
{(4, 2, 3, 6, 8, 5, 1, 7, 9, 11, 12, 10, 13), (2, 5, 1, 3, 4, 6, 7, 10, 8, 9, 12, 11, 13), (1, 2, 3, 4, 5, 6, 8, 12, 7, 13, 10, 9, 11), (1, 2, 6, 4, 9, 11, 3, 10, 5, 7, 8, 13, 12), (2, 1, 6, 3, 4, 8, 9, 5, 12, 13, 7, 11, 10)}
M(A) = 
[[2, 1, 3, 4, 5, 6, 7, 8, 9, 10, 12, 13, 11], [2, 1, 3, 4, 5, 6, 8, 7, 9, 10, 12, 13, 11], [2, 1, 4, 3, 5, 6, 7, 8, 9, 10, 12, 13, 11], [2, 1, 4, 3, 5, 6, 8, 7, 9, 10, 12, 13, 11]]
Distance: 55
B = 
{(1, 4, 5, 2, 3, 7, 9, 10, 8, 6, 13, 12, 11), (2, 1, 4, 3, 5, 6, 8, 7, 9, 10, 12, 11, 13), (2, 4, 5, 1, 3, 6, 8, 10, 7, 13, 9, 11, 12), (3, 2, 1, 4, 5, 10, 7, 12, 8, 6, 9, 13, 11), (1, 2, 5, 3, 4, 6, 7, 8, 9, 12, 10, 13, 11)}
M(B) = 
[[2, 1, 3, 4, 5, 6, 7, 8, 9, 10, 12, 13, 11], [2, 1, 3, 4, 5, 6, 8, 7, 9, 10, 12, 13, 11], [2, 1, 4, 3, 5, 6, 7, 8, 9, 10, 12, 13, 11], [2, 1, 4, 3, 5, 6, 8, 7, 9, 10, 12, 13, 11]]
Distance: 38
M(A) inter A:
set()
M(B) inter B:
set()

AUB = 
{(2, 1, 4, 3, 5, 6, 8, 7, 9, 10, 12, 11, 13), (1, 2, 3, 4, 5, 6, 8, 12, 7, 13, 10, 9, 11), (1, 2, 6, 4, 9, 11, 3, 10, 5, 7, 8, 13, 12), (3, 2, 1, 4, 5, 10, 7, 12, 8, 6, 9, 13, 11), (2, 4, 5, 1, 3, 6, 8, 10, 7, 13, 9, 11, 12), (2, 1, 6, 3, 4, 8, 9, 5, 12, 13, 7, 11, 10), (1, 2, 5, 3, 4, 6, 7, 8, 9, 12, 10, 13, 11), (1, 4, 5, 2, 3, 7, 9, 10, 8, 6, 13, 12, 11), (2, 5, 1, 3, 4, 6, 7, 10, 8, 9, 12, 11, 13), (4, 2, 3, 6, 8, 5, 1, 7, 9, 11, 12, 10, 13)}
M(AUB) = 
[[2, 1, 3, 4, 5, 6, 7, 8, 9, 10, 12, 13, 11], [2, 1, 3, 4, 5, 6, 8, 7, 9, 10, 12, 13, 11], [2, 1, 4, 3, 5, 6, 7, 8, 9, 10, 12, 13, 11], [2, 1, 4, 3, 5, 6, 8, 7, 9, 10, 12, 13, 11]]
Distance:100

(10)
A = 
{(1, 3, 4, 2, 7, 5, 8, 6, 12, 9, 10, 11, 13), (2, 3, 1, 4, 7, 5, 6, 9, 8, 13, 10, 12, 11), (1, 2, 3, 4, 6, 5, 7, 8, 9, 10, 12, 11, 13), (1, 2, 3, 4, 5, 6, 8, 7, 12, 9, 10, 11, 13), (2, 1, 3, 4, 5, 7, 6, 9, 8, 11, 10, 12, 13)}
M(A) = 
[[2, 1, 3, 4, 5, 7, 6, 8, 9, 10, 11, 12, 13], [2, 1, 3, 4, 5, 7, 6, 8, 9, 10, 12, 11, 13]]
Distance: 23
B = 
{(2, 1, 3, 5, 7, 4, 9, 6, 10, 8, 11, 13, 12), (2, 3, 1, 6, 5, 4, 8, 7, 9, 10, 11, 12, 13), (2, 1, 3, 4, 7, 6, 5, 8, 10, 9, 11, 13, 12), (2, 10, 4, 3, 5, 1, 8, 7, 11, 6, 12, 9, 13), (2, 1, 4, 7, 3, 5, 6, 9, 12, 8, 13, 10, 11)}
M(B) = 
[[2, 1, 3, 4, 5, 7, 6, 8, 9, 10, 11, 12, 13], [2, 1, 3, 4, 5, 7, 6, 8, 9, 10, 12, 11, 13]]
Distance: 42
M(A) inter A:
set()
M(B) inter B:
set()

AUB = 
{(1, 3, 4, 2, 7, 5, 8, 6, 12, 9, 10, 11, 13), (2, 1, 3, 4, 7, 6, 5, 8, 10, 9, 11, 13, 12), (2, 1, 3, 4, 5, 7, 6, 9, 8, 11, 10, 12, 13), (2, 3, 1, 6, 5, 4, 8, 7, 9, 10, 11, 12, 13), (1, 2, 3, 4, 5, 6, 8, 7, 12, 9, 10, 11, 13), (2, 10, 4, 3, 5, 1, 8, 7, 11, 6, 12, 9, 13), (2, 3, 1, 4, 7, 5, 6, 9, 8, 13, 10, 12, 11), (2, 1, 4, 7, 3, 5, 6, 9, 12, 8, 13, 10, 11), (1, 2, 3, 4, 6, 5, 7, 8, 9, 10, 12, 11, 13), (2, 1, 3, 5, 7, 4, 9, 6, 10, 8, 11, 13, 12)}
M(AUB) = 
[[2, 1, 3, 4, 5, 7, 6, 8, 9, 10, 11, 12, 13], [2, 1, 3, 4, 5, 7, 6, 8, 9, 10, 12, 11, 13]]
Distance:69

(11)
A = 
{(2, 4, 7, 1, 5, 8, 3, 9, 12, 13, 6, 10, 11), (1, 2, 4, 3, 6, 5, 7, 8, 10, 11, 12, 13, 9), (2, 7, 3, 6, 1, 4, 9, 11, 12, 5, 10, 8, 13), (2, 6, 1, 5, 3, 8, 7, 4, 9, 13, 11, 12, 10), (2, 3, 1, 4, 6, 5, 8, 7, 12, 13, 9, 10, 11)}
M(A) = 
[[1, 2, 3, 4, 6, 5, 7, 8, 10, 9, 11, 12, 13], [1, 2, 3, 4, 6, 5, 7, 8, 10, 9, 12, 11, 13], [1, 2, 3, 4, 6, 5, 7, 8, 10, 9, 12, 13, 11], [1, 2, 3, 4, 6, 5, 7, 8, 10, 12, 9, 11, 13], [1, 2, 3, 4, 6, 5, 7, 8, 10, 12, 9, 13, 11], [1, 2, 3, 4, 6, 5, 7, 8, 12, 10, 9, 11, 13], [1, 2, 3, 4, 6, 5, 7, 8, 12, 10, 9, 13, 11], [1, 2, 3, 6, 4, 5, 7, 8, 10, 9, 11, 12, 13], [1, 2, 3, 6, 4, 5, 7, 8, 10, 9, 12, 11, 13], [1, 2, 3, 6, 4, 5, 7, 8, 10, 9, 12, 13, 11], [1, 2, 3, 6, 4, 5, 7, 8, 10, 12, 9, 11, 13], [1, 2, 3, 6, 4, 5, 7, 8, 10, 12, 9, 13, 11], [1, 2, 3, 6, 4, 5, 7, 8, 12, 10, 9, 11, 13], [1, 2, 3, 6, 4, 5, 7, 8, 12, 10, 9, 13, 11]]
Distance: 57
B = 
{(1, 3, 4, 5, 2, 6, 10, 9, 7, 12, 8, 13, 11), (1, 2, 6, 4, 3, 8, 5, 10, 7, 11, 9, 12, 13), (1, 2, 4, 5, 3, 7, 6, 8, 10, 12, 9, 13, 11), (1, 2, 6, 3, 7, 4, 12, 5, 10, 8, 11, 13, 9), (1, 2, 3, 6, 4, 5, 8, 10, 7, 11, 12, 9, 13)}
M(B) = 
[[1, 2, 3, 4, 6, 5, 7, 8, 10, 9, 11, 12, 13], [1, 2, 3, 4, 6, 5, 7, 8, 10, 9, 12, 11, 13], [1, 2, 3, 4, 6, 5, 7, 8, 10, 9, 12, 13, 11], [1, 2, 3, 4, 6, 5, 7, 8, 10, 12, 9, 11, 13], [1, 2, 3, 4, 6, 5, 7, 8, 10, 12, 9, 13, 11], [1, 2, 3, 4, 6, 5, 7, 8, 12, 10, 9, 11, 13], [1, 2, 3, 4, 6, 5, 7, 8, 12, 10, 9, 13, 11], [1, 2, 3, 6, 4, 5, 7, 8, 10, 9, 11, 12, 13], [1, 2, 3, 6, 4, 5, 7, 8, 10, 9, 12, 11, 13], [1, 2, 3, 6, 4, 5, 7, 8, 10, 9, 12, 13, 11], [1, 2, 3, 6, 4, 5, 7, 8, 10, 12, 9, 11, 13], [1, 2, 3, 6, 4, 5, 7, 8, 10, 12, 9, 13, 11], [1, 2, 3, 6, 4, 5, 7, 8, 12, 10, 9, 11, 13], [1, 2, 3, 6, 4, 5, 7, 8, 12, 10, 9, 13, 11]]
Distance: 38
M(A) inter A:
set()
M(B) inter B:
set()

AUB = 
{(1, 2, 4, 3, 6, 5, 7, 8, 10, 11, 12, 13, 9), (2, 7, 3, 6, 1, 4, 9, 11, 12, 5, 10, 8, 13), (1, 2, 6, 3, 7, 4, 12, 5, 10, 8, 11, 13, 9), (2, 3, 1, 4, 6, 5, 8, 7, 12, 13, 9, 10, 11), (1, 2, 3, 6, 4, 5, 8, 10, 7, 11, 12, 9, 13), (2, 4, 7, 1, 5, 8, 3, 9, 12, 13, 6, 10, 11), (1, 3, 4, 5, 2, 6, 10, 9, 7, 12, 8, 13, 11), (2, 6, 1, 5, 3, 8, 7, 4, 9, 13, 11, 12, 10), (1, 2, 6, 4, 3, 8, 5, 10, 7, 11, 9, 12, 13), (1, 2, 4, 5, 3, 7, 6, 8, 10, 12, 9, 13, 11)}
M(AUB) = 
[[1, 2, 3, 4, 6, 5, 7, 8, 10, 9, 11, 12, 13], [1, 2, 3, 4, 6, 5, 7, 8, 10, 9, 12, 11, 13], [1, 2, 3, 4, 6, 5, 7, 8, 10, 9, 12, 13, 11], [1, 2, 3, 4, 6, 5, 7, 8, 10, 12, 9, 11, 13], [1, 2, 3, 4, 6, 5, 7, 8, 10, 12, 9, 13, 11], [1, 2, 3, 4, 6, 5, 7, 8, 12, 10, 9, 11, 13], [1, 2, 3, 4, 6, 5, 7, 8, 12, 10, 9, 13, 11], [1, 2, 3, 6, 4, 5, 7, 8, 10, 9, 11, 12, 13], [1, 2, 3, 6, 4, 5, 7, 8, 10, 9, 12, 11, 13], [1, 2, 3, 6, 4, 5, 7, 8, 10, 9, 12, 13, 11], [1, 2, 3, 6, 4, 5, 7, 8, 10, 12, 9, 11, 13], [1, 2, 3, 6, 4, 5, 7, 8, 10, 12, 9, 13, 11], [1, 2, 3, 6, 4, 5, 7, 8, 12, 10, 9, 11, 13], [1, 2, 3, 6, 4, 5, 7, 8, 12, 10, 9, 13, 11]]
Distance:109

(12)
A = 
{(1, 2, 4, 3, 5, 6, 8, 7, 9, 10, 13, 11, 12), (1, 2, 4, 5, 3, 7, 6, 9, 10, 11, 13, 12, 8), (1, 2, 3, 4, 5, 7, 6, 8, 9, 10, 12, 11, 13), (3, 5, 2, 1, 7, 4, 12, 6, 9, 10, 8, 13, 11), (2, 6, 1, 3, 5, 7, 4, 9, 8, 10, 13, 12, 11)}
M(A) = 
[[2, 1, 3, 4, 5, 6, 7, 8, 9, 10, 13, 11, 12], [2, 1, 3, 4, 5, 7, 6, 8, 9, 10, 13, 11, 12], [2, 1, 3, 5, 4, 6, 7, 8, 9, 10, 13, 11, 12], [2, 1, 3, 5, 4, 7, 6, 8, 9, 10, 13, 11, 12]]
Distance: 37
B = 
{(2, 3, 1, 6, 4, 5, 7, 8, 9, 11, 10, 12, 13), (2, 5, 1, 3, 4, 7, 6, 8, 9, 10, 12, 13, 11), (6, 1, 3, 5, 2, 4, 7, 13, 8, 11, 9, 12, 10), (2, 1, 3, 5, 4, 6, 7, 9, 8, 10, 11, 13, 12), (2, 1, 4, 7, 3, 5, 6, 8, 10, 9, 13, 11, 12)}
M(B) = 
[[2, 1, 3, 4, 5, 6, 7, 8, 9, 10, 13, 11, 12], [2, 1, 3, 4, 5, 7, 6, 8, 9, 10, 13, 11, 12], [2, 1, 3, 5, 4, 6, 7, 8, 9, 10, 13, 11, 12], [2, 1, 3, 5, 4, 7, 6, 8, 9, 10, 13, 11, 12]]
Distance: 34
M(A) inter A:
set()
M(B) inter B:
set()

AUB = 
{(1, 2, 4, 5, 3, 7, 6, 9, 10, 11, 13, 12, 8), (2, 5, 1, 3, 4, 7, 6, 8, 9, 10, 12, 13, 11), (1, 2, 3, 4, 5, 7, 6, 8, 9, 10, 12, 11, 13), (2, 3, 1, 6, 4, 5, 7, 8, 9, 11, 10, 12, 13), (6, 1, 3, 5, 2, 4, 7, 13, 8, 11, 9, 12, 10), (2, 1, 4, 7, 3, 5, 6, 8, 10, 9, 13, 11, 12), (3, 5, 2, 1, 7, 4, 12, 6, 9, 10, 8, 13, 11), (2, 1, 3, 5, 4, 6, 7, 9, 8, 10, 11, 13, 12), (1, 2, 4, 3, 5, 6, 8, 7, 9, 10, 13, 11, 12), (2, 6, 1, 3, 5, 7, 4, 9, 8, 10, 13, 12, 11)}
M(AUB) = 
[[2, 1, 3, 4, 5, 6, 7, 8, 9, 10, 13, 11, 12], [2, 1, 3, 4, 5, 7, 6, 8, 9, 10, 13, 11, 12], [2, 1, 3, 5, 4, 6, 7, 8, 9, 10, 13, 11, 12], [2, 1, 3, 5, 4, 7, 6, 8, 9, 10, 13, 11, 12]]
Distance:76

(13)
A = 
{(3, 2, 8, 4, 5, 1, 12, 9, 7, 6, 11, 13, 10), (7, 2, 1, 3, 4, 10, 5, 6, 9, 12, 8, 13, 11), (1, 2, 3, 4, 5, 6, 7, 13, 8, 9, 10, 12, 11), (1, 2, 5, 4, 3, 6, 7, 8, 9, 12, 11, 13, 10), (1, 3, 2, 7, 4, 5, 8, 6, 9, 10, 11, 12, 13)}
M(A) = 
[[1, 2, 3, 4, 5, 6, 7, 8, 9, 12, 10, 11, 13]]
Distance: 49
B = 
{(1, 2, 3, 4, 5, 6, 7, 8, 9, 12, 10, 13, 11), (1, 5, 4, 3, 6, 12, 8, 2, 7, 13, 10, 11, 9), (1, 2, 3, 4, 5, 6, 7, 8, 9, 10, 11, 12, 13), (1, 3, 2, 4, 6, 5, 7, 8, 11, 12, 9, 10, 13), (4, 1, 2, 6, 5, 3, 8, 7, 11, 12, 13, 9, 10)}
M(B) = 
[[1, 2, 3, 4, 5, 6, 7, 8, 9, 12, 10, 11, 13]]
Distance: 38
M(A) inter A:
set()
M(B) inter B:
set()

AUB = 
{(1, 2, 5, 4, 3, 6, 7, 8, 9, 12, 11, 13, 10), (1, 2, 3, 4, 5, 6, 7, 8, 9, 12, 10, 13, 11), (1, 2, 3, 4, 5, 6, 7, 8, 9, 10, 11, 12, 13), (1, 2, 3, 4, 5, 6, 7, 13, 8, 9, 10, 12, 11), (1, 3, 2, 7, 4, 5, 8, 6, 9, 10, 11, 12, 13), (7, 2, 1, 3, 4, 10, 5, 6, 9, 12, 8, 13, 11), (3, 2, 8, 4, 5, 1, 12, 9, 7, 6, 11, 13, 10), (1, 5, 4, 3, 6, 12, 8, 2, 7, 13, 10, 11, 9), (1, 3, 2, 4, 6, 5, 7, 8, 11, 12, 9, 10, 13), (4, 1, 2, 6, 5, 3, 8, 7, 11, 12, 13, 9, 10)}
M(AUB) = 
[[1, 2, 3, 4, 5, 6, 7, 8, 9, 12, 10, 11, 13]]
Distance:91

(14)
A = 
{(2, 3, 8, 5, 4, 7, 10, 6, 12, 1, 9, 11, 13), (1, 2, 5, 10, 6, 4, 3, 7, 8, 13, 12, 9, 11), (6, 1, 3, 2, 5, 8, 4, 11, 7, 9, 13, 10, 12), (1, 2, 3, 5, 4, 7, 9, 6, 8, 13, 10, 12, 11), (3, 2, 1, 4, 6, 8, 5, 7, 9, 12, 13, 10, 11)}
M(A) = 
[[1, 2, 3, 4, 5, 6, 7, 8, 9, 10, 11, 13, 12], [1, 2, 3, 5, 4, 6, 7, 8, 9, 10, 11, 13, 12], [2, 1, 3, 4, 5, 6, 7, 8, 9, 10, 11, 13, 12], [2, 1, 3, 5, 4, 6, 7, 8, 9, 10, 11, 13, 12]]
Distance: 57
B = 
{(2, 1, 3, 4, 5, 6, 7, 8, 9, 10, 11, 13, 12), (3, 1, 2, 5, 4, 8, 9, 6, 7, 10, 11, 13, 12), (1, 4, 3, 2, 6, 7, 5, 10, 8, 11, 9, 12, 13), (2, 1, 3, 4, 5, 6, 7, 8, 9, 10, 11, 12, 13), (2, 7, 1, 4, 3, 5, 9, 8, 6, 10, 13, 11, 12)}
M(B) = 
[[1, 2, 3, 4, 5, 6, 7, 8, 9, 10, 11, 13, 12], [1, 2, 3, 5, 4, 6, 7, 8, 9, 10, 11, 13, 12], [2, 1, 3, 4, 5, 6, 7, 8, 9, 10, 11, 13, 12], [2, 1, 3, 5, 4, 6, 7, 8, 9, 10, 11, 13, 12]]
Distance: 29
M(A) inter A:
set()
M(B) inter B:
{(2, 1, 3, 4, 5, 6, 7, 8, 9, 10, 11, 13, 12)}

AUB = 
{(2, 1, 3, 4, 5, 6, 7, 8, 9, 10, 11, 13, 12), (3, 2, 1, 4, 6, 8, 5, 7, 9, 12, 13, 10, 11), (2, 3, 8, 5, 4, 7, 10, 6, 12, 1, 9, 11, 13), (1, 2, 5, 10, 6, 4, 3, 7, 8, 13, 12, 9, 11), (6, 1, 3, 2, 5, 8, 4, 11, 7, 9, 13, 10, 12), (1, 2, 3, 5, 4, 7, 9, 6, 8, 13, 10, 12, 11), (2, 7, 1, 4, 3, 5, 9, 8, 6, 10, 13, 11, 12), (3, 1, 2, 5, 4, 8, 9, 6, 7, 10, 11, 13, 12), (1, 4, 3, 2, 6, 7, 5, 10, 8, 11, 9, 12, 13), (2, 1, 3, 4, 5, 6, 7, 8, 9, 10, 11, 12, 13)}
M(AUB) = 
[[1, 2, 3, 4, 5, 6, 7, 8, 9, 10, 11, 13, 12], [1, 2, 3, 5, 4, 6, 7, 8, 9, 10, 11, 13, 12], [2, 1, 3, 4, 5, 6, 7, 8, 9, 10, 11, 13, 12], [2, 1, 3, 5, 4, 6, 7, 8, 9, 10, 11, 13, 12]]
Distance:96

(15)
A = 
{(3, 1, 2, 5, 12, 8, 4, 7, 6, 11, 9, 10, 13), (1, 3, 2, 4, 6, 5, 7, 8, 12, 9, 11, 10, 13), (1, 4, 2, 5, 3, 7, 6, 8, 10, 12, 11, 9, 13), (2, 1, 3, 5, 4, 7, 11, 6, 10, 12, 8, 9, 13), (2, 3, 1, 4, 5, 7, 10, 9, 8, 11, 6, 12, 13)}
M(A) = 
[[1, 2, 3, 4, 5, 7, 6, 8, 9, 10, 11, 12, 13], [1, 2, 3, 4, 5, 7, 6, 8, 9, 11, 10, 12, 13], [2, 1, 3, 4, 5, 7, 6, 8, 9, 10, 11, 12, 13], [2, 1, 3, 4, 5, 7, 6, 8, 9, 11, 10, 12, 13]]
Distance: 42
B = 
{(4, 5, 2, 7, 1, 8, 9, 3, 10, 6, 11, 12, 13), (2, 3, 4, 1, 5, 6, 8, 9, 7, 10, 12, 11, 13), (1, 3, 2, 4, 5, 7, 6, 9, 11, 8, 10, 12, 13), (1, 2, 3, 4, 7, 6, 5, 8, 9, 10, 11, 12, 13), (2, 1, 4, 3, 5, 6, 9, 7, 8, 11, 13, 12, 10)}
M(B) = 
[[1, 2, 3, 4, 5, 7, 6, 8, 9, 10, 11, 12, 13], [1, 2, 3, 4, 5, 7, 6, 8, 9, 11, 10, 12, 13], [2, 1, 3, 4, 5, 7, 6, 8, 9, 10, 11, 12, 13], [2, 1, 3, 4, 5, 7, 6, 8, 9, 11, 10, 12, 13]]
Distance: 35
M(A) inter A:
set()
M(B) inter B:
set()

AUB = 
{(3, 1, 2, 5, 12, 8, 4, 7, 6, 11, 9, 10, 13), (2, 3, 1, 4, 5, 7, 10, 9, 8, 11, 6, 12, 13), (1, 3, 2, 4, 6, 5, 7, 8, 12, 9, 11, 10, 13), (2, 1, 3, 5, 4, 7, 11, 6, 10, 12, 8, 9, 13), (2, 1, 4, 3, 5, 6, 9, 7, 8, 11, 13, 12, 10), (1, 4, 2, 5, 3, 7, 6, 8, 10, 12, 11, 9, 13), (4, 5, 2, 7, 1, 8, 9, 3, 10, 6, 11, 12, 13), (2, 3, 4, 1, 5, 6, 8, 9, 7, 10, 12, 11, 13), (1, 3, 2, 4, 5, 7, 6, 9, 11, 8, 10, 12, 13), (1, 2, 3, 4, 7, 6, 5, 8, 9, 10, 11, 12, 13)}
M(AUB) = 
[[1, 2, 3, 4, 5, 7, 6, 8, 9, 10, 11, 12, 13], [1, 2, 3, 4, 5, 7, 6, 8, 9, 11, 10, 12, 13], [2, 1, 3, 4, 5, 7, 6, 8, 9, 10, 11, 12, 13], [2, 1, 3, 4, 5, 7, 6, 8, 9, 11, 10, 12, 13]]
Distance:84

(16)
A = 
{(1, 4, 9, 8, 2, 3, 5, 10, 6, 7, 13, 11, 12), (2, 8, 3, 1, 9, 7, 4, 5, 12, 6, 11, 10, 13), (2, 1, 3, 4, 7, 5, 6, 10, 8, 9, 13, 11, 12), (1, 2, 3, 4, 5, 7, 6, 8, 9, 12, 10, 11, 13), (1, 2, 3, 4, 6, 5, 8, 9, 7, 10, 11, 12, 13)}
M(A) = 
[[1, 2, 3, 4, 5, 6, 7, 8, 9, 10, 11, 12, 13], [1, 2, 3, 4, 5, 6, 7, 8, 9, 10, 11, 13, 12], [1, 2, 3, 4, 5, 6, 9, 7, 8, 10, 11, 12, 13], [1, 2, 3, 4, 5, 6, 9, 7, 8, 10, 11, 13, 12], [1, 2, 3, 4, 5, 7, 6, 8, 9, 10, 11, 12, 13], [1, 2, 3, 4, 5, 7, 6, 8, 9, 10, 11, 13, 12]]
Distance: 47
B = 
{(3, 5, 4, 2, 1, 6, 7, 11, 8, 10, 9, 12, 13), (6, 1, 3, 4, 2, 9, 5, 10, 7, 8, 12, 11, 13), (3, 1, 2, 4, 5, 6, 9, 11, 7, 8, 13, 12, 10), (2, 1, 3, 5, 4, 7, 8, 10, 6, 9, 13, 12, 11), (1, 2, 4, 5, 3, 9, 7, 11, 8, 10, 13, 6, 12)}
M(B) = 
[[1, 2, 3, 4, 5, 6, 7, 8, 9, 10, 11, 12, 13], [1, 2, 3, 4, 5, 6, 7, 8, 9, 10, 11, 13, 12], [1, 2, 3, 4, 5, 6, 9, 7, 8, 10, 11, 12, 13], [1, 2, 3, 4, 5, 6, 9, 7, 8, 10, 11, 13, 12], [1, 2, 3, 4, 5, 7, 6, 8, 9, 10, 11, 12, 13], [1, 2, 3, 4, 5, 7, 6, 8, 9, 10, 11, 13, 12]]
Distance: 51
M(A) inter A:
set()
M(B) inter B:
set()

AUB = 
{(1, 2, 3, 4, 5, 7, 6, 8, 9, 12, 10, 11, 13), (3, 1, 2, 4, 5, 6, 9, 11, 7, 8, 13, 12, 10), (2, 1, 3, 4, 7, 5, 6, 10, 8, 9, 13, 11, 12), (2, 8, 3, 1, 9, 7, 4, 5, 12, 6, 11, 10, 13), (2, 1, 3, 5, 4, 7, 8, 10, 6, 9, 13, 12, 11), (1, 2, 4, 5, 3, 9, 7, 11, 8, 10, 13, 6, 12), (3, 5, 4, 2, 1, 6, 7, 11, 8, 10, 9, 12, 13), (1, 4, 9, 8, 2, 3, 5, 10, 6, 7, 13, 11, 12), (6, 1, 3, 4, 2, 9, 5, 10, 7, 8, 12, 11, 13), (1, 2, 3, 4, 6, 5, 8, 9, 7, 10, 11, 12, 13)}
M(AUB) = 
[[1, 2, 3, 4, 5, 6, 7, 8, 9, 10, 11, 12, 13], [1, 2, 3, 4, 5, 6, 7, 8, 9, 10, 11, 13, 12], [1, 2, 3, 4, 5, 6, 9, 7, 8, 10, 11, 12, 13], [1, 2, 3, 4, 5, 6, 9, 7, 8, 10, 11, 13, 12], [1, 2, 3, 4, 5, 7, 6, 8, 9, 10, 11, 12, 13], [1, 2, 3, 4, 5, 7, 6, 8, 9, 10, 11, 13, 12]]
Distance:106

(17)
A = 
{(6, 9, 5, 2, 4, 3, 1, 10, 7, 11, 12, 8, 13), (3, 2, 1, 4, 5, 7, 9, 6, 13, 10, 12, 11, 8), (3, 2, 1, 4, 5, 6, 7, 8, 9, 10, 11, 12, 13), (1, 2, 3, 4, 5, 6, 7, 8, 9, 10, 11, 12, 13), (1, 2, 3, 6, 9, 5, 4, 7, 10, 8, 12, 11, 13)}
M(A) = 
[[2, 1, 3, 4, 5, 6, 7, 8, 9, 10, 11, 12, 13], [2, 1, 3, 4, 6, 5, 7, 8, 9, 10, 11, 12, 13], [2, 3, 1, 4, 5, 6, 7, 8, 9, 10, 11, 12, 13], [2, 3, 1, 4, 6, 5, 7, 8, 9, 10, 11, 12, 13]]
Distance: 46
B = 
{(2, 3, 1, 8, 6, 4, 5, 11, 7, 12, 10, 13, 9), (2, 1, 3, 4, 6, 10, 5, 8, 7, 9, 11, 13, 12), (4, 1, 2, 3, 8, 7, 5, 10, 9, 12, 6, 13, 11), (3, 1, 4, 2, 6, 7, 9, 5, 11, 10, 8, 13, 12), (2, 1, 4, 7, 5, 3, 8, 6, 9, 10, 12, 11, 13)}
M(B) = 
[[2, 1, 3, 4, 5, 6, 7, 8, 9, 10, 11, 12, 13], [2, 1, 3, 4, 6, 5, 7, 8, 9, 10, 11, 12, 13], [2, 3, 1, 4, 5, 6, 7, 8, 9, 10, 11, 12, 13], [2, 3, 1, 4, 6, 5, 7, 8, 9, 10, 11, 12, 13]]
Distance: 51
M(A) inter A:
set()
M(B) inter B:
set()

AUB = 
{(4, 1, 2, 3, 8, 7, 5, 10, 9, 12, 6, 13, 11), (2, 3, 1, 8, 6, 4, 5, 11, 7, 12, 10, 13, 9), (3, 2, 1, 4, 5, 6, 7, 8, 9, 10, 11, 12, 13), (1, 2, 3, 4, 5, 6, 7, 8, 9, 10, 11, 12, 13), (3, 1, 4, 2, 6, 7, 9, 5, 11, 10, 8, 13, 12), (6, 9, 5, 2, 4, 3, 1, 10, 7, 11, 12, 8, 13), (3, 2, 1, 4, 5, 7, 9, 6, 13, 10, 12, 11, 8), (2, 1, 3, 4, 6, 10, 5, 8, 7, 9, 11, 13, 12), (1, 2, 3, 6, 9, 5, 4, 7, 10, 8, 12, 11, 13), (2, 1, 4, 7, 5, 3, 8, 6, 9, 10, 12, 11, 13)}
M(AUB) = 
[[2, 1, 3, 4, 5, 6, 7, 8, 9, 10, 11, 12, 13], [2, 1, 3, 4, 6, 5, 7, 8, 9, 10, 11, 12, 13], [2, 3, 1, 4, 5, 6, 7, 8, 9, 10, 11, 12, 13], [2, 3, 1, 4, 6, 5, 7, 8, 9, 10, 11, 12, 13]]
Distance:104

(18)
A = 
{(5, 1, 2, 3, 7, 4, 9, 8, 6, 11, 10, 13, 12), (2, 3, 1, 4, 11, 8, 5, 6, 9, 10, 12, 13, 7), (3, 2, 5, 1, 10, 6, 9, 4, 7, 11, 12, 13, 8), (2, 3, 4, 1, 7, 8, 10, 5, 6, 11, 9, 13, 12), (2, 1, 3, 4, 5, 6, 7, 8, 9, 10, 11, 12, 13)}
M(A) = 
[[2, 1, 3, 5, 4, 6, 7, 8, 9, 10, 11, 12, 13], [2, 1, 3, 5, 4, 6, 7, 8, 9, 10, 11, 13, 12], [2, 1, 3, 5, 4, 6, 7, 8, 9, 11, 10, 12, 13], [2, 1, 3, 5, 4, 6, 7, 8, 9, 11, 10, 13, 12], [2, 1, 3, 5, 4, 6, 7, 8, 11, 9, 10, 12, 13], [2, 1, 3, 5, 4, 6, 7, 8, 11, 9, 10, 13, 12], [2, 1, 3, 5, 4, 6, 7, 9, 8, 10, 11, 12, 13], [2, 1, 3, 5, 4, 6, 7, 9, 8, 10, 11, 13, 12], [2, 1, 3, 5, 4, 6, 7, 9, 8, 11, 10, 12, 13], [2, 1, 3, 5, 4, 6, 7, 9, 8, 11, 10, 13, 12], [2, 1, 3, 5, 4, 6, 9, 7, 8, 10, 11, 12, 13], [2, 1, 3, 5, 4, 6, 9, 7, 8, 10, 11, 13, 12], [2, 1, 3, 5, 4, 6, 9, 7, 8, 11, 10, 12, 13], [2, 1, 3, 5, 4, 6, 9, 7, 8, 11, 10, 13, 12], [2, 1, 3, 5, 4, 7, 6, 8, 9, 10, 11, 12, 13], [2, 1, 3, 5, 4, 7, 6, 8, 9, 10, 11, 13, 12], [2, 1, 3, 5, 4, 7, 6, 8, 9, 11, 10, 12, 13], [2, 1, 3, 5, 4, 7, 6, 8, 9, 11, 10, 13, 12], [2, 1, 3, 5, 4, 7, 6, 8, 11, 9, 10, 12, 13], [2, 1, 3, 5, 4, 7, 6, 8, 11, 9, 10, 13, 12], [2, 1, 3, 5, 4, 7, 6, 9, 8, 10, 11, 12, 13], [2, 1, 3, 5, 4, 7, 6, 9, 8, 10, 11, 13, 12], [2, 1, 3, 5, 4, 7, 6, 9, 8, 11, 10, 12, 13], [2, 1, 3, 5, 4, 7, 6, 9, 8, 11, 10, 13, 12]]
Distance: 52
B = 
{(2, 7, 1, 3, 4, 5, 8, 6, 13, 11, 12, 10, 9), (5, 3, 1, 2, 4, 7, 6, 8, 10, 11, 9, 12, 13), (1, 2, 5, 6, 4, 3, 9, 8, 7, 13, 11, 10, 12), (2, 5, 1, 4, 3, 9, 7, 6, 10, 11, 8, 13, 12), (1, 3, 6, 5, 2, 4, 11, 9, 10, 7, 8, 12, 13)}
M(B) = 
[[2, 1, 3, 5, 4, 6, 7, 8, 9, 10, 11, 12, 13], [2, 1, 3, 5, 4, 6, 7, 8, 9, 10, 11, 13, 12], [2, 1, 3, 5, 4, 6, 7, 8, 9, 11, 10, 12, 13], [2, 1, 3, 5, 4, 6, 7, 8, 9, 11, 10, 13, 12], [2, 1, 3, 5, 4, 6, 7, 8, 11, 9, 10, 12, 13], [2, 1, 3, 5, 4, 6, 7, 8, 11, 9, 10, 13, 12], [2, 1, 3, 5, 4, 6, 7, 9, 8, 10, 11, 12, 13], [2, 1, 3, 5, 4, 6, 7, 9, 8, 10, 11, 13, 12], [2, 1, 3, 5, 4, 6, 7, 9, 8, 11, 10, 12, 13], [2, 1, 3, 5, 4, 6, 7, 9, 8, 11, 10, 13, 12], [2, 1, 3, 5, 4, 6, 9, 7, 8, 10, 11, 12, 13], [2, 1, 3, 5, 4, 6, 9, 7, 8, 10, 11, 13, 12], [2, 1, 3, 5, 4, 6, 9, 7, 8, 11, 10, 12, 13], [2, 1, 3, 5, 4, 6, 9, 7, 8, 11, 10, 13, 12], [2, 1, 3, 5, 4, 7, 6, 8, 9, 10, 11, 12, 13], [2, 1, 3, 5, 4, 7, 6, 8, 9, 10, 11, 13, 12], [2, 1, 3, 5, 4, 7, 6, 8, 9, 11, 10, 12, 13], [2, 1, 3, 5, 4, 7, 6, 8, 9, 11, 10, 13, 12], [2, 1, 3, 5, 4, 7, 6, 8, 11, 9, 10, 12, 13], [2, 1, 3, 5, 4, 7, 6, 8, 11, 9, 10, 13, 12], [2, 1, 3, 5, 4, 7, 6, 9, 8, 10, 11, 12, 13], [2, 1, 3, 5, 4, 7, 6, 9, 8, 10, 11, 13, 12], [2, 1, 3, 5, 4, 7, 6, 9, 8, 11, 10, 12, 13], [2, 1, 3, 5, 4, 7, 6, 9, 8, 11, 10, 13, 12]]
Distance: 55
M(A) inter A:
set()
M(B) inter B:
set()

AUB = 
{(5, 3, 1, 2, 4, 7, 6, 8, 10, 11, 9, 12, 13), (3, 2, 5, 1, 10, 6, 9, 4, 7, 11, 12, 13, 8), (1, 3, 6, 5, 2, 4, 11, 9, 10, 7, 8, 12, 13), (2, 7, 1, 3, 4, 5, 8, 6, 13, 11, 12, 10, 9), (2, 3, 1, 4, 11, 8, 5, 6, 9, 10, 12, 13, 7), (1, 2, 5, 6, 4, 3, 9, 8, 7, 13, 11, 10, 12), (2, 5, 1, 4, 3, 9, 7, 6, 10, 11, 8, 13, 12), (2, 1, 3, 4, 5, 6, 7, 8, 9, 10, 11, 12, 13), (5, 1, 2, 3, 7, 4, 9, 8, 6, 11, 10, 13, 12), (2, 3, 4, 1, 7, 8, 10, 5, 6, 11, 9, 13, 12)}
M(AUB) = 
[[2, 1, 3, 5, 4, 6, 7, 8, 9, 10, 11, 12, 13], [2, 1, 3, 5, 4, 6, 7, 8, 9, 10, 11, 13, 12], [2, 1, 3, 5, 4, 6, 7, 8, 9, 11, 10, 12, 13], [2, 1, 3, 5, 4, 6, 7, 8, 9, 11, 10, 13, 12], [2, 1, 3, 5, 4, 6, 7, 8, 11, 9, 10, 12, 13], [2, 1, 3, 5, 4, 6, 7, 8, 11, 9, 10, 13, 12], [2, 1, 3, 5, 4, 6, 7, 9, 8, 10, 11, 12, 13], [2, 1, 3, 5, 4, 6, 7, 9, 8, 10, 11, 13, 12], [2, 1, 3, 5, 4, 6, 7, 9, 8, 11, 10, 12, 13], [2, 1, 3, 5, 4, 6, 7, 9, 8, 11, 10, 13, 12], [2, 1, 3, 5, 4, 6, 9, 7, 8, 10, 11, 12, 13], [2, 1, 3, 5, 4, 6, 9, 7, 8, 10, 11, 13, 12], [2, 1, 3, 5, 4, 6, 9, 7, 8, 11, 10, 12, 13], [2, 1, 3, 5, 4, 6, 9, 7, 8, 11, 10, 13, 12], [2, 1, 3, 5, 4, 7, 6, 8, 9, 10, 11, 12, 13], [2, 1, 3, 5, 4, 7, 6, 8, 9, 10, 11, 13, 12], [2, 1, 3, 5, 4, 7, 6, 8, 9, 11, 10, 12, 13], [2, 1, 3, 5, 4, 7, 6, 8, 9, 11, 10, 13, 12], [2, 1, 3, 5, 4, 7, 6, 8, 11, 9, 10, 12, 13], [2, 1, 3, 5, 4, 7, 6, 8, 11, 9, 10, 13, 12], [2, 1, 3, 5, 4, 7, 6, 9, 8, 10, 11, 12, 13], [2, 1, 3, 5, 4, 7, 6, 9, 8, 10, 11, 13, 12], [2, 1, 3, 5, 4, 7, 6, 9, 8, 11, 10, 12, 13], [2, 1, 3, 5, 4, 7, 6, 9, 8, 11, 10, 13, 12]]
Distance:115

(19)
A = 
{(1, 3, 5, 2, 6, 4, 10, 7, 11, 8, 9, 12, 13), (3, 1, 7, 2, 6, 4, 11, 5, 8, 9, 10, 12, 13), (2, 6, 3, 1, 4, 5, 7, 9, 8, 10, 11, 12, 13), (3, 2, 1, 5, 10, 7, 8, 6, 4, 9, 12, 13, 11), (3, 4, 7, 9, 2, 1, 10, 5, 6, 11, 13, 8, 12)}
M(A) = 
[[3, 2, 1, 6, 4, 5, 10, 7, 8, 9, 11, 12, 13], [3, 2, 1, 6, 4, 5, 10, 7, 8, 11, 9, 12, 13], [3, 2, 1, 6, 4, 5, 10, 7, 11, 8, 9, 12, 13]]
Distance: 54
B = 
{(2, 3, 6, 4, 8, 1, 7, 5, 10, 9, 13, 12, 11), (3, 1, 5, 2, 4, 6, 8, 11, 10, 12, 9, 7, 13), (2, 3, 4, 6, 1, 5, 10, 7, 9, 12, 13, 8, 11), (2, 1, 4, 3, 5, 10, 6, 7, 11, 9, 8, 12, 13), (3, 1, 6, 2, 4, 5, 11, 10, 7, 8, 12, 13, 9)}
M(B) = 
[[3, 2, 1, 6, 4, 5, 10, 7, 8, 9, 11, 12, 13], [3, 2, 1, 6, 4, 5, 10, 7, 8, 11, 9, 12, 13], [3, 2, 1, 6, 4, 5, 10, 7, 11, 8, 9, 12, 13]]
Distance: 48
M(A) inter A:
set()
M(B) inter B:
set()

AUB = 
{(1, 3, 5, 2, 6, 4, 10, 7, 11, 8, 9, 12, 13), (3, 1, 7, 2, 6, 4, 11, 5, 8, 9, 10, 12, 13), (2, 6, 3, 1, 4, 5, 7, 9, 8, 10, 11, 12, 13), (3, 1, 5, 2, 4, 6, 8, 11, 10, 12, 9, 7, 13), (3, 2, 1, 5, 10, 7, 8, 6, 4, 9, 12, 13, 11), (2, 3, 6, 4, 8, 1, 7, 5, 10, 9, 13, 12, 11), (2, 3, 4, 6, 1, 5, 10, 7, 9, 12, 13, 8, 11), (2, 1, 4, 3, 5, 10, 6, 7, 11, 9, 8, 12, 13), (3, 4, 7, 9, 2, 1, 10, 5, 6, 11, 13, 8, 12), (3, 1, 6, 2, 4, 5, 11, 10, 7, 8, 12, 13, 9)}
M(AUB) = 
[[3, 2, 1, 6, 4, 5, 10, 7, 8, 9, 11, 12, 13], [3, 2, 1, 6, 4, 5, 10, 7, 8, 11, 9, 12, 13], [3, 2, 1, 6, 4, 5, 10, 7, 11, 8, 9, 12, 13]]
Distance:107

(20)
A = 
{(1, 3, 5, 2, 6, 7, 4, 9, 8, 11, 12, 10, 13), (5, 1, 2, 3, 8, 4, 7, 6, 9, 10, 12, 11, 13), (4, 5, 2, 1, 3, 7, 8, 10, 6, 12, 9, 11, 13), (2, 1, 4, 3, 5, 7, 11, 8, 6, 12, 10, 9, 13), (2, 1, 3, 4, 5, 6, 7, 8, 9, 10, 11, 12, 13)}
M(A) = 
[[1, 2, 3, 4, 5, 6, 7, 8, 9, 10, 11, 12, 13], [1, 2, 3, 4, 5, 6, 7, 8, 9, 11, 10, 12, 13], [1, 2, 3, 4, 5, 6, 7, 8, 9, 11, 12, 10, 13], [1, 2, 3, 4, 5, 6, 7, 8, 10, 9, 11, 12, 13], [1, 2, 3, 4, 5, 6, 7, 8, 10, 11, 12, 9, 13], [1, 2, 3, 4, 5, 6, 7, 8, 10, 12, 9, 11, 13], [1, 2, 3, 4, 5, 6, 7, 8, 11, 10, 12, 9, 13], [1, 2, 3, 4, 5, 6, 7, 8, 11, 12, 9, 10, 13], [1, 2, 3, 4, 5, 6, 7, 8, 11, 12, 10, 9, 13], [1, 2, 3, 4, 5, 6, 7, 8, 12, 9, 10, 11, 13], [1, 2, 3, 4, 5, 6, 7, 8, 12, 9, 11, 10, 13], [1, 2, 3, 4, 5, 6, 7, 8, 12, 10, 9, 11, 13]]
Distance: 39
B = 
{(1, 2, 3, 4, 5, 6, 8, 12, 10, 9, 11, 13, 7), (3, 4, 1, 5, 2, 6, 7, 8, 12, 11, 9, 10, 13), (1, 3, 5, 4, 7, 2, 11, 6, 8, 10, 12, 13, 9), (2, 5, 1, 3, 11, 6, 8, 12, 10, 9, 7, 4, 13), (1, 3, 2, 6, 4, 5, 7, 8, 9, 10, 11, 12, 13)}
M(B) = 
[[1, 2, 3, 4, 5, 6, 7, 8, 9, 10, 11, 12, 13], [1, 2, 3, 4, 5, 6, 7, 8, 9, 11, 10, 12, 13], [1, 2, 3, 4, 5, 6, 7, 8, 9, 11, 12, 10, 13], [1, 2, 3, 4, 5, 6, 7, 8, 10, 9, 11, 12, 13], [1, 2, 3, 4, 5, 6, 7, 8, 10, 11, 12, 9, 13], [1, 2, 3, 4, 5, 6, 7, 8, 10, 12, 9, 11, 13], [1, 2, 3, 4, 5, 6, 7, 8, 11, 10, 12, 9, 13], [1, 2, 3, 4, 5, 6, 7, 8, 11, 12, 9, 10, 13], [1, 2, 3, 4, 5, 6, 7, 8, 11, 12, 10, 9, 13], [1, 2, 3, 4, 5, 6, 7, 8, 12, 9, 10, 11, 13], [1, 2, 3, 4, 5, 6, 7, 8, 12, 9, 11, 10, 13], [1, 2, 3, 4, 5, 6, 7, 8, 12, 10, 9, 11, 13]]
Distance: 51
M(A) inter A:
set()
M(B) inter B:
set()

AUB = 
{(4, 5, 2, 1, 3, 7, 8, 10, 6, 12, 9, 11, 13), (3, 4, 1, 5, 2, 6, 7, 8, 12, 11, 9, 10, 13), (5, 1, 2, 3, 8, 4, 7, 6, 9, 10, 12, 11, 13), (2, 1, 4, 3, 5, 7, 11, 8, 6, 12, 10, 9, 13), (2, 5, 1, 3, 11, 6, 8, 12, 10, 9, 7, 4, 13), (1, 3, 2, 6, 4, 5, 7, 8, 9, 10, 11, 12, 13), (1, 3, 5, 2, 6, 7, 4, 9, 8, 11, 12, 10, 13), (1, 2, 3, 4, 5, 6, 8, 12, 10, 9, 11, 13, 7), (2, 1, 3, 4, 5, 6, 7, 8, 9, 10, 11, 12, 13), (1, 3, 5, 4, 7, 2, 11, 6, 8, 10, 12, 13, 9)}
M(AUB) = 
[[1, 2, 3, 4, 5, 6, 7, 8, 9, 10, 11, 12, 13], [1, 2, 3, 4, 5, 6, 7, 8, 9, 11, 10, 12, 13], [1, 2, 3, 4, 5, 6, 7, 8, 9, 11, 12, 10, 13], [1, 2, 3, 4, 5, 6, 7, 8, 10, 9, 11, 12, 13], [1, 2, 3, 4, 5, 6, 7, 8, 10, 11, 12, 9, 13], [1, 2, 3, 4, 5, 6, 7, 8, 10, 12, 9, 11, 13], [1, 2, 3, 4, 5, 6, 7, 8, 11, 10, 12, 9, 13], [1, 2, 3, 4, 5, 6, 7, 8, 11, 12, 9, 10, 13], [1, 2, 3, 4, 5, 6, 7, 8, 11, 12, 10, 9, 13], [1, 2, 3, 4, 5, 6, 7, 8, 12, 9, 10, 11, 13], [1, 2, 3, 4, 5, 6, 7, 8, 12, 9, 11, 10, 13], [1, 2, 3, 4, 5, 6, 7, 8, 12, 10, 9, 11, 13]]
Distance:101

(21)
A = 
{(1, 3, 7, 2, 4, 5, 8, 6, 12, 10, 13, 9, 11), (1, 4, 2, 3, 6, 5, 8, 7, 9, 12, 11, 10, 13), (6, 4, 2, 1, 3, 8, 7, 9, 5, 11, 10, 13, 12), (1, 2, 4, 3, 7, 5, 6, 8, 9, 12, 10, 13, 11), (1, 2, 6, 4, 5, 10, 3, 8, 7, 9, 13, 11, 12)}
M(A) = 
[[1, 2, 4, 3, 6, 7, 5, 8, 9, 10, 12, 13, 11], [1, 2, 4, 3, 6, 7, 5, 8, 9, 12, 10, 13, 11]]
Distance: 44
B = 
{(1, 2, 3, 4, 8, 6, 5, 12, 11, 7, 10, 9, 13), (1, 4, 3, 2, 7, 5, 9, 8, 6, 10, 12, 13, 11), (1, 7, 5, 2, 9, 3, 4, 6, 8, 10, 13, 12, 11), (1, 2, 3, 4, 6, 7, 5, 8, 9, 10, 11, 13, 12), (6, 2, 1, 5, 4, 3, 8, 7, 12, 13, 11, 9, 10)}
M(B) = 
[[1, 2, 4, 3, 6, 7, 5, 8, 9, 10, 12, 13, 11], [1, 2, 4, 3, 6, 7, 5, 8, 9, 12, 10, 13, 11]]
Distance: 52
M(A) inter A:
set()
M(B) inter B:
set()

AUB = 
{(6, 2, 1, 5, 4, 3, 8, 7, 12, 13, 11, 9, 10), (1, 4, 2, 3, 6, 5, 8, 7, 9, 12, 11, 10, 13), (6, 4, 2, 1, 3, 8, 7, 9, 5, 11, 10, 13, 12), (1, 2, 6, 4, 5, 10, 3, 8, 7, 9, 13, 11, 12), (1, 4, 3, 2, 7, 5, 9, 8, 6, 10, 12, 13, 11), (1, 3, 7, 2, 4, 5, 8, 6, 12, 10, 13, 9, 11), (1, 7, 5, 2, 9, 3, 4, 6, 8, 10, 13, 12, 11), (1, 2, 3, 4, 6, 7, 5, 8, 9, 10, 11, 13, 12), (1, 2, 3, 4, 8, 6, 5, 12, 11, 7, 10, 9, 13), (1, 2, 4, 3, 7, 5, 6, 8, 9, 12, 10, 13, 11)}
M(AUB) = 
[[1, 2, 4, 3, 6, 7, 5, 8, 9, 10, 12, 13, 11], [1, 2, 4, 3, 6, 7, 5, 8, 9, 12, 10, 13, 11]]
Distance:98

(22)
A = 
{(4, 6, 2, 5, 1, 3, 9, 8, 7, 10, 13, 11, 12), (1, 3, 2, 4, 5, 6, 7, 8, 9, 10, 12, 11, 13), (3, 1, 4, 2, 5, 7, 9, 11, 6, 10, 8, 12, 13), (8, 1, 2, 5, 6, 3, 7, 9, 10, 13, 11, 12, 4), (2, 1, 4, 3, 6, 5, 7, 8, 10, 13, 11, 12, 9)}
M(A) = 
[[1, 2, 4, 5, 3, 6, 7, 8, 9, 10, 11, 12, 13], [1, 2, 4, 5, 6, 3, 7, 8, 9, 10, 11, 12, 13]]
Distance: 53
B = 
{(3, 2, 1, 4, 7, 6, 5, 9, 8, 13, 10, 11, 12), (5, 2, 1, 6, 4, 7, 10, 3, 8, 9, 12, 11, 13), (5, 1, 6, 2, 4, 7, 8, 3, 11, 10, 9, 12, 13), (1, 2, 4, 5, 3, 6, 8, 9, 10, 11, 7, 12, 13), (1, 4, 5, 6, 3, 2, 10, 12, 9, 7, 8, 13, 11)}
M(B) = 
[[1, 2, 4, 5, 3, 6, 7, 8, 9, 10, 11, 12, 13], [1, 2, 4, 5, 6, 3, 7, 8, 9, 10, 11, 12, 13]]
Distance: 51
M(A) inter A:
set()
M(B) inter B:
set()

AUB = 
{(5, 2, 1, 6, 4, 7, 10, 3, 8, 9, 12, 11, 13), (5, 1, 6, 2, 4, 7, 8, 3, 11, 10, 9, 12, 13), (1, 2, 4, 5, 3, 6, 8, 9, 10, 11, 7, 12, 13), (4, 6, 2, 5, 1, 3, 9, 8, 7, 10, 13, 11, 12), (1, 3, 2, 4, 5, 6, 7, 8, 9, 10, 12, 11, 13), (3, 1, 4, 2, 5, 7, 9, 11, 6, 10, 8, 12, 13), (2, 1, 4, 3, 6, 5, 7, 8, 10, 13, 11, 12, 9), (3, 2, 1, 4, 7, 6, 5, 9, 8, 13, 10, 11, 12), (8, 1, 2, 5, 6, 3, 7, 9, 10, 13, 11, 12, 4), (1, 4, 5, 6, 3, 2, 10, 12, 9, 7, 8, 13, 11)}
M(AUB) = 
[[1, 2, 4, 5, 3, 6, 7, 8, 9, 10, 11, 12, 13], [1, 2, 4, 5, 6, 3, 7, 8, 9, 10, 11, 12, 13]]
Distance:110

(23)
A = 
{(1, 2, 3, 5, 6, 4, 7, 8, 9, 11, 10, 13, 12), (1, 2, 5, 4, 3, 7, 8, 10, 6, 13, 11, 9, 12), (6, 2, 3, 4, 5, 8, 1, 12, 10, 7, 11, 13, 9), (1, 2, 5, 4, 6, 7, 9, 3, 10, 8, 12, 13, 11), (2, 3, 1, 4, 5, 7, 6, 8, 13, 11, 10, 12, 9)}
M(A) = 
[[1, 2, 3, 4, 5, 6, 7, 8, 9, 10, 11, 13, 12], [1, 2, 3, 4, 5, 6, 7, 8, 9, 10, 13, 11, 12], [1, 2, 3, 4, 5, 6, 7, 8, 10, 9, 11, 13, 12], [1, 2, 3, 4, 5, 6, 7, 8, 10, 9, 13, 11, 12], [1, 2, 3, 4, 5, 6, 7, 8, 10, 13, 9, 11, 12], [1, 2, 3, 5, 4, 6, 7, 8, 9, 10, 11, 13, 12], [1, 2, 3, 5, 4, 6, 7, 8, 9, 10, 13, 11, 12], [1, 2, 3, 5, 4, 6, 7, 8, 10, 9, 11, 13, 12], [1, 2, 3, 5, 4, 6, 7, 8, 10, 9, 13, 11, 12], [1, 2, 3, 5, 4, 6, 7, 8, 10, 13, 9, 11, 12], [2, 1, 3, 4, 5, 6, 7, 8, 9, 10, 11, 13, 12], [2, 1, 3, 4, 5, 6, 7, 8, 9, 10, 13, 11, 12], [2, 1, 3, 4, 5, 6, 7, 8, 10, 9, 11, 13, 12], [2, 1, 3, 4, 5, 6, 7, 8, 10, 9, 13, 11, 12], [2, 1, 3, 4, 5, 6, 7, 8, 10, 13, 9, 11, 12], [2, 1, 3, 5, 4, 6, 7, 8, 9, 10, 11, 13, 12], [2, 1, 3, 5, 4, 6, 7, 8, 9, 10, 13, 11, 12], [2, 1, 3, 5, 4, 6, 7, 8, 10, 9, 11, 13, 12], [2, 1, 3, 5, 4, 6, 7, 8, 10, 9, 13, 11, 12], [2, 1, 3, 5, 4, 6, 7, 8, 10, 13, 9, 11, 12]]
Distance: 49
B = 
{(2, 5, 4, 3, 1, 6, 13, 8, 7, 9, 12, 10, 11), (2, 1, 3, 6, 4, 7, 5, 9, 8, 10, 11, 12, 13), (1, 9, 3, 4, 5, 7, 2, 6, 11, 8, 10, 12, 13), (1, 5, 3, 2, 4, 6, 7, 8, 10, 9, 11, 13, 12), (2, 3, 1, 4, 5, 8, 6, 10, 7, 13, 9, 11, 12)}
M(B) = 
[[1, 2, 3, 4, 5, 6, 7, 8, 9, 10, 11, 13, 12], [1, 2, 3, 4, 5, 6, 7, 8, 9, 10, 13, 11, 12], [1, 2, 3, 4, 5, 6, 7, 8, 10, 9, 11, 13, 12], [1, 2, 3, 4, 5, 6, 7, 8, 10, 9, 13, 11, 12], [1, 2, 3, 4, 5, 6, 7, 8, 10, 13, 9, 11, 12], [1, 2, 3, 5, 4, 6, 7, 8, 9, 10, 11, 13, 12], [1, 2, 3, 5, 4, 6, 7, 8, 9, 10, 13, 11, 12], [1, 2, 3, 5, 4, 6, 7, 8, 10, 9, 11, 13, 12], [1, 2, 3, 5, 4, 6, 7, 8, 10, 9, 13, 11, 12], [1, 2, 3, 5, 4, 6, 7, 8, 10, 13, 9, 11, 12], [2, 1, 3, 4, 5, 6, 7, 8, 9, 10, 11, 13, 12], [2, 1, 3, 4, 5, 6, 7, 8, 9, 10, 13, 11, 12], [2, 1, 3, 4, 5, 6, 7, 8, 10, 9, 11, 13, 12], [2, 1, 3, 4, 5, 6, 7, 8, 10, 9, 13, 11, 12], [2, 1, 3, 4, 5, 6, 7, 8, 10, 13, 9, 11, 12], [2, 1, 3, 5, 4, 6, 7, 8, 9, 10, 11, 13, 12], [2, 1, 3, 5, 4, 6, 7, 8, 9, 10, 13, 11, 12], [2, 1, 3, 5, 4, 6, 7, 8, 10, 9, 11, 13, 12], [2, 1, 3, 5, 4, 6, 7, 8, 10, 9, 13, 11, 12], [2, 1, 3, 5, 4, 6, 7, 8, 10, 13, 9, 11, 12]]
Distance: 48
M(A) inter A:
set()
M(B) inter B:
set()

AUB = 
{(2, 3, 1, 4, 5, 7, 6, 8, 13, 11, 10, 12, 9), (2, 3, 1, 4, 5, 8, 6, 10, 7, 13, 9, 11, 12), (1, 2, 3, 5, 6, 4, 7, 8, 9, 11, 10, 13, 12), (1, 2, 5, 4, 6, 7, 9, 3, 10, 8, 12, 13, 11), (1, 5, 3, 2, 4, 6, 7, 8, 10, 9, 11, 13, 12), (1, 9, 3, 4, 5, 7, 2, 6, 11, 8, 10, 12, 13), (1, 2, 5, 4, 3, 7, 8, 10, 6, 13, 11, 9, 12), (2, 1, 3, 6, 4, 7, 5, 9, 8, 10, 11, 12, 13), (6, 2, 3, 4, 5, 8, 1, 12, 10, 7, 11, 13, 9), (2, 5, 4, 3, 1, 6, 13, 8, 7, 9, 12, 10, 11)}
M(AUB) = 
[[1, 2, 3, 4, 5, 6, 7, 8, 9, 10, 11, 13, 12], [1, 2, 3, 4, 5, 6, 7, 8, 9, 10, 13, 11, 12], [1, 2, 3, 4, 5, 6, 7, 8, 10, 9, 11, 13, 12], [1, 2, 3, 4, 5, 6, 7, 8, 10, 9, 13, 11, 12], [1, 2, 3, 4, 5, 6, 7, 8, 10, 13, 9, 11, 12], [1, 2, 3, 5, 4, 6, 7, 8, 9, 10, 11, 13, 12], [1, 2, 3, 5, 4, 6, 7, 8, 9, 10, 13, 11, 12], [1, 2, 3, 5, 4, 6, 7, 8, 10, 9, 11, 13, 12], [1, 2, 3, 5, 4, 6, 7, 8, 10, 9, 13, 11, 12], [1, 2, 3, 5, 4, 6, 7, 8, 10, 13, 9, 11, 12], [2, 1, 3, 4, 5, 6, 7, 8, 9, 10, 11, 13, 12], [2, 1, 3, 4, 5, 6, 7, 8, 9, 10, 13, 11, 12], [2, 1, 3, 4, 5, 6, 7, 8, 10, 9, 11, 13, 12], [2, 1, 3, 4, 5, 6, 7, 8, 10, 9, 13, 11, 12], [2, 1, 3, 4, 5, 6, 7, 8, 10, 13, 9, 11, 12], [2, 1, 3, 5, 4, 6, 7, 8, 9, 10, 11, 13, 12], [2, 1, 3, 5, 4, 6, 7, 8, 9, 10, 13, 11, 12], [2, 1, 3, 5, 4, 6, 7, 8, 10, 9, 11, 13, 12], [2, 1, 3, 5, 4, 6, 7, 8, 10, 9, 13, 11, 12], [2, 1, 3, 5, 4, 6, 7, 8, 10, 13, 9, 11, 12]]
Distance:103

(24)
A = 
{(2, 5, 4, 3, 6, 1, 8, 10, 12, 9, 7, 11, 13), (2, 1, 4, 3, 5, 6, 7, 9, 8, 11, 10, 12, 13), (1, 4, 7, 3, 8, 2, 5, 6, 9, 10, 11, 13, 12), (2, 1, 3, 4, 5, 6, 7, 8, 9, 10, 11, 12, 13), (1, 2, 6, 3, 5, 7, 4, 8, 10, 13, 12, 9, 11)}
M(A) = 
[[1, 2, 3, 4, 5, 6, 7, 8, 9, 10, 11, 12, 13], [1, 2, 3, 4, 5, 6, 7, 8, 9, 10, 12, 11, 13]]
Distance: 40
B = 
{(1, 2, 4, 3, 5, 6, 8, 7, 10, 9, 12, 11, 13), (1, 2, 3, 4, 5, 6, 8, 9, 7, 11, 12, 13, 10), (3, 1, 2, 4, 6, 7, 5, 8, 11, 12, 9, 13, 10), (2, 1, 3, 4, 5, 6, 7, 9, 8, 10, 12, 11, 13), (1, 2, 3, 4, 5, 7, 8, 6, 9, 10, 12, 11, 13)}
M(B) = 
[[1, 2, 3, 4, 5, 6, 7, 8, 9, 10, 11, 12, 13], [1, 2, 3, 4, 5, 6, 7, 8, 9, 10, 12, 11, 13]]
Distance: 23
M(A) inter A:
set()
M(B) inter B:
set()

AUB = 
{(1, 2, 3, 4, 5, 6, 8, 9, 7, 11, 12, 13, 10), (1, 2, 6, 3, 5, 7, 4, 8, 10, 13, 12, 9, 11), (3, 1, 2, 4, 6, 7, 5, 8, 11, 12, 9, 13, 10), (2, 1, 3, 4, 5, 6, 7, 9, 8, 10, 12, 11, 13), (2, 5, 4, 3, 6, 1, 8, 10, 12, 9, 7, 11, 13), (1, 2, 4, 3, 5, 6, 8, 7, 10, 9, 12, 11, 13), (2, 1, 4, 3, 5, 6, 7, 9, 8, 11, 10, 12, 13), (1, 4, 7, 3, 8, 2, 5, 6, 9, 10, 11, 13, 12), (2, 1, 3, 4, 5, 6, 7, 8, 9, 10, 11, 12, 13), (1, 2, 3, 4, 5, 7, 8, 6, 9, 10, 12, 11, 13)}
M(AUB) = 
[[1, 2, 3, 4, 5, 6, 7, 8, 9, 10, 11, 12, 13], [1, 2, 3, 4, 5, 6, 7, 8, 9, 10, 12, 11, 13]]
Distance:66

(25)
A = 
{(1, 2, 3, 5, 4, 6, 7, 10, 8, 9, 11, 12, 13), (1, 2, 4, 3, 5, 6, 7, 8, 9, 10, 12, 11, 13), (3, 2, 4, 5, 1, 10, 7, 6, 8, 12, 9, 11, 13), (1, 3, 2, 5, 4, 6, 7, 8, 9, 11, 10, 12, 13), (1, 2, 5, 3, 4, 6, 7, 8, 9, 12, 10, 11, 13)}
M(A) = 
[[1, 2, 3, 4, 5, 6, 7, 8, 9, 10, 12, 11, 13], [1, 2, 3, 5, 4, 6, 7, 8, 9, 10, 12, 11, 13], [2, 1, 3, 4, 5, 6, 7, 8, 9, 10, 12, 11, 13], [2, 1, 3, 5, 4, 6, 7, 8, 9, 10, 12, 11, 13]]
Distance: 22
B = 
{(2, 3, 6, 1, 7, 9, 5, 10, 4, 11, 8, 12, 13), (5, 2, 6, 1, 4, 3, 7, 12, 8, 9, 11, 10, 13), (2, 1, 4, 3, 6, 5, 7, 8, 9, 11, 10, 13, 12), (1, 3, 4, 2, 6, 7, 5, 12, 9, 8, 10, 11, 13), (2, 3, 4, 7, 6, 8, 1, 9, 12, 5, 11, 10, 13)}
M(B) = 
[[1, 2, 3, 4, 5, 6, 7, 8, 9, 10, 12, 11, 13], [1, 2, 3, 5, 4, 6, 7, 8, 9, 10, 12, 11, 13], [2, 1, 3, 4, 5, 6, 7, 8, 9, 10, 12, 11, 13], [2, 1, 3, 5, 4, 6, 7, 8, 9, 10, 12, 11, 13]]
Distance: 47
M(A) inter A:
set()
M(B) inter B:
set()

AUB = 
{(1, 2, 3, 5, 4, 6, 7, 10, 8, 9, 11, 12, 13), (2, 1, 4, 3, 6, 5, 7, 8, 9, 11, 10, 13, 12), (1, 3, 4, 2, 6, 7, 5, 12, 9, 8, 10, 11, 13), (1, 2, 4, 3, 5, 6, 7, 8, 9, 10, 12, 11, 13), (3, 2, 4, 5, 1, 10, 7, 6, 8, 12, 9, 11, 13), (1, 3, 2, 5, 4, 6, 7, 8, 9, 11, 10, 12, 13), (5, 2, 6, 1, 4, 3, 7, 12, 8, 9, 11, 10, 13), (2, 3, 6, 1, 7, 9, 5, 10, 4, 11, 8, 12, 13), (1, 2, 5, 3, 4, 6, 7, 8, 9, 12, 10, 11, 13), (2, 3, 4, 7, 6, 8, 1, 9, 12, 5, 11, 10, 13)}
M(AUB) = 
[[1, 2, 3, 4, 5, 6, 7, 8, 9, 10, 12, 11, 13], [1, 2, 3, 5, 4, 6, 7, 8, 9, 10, 12, 11, 13], [2, 1, 3, 4, 5, 6, 7, 8, 9, 10, 12, 11, 13], [2, 1, 3, 5, 4, 6, 7, 8, 9, 10, 12, 11, 13]]
Distance:79

(26)
A = 
{(2, 6, 1, 3, 4, 5, 8, 9, 7, 10, 11, 12, 13), (2, 3, 1, 4, 7, 6, 9, 5, 10, 8, 12, 13, 11), (1, 2, 3, 4, 6, 5, 7, 9, 11, 10, 8, 12, 13), (1, 3, 2, 5, 4, 6, 7, 13, 8, 12, 10, 9, 11), (1, 2, 4, 3, 5, 6, 7, 9, 8, 10, 13, 11, 12)}
M(A) = 
[[1, 2, 3, 4, 5, 6, 7, 8, 9, 10, 11, 12, 13], [1, 2, 3, 4, 5, 6, 7, 9, 8, 10, 11, 12, 13]]
Distance: 35
B = 
{(3, 2, 1, 4, 6, 5, 9, 8, 7, 10, 11, 12, 13), (1, 2, 4, 3, 5, 6, 7, 8, 9, 10, 11, 12, 13), (1, 3, 2, 4, 5, 8, 6, 7, 9, 12, 10, 13, 11), (1, 3, 2, 4, 5, 7, 6, 8, 10, 9, 12, 13, 11), (2, 1, 3, 4, 5, 7, 6, 9, 8, 10, 11, 12, 13)}
M(B) = 
[[1, 2, 3, 4, 5, 6, 7, 8, 9, 10, 11, 12, 13], [1, 2, 3, 4, 5, 6, 7, 9, 8, 10, 11, 12, 13]]
Distance: 21
M(A) inter A:
set()
M(B) inter B:
set()

AUB = 
{(1, 2, 4, 3, 5, 6, 7, 9, 8, 10, 13, 11, 12), (1, 2, 4, 3, 5, 6, 7, 8, 9, 10, 11, 12, 13), (1, 3, 2, 4, 5, 8, 6, 7, 9, 12, 10, 13, 11), (1, 3, 2, 4, 5, 7, 6, 8, 10, 9, 12, 13, 11), (2, 6, 1, 3, 4, 5, 8, 9, 7, 10, 11, 12, 13), (2, 3, 1, 4, 7, 6, 9, 5, 10, 8, 12, 13, 11), (1, 2, 3, 4, 6, 5, 7, 9, 11, 10, 8, 12, 13), (1, 3, 2, 5, 4, 6, 7, 13, 8, 12, 10, 9, 11), (2, 1, 3, 4, 5, 7, 6, 9, 8, 10, 11, 12, 13), (3, 2, 1, 4, 6, 5, 9, 8, 7, 10, 11, 12, 13)}
M(AUB) = 
[[1, 2, 3, 4, 5, 6, 7, 8, 9, 10, 11, 12, 13], [1, 2, 3, 4, 5, 6, 7, 9, 8, 10, 11, 12, 13]]
Distance:59

(27)
A = 
{(1, 3, 2, 4, 5, 6, 7, 9, 10, 11, 8, 12, 13), (3, 4, 2, 7, 1, 6, 8, 5, 9, 12, 13, 11, 10), (1, 2, 3, 4, 5, 6, 8, 7, 12, 10, 11, 9, 13), (2, 3, 5, 4, 6, 1, 7, 9, 11, 8, 12, 10, 13), (1, 6, 2, 4, 3, 11, 10, 7, 5, 13, 9, 8, 12)}
M(A) = 
[[1, 2, 3, 4, 5, 6, 7, 8, 9, 10, 11, 12, 13], [1, 2, 3, 4, 5, 6, 7, 9, 8, 10, 11, 12, 13]]
Distance: 50
B = 
{(2, 1, 4, 5, 3, 6, 8, 10, 7, 9, 12, 13, 11), (1, 4, 3, 2, 5, 6, 7, 9, 10, 11, 8, 12, 13), (4, 1, 2, 5, 8, 3, 9, 6, 10, 11, 7, 12, 13), (2, 3, 4, 1, 10, 5, 7, 6, 9, 8, 13, 11, 12), (1, 2, 3, 4, 5, 6, 8, 7, 9, 12, 11, 10, 13)}
M(B) = 
[[1, 2, 3, 4, 5, 6, 7, 8, 9, 10, 11, 12, 13], [1, 2, 3, 4, 5, 6, 7, 9, 8, 10, 11, 12, 13]]
Distance: 39
M(A) inter A:
set()
M(B) inter B:
set()

AUB = 
{(1, 2, 3, 4, 5, 6, 8, 7, 12, 10, 11, 9, 13), (1, 4, 3, 2, 5, 6, 7, 9, 10, 11, 8, 12, 13), (2, 3, 4, 1, 10, 5, 7, 6, 9, 8, 13, 11, 12), (1, 2, 3, 4, 5, 6, 8, 7, 9, 12, 11, 10, 13), (2, 1, 4, 5, 3, 6, 8, 10, 7, 9, 12, 13, 11), (4, 1, 2, 5, 8, 3, 9, 6, 10, 11, 7, 12, 13), (1, 6, 2, 4, 3, 11, 10, 7, 5, 13, 9, 8, 12), (2, 3, 5, 4, 6, 1, 7, 9, 11, 8, 12, 10, 13), (1, 3, 2, 4, 5, 6, 7, 9, 10, 11, 8, 12, 13), (3, 4, 2, 7, 1, 6, 8, 5, 9, 12, 13, 11, 10)}
M(AUB) = 
[[1, 2, 3, 4, 5, 6, 7, 8, 9, 10, 11, 12, 13], [1, 2, 3, 4, 5, 6, 7, 9, 8, 10, 11, 12, 13]]
Distance:95

(28)
A = 
{(2, 3, 1, 4, 6, 5, 7, 10, 9, 11, 13, 8, 12), (1, 4, 3, 6, 5, 2, 9, 7, 8, 12, 11, 10, 13), (2, 4, 3, 1, 5, 9, 6, 7, 10, 13, 12, 11, 8), (1, 2, 4, 3, 5, 6, 7, 8, 9, 10, 11, 12, 13), (2, 1, 4, 3, 6, 5, 9, 7, 10, 8, 12, 13, 11)}
M(A) = 
[[1, 2, 4, 3, 5, 6, 7, 8, 9, 10, 11, 12, 13], [1, 2, 4, 3, 5, 6, 7, 8, 9, 10, 11, 13, 12], [1, 2, 4, 3, 5, 6, 7, 8, 9, 10, 12, 11, 13], [1, 2, 4, 3, 5, 6, 7, 9, 8, 10, 11, 12, 13], [1, 2, 4, 3, 5, 6, 7, 9, 8, 10, 11, 13, 12], [1, 2, 4, 3, 5, 6, 7, 9, 8, 10, 12, 11, 13], [1, 2, 4, 3, 6, 5, 7, 8, 9, 10, 11, 12, 13], [1, 2, 4, 3, 6, 5, 7, 8, 9, 10, 11, 13, 12], [1, 2, 4, 3, 6, 5, 7, 8, 9, 10, 12, 11, 13], [1, 2, 4, 3, 6, 5, 7, 9, 8, 10, 11, 12, 13], [1, 2, 4, 3, 6, 5, 7, 9, 8, 10, 11, 13, 12], [1, 2, 4, 3, 6, 5, 7, 9, 8, 10, 12, 11, 13], [2, 1, 4, 3, 5, 6, 7, 8, 9, 10, 11, 12, 13], [2, 1, 4, 3, 5, 6, 7, 8, 9, 10, 11, 13, 12], [2, 1, 4, 3, 5, 6, 7, 8, 9, 10, 12, 11, 13], [2, 1, 4, 3, 5, 6, 7, 9, 8, 10, 11, 12, 13], [2, 1, 4, 3, 5, 6, 7, 9, 8, 10, 11, 13, 12], [2, 1, 4, 3, 5, 6, 7, 9, 8, 10, 12, 11, 13], [2, 1, 4, 3, 6, 5, 7, 8, 9, 10, 11, 12, 13], [2, 1, 4, 3, 6, 5, 7, 8, 9, 10, 11, 13, 12], [2, 1, 4, 3, 6, 5, 7, 8, 9, 10, 12, 11, 13], [2, 1, 4, 3, 6, 5, 7, 9, 8, 10, 11, 12, 13], [2, 1, 4, 3, 6, 5, 7, 9, 8, 10, 11, 13, 12], [2, 1, 4, 3, 6, 5, 7, 9, 8, 10, 12, 11, 13]]
Distance: 32
B = 
{(1, 2, 3, 4, 7, 5, 6, 8, 10, 9, 11, 13, 12), (4, 2, 6, 1, 11, 5, 8, 3, 13, 7, 10, 12, 9), (2, 1, 3, 4, 5, 6, 7, 10, 9, 12, 11, 8, 13), (1, 4, 2, 6, 3, 5, 7, 8, 9, 12, 10, 13, 11), (1, 2, 3, 4, 5, 6, 7, 8, 9, 10, 11, 13, 12)}
M(B) = 
[[1, 2, 4, 3, 5, 6, 7, 8, 9, 10, 11, 12, 13], [1, 2, 4, 3, 5, 6, 7, 8, 9, 10, 11, 13, 12], [1, 2, 4, 3, 5, 6, 7, 8, 9, 10, 12, 11, 13], [1, 2, 4, 3, 5, 6, 7, 9, 8, 10, 11, 12, 13], [1, 2, 4, 3, 5, 6, 7, 9, 8, 10, 11, 13, 12], [1, 2, 4, 3, 5, 6, 7, 9, 8, 10, 12, 11, 13], [1, 2, 4, 3, 6, 5, 7, 8, 9, 10, 11, 12, 13], [1, 2, 4, 3, 6, 5, 7, 8, 9, 10, 11, 13, 12], [1, 2, 4, 3, 6, 5, 7, 8, 9, 10, 12, 11, 13], [1, 2, 4, 3, 6, 5, 7, 9, 8, 10, 11, 12, 13], [1, 2, 4, 3, 6, 5, 7, 9, 8, 10, 11, 13, 12], [1, 2, 4, 3, 6, 5, 7, 9, 8, 10, 12, 11, 13], [2, 1, 4, 3, 5, 6, 7, 8, 9, 10, 11, 12, 13], [2, 1, 4, 3, 5, 6, 7, 8, 9, 10, 11, 13, 12], [2, 1, 4, 3, 5, 6, 7, 8, 9, 10, 12, 11, 13], [2, 1, 4, 3, 5, 6, 7, 9, 8, 10, 11, 12, 13], [2, 1, 4, 3, 5, 6, 7, 9, 8, 10, 11, 13, 12], [2, 1, 4, 3, 5, 6, 7, 9, 8, 10, 12, 11, 13], [2, 1, 4, 3, 6, 5, 7, 8, 9, 10, 11, 12, 13], [2, 1, 4, 3, 6, 5, 7, 8, 9, 10, 11, 13, 12], [2, 1, 4, 3, 6, 5, 7, 8, 9, 10, 12, 11, 13], [2, 1, 4, 3, 6, 5, 7, 9, 8, 10, 11, 12, 13], [2, 1, 4, 3, 6, 5, 7, 9, 8, 10, 11, 13, 12], [2, 1, 4, 3, 6, 5, 7, 9, 8, 10, 12, 11, 13]]
Distance: 39
M(A) inter A:
set()
M(B) inter B:
set()

AUB = 
{(1, 2, 3, 4, 7, 5, 6, 8, 10, 9, 11, 13, 12), (1, 4, 2, 6, 3, 5, 7, 8, 9, 12, 10, 13, 11), (1, 2, 4, 3, 5, 6, 7, 8, 9, 10, 11, 12, 13), (4, 2, 6, 1, 11, 5, 8, 3, 13, 7, 10, 12, 9), (2, 1, 3, 4, 5, 6, 7, 10, 9, 12, 11, 8, 13), (1, 2, 3, 4, 5, 6, 7, 8, 9, 10, 11, 13, 12), (2, 3, 1, 4, 6, 5, 7, 10, 9, 11, 13, 8, 12), (2, 4, 3, 1, 5, 9, 6, 7, 10, 13, 12, 11, 8), (2, 1, 4, 3, 6, 5, 9, 7, 10, 8, 12, 13, 11), (1, 4, 3, 6, 5, 2, 9, 7, 8, 12, 11, 10, 13)}
M(AUB) = 
[[1, 2, 4, 3, 5, 6, 7, 8, 9, 10, 11, 12, 13], [1, 2, 4, 3, 5, 6, 7, 8, 9, 10, 11, 13, 12], [1, 2, 4, 3, 5, 6, 7, 8, 9, 10, 12, 11, 13], [1, 2, 4, 3, 5, 6, 7, 9, 8, 10, 11, 12, 13], [1, 2, 4, 3, 5, 6, 7, 9, 8, 10, 11, 13, 12], [1, 2, 4, 3, 5, 6, 7, 9, 8, 10, 12, 11, 13], [1, 2, 4, 3, 6, 5, 7, 8, 9, 10, 11, 12, 13], [1, 2, 4, 3, 6, 5, 7, 8, 9, 10, 11, 13, 12], [1, 2, 4, 3, 6, 5, 7, 8, 9, 10, 12, 11, 13], [1, 2, 4, 3, 6, 5, 7, 9, 8, 10, 11, 12, 13], [1, 2, 4, 3, 6, 5, 7, 9, 8, 10, 11, 13, 12], [1, 2, 4, 3, 6, 5, 7, 9, 8, 10, 12, 11, 13], [2, 1, 4, 3, 5, 6, 7, 8, 9, 10, 11, 12, 13], [2, 1, 4, 3, 5, 6, 7, 8, 9, 10, 11, 13, 12], [2, 1, 4, 3, 5, 6, 7, 8, 9, 10, 12, 11, 13], [2, 1, 4, 3, 5, 6, 7, 9, 8, 10, 11, 12, 13], [2, 1, 4, 3, 5, 6, 7, 9, 8, 10, 11, 13, 12], [2, 1, 4, 3, 5, 6, 7, 9, 8, 10, 12, 11, 13], [2, 1, 4, 3, 6, 5, 7, 8, 9, 10, 11, 12, 13], [2, 1, 4, 3, 6, 5, 7, 8, 9, 10, 11, 13, 12], [2, 1, 4, 3, 6, 5, 7, 8, 9, 10, 12, 11, 13], [2, 1, 4, 3, 6, 5, 7, 9, 8, 10, 11, 12, 13], [2, 1, 4, 3, 6, 5, 7, 9, 8, 10, 11, 13, 12], [2, 1, 4, 3, 6, 5, 7, 9, 8, 10, 12, 11, 13]]
Distance:82

(29)
A = 
{(1, 5, 2, 3, 6, 4, 7, 8, 9, 10, 11, 12, 13), (1, 3, 2, 4, 5, 6, 7, 8, 9, 10, 11, 12, 13), (1, 3, 2, 5, 4, 7, 6, 9, 10, 8, 13, 11, 12), (4, 1, 2, 6, 3, 5, 7, 8, 10, 11, 9, 12, 13), (2, 1, 7, 4, 3, 5, 10, 6, 8, 12, 9, 13, 11)}
M(A) = 
[[1, 2, 3, 4, 5, 7, 6, 8, 9, 10, 11, 12, 13], [2, 1, 3, 4, 5, 7, 6, 8, 9, 10, 11, 12, 13]]
Distance: 31
B = 
{(2, 1, 4, 7, 3, 6, 5, 8, 9, 11, 10, 12, 13), (3, 2, 1, 7, 4, 6, 8, 5, 10, 13, 12, 11, 9), (5, 3, 2, 1, 7, 6, 11, 8, 10, 4, 13, 12, 9), (1, 2, 3, 4, 5, 7, 6, 8, 9, 10, 11, 12, 13), (2, 3, 1, 4, 5, 9, 6, 8, 12, 13, 10, 11, 7)}
M(B) = 
[[1, 2, 3, 4, 5, 7, 6, 8, 9, 10, 11, 12, 13], [2, 1, 3, 4, 5, 7, 6, 8, 9, 10, 11, 12, 13]]
Distance: 50
M(A) inter A:
set()
M(B) inter B:
set()

AUB = 
{(1, 3, 2, 4, 5, 6, 7, 8, 9, 10, 11, 12, 13), (1, 3, 2, 5, 4, 7, 6, 9, 10, 8, 13, 11, 12), (1, 5, 2, 3, 6, 4, 7, 8, 9, 10, 11, 12, 13), (3, 2, 1, 7, 4, 6, 8, 5, 10, 13, 12, 11, 9), (5, 3, 2, 1, 7, 6, 11, 8, 10, 4, 13, 12, 9), (2, 1, 7, 4, 3, 5, 10, 6, 8, 12, 9, 13, 11), (2, 1, 4, 7, 3, 6, 5, 8, 9, 11, 10, 12, 13), (4, 1, 2, 6, 3, 5, 7, 8, 10, 11, 9, 12, 13), (1, 2, 3, 4, 5, 7, 6, 8, 9, 10, 11, 12, 13), (2, 3, 1, 4, 5, 9, 6, 8, 12, 13, 10, 11, 7)}
M(AUB) = 
[[1, 2, 3, 4, 5, 7, 6, 8, 9, 10, 11, 12, 13], [2, 1, 3, 4, 5, 7, 6, 8, 9, 10, 11, 12, 13]]
Distance:86

(30)
A = 
{(1, 3, 2, 4, 5, 6, 7, 8, 9, 10, 11, 12, 13), (1, 2, 3, 4, 5, 6, 7, 9, 8, 10, 11, 12, 13), (3, 1, 2, 5, 6, 8, 7, 4, 10, 11, 9, 13, 12), (1, 4, 3, 2, 5, 7, 6, 8, 10, 12, 9, 13, 11), (2, 3, 4, 1, 6, 7, 8, 5, 9, 10, 11, 12, 13)}
M(A) = 
[[1, 2, 3, 4, 5, 6, 7, 8, 9, 10, 11, 12, 13], [1, 3, 2, 4, 5, 6, 7, 8, 9, 10, 11, 12, 13]]
Distance: 25
B = 
{(1, 2, 4, 3, 5, 6, 7, 8, 9, 10, 12, 11, 13), (1, 3, 2, 4, 5, 6, 7, 8, 10, 11, 9, 12, 13), (2, 1, 3, 5, 6, 7, 4, 10, 8, 9, 11, 13, 12), (2, 1, 3, 4, 6, 8, 5, 7, 9, 13, 10, 11, 12), (3, 5, 1, 4, 2, 7, 9, 6, 11, 8, 10, 13, 12)}
M(B) = 
[[1, 2, 3, 4, 5, 6, 7, 8, 9, 10, 11, 12, 13], [1, 3, 2, 4, 5, 6, 7, 8, 9, 10, 11, 12, 13]]
Distance: 30
M(A) inter A:
set()
M(B) inter B:
set()

AUB = 
{(1, 3, 2, 4, 5, 6, 7, 8, 9, 10, 11, 12, 13), (3, 1, 2, 5, 6, 8, 7, 4, 10, 11, 9, 13, 12), (3, 5, 1, 4, 2, 7, 9, 6, 11, 8, 10, 13, 12), (1, 3, 2, 4, 5, 6, 7, 8, 10, 11, 9, 12, 13), (2, 1, 3, 5, 6, 7, 4, 10, 8, 9, 11, 13, 12), (1, 2, 3, 4, 5, 6, 7, 9, 8, 10, 11, 12, 13), (1, 2, 4, 3, 5, 6, 7, 8, 9, 10, 12, 11, 13), (1, 4, 3, 2, 5, 7, 6, 8, 10, 12, 9, 13, 11), (2, 3, 4, 1, 6, 7, 8, 5, 9, 10, 11, 12, 13), (2, 1, 3, 4, 6, 8, 5, 7, 9, 13, 10, 11, 12)}
M(AUB) = 
[[1, 2, 3, 4, 5, 6, 7, 8, 9, 10, 11, 12, 13], [1, 3, 2, 4, 5, 6, 7, 8, 9, 10, 11, 12, 13]]
Distance:57

(31)
A = 
{(3, 2, 1, 4, 5, 6, 7, 8, 12, 9, 10, 13, 11), (3, 6, 2, 8, 5, 1, 9, 4, 7, 11, 12, 13, 10), (2, 1, 4, 3, 7, 8, 6, 5, 11, 12, 10, 9, 13), (1, 2, 3, 7, 5, 4, 6, 10, 9, 8, 11, 12, 13), (2, 1, 4, 3, 6, 5, 7, 9, 13, 8, 11, 12, 10)}
M(A) = 
[[1, 2, 3, 4, 5, 6, 7, 8, 9, 11, 12, 10, 13], [2, 1, 3, 4, 5, 6, 7, 8, 9, 11, 12, 10, 13]]
Distance: 46
B = 
{(1, 2, 3, 4, 5, 6, 8, 7, 9, 12, 10, 11, 13), (1, 3, 2, 4, 8, 5, 7, 6, 11, 12, 10, 9, 13), (4, 5, 2, 1, 11, 6, 3, 7, 8, 9, 13, 12, 10), (1, 5, 3, 2, 4, 9, 7, 8, 6, 10, 13, 11, 12), (1, 5, 2, 3, 4, 8, 6, 7, 10, 11, 9, 12, 13)}
M(B) = 
[[1, 2, 3, 4, 5, 6, 7, 8, 9, 11, 12, 10, 13], [2, 1, 3, 4, 5, 6, 7, 8, 9, 11, 12, 10, 13]]
Distance: 44
M(A) inter A:
set()
M(B) inter B:
set()

AUB = 
{(1, 5, 2, 3, 4, 8, 6, 7, 10, 11, 9, 12, 13), (4, 5, 2, 1, 11, 6, 3, 7, 8, 9, 13, 12, 10), (1, 3, 2, 4, 8, 5, 7, 6, 11, 12, 10, 9, 13), (3, 6, 2, 8, 5, 1, 9, 4, 7, 11, 12, 13, 10), (1, 2, 3, 7, 5, 4, 6, 10, 9, 8, 11, 12, 13), (1, 5, 3, 2, 4, 9, 7, 8, 6, 10, 13, 11, 12), (3, 2, 1, 4, 5, 6, 7, 8, 12, 9, 10, 13, 11), (2, 1, 4, 3, 7, 8, 6, 5, 11, 12, 10, 9, 13), (2, 1, 4, 3, 6, 5, 7, 9, 13, 8, 11, 12, 10), (1, 2, 3, 4, 5, 6, 8, 7, 9, 12, 10, 11, 13)}
M(AUB) = 
[[1, 2, 3, 4, 5, 6, 7, 8, 9, 11, 12, 10, 13], [2, 1, 3, 4, 5, 6, 7, 8, 9, 11, 12, 10, 13]]
Distance:98

(32)
A = 
{(3, 5, 2, 4, 1, 7, 9, 12, 6, 8, 13, 11, 10), (2, 5, 8, 3, 1, 4, 6, 7, 10, 9, 11, 12, 13), (1, 2, 7, 3, 6, 4, 8, 11, 5, 9, 10, 13, 12), (2, 1, 4, 5, 3, 7, 6, 10, 9, 13, 12, 8, 11), (3, 2, 4, 5, 1, 6, 11, 8, 9, 10, 7, 13, 12)}
M(A) = 
[[2, 1, 3, 4, 5, 6, 7, 8, 9, 10, 11, 12, 13], [2, 1, 3, 4, 5, 6, 7, 8, 9, 10, 12, 11, 13], [2, 1, 3, 4, 5, 6, 7, 8, 10, 9, 11, 12, 13], [2, 1, 3, 4, 5, 6, 7, 8, 10, 9, 12, 11, 13]]
Distance: 57
B = 
{(2, 1, 3, 7, 6, 5, 4, 10, 12, 9, 8, 13, 11), (3, 5, 2, 1, 6, 7, 4, 8, 9, 11, 10, 12, 13), (1, 2, 3, 4, 5, 6, 7, 8, 9, 10, 11, 12, 13), (1, 2, 4, 3, 5, 6, 8, 12, 10, 7, 9, 11, 13), (1, 3, 2, 4, 5, 6, 8, 7, 10, 9, 12, 13, 11)}
M(B) = 
[[2, 1, 3, 4, 5, 6, 7, 8, 9, 10, 11, 12, 13], [2, 1, 3, 4, 5, 6, 7, 8, 9, 10, 12, 11, 13], [2, 1, 3, 4, 5, 6, 7, 8, 10, 9, 11, 12, 13], [2, 1, 3, 4, 5, 6, 7, 8, 10, 9, 12, 11, 13]]
Distance: 34
M(A) inter A:
set()
M(B) inter B:
set()

AUB = 
{(3, 5, 2, 1, 6, 7, 4, 8, 9, 11, 10, 12, 13), (1, 2, 3, 4, 5, 6, 7, 8, 9, 10, 11, 12, 13), (1, 2, 4, 3, 5, 6, 8, 12, 10, 7, 9, 11, 13), (1, 3, 2, 4, 5, 6, 8, 7, 10, 9, 12, 13, 11), (3, 5, 2, 4, 1, 7, 9, 12, 6, 8, 13, 11, 10), (2, 5, 8, 3, 1, 4, 6, 7, 10, 9, 11, 12, 13), (2, 1, 3, 7, 6, 5, 4, 10, 12, 9, 8, 13, 11), (1, 2, 7, 3, 6, 4, 8, 11, 5, 9, 10, 13, 12), (2, 1, 4, 5, 3, 7, 6, 10, 9, 13, 12, 8, 11), (3, 2, 4, 5, 1, 6, 11, 8, 9, 10, 7, 13, 12)}
M(AUB) = 
[[2, 1, 3, 4, 5, 6, 7, 8, 9, 10, 11, 12, 13], [2, 1, 3, 4, 5, 6, 7, 8, 9, 10, 12, 11, 13], [2, 1, 3, 4, 5, 6, 7, 8, 10, 9, 11, 12, 13], [2, 1, 3, 4, 5, 6, 7, 8, 10, 9, 12, 11, 13]]
Distance:98

(33)
A = 
{(4, 1, 6, 7, 2, 9, 5, 3, 8, 11, 13, 12, 10), (1, 2, 4, 3, 5, 6, 7, 8, 11, 10, 12, 9, 13), (3, 6, 1, 5, 4, 9, 2, 7, 12, 8, 10, 11, 13), (1, 2, 4, 3, 5, 8, 6, 10, 13, 7, 9, 12, 11), (1, 2, 3, 4, 6, 5, 7, 9, 8, 11, 10, 12, 13)}
M(A) = 
[[1, 2, 3, 4, 6, 5, 7, 9, 8, 11, 10, 12, 13], [1, 2, 4, 3, 6, 5, 7, 9, 8, 11, 10, 12, 13]]
Distance: 46
B = 
{(3, 1, 2, 5, 7, 4, 6, 10, 11, 9, 8, 13, 12), (3, 1, 2, 4, 6, 7, 5, 9, 11, 10, 12, 8, 13), (1, 2, 4, 6, 3, 5, 7, 12, 11, 8, 10, 13, 9), (2, 1, 4, 5, 7, 6, 3, 9, 11, 8, 10, 12, 13), (3, 4, 7, 6, 2, 1, 8, 9, 10, 13, 5, 11, 12)}
M(B) = 
[[1, 2, 3, 4, 6, 5, 7, 9, 8, 11, 10, 12, 13], [1, 2, 4, 3, 6, 5, 7, 9, 8, 11, 10, 12, 13]]
Distance: 51
M(A) inter A:
set()
M(B) inter B:
set()

AUB = 
{(4, 1, 6, 7, 2, 9, 5, 3, 8, 11, 13, 12, 10), (3, 1, 2, 4, 6, 7, 5, 9, 11, 10, 12, 8, 13), (3, 6, 1, 5, 4, 9, 2, 7, 12, 8, 10, 11, 13), (1, 2, 4, 6, 3, 5, 7, 12, 11, 8, 10, 13, 9), (3, 4, 7, 6, 2, 1, 8, 9, 10, 13, 5, 11, 12), (2, 1, 4, 5, 7, 6, 3, 9, 11, 8, 10, 12, 13), (1, 2, 4, 3, 5, 6, 7, 8, 11, 10, 12, 9, 13), (3, 1, 2, 5, 7, 4, 6, 10, 11, 9, 8, 13, 12), (1, 2, 4, 3, 5, 8, 6, 10, 13, 7, 9, 12, 11), (1, 2, 3, 4, 6, 5, 7, 9, 8, 11, 10, 12, 13)}
M(AUB) = 
[[1, 2, 3, 4, 6, 5, 7, 9, 8, 11, 10, 12, 13], [1, 2, 4, 3, 6, 5, 7, 9, 8, 11, 10, 12, 13]]
Distance:103

(34)
A = 
{(1, 3, 7, 5, 6, 2, 4, 8, 9, 10, 11, 13, 12), (1, 2, 3, 4, 5, 6, 8, 7, 9, 10, 11, 13, 12), (1, 3, 2, 5, 8, 6, 7, 4, 9, 12, 10, 11, 13), (2, 1, 4, 3, 5, 7, 6, 8, 9, 10, 13, 12, 11), (3, 2, 1, 8, 6, 5, 11, 7, 13, 9, 12, 10, 4)}
M(A) = 
[[1, 3, 2, 4, 5, 6, 7, 8, 9, 10, 11, 12, 13], [1, 3, 2, 4, 5, 6, 8, 7, 9, 10, 11, 12, 13]]
Distance: 43
B = 
{(3, 7, 2, 4, 1, 5, 6, 9, 8, 11, 12, 13, 10), (1, 3, 4, 2, 8, 6, 5, 7, 10, 9, 12, 13, 11), (1, 2, 3, 4, 6, 5, 8, 7, 9, 12, 10, 11, 13), (3, 1, 4, 7, 5, 8, 6, 2, 10, 11, 12, 9, 13), (1, 2, 4, 3, 6, 5, 7, 8, 9, 11, 10, 12, 13)}
M(B) = 
[[1, 3, 2, 4, 5, 6, 7, 8, 9, 10, 11, 12, 13], [1, 3, 2, 4, 5, 6, 8, 7, 9, 10, 11, 12, 13]]
Distance: 40
M(A) inter A:
set()
M(B) inter B:
set()

AUB = 
{(1, 3, 4, 2, 8, 6, 5, 7, 10, 9, 12, 13, 11), (1, 2, 3, 4, 5, 6, 8, 7, 9, 10, 11, 13, 12), (3, 1, 4, 7, 5, 8, 6, 2, 10, 11, 12, 9, 13), (1, 3, 2, 5, 8, 6, 7, 4, 9, 12, 10, 11, 13), (1, 2, 3, 4, 6, 5, 8, 7, 9, 12, 10, 11, 13), (2, 1, 4, 3, 5, 7, 6, 8, 9, 10, 13, 12, 11), (3, 2, 1, 8, 6, 5, 11, 7, 13, 9, 12, 10, 4), (1, 3, 7, 5, 6, 2, 4, 8, 9, 10, 11, 13, 12), (3, 7, 2, 4, 1, 5, 6, 9, 8, 11, 12, 13, 10), (1, 2, 4, 3, 6, 5, 7, 8, 9, 11, 10, 12, 13)}
M(AUB) = 
[[1, 3, 2, 4, 5, 6, 7, 8, 9, 10, 11, 12, 13], [1, 3, 2, 4, 5, 6, 8, 7, 9, 10, 11, 12, 13]]
Distance:90

(35)
A = 
{(5, 1, 3, 4, 6, 11, 2, 7, 9, 12, 8, 10, 13), (1, 2, 4, 3, 5, 6, 7, 11, 8, 10, 12, 9, 13), (1, 3, 5, 2, 6, 7, 10, 4, 8, 9, 11, 12, 13), (3, 1, 9, 2, 4, 7, 6, 11, 12, 5, 8, 10, 13), (1, 2, 3, 5, 4, 7, 6, 8, 11, 9, 12, 13, 10)}
M(A) = 
[[1, 2, 3, 4, 5, 6, 7, 8, 9, 11, 10, 12, 13]]
Distance: 44
B = 
{(1, 2, 4, 6, 3, 5, 9, 7, 11, 8, 10, 13, 12), (1, 3, 6, 2, 4, 8, 5, 7, 9, 11, 10, 12, 13), (1, 2, 3, 4, 5, 6, 7, 8, 9, 10, 11, 12, 13), (2, 1, 3, 4, 6, 7, 5, 10, 8, 11, 9, 12, 13), (1, 2, 3, 5, 4, 6, 7, 8, 9, 10, 11, 12, 13)}
M(B) = 
[[1, 2, 3, 4, 5, 6, 7, 8, 9, 11, 10, 12, 13]]
Distance: 21
M(A) inter A:
set()
M(B) inter B:
set()

AUB = 
{(1, 3, 5, 2, 6, 7, 10, 4, 8, 9, 11, 12, 13), (3, 1, 9, 2, 4, 7, 6, 11, 12, 5, 8, 10, 13), (1, 2, 3, 5, 4, 6, 7, 8, 9, 10, 11, 12, 13), (1, 2, 4, 6, 3, 5, 9, 7, 11, 8, 10, 13, 12), (1, 2, 4, 3, 5, 6, 7, 11, 8, 10, 12, 9, 13), (1, 2, 3, 5, 4, 7, 6, 8, 11, 9, 12, 13, 10), (1, 2, 3, 4, 5, 6, 7, 8, 9, 10, 11, 12, 13), (1, 3, 6, 2, 4, 8, 5, 7, 9, 11, 10, 12, 13), (5, 1, 3, 4, 6, 11, 2, 7, 9, 12, 8, 10, 13), (2, 1, 3, 4, 6, 7, 5, 10, 8, 11, 9, 12, 13)}
M(AUB) = 
[[1, 2, 3, 4, 5, 6, 7, 8, 9, 11, 10, 12, 13]]
Distance:72

(36)
A = 
{(1, 2, 3, 4, 5, 6, 7, 8, 9, 11, 10, 12, 13), (2, 1, 4, 3, 6, 5, 8, 9, 7, 11, 10, 13, 12), (3, 2, 5, 4, 1, 10, 7, 6, 9, 12, 8, 11, 13), (3, 1, 2, 4, 8, 5, 7, 6, 9, 12, 11, 13, 10), (1, 6, 3, 7, 2, 5, 4, 8, 10, 11, 9, 12, 13)}
M(A) = 
[[1, 3, 2, 4, 5, 6, 7, 8, 9, 10, 11, 12, 13], [1, 3, 2, 4, 5, 6, 7, 8, 10, 9, 11, 12, 13], [1, 3, 2, 4, 6, 5, 7, 8, 9, 10, 11, 12, 13], [1, 3, 2, 4, 6, 5, 7, 8, 10, 9, 11, 12, 13]]
Distance: 41
B = 
{(1, 6, 3, 5, 4, 2, 7, 10, 8, 11, 12, 9, 13), (3, 1, 2, 4, 6, 8, 5, 7, 12, 10, 9, 11, 13), (4, 2, 3, 5, 1, 8, 6, 10, 13, 12, 7, 11, 9), (1, 4, 3, 6, 2, 9, 7, 5, 13, 8, 10, 11, 12), (2, 1, 3, 4, 5, 6, 7, 8, 9, 10, 11, 12, 13)}
M(B) = 
[[1, 3, 2, 4, 5, 6, 7, 8, 9, 10, 11, 12, 13], [1, 3, 2, 4, 5, 6, 7, 8, 10, 9, 11, 12, 13], [1, 3, 2, 4, 6, 5, 7, 8, 9, 10, 11, 12, 13], [1, 3, 2, 4, 6, 5, 7, 8, 10, 9, 11, 12, 13]]
Distance: 49
M(A) inter A:
set()
M(B) inter B:
set()

AUB = 
{(3, 2, 5, 4, 1, 10, 7, 6, 9, 12, 8, 11, 13), (1, 6, 3, 5, 4, 2, 7, 10, 8, 11, 12, 9, 13), (3, 1, 2, 4, 6, 8, 5, 7, 12, 10, 9, 11, 13), (4, 2, 3, 5, 1, 8, 6, 10, 13, 12, 7, 11, 9), (1, 6, 3, 7, 2, 5, 4, 8, 10, 11, 9, 12, 13), (1, 2, 3, 4, 5, 6, 7, 8, 9, 11, 10, 12, 13), (2, 1, 4, 3, 6, 5, 8, 9, 7, 11, 10, 13, 12), (1, 4, 3, 6, 2, 9, 7, 5, 13, 8, 10, 11, 12), (2, 1, 3, 4, 5, 6, 7, 8, 9, 10, 11, 12, 13), (3, 1, 2, 4, 8, 5, 7, 6, 9, 12, 11, 13, 10)}
M(AUB) = 
[[1, 3, 2, 4, 5, 6, 7, 8, 9, 10, 11, 12, 13], [1, 3, 2, 4, 5, 6, 7, 8, 10, 9, 11, 12, 13], [1, 3, 2, 4, 6, 5, 7, 8, 9, 10, 11, 12, 13], [1, 3, 2, 4, 6, 5, 7, 8, 10, 9, 11, 12, 13]]
Distance:94

(37)
A = 
{(2, 3, 4, 7, 6, 1, 5, 8, 10, 9, 12, 11, 13), (2, 1, 6, 7, 3, 12, 4, 5, 10, 8, 13, 11, 9), (1, 2, 4, 3, 7, 5, 6, 8, 9, 10, 11, 13, 12), (2, 3, 4, 1, 5, 7, 8, 10, 9, 6, 12, 13, 11), (2, 1, 3, 5, 6, 4, 7, 13, 8, 11, 10, 12, 9)}
M(A) = 
[[2, 1, 3, 4, 5, 7, 6, 8, 10, 9, 11, 12, 13]]
Distance: 44
B = 
{(4, 1, 2, 3, 6, 5, 8, 7, 10, 9, 11, 13, 12), (2, 1, 3, 5, 4, 7, 8, 6, 9, 10, 11, 12, 13), (2, 1, 4, 3, 5, 7, 6, 8, 12, 9, 10, 11, 13), (2, 5, 3, 6, 1, 4, 7, 10, 8, 11, 13, 12, 9), (2, 1, 5, 4, 3, 7, 6, 9, 10, 8, 11, 12, 13)}
M(B) = 
[[2, 1, 3, 4, 5, 7, 6, 8, 10, 9, 11, 12, 13]]
Distance: 32
M(A) inter A:
set()
M(B) inter B:
set()

AUB = 
{(2, 3, 4, 1, 5, 7, 8, 10, 9, 6, 12, 13, 11), (2, 5, 3, 6, 1, 4, 7, 10, 8, 11, 13, 12, 9), (2, 1, 6, 7, 3, 12, 4, 5, 10, 8, 13, 11, 9), (2, 1, 3, 5, 6, 4, 7, 13, 8, 11, 10, 12, 9), (1, 2, 4, 3, 7, 5, 6, 8, 9, 10, 11, 13, 12), (2, 1, 3, 5, 4, 7, 8, 6, 9, 10, 11, 12, 13), (2, 1, 4, 3, 5, 7, 6, 8, 12, 9, 10, 11, 13), (2, 1, 5, 4, 3, 7, 6, 9, 10, 8, 11, 12, 13), (2, 3, 4, 7, 6, 1, 5, 8, 10, 9, 12, 11, 13), (4, 1, 2, 3, 6, 5, 8, 7, 10, 9, 11, 13, 12)}
M(AUB) = 
[[2, 1, 3, 4, 5, 7, 6, 8, 10, 9, 11, 12, 13]]
Distance:81

(38)
A = 
{(3, 4, 1, 2, 8, 6, 12, 5, 9, 13, 10, 7, 11), (1, 2, 3, 4, 6, 5, 8, 7, 10, 9, 11, 13, 12), (2, 3, 1, 8, 6, 4, 7, 11, 9, 5, 13, 10, 12), (2, 4, 7, 3, 1, 10, 6, 11, 5, 9, 12, 13, 8), (1, 4, 3, 9, 2, 7, 6, 8, 5, 11, 10, 12, 13)}
M(A) = 
[[1, 2, 3, 4, 6, 5, 7, 8, 9, 10, 11, 12, 13], [1, 2, 3, 4, 6, 5, 7, 8, 10, 9, 11, 12, 13], [1, 2, 3, 4, 6, 5, 8, 7, 9, 10, 11, 12, 13], [1, 2, 3, 4, 6, 5, 8, 7, 10, 9, 11, 12, 13], [1, 2, 3, 4, 6, 8, 5, 7, 9, 10, 11, 12, 13], [1, 2, 3, 4, 6, 8, 5, 7, 10, 9, 11, 12, 13]]
Distance: 61
B = 
{(1, 2, 10, 8, 4, 5, 9, 3, 7, 6, 12, 11, 13), (3, 5, 4, 1, 2, 7, 6, 8, 12, 10, 13, 11, 9), (1, 2, 3, 5, 6, 4, 7, 9, 8, 11, 12, 10, 13), (3, 1, 2, 4, 6, 8, 10, 5, 7, 11, 9, 13, 12), (1, 2, 5, 3, 4, 6, 7, 9, 8, 12, 11, 10, 13)}
M(B) = 
[[1, 2, 3, 4, 6, 5, 7, 8, 9, 10, 11, 12, 13], [1, 2, 3, 4, 6, 5, 7, 8, 10, 9, 11, 12, 13], [1, 2, 3, 4, 6, 5, 8, 7, 9, 10, 11, 12, 13], [1, 2, 3, 4, 6, 5, 8, 7, 10, 9, 11, 12, 13], [1, 2, 3, 4, 6, 8, 5, 7, 9, 10, 11, 12, 13], [1, 2, 3, 4, 6, 8, 5, 7, 10, 9, 11, 12, 13]]
Distance: 52
M(A) inter A:
set()
M(B) inter B:
set()

AUB = 
{(3, 4, 1, 2, 8, 6, 12, 5, 9, 13, 10, 7, 11), (1, 2, 3, 4, 6, 5, 8, 7, 10, 9, 11, 13, 12), (2, 4, 7, 3, 1, 10, 6, 11, 5, 9, 12, 13, 8), (1, 2, 10, 8, 4, 5, 9, 3, 7, 6, 12, 11, 13), (1, 4, 3, 9, 2, 7, 6, 8, 5, 11, 10, 12, 13), (1, 2, 5, 3, 4, 6, 7, 9, 8, 12, 11, 10, 13), (3, 1, 2, 4, 6, 8, 10, 5, 7, 11, 9, 13, 12), (2, 3, 1, 8, 6, 4, 7, 11, 9, 5, 13, 10, 12), (3, 5, 4, 1, 2, 7, 6, 8, 12, 10, 13, 11, 9), (1, 2, 3, 5, 6, 4, 7, 9, 8, 11, 12, 10, 13)}
M(AUB) = 
[[1, 2, 3, 4, 6, 5, 7, 8, 9, 10, 11, 12, 13], [1, 2, 3, 4, 6, 5, 7, 8, 10, 9, 11, 12, 13], [1, 2, 3, 4, 6, 5, 8, 7, 9, 10, 11, 12, 13], [1, 2, 3, 4, 6, 5, 8, 7, 10, 9, 11, 12, 13], [1, 2, 3, 4, 6, 8, 5, 7, 9, 10, 11, 12, 13], [1, 2, 3, 4, 6, 8, 5, 7, 10, 9, 11, 12, 13]]
Distance:122

(39)
A = 
{(3, 1, 2, 11, 7, 6, 5, 4, 9, 8, 13, 12, 10), (2, 1, 3, 4, 6, 7, 5, 8, 13, 12, 10, 9, 11), (1, 2, 7, 4, 6, 3, 8, 5, 12, 11, 9, 10, 13), (2, 5, 1, 4, 8, 3, 9, 6, 7, 11, 10, 13, 12), (2, 1, 3, 5, 6, 4, 8, 11, 7, 9, 10, 12, 13)}
M(A) = 
[[1, 2, 4, 3, 5, 6, 7, 8, 9, 11, 10, 13, 12], [1, 2, 4, 3, 5, 6, 7, 8, 11, 9, 10, 13, 12], [1, 2, 4, 3, 6, 5, 7, 8, 9, 11, 10, 13, 12], [1, 2, 4, 3, 6, 5, 7, 8, 11, 9, 10, 13, 12], [1, 2, 4, 3, 6, 7, 5, 8, 9, 11, 10, 13, 12], [1, 2, 4, 3, 6, 7, 5, 8, 11, 9, 10, 13, 12]]
Distance: 54
B = 
{(1, 4, 3, 5, 2, 6, 8, 9, 7, 13, 10, 11, 12), (1, 2, 3, 4, 6, 5, 7, 8, 9, 10, 12, 11, 13), (2, 4, 1, 3, 5, 6, 7, 8, 9, 11, 10, 12, 13), (4, 3, 1, 2, 7, 8, 10, 11, 5, 9, 6, 13, 12), (1, 2, 6, 4, 3, 7, 5, 8, 11, 9, 10, 13, 12)}
M(B) = 
[[1, 2, 4, 3, 5, 6, 7, 8, 9, 11, 10, 13, 12], [1, 2, 4, 3, 5, 6, 7, 8, 11, 9, 10, 13, 12], [1, 2, 4, 3, 6, 5, 7, 8, 9, 11, 10, 13, 12], [1, 2, 4, 3, 6, 5, 7, 8, 11, 9, 10, 13, 12], [1, 2, 4, 3, 6, 7, 5, 8, 9, 11, 10, 13, 12], [1, 2, 4, 3, 6, 7, 5, 8, 11, 9, 10, 13, 12]]
Distance: 36
M(A) inter A:
set()
M(B) inter B:
set()

AUB = 
{(1, 2, 7, 4, 6, 3, 8, 5, 12, 11, 9, 10, 13), (1, 2, 6, 4, 3, 7, 5, 8, 11, 9, 10, 13, 12), (2, 4, 1, 3, 5, 6, 7, 8, 9, 11, 10, 12, 13), (2, 5, 1, 4, 8, 3, 9, 6, 7, 11, 10, 13, 12), (1, 4, 3, 5, 2, 6, 8, 9, 7, 13, 10, 11, 12), (2, 1, 3, 5, 6, 4, 8, 11, 7, 9, 10, 12, 13), (3, 1, 2, 11, 7, 6, 5, 4, 9, 8, 13, 12, 10), (1, 2, 3, 4, 6, 5, 7, 8, 9, 10, 12, 11, 13), (2, 1, 3, 4, 6, 7, 5, 8, 13, 12, 10, 9, 11), (4, 3, 1, 2, 7, 8, 10, 11, 5, 9, 6, 13, 12)}
M(AUB) = 
[[1, 2, 4, 3, 5, 6, 7, 8, 9, 11, 10, 13, 12], [1, 2, 4, 3, 5, 6, 7, 8, 11, 9, 10, 13, 12], [1, 2, 4, 3, 6, 5, 7, 8, 9, 11, 10, 13, 12], [1, 2, 4, 3, 6, 5, 7, 8, 11, 9, 10, 13, 12], [1, 2, 4, 3, 6, 7, 5, 8, 9, 11, 10, 13, 12], [1, 2, 4, 3, 6, 7, 5, 8, 11, 9, 10, 13, 12]]
Distance:96

(40)
A = 
{(3, 2, 5, 7, 6, 4, 9, 1, 10, 13, 8, 11, 12), (1, 2, 6, 4, 5, 3, 7, 8, 11, 10, 12, 13, 9), (1, 2, 3, 4, 5, 6, 7, 9, 8, 10, 12, 13, 11), (2, 7, 1, 5, 4, 3, 8, 10, 6, 9, 13, 11, 12), (2, 4, 1, 5, 3, 9, 6, 7, 12, 10, 8, 11, 13)}
M(A) = 
[[2, 1, 3, 4, 5, 6, 7, 8, 9, 10, 11, 12, 13], [2, 1, 3, 5, 4, 6, 7, 8, 9, 10, 11, 12, 13]]
Distance: 51
B = 
{(2, 1, 4, 8, 9, 3, 5, 6, 7, 10, 11, 13, 12), (2, 1, 9, 3, 5, 6, 8, 10, 4, 11, 7, 12, 13), (3, 1, 4, 2, 6, 5, 10, 7, 8, 9, 11, 12, 13), (2, 7, 1, 3, 5, 8, 4, 6, 11, 12, 9, 13, 10), (5, 1, 2, 8, 3, 4, 9, 7, 12, 11, 10, 13, 6)}
M(B) = 
[[2, 1, 3, 4, 5, 6, 7, 8, 9, 10, 11, 12, 13], [2, 1, 3, 5, 4, 6, 7, 8, 9, 10, 11, 12, 13]]
Distance: 57
M(A) inter A:
set()
M(B) inter B:
set()

AUB = 
{(3, 2, 5, 7, 6, 4, 9, 1, 10, 13, 8, 11, 12), (1, 2, 6, 4, 5, 3, 7, 8, 11, 10, 12, 13, 9), (2, 7, 1, 5, 4, 3, 8, 10, 6, 9, 13, 11, 12), (2, 1, 9, 3, 5, 6, 8, 10, 4, 11, 7, 12, 13), (1, 2, 3, 4, 5, 6, 7, 9, 8, 10, 12, 13, 11), (5, 1, 2, 8, 3, 4, 9, 7, 12, 11, 10, 13, 6), (3, 1, 4, 2, 6, 5, 10, 7, 8, 9, 11, 12, 13), (2, 7, 1, 3, 5, 8, 4, 6, 11, 12, 9, 13, 10), (2, 4, 1, 5, 3, 9, 6, 7, 12, 10, 8, 11, 13), (2, 1, 4, 8, 9, 3, 5, 6, 7, 10, 11, 13, 12)}
M(AUB) = 
[[2, 1, 3, 4, 5, 6, 7, 8, 9, 10, 11, 12, 13], [2, 1, 3, 5, 4, 6, 7, 8, 9, 10, 11, 12, 13]]
Distance:117

(41)
A = 
{(1, 2, 4, 6, 3, 5, 8, 10, 11, 12, 7, 9, 13), (1, 2, 3, 6, 4, 11, 5, 7, 13, 10, 8, 9, 12), (3, 4, 1, 5, 2, 6, 7, 8, 12, 10, 11, 9, 13), (2, 4, 3, 1, 5, 6, 7, 9, 8, 11, 12, 10, 13), (3, 1, 2, 4, 5, 6, 7, 9, 8, 10, 11, 13, 12)}
M(A) = 
[[1, 2, 3, 4, 5, 6, 7, 8, 9, 10, 11, 12, 13], [1, 2, 3, 4, 5, 6, 7, 8, 10, 9, 11, 12, 13], [1, 2, 4, 3, 5, 6, 7, 8, 9, 10, 11, 12, 13], [1, 2, 4, 3, 5, 6, 7, 8, 10, 9, 11, 12, 13]]
Distance: 42
B = 
{(1, 5, 8, 3, 11, 2, 7, 6, 4, 12, 9, 10, 13), (2, 1, 4, 5, 3, 8, 6, 7, 10, 9, 11, 12, 13), (1, 4, 2, 3, 7, 6, 5, 10, 9, 8, 11, 12, 13), (2, 5, 3, 6, 1, 7, 4, 9, 8, 10, 12, 11, 13), (5, 2, 1, 7, 4, 8, 9, 3, 10, 6, 12, 11, 13)}
M(B) = 
[[1, 2, 3, 4, 5, 6, 7, 8, 9, 10, 11, 12, 13], [1, 2, 3, 4, 5, 6, 7, 8, 10, 9, 11, 12, 13], [1, 2, 4, 3, 5, 6, 7, 8, 9, 10, 11, 12, 13], [1, 2, 4, 3, 5, 6, 7, 8, 10, 9, 11, 12, 13]]
Distance: 51
M(A) inter A:
set()
M(B) inter B:
set()

AUB = 
{(2, 4, 3, 1, 5, 6, 7, 9, 8, 11, 12, 10, 13), (3, 4, 1, 5, 2, 6, 7, 8, 12, 10, 11, 9, 13), (1, 2, 4, 6, 3, 5, 8, 10, 11, 12, 7, 9, 13), (1, 2, 3, 6, 4, 11, 5, 7, 13, 10, 8, 9, 12), (1, 5, 8, 3, 11, 2, 7, 6, 4, 12, 9, 10, 13), (2, 1, 4, 5, 3, 8, 6, 7, 10, 9, 11, 12, 13), (1, 4, 2, 3, 7, 6, 5, 10, 9, 8, 11, 12, 13), (3, 1, 2, 4, 5, 6, 7, 9, 8, 10, 11, 13, 12), (2, 5, 3, 6, 1, 7, 4, 9, 8, 10, 12, 11, 13), (5, 2, 1, 7, 4, 8, 9, 3, 10, 6, 12, 11, 13)}
M(AUB) = 
[[1, 2, 3, 4, 5, 6, 7, 8, 9, 10, 11, 12, 13], [1, 2, 3, 4, 5, 6, 7, 8, 10, 9, 11, 12, 13], [1, 2, 4, 3, 5, 6, 7, 8, 9, 10, 11, 12, 13], [1, 2, 4, 3, 5, 6, 7, 8, 10, 9, 11, 12, 13]]
Distance:103

(42)
A = 
{(1, 3, 4, 2, 5, 7, 8, 6, 12, 11, 9, 10, 13), (1, 4, 7, 2, 5, 6, 9, 8, 3, 10, 12, 13, 11), (2, 3, 1, 4, 7, 6, 5, 9, 11, 8, 12, 10, 13), (2, 4, 1, 7, 8, 3, 6, 5, 13, 10, 11, 9, 12), (5, 4, 3, 1, 6, 2, 10, 7, 9, 8, 11, 13, 12)}
M(A) = 
[[1, 2, 3, 4, 5, 7, 6, 8, 9, 10, 11, 12, 13], [1, 2, 3, 4, 5, 7, 6, 8, 9, 10, 12, 11, 13], [1, 2, 3, 4, 5, 7, 6, 8, 9, 12, 10, 11, 13], [1, 2, 4, 3, 5, 7, 6, 8, 9, 10, 11, 12, 13], [1, 2, 4, 3, 5, 7, 6, 8, 9, 10, 12, 11, 13], [1, 2, 4, 3, 5, 7, 6, 8, 9, 12, 10, 11, 13], [1, 3, 2, 4, 5, 7, 6, 8, 9, 10, 11, 12, 13], [1, 3, 2, 4, 5, 7, 6, 8, 9, 10, 12, 11, 13], [1, 3, 2, 4, 5, 7, 6, 8, 9, 12, 10, 11, 13]]
Distance: 55
B = 
{(1, 2, 7, 3, 6, 10, 5, 8, 4, 12, 11, 13, 9), (1, 4, 6, 3, 9, 2, 5, 8, 7, 12, 11, 10, 13), (1, 3, 2, 4, 5, 7, 6, 8, 9, 12, 10, 13, 11), (5, 1, 3, 2, 8, 6, 4, 13, 11, 9, 12, 10, 7), (1, 2, 4, 5, 3, 6, 8, 7, 9, 10, 11, 12, 13)}
M(B) = 
[[1, 2, 3, 4, 5, 7, 6, 8, 9, 10, 11, 12, 13], [1, 2, 3, 4, 5, 7, 6, 8, 9, 10, 12, 11, 13], [1, 2, 3, 4, 5, 7, 6, 8, 9, 12, 10, 11, 13], [1, 2, 4, 3, 5, 7, 6, 8, 9, 10, 11, 12, 13], [1, 2, 4, 3, 5, 7, 6, 8, 9, 10, 12, 11, 13], [1, 2, 4, 3, 5, 7, 6, 8, 9, 12, 10, 11, 13], [1, 3, 2, 4, 5, 7, 6, 8, 9, 10, 11, 12, 13], [1, 3, 2, 4, 5, 7, 6, 8, 9, 10, 12, 11, 13], [1, 3, 2, 4, 5, 7, 6, 8, 9, 12, 10, 11, 13]]
Distance: 55
M(A) inter A:
set()
M(B) inter B:
set()

AUB = 
{(1, 2, 4, 5, 3, 6, 8, 7, 9, 10, 11, 12, 13), (1, 4, 7, 2, 5, 6, 9, 8, 3, 10, 12, 13, 11), (5, 4, 3, 1, 6, 2, 10, 7, 9, 8, 11, 13, 12), (2, 3, 1, 4, 7, 6, 5, 9, 11, 8, 12, 10, 13), (1, 3, 4, 2, 5, 7, 8, 6, 12, 11, 9, 10, 13), (1, 4, 6, 3, 9, 2, 5, 8, 7, 12, 11, 10, 13), (1, 3, 2, 4, 5, 7, 6, 8, 9, 12, 10, 13, 11), (2, 4, 1, 7, 8, 3, 6, 5, 13, 10, 11, 9, 12), (1, 2, 7, 3, 6, 10, 5, 8, 4, 12, 11, 13, 9), (5, 1, 3, 2, 8, 6, 4, 13, 11, 9, 12, 10, 7)}
M(AUB) = 
[[1, 2, 3, 4, 5, 7, 6, 8, 9, 10, 11, 12, 13], [1, 2, 3, 4, 5, 7, 6, 8, 9, 10, 12, 11, 13], [1, 2, 3, 4, 5, 7, 6, 8, 9, 12, 10, 11, 13], [1, 2, 4, 3, 5, 7, 6, 8, 9, 10, 11, 12, 13], [1, 2, 4, 3, 5, 7, 6, 8, 9, 10, 12, 11, 13], [1, 2, 4, 3, 5, 7, 6, 8, 9, 12, 10, 11, 13], [1, 3, 2, 4, 5, 7, 6, 8, 9, 10, 11, 12, 13], [1, 3, 2, 4, 5, 7, 6, 8, 9, 10, 12, 11, 13], [1, 3, 2, 4, 5, 7, 6, 8, 9, 12, 10, 11, 13]]
Distance:119

(43)
A = 
{(2, 1, 4, 3, 5, 6, 8, 7, 9, 10, 11, 12, 13), (2, 1, 5, 6, 8, 3, 4, 9, 7, 10, 11, 12, 13), (1, 2, 4, 5, 3, 6, 8, 7, 11, 9, 10, 12, 13), (2, 4, 1, 3, 6, 7, 5, 10, 9, 8, 11, 13, 12), (1, 2, 3, 4, 5, 6, 7, 8, 9, 10, 11, 13, 12)}
M(A) = 
[[1, 2, 3, 4, 5, 6, 7, 8, 9, 10, 11, 12, 13], [1, 2, 3, 4, 5, 6, 7, 8, 9, 10, 11, 13, 12], [1, 2, 3, 4, 5, 6, 7, 8, 9, 11, 10, 12, 13], [1, 2, 3, 4, 5, 6, 7, 8, 9, 11, 10, 13, 12], [1, 3, 2, 4, 5, 6, 7, 8, 9, 10, 11, 12, 13], [1, 3, 2, 4, 5, 6, 7, 8, 9, 10, 11, 13, 12], [1, 3, 2, 4, 5, 6, 7, 8, 9, 11, 10, 12, 13], [1, 3, 2, 4, 5, 6, 7, 8, 9, 11, 10, 13, 12]]
Distance: 24
B = 
{(3, 2, 1, 9, 4, 7, 5, 11, 6, 13, 8, 12, 10), (1, 3, 2, 4, 8, 5, 6, 7, 9, 11, 10, 12, 13), (1, 3, 4, 6, 2, 7, 5, 11, 10, 9, 13, 8, 12), (3, 1, 2, 6, 4, 7, 9, 5, 10, 8, 13, 12, 11), (3, 4, 1, 2, 5, 7, 6, 11, 12, 10, 8, 13, 9)}
M(B) = 
[[1, 2, 3, 4, 5, 6, 7, 8, 9, 10, 11, 12, 13], [1, 2, 3, 4, 5, 6, 7, 8, 9, 10, 11, 13, 12], [1, 2, 3, 4, 5, 6, 7, 8, 9, 11, 10, 12, 13], [1, 2, 3, 4, 5, 6, 7, 8, 9, 11, 10, 13, 12], [1, 3, 2, 4, 5, 6, 7, 8, 9, 10, 11, 12, 13], [1, 3, 2, 4, 5, 6, 7, 8, 9, 10, 11, 13, 12], [1, 3, 2, 4, 5, 6, 7, 8, 9, 11, 10, 12, 13], [1, 3, 2, 4, 5, 6, 7, 8, 9, 11, 10, 13, 12]]
Distance: 47
M(A) inter A:
set()
M(B) inter B:
set()

AUB = 
{(1, 2, 4, 5, 3, 6, 8, 7, 11, 9, 10, 12, 13), (1, 3, 2, 4, 8, 5, 6, 7, 9, 11, 10, 12, 13), (1, 2, 3, 4, 5, 6, 7, 8, 9, 10, 11, 13, 12), (2, 1, 5, 6, 8, 3, 4, 9, 7, 10, 11, 12, 13), (3, 1, 2, 6, 4, 7, 9, 5, 10, 8, 13, 12, 11), (2, 1, 4, 3, 5, 6, 8, 7, 9, 10, 11, 12, 13), (3, 2, 1, 9, 4, 7, 5, 11, 6, 13, 8, 12, 10), (2, 4, 1, 3, 6, 7, 5, 10, 9, 8, 11, 13, 12), (1, 3, 4, 6, 2, 7, 5, 11, 10, 9, 13, 8, 12), (3, 4, 1, 2, 5, 7, 6, 11, 12, 10, 8, 13, 9)}
M(AUB) = 
[[1, 2, 3, 4, 5, 6, 7, 8, 9, 10, 11, 12, 13], [1, 2, 3, 4, 5, 6, 7, 8, 9, 10, 11, 13, 12], [1, 2, 3, 4, 5, 6, 7, 8, 9, 11, 10, 12, 13], [1, 2, 3, 4, 5, 6, 7, 8, 9, 11, 10, 13, 12], [1, 3, 2, 4, 5, 6, 7, 8, 9, 10, 11, 12, 13], [1, 3, 2, 4, 5, 6, 7, 8, 9, 10, 11, 13, 12], [1, 3, 2, 4, 5, 6, 7, 8, 9, 11, 10, 12, 13], [1, 3, 2, 4, 5, 6, 7, 8, 9, 11, 10, 13, 12]]
Distance:87

(44)
A = 
{(1, 2, 3, 4, 5, 6, 7, 8, 9, 11, 10, 12, 13), (4, 1, 3, 8, 5, 7, 6, 2, 9, 10, 13, 11, 12), (3, 1, 2, 10, 4, 5, 8, 6, 11, 12, 13, 7, 9), (1, 4, 2, 5, 6, 3, 8, 7, 11, 9, 10, 13, 12), (1, 3, 2, 5, 6, 4, 9, 11, 12, 7, 10, 13, 8)}
M(A) = 
[[1, 2, 3, 4, 5, 6, 8, 7, 9, 11, 10, 13, 12], [1, 2, 3, 4, 5, 8, 6, 7, 9, 11, 10, 13, 12], [1, 3, 2, 4, 5, 6, 8, 7, 9, 11, 10, 13, 12], [1, 3, 2, 4, 5, 8, 6, 7, 9, 11, 10, 13, 12]]
Distance: 49
B = 
{(1, 2, 3, 4, 6, 8, 9, 5, 11, 7, 12, 13, 10), (1, 2, 3, 7, 4, 5, 13, 8, 6, 9, 11, 10, 12), (3, 4, 1, 5, 8, 2, 6, 7, 9, 11, 10, 13, 12), (5, 3, 1, 4, 8, 2, 7, 11, 6, 13, 10, 9, 12), (1, 2, 5, 3, 6, 4, 8, 9, 7, 10, 11, 13, 12)}
M(B) = 
[[1, 2, 3, 4, 5, 6, 8, 7, 9, 11, 10, 13, 12], [1, 2, 3, 4, 5, 8, 6, 7, 9, 11, 10, 13, 12], [1, 3, 2, 4, 5, 6, 8, 7, 9, 11, 10, 13, 12], [1, 3, 2, 4, 5, 8, 6, 7, 9, 11, 10, 13, 12]]
Distance: 43
M(A) inter A:
set()
M(B) inter B:
set()

AUB = 
{(1, 4, 2, 5, 6, 3, 8, 7, 11, 9, 10, 13, 12), (1, 2, 5, 3, 6, 4, 8, 9, 7, 10, 11, 13, 12), (4, 1, 3, 8, 5, 7, 6, 2, 9, 10, 13, 11, 12), (3, 1, 2, 10, 4, 5, 8, 6, 11, 12, 13, 7, 9), (1, 3, 2, 5, 6, 4, 9, 11, 12, 7, 10, 13, 8), (5, 3, 1, 4, 8, 2, 7, 11, 6, 13, 10, 9, 12), (1, 2, 3, 4, 6, 8, 9, 5, 11, 7, 12, 13, 10), (1, 2, 3, 7, 4, 5, 13, 8, 6, 9, 11, 10, 12), (3, 4, 1, 5, 8, 2, 6, 7, 9, 11, 10, 13, 12), (1, 2, 3, 4, 5, 6, 7, 8, 9, 11, 10, 12, 13)}
M(AUB) = 
[[1, 2, 3, 4, 5, 6, 8, 7, 9, 11, 10, 13, 12], [1, 2, 3, 4, 5, 8, 6, 7, 9, 11, 10, 13, 12], [1, 3, 2, 4, 5, 6, 8, 7, 9, 11, 10, 13, 12], [1, 3, 2, 4, 5, 8, 6, 7, 9, 11, 10, 13, 12]]
Distance:96

(45)
A = 
{(2, 1, 3, 4, 6, 5, 7, 11, 8, 10, 9, 12, 13), (2, 1, 7, 3, 4, 9, 5, 6, 8, 10, 13, 11, 12), (1, 3, 2, 4, 5, 6, 8, 7, 9, 10, 11, 12, 13), (2, 1, 6, 3, 4, 5, 7, 9, 8, 13, 10, 12, 11), (3, 5, 1, 6, 8, 2, 4, 7, 11, 9, 10, 12, 13)}
M(A) = 
[[1, 2, 3, 4, 5, 6, 7, 9, 8, 10, 11, 12, 13], [2, 1, 3, 4, 5, 6, 7, 9, 8, 10, 11, 12, 13]]
Distance: 38
B = 
{(1, 2, 3, 4, 6, 5, 9, 7, 8, 10, 11, 12, 13), (1, 4, 3, 2, 5, 7, 9, 8, 6, 10, 12, 11, 13), (1, 2, 4, 3, 5, 7, 6, 8, 9, 10, 11, 13, 12), (2, 7, 3, 4, 1, 9, 6, 5, 8, 12, 11, 13, 10), (2, 1, 4, 3, 5, 6, 7, 9, 10, 8, 11, 12, 13)}
M(B) = 
[[1, 2, 3, 4, 5, 6, 7, 9, 8, 10, 11, 12, 13], [2, 1, 3, 4, 5, 6, 7, 9, 8, 10, 11, 12, 13]]
Distance: 29
M(A) inter A:
set()
M(B) inter B:
set()

AUB = 
{(1, 2, 4, 3, 5, 7, 6, 8, 9, 10, 11, 13, 12), (2, 1, 3, 4, 6, 5, 7, 11, 8, 10, 9, 12, 13), (2, 1, 6, 3, 4, 5, 7, 9, 8, 13, 10, 12, 11), (2, 1, 4, 3, 5, 6, 7, 9, 10, 8, 11, 12, 13), (3, 5, 1, 6, 8, 2, 4, 7, 11, 9, 10, 12, 13), (1, 2, 3, 4, 6, 5, 9, 7, 8, 10, 11, 12, 13), (2, 7, 3, 4, 1, 9, 6, 5, 8, 12, 11, 13, 10), (1, 4, 3, 2, 5, 7, 9, 8, 6, 10, 12, 11, 13), (2, 1, 7, 3, 4, 9, 5, 6, 8, 10, 13, 11, 12), (1, 3, 2, 4, 5, 6, 8, 7, 9, 10, 11, 12, 13)}
M(AUB) = 
[[1, 2, 3, 4, 5, 6, 7, 9, 8, 10, 11, 12, 13], [2, 1, 3, 4, 5, 6, 7, 9, 8, 10, 11, 12, 13]]
Distance:71

(46)
A = 
{(2, 7, 1, 3, 5, 4, 9, 10, 6, 8, 11, 13, 12), (1, 3, 5, 2, 4, 6, 8, 10, 9, 7, 13, 11, 12), (1, 4, 2, 3, 6, 5, 9, 7, 10, 11, 8, 12, 13), (1, 2, 6, 4, 5, 3, 7, 9, 8, 13, 11, 10, 12), (2, 5, 3, 1, 8, 6, 4, 9, 11, 7, 13, 10, 12)}
M(A) = 
[[1, 2, 3, 4, 5, 6, 7, 8, 9, 10, 11, 13, 12], [1, 2, 3, 4, 5, 6, 7, 8, 9, 11, 10, 13, 12], [1, 2, 3, 4, 5, 6, 7, 9, 8, 10, 11, 13, 12], [1, 2, 3, 4, 5, 6, 7, 9, 8, 11, 10, 13, 12], [1, 2, 3, 4, 5, 7, 6, 8, 9, 10, 11, 13, 12], [1, 2, 3, 4, 5, 7, 6, 8, 9, 11, 10, 13, 12], [1, 2, 3, 4, 5, 7, 6, 9, 8, 10, 11, 13, 12], [1, 2, 3, 4, 5, 7, 6, 9, 8, 11, 10, 13, 12], [1, 2, 3, 5, 4, 6, 7, 8, 9, 10, 11, 13, 12], [1, 2, 3, 5, 4, 6, 7, 8, 9, 11, 10, 13, 12], [1, 2, 3, 5, 4, 6, 7, 9, 8, 10, 11, 13, 12], [1, 2, 3, 5, 4, 6, 7, 9, 8, 11, 10, 13, 12], [1, 2, 3, 5, 4, 7, 6, 8, 9, 10, 11, 13, 12], [1, 2, 3, 5, 4, 7, 6, 8, 9, 11, 10, 13, 12], [1, 2, 3, 5, 4, 7, 6, 9, 8, 10, 11, 13, 12], [1, 2, 3, 5, 4, 7, 6, 9, 8, 11, 10, 13, 12]]
Distance: 46
B = 
{(1, 2, 3, 4, 5, 7, 6, 8, 9, 10, 11, 13, 12), (1, 3, 5, 2, 6, 7, 4, 9, 8, 11, 10, 12, 13), (2, 3, 1, 7, 4, 6, 5, 8, 10, 9, 11, 12, 13), (2, 1, 7, 3, 4, 11, 5, 8, 9, 10, 6, 13, 12), (1, 2, 5, 3, 4, 7, 9, 6, 8, 11, 13, 10, 12)}
M(B) = 
[[1, 2, 3, 4, 5, 6, 7, 8, 9, 10, 11, 13, 12], [1, 2, 3, 4, 5, 6, 7, 8, 9, 11, 10, 13, 12], [1, 2, 3, 4, 5, 6, 7, 9, 8, 10, 11, 13, 12], [1, 2, 3, 4, 5, 6, 7, 9, 8, 11, 10, 13, 12], [1, 2, 3, 4, 5, 7, 6, 8, 9, 10, 11, 13, 12], [1, 2, 3, 4, 5, 7, 6, 8, 9, 11, 10, 13, 12], [1, 2, 3, 4, 5, 7, 6, 9, 8, 10, 11, 13, 12], [1, 2, 3, 4, 5, 7, 6, 9, 8, 11, 10, 13, 12], [1, 2, 3, 5, 4, 6, 7, 8, 9, 10, 11, 13, 12], [1, 2, 3, 5, 4, 6, 7, 8, 9, 11, 10, 13, 12], [1, 2, 3, 5, 4, 6, 7, 9, 8, 10, 11, 13, 12], [1, 2, 3, 5, 4, 6, 7, 9, 8, 11, 10, 13, 12], [1, 2, 3, 5, 4, 7, 6, 8, 9, 10, 11, 13, 12], [1, 2, 3, 5, 4, 7, 6, 8, 9, 11, 10, 13, 12], [1, 2, 3, 5, 4, 7, 6, 9, 8, 10, 11, 13, 12], [1, 2, 3, 5, 4, 7, 6, 9, 8, 11, 10, 13, 12]]
Distance: 33
M(A) inter A:
set()
M(B) inter B:
set()

AUB = 
{(1, 2, 3, 4, 5, 7, 6, 8, 9, 10, 11, 13, 12), (1, 3, 5, 2, 6, 7, 4, 9, 8, 11, 10, 12, 13), (2, 3, 1, 7, 4, 6, 5, 8, 10, 9, 11, 12, 13), (1, 2, 5, 3, 4, 7, 9, 6, 8, 11, 13, 10, 12), (2, 7, 1, 3, 5, 4, 9, 10, 6, 8, 11, 13, 12), (1, 4, 2, 3, 6, 5, 9, 7, 10, 11, 8, 12, 13), (2, 1, 7, 3, 4, 11, 5, 8, 9, 10, 6, 13, 12), (1, 2, 6, 4, 5, 3, 7, 9, 8, 13, 11, 10, 12), (2, 5, 3, 1, 8, 6, 4, 9, 11, 7, 13, 10, 12), (1, 3, 5, 2, 4, 6, 8, 10, 9, 7, 13, 11, 12)}
M(AUB) = 
[[1, 2, 3, 4, 5, 6, 7, 8, 9, 10, 11, 13, 12], [1, 2, 3, 4, 5, 6, 7, 8, 9, 11, 10, 13, 12], [1, 2, 3, 4, 5, 6, 7, 9, 8, 10, 11, 13, 12], [1, 2, 3, 4, 5, 6, 7, 9, 8, 11, 10, 13, 12], [1, 2, 3, 4, 5, 7, 6, 8, 9, 10, 11, 13, 12], [1, 2, 3, 4, 5, 7, 6, 8, 9, 11, 10, 13, 12], [1, 2, 3, 4, 5, 7, 6, 9, 8, 10, 11, 13, 12], [1, 2, 3, 4, 5, 7, 6, 9, 8, 11, 10, 13, 12], [1, 2, 3, 5, 4, 6, 7, 8, 9, 10, 11, 13, 12], [1, 2, 3, 5, 4, 6, 7, 8, 9, 11, 10, 13, 12], [1, 2, 3, 5, 4, 6, 7, 9, 8, 10, 11, 13, 12], [1, 2, 3, 5, 4, 6, 7, 9, 8, 11, 10, 13, 12], [1, 2, 3, 5, 4, 7, 6, 8, 9, 10, 11, 13, 12], [1, 2, 3, 5, 4, 7, 6, 8, 9, 11, 10, 13, 12], [1, 2, 3, 5, 4, 7, 6, 9, 8, 10, 11, 13, 12], [1, 2, 3, 5, 4, 7, 6, 9, 8, 11, 10, 13, 12]]
Distance:86

(47)
A = 
{(1, 3, 4, 2, 5, 7, 6, 8, 9, 11, 10, 12, 13), (4, 2, 5, 1, 7, 3, 8, 9, 6, 12, 10, 13, 11), (1, 2, 3, 5, 4, 8, 6, 7, 11, 12, 10, 9, 13), (2, 1, 3, 4, 5, 7, 6, 8, 11, 10, 9, 12, 13), (3, 1, 4, 11, 5, 2, 7, 8, 13, 9, 6, 12, 10)}
M(A) = 
[[1, 2, 3, 4, 5, 7, 6, 8, 9, 11, 10, 12, 13], [1, 3, 2, 4, 5, 7, 6, 8, 9, 11, 10, 12, 13], [1, 3, 4, 2, 5, 7, 6, 8, 9, 11, 10, 12, 13]]
Distance: 40
B = 
{(2, 1, 4, 3, 5, 8, 7, 9, 11, 10, 6, 12, 13), (1, 2, 3, 4, 5, 6, 7, 8, 9, 10, 11, 12, 13), (3, 1, 4, 2, 7, 6, 8, 11, 5, 12, 10, 9, 13), (3, 1, 2, 4, 5, 7, 6, 8, 10, 9, 12, 13, 11), (3, 4, 5, 2, 1, 6, 10, 9, 7, 8, 13, 12, 11)}
M(B) = 
[[1, 2, 3, 4, 5, 7, 6, 8, 9, 11, 10, 12, 13], [1, 3, 2, 4, 5, 7, 6, 8, 9, 11, 10, 12, 13], [1, 3, 4, 2, 5, 7, 6, 8, 9, 11, 10, 12, 13]]
Distance: 39
M(A) inter A:
set()
M(B) inter B:
set()

AUB = 
{(1, 3, 4, 2, 5, 7, 6, 8, 9, 11, 10, 12, 13), (3, 1, 4, 2, 7, 6, 8, 11, 5, 12, 10, 9, 13), (4, 2, 5, 1, 7, 3, 8, 9, 6, 12, 10, 13, 11), (2, 1, 4, 3, 5, 8, 7, 9, 11, 10, 6, 12, 13), (1, 2, 3, 4, 5, 6, 7, 8, 9, 10, 11, 12, 13), (3, 4, 5, 2, 1, 6, 10, 9, 7, 8, 13, 12, 11), (3, 1, 2, 4, 5, 7, 6, 8, 10, 9, 12, 13, 11), (1, 2, 3, 5, 4, 8, 6, 7, 11, 12, 10, 9, 13), (2, 1, 3, 4, 5, 7, 6, 8, 11, 10, 9, 12, 13), (3, 1, 4, 11, 5, 2, 7, 8, 13, 9, 6, 12, 10)}
M(AUB) = 
[[1, 2, 3, 4, 5, 7, 6, 8, 9, 11, 10, 12, 13], [1, 3, 2, 4, 5, 7, 6, 8, 9, 11, 10, 12, 13], [1, 3, 4, 2, 5, 7, 6, 8, 9, 11, 10, 12, 13]]
Distance:86

(48)
A = 
{(3, 1, 2, 4, 5, 6, 7, 8, 10, 9, 11, 12, 13), (1, 3, 4, 2, 8, 6, 5, 10, 7, 9, 11, 12, 13), (2, 7, 4, 1, 3, 6, 8, 9, 5, 11, 12, 13, 10), (1, 2, 6, 3, 5, 4, 11, 8, 7, 12, 9, 13, 10), (7, 2, 4, 3, 1, 10, 9, 5, 6, 8, 11, 13, 12)}
M(A) = 
[[1, 2, 3, 4, 5, 6, 7, 8, 9, 10, 11, 12, 13], [1, 2, 3, 4, 5, 6, 7, 8, 10, 9, 11, 12, 13], [1, 2, 3, 4, 6, 5, 7, 8, 9, 10, 11, 12, 13], [1, 2, 3, 4, 6, 5, 7, 8, 10, 9, 11, 12, 13]]
Distance: 53
B = 
{(1, 2, 3, 4, 6, 5, 7, 8, 9, 10, 11, 12, 13), (2, 1, 3, 4, 8, 6, 5, 7, 9, 10, 11, 13, 12), (1, 2, 3, 4, 5, 6, 7, 8, 9, 10, 12, 13, 11), (1, 5, 2, 3, 4, 6, 8, 7, 10, 12, 11, 9, 13), (1, 3, 2, 5, 7, 8, 6, 4, 10, 9, 11, 12, 13)}
M(B) = 
[[1, 2, 3, 4, 5, 6, 7, 8, 9, 10, 11, 12, 13], [1, 2, 3, 4, 5, 6, 7, 8, 10, 9, 11, 12, 13], [1, 2, 3, 4, 6, 5, 7, 8, 9, 10, 11, 12, 13], [1, 2, 3, 4, 6, 5, 7, 8, 10, 9, 11, 12, 13]]
Distance: 25
M(A) inter A:
set()
M(B) inter B:
set()

AUB = 
{(2, 1, 3, 4, 8, 6, 5, 7, 9, 10, 11, 13, 12), (1, 5, 2, 3, 4, 6, 8, 7, 10, 12, 11, 9, 13), (7, 2, 4, 3, 1, 10, 9, 5, 6, 8, 11, 13, 12), (1, 3, 2, 5, 7, 8, 6, 4, 10, 9, 11, 12, 13), (2, 7, 4, 1, 3, 6, 8, 9, 5, 11, 12, 13, 10), (1, 2, 3, 4, 5, 6, 7, 8, 9, 10, 12, 13, 11), (1, 2, 3, 4, 6, 5, 7, 8, 9, 10, 11, 12, 13), (1, 2, 6, 3, 5, 4, 11, 8, 7, 12, 9, 13, 10), (3, 1, 2, 4, 5, 6, 7, 8, 10, 9, 11, 12, 13), (1, 3, 4, 2, 8, 6, 5, 10, 7, 9, 11, 12, 13)}
M(AUB) = 
[[1, 2, 3, 4, 5, 6, 7, 8, 9, 10, 11, 12, 13], [1, 2, 3, 4, 5, 6, 7, 8, 10, 9, 11, 12, 13], [1, 2, 3, 4, 6, 5, 7, 8, 9, 10, 11, 12, 13], [1, 2, 3, 4, 6, 5, 7, 8, 10, 9, 11, 12, 13]]
Distance:80

(49)
A = 
{(3, 6, 2, 5, 1, 7, 4, 10, 8, 12, 11, 13, 9), (1, 4, 2, 6, 3, 9, 5, 7, 11, 8, 12, 13, 10), (1, 4, 2, 3, 7, 6, 5, 8, 10, 11, 12, 9, 13), (1, 2, 3, 7, 4, 11, 8, 5, 13, 10, 6, 9, 12), (2, 4, 1, 3, 6, 5, 11, 7, 8, 10, 9, 13, 12)}
M(A) = 
[[1, 2, 4, 3, 5, 6, 7, 8, 10, 9, 11, 12, 13], [1, 2, 4, 3, 5, 6, 7, 8, 10, 11, 9, 12, 13]]
Distance: 49
B = 
{(2, 1, 3, 5, 4, 6, 7, 9, 8, 10, 11, 12, 13), (1, 4, 5, 3, 2, 6, 11, 8, 7, 10, 13, 9, 12), (1, 5, 2, 4, 3, 6, 7, 8, 12, 13, 9, 10, 11), (5, 2, 1, 4, 3, 6, 7, 10, 8, 9, 12, 13, 11), (3, 1, 2, 5, 4, 8, 10, 7, 6, 9, 13, 11, 12)}
M(B) = 
[[1, 2, 4, 3, 5, 6, 7, 8, 10, 9, 11, 12, 13], [1, 2, 4, 3, 5, 6, 7, 8, 10, 11, 9, 12, 13]]
Distance: 40
M(A) inter A:
set()
M(B) inter B:
set()

AUB = 
{(1, 5, 2, 4, 3, 6, 7, 8, 12, 13, 9, 10, 11), (1, 2, 3, 7, 4, 11, 8, 5, 13, 10, 6, 9, 12), (2, 4, 1, 3, 6, 5, 11, 7, 8, 10, 9, 13, 12), (5, 2, 1, 4, 3, 6, 7, 10, 8, 9, 12, 13, 11), (3, 1, 2, 5, 4, 8, 10, 7, 6, 9, 13, 11, 12), (2, 1, 3, 5, 4, 6, 7, 9, 8, 10, 11, 12, 13), (1, 4, 2, 3, 7, 6, 5, 8, 10, 11, 12, 9, 13), (3, 6, 2, 5, 1, 7, 4, 10, 8, 12, 11, 13, 9), (1, 4, 2, 6, 3, 9, 5, 7, 11, 8, 12, 13, 10), (1, 4, 5, 3, 2, 6, 11, 8, 7, 10, 13, 9, 12)}
M(AUB) = 
[[1, 2, 4, 3, 5, 6, 7, 8, 10, 9, 11, 12, 13], [1, 2, 4, 3, 5, 6, 7, 8, 10, 11, 9, 12, 13]]
Distance:102

