(0)
A = 
{(2, 3, 1, 5, 4, 6, 7, 8, 9, 10), (1, 2, 4, 5, 6, 9, 3, 8, 7, 10), (1, 4, 2, 3, 6, 5, 10, 7, 9, 8), (1, 2, 3, 7, 4, 5, 6, 8, 9, 10), (3, 4, 1, 9, 10, 2, 6, 8, 5, 7), (1, 2, 4, 3, 5, 9, 7, 10, 6, 8), (2, 1, 4, 9, 6, 3, 7, 8, 5, 10), (3, 1, 7, 4, 5, 8, 2, 10, 6, 9), (2, 3, 1, 4, 8, 6, 10, 9, 7, 5), (1, 4, 5, 7, 2, 3, 6, 8, 9, 10)}
M(A) = 
[[1, 2, 3, 4, 5, 6, 7, 9, 8, 10], [1, 2, 4, 3, 5, 6, 7, 9, 8, 10]]
Distance: 86
B = 
{(1, 2, 3, 5, 7, 4, 6, 8, 9, 10), (1, 2, 3, 7, 5, 4, 9, 6, 10, 8), (2, 4, 1, 5, 6, 8, 3, 9, 10, 7), (3, 1, 2, 4, 10, 5, 6, 9, 8, 7), (5, 4, 1, 3, 2, 6, 10, 9, 8, 7), (2, 1, 3, 9, 4, 5, 8, 6, 10, 7), (2, 1, 4, 3, 5, 6, 7, 10, 9, 8), (1, 2, 3, 4, 5, 8, 6, 7, 9, 10), (4, 2, 6, 1, 7, 9, 5, 10, 3, 8), (1, 2, 4, 3, 5, 6, 7, 8, 9, 10)}
M(B) = 
[[1, 2, 3, 4, 5, 6, 7, 9, 8, 10], [1, 2, 4, 3, 5, 6, 7, 9, 8, 10]]
Distance: 73
M(A) inter A:
set()
M(B) inter B:
set()

AUB = 
{(1, 2, 3, 5, 7, 4, 6, 8, 9, 10), (2, 3, 1, 5, 4, 6, 7, 8, 9, 10), (1, 2, 4, 5, 6, 9, 3, 8, 7, 10), (1, 4, 2, 3, 6, 5, 10, 7, 9, 8), (1, 2, 3, 7, 5, 4, 9, 6, 10, 8), (2, 4, 1, 5, 6, 8, 3, 9, 10, 7), (3, 1, 2, 4, 10, 5, 6, 9, 8, 7), (1, 2, 3, 7, 4, 5, 6, 8, 9, 10), (3, 4, 1, 9, 10, 2, 6, 8, 5, 7), (5, 4, 1, 3, 2, 6, 10, 9, 8, 7), (2, 1, 3, 9, 4, 5, 8, 6, 10, 7), (2, 1, 4, 3, 5, 6, 7, 10, 9, 8), (1, 2, 3, 4, 5, 8, 6, 7, 9, 10), (1, 2, 4, 3, 5, 9, 7, 10, 6, 8), (4, 2, 6, 1, 7, 9, 5, 10, 3, 8), (2, 1, 4, 9, 6, 3, 7, 8, 5, 10), (1, 2, 4, 3, 5, 6, 7, 8, 9, 10), (3, 1, 7, 4, 5, 8, 2, 10, 6, 9), (2, 3, 1, 4, 8, 6, 10, 9, 7, 5), (1, 4, 5, 7, 2, 3, 6, 8, 9, 10)}
M(AUB) = 
[[1, 2, 3, 4, 5, 6, 7, 9, 8, 10], [1, 2, 4, 3, 5, 6, 7, 9, 8, 10]]
Distance:159

(1)
A = 
{(1, 2, 4, 5, 9, 6, 8, 3, 7, 10), (4, 1, 2, 7, 6, 5, 10, 3, 9, 8), (1, 3, 2, 4, 9, 8, 5, 7, 10, 6), (1, 2, 5, 7, 3, 9, 8, 4, 6, 10), (1, 2, 3, 5, 4, 7, 6, 8, 9, 10), (3, 1, 4, 6, 2, 8, 5, 7, 10, 9), (1, 2, 3, 4, 6, 5, 9, 7, 8, 10), (1, 2, 6, 4, 3, 9, 5, 7, 10, 8), (1, 2, 3, 5, 6, 9, 4, 7, 8, 10), (1, 3, 2, 4, 6, 5, 7, 9, 10, 8)}
M(A) = 
[[1, 2, 3, 4, 5, 6, 7, 9, 8, 10], [1, 2, 3, 4, 5, 7, 6, 9, 8, 10]]
Distance: 66
B = 
{(2, 4, 1, 3, 5, 7, 8, 6, 9, 10), (2, 3, 1, 10, 5, 4, 7, 6, 8, 9), (3, 1, 2, 4, 6, 5, 7, 9, 10, 8), (2, 1, 7, 3, 4, 5, 8, 6, 9, 10), (8, 1, 2, 4, 5, 3, 9, 10, 6, 7), (5, 1, 2, 3, 4, 7, 9, 10, 6, 8), (5, 6, 2, 8, 1, 3, 4, 7, 9, 10), (7, 1, 4, 3, 2, 9, 6, 8, 5, 10), (2, 1, 3, 6, 4, 7, 9, 5, 8, 10), (1, 2, 7, 3, 6, 5, 8, 4, 9, 10)}
M(B) = 
[[1, 2, 3, 4, 5, 6, 7, 9, 8, 10], [1, 2, 3, 4, 5, 7, 6, 9, 8, 10]]
Distance: 87
M(A) inter A:
set()
M(B) inter B:
set()

AUB = 
{(1, 2, 4, 5, 9, 6, 8, 3, 7, 10), (4, 1, 2, 7, 6, 5, 10, 3, 9, 8), (2, 4, 1, 3, 5, 7, 8, 6, 9, 10), (1, 3, 2, 4, 9, 8, 5, 7, 10, 6), (1, 2, 5, 7, 3, 9, 8, 4, 6, 10), (1, 2, 3, 5, 4, 7, 6, 8, 9, 10), (3, 1, 4, 6, 2, 8, 5, 7, 10, 9), (2, 3, 1, 10, 5, 4, 7, 6, 8, 9), (1, 2, 3, 4, 6, 5, 9, 7, 8, 10), (3, 1, 2, 4, 6, 5, 7, 9, 10, 8), (1, 2, 6, 4, 3, 9, 5, 7, 10, 8), (1, 2, 3, 5, 6, 9, 4, 7, 8, 10), (2, 1, 7, 3, 4, 5, 8, 6, 9, 10), (8, 1, 2, 4, 5, 3, 9, 10, 6, 7), (1, 3, 2, 4, 6, 5, 7, 9, 10, 8), (5, 1, 2, 3, 4, 7, 9, 10, 6, 8), (5, 6, 2, 8, 1, 3, 4, 7, 9, 10), (7, 1, 4, 3, 2, 9, 6, 8, 5, 10), (2, 1, 3, 6, 4, 7, 9, 5, 8, 10), (1, 2, 7, 3, 6, 5, 8, 4, 9, 10)}
M(AUB) = 
[[1, 2, 3, 4, 5, 6, 7, 9, 8, 10], [1, 2, 3, 4, 5, 7, 6, 9, 8, 10]]
Distance:157

(2)
A = 
{(1, 4, 2, 3, 8, 5, 9, 6, 7, 10), (1, 2, 10, 4, 6, 9, 3, 5, 7, 8), (3, 1, 6, 2, 7, 5, 4, 8, 10, 9), (3, 1, 4, 2, 9, 5, 8, 6, 10, 7), (1, 3, 2, 4, 5, 7, 6, 8, 9, 10), (2, 7, 3, 4, 1, 8, 6, 5, 10, 9), (7, 2, 6, 1, 3, 10, 5, 8, 4, 9), (1, 2, 3, 4, 5, 6, 7, 9, 10, 8), (1, 2, 3, 4, 5, 6, 7, 8, 9, 10), (4, 1, 8, 7, 3, 10, 2, 5, 9, 6)}
M(A) = 
[[1, 2, 3, 4, 5, 6, 7, 8, 9, 10], [1, 2, 3, 4, 5, 6, 7, 8, 10, 9]]
Distance: 91
B = 
{(1, 2, 3, 5, 4, 6, 7, 8, 9, 10), (1, 8, 4, 2, 3, 7, 5, 10, 9, 6), (4, 1, 2, 5, 6, 3, 7, 9, 10, 8), (3, 1, 2, 4, 6, 5, 7, 10, 8, 9), (1, 2, 6, 3, 5, 4, 7, 8, 9, 10), (3, 4, 6, 1, 8, 2, 7, 5, 9, 10), (1, 5, 6, 2, 4, 3, 10, 7, 8, 9), (1, 5, 6, 4, 2, 10, 3, 8, 9, 7), (4, 6, 3, 1, 5, 2, 7, 8, 10, 9), (4, 3, 1, 5, 2, 8, 9, 7, 10, 6)}
M(B) = 
[[1, 2, 3, 4, 5, 6, 7, 8, 9, 10], [1, 2, 3, 4, 5, 6, 7, 8, 10, 9]]
Distance: 84
M(A) inter A:
set()
M(B) inter B:
set()

AUB = 
{(1, 4, 2, 3, 8, 5, 9, 6, 7, 10), (1, 2, 10, 4, 6, 9, 3, 5, 7, 8), (3, 1, 6, 2, 7, 5, 4, 8, 10, 9), (3, 1, 4, 2, 9, 5, 8, 6, 10, 7), (1, 2, 3, 5, 4, 6, 7, 8, 9, 10), (1, 3, 2, 4, 5, 7, 6, 8, 9, 10), (1, 8, 4, 2, 3, 7, 5, 10, 9, 6), (4, 1, 2, 5, 6, 3, 7, 9, 10, 8), (2, 7, 3, 4, 1, 8, 6, 5, 10, 9), (3, 1, 2, 4, 6, 5, 7, 10, 8, 9), (7, 2, 6, 1, 3, 10, 5, 8, 4, 9), (1, 2, 6, 3, 5, 4, 7, 8, 9, 10), (3, 4, 6, 1, 8, 2, 7, 5, 9, 10), (1, 5, 6, 2, 4, 3, 10, 7, 8, 9), (1, 2, 3, 4, 5, 6, 7, 9, 10, 8), (1, 5, 6, 4, 2, 10, 3, 8, 9, 7), (1, 2, 3, 4, 5, 6, 7, 8, 9, 10), (4, 6, 3, 1, 5, 2, 7, 8, 10, 9), (4, 1, 8, 7, 3, 10, 2, 5, 9, 6), (4, 3, 1, 5, 2, 8, 9, 7, 10, 6)}
M(AUB) = 
[[1, 2, 3, 4, 5, 6, 7, 8, 9, 10], [1, 2, 3, 4, 5, 6, 7, 8, 10, 9]]
Distance:179

(3)
A = 
{(3, 1, 2, 7, 8, 5, 4, 10, 6, 9), (2, 5, 1, 4, 9, 6, 8, 3, 7, 10), (5, 1, 7, 3, 4, 2, 6, 8, 10, 9), (1, 6, 2, 7, 4, 3, 10, 5, 8, 9), (1, 2, 4, 3, 5, 8, 6, 7, 9, 10), (2, 4, 7, 1, 5, 3, 9, 6, 8, 10), (2, 1, 5, 3, 4, 7, 9, 6, 8, 10), (1, 2, 3, 4, 5, 6, 7, 9, 8, 10), (1, 2, 4, 5, 3, 9, 6, 10, 7, 8), (1, 4, 2, 6, 5, 3, 7, 8, 10, 9)}
M(A) = 
[[1, 2, 3, 4, 5, 6, 7, 8, 10, 9], [1, 2, 3, 5, 4, 6, 7, 8, 10, 9], [1, 2, 4, 3, 5, 6, 7, 8, 10, 9], [1, 2, 4, 5, 3, 6, 7, 8, 10, 9], [1, 2, 5, 3, 4, 6, 7, 8, 10, 9], [1, 2, 5, 4, 3, 6, 7, 8, 10, 9]]
Distance: 74
B = 
{(4, 3, 1, 6, 8, 2, 5, 7, 9, 10), (2, 4, 1, 3, 5, 8, 7, 6, 10, 9), (2, 1, 5, 3, 4, 7, 8, 6, 10, 9), (3, 6, 4, 1, 9, 5, 2, 10, 8, 7), (1, 3, 10, 5, 4, 2, 6, 9, 8, 7), (1, 7, 8, 2, 4, 5, 3, 9, 6, 10), (5, 2, 3, 1, 7, 6, 4, 8, 10, 9), (3, 1, 2, 5, 4, 6, 8, 7, 10, 9), (1, 2, 3, 6, 8, 5, 4, 10, 9, 7), (5, 1, 6, 4, 3, 10, 9, 2, 8, 7)}
M(B) = 
[[1, 2, 3, 4, 5, 6, 7, 8, 10, 9], [1, 2, 3, 5, 4, 6, 7, 8, 10, 9], [1, 2, 4, 3, 5, 6, 7, 8, 10, 9], [1, 2, 4, 5, 3, 6, 7, 8, 10, 9], [1, 2, 5, 3, 4, 6, 7, 8, 10, 9], [1, 2, 5, 4, 3, 6, 7, 8, 10, 9]]
Distance: 98
M(A) inter A:
set()
M(B) inter B:
set()

AUB = 
{(3, 1, 2, 7, 8, 5, 4, 10, 6, 9), (5, 1, 6, 4, 3, 10, 9, 2, 8, 7), (2, 5, 1, 4, 9, 6, 8, 3, 7, 10), (4, 3, 1, 6, 8, 2, 5, 7, 9, 10), (2, 4, 1, 3, 5, 8, 7, 6, 10, 9), (2, 1, 5, 3, 4, 7, 8, 6, 10, 9), (5, 1, 7, 3, 4, 2, 6, 8, 10, 9), (1, 6, 2, 7, 4, 3, 10, 5, 8, 9), (3, 6, 4, 1, 9, 5, 2, 10, 8, 7), (1, 3, 10, 5, 4, 2, 6, 9, 8, 7), (1, 7, 8, 2, 4, 5, 3, 9, 6, 10), (5, 2, 3, 1, 7, 6, 4, 8, 10, 9), (1, 2, 4, 3, 5, 8, 6, 7, 9, 10), (2, 4, 7, 1, 5, 3, 9, 6, 8, 10), (2, 1, 5, 3, 4, 7, 9, 6, 8, 10), (1, 2, 3, 4, 5, 6, 7, 9, 8, 10), (1, 2, 4, 5, 3, 9, 6, 10, 7, 8), (3, 1, 2, 5, 4, 6, 8, 7, 10, 9), (1, 4, 2, 6, 5, 3, 7, 8, 10, 9), (1, 2, 3, 6, 8, 5, 4, 10, 9, 7)}
M(AUB) = 
[[1, 2, 3, 4, 5, 6, 7, 8, 10, 9], [1, 2, 3, 5, 4, 6, 7, 8, 10, 9], [1, 2, 4, 3, 5, 6, 7, 8, 10, 9], [1, 2, 4, 5, 3, 6, 7, 8, 10, 9], [1, 2, 5, 3, 4, 6, 7, 8, 10, 9], [1, 2, 5, 4, 3, 6, 7, 8, 10, 9]]
Distance:184

(4)
A = 
{(2, 4, 1, 7, 6, 10, 8, 5, 3, 9), (2, 1, 3, 4, 5, 6, 8, 9, 10, 7), (1, 2, 4, 5, 10, 7, 9, 3, 6, 8), (2, 1, 3, 9, 5, 8, 4, 10, 6, 7), (2, 1, 3, 8, 6, 5, 9, 4, 7, 10), (1, 4, 3, 5, 6, 2, 10, 7, 8, 9), (1, 2, 3, 4, 5, 6, 7, 8, 9, 10), (2, 4, 1, 3, 5, 7, 6, 9, 10, 8), (1, 2, 3, 6, 4, 5, 7, 9, 8, 10), (8, 2, 4, 1, 5, 7, 3, 10, 6, 9)}
M(A) = 
[[1, 2, 3, 4, 5, 6, 8, 7, 9, 10], [1, 2, 3, 4, 5, 6, 7, 8, 9, 10]]
Distance: 83
B = 
{(5, 1, 2, 4, 3, 8, 7, 10, 6, 9), (1, 3, 7, 9, 2, 4, 8, 6, 5, 10), (1, 4, 3, 5, 2, 8, 10, 6, 9, 7), (1, 2, 3, 4, 5, 6, 8, 9, 7, 10), (1, 3, 2, 4, 5, 6, 7, 8, 9, 10), (4, 1, 2, 5, 3, 6, 7, 10, 9, 8), (1, 2, 6, 3, 7, 4, 5, 8, 9, 10), (3, 2, 8, 5, 4, 1, 6, 7, 9, 10), (1, 5, 9, 4, 6, 2, 3, 8, 10, 7), (1, 5, 3, 8, 2, 9, 4, 6, 10, 7)}
M(B) = 
[[1, 2, 3, 4, 5, 6, 8, 7, 9, 10], [1, 2, 3, 4, 5, 6, 7, 8, 9, 10]]
Distance: 84
M(A) inter A:
set()
M(B) inter B:
set()

AUB = 
{(2, 4, 1, 7, 6, 10, 8, 5, 3, 9), (5, 1, 2, 4, 3, 8, 7, 10, 6, 9), (1, 3, 7, 9, 2, 4, 8, 6, 5, 10), (1, 4, 3, 5, 2, 8, 10, 6, 9, 7), (2, 1, 3, 4, 5, 6, 8, 9, 10, 7), (1, 2, 4, 5, 10, 7, 9, 3, 6, 8), (1, 2, 3, 4, 5, 6, 8, 9, 7, 10), (1, 3, 2, 4, 5, 6, 7, 8, 9, 10), (4, 1, 2, 5, 3, 6, 7, 10, 9, 8), (1, 2, 6, 3, 7, 4, 5, 8, 9, 10), (3, 2, 8, 5, 4, 1, 6, 7, 9, 10), (2, 1, 3, 9, 5, 8, 4, 10, 6, 7), (2, 1, 3, 8, 6, 5, 9, 4, 7, 10), (1, 4, 3, 5, 6, 2, 10, 7, 8, 9), (1, 2, 3, 4, 5, 6, 7, 8, 9, 10), (1, 5, 9, 4, 6, 2, 3, 8, 10, 7), (2, 4, 1, 3, 5, 7, 6, 9, 10, 8), (1, 2, 3, 6, 4, 5, 7, 9, 8, 10), (8, 2, 4, 1, 5, 7, 3, 10, 6, 9), (1, 5, 3, 8, 2, 9, 4, 6, 10, 7)}
M(AUB) = 
[[1, 2, 3, 4, 5, 6, 8, 7, 9, 10], [1, 2, 3, 4, 5, 6, 7, 8, 9, 10]]
Distance:171

(5)
A = 
{(1, 2, 3, 4, 5, 8, 9, 6, 10, 7), (4, 3, 6, 2, 5, 7, 1, 8, 10, 9), (1, 3, 4, 2, 7, 5, 8, 9, 6, 10), (2, 3, 1, 6, 9, 5, 4, 8, 7, 10), (1, 3, 8, 4, 2, 6, 5, 7, 9, 10), (2, 3, 1, 4, 6, 9, 7, 5, 8, 10), (5, 4, 2, 1, 3, 7, 9, 10, 6, 8), (3, 2, 4, 1, 10, 5, 9, 6, 8, 7), (4, 2, 5, 1, 10, 3, 8, 7, 6, 9), (1, 3, 2, 5, 4, 7, 6, 10, 9, 8)}
M(A) = 
[[1, 2, 3, 4, 5, 6, 7, 8, 9, 10], [1, 2, 3, 4, 5, 6, 7, 8, 10, 9]]
Distance: 92
B = 
{(3, 2, 1, 8, 6, 7, 5, 10, 4, 9), (1, 10, 8, 2, 3, 4, 6, 5, 7, 9), (1, 5, 4, 2, 6, 3, 9, 10, 8, 7), (3, 1, 5, 2, 4, 6, 7, 10, 8, 9), (2, 1, 3, 7, 10, 4, 8, 6, 9, 5), (2, 1, 5, 4, 6, 3, 9, 8, 10, 7), (1, 2, 7, 5, 3, 8, 4, 9, 10, 6), (1, 2, 4, 3, 6, 7, 8, 5, 10, 9), (1, 2, 4, 3, 6, 5, 7, 8, 10, 9), (1, 4, 2, 5, 3, 7, 6, 8, 9, 10)}
M(B) = 
[[1, 2, 3, 4, 5, 6, 7, 8, 9, 10], [1, 2, 3, 4, 5, 6, 7, 8, 10, 9]]
Distance: 88
M(A) inter A:
set()
M(B) inter B:
{(1, 2, 4, 3, 6, 5, 7, 8, 10, 9)}

AUB = 
{(3, 2, 1, 8, 6, 7, 5, 10, 4, 9), (1, 10, 8, 2, 3, 4, 6, 5, 7, 9), (1, 2, 3, 4, 5, 8, 9, 6, 10, 7), (4, 3, 6, 2, 5, 7, 1, 8, 10, 9), (1, 5, 4, 2, 6, 3, 9, 10, 8, 7), (1, 3, 4, 2, 7, 5, 8, 9, 6, 10), (3, 1, 5, 2, 4, 6, 7, 10, 8, 9), (2, 1, 3, 7, 10, 4, 8, 6, 9, 5), (2, 3, 1, 6, 9, 5, 4, 8, 7, 10), (2, 1, 5, 4, 6, 3, 9, 8, 10, 7), (1, 3, 8, 4, 2, 6, 5, 7, 9, 10), (2, 3, 1, 4, 6, 9, 7, 5, 8, 10), (5, 4, 2, 1, 3, 7, 9, 10, 6, 8), (1, 2, 7, 5, 3, 8, 4, 9, 10, 6), (1, 2, 4, 3, 6, 7, 8, 5, 10, 9), (1, 2, 4, 3, 6, 5, 7, 8, 10, 9), (3, 2, 4, 1, 10, 5, 9, 6, 8, 7), (1, 4, 2, 5, 3, 7, 6, 8, 9, 10), (4, 2, 5, 1, 10, 3, 8, 7, 6, 9), (1, 3, 2, 5, 4, 7, 6, 10, 9, 8)}
M(AUB) = 
[[1, 2, 3, 4, 5, 6, 7, 8, 9, 10], [1, 2, 3, 4, 5, 6, 7, 8, 10, 9]]
Distance:184

(6)
A = 
{(2, 5, 1, 7, 4, 3, 10, 9, 6, 8), (3, 1, 2, 6, 4, 5, 7, 8, 9, 10), (2, 1, 6, 8, 4, 3, 7, 5, 9, 10), (2, 1, 3, 4, 5, 6, 7, 9, 8, 10), (1, 3, 4, 2, 8, 5, 6, 7, 10, 9), (1, 2, 3, 7, 5, 8, 6, 9, 4, 10), (1, 3, 5, 2, 4, 7, 6, 10, 8, 9), (1, 3, 2, 4, 7, 5, 6, 10, 8, 9), (2, 1, 5, 3, 6, 8, 4, 7, 9, 10), (2, 6, 3, 1, 8, 7, 4, 5, 10, 9)}
M(A) = 
[[1, 2, 3, 4, 5, 6, 7, 8, 9, 10], [1, 2, 3, 4, 5, 6, 7, 8, 10, 9]]
Distance: 72
B = 
{(1, 6, 4, 3, 8, 2, 7, 5, 10, 9), (4, 1, 2, 5, 3, 6, 7, 8, 9, 10), (1, 3, 2, 4, 5, 6, 7, 9, 8, 10), (4, 2, 1, 5, 6, 3, 7, 8, 9, 10), (3, 4, 2, 1, 5, 8, 6, 10, 9, 7), (2, 5, 1, 4, 7, 3, 6, 10, 9, 8), (1, 2, 3, 5, 4, 6, 7, 9, 8, 10), (1, 2, 5, 8, 4, 7, 3, 6, 10, 9), (6, 3, 5, 1, 8, 2, 10, 9, 4, 7), (8, 1, 4, 9, 5, 3, 2, 10, 7, 6)}
M(B) = 
[[1, 2, 3, 4, 5, 6, 7, 8, 9, 10], [1, 2, 3, 4, 5, 6, 7, 8, 10, 9]]
Distance: 92
M(A) inter A:
set()
M(B) inter B:
set()

AUB = 
{(8, 1, 4, 9, 5, 3, 2, 10, 7, 6), (2, 5, 1, 7, 4, 3, 10, 9, 6, 8), (1, 6, 4, 3, 8, 2, 7, 5, 10, 9), (3, 1, 2, 6, 4, 5, 7, 8, 9, 10), (4, 1, 2, 5, 3, 6, 7, 8, 9, 10), (2, 1, 6, 8, 4, 3, 7, 5, 9, 10), (2, 1, 3, 4, 5, 6, 7, 9, 8, 10), (1, 3, 4, 2, 8, 5, 6, 7, 10, 9), (1, 2, 3, 7, 5, 8, 6, 9, 4, 10), (1, 3, 2, 4, 5, 6, 7, 9, 8, 10), (1, 3, 5, 2, 4, 7, 6, 10, 8, 9), (4, 2, 1, 5, 6, 3, 7, 8, 9, 10), (1, 3, 2, 4, 7, 5, 6, 10, 8, 9), (3, 4, 2, 1, 5, 8, 6, 10, 9, 7), (2, 1, 5, 3, 6, 8, 4, 7, 9, 10), (2, 5, 1, 4, 7, 3, 6, 10, 9, 8), (1, 2, 3, 5, 4, 6, 7, 9, 8, 10), (1, 2, 5, 8, 4, 7, 3, 6, 10, 9), (2, 6, 3, 1, 8, 7, 4, 5, 10, 9), (6, 3, 5, 1, 8, 2, 10, 9, 4, 7)}
M(AUB) = 
[[1, 2, 3, 4, 5, 6, 7, 8, 9, 10], [1, 2, 3, 4, 5, 6, 7, 8, 10, 9]]
Distance:166

(7)
A = 
{(1, 3, 4, 2, 7, 9, 5, 6, 8, 10), (6, 3, 2, 1, 4, 5, 10, 7, 9, 8), (3, 5, 1, 4, 9, 2, 8, 10, 7, 6), (2, 1, 6, 3, 5, 4, 8, 9, 7, 10), (2, 3, 1, 5, 4, 6, 10, 9, 7, 8), (1, 2, 3, 4, 5, 6, 7, 8, 9, 10), (1, 4, 2, 6, 5, 3, 8, 7, 9, 10), (6, 1, 3, 4, 7, 5, 2, 9, 8, 10), (2, 4, 1, 8, 6, 10, 3, 9, 5, 7), (4, 1, 3, 2, 5, 7, 10, 9, 8, 6)}
M(A) = 
[[1, 3, 2, 4, 5, 6, 7, 8, 9, 10], [1, 3, 4, 2, 5, 6, 7, 8, 9, 10]]
Distance: 90
B = 
{(1, 5, 4, 3, 2, 7, 6, 10, 8, 9), (3, 2, 4, 7, 1, 5, 8, 6, 9, 10), (1, 2, 4, 3, 5, 6, 8, 9, 7, 10), (3, 1, 2, 4, 6, 9, 5, 7, 10, 8), (4, 6, 2, 1, 3, 5, 8, 9, 7, 10), (5, 3, 2, 4, 1, 6, 10, 7, 8, 9), (3, 6, 4, 2, 5, 1, 10, 9, 7, 8), (1, 3, 4, 2, 6, 5, 7, 8, 9, 10), (1, 2, 4, 3, 5, 7, 8, 6, 10, 9), (1, 3, 5, 4, 6, 2, 9, 7, 8, 10)}
M(B) = 
[[1, 3, 2, 4, 5, 6, 7, 8, 9, 10], [1, 3, 4, 2, 5, 6, 7, 8, 9, 10]]
Distance: 73
M(A) inter A:
set()
M(B) inter B:
set()

AUB = 
{(1, 2, 4, 3, 5, 7, 8, 6, 10, 9), (1, 3, 5, 4, 6, 2, 9, 7, 8, 10), (1, 5, 4, 3, 2, 7, 6, 10, 8, 9), (3, 2, 4, 7, 1, 5, 8, 6, 9, 10), (1, 3, 4, 2, 7, 9, 5, 6, 8, 10), (6, 3, 2, 1, 4, 5, 10, 7, 9, 8), (3, 5, 1, 4, 9, 2, 8, 10, 7, 6), (1, 2, 4, 3, 5, 6, 8, 9, 7, 10), (2, 1, 6, 3, 5, 4, 8, 9, 7, 10), (3, 1, 2, 4, 6, 9, 5, 7, 10, 8), (2, 3, 1, 5, 4, 6, 10, 9, 7, 8), (1, 2, 3, 4, 5, 6, 7, 8, 9, 10), (1, 4, 2, 6, 5, 3, 8, 7, 9, 10), (6, 1, 3, 4, 7, 5, 2, 9, 8, 10), (4, 6, 2, 1, 3, 5, 8, 9, 7, 10), (5, 3, 2, 4, 1, 6, 10, 7, 8, 9), (2, 4, 1, 8, 6, 10, 3, 9, 5, 7), (4, 1, 3, 2, 5, 7, 10, 9, 8, 6), (3, 6, 4, 2, 5, 1, 10, 9, 7, 8), (1, 3, 4, 2, 6, 5, 7, 8, 9, 10)}
M(AUB) = 
[[1, 3, 2, 4, 5, 6, 7, 8, 9, 10], [1, 3, 4, 2, 5, 6, 7, 8, 9, 10]]
Distance:165

(8)
A = 
{(2, 10, 7, 4, 9, 3, 6, 1, 5, 8), (1, 4, 3, 5, 7, 6, 2, 9, 10, 8), (1, 2, 3, 4, 5, 6, 7, 9, 10, 8), (2, 1, 4, 3, 8, 5, 10, 6, 9, 7), (6, 1, 7, 2, 5, 3, 4, 8, 9, 10), (2, 3, 6, 8, 1, 10, 4, 7, 5, 9), (2, 1, 5, 3, 4, 8, 7, 9, 6, 10), (3, 2, 4, 1, 5, 6, 10, 7, 8, 9), (2, 6, 1, 7, 8, 4, 5, 10, 3, 9), (1, 4, 2, 5, 3, 8, 7, 6, 9, 10)}
M(A) = 
[[2, 1, 3, 4, 5, 6, 7, 8, 9, 10], [2, 1, 3, 4, 5, 6, 7, 8, 10, 9]]
Distance: 102
B = 
{(2, 1, 5, 3, 6, 4, 8, 10, 7, 9), (1, 2, 3, 4, 5, 6, 9, 10, 7, 8), (2, 5, 1, 3, 6, 7, 10, 8, 4, 9), (6, 4, 1, 5, 10, 2, 7, 9, 3, 8), (2, 1, 3, 8, 5, 7, 6, 9, 4, 10), (1, 2, 4, 5, 3, 6, 9, 7, 8, 10), (1, 2, 3, 4, 5, 7, 6, 8, 9, 10), (4, 2, 1, 6, 7, 10, 3, 8, 9, 5), (3, 1, 2, 5, 4, 6, 8, 7, 10, 9), (2, 1, 3, 5, 8, 4, 9, 6, 10, 7)}
M(B) = 
[[2, 1, 3, 4, 5, 6, 7, 8, 9, 10], [2, 1, 3, 4, 5, 6, 7, 8, 10, 9]]
Distance: 81
M(A) inter A:
set()
M(B) inter B:
set()

AUB = 
{(2, 1, 5, 3, 6, 4, 8, 10, 7, 9), (2, 10, 7, 4, 9, 3, 6, 1, 5, 8), (1, 4, 3, 5, 7, 6, 2, 9, 10, 8), (1, 2, 3, 4, 5, 6, 9, 10, 7, 8), (2, 5, 1, 3, 6, 7, 10, 8, 4, 9), (6, 4, 1, 5, 10, 2, 7, 9, 3, 8), (2, 1, 3, 8, 5, 7, 6, 9, 4, 10), (1, 2, 3, 4, 5, 6, 7, 9, 10, 8), (1, 2, 4, 5, 3, 6, 9, 7, 8, 10), (2, 1, 4, 3, 8, 5, 10, 6, 9, 7), (1, 2, 3, 4, 5, 7, 6, 8, 9, 10), (6, 1, 7, 2, 5, 3, 4, 8, 9, 10), (2, 3, 6, 8, 1, 10, 4, 7, 5, 9), (4, 2, 1, 6, 7, 10, 3, 8, 9, 5), (3, 1, 2, 5, 4, 6, 8, 7, 10, 9), (2, 1, 5, 3, 4, 8, 7, 9, 6, 10), (3, 2, 4, 1, 5, 6, 10, 7, 8, 9), (2, 6, 1, 7, 8, 4, 5, 10, 3, 9), (1, 4, 2, 5, 3, 8, 7, 6, 9, 10), (2, 1, 3, 5, 8, 4, 9, 6, 10, 7)}
M(AUB) = 
[[2, 1, 3, 4, 5, 6, 7, 8, 9, 10], [2, 1, 3, 4, 5, 6, 7, 8, 10, 9]]
Distance:183

(9)
A = 
{(2, 1, 3, 4, 7, 5, 8, 6, 10, 9), (2, 1, 3, 5, 4, 8, 6, 7, 10, 9), (2, 3, 4, 1, 9, 8, 5, 6, 7, 10), (2, 6, 1, 10, 5, 3, 9, 8, 7, 4), (1, 2, 3, 4, 5, 6, 7, 8, 10, 9), (1, 2, 3, 6, 5, 4, 8, 7, 9, 10), (2, 1, 3, 4, 5, 7, 8, 9, 10, 6), (2, 4, 1, 5, 3, 8, 9, 6, 10, 7), (2, 1, 3, 4, 6, 7, 9, 5, 8, 10), (1, 4, 3, 2, 5, 7, 8, 10, 6, 9)}
M(A) = 
[[1, 2, 3, 4, 5, 6, 7, 8, 10, 9], [2, 1, 3, 4, 5, 6, 7, 8, 10, 9]]
Distance: 64
B = 
{(1, 2, 4, 10, 7, 3, 5, 6, 9, 8), (5, 1, 2, 6, 8, 4, 3, 10, 7, 9), (3, 1, 5, 2, 6, 9, 7, 4, 10, 8), (1, 2, 3, 4, 6, 7, 5, 9, 8, 10), (1, 3, 2, 10, 4, 5, 9, 7, 8, 6), (3, 5, 2, 7, 4, 1, 10, 8, 6, 9), (1, 2, 3, 4, 7, 6, 5, 9, 8, 10), (1, 3, 4, 2, 6, 7, 8, 5, 9, 10), (2, 1, 3, 6, 4, 5, 7, 8, 10, 9), (2, 3, 6, 4, 8, 7, 1, 5, 10, 9)}
M(B) = 
[[1, 2, 3, 4, 5, 6, 7, 8, 10, 9], [2, 1, 3, 4, 5, 6, 7, 8, 10, 9]]
Distance: 85
M(A) inter A:
{(1, 2, 3, 4, 5, 6, 7, 8, 10, 9)}
M(B) inter B:
set()

AUB = 
{(2, 1, 3, 4, 7, 5, 8, 6, 10, 9), (1, 2, 4, 10, 7, 3, 5, 6, 9, 8), (2, 1, 3, 5, 4, 8, 6, 7, 10, 9), (2, 3, 4, 1, 9, 8, 5, 6, 7, 10), (2, 6, 1, 10, 5, 3, 9, 8, 7, 4), (1, 2, 3, 4, 5, 6, 7, 8, 10, 9), (5, 1, 2, 6, 8, 4, 3, 10, 7, 9), (3, 1, 5, 2, 6, 9, 7, 4, 10, 8), (1, 2, 3, 4, 6, 7, 5, 9, 8, 10), (1, 2, 3, 6, 5, 4, 8, 7, 9, 10), (2, 1, 3, 4, 5, 7, 8, 9, 10, 6), (2, 4, 1, 5, 3, 8, 9, 6, 10, 7), (1, 3, 2, 10, 4, 5, 9, 7, 8, 6), (3, 5, 2, 7, 4, 1, 10, 8, 6, 9), (2, 1, 3, 4, 6, 7, 9, 5, 8, 10), (1, 4, 3, 2, 5, 7, 8, 10, 6, 9), (1, 2, 3, 4, 7, 6, 5, 9, 8, 10), (1, 3, 4, 2, 6, 7, 8, 5, 9, 10), (2, 1, 3, 6, 4, 5, 7, 8, 10, 9), (2, 3, 6, 4, 8, 7, 1, 5, 10, 9)}
M(AUB) = 
[[1, 2, 3, 4, 5, 6, 7, 8, 10, 9], [2, 1, 3, 4, 5, 6, 7, 8, 10, 9]]
Distance:155

(10)
A = 
{(4, 6, 3, 5, 2, 8, 10, 1, 9, 7), (1, 3, 4, 2, 8, 7, 5, 6, 10, 9), (1, 2, 3, 4, 5, 6, 7, 8, 9, 10), (2, 1, 4, 5, 3, 6, 7, 10, 8, 9), (2, 3, 7, 6, 5, 4, 1, 10, 9, 8), (1, 2, 4, 5, 3, 6, 8, 10, 7, 9), (2, 1, 3, 4, 5, 6, 7, 8, 9, 10), (3, 2, 1, 5, 4, 6, 8, 9, 7, 10), (2, 1, 4, 3, 5, 7, 9, 6, 8, 10), (1, 2, 3, 4, 6, 5, 7, 8, 9, 10)}
M(A) = 
[[2, 1, 3, 4, 5, 6, 7, 8, 9, 10]]
Distance: 62
B = 
{(3, 2, 1, 5, 7, 6, 8, 4, 9, 10), (2, 3, 1, 4, 5, 6, 7, 9, 8, 10), (5, 1, 2, 3, 4, 8, 6, 7, 9, 10), (2, 5, 1, 8, 7, 4, 3, 9, 10, 6), (2, 3, 6, 1, 4, 5, 7, 9, 8, 10), (2, 1, 3, 5, 7, 4, 9, 6, 10, 8), (1, 2, 3, 5, 6, 4, 7, 9, 8, 10), (3, 4, 1, 2, 6, 10, 5, 8, 7, 9), (4, 7, 1, 3, 5, 8, 6, 2, 10, 9), (3, 4, 2, 5, 1, 6, 9, 7, 10, 8)}
M(B) = 
[[2, 1, 3, 4, 5, 6, 7, 8, 9, 10]]
Distance: 78
M(A) inter A:
{(2, 1, 3, 4, 5, 6, 7, 8, 9, 10)}
M(B) inter B:
{(2, 3, 1, 4, 5, 6, 7, 9, 8, 10)}

AUB = 
{(4, 6, 3, 5, 2, 8, 10, 1, 9, 7), (3, 2, 1, 5, 7, 6, 8, 4, 9, 10), (2, 3, 1, 4, 5, 6, 7, 9, 8, 10), (5, 1, 2, 3, 4, 8, 6, 7, 9, 10), (2, 5, 1, 8, 7, 4, 3, 9, 10, 6), (3, 4, 2, 5, 1, 6, 9, 7, 10, 8), (2, 3, 6, 1, 4, 5, 7, 9, 8, 10), (1, 3, 4, 2, 8, 7, 5, 6, 10, 9), (2, 1, 3, 5, 7, 4, 9, 6, 10, 8), (1, 2, 3, 4, 5, 6, 7, 8, 9, 10), (2, 1, 4, 5, 3, 6, 7, 10, 8, 9), (2, 3, 7, 6, 5, 4, 1, 10, 9, 8), (1, 2, 3, 5, 6, 4, 7, 9, 8, 10), (1, 2, 4, 5, 3, 6, 8, 10, 7, 9), (2, 1, 3, 4, 5, 6, 7, 8, 9, 10), (3, 2, 1, 5, 4, 6, 8, 9, 7, 10), (2, 1, 4, 3, 5, 7, 9, 6, 8, 10), (3, 4, 1, 2, 6, 10, 5, 8, 7, 9), (1, 2, 3, 4, 6, 5, 7, 8, 9, 10), (4, 7, 1, 3, 5, 8, 6, 2, 10, 9)}
M(AUB) = 
[[2, 1, 3, 4, 5, 6, 7, 8, 9, 10]]
Distance:140

(11)
A = 
{(2, 3, 4, 10, 7, 1, 6, 5, 8, 9), (3, 4, 1, 2, 10, 6, 7, 8, 5, 9), (4, 1, 3, 2, 6, 5, 7, 8, 10, 9), (1, 3, 4, 2, 8, 5, 6, 7, 9, 10), (3, 1, 6, 7, 2, 5, 4, 8, 10, 9), (1, 3, 2, 5, 6, 4, 10, 7, 8, 9), (1, 2, 4, 3, 8, 7, 9, 5, 6, 10), (3, 6, 2, 4, 5, 7, 1, 8, 9, 10), (2, 1, 3, 5, 7, 4, 6, 8, 9, 10), (5, 2, 1, 9, 3, 8, 10, 7, 4, 6)}
M(A) = 
[[1, 3, 2, 4, 5, 6, 7, 8, 9, 10]]
Distance: 90
B = 
{(5, 1, 2, 4, 7, 6, 9, 10, 8, 3), (4, 1, 5, 6, 8, 3, 2, 9, 10, 7), (1, 4, 3, 2, 6, 7, 10, 8, 5, 9), (3, 2, 1, 4, 5, 6, 8, 7, 9, 10), (1, 4, 2, 3, 6, 5, 8, 9, 7, 10), (4, 3, 1, 2, 8, 5, 6, 9, 7, 10), (5, 1, 4, 3, 2, 7, 8, 9, 6, 10), (2, 1, 3, 5, 4, 6, 8, 9, 10, 7), (4, 1, 2, 5, 3, 9, 7, 10, 6, 8), (3, 2, 8, 1, 5, 4, 6, 7, 10, 9)}
M(B) = 
[[1, 3, 2, 4, 5, 6, 7, 8, 9, 10]]
Distance: 78
M(A) inter A:
set()
M(B) inter B:
set()

AUB = 
{(2, 3, 4, 10, 7, 1, 6, 5, 8, 9), (3, 4, 1, 2, 10, 6, 7, 8, 5, 9), (4, 1, 3, 2, 6, 5, 7, 8, 10, 9), (1, 3, 4, 2, 8, 5, 6, 7, 9, 10), (3, 1, 6, 7, 2, 5, 4, 8, 10, 9), (5, 1, 2, 4, 7, 6, 9, 10, 8, 3), (4, 1, 5, 6, 8, 3, 2, 9, 10, 7), (1, 4, 3, 2, 6, 7, 10, 8, 5, 9), (1, 3, 2, 5, 6, 4, 10, 7, 8, 9), (1, 2, 4, 3, 8, 7, 9, 5, 6, 10), (3, 6, 2, 4, 5, 7, 1, 8, 9, 10), (3, 2, 1, 4, 5, 6, 8, 7, 9, 10), (2, 1, 3, 5, 7, 4, 6, 8, 9, 10), (1, 4, 2, 3, 6, 5, 8, 9, 7, 10), (4, 3, 1, 2, 8, 5, 6, 9, 7, 10), (5, 1, 4, 3, 2, 7, 8, 9, 6, 10), (5, 2, 1, 9, 3, 8, 10, 7, 4, 6), (2, 1, 3, 5, 4, 6, 8, 9, 10, 7), (4, 1, 2, 5, 3, 9, 7, 10, 6, 8), (3, 2, 8, 1, 5, 4, 6, 7, 10, 9)}
M(AUB) = 
[[1, 3, 2, 4, 5, 6, 7, 8, 9, 10]]
Distance:176

(12)
A = 
{(1, 7, 2, 4, 3, 6, 5, 10, 8, 9), (1, 2, 5, 3, 4, 7, 6, 8, 10, 9), (2, 4, 1, 5, 3, 6, 7, 10, 8, 9), (2, 1, 4, 5, 7, 8, 6, 3, 10, 9), (4, 2, 1, 5, 3, 6, 8, 7, 9, 10), (5, 1, 2, 9, 3, 4, 6, 10, 7, 8), (1, 2, 3, 6, 4, 5, 7, 8, 10, 9), (6, 4, 10, 9, 3, 2, 1, 8, 7, 5), (2, 1, 4, 5, 3, 6, 7, 9, 10, 8), (2, 1, 6, 3, 5, 8, 4, 7, 9, 10)}
M(A) = 
[[2, 1, 3, 4, 5, 6, 7, 8, 9, 10]]
Distance: 79
B = 
{(5, 1, 2, 6, 3, 4, 8, 10, 9, 7), (3, 4, 5, 1, 7, 6, 2, 9, 10, 8), (2, 3, 1, 5, 6, 7, 4, 8, 9, 10), (3, 4, 2, 1, 5, 6, 7, 10, 9, 8), (2, 1, 4, 3, 7, 5, 8, 6, 9, 10), (3, 6, 4, 1, 2, 5, 7, 10, 9, 8), (2, 5, 3, 6, 4, 1, 9, 7, 10, 8), (1, 2, 3, 4, 5, 7, 6, 8, 9, 10), (2, 8, 3, 1, 5, 7, 4, 9, 6, 10), (1, 2, 3, 4, 6, 7, 9, 8, 5, 10)}
M(B) = 
[[2, 1, 3, 4, 5, 6, 7, 8, 9, 10]]
Distance: 77
M(A) inter A:
set()
M(B) inter B:
set()

AUB = 
{(5, 1, 2, 6, 3, 4, 8, 10, 9, 7), (1, 7, 2, 4, 3, 6, 5, 10, 8, 9), (3, 4, 5, 1, 7, 6, 2, 9, 10, 8), (1, 2, 5, 3, 4, 7, 6, 8, 10, 9), (2, 3, 1, 5, 6, 7, 4, 8, 9, 10), (2, 4, 1, 5, 3, 6, 7, 10, 8, 9), (2, 1, 4, 5, 7, 8, 6, 3, 10, 9), (4, 2, 1, 5, 3, 6, 8, 7, 9, 10), (3, 4, 2, 1, 5, 6, 7, 10, 9, 8), (2, 1, 4, 3, 7, 5, 8, 6, 9, 10), (3, 6, 4, 1, 2, 5, 7, 10, 9, 8), (5, 1, 2, 9, 3, 4, 6, 10, 7, 8), (1, 2, 3, 6, 4, 5, 7, 8, 10, 9), (2, 5, 3, 6, 4, 1, 9, 7, 10, 8), (1, 2, 3, 4, 5, 7, 6, 8, 9, 10), (6, 4, 10, 9, 3, 2, 1, 8, 7, 5), (2, 1, 4, 5, 3, 6, 7, 9, 10, 8), (2, 8, 3, 1, 5, 7, 4, 9, 6, 10), (2, 1, 6, 3, 5, 8, 4, 7, 9, 10), (1, 2, 3, 4, 6, 7, 9, 8, 5, 10)}
M(AUB) = 
[[2, 1, 3, 4, 5, 6, 7, 8, 9, 10]]
Distance:164

(13)
A = 
{(5, 1, 2, 4, 7, 8, 3, 10, 6, 9), (3, 4, 1, 2, 5, 9, 8, 10, 7, 6), (1, 3, 2, 5, 4, 6, 7, 9, 8, 10), (2, 1, 3, 5, 4, 6, 7, 9, 10, 8), (1, 6, 3, 8, 2, 4, 9, 7, 10, 5), (4, 2, 5, 8, 9, 1, 6, 3, 7, 10), (1, 2, 3, 4, 5, 7, 6, 8, 9, 10), (4, 2, 5, 1, 10, 7, 6, 3, 8, 9), (3, 5, 1, 4, 2, 7, 8, 6, 10, 9), (2, 5, 4, 3, 1, 8, 7, 10, 9, 6)}
M(A) = 
[[1, 2, 3, 4, 5, 6, 7, 8, 9, 10]]
Distance: 93
B = 
{(3, 1, 5, 9, 2, 6, 7, 8, 4, 10), (7, 3, 1, 4, 2, 5, 8, 6, 9, 10), (2, 5, 1, 4, 6, 8, 3, 9, 7, 10), (2, 1, 5, 6, 4, 9, 10, 3, 7, 8), (1, 4, 2, 3, 8, 6, 5, 10, 7, 9), (3, 1, 4, 2, 5, 6, 7, 9, 10, 8), (4, 3, 1, 6, 5, 2, 7, 8, 9, 10), (2, 4, 3, 1, 5, 7, 6, 9, 8, 10), (1, 3, 4, 5, 7, 6, 10, 9, 8, 2), (2, 5, 3, 4, 1, 6, 10, 7, 9, 8)}
M(B) = 
[[1, 2, 3, 4, 5, 6, 7, 8, 9, 10]]
Distance: 88
M(A) inter A:
set()
M(B) inter B:
set()

AUB = 
{(2, 5, 3, 4, 1, 6, 10, 7, 9, 8), (5, 1, 2, 4, 7, 8, 3, 10, 6, 9), (3, 1, 5, 9, 2, 6, 7, 8, 4, 10), (7, 3, 1, 4, 2, 5, 8, 6, 9, 10), (3, 4, 1, 2, 5, 9, 8, 10, 7, 6), (1, 3, 2, 5, 4, 6, 7, 9, 8, 10), (2, 1, 3, 5, 4, 6, 7, 9, 10, 8), (2, 5, 1, 4, 6, 8, 3, 9, 7, 10), (1, 6, 3, 8, 2, 4, 9, 7, 10, 5), (4, 2, 5, 8, 9, 1, 6, 3, 7, 10), (2, 1, 5, 6, 4, 9, 10, 3, 7, 8), (1, 4, 2, 3, 8, 6, 5, 10, 7, 9), (1, 2, 3, 4, 5, 7, 6, 8, 9, 10), (3, 1, 4, 2, 5, 6, 7, 9, 10, 8), (4, 3, 1, 6, 5, 2, 7, 8, 9, 10), (2, 4, 3, 1, 5, 7, 6, 9, 8, 10), (4, 2, 5, 1, 10, 7, 6, 3, 8, 9), (3, 5, 1, 4, 2, 7, 8, 6, 10, 9), (2, 5, 4, 3, 1, 8, 7, 10, 9, 6), (1, 3, 4, 5, 7, 6, 10, 9, 8, 2)}
M(AUB) = 
[[1, 2, 3, 4, 5, 6, 7, 8, 9, 10]]
Distance:187

(14)
A = 
{(1, 3, 4, 5, 6, 2, 8, 9, 10, 7), (2, 1, 3, 10, 5, 4, 8, 6, 9, 7), (2, 1, 4, 7, 3, 5, 10, 9, 6, 8), (1, 3, 2, 4, 5, 6, 7, 8, 10, 9), (1, 2, 3, 4, 5, 6, 7, 10, 9, 8), (5, 1, 3, 2, 6, 10, 4, 8, 7, 9), (1, 4, 2, 5, 3, 10, 8, 9, 7, 6), (2, 1, 4, 5, 3, 7, 9, 6, 10, 8), (3, 1, 4, 5, 7, 2, 6, 10, 8, 9), (2, 5, 3, 6, 4, 1, 9, 8, 10, 7)}
M(A) = 
[[1, 2, 3, 4, 5, 6, 8, 7, 9, 10]]
Distance: 75
B = 
{(1, 3, 4, 2, 6, 10, 5, 8, 9, 7), (1, 6, 4, 3, 9, 2, 8, 5, 7, 10), (1, 3, 5, 4, 8, 6, 2, 7, 9, 10), (1, 2, 4, 3, 6, 5, 8, 7, 9, 10), (1, 2, 3, 4, 5, 6, 7, 8, 9, 10), (2, 1, 5, 3, 6, 4, 7, 8, 9, 10), (1, 2, 5, 3, 7, 4, 6, 8, 9, 10), (1, 2, 4, 5, 3, 6, 8, 10, 7, 9), (1, 2, 3, 4, 5, 6, 7, 9, 8, 10), (1, 3, 2, 5, 6, 4, 8, 7, 9, 10)}
M(B) = 
[[1, 2, 3, 4, 5, 6, 8, 7, 9, 10]]
Distance: 49
M(A) inter A:
set()
M(B) inter B:
set()

AUB = 
{(1, 3, 4, 5, 6, 2, 8, 9, 10, 7), (1, 3, 4, 2, 6, 10, 5, 8, 9, 7), (2, 1, 3, 10, 5, 4, 8, 6, 9, 7), (2, 1, 4, 7, 3, 5, 10, 9, 6, 8), (1, 6, 4, 3, 9, 2, 8, 5, 7, 10), (1, 3, 2, 4, 5, 6, 7, 8, 10, 9), (1, 3, 5, 4, 8, 6, 2, 7, 9, 10), (1, 2, 3, 4, 5, 6, 7, 10, 9, 8), (5, 1, 3, 2, 6, 10, 4, 8, 7, 9), (1, 2, 4, 3, 6, 5, 8, 7, 9, 10), (1, 2, 3, 4, 5, 6, 7, 8, 9, 10), (2, 1, 5, 3, 6, 4, 7, 8, 9, 10), (1, 4, 2, 5, 3, 10, 8, 9, 7, 6), (2, 1, 4, 5, 3, 7, 9, 6, 10, 8), (3, 1, 4, 5, 7, 2, 6, 10, 8, 9), (1, 2, 5, 3, 7, 4, 6, 8, 9, 10), (1, 2, 4, 5, 3, 6, 8, 10, 7, 9), (1, 2, 3, 4, 5, 6, 7, 9, 8, 10), (2, 5, 3, 6, 4, 1, 9, 8, 10, 7), (1, 3, 2, 5, 6, 4, 8, 7, 9, 10)}
M(AUB) = 
[[1, 2, 3, 4, 5, 6, 8, 7, 9, 10]]
Distance:132

(15)
A = 
{(2, 6, 1, 3, 4, 7, 8, 5, 9, 10), (5, 3, 2, 1, 8, 7, 9, 6, 4, 10), (3, 1, 2, 8, 7, 5, 9, 6, 4, 10), (4, 1, 2, 5, 8, 3, 6, 7, 10, 9), (4, 1, 3, 2, 8, 7, 6, 10, 5, 9), (1, 2, 3, 5, 6, 7, 10, 4, 9, 8), (3, 7, 1, 4, 6, 2, 8, 9, 5, 10), (1, 2, 7, 6, 3, 5, 9, 8, 10, 4), (4, 2, 3, 1, 6, 5, 8, 10, 9, 7), (2, 3, 1, 5, 4, 7, 6, 10, 8, 9)}
M(A) = 
[[1, 2, 3, 4, 6, 5, 7, 8, 9, 10], [1, 2, 3, 6, 4, 5, 7, 8, 9, 10]]
Distance: 100
B = 
{(2, 6, 3, 1, 5, 4, 8, 10, 7, 9), (3, 4, 5, 1, 2, 6, 7, 10, 9, 8), (3, 1, 2, 6, 4, 5, 8, 9, 10, 7), (2, 4, 1, 6, 8, 5, 3, 7, 10, 9), (3, 4, 1, 5, 2, 6, 7, 8, 9, 10), (7, 2, 1, 6, 8, 3, 9, 10, 5, 4), (6, 1, 4, 3, 5, 8, 2, 9, 10, 7), (2, 1, 6, 3, 4, 7, 5, 8, 9, 10), (1, 2, 4, 3, 5, 6, 9, 7, 8, 10), (1, 3, 4, 2, 5, 7, 9, 6, 10, 8)}
M(B) = 
[[1, 2, 3, 4, 6, 5, 7, 8, 9, 10], [1, 2, 3, 6, 4, 5, 7, 8, 9, 10]]
Distance: 84
M(A) inter A:
set()
M(B) inter B:
set()

AUB = 
{(2, 6, 1, 3, 4, 7, 8, 5, 9, 10), (5, 3, 2, 1, 8, 7, 9, 6, 4, 10), (2, 6, 3, 1, 5, 4, 8, 10, 7, 9), (3, 4, 5, 1, 2, 6, 7, 10, 9, 8), (3, 1, 2, 6, 4, 5, 8, 9, 10, 7), (2, 4, 1, 6, 8, 5, 3, 7, 10, 9), (3, 1, 2, 8, 7, 5, 9, 6, 4, 10), (4, 1, 2, 5, 8, 3, 6, 7, 10, 9), (4, 1, 3, 2, 8, 7, 6, 10, 5, 9), (1, 3, 4, 2, 5, 7, 9, 6, 10, 8), (1, 2, 3, 5, 6, 7, 10, 4, 9, 8), (3, 7, 1, 4, 6, 2, 8, 9, 5, 10), (1, 2, 7, 6, 3, 5, 9, 8, 10, 4), (3, 4, 1, 5, 2, 6, 7, 8, 9, 10), (7, 2, 1, 6, 8, 3, 9, 10, 5, 4), (6, 1, 4, 3, 5, 8, 2, 9, 10, 7), (2, 1, 6, 3, 4, 7, 5, 8, 9, 10), (4, 2, 3, 1, 6, 5, 8, 10, 9, 7), (2, 3, 1, 5, 4, 7, 6, 10, 8, 9), (1, 2, 4, 3, 5, 6, 9, 7, 8, 10)}
M(AUB) = 
[[1, 2, 3, 4, 6, 5, 7, 8, 9, 10], [1, 2, 3, 6, 4, 5, 7, 8, 9, 10]]
Distance:186

(16)
A = 
{(6, 2, 8, 3, 7, 1, 10, 5, 4, 9), (2, 1, 4, 5, 3, 8, 10, 7, 6, 9), (1, 2, 7, 4, 6, 5, 3, 10, 9, 8), (1, 2, 3, 4, 5, 6, 7, 8, 10, 9), (1, 3, 2, 9, 5, 8, 7, 10, 6, 4), (2, 1, 4, 3, 5, 7, 8, 6, 9, 10), (5, 1, 6, 10, 2, 8, 7, 3, 4, 9), (1, 3, 5, 2, 7, 4, 6, 8, 9, 10), (1, 2, 3, 5, 7, 9, 6, 4, 10, 8), (2, 4, 3, 1, 5, 8, 9, 6, 7, 10)}
M(A) = 
[[1, 2, 3, 4, 5, 6, 7, 8, 9, 10], [1, 2, 3, 4, 5, 7, 6, 8, 9, 10]]
Distance: 94
B = 
{(4, 3, 2, 1, 7, 5, 6, 8, 9, 10), (2, 3, 1, 5, 4, 7, 6, 8, 9, 10), (1, 3, 6, 4, 2, 5, 7, 8, 10, 9), (7, 2, 4, 3, 5, 1, 8, 9, 10, 6), (3, 1, 5, 2, 4, 6, 7, 9, 10, 8), (7, 1, 5, 6, 2, 9, 8, 4, 10, 3), (1, 2, 3, 4, 6, 5, 7, 9, 8, 10), (1, 4, 2, 10, 5, 3, 6, 7, 8, 9), (4, 1, 5, 3, 10, 2, 8, 6, 7, 9), (1, 2, 3, 4, 6, 5, 7, 8, 9, 10)}
M(B) = 
[[1, 2, 3, 4, 5, 6, 7, 8, 9, 10], [1, 2, 3, 4, 5, 7, 6, 8, 9, 10]]
Distance: 82
M(A) inter A:
set()
M(B) inter B:
set()

AUB = 
{(6, 2, 8, 3, 7, 1, 10, 5, 4, 9), (1, 2, 3, 4, 6, 5, 7, 8, 9, 10), (4, 3, 2, 1, 7, 5, 6, 8, 9, 10), (2, 3, 1, 5, 4, 7, 6, 8, 9, 10), (2, 1, 4, 5, 3, 8, 10, 7, 6, 9), (1, 3, 6, 4, 2, 5, 7, 8, 10, 9), (1, 2, 7, 4, 6, 5, 3, 10, 9, 8), (1, 2, 3, 4, 5, 6, 7, 8, 10, 9), (7, 2, 4, 3, 5, 1, 8, 9, 10, 6), (3, 1, 5, 2, 4, 6, 7, 9, 10, 8), (1, 3, 2, 9, 5, 8, 7, 10, 6, 4), (2, 1, 4, 3, 5, 7, 8, 6, 9, 10), (7, 1, 5, 6, 2, 9, 8, 4, 10, 3), (1, 2, 3, 4, 6, 5, 7, 9, 8, 10), (1, 4, 2, 10, 5, 3, 6, 7, 8, 9), (5, 1, 6, 10, 2, 8, 7, 3, 4, 9), (1, 3, 5, 2, 7, 4, 6, 8, 9, 10), (4, 1, 5, 3, 10, 2, 8, 6, 7, 9), (1, 2, 3, 5, 7, 9, 6, 4, 10, 8), (2, 4, 3, 1, 5, 8, 9, 6, 7, 10)}
M(AUB) = 
[[1, 2, 3, 4, 5, 6, 7, 8, 9, 10], [1, 2, 3, 4, 5, 7, 6, 8, 9, 10]]
Distance:180

(17)
A = 
{(4, 2, 6, 1, 5, 3, 9, 8, 10, 7), (5, 1, 3, 2, 8, 4, 10, 7, 9, 6), (3, 1, 2, 7, 4, 5, 6, 9, 8, 10), (1, 3, 2, 8, 6, 5, 4, 7, 9, 10), (2, 3, 1, 4, 6, 5, 7, 8, 9, 10), (2, 1, 4, 3, 5, 6, 8, 7, 9, 10), (5, 2, 3, 4, 1, 6, 7, 9, 10, 8), (1, 2, 4, 3, 6, 7, 5, 8, 10, 9), (1, 2, 4, 3, 5, 6, 8, 7, 10, 9), (3, 2, 1, 6, 4, 8, 10, 5, 7, 9)}
M(A) = 
[[1, 2, 3, 4, 5, 6, 7, 8, 10, 9], [1, 3, 2, 4, 5, 6, 7, 8, 10, 9]]
Distance: 69
B = 
{(3, 5, 1, 2, 9, 6, 7, 8, 10, 4), (1, 5, 6, 3, 2, 7, 8, 10, 9, 4), (4, 6, 2, 1, 3, 10, 5, 7, 9, 8), (3, 2, 1, 5, 4, 8, 6, 10, 7, 9), (2, 1, 4, 3, 5, 6, 7, 8, 9, 10), (2, 1, 4, 5, 3, 6, 7, 9, 8, 10), (3, 1, 4, 5, 6, 2, 10, 8, 9, 7), (4, 1, 3, 2, 7, 6, 5, 10, 8, 9), (1, 5, 2, 3, 7, 8, 4, 6, 10, 9), (3, 1, 4, 5, 2, 6, 10, 8, 7, 9)}
M(B) = 
[[1, 2, 3, 4, 5, 6, 7, 8, 10, 9], [1, 3, 2, 4, 5, 6, 7, 8, 10, 9]]
Distance: 81
M(A) inter A:
set()
M(B) inter B:
set()

AUB = 
{(4, 2, 6, 1, 5, 3, 9, 8, 10, 7), (3, 1, 4, 5, 2, 6, 10, 8, 7, 9), (3, 5, 1, 2, 9, 6, 7, 8, 10, 4), (5, 1, 3, 2, 8, 4, 10, 7, 9, 6), (1, 5, 6, 3, 2, 7, 8, 10, 9, 4), (3, 1, 2, 7, 4, 5, 6, 9, 8, 10), (1, 3, 2, 8, 6, 5, 4, 7, 9, 10), (4, 6, 2, 1, 3, 10, 5, 7, 9, 8), (2, 3, 1, 4, 6, 5, 7, 8, 9, 10), (3, 2, 1, 5, 4, 8, 6, 10, 7, 9), (2, 1, 4, 3, 5, 6, 8, 7, 9, 10), (2, 1, 4, 3, 5, 6, 7, 8, 9, 10), (2, 1, 4, 5, 3, 6, 7, 9, 8, 10), (5, 2, 3, 4, 1, 6, 7, 9, 10, 8), (3, 1, 4, 5, 6, 2, 10, 8, 9, 7), (1, 2, 4, 3, 6, 7, 5, 8, 10, 9), (4, 1, 3, 2, 7, 6, 5, 10, 8, 9), (1, 5, 2, 3, 7, 8, 4, 6, 10, 9), (1, 2, 4, 3, 5, 6, 8, 7, 10, 9), (3, 2, 1, 6, 4, 8, 10, 5, 7, 9)}
M(AUB) = 
[[1, 2, 3, 4, 5, 6, 7, 8, 10, 9], [1, 3, 2, 4, 5, 6, 7, 8, 10, 9]]
Distance:156

(18)
A = 
{(6, 1, 2, 3, 7, 4, 5, 8, 9, 10), (1, 3, 5, 4, 2, 9, 7, 6, 10, 8), (1, 3, 2, 4, 5, 6, 8, 7, 9, 10), (1, 2, 3, 7, 5, 6, 8, 4, 10, 9), (1, 3, 5, 4, 6, 8, 2, 7, 9, 10), (2, 4, 1, 7, 5, 3, 10, 9, 6, 8), (1, 2, 4, 3, 5, 6, 8, 7, 9, 10), (2, 3, 1, 5, 4, 6, 7, 8, 10, 9), (2, 1, 3, 5, 6, 4, 8, 9, 10, 7), (2, 1, 3, 4, 5, 8, 6, 7, 9, 10)}
M(A) = 
[[2, 1, 3, 4, 5, 6, 7, 8, 9, 10]]
Distance: 59
B = 
{(2, 1, 4, 3, 6, 5, 10, 7, 9, 8), (2, 1, 3, 5, 8, 4, 9, 10, 7, 6), (4, 5, 2, 1, 10, 3, 8, 7, 6, 9), (4, 5, 3, 2, 1, 7, 8, 6, 9, 10), (2, 6, 7, 1, 3, 4, 5, 8, 9, 10), (2, 3, 1, 4, 6, 8, 10, 5, 7, 9), (1, 3, 2, 9, 4, 5, 8, 7, 10, 6), (1, 2, 6, 4, 7, 5, 3, 9, 8, 10), (3, 2, 4, 1, 7, 5, 8, 10, 6, 9), (3, 1, 7, 6, 2, 4, 8, 5, 9, 10)}
M(B) = 
[[2, 1, 3, 4, 5, 6, 7, 8, 9, 10]]
Distance: 91
M(A) inter A:
set()
M(B) inter B:
set()

AUB = 
{(3, 1, 7, 6, 2, 4, 8, 5, 9, 10), (6, 1, 2, 3, 7, 4, 5, 8, 9, 10), (1, 3, 5, 4, 2, 9, 7, 6, 10, 8), (2, 1, 4, 3, 6, 5, 10, 7, 9, 8), (1, 3, 2, 4, 5, 6, 8, 7, 9, 10), (2, 1, 3, 5, 8, 4, 9, 10, 7, 6), (1, 2, 3, 7, 5, 6, 8, 4, 10, 9), (1, 3, 5, 4, 6, 8, 2, 7, 9, 10), (2, 4, 1, 7, 5, 3, 10, 9, 6, 8), (4, 5, 2, 1, 10, 3, 8, 7, 6, 9), (4, 5, 3, 2, 1, 7, 8, 6, 9, 10), (2, 6, 7, 1, 3, 4, 5, 8, 9, 10), (1, 2, 4, 3, 5, 6, 8, 7, 9, 10), (2, 3, 1, 4, 6, 8, 10, 5, 7, 9), (2, 3, 1, 5, 4, 6, 7, 8, 10, 9), (2, 1, 3, 5, 6, 4, 8, 9, 10, 7), (2, 1, 3, 4, 5, 8, 6, 7, 9, 10), (1, 3, 2, 9, 4, 5, 8, 7, 10, 6), (1, 2, 6, 4, 7, 5, 3, 9, 8, 10), (3, 2, 4, 1, 7, 5, 8, 10, 6, 9)}
M(AUB) = 
[[2, 1, 3, 4, 5, 6, 7, 8, 9, 10]]
Distance:154

(19)
A = 
{(4, 1, 2, 5, 6, 3, 8, 7, 10, 9), (2, 5, 1, 4, 6, 9, 3, 8, 10, 7), (1, 3, 2, 5, 4, 6, 8, 9, 10, 7), (3, 1, 5, 2, 6, 8, 7, 10, 4, 9), (1, 3, 7, 6, 4, 2, 10, 9, 5, 8), (1, 2, 7, 4, 6, 5, 3, 9, 8, 10), (1, 3, 5, 6, 2, 7, 9, 4, 8, 10), (5, 1, 2, 3, 6, 4, 10, 8, 7, 9), (1, 2, 4, 3, 5, 6, 7, 8, 9, 10), (1, 2, 4, 3, 5, 6, 8, 7, 9, 10)}
M(A) = 
[[1, 2, 3, 4, 5, 6, 8, 7, 9, 10], [1, 2, 3, 4, 5, 6, 8, 7, 10, 9], [1, 2, 4, 3, 5, 6, 8, 7, 9, 10], [1, 2, 4, 3, 5, 6, 8, 7, 10, 9]]
Distance: 74
B = 
{(2, 3, 4, 1, 7, 6, 10, 5, 8, 9), (2, 4, 1, 3, 5, 7, 8, 6, 10, 9), (1, 3, 2, 6, 4, 8, 5, 9, 10, 7), (1, 2, 6, 4, 8, 10, 3, 5, 7, 9), (1, 6, 3, 2, 4, 7, 5, 10, 8, 9), (1, 2, 3, 4, 5, 6, 7, 8, 9, 10), (4, 5, 1, 10, 2, 8, 6, 3, 7, 9), (3, 2, 1, 7, 8, 4, 6, 5, 10, 9), (2, 1, 4, 3, 6, 5, 8, 9, 7, 10), (2, 4, 3, 1, 5, 6, 8, 9, 7, 10)}
M(B) = 
[[1, 2, 3, 4, 5, 6, 8, 7, 9, 10], [1, 2, 3, 4, 5, 6, 8, 7, 10, 9], [1, 2, 4, 3, 5, 6, 8, 7, 9, 10], [1, 2, 4, 3, 5, 6, 8, 7, 10, 9]]
Distance: 75
M(A) inter A:
set()
M(B) inter B:
set()

AUB = 
{(2, 3, 4, 1, 7, 6, 10, 5, 8, 9), (4, 1, 2, 5, 6, 3, 8, 7, 10, 9), (2, 5, 1, 4, 6, 9, 3, 8, 10, 7), (1, 3, 2, 5, 4, 6, 8, 9, 10, 7), (2, 4, 1, 3, 5, 7, 8, 6, 10, 9), (1, 3, 2, 6, 4, 8, 5, 9, 10, 7), (1, 2, 6, 4, 8, 10, 3, 5, 7, 9), (3, 1, 5, 2, 6, 8, 7, 10, 4, 9), (1, 3, 7, 6, 4, 2, 10, 9, 5, 8), (1, 2, 7, 4, 6, 5, 3, 9, 8, 10), (1, 3, 5, 6, 2, 7, 9, 4, 8, 10), (5, 1, 2, 3, 6, 4, 10, 8, 7, 9), (1, 6, 3, 2, 4, 7, 5, 10, 8, 9), (1, 2, 4, 3, 5, 6, 7, 8, 9, 10), (1, 2, 4, 3, 5, 6, 8, 7, 9, 10), (1, 2, 3, 4, 5, 6, 7, 8, 9, 10), (4, 5, 1, 10, 2, 8, 6, 3, 7, 9), (3, 2, 1, 7, 8, 4, 6, 5, 10, 9), (2, 1, 4, 3, 6, 5, 8, 9, 7, 10), (2, 4, 3, 1, 5, 6, 8, 9, 7, 10)}
M(AUB) = 
[[1, 2, 3, 4, 5, 6, 8, 7, 9, 10], [1, 2, 3, 4, 5, 6, 8, 7, 10, 9], [1, 2, 4, 3, 5, 6, 8, 7, 9, 10], [1, 2, 4, 3, 5, 6, 8, 7, 10, 9]]
Distance:153

(20)
A = 
{(1, 2, 5, 4, 3, 9, 6, 10, 7, 8), (2, 3, 4, 1, 7, 5, 9, 6, 10, 8), (3, 1, 2, 4, 5, 6, 7, 9, 8, 10), (1, 3, 4, 2, 6, 5, 9, 8, 10, 7), (4, 1, 2, 3, 7, 5, 9, 8, 10, 6), (1, 4, 2, 3, 7, 6, 10, 5, 8, 9), (3, 1, 2, 6, 4, 5, 7, 9, 8, 10), (1, 3, 2, 6, 8, 4, 7, 9, 5, 10), (2, 3, 4, 1, 5, 6, 10, 8, 9, 7), (2, 1, 3, 6, 5, 4, 7, 8, 9, 10)}
M(A) = 
[[1, 2, 3, 4, 5, 6, 7, 8, 9, 10], [1, 3, 2, 4, 5, 6, 7, 8, 9, 10]]
Distance: 66
B = 
{(1, 3, 4, 2, 5, 6, 7, 8, 9, 10), (3, 2, 5, 4, 1, 8, 7, 10, 9, 6), (1, 3, 4, 5, 6, 8, 2, 9, 7, 10), (3, 2, 1, 5, 7, 4, 9, 8, 6, 10), (5, 3, 1, 4, 6, 2, 9, 8, 7, 10), (2, 3, 6, 1, 5, 7, 8, 4, 10, 9), (2, 1, 3, 4, 5, 6, 7, 8, 9, 10), (4, 3, 2, 9, 1, 10, 6, 5, 7, 8), (2, 4, 1, 5, 3, 6, 8, 7, 10, 9), (1, 2, 3, 4, 6, 5, 7, 8, 9, 10)}
M(B) = 
[[1, 2, 3, 4, 5, 6, 7, 8, 9, 10], [1, 3, 2, 4, 5, 6, 7, 8, 9, 10]]
Distance: 70
M(A) inter A:
set()
M(B) inter B:
set()

AUB = 
{(1, 2, 5, 4, 3, 9, 6, 10, 7, 8), (1, 3, 4, 2, 5, 6, 7, 8, 9, 10), (2, 3, 4, 1, 7, 5, 9, 6, 10, 8), (3, 2, 5, 4, 1, 8, 7, 10, 9, 6), (3, 1, 2, 4, 5, 6, 7, 9, 8, 10), (1, 3, 4, 5, 6, 8, 2, 9, 7, 10), (1, 3, 4, 2, 6, 5, 9, 8, 10, 7), (4, 1, 2, 3, 7, 5, 9, 8, 10, 6), (3, 2, 1, 5, 7, 4, 9, 8, 6, 10), (5, 3, 1, 4, 6, 2, 9, 8, 7, 10), (2, 3, 6, 1, 5, 7, 8, 4, 10, 9), (1, 4, 2, 3, 7, 6, 10, 5, 8, 9), (3, 1, 2, 6, 4, 5, 7, 9, 8, 10), (1, 3, 2, 6, 8, 4, 7, 9, 5, 10), (2, 3, 4, 1, 5, 6, 10, 8, 9, 7), (2, 1, 3, 4, 5, 6, 7, 8, 9, 10), (4, 3, 2, 9, 1, 10, 6, 5, 7, 8), (2, 4, 1, 5, 3, 6, 8, 7, 10, 9), (2, 1, 3, 6, 5, 4, 7, 8, 9, 10), (1, 2, 3, 4, 6, 5, 7, 8, 9, 10)}
M(AUB) = 
[[1, 2, 3, 4, 5, 6, 7, 8, 9, 10], [1, 3, 2, 4, 5, 6, 7, 8, 9, 10]]
Distance:142

(21)
A = 
{(2, 1, 5, 4, 3, 6, 9, 7, 8, 10), (1, 2, 8, 10, 3, 9, 4, 6, 5, 7), (2, 1, 4, 3, 8, 7, 5, 6, 9, 10), (1, 3, 2, 4, 5, 7, 6, 8, 9, 10), (2, 1, 3, 4, 6, 9, 5, 8, 7, 10), (5, 4, 2, 1, 3, 7, 6, 8, 10, 9), (2, 5, 1, 3, 6, 9, 4, 10, 8, 7), (1, 2, 3, 4, 5, 8, 6, 7, 9, 10), (4, 6, 2, 3, 1, 5, 7, 9, 10, 8), (3, 2, 4, 7, 1, 5, 6, 8, 10, 9)}
M(A) = 
[[2, 1, 3, 5, 4, 6, 7, 8, 9, 10]]
Distance: 75
B = 
{(1, 2, 3, 5, 4, 6, 7, 8, 9, 10), (1, 2, 3, 5, 4, 8, 7, 6, 9, 10), (1, 5, 3, 2, 4, 7, 6, 10, 8, 9), (6, 2, 1, 3, 5, 7, 4, 10, 8, 9), (4, 5, 7, 6, 2, 1, 3, 10, 8, 9), (2, 1, 7, 3, 5, 4, 6, 10, 8, 9), (1, 2, 3, 5, 4, 6, 9, 7, 8, 10), (6, 2, 3, 4, 1, 7, 8, 10, 5, 9), (2, 3, 6, 7, 1, 9, 8, 5, 10, 4), (3, 6, 5, 2, 10, 1, 7, 9, 4, 8)}
M(B) = 
[[2, 1, 3, 5, 4, 6, 7, 8, 9, 10]]
Distance: 84
M(A) inter A:
set()
M(B) inter B:
set()

AUB = 
{(2, 1, 5, 4, 3, 6, 9, 7, 8, 10), (1, 2, 8, 10, 3, 9, 4, 6, 5, 7), (2, 1, 4, 3, 8, 7, 5, 6, 9, 10), (1, 2, 3, 5, 4, 6, 7, 8, 9, 10), (1, 3, 2, 4, 5, 7, 6, 8, 9, 10), (2, 1, 3, 4, 6, 9, 5, 8, 7, 10), (5, 4, 2, 1, 3, 7, 6, 8, 10, 9), (1, 2, 3, 5, 4, 8, 7, 6, 9, 10), (1, 5, 3, 2, 4, 7, 6, 10, 8, 9), (6, 2, 1, 3, 5, 7, 4, 10, 8, 9), (2, 5, 1, 3, 6, 9, 4, 10, 8, 7), (4, 5, 7, 6, 2, 1, 3, 10, 8, 9), (2, 1, 7, 3, 5, 4, 6, 10, 8, 9), (1, 2, 3, 4, 5, 8, 6, 7, 9, 10), (4, 6, 2, 3, 1, 5, 7, 9, 10, 8), (1, 2, 3, 5, 4, 6, 9, 7, 8, 10), (3, 2, 4, 7, 1, 5, 6, 8, 10, 9), (6, 2, 3, 4, 1, 7, 8, 10, 5, 9), (2, 3, 6, 7, 1, 9, 8, 5, 10, 4), (3, 6, 5, 2, 10, 1, 7, 9, 4, 8)}
M(AUB) = 
[[2, 1, 3, 5, 4, 6, 7, 8, 9, 10]]
Distance:165

(22)
A = 
{(4, 3, 5, 1, 6, 10, 2, 9, 7, 8), (1, 2, 5, 4, 6, 3, 7, 9, 8, 10), (1, 2, 6, 5, 3, 4, 9, 7, 8, 10), (1, 2, 3, 4, 10, 6, 7, 8, 9, 5), (1, 3, 2, 4, 5, 6, 9, 7, 8, 10), (2, 3, 1, 4, 5, 6, 7, 8, 10, 9), (1, 3, 2, 5, 4, 6, 7, 8, 9, 10), (1, 3, 2, 5, 6, 4, 7, 8, 9, 10), (2, 3, 7, 4, 5, 1, 6, 9, 8, 10), (3, 2, 4, 6, 5, 1, 7, 8, 9, 10)}
M(A) = 
[[1, 2, 3, 4, 5, 6, 7, 8, 9, 10]]
Distance: 62
B = 
{(2, 1, 3, 4, 5, 6, 8, 7, 10, 9), (2, 1, 3, 4, 8, 10, 6, 5, 7, 9), (1, 2, 4, 3, 5, 6, 8, 9, 7, 10), (1, 2, 3, 7, 8, 4, 6, 9, 5, 10), (2, 1, 4, 5, 6, 9, 3, 7, 8, 10), (3, 2, 1, 5, 6, 7, 4, 8, 10, 9), (1, 2, 3, 4, 5, 7, 8, 10, 6, 9), (1, 2, 3, 4, 5, 8, 6, 7, 9, 10), (5, 1, 3, 4, 10, 2, 7, 9, 6, 8), (3, 1, 2, 7, 4, 5, 8, 6, 9, 10)}
M(B) = 
[[1, 2, 3, 4, 5, 6, 7, 8, 9, 10]]
Distance: 63
M(A) inter A:
set()
M(B) inter B:
set()

AUB = 
{(4, 3, 5, 1, 6, 10, 2, 9, 7, 8), (2, 1, 3, 4, 5, 6, 8, 7, 10, 9), (1, 2, 5, 4, 6, 3, 7, 9, 8, 10), (1, 2, 6, 5, 3, 4, 9, 7, 8, 10), (1, 2, 3, 4, 10, 6, 7, 8, 9, 5), (2, 1, 3, 4, 8, 10, 6, 5, 7, 9), (1, 2, 4, 3, 5, 6, 8, 9, 7, 10), (1, 3, 2, 4, 5, 6, 9, 7, 8, 10), (1, 2, 3, 7, 8, 4, 6, 9, 5, 10), (2, 1, 4, 5, 6, 9, 3, 7, 8, 10), (3, 2, 1, 5, 6, 7, 4, 8, 10, 9), (1, 2, 3, 4, 5, 7, 8, 10, 6, 9), (1, 2, 3, 4, 5, 8, 6, 7, 9, 10), (5, 1, 3, 4, 10, 2, 7, 9, 6, 8), (2, 3, 1, 4, 5, 6, 7, 8, 10, 9), (1, 3, 2, 5, 4, 6, 7, 8, 9, 10), (1, 3, 2, 5, 6, 4, 7, 8, 9, 10), (2, 3, 7, 4, 5, 1, 6, 9, 8, 10), (3, 2, 4, 6, 5, 1, 7, 8, 9, 10), (3, 1, 2, 7, 4, 5, 8, 6, 9, 10)}
M(AUB) = 
[[1, 2, 3, 4, 5, 6, 7, 8, 9, 10]]
Distance:125

(23)
A = 
{(3, 9, 1, 4, 2, 5, 8, 7, 6, 10), (1, 4, 2, 8, 3, 5, 7, 10, 6, 9), (5, 1, 4, 2, 3, 10, 8, 9, 7, 6), (3, 4, 1, 2, 6, 7, 10, 5, 8, 9), (1, 2, 3, 5, 4, 6, 8, 10, 7, 9), (1, 2, 3, 5, 7, 4, 10, 6, 8, 9), (6, 2, 1, 3, 4, 7, 9, 10, 5, 8), (1, 2, 3, 7, 4, 5, 6, 8, 9, 10), (1, 3, 6, 4, 2, 5, 7, 10, 8, 9), (1, 2, 3, 4, 5, 6, 7, 9, 8, 10)}
M(A) = 
[[1, 2, 3, 4, 5, 6, 7, 8, 10, 9]]
Distance: 76
B = 
{(1, 3, 6, 2, 5, 4, 10, 8, 7, 9), (2, 6, 1, 3, 4, 8, 7, 10, 9, 5), (3, 4, 1, 2, 5, 6, 7, 10, 9, 8), (2, 1, 3, 4, 7, 5, 6, 9, 8, 10), (2, 5, 3, 4, 7, 1, 9, 6, 8, 10), (6, 1, 4, 3, 10, 2, 7, 9, 5, 8), (1, 2, 3, 4, 8, 10, 5, 6, 7, 9), (1, 4, 2, 3, 8, 5, 6, 7, 10, 9), (3, 1, 2, 5, 4, 6, 7, 10, 9, 8), (2, 1, 6, 4, 3, 9, 8, 5, 10, 7)}
M(B) = 
[[1, 2, 3, 4, 5, 6, 7, 8, 10, 9]]
Distance: 83
M(A) inter A:
set()
M(B) inter B:
set()

AUB = 
{(1, 3, 6, 2, 5, 4, 10, 8, 7, 9), (3, 9, 1, 4, 2, 5, 8, 7, 6, 10), (2, 6, 1, 3, 4, 8, 7, 10, 9, 5), (1, 4, 2, 8, 3, 5, 7, 10, 6, 9), (5, 1, 4, 2, 3, 10, 8, 9, 7, 6), (3, 4, 1, 2, 6, 7, 10, 5, 8, 9), (1, 2, 3, 5, 4, 6, 8, 10, 7, 9), (1, 2, 3, 5, 7, 4, 10, 6, 8, 9), (6, 2, 1, 3, 4, 7, 9, 10, 5, 8), (3, 4, 1, 2, 5, 6, 7, 10, 9, 8), (1, 2, 3, 7, 4, 5, 6, 8, 9, 10), (2, 1, 3, 4, 7, 5, 6, 9, 8, 10), (2, 5, 3, 4, 7, 1, 9, 6, 8, 10), (6, 1, 4, 3, 10, 2, 7, 9, 5, 8), (1, 2, 3, 4, 8, 10, 5, 6, 7, 9), (1, 3, 6, 4, 2, 5, 7, 10, 8, 9), (1, 4, 2, 3, 8, 5, 6, 7, 10, 9), (3, 1, 2, 5, 4, 6, 7, 10, 9, 8), (2, 1, 6, 4, 3, 9, 8, 5, 10, 7), (1, 2, 3, 4, 5, 6, 7, 9, 8, 10)}
M(AUB) = 
[[1, 2, 3, 4, 5, 6, 7, 8, 10, 9]]
Distance:159

(24)
A = 
{(2, 1, 3, 4, 7, 5, 8, 10, 6, 9), (2, 4, 1, 6, 7, 9, 3, 5, 8, 10), (3, 4, 1, 2, 7, 8, 6, 5, 9, 10), (2, 6, 4, 1, 10, 5, 3, 9, 7, 8), (7, 1, 2, 3, 6, 4, 8, 5, 9, 10), (2, 4, 1, 3, 7, 5, 6, 10, 8, 9), (1, 2, 3, 4, 10, 6, 5, 7, 8, 9), (3, 2, 1, 4, 5, 7, 8, 9, 6, 10), (4, 2, 1, 3, 6, 7, 5, 10, 8, 9), (1, 2, 3, 4, 6, 5, 8, 7, 9, 10)}
M(A) = 
[[1, 2, 3, 4, 7, 5, 6, 8, 9, 10], [1, 2, 3, 4, 7, 5, 6, 8, 10, 9], [1, 2, 3, 4, 7, 6, 5, 8, 9, 10], [1, 2, 3, 4, 7, 6, 5, 8, 10, 9]]
Distance: 70
B = 
{(3, 4, 2, 7, 1, 5, 10, 6, 9, 8), (2, 3, 1, 5, 4, 7, 6, 8, 9, 10), (1, 5, 2, 3, 6, 4, 7, 8, 10, 9), (1, 4, 3, 2, 5, 6, 7, 8, 10, 9), (4, 5, 1, 2, 8, 3, 7, 10, 9, 6), (1, 3, 2, 7, 6, 9, 4, 5, 10, 8), (2, 4, 1, 7, 9, 3, 8, 10, 6, 5), (1, 2, 3, 5, 6, 4, 7, 9, 10, 8), (1, 2, 4, 3, 8, 7, 5, 6, 9, 10), (1, 4, 2, 3, 10, 6, 8, 9, 7, 5)}
M(B) = 
[[1, 2, 3, 4, 7, 5, 6, 8, 9, 10], [1, 2, 3, 4, 7, 5, 6, 8, 10, 9], [1, 2, 3, 4, 7, 6, 5, 8, 9, 10], [1, 2, 3, 4, 7, 6, 5, 8, 10, 9]]
Distance: 84
M(A) inter A:
set()
M(B) inter B:
set()

AUB = 
{(2, 1, 3, 4, 7, 5, 8, 10, 6, 9), (3, 4, 2, 7, 1, 5, 10, 6, 9, 8), (1, 4, 2, 3, 10, 6, 8, 9, 7, 5), (2, 3, 1, 5, 4, 7, 6, 8, 9, 10), (2, 4, 1, 6, 7, 9, 3, 5, 8, 10), (3, 4, 1, 2, 7, 8, 6, 5, 9, 10), (2, 6, 4, 1, 10, 5, 3, 9, 7, 8), (1, 5, 2, 3, 6, 4, 7, 8, 10, 9), (7, 1, 2, 3, 6, 4, 8, 5, 9, 10), (1, 4, 3, 2, 5, 6, 7, 8, 10, 9), (2, 4, 1, 3, 7, 5, 6, 10, 8, 9), (4, 5, 1, 2, 8, 3, 7, 10, 9, 6), (1, 2, 3, 4, 10, 6, 5, 7, 8, 9), (1, 3, 2, 7, 6, 9, 4, 5, 10, 8), (3, 2, 1, 4, 5, 7, 8, 9, 6, 10), (4, 2, 1, 3, 6, 7, 5, 10, 8, 9), (2, 4, 1, 7, 9, 3, 8, 10, 6, 5), (1, 2, 3, 5, 6, 4, 7, 9, 10, 8), (1, 2, 3, 4, 6, 5, 8, 7, 9, 10), (1, 2, 4, 3, 8, 7, 5, 6, 9, 10)}
M(AUB) = 
[[1, 2, 3, 4, 7, 5, 6, 8, 9, 10], [1, 2, 3, 4, 7, 5, 6, 8, 10, 9], [1, 2, 3, 4, 7, 6, 5, 8, 9, 10], [1, 2, 3, 4, 7, 6, 5, 8, 10, 9]]
Distance:160

(25)
A = 
{(2, 3, 1, 4, 5, 9, 6, 8, 7, 10), (6, 2, 3, 4, 1, 10, 7, 5, 8, 9), (7, 1, 8, 2, 6, 3, 4, 9, 5, 10), (1, 2, 3, 6, 5, 8, 4, 10, 9, 7), (1, 2, 3, 4, 5, 6, 7, 10, 9, 8), (3, 6, 4, 2, 7, 5, 10, 1, 9, 8), (2, 1, 3, 6, 5, 7, 4, 9, 10, 8), (6, 1, 2, 5, 7, 3, 10, 4, 8, 9), (1, 2, 4, 3, 5, 6, 7, 8, 9, 10), (2, 9, 1, 4, 7, 5, 3, 10, 8, 6)}
M(A) = 
[[2, 1, 3, 4, 6, 5, 8, 7, 9, 10], [2, 1, 3, 4, 6, 5, 7, 8, 9, 10], [2, 1, 3, 6, 4, 5, 8, 7, 9, 10], [2, 1, 3, 6, 4, 5, 7, 8, 9, 10]]
Distance: 91
B = 
{(2, 3, 1, 4, 6, 5, 8, 9, 7, 10), (2, 1, 6, 5, 4, 3, 7, 9, 10, 8), (4, 2, 7, 1, 3, 8, 6, 10, 9, 5), (2, 3, 5, 8, 4, 6, 1, 9, 7, 10), (2, 1, 3, 6, 4, 9, 8, 7, 10, 5), (2, 4, 3, 8, 1, 10, 6, 7, 5, 9), (1, 4, 6, 2, 9, 3, 10, 5, 8, 7), (2, 6, 4, 1, 5, 3, 8, 7, 10, 9), (1, 2, 5, 3, 8, 10, 4, 9, 6, 7), (1, 2, 3, 6, 5, 8, 9, 4, 10, 7)}
M(B) = 
[[2, 1, 3, 4, 6, 5, 8, 7, 9, 10], [2, 1, 3, 4, 6, 5, 7, 8, 9, 10], [2, 1, 3, 6, 4, 5, 8, 7, 9, 10], [2, 1, 3, 6, 4, 5, 7, 8, 9, 10]]
Distance: 87
M(A) inter A:
set()
M(B) inter B:
set()

AUB = 
{(2, 3, 1, 4, 6, 5, 8, 9, 7, 10), (2, 1, 6, 5, 4, 3, 7, 9, 10, 8), (4, 2, 7, 1, 3, 8, 6, 10, 9, 5), (2, 3, 5, 8, 4, 6, 1, 9, 7, 10), (2, 3, 1, 4, 5, 9, 6, 8, 7, 10), (2, 1, 3, 6, 4, 9, 8, 7, 10, 5), (6, 2, 3, 4, 1, 10, 7, 5, 8, 9), (2, 4, 3, 8, 1, 10, 6, 7, 5, 9), (7, 1, 8, 2, 6, 3, 4, 9, 5, 10), (1, 4, 6, 2, 9, 3, 10, 5, 8, 7), (2, 6, 4, 1, 5, 3, 8, 7, 10, 9), (1, 2, 3, 6, 5, 8, 4, 10, 9, 7), (1, 2, 3, 4, 5, 6, 7, 10, 9, 8), (3, 6, 4, 2, 7, 5, 10, 1, 9, 8), (2, 1, 3, 6, 5, 7, 4, 9, 10, 8), (1, 2, 5, 3, 8, 10, 4, 9, 6, 7), (6, 1, 2, 5, 7, 3, 10, 4, 8, 9), (1, 2, 4, 3, 5, 6, 7, 8, 9, 10), (2, 9, 1, 4, 7, 5, 3, 10, 8, 6), (1, 2, 3, 6, 5, 8, 9, 4, 10, 7)}
M(AUB) = 
[[2, 1, 3, 4, 6, 5, 8, 7, 9, 10], [2, 1, 3, 4, 6, 5, 7, 8, 9, 10], [2, 1, 3, 6, 4, 5, 8, 7, 9, 10], [2, 1, 3, 6, 4, 5, 7, 8, 9, 10]]
Distance:190

(26)
A = 
{(2, 1, 6, 4, 3, 9, 5, 7, 10, 8), (3, 5, 2, 6, 1, 4, 8, 9, 10, 7), (2, 1, 3, 4, 5, 6, 9, 8, 10, 7), (1, 2, 7, 9, 3, 6, 8, 4, 5, 10), (1, 3, 2, 6, 7, 5, 9, 8, 4, 10), (4, 2, 1, 3, 6, 10, 7, 5, 9, 8), (1, 3, 2, 5, 10, 9, 7, 8, 4, 6), (1, 2, 3, 4, 5, 6, 8, 7, 9, 10), (3, 5, 7, 2, 8, 9, 6, 1, 4, 10), (1, 2, 4, 3, 5, 6, 7, 8, 9, 10)}
M(A) = 
[[1, 2, 3, 4, 5, 6, 7, 8, 9, 10], [1, 2, 3, 4, 5, 6, 7, 9, 8, 10], [1, 3, 2, 4, 5, 6, 7, 8, 9, 10], [1, 3, 2, 4, 5, 6, 7, 9, 8, 10]]
Distance: 91
B = 
{(1, 2, 3, 8, 7, 4, 10, 5, 9, 6), (3, 4, 2, 5, 6, 1, 9, 8, 7, 10), (4, 5, 8, 2, 1, 9, 3, 6, 7, 10), (3, 4, 2, 5, 7, 8, 1, 10, 6, 9), (3, 1, 5, 7, 6, 2, 9, 4, 8, 10), (5, 3, 1, 7, 2, 4, 10, 8, 6, 9), (1, 2, 3, 4, 5, 7, 8, 6, 9, 10), (9, 1, 2, 5, 4, 7, 8, 3, 10, 6), (3, 1, 2, 4, 6, 5, 7, 8, 9, 10), (1, 5, 3, 9, 4, 8, 6, 2, 7, 10)}
M(B) = 
[[1, 2, 3, 4, 5, 6, 7, 8, 9, 10], [1, 2, 3, 4, 5, 6, 7, 9, 8, 10], [1, 3, 2, 4, 5, 6, 7, 8, 9, 10], [1, 3, 2, 4, 5, 6, 7, 9, 8, 10]]
Distance: 99
M(A) inter A:
set()
M(B) inter B:
set()

AUB = 
{(2, 1, 6, 4, 3, 9, 5, 7, 10, 8), (3, 5, 2, 6, 1, 4, 8, 9, 10, 7), (1, 2, 3, 8, 7, 4, 10, 5, 9, 6), (3, 4, 2, 5, 6, 1, 9, 8, 7, 10), (2, 1, 3, 4, 5, 6, 9, 8, 10, 7), (1, 2, 7, 9, 3, 6, 8, 4, 5, 10), (1, 3, 2, 6, 7, 5, 9, 8, 4, 10), (4, 5, 8, 2, 1, 9, 3, 6, 7, 10), (4, 2, 1, 3, 6, 10, 7, 5, 9, 8), (3, 4, 2, 5, 7, 8, 1, 10, 6, 9), (1, 3, 2, 5, 10, 9, 7, 8, 4, 6), (1, 2, 3, 4, 5, 6, 8, 7, 9, 10), (3, 5, 7, 2, 8, 9, 6, 1, 4, 10), (3, 1, 5, 7, 6, 2, 9, 4, 8, 10), (5, 3, 1, 7, 2, 4, 10, 8, 6, 9), (1, 2, 4, 3, 5, 6, 7, 8, 9, 10), (1, 2, 3, 4, 5, 7, 8, 6, 9, 10), (9, 1, 2, 5, 4, 7, 8, 3, 10, 6), (3, 1, 2, 4, 6, 5, 7, 8, 9, 10), (1, 5, 3, 9, 4, 8, 6, 2, 7, 10)}
M(AUB) = 
[[1, 2, 3, 4, 5, 6, 7, 8, 9, 10], [1, 2, 3, 4, 5, 6, 7, 9, 8, 10], [1, 3, 2, 4, 5, 6, 7, 8, 9, 10], [1, 3, 2, 4, 5, 6, 7, 9, 8, 10]]
Distance:200

(27)
A = 
{(2, 5, 3, 1, 7, 8, 4, 10, 6, 9), (1, 2, 3, 4, 5, 9, 6, 8, 7, 10), (1, 2, 3, 5, 4, 6, 8, 7, 10, 9), (1, 2, 3, 4, 6, 5, 7, 9, 8, 10), (2, 1, 4, 3, 7, 5, 8, 6, 9, 10), (1, 2, 8, 5, 9, 7, 4, 3, 6, 10), (1, 5, 4, 2, 3, 7, 9, 6, 10, 8), (2, 1, 3, 8, 4, 7, 5, 10, 6, 9), (2, 1, 3, 6, 4, 5, 7, 8, 9, 10), (1, 3, 2, 6, 7, 4, 10, 5, 8, 9)}
M(A) = 
[[1, 2, 3, 4, 5, 7, 6, 8, 9, 10], [1, 2, 3, 5, 4, 7, 6, 8, 9, 10]]
Distance: 69
B = 
{(5, 1, 6, 3, 4, 7, 2, 9, 10, 8), (4, 3, 2, 6, 5, 10, 7, 1, 8, 9), (2, 1, 7, 6, 5, 8, 3, 9, 4, 10), (2, 5, 3, 4, 9, 8, 1, 7, 10, 6), (2, 5, 4, 1, 3, 7, 6, 8, 9, 10), (1, 2, 3, 7, 4, 5, 6, 8, 10, 9), (1, 2, 3, 5, 4, 7, 6, 9, 8, 10), (1, 2, 3, 6, 5, 9, 4, 7, 8, 10), (4, 3, 2, 1, 10, 7, 9, 5, 8, 6), (3, 6, 1, 10, 7, 2, 4, 8, 9, 5)}
M(B) = 
[[1, 2, 3, 4, 5, 7, 6, 8, 9, 10], [1, 2, 3, 5, 4, 7, 6, 8, 9, 10]]
Distance: 104
M(A) inter A:
set()
M(B) inter B:
{(1, 2, 3, 5, 4, 7, 6, 9, 8, 10)}

AUB = 
{(5, 1, 6, 3, 4, 7, 2, 9, 10, 8), (2, 5, 3, 1, 7, 8, 4, 10, 6, 9), (1, 2, 3, 4, 5, 9, 6, 8, 7, 10), (4, 3, 2, 6, 5, 10, 7, 1, 8, 9), (1, 2, 3, 5, 4, 6, 8, 7, 10, 9), (1, 2, 3, 4, 6, 5, 7, 9, 8, 10), (2, 1, 4, 3, 7, 5, 8, 6, 9, 10), (2, 1, 7, 6, 5, 8, 3, 9, 4, 10), (2, 5, 3, 4, 9, 8, 1, 7, 10, 6), (1, 2, 8, 5, 9, 7, 4, 3, 6, 10), (1, 5, 4, 2, 3, 7, 9, 6, 10, 8), (2, 5, 4, 1, 3, 7, 6, 8, 9, 10), (1, 2, 3, 7, 4, 5, 6, 8, 10, 9), (2, 1, 3, 8, 4, 7, 5, 10, 6, 9), (1, 2, 3, 5, 4, 7, 6, 9, 8, 10), (2, 1, 3, 6, 4, 5, 7, 8, 9, 10), (1, 2, 3, 6, 5, 9, 4, 7, 8, 10), (4, 3, 2, 1, 10, 7, 9, 5, 8, 6), (3, 6, 1, 10, 7, 2, 4, 8, 9, 5), (1, 3, 2, 6, 7, 4, 10, 5, 8, 9)}
M(AUB) = 
[[1, 2, 3, 4, 5, 7, 6, 8, 9, 10], [1, 2, 3, 5, 4, 7, 6, 8, 9, 10]]
Distance:175

(28)
A = 
{(2, 3, 8, 5, 4, 7, 1, 10, 6, 9), (3, 5, 1, 4, 6, 2, 7, 9, 8, 10), (1, 2, 5, 3, 4, 6, 7, 8, 10, 9), (1, 2, 3, 4, 5, 6, 7, 8, 10, 9), (2, 1, 4, 7, 3, 8, 5, 10, 9, 6), (2, 1, 4, 3, 6, 9, 5, 7, 8, 10), (3, 2, 1, 7, 6, 4, 5, 8, 10, 9), (4, 7, 2, 1, 5, 8, 6, 3, 9, 10), (4, 3, 6, 1, 2, 5, 7, 9, 10, 8), (3, 1, 2, 4, 7, 5, 9, 6, 10, 8)}
M(A) = 
[[1, 2, 3, 4, 5, 6, 7, 8, 9, 10]]
Distance: 81
B = 
{(2, 4, 1, 3, 7, 8, 5, 6, 9, 10), (1, 2, 4, 10, 3, 7, 5, 9, 6, 8), (2, 4, 1, 3, 5, 6, 7, 8, 9, 10), (1, 2, 6, 3, 5, 4, 7, 10, 8, 9), (1, 3, 2, 4, 7, 5, 6, 8, 9, 10), (1, 4, 3, 5, 2, 9, 6, 8, 7, 10), (3, 1, 2, 4, 10, 6, 5, 7, 8, 9), (2, 1, 3, 4, 6, 9, 10, 8, 7, 5), (3, 1, 2, 4, 5, 7, 6, 9, 10, 8), (1, 2, 5, 3, 4, 6, 8, 7, 9, 10)}
M(B) = 
[[1, 2, 3, 4, 5, 6, 7, 8, 9, 10]]
Distance: 65
M(A) inter A:
set()
M(B) inter B:
set()

AUB = 
{(1, 2, 5, 3, 4, 6, 8, 7, 9, 10), (2, 3, 8, 5, 4, 7, 1, 10, 6, 9), (2, 4, 1, 3, 7, 8, 5, 6, 9, 10), (3, 5, 1, 4, 6, 2, 7, 9, 8, 10), (1, 2, 5, 3, 4, 6, 7, 8, 10, 9), (1, 2, 4, 10, 3, 7, 5, 9, 6, 8), (2, 4, 1, 3, 5, 6, 7, 8, 9, 10), (1, 2, 6, 3, 5, 4, 7, 10, 8, 9), (1, 3, 2, 4, 7, 5, 6, 8, 9, 10), (1, 2, 3, 4, 5, 6, 7, 8, 10, 9), (2, 1, 4, 7, 3, 8, 5, 10, 9, 6), (2, 1, 4, 3, 6, 9, 5, 7, 8, 10), (1, 4, 3, 5, 2, 9, 6, 8, 7, 10), (3, 2, 1, 7, 6, 4, 5, 8, 10, 9), (3, 1, 2, 4, 10, 6, 5, 7, 8, 9), (2, 1, 3, 4, 6, 9, 10, 8, 7, 5), (4, 7, 2, 1, 5, 8, 6, 3, 9, 10), (4, 3, 6, 1, 2, 5, 7, 9, 10, 8), (3, 1, 2, 4, 7, 5, 9, 6, 10, 8), (3, 1, 2, 4, 5, 7, 6, 9, 10, 8)}
M(AUB) = 
[[1, 2, 3, 4, 5, 6, 7, 8, 9, 10]]
Distance:146

(29)
A = 
{(1, 2, 3, 6, 4, 9, 7, 5, 10, 8), (2, 3, 1, 5, 4, 7, 9, 6, 10, 8), (1, 2, 4, 3, 8, 6, 10, 7, 5, 9), (1, 6, 2, 5, 3, 7, 9, 4, 10, 8), (4, 5, 1, 3, 10, 7, 2, 9, 8, 6), (1, 3, 2, 4, 5, 6, 7, 8, 9, 10), (3, 1, 5, 4, 2, 6, 10, 8, 7, 9), (2, 1, 3, 6, 4, 8, 5, 7, 9, 10), (3, 6, 5, 1, 8, 2, 4, 7, 10, 9), (1, 5, 4, 3, 7, 2, 8, 6, 10, 9)}
M(A) = 
[[1, 2, 3, 4, 5, 6, 7, 8, 9, 10]]
Distance: 88
B = 
{(2, 3, 1, 4, 9, 5, 7, 8, 6, 10), (1, 4, 5, 7, 3, 2, 10, 6, 9, 8), (2, 3, 1, 6, 4, 9, 5, 8, 7, 10), (6, 4, 1, 2, 7, 3, 8, 5, 9, 10), (1, 4, 2, 3, 5, 6, 7, 8, 9, 10), (1, 6, 3, 2, 8, 7, 4, 9, 5, 10), (6, 2, 3, 1, 5, 7, 4, 8, 10, 9), (1, 2, 4, 3, 5, 6, 7, 8, 9, 10), (1, 4, 3, 2, 5, 7, 9, 10, 6, 8), (1, 2, 3, 4, 5, 7, 6, 9, 8, 10)}
M(B) = 
[[1, 2, 3, 4, 5, 6, 7, 8, 9, 10]]
Distance: 73
M(A) inter A:
set()
M(B) inter B:
{(1, 2, 4, 3, 5, 6, 7, 8, 9, 10)}

AUB = 
{(1, 2, 3, 6, 4, 9, 7, 5, 10, 8), (2, 3, 1, 4, 9, 5, 7, 8, 6, 10), (2, 3, 1, 5, 4, 7, 9, 6, 10, 8), (1, 2, 4, 3, 8, 6, 10, 7, 5, 9), (1, 4, 5, 7, 3, 2, 10, 6, 9, 8), (2, 3, 1, 6, 4, 9, 5, 8, 7, 10), (1, 6, 2, 5, 3, 7, 9, 4, 10, 8), (4, 5, 1, 3, 10, 7, 2, 9, 8, 6), (1, 3, 2, 4, 5, 6, 7, 8, 9, 10), (6, 4, 1, 2, 7, 3, 8, 5, 9, 10), (3, 1, 5, 4, 2, 6, 10, 8, 7, 9), (1, 4, 2, 3, 5, 6, 7, 8, 9, 10), (1, 6, 3, 2, 8, 7, 4, 9, 5, 10), (6, 2, 3, 1, 5, 7, 4, 8, 10, 9), (2, 1, 3, 6, 4, 8, 5, 7, 9, 10), (1, 2, 4, 3, 5, 6, 7, 8, 9, 10), (1, 4, 3, 2, 5, 7, 9, 10, 6, 8), (1, 2, 3, 4, 5, 7, 6, 9, 8, 10), (3, 6, 5, 1, 8, 2, 4, 7, 10, 9), (1, 5, 4, 3, 7, 2, 8, 6, 10, 9)}
M(AUB) = 
[[1, 2, 3, 4, 5, 6, 7, 8, 9, 10]]
Distance:161

(30)
A = 
{(3, 1, 6, 2, 5, 8, 7, 4, 10, 9), (1, 2, 3, 4, 6, 8, 5, 7, 10, 9), (1, 2, 6, 7, 4, 3, 5, 10, 8, 9), (2, 1, 3, 5, 4, 7, 6, 9, 10, 8), (2, 1, 3, 5, 7, 6, 4, 9, 10, 8), (2, 4, 1, 3, 6, 10, 5, 8, 9, 7), (1, 2, 3, 5, 4, 6, 7, 8, 10, 9), (2, 4, 1, 3, 5, 9, 7, 6, 8, 10), (4, 1, 3, 2, 8, 6, 5, 9, 7, 10), (1, 2, 4, 3, 5, 7, 8, 6, 9, 10)}
M(A) = 
[[1, 2, 3, 4, 5, 6, 7, 8, 9, 10]]
Distance: 66
B = 
{(1, 2, 4, 3, 5, 7, 6, 10, 8, 9), (3, 2, 4, 6, 7, 1, 5, 9, 10, 8), (1, 2, 3, 4, 5, 8, 9, 6, 7, 10), (1, 4, 2, 3, 5, 8, 6, 7, 10, 9), (1, 2, 3, 4, 5, 6, 7, 8, 9, 10), (1, 2, 3, 4, 5, 8, 6, 7, 9, 10), (4, 5, 2, 1, 6, 9, 8, 10, 3, 7), (3, 2, 1, 5, 4, 6, 7, 9, 10, 8), (6, 2, 1, 3, 5, 4, 8, 10, 9, 7), (1, 2, 7, 3, 4, 5, 6, 8, 9, 10)}
M(B) = 
[[1, 2, 3, 4, 5, 6, 7, 8, 9, 10]]
Distance: 61
M(A) inter A:
set()
M(B) inter B:
{(1, 2, 3, 4, 5, 6, 7, 8, 9, 10)}

AUB = 
{(3, 1, 6, 2, 5, 8, 7, 4, 10, 9), (1, 2, 4, 3, 5, 7, 6, 10, 8, 9), (1, 2, 3, 4, 6, 8, 5, 7, 10, 9), (3, 2, 4, 6, 7, 1, 5, 9, 10, 8), (1, 2, 6, 7, 4, 3, 5, 10, 8, 9), (1, 2, 3, 4, 5, 8, 9, 6, 7, 10), (2, 1, 3, 5, 4, 7, 6, 9, 10, 8), (2, 1, 3, 5, 7, 6, 4, 9, 10, 8), (2, 4, 1, 3, 6, 10, 5, 8, 9, 7), (1, 2, 3, 5, 4, 6, 7, 8, 10, 9), (1, 4, 2, 3, 5, 8, 6, 7, 10, 9), (2, 4, 1, 3, 5, 9, 7, 6, 8, 10), (4, 1, 3, 2, 8, 6, 5, 9, 7, 10), (1, 2, 3, 4, 5, 6, 7, 8, 9, 10), (1, 2, 3, 4, 5, 8, 6, 7, 9, 10), (1, 2, 4, 3, 5, 7, 8, 6, 9, 10), (4, 5, 2, 1, 6, 9, 8, 10, 3, 7), (3, 2, 1, 5, 4, 6, 7, 9, 10, 8), (6, 2, 1, 3, 5, 4, 8, 10, 9, 7), (1, 2, 7, 3, 4, 5, 6, 8, 9, 10)}
M(AUB) = 
[[1, 2, 3, 4, 5, 6, 7, 8, 9, 10]]
Distance:127

(31)
A = 
{(2, 1, 4, 3, 5, 6, 8, 9, 7, 10), (3, 1, 5, 4, 2, 9, 8, 6, 10, 7), (1, 8, 4, 3, 5, 2, 7, 6, 9, 10), (3, 1, 4, 2, 5, 6, 8, 9, 10, 7), (3, 1, 2, 4, 5, 6, 7, 9, 8, 10), (2, 1, 3, 4, 5, 6, 7, 9, 8, 10), (2, 3, 4, 5, 1, 6, 7, 9, 8, 10), (1, 2, 3, 4, 5, 6, 7, 8, 9, 10), (3, 4, 1, 2, 6, 9, 8, 7, 10, 5), (1, 4, 7, 3, 2, 9, 8, 5, 10, 6)}
M(A) = 
[[1, 2, 3, 4, 5, 6, 8, 7, 9, 10]]
Distance: 63
B = 
{(2, 1, 3, 4, 5, 8, 6, 7, 10, 9), (2, 3, 4, 1, 5, 6, 8, 9, 7, 10), (5, 1, 2, 8, 4, 3, 7, 6, 9, 10), (1, 3, 2, 5, 4, 6, 7, 9, 8, 10), (1, 2, 4, 5, 3, 6, 9, 10, 8, 7), (3, 1, 4, 5, 8, 7, 2, 6, 10, 9), (2, 5, 1, 8, 3, 4, 6, 10, 7, 9), (2, 3, 1, 4, 10, 5, 6, 8, 7, 9), (1, 2, 3, 6, 4, 5, 7, 10, 8, 9), (1, 2, 3, 5, 4, 8, 7, 9, 10, 6)}
M(B) = 
[[1, 2, 3, 4, 5, 6, 8, 7, 9, 10]]
Distance: 61
M(A) inter A:
set()
M(B) inter B:
set()

AUB = 
{(2, 1, 3, 4, 5, 8, 6, 7, 10, 9), (2, 1, 4, 3, 5, 6, 8, 9, 7, 10), (2, 3, 4, 1, 5, 6, 8, 9, 7, 10), (3, 1, 5, 4, 2, 9, 8, 6, 10, 7), (1, 8, 4, 3, 5, 2, 7, 6, 9, 10), (3, 1, 4, 2, 5, 6, 8, 9, 10, 7), (3, 1, 2, 4, 5, 6, 7, 9, 8, 10), (2, 1, 3, 4, 5, 6, 7, 9, 8, 10), (2, 3, 4, 5, 1, 6, 7, 9, 8, 10), (5, 1, 2, 8, 4, 3, 7, 6, 9, 10), (1, 3, 2, 5, 4, 6, 7, 9, 8, 10), (1, 2, 4, 5, 3, 6, 9, 10, 8, 7), (3, 1, 4, 5, 8, 7, 2, 6, 10, 9), (2, 5, 1, 8, 3, 4, 6, 10, 7, 9), (1, 2, 3, 4, 5, 6, 7, 8, 9, 10), (3, 4, 1, 2, 6, 9, 8, 7, 10, 5), (2, 3, 1, 4, 10, 5, 6, 8, 7, 9), (1, 4, 7, 3, 2, 9, 8, 5, 10, 6), (1, 2, 3, 6, 4, 5, 7, 10, 8, 9), (1, 2, 3, 5, 4, 8, 7, 9, 10, 6)}
M(AUB) = 
[[1, 2, 3, 4, 5, 6, 8, 7, 9, 10]]
Distance:128

(32)
A = 
{(1, 4, 3, 5, 7, 2, 6, 10, 9, 8), (5, 2, 7, 8, 6, 1, 9, 4, 3, 10), (3, 1, 2, 4, 5, 7, 9, 6, 8, 10), (1, 2, 4, 5, 3, 6, 8, 7, 9, 10), (4, 1, 3, 6, 2, 8, 7, 5, 10, 9), (4, 5, 1, 3, 8, 2, 9, 7, 6, 10), (1, 2, 5, 4, 7, 3, 6, 9, 10, 8), (1, 3, 2, 4, 5, 8, 10, 7, 6, 9), (1, 5, 3, 4, 6, 7, 2, 9, 10, 8), (5, 2, 3, 1, 6, 8, 4, 7, 10, 9)}
M(A) = 
[[1, 2, 3, 4, 5, 6, 7, 8, 9, 10], [1, 2, 3, 4, 5, 7, 6, 8, 9, 10]]
Distance: 86
B = 
{(2, 1, 3, 9, 5, 6, 7, 10, 4, 8), (3, 2, 1, 5, 7, 4, 9, 8, 6, 10), (1, 2, 5, 7, 3, 4, 9, 6, 8, 10), (1, 2, 6, 8, 4, 3, 5, 10, 9, 7), (1, 2, 3, 5, 4, 7, 8, 6, 10, 9), (2, 1, 3, 4, 6, 5, 7, 10, 8, 9), (2, 3, 6, 1, 4, 5, 9, 8, 10, 7), (1, 8, 6, 2, 10, 3, 5, 4, 9, 7), (2, 1, 4, 3, 5, 7, 6, 9, 8, 10), (4, 2, 3, 6, 1, 5, 8, 9, 7, 10)}
M(B) = 
[[1, 2, 3, 4, 5, 6, 7, 8, 9, 10], [1, 2, 3, 4, 5, 7, 6, 8, 9, 10]]
Distance: 83
M(A) inter A:
set()
M(B) inter B:
set()

AUB = 
{(1, 4, 3, 5, 7, 2, 6, 10, 9, 8), (2, 1, 3, 9, 5, 6, 7, 10, 4, 8), (5, 2, 7, 8, 6, 1, 9, 4, 3, 10), (3, 1, 2, 4, 5, 7, 9, 6, 8, 10), (3, 2, 1, 5, 7, 4, 9, 8, 6, 10), (1, 2, 5, 7, 3, 4, 9, 6, 8, 10), (1, 2, 6, 8, 4, 3, 5, 10, 9, 7), (1, 2, 4, 5, 3, 6, 8, 7, 9, 10), (1, 2, 3, 5, 4, 7, 8, 6, 10, 9), (4, 1, 3, 6, 2, 8, 7, 5, 10, 9), (4, 5, 1, 3, 8, 2, 9, 7, 6, 10), (1, 2, 5, 4, 7, 3, 6, 9, 10, 8), (2, 1, 3, 4, 6, 5, 7, 10, 8, 9), (2, 3, 6, 1, 4, 5, 9, 8, 10, 7), (1, 3, 2, 4, 5, 8, 10, 7, 6, 9), (1, 8, 6, 2, 10, 3, 5, 4, 9, 7), (1, 5, 3, 4, 6, 7, 2, 9, 10, 8), (5, 2, 3, 1, 6, 8, 4, 7, 10, 9), (2, 1, 4, 3, 5, 7, 6, 9, 8, 10), (4, 2, 3, 6, 1, 5, 8, 9, 7, 10)}
M(AUB) = 
[[1, 2, 3, 4, 5, 6, 7, 8, 9, 10], [1, 2, 3, 4, 5, 7, 6, 8, 9, 10]]
Distance:177

(33)
A = 
{(5, 3, 2, 1, 8, 4, 7, 9, 6, 10), (2, 1, 5, 6, 7, 3, 9, 4, 8, 10), (1, 2, 3, 4, 5, 6, 7, 8, 10, 9), (1, 5, 4, 2, 8, 9, 6, 3, 10, 7), (2, 1, 6, 4, 5, 3, 7, 9, 10, 8), (2, 1, 4, 3, 6, 7, 5, 9, 8, 10), (4, 1, 3, 6, 7, 2, 5, 8, 9, 10), (6, 2, 1, 3, 7, 4, 8, 5, 9, 10), (3, 1, 2, 5, 4, 6, 7, 8, 10, 9), (1, 8, 5, 4, 3, 2, 7, 10, 6, 9)}
M(A) = 
[[1, 2, 3, 4, 5, 6, 7, 8, 9, 10], [1, 2, 4, 3, 5, 6, 7, 8, 9, 10]]
Distance: 84
B = 
{(1, 2, 8, 4, 3, 6, 5, 10, 9, 7), (2, 1, 3, 6, 4, 8, 10, 5, 7, 9), (5, 2, 7, 1, 3, 6, 4, 9, 10, 8), (1, 3, 4, 2, 6, 7, 5, 9, 8, 10), (1, 2, 3, 4, 5, 6, 7, 8, 9, 10), (4, 3, 2, 1, 8, 5, 6, 9, 10, 7), (1, 4, 2, 5, 3, 7, 6, 8, 9, 10), (2, 5, 1, 4, 3, 6, 7, 9, 8, 10), (1, 6, 3, 2, 8, 7, 4, 10, 5, 9), (1, 2, 4, 3, 5, 6, 7, 9, 8, 10)}
M(B) = 
[[1, 2, 3, 4, 5, 6, 7, 8, 9, 10], [1, 2, 4, 3, 5, 6, 7, 8, 9, 10]]
Distance: 70
M(A) inter A:
set()
M(B) inter B:
{(1, 2, 3, 4, 5, 6, 7, 8, 9, 10)}

AUB = 
{(5, 3, 2, 1, 8, 4, 7, 9, 6, 10), (1, 2, 8, 4, 3, 6, 5, 10, 9, 7), (2, 1, 3, 6, 4, 8, 10, 5, 7, 9), (5, 2, 7, 1, 3, 6, 4, 9, 10, 8), (2, 1, 5, 6, 7, 3, 9, 4, 8, 10), (1, 3, 4, 2, 6, 7, 5, 9, 8, 10), (1, 2, 3, 4, 5, 6, 7, 8, 10, 9), (1, 5, 4, 2, 8, 9, 6, 3, 10, 7), (2, 1, 6, 4, 5, 3, 7, 9, 10, 8), (2, 1, 4, 3, 6, 7, 5, 9, 8, 10), (4, 1, 3, 6, 7, 2, 5, 8, 9, 10), (1, 2, 3, 4, 5, 6, 7, 8, 9, 10), (6, 2, 1, 3, 7, 4, 8, 5, 9, 10), (4, 3, 2, 1, 8, 5, 6, 9, 10, 7), (3, 1, 2, 5, 4, 6, 7, 8, 10, 9), (1, 8, 5, 4, 3, 2, 7, 10, 6, 9), (1, 4, 2, 5, 3, 7, 6, 8, 9, 10), (2, 5, 1, 4, 3, 6, 7, 9, 8, 10), (1, 6, 3, 2, 8, 7, 4, 10, 5, 9), (1, 2, 4, 3, 5, 6, 7, 9, 8, 10)}
M(AUB) = 
[[1, 2, 3, 4, 5, 6, 7, 8, 9, 10], [1, 2, 4, 3, 5, 6, 7, 8, 9, 10]]
Distance:154

(34)
A = 
{(1, 2, 3, 7, 6, 4, 5, 9, 10, 8), (2, 1, 5, 4, 3, 6, 7, 9, 8, 10), (2, 1, 7, 3, 4, 5, 6, 8, 10, 9), (4, 7, 2, 8, 1, 3, 10, 9, 5, 6), (1, 2, 3, 4, 5, 6, 7, 10, 8, 9), (3, 1, 4, 7, 2, 10, 9, 6, 5, 8), (2, 4, 1, 10, 8, 7, 3, 6, 5, 9), (3, 1, 4, 8, 2, 5, 9, 7, 10, 6), (1, 3, 2, 6, 5, 4, 9, 10, 7, 8), (1, 2, 3, 4, 5, 6, 7, 8, 9, 10)}
M(A) = 
[[1, 2, 3, 4, 5, 7, 6, 8, 9, 10], [1, 2, 3, 4, 5, 7, 6, 8, 10, 9]]
Distance: 86
B = 
{(3, 1, 4, 5, 2, 7, 6, 9, 10, 8), (5, 1, 4, 7, 6, 8, 3, 9, 2, 10), (1, 5, 3, 2, 6, 7, 10, 4, 8, 9), (1, 5, 7, 4, 3, 2, 10, 8, 9, 6), (2, 3, 4, 1, 5, 6, 8, 7, 10, 9), (6, 2, 3, 4, 1, 9, 7, 8, 10, 5), (5, 9, 1, 3, 7, 8, 2, 6, 4, 10), (1, 3, 4, 7, 2, 6, 5, 9, 8, 10), (2, 3, 4, 5, 1, 7, 10, 6, 9, 8), (2, 1, 3, 6, 4, 8, 7, 5, 10, 9)}
M(B) = 
[[1, 2, 3, 4, 5, 7, 6, 8, 9, 10], [1, 2, 3, 4, 5, 7, 6, 8, 10, 9]]
Distance: 103
M(A) inter A:
set()
M(B) inter B:
set()

AUB = 
{(3, 1, 4, 5, 2, 7, 6, 9, 10, 8), (5, 1, 4, 7, 6, 8, 3, 9, 2, 10), (1, 2, 3, 7, 6, 4, 5, 9, 10, 8), (2, 1, 5, 4, 3, 6, 7, 9, 8, 10), (1, 5, 3, 2, 6, 7, 10, 4, 8, 9), (2, 1, 7, 3, 4, 5, 6, 8, 10, 9), (4, 7, 2, 8, 1, 3, 10, 9, 5, 6), (1, 5, 7, 4, 3, 2, 10, 8, 9, 6), (1, 2, 3, 4, 5, 6, 7, 10, 8, 9), (3, 1, 4, 7, 2, 10, 9, 6, 5, 8), (2, 4, 1, 10, 8, 7, 3, 6, 5, 9), (3, 1, 4, 8, 2, 5, 9, 7, 10, 6), (1, 3, 2, 6, 5, 4, 9, 10, 7, 8), (1, 2, 3, 4, 5, 6, 7, 8, 9, 10), (2, 3, 4, 1, 5, 6, 8, 7, 10, 9), (6, 2, 3, 4, 1, 9, 7, 8, 10, 5), (5, 9, 1, 3, 7, 8, 2, 6, 4, 10), (1, 3, 4, 7, 2, 6, 5, 9, 8, 10), (2, 3, 4, 5, 1, 7, 10, 6, 9, 8), (2, 1, 3, 6, 4, 8, 7, 5, 10, 9)}
M(AUB) = 
[[1, 2, 3, 4, 5, 7, 6, 8, 9, 10], [1, 2, 3, 4, 5, 7, 6, 8, 10, 9]]
Distance:191

(35)
A = 
{(2, 4, 3, 9, 10, 5, 6, 8, 7, 1), (2, 1, 3, 5, 4, 6, 9, 8, 7, 10), (2, 6, 4, 3, 1, 8, 5, 10, 7, 9), (2, 1, 3, 4, 5, 9, 8, 6, 10, 7), (3, 4, 1, 2, 5, 7, 8, 10, 6, 9), (3, 1, 4, 5, 2, 7, 8, 6, 10, 9), (1, 2, 5, 3, 4, 6, 9, 8, 7, 10), (1, 2, 4, 3, 7, 6, 5, 10, 9, 8), (3, 2, 1, 4, 10, 6, 7, 9, 8, 5), (2, 6, 10, 3, 1, 4, 8, 9, 5, 7)}
M(A) = 
[[1, 2, 3, 4, 5, 6, 7, 9, 8, 10], [2, 1, 3, 4, 5, 6, 7, 9, 8, 10]]
Distance: 92
B = 
{(2, 4, 1, 6, 5, 3, 9, 7, 8, 10), (4, 3, 1, 2, 6, 5, 7, 8, 9, 10), (1, 3, 2, 5, 4, 6, 7, 9, 8, 10), (2, 1, 3, 4, 5, 7, 9, 8, 10, 6), (1, 3, 5, 4, 2, 7, 6, 10, 9, 8), (1, 3, 2, 4, 7, 9, 10, 6, 8, 5), (8, 4, 3, 2, 5, 10, 1, 9, 6, 7), (5, 2, 3, 4, 7, 1, 6, 9, 10, 8), (1, 2, 6, 3, 4, 5, 7, 10, 9, 8), (1, 2, 3, 4, 7, 5, 8, 9, 6, 10)}
M(B) = 
[[1, 2, 3, 4, 5, 6, 7, 9, 8, 10], [2, 1, 3, 4, 5, 6, 7, 9, 8, 10]]
Distance: 79
M(A) inter A:
set()
M(B) inter B:
set()

AUB = 
{(2, 4, 3, 9, 10, 5, 6, 8, 7, 1), (2, 1, 3, 5, 4, 6, 9, 8, 7, 10), (2, 4, 1, 6, 5, 3, 9, 7, 8, 10), (2, 6, 4, 3, 1, 8, 5, 10, 7, 9), (2, 1, 3, 4, 5, 9, 8, 6, 10, 7), (4, 3, 1, 2, 6, 5, 7, 8, 9, 10), (3, 4, 1, 2, 5, 7, 8, 10, 6, 9), (1, 3, 2, 5, 4, 6, 7, 9, 8, 10), (3, 1, 4, 5, 2, 7, 8, 6, 10, 9), (2, 1, 3, 4, 5, 7, 9, 8, 10, 6), (1, 2, 5, 3, 4, 6, 9, 8, 7, 10), (1, 3, 5, 4, 2, 7, 6, 10, 9, 8), (1, 2, 4, 3, 7, 6, 5, 10, 9, 8), (1, 3, 2, 4, 7, 9, 10, 6, 8, 5), (8, 4, 3, 2, 5, 10, 1, 9, 6, 7), (5, 2, 3, 4, 7, 1, 6, 9, 10, 8), (3, 2, 1, 4, 10, 6, 7, 9, 8, 5), (1, 2, 6, 3, 4, 5, 7, 10, 9, 8), (1, 2, 3, 4, 7, 5, 8, 9, 6, 10), (2, 6, 10, 3, 1, 4, 8, 9, 5, 7)}
M(AUB) = 
[[1, 2, 3, 4, 5, 6, 7, 9, 8, 10], [2, 1, 3, 4, 5, 6, 7, 9, 8, 10]]
Distance:177

(36)
A = 
{(2, 3, 1, 4, 7, 5, 9, 6, 8, 10), (3, 2, 4, 1, 5, 6, 10, 9, 7, 8), (9, 3, 4, 1, 2, 8, 6, 5, 10, 7), (1, 3, 2, 4, 5, 6, 7, 8, 9, 10), (1, 2, 3, 4, 5, 6, 7, 8, 10, 9), (1, 2, 3, 5, 4, 7, 8, 6, 10, 9), (1, 4, 5, 2, 9, 6, 3, 7, 8, 10), (1, 3, 2, 6, 4, 7, 5, 8, 10, 9), (2, 4, 3, 1, 5, 9, 7, 8, 6, 10), (1, 3, 2, 7, 4, 5, 8, 10, 9, 6)}
M(A) = 
[[1, 2, 3, 4, 5, 6, 7, 8, 9, 10]]
Distance: 69
B = 
{(1, 5, 2, 8, 3, 4, 10, 9, 6, 7), (1, 2, 3, 5, 4, 6, 7, 8, 9, 10), (1, 2, 3, 4, 5, 7, 8, 6, 10, 9), (2, 1, 5, 4, 8, 6, 3, 10, 9, 7), (1, 2, 4, 3, 6, 5, 7, 8, 9, 10), (1, 3, 4, 2, 5, 8, 6, 9, 7, 10), (1, 2, 3, 6, 5, 7, 8, 9, 4, 10), (2, 3, 1, 4, 5, 6, 7, 8, 10, 9), (4, 7, 2, 5, 1, 3, 9, 6, 10, 8), (2, 4, 1, 3, 6, 5, 7, 8, 9, 10)}
M(B) = 
[[1, 2, 3, 4, 5, 6, 7, 8, 9, 10]]
Distance: 61
M(A) inter A:
set()
M(B) inter B:
set()

AUB = 
{(2, 3, 1, 4, 7, 5, 9, 6, 8, 10), (3, 2, 4, 1, 5, 6, 10, 9, 7, 8), (1, 5, 2, 8, 3, 4, 10, 9, 6, 7), (1, 2, 3, 5, 4, 6, 7, 8, 9, 10), (9, 3, 4, 1, 2, 8, 6, 5, 10, 7), (1, 3, 2, 4, 5, 6, 7, 8, 9, 10), (1, 2, 3, 4, 5, 6, 7, 8, 10, 9), (1, 2, 3, 4, 5, 7, 8, 6, 10, 9), (1, 2, 3, 5, 4, 7, 8, 6, 10, 9), (1, 4, 5, 2, 9, 6, 3, 7, 8, 10), (2, 1, 5, 4, 8, 6, 3, 10, 9, 7), (1, 2, 4, 3, 6, 5, 7, 8, 9, 10), (1, 3, 2, 6, 4, 7, 5, 8, 10, 9), (1, 3, 4, 2, 5, 8, 6, 9, 7, 10), (1, 2, 3, 6, 5, 7, 8, 9, 4, 10), (2, 4, 3, 1, 5, 9, 7, 8, 6, 10), (2, 3, 1, 4, 5, 6, 7, 8, 10, 9), (1, 3, 2, 7, 4, 5, 8, 10, 9, 6), (4, 7, 2, 5, 1, 3, 9, 6, 10, 8), (2, 4, 1, 3, 6, 5, 7, 8, 9, 10)}
M(AUB) = 
[[1, 2, 3, 4, 5, 6, 7, 8, 9, 10]]
Distance:130

(37)
A = 
{(2, 3, 5, 1, 4, 8, 6, 10, 7, 9), (3, 1, 2, 5, 8, 4, 6, 10, 7, 9), (3, 4, 2, 1, 6, 8, 5, 7, 9, 10), (3, 1, 2, 6, 5, 10, 4, 8, 9, 7), (1, 4, 5, 2, 3, 7, 6, 8, 10, 9), (1, 2, 3, 6, 4, 5, 7, 10, 9, 8), (2, 1, 3, 4, 6, 7, 5, 8, 9, 10), (6, 5, 3, 1, 7, 4, 2, 9, 8, 10), (1, 2, 3, 4, 5, 6, 7, 9, 8, 10), (1, 2, 3, 5, 4, 9, 7, 6, 10, 8)}
M(A) = 
[[2, 3, 1, 4, 5, 6, 7, 8, 9, 10], [2, 3, 1, 4, 6, 5, 7, 8, 9, 10]]
Distance: 71
B = 
{(2, 3, 1, 5, 10, 4, 9, 7, 6, 8), (4, 2, 3, 1, 6, 10, 8, 5, 7, 9), (2, 6, 1, 4, 3, 5, 9, 8, 7, 10), (4, 2, 3, 1, 7, 5, 9, 8, 6, 10), (3, 1, 4, 9, 6, 5, 7, 8, 10, 2), (2, 3, 5, 1, 4, 6, 8, 7, 9, 10), (1, 2, 3, 5, 4, 6, 7, 9, 8, 10), (2, 1, 4, 6, 3, 10, 8, 7, 5, 9), (2, 3, 1, 6, 5, 4, 7, 8, 9, 10), (1, 2, 4, 10, 5, 6, 8, 3, 9, 7)}
M(B) = 
[[2, 3, 1, 4, 5, 6, 7, 8, 9, 10], [2, 3, 1, 4, 6, 5, 7, 8, 9, 10]]
Distance: 86
M(A) inter A:
set()
M(B) inter B:
set()

AUB = 
{(2, 3, 5, 1, 4, 8, 6, 10, 7, 9), (2, 3, 1, 5, 10, 4, 9, 7, 6, 8), (4, 2, 3, 1, 6, 10, 8, 5, 7, 9), (3, 1, 2, 5, 8, 4, 6, 10, 7, 9), (3, 4, 2, 1, 6, 8, 5, 7, 9, 10), (2, 6, 1, 4, 3, 5, 9, 8, 7, 10), (3, 1, 2, 6, 5, 10, 4, 8, 9, 7), (4, 2, 3, 1, 7, 5, 9, 8, 6, 10), (1, 4, 5, 2, 3, 7, 6, 8, 10, 9), (1, 2, 3, 6, 4, 5, 7, 10, 9, 8), (3, 1, 4, 9, 6, 5, 7, 8, 10, 2), (2, 1, 3, 4, 6, 7, 5, 8, 9, 10), (6, 5, 3, 1, 7, 4, 2, 9, 8, 10), (2, 3, 5, 1, 4, 6, 8, 7, 9, 10), (1, 2, 3, 5, 4, 6, 7, 9, 8, 10), (2, 1, 4, 6, 3, 10, 8, 7, 5, 9), (2, 3, 1, 6, 5, 4, 7, 8, 9, 10), (1, 2, 3, 4, 5, 6, 7, 9, 8, 10), (1, 2, 4, 10, 5, 6, 8, 3, 9, 7), (1, 2, 3, 5, 4, 9, 7, 6, 10, 8)}
M(AUB) = 
[[2, 3, 1, 4, 5, 6, 7, 8, 9, 10], [2, 3, 1, 4, 6, 5, 7, 8, 9, 10]]
Distance:161

(38)
A = 
{(3, 1, 2, 4, 5, 6, 7, 8, 9, 10), (1, 3, 2, 4, 5, 6, 9, 7, 10, 8), (4, 2, 3, 5, 1, 8, 6, 7, 9, 10), (1, 3, 4, 2, 7, 6, 8, 5, 10, 9), (4, 1, 3, 2, 6, 7, 5, 10, 8, 9), (2, 1, 3, 5, 6, 8, 7, 4, 9, 10), (2, 1, 3, 5, 4, 6, 7, 8, 9, 10), (2, 1, 5, 3, 4, 7, 8, 6, 9, 10), (2, 3, 1, 4, 5, 7, 6, 8, 10, 9), (5, 1, 2, 9, 7, 8, 6, 4, 3, 10)}
M(A) = 
[[1, 2, 3, 4, 5, 6, 7, 8, 9, 10], [1, 3, 2, 4, 5, 6, 7, 8, 9, 10]]
Distance: 64
B = 
{(3, 5, 2, 1, 7, 4, 6, 8, 10, 9), (2, 4, 5, 1, 3, 6, 8, 7, 10, 9), (3, 4, 1, 8, 2, 6, 5, 7, 10, 9), (1, 3, 2, 4, 6, 5, 9, 7, 8, 10), (1, 3, 5, 9, 2, 4, 8, 7, 10, 6), (3, 1, 4, 2, 8, 5, 9, 10, 6, 7), (1, 7, 5, 6, 2, 4, 8, 10, 9, 3), (2, 4, 1, 3, 5, 9, 7, 6, 10, 8), (3, 1, 10, 4, 2, 9, 5, 6, 7, 8), (6, 2, 1, 4, 8, 5, 3, 7, 9, 10)}
M(B) = 
[[1, 2, 3, 4, 5, 6, 7, 8, 9, 10], [1, 3, 2, 4, 5, 6, 7, 8, 9, 10]]
Distance: 99
M(A) inter A:
set()
M(B) inter B:
set()

AUB = 
{(3, 1, 2, 4, 5, 6, 7, 8, 9, 10), (3, 5, 2, 1, 7, 4, 6, 8, 10, 9), (2, 4, 5, 1, 3, 6, 8, 7, 10, 9), (3, 4, 1, 8, 2, 6, 5, 7, 10, 9), (1, 3, 2, 4, 5, 6, 9, 7, 10, 8), (4, 2, 3, 5, 1, 8, 6, 7, 9, 10), (1, 3, 4, 2, 7, 6, 8, 5, 10, 9), (4, 1, 3, 2, 6, 7, 5, 10, 8, 9), (2, 1, 3, 5, 6, 8, 7, 4, 9, 10), (2, 1, 3, 5, 4, 6, 7, 8, 9, 10), (1, 3, 2, 4, 6, 5, 9, 7, 8, 10), (2, 1, 5, 3, 4, 7, 8, 6, 9, 10), (1, 3, 5, 9, 2, 4, 8, 7, 10, 6), (3, 1, 4, 2, 8, 5, 9, 10, 6, 7), (1, 7, 5, 6, 2, 4, 8, 10, 9, 3), (2, 3, 1, 4, 5, 7, 6, 8, 10, 9), (2, 4, 1, 3, 5, 9, 7, 6, 10, 8), (3, 1, 10, 4, 2, 9, 5, 6, 7, 8), (5, 1, 2, 9, 7, 8, 6, 4, 3, 10), (6, 2, 1, 4, 8, 5, 3, 7, 9, 10)}
M(AUB) = 
[[1, 2, 3, 4, 5, 6, 7, 8, 9, 10], [1, 3, 2, 4, 5, 6, 7, 8, 9, 10]]
Distance:165

(39)
A = 
{(1, 2, 4, 5, 6, 7, 3, 9, 8, 10), (2, 1, 3, 4, 7, 5, 6, 8, 10, 9), (2, 3, 1, 4, 6, 7, 5, 8, 10, 9), (2, 1, 3, 4, 6, 5, 9, 8, 7, 10), (2, 1, 3, 4, 6, 5, 7, 8, 9, 10), (2, 1, 3, 5, 7, 4, 6, 8, 9, 10), (1, 4, 6, 2, 3, 5, 9, 7, 8, 10), (1, 4, 3, 2, 5, 6, 7, 9, 10, 8), (1, 5, 6, 2, 9, 3, 4, 10, 8, 7), (1, 5, 2, 3, 6, 4, 9, 8, 7, 10)}
M(A) = 
[[1, 2, 3, 4, 5, 6, 7, 8, 9, 10], [1, 2, 3, 4, 6, 5, 7, 8, 9, 10], [2, 1, 3, 4, 5, 6, 7, 8, 9, 10], [2, 1, 3, 4, 6, 5, 7, 8, 9, 10]]
Distance: 55
B = 
{(1, 2, 3, 5, 7, 6, 4, 8, 9, 10), (2, 1, 3, 4, 6, 7, 10, 8, 5, 9), (1, 4, 2, 3, 6, 5, 7, 8, 9, 10), (2, 8, 4, 5, 1, 7, 3, 9, 6, 10), (2, 8, 1, 4, 9, 5, 10, 3, 7, 6), (2, 3, 8, 1, 6, 7, 10, 9, 4, 5), (4, 3, 1, 6, 7, 2, 8, 5, 9, 10), (1, 2, 3, 4, 5, 6, 7, 9, 8, 10), (2, 3, 1, 4, 6, 10, 5, 9, 7, 8), (7, 1, 3, 2, 4, 8, 6, 9, 5, 10)}
M(B) = 
[[1, 2, 3, 4, 5, 6, 7, 8, 9, 10], [1, 2, 3, 4, 6, 5, 7, 8, 9, 10], [2, 1, 3, 4, 5, 6, 7, 8, 9, 10], [2, 1, 3, 4, 6, 5, 7, 8, 9, 10]]
Distance: 90
M(A) inter A:
{(2, 1, 3, 4, 6, 5, 7, 8, 9, 10)}
M(B) inter B:
set()

AUB = 
{(1, 2, 4, 5, 6, 7, 3, 9, 8, 10), (2, 1, 3, 4, 7, 5, 6, 8, 10, 9), (2, 3, 1, 4, 6, 7, 5, 8, 10, 9), (1, 2, 3, 5, 7, 6, 4, 8, 9, 10), (2, 1, 3, 4, 6, 7, 10, 8, 5, 9), (1, 4, 2, 3, 6, 5, 7, 8, 9, 10), (2, 8, 4, 5, 1, 7, 3, 9, 6, 10), (7, 1, 3, 2, 4, 8, 6, 9, 5, 10), (2, 1, 3, 4, 6, 5, 9, 8, 7, 10), (2, 8, 1, 4, 9, 5, 10, 3, 7, 6), (2, 3, 8, 1, 6, 7, 10, 9, 4, 5), (2, 1, 3, 4, 6, 5, 7, 8, 9, 10), (2, 1, 3, 5, 7, 4, 6, 8, 9, 10), (4, 3, 1, 6, 7, 2, 8, 5, 9, 10), (1, 4, 6, 2, 3, 5, 9, 7, 8, 10), (1, 4, 3, 2, 5, 6, 7, 9, 10, 8), (1, 5, 6, 2, 9, 3, 4, 10, 8, 7), (1, 2, 3, 4, 5, 6, 7, 9, 8, 10), (1, 5, 2, 3, 6, 4, 9, 8, 7, 10), (2, 3, 1, 4, 6, 10, 5, 9, 7, 8)}
M(AUB) = 
[[1, 2, 3, 4, 5, 6, 7, 8, 9, 10], [1, 2, 3, 4, 6, 5, 7, 8, 9, 10], [2, 1, 3, 4, 5, 6, 7, 8, 9, 10], [2, 1, 3, 4, 6, 5, 7, 8, 9, 10]]
Distance:149

(40)
A = 
{(1, 3, 5, 2, 8, 4, 7, 10, 6, 9), (1, 2, 3, 4, 6, 5, 7, 8, 10, 9), (1, 2, 3, 5, 4, 6, 7, 8, 9, 10), (2, 1, 3, 4, 6, 5, 7, 8, 10, 9), (1, 4, 2, 6, 7, 3, 8, 5, 9, 10), (2, 1, 8, 5, 3, 4, 7, 10, 6, 9), (1, 2, 3, 4, 6, 5, 8, 9, 7, 10), (1, 3, 2, 4, 6, 5, 7, 9, 10, 8), (5, 3, 1, 6, 2, 7, 9, 8, 10, 4), (1, 2, 5, 3, 4, 8, 7, 6, 9, 10)}
M(A) = 
[[1, 2, 3, 5, 4, 6, 7, 8, 9, 10]]
Distance: 58
B = 
{(1, 3, 8, 5, 2, 4, 6, 7, 10, 9), (3, 7, 5, 2, 1, 4, 6, 9, 10, 8), (1, 3, 2, 5, 4, 9, 6, 7, 8, 10), (3, 2, 1, 5, 4, 7, 6, 8, 10, 9), (1, 2, 3, 4, 5, 7, 6, 8, 9, 10), (1, 2, 3, 4, 5, 6, 7, 8, 9, 10), (2, 3, 1, 4, 7, 6, 5, 8, 10, 9), (6, 3, 2, 5, 4, 7, 1, 9, 10, 8), (5, 4, 3, 1, 8, 6, 2, 9, 10, 7), (2, 5, 4, 7, 1, 3, 8, 6, 9, 10)}
M(B) = 
[[1, 2, 3, 5, 4, 6, 7, 8, 9, 10]]
Distance: 73
M(A) inter A:
set()
M(B) inter B:
set()

AUB = 
{(1, 3, 8, 5, 2, 4, 6, 7, 10, 9), (1, 3, 5, 2, 8, 4, 7, 10, 6, 9), (1, 2, 3, 4, 6, 5, 7, 8, 10, 9), (1, 2, 3, 5, 4, 6, 7, 8, 9, 10), (3, 7, 5, 2, 1, 4, 6, 9, 10, 8), (1, 3, 2, 5, 4, 9, 6, 7, 8, 10), (2, 1, 3, 4, 6, 5, 7, 8, 10, 9), (1, 4, 2, 6, 7, 3, 8, 5, 9, 10), (3, 2, 1, 5, 4, 7, 6, 8, 10, 9), (2, 1, 8, 5, 3, 4, 7, 10, 6, 9), (1, 2, 3, 4, 6, 5, 8, 9, 7, 10), (1, 2, 3, 4, 5, 7, 6, 8, 9, 10), (1, 2, 3, 4, 5, 6, 7, 8, 9, 10), (1, 3, 2, 4, 6, 5, 7, 9, 10, 8), (2, 3, 1, 4, 7, 6, 5, 8, 10, 9), (6, 3, 2, 5, 4, 7, 1, 9, 10, 8), (5, 3, 1, 6, 2, 7, 9, 8, 10, 4), (5, 4, 3, 1, 8, 6, 2, 9, 10, 7), (1, 2, 5, 3, 4, 8, 7, 6, 9, 10), (2, 5, 4, 7, 1, 3, 8, 6, 9, 10)}
M(AUB) = 
[[1, 2, 3, 5, 4, 6, 7, 8, 9, 10]]
Distance:133

(41)
A = 
{(2, 1, 3, 6, 10, 5, 4, 8, 7, 9), (2, 3, 6, 7, 5, 9, 4, 10, 1, 8), (3, 4, 9, 1, 6, 8, 5, 2, 10, 7), (1, 4, 2, 3, 7, 6, 5, 8, 9, 10), (1, 2, 3, 4, 5, 6, 7, 8, 9, 10), (1, 3, 2, 4, 6, 5, 7, 9, 10, 8), (2, 1, 3, 4, 5, 6, 7, 8, 9, 10), (3, 2, 1, 6, 10, 5, 4, 8, 7, 9), (9, 1, 2, 5, 6, 4, 7, 10, 3, 8), (4, 2, 1, 6, 3, 10, 7, 5, 8, 9)}
M(A) = 
[[2, 1, 3, 4, 6, 5, 7, 8, 9, 10]]
Distance: 88
B = 
{(2, 6, 3, 1, 4, 5, 10, 9, 7, 8), (4, 1, 7, 3, 6, 5, 2, 8, 9, 10), (5, 4, 2, 1, 8, 6, 10, 7, 3, 9), (1, 3, 6, 7, 2, 8, 9, 10, 4, 5), (2, 6, 5, 1, 4, 8, 3, 10, 7, 9), (2, 1, 4, 5, 3, 6, 8, 10, 7, 9), (4, 2, 3, 1, 5, 7, 9, 6, 10, 8), (1, 2, 3, 4, 5, 6, 7, 8, 9, 10), (3, 2, 6, 5, 1, 8, 9, 4, 10, 7), (4, 2, 6, 1, 7, 3, 9, 8, 10, 5)}
M(B) = 
[[2, 1, 3, 4, 6, 5, 7, 8, 9, 10]]
Distance: 97
M(A) inter A:
set()
M(B) inter B:
set()

AUB = 
{(2, 1, 3, 6, 10, 5, 4, 8, 7, 9), (2, 3, 6, 7, 5, 9, 4, 10, 1, 8), (3, 4, 9, 1, 6, 8, 5, 2, 10, 7), (1, 4, 2, 3, 7, 6, 5, 8, 9, 10), (2, 6, 3, 1, 4, 5, 10, 9, 7, 8), (4, 1, 7, 3, 6, 5, 2, 8, 9, 10), (5, 4, 2, 1, 8, 6, 10, 7, 3, 9), (1, 2, 3, 4, 5, 6, 7, 8, 9, 10), (1, 3, 6, 7, 2, 8, 9, 10, 4, 5), (2, 6, 5, 1, 4, 8, 3, 10, 7, 9), (2, 1, 4, 5, 3, 6, 8, 10, 7, 9), (1, 3, 2, 4, 6, 5, 7, 9, 10, 8), (4, 2, 3, 1, 5, 7, 9, 6, 10, 8), (2, 1, 3, 4, 5, 6, 7, 8, 9, 10), (3, 2, 1, 6, 10, 5, 4, 8, 7, 9), (9, 1, 2, 5, 6, 4, 7, 10, 3, 8), (4, 2, 1, 6, 3, 10, 7, 5, 8, 9), (3, 2, 6, 5, 1, 8, 9, 4, 10, 7), (4, 2, 6, 1, 7, 3, 9, 8, 10, 5)}
M(AUB) = 
[[2, 1, 3, 4, 6, 5, 7, 8, 9, 10]]
Distance:185

(42)
A = 
{(4, 2, 5, 1, 7, 3, 8, 6, 10, 9), (6, 1, 5, 4, 8, 2, 10, 9, 7, 3), (4, 1, 2, 7, 5, 3, 6, 8, 9, 10), (3, 5, 2, 7, 1, 4, 9, 10, 8, 6), (1, 2, 3, 4, 5, 6, 7, 9, 10, 8), (2, 4, 1, 3, 6, 5, 8, 7, 10, 9), (1, 2, 3, 6, 5, 4, 7, 8, 10, 9), (1, 4, 2, 5, 8, 3, 6, 7, 9, 10), (4, 2, 1, 3, 8, 6, 5, 10, 7, 9), (1, 7, 2, 3, 8, 4, 9, 10, 5, 6)}
M(A) = 
[[1, 2, 3, 4, 5, 6, 7, 8, 9, 10]]
Distance: 88
B = 
{(1, 3, 4, 2, 6, 5, 7, 8, 10, 9), (4, 2, 5, 1, 3, 7, 8, 6, 9, 10), (2, 1, 4, 3, 9, 5, 6, 7, 10, 8), (3, 1, 6, 8, 2, 4, 10, 5, 9, 7), (1, 2, 3, 6, 4, 7, 5, 8, 9, 10), (1, 2, 3, 7, 5, 9, 6, 4, 8, 10), (1, 2, 3, 6, 4, 5, 8, 7, 10, 9), (4, 2, 1, 8, 3, 9, 5, 6, 10, 7), (3, 10, 7, 2, 5, 4, 6, 1, 9, 8), (1, 3, 7, 4, 2, 6, 9, 8, 10, 5)}
M(B) = 
[[1, 2, 3, 4, 5, 6, 7, 8, 9, 10]]
Distance: 91
M(A) inter A:
set()
M(B) inter B:
set()

AUB = 
{(1, 3, 4, 2, 6, 5, 7, 8, 10, 9), (4, 2, 5, 1, 3, 7, 8, 6, 9, 10), (2, 1, 4, 3, 9, 5, 6, 7, 10, 8), (4, 2, 5, 1, 7, 3, 8, 6, 10, 9), (6, 1, 5, 4, 8, 2, 10, 9, 7, 3), (4, 1, 2, 7, 5, 3, 6, 8, 9, 10), (3, 5, 2, 7, 1, 4, 9, 10, 8, 6), (3, 1, 6, 8, 2, 4, 10, 5, 9, 7), (1, 2, 3, 6, 4, 7, 5, 8, 9, 10), (1, 2, 3, 7, 5, 9, 6, 4, 8, 10), (1, 2, 3, 6, 4, 5, 8, 7, 10, 9), (1, 2, 3, 4, 5, 6, 7, 9, 10, 8), (2, 4, 1, 3, 6, 5, 8, 7, 10, 9), (4, 2, 1, 8, 3, 9, 5, 6, 10, 7), (1, 2, 3, 6, 5, 4, 7, 8, 10, 9), (1, 4, 2, 5, 8, 3, 6, 7, 9, 10), (4, 2, 1, 3, 8, 6, 5, 10, 7, 9), (3, 10, 7, 2, 5, 4, 6, 1, 9, 8), (1, 7, 2, 3, 8, 4, 9, 10, 5, 6), (1, 3, 7, 4, 2, 6, 9, 8, 10, 5)}
M(AUB) = 
[[1, 2, 3, 4, 5, 6, 7, 8, 9, 10]]
Distance:181

(43)
A = 
{(6, 2, 1, 3, 4, 5, 10, 9, 7, 8), (3, 5, 2, 4, 1, 6, 9, 10, 7, 8), (3, 1, 4, 2, 7, 5, 6, 10, 8, 9), (2, 1, 4, 5, 3, 7, 6, 8, 10, 9), (3, 1, 5, 8, 7, 2, 4, 6, 9, 10), (3, 1, 9, 6, 4, 5, 2, 7, 8, 10), (1, 2, 3, 6, 4, 8, 7, 5, 10, 9), (2, 6, 1, 5, 3, 4, 7, 8, 9, 10), (2, 5, 1, 4, 6, 3, 7, 9, 8, 10), (3, 5, 1, 2, 7, 4, 8, 9, 10, 6)}
M(A) = 
[[1, 2, 3, 4, 5, 6, 7, 8, 9, 10]]
Distance: 88
B = 
{(1, 2, 6, 7, 3, 5, 4, 10, 9, 8), (6, 1, 4, 5, 3, 2, 7, 9, 8, 10), (2, 1, 4, 3, 5, 6, 9, 8, 7, 10), (2, 5, 4, 3, 1, 8, 6, 7, 9, 10), (4, 2, 1, 5, 3, 6, 7, 8, 9, 10), (4, 1, 8, 2, 5, 3, 9, 6, 7, 10), (1, 2, 3, 4, 5, 6, 7, 8, 9, 10), (3, 5, 7, 1, 2, 4, 10, 8, 9, 6), (1, 2, 3, 6, 4, 5, 7, 9, 8, 10), (1, 3, 5, 4, 2, 6, 9, 7, 8, 10)}
M(B) = 
[[1, 2, 3, 4, 5, 6, 7, 8, 9, 10]]
Distance: 74
M(A) inter A:
set()
M(B) inter B:
{(1, 2, 3, 4, 5, 6, 7, 8, 9, 10)}

AUB = 
{(6, 2, 1, 3, 4, 5, 10, 9, 7, 8), (3, 5, 2, 4, 1, 6, 9, 10, 7, 8), (3, 1, 4, 2, 7, 5, 6, 10, 8, 9), (1, 2, 6, 7, 3, 5, 4, 10, 9, 8), (6, 1, 4, 5, 3, 2, 7, 9, 8, 10), (2, 1, 4, 3, 5, 6, 9, 8, 7, 10), (2, 5, 4, 3, 1, 8, 6, 7, 9, 10), (2, 1, 4, 5, 3, 7, 6, 8, 10, 9), (4, 2, 1, 5, 3, 6, 7, 8, 9, 10), (3, 1, 5, 8, 7, 2, 4, 6, 9, 10), (3, 1, 9, 6, 4, 5, 2, 7, 8, 10), (1, 2, 3, 6, 4, 8, 7, 5, 10, 9), (4, 1, 8, 2, 5, 3, 9, 6, 7, 10), (1, 2, 3, 4, 5, 6, 7, 8, 9, 10), (3, 5, 7, 1, 2, 4, 10, 8, 9, 6), (1, 2, 3, 6, 4, 5, 7, 9, 8, 10), (2, 6, 1, 5, 3, 4, 7, 8, 9, 10), (2, 5, 1, 4, 6, 3, 7, 9, 8, 10), (1, 3, 5, 4, 2, 6, 9, 7, 8, 10), (3, 5, 1, 2, 7, 4, 8, 9, 10, 6)}
M(AUB) = 
[[1, 2, 3, 4, 5, 6, 7, 8, 9, 10]]
Distance:162

(44)
A = 
{(1, 4, 2, 3, 6, 5, 7, 8, 10, 9), (4, 1, 3, 5, 2, 10, 6, 9, 7, 8), (1, 2, 7, 3, 4, 9, 5, 8, 6, 10), (2, 4, 8, 7, 1, 3, 5, 9, 10, 6), (1, 4, 3, 5, 8, 2, 7, 9, 6, 10), (1, 2, 5, 3, 6, 9, 4, 7, 8, 10), (2, 4, 1, 6, 7, 3, 10, 5, 8, 9), (3, 1, 2, 6, 4, 5, 9, 7, 8, 10), (5, 6, 2, 4, 7, 1, 3, 9, 10, 8), (1, 3, 5, 2, 4, 9, 8, 6, 10, 7)}
M(A) = 
[[1, 2, 3, 4, 5, 6, 7, 8, 9, 10]]
Distance: 88
B = 
{(1, 3, 5, 2, 6, 8, 4, 7, 10, 9), (1, 2, 3, 4, 6, 5, 7, 8, 10, 9), (1, 2, 3, 5, 6, 8, 4, 7, 9, 10), (3, 1, 2, 4, 5, 6, 7, 8, 10, 9), (2, 4, 6, 7, 1, 8, 5, 10, 9, 3), (5, 2, 1, 3, 4, 7, 9, 6, 8, 10), (1, 2, 3, 5, 8, 6, 4, 7, 10, 9), (2, 3, 1, 6, 8, 5, 4, 7, 9, 10), (1, 3, 2, 4, 5, 6, 8, 10, 7, 9), (1, 8, 5, 4, 2, 3, 7, 6, 9, 10)}
M(B) = 
[[1, 2, 3, 4, 5, 6, 7, 8, 9, 10]]
Distance: 63
M(A) inter A:
set()
M(B) inter B:
set()

AUB = 
{(1, 3, 5, 2, 6, 8, 4, 7, 10, 9), (1, 2, 3, 4, 6, 5, 7, 8, 10, 9), (1, 2, 3, 5, 6, 8, 4, 7, 9, 10), (3, 1, 2, 4, 5, 6, 7, 8, 10, 9), (1, 4, 2, 3, 6, 5, 7, 8, 10, 9), (4, 1, 3, 5, 2, 10, 6, 9, 7, 8), (2, 4, 6, 7, 1, 8, 5, 10, 9, 3), (1, 2, 7, 3, 4, 9, 5, 8, 6, 10), (2, 4, 8, 7, 1, 3, 5, 9, 10, 6), (1, 4, 3, 5, 8, 2, 7, 9, 6, 10), (1, 2, 5, 3, 6, 9, 4, 7, 8, 10), (2, 4, 1, 6, 7, 3, 10, 5, 8, 9), (5, 2, 1, 3, 4, 7, 9, 6, 8, 10), (1, 2, 3, 5, 8, 6, 4, 7, 10, 9), (2, 3, 1, 6, 8, 5, 4, 7, 9, 10), (3, 1, 2, 6, 4, 5, 9, 7, 8, 10), (1, 3, 2, 4, 5, 6, 8, 10, 7, 9), (1, 8, 5, 4, 2, 3, 7, 6, 9, 10), (5, 6, 2, 4, 7, 1, 3, 9, 10, 8), (1, 3, 5, 2, 4, 9, 8, 6, 10, 7)}
M(AUB) = 
[[1, 2, 3, 4, 5, 6, 7, 8, 9, 10]]
Distance:161

(45)
A = 
{(3, 1, 2, 4, 7, 5, 6, 9, 8, 10), (1, 4, 2, 8, 5, 3, 7, 6, 9, 10), (2, 3, 5, 1, 7, 6, 9, 8, 4, 10), (1, 3, 2, 4, 5, 6, 7, 9, 8, 10), (2, 5, 1, 3, 6, 4, 9, 7, 8, 10), (4, 2, 3, 8, 1, 6, 7, 9, 5, 10), (2, 1, 3, 4, 5, 6, 7, 8, 9, 10), (1, 4, 2, 5, 3, 6, 7, 8, 9, 10), (1, 2, 3, 7, 6, 4, 5, 9, 8, 10), (2, 4, 7, 3, 1, 5, 10, 8, 9, 6)}
M(A) = 
[[1, 2, 3, 4, 5, 6, 7, 8, 9, 10], [1, 2, 3, 4, 5, 6, 7, 9, 8, 10]]
Distance: 67
B = 
{(3, 1, 4, 5, 2, 7, 9, 10, 8, 6), (1, 2, 3, 4, 5, 6, 8, 9, 10, 7), (1, 3, 2, 6, 5, 4, 7, 9, 10, 8), (2, 3, 1, 4, 5, 10, 9, 7, 6, 8), (4, 1, 3, 2, 8, 6, 10, 9, 5, 7), (1, 2, 4, 5, 7, 9, 3, 8, 6, 10), (1, 2, 3, 4, 5, 6, 7, 8, 9, 10), (1, 5, 4, 2, 7, 3, 6, 8, 9, 10), (1, 4, 2, 5, 8, 3, 6, 7, 9, 10), (1, 2, 3, 4, 5, 6, 7, 9, 8, 10)}
M(B) = 
[[1, 2, 3, 4, 5, 6, 7, 8, 9, 10], [1, 2, 3, 4, 5, 6, 7, 9, 8, 10]]
Distance: 64
M(A) inter A:
set()
M(B) inter B:
{(1, 2, 3, 4, 5, 6, 7, 9, 8, 10), (1, 2, 3, 4, 5, 6, 7, 8, 9, 10)}

AUB = 
{(3, 1, 4, 5, 2, 7, 9, 10, 8, 6), (1, 2, 3, 4, 5, 6, 8, 9, 10, 7), (1, 3, 2, 6, 5, 4, 7, 9, 10, 8), (3, 1, 2, 4, 7, 5, 6, 9, 8, 10), (2, 3, 1, 4, 5, 10, 9, 7, 6, 8), (1, 4, 2, 8, 5, 3, 7, 6, 9, 10), (2, 3, 5, 1, 7, 6, 9, 8, 4, 10), (1, 3, 2, 4, 5, 6, 7, 9, 8, 10), (4, 1, 3, 2, 8, 6, 10, 9, 5, 7), (2, 5, 1, 3, 6, 4, 9, 7, 8, 10), (1, 2, 4, 5, 7, 9, 3, 8, 6, 10), (1, 2, 3, 4, 5, 6, 7, 8, 9, 10), (1, 5, 4, 2, 7, 3, 6, 8, 9, 10), (4, 2, 3, 8, 1, 6, 7, 9, 5, 10), (1, 4, 2, 5, 8, 3, 6, 7, 9, 10), (2, 1, 3, 4, 5, 6, 7, 8, 9, 10), (1, 2, 3, 4, 5, 6, 7, 9, 8, 10), (1, 4, 2, 5, 3, 6, 7, 8, 9, 10), (1, 2, 3, 7, 6, 4, 5, 9, 8, 10), (2, 4, 7, 3, 1, 5, 10, 8, 9, 6)}
M(AUB) = 
[[1, 2, 3, 4, 5, 6, 7, 8, 9, 10], [1, 2, 3, 4, 5, 6, 7, 9, 8, 10]]
Distance:131

(46)
A = 
{(1, 2, 3, 4, 5, 8, 6, 9, 10, 7), (6, 2, 1, 5, 4, 9, 3, 8, 7, 10), (1, 2, 4, 3, 6, 8, 5, 9, 7, 10), (3, 4, 1, 2, 9, 7, 5, 8, 10, 6), (2, 7, 5, 1, 3, 4, 9, 6, 8, 10), (3, 2, 4, 6, 5, 7, 8, 1, 10, 9), (1, 4, 3, 2, 7, 5, 8, 6, 10, 9), (1, 2, 5, 7, 4, 6, 9, 3, 8, 10), (1, 4, 7, 9, 3, 2, 6, 8, 5, 10), (4, 2, 1, 6, 10, 3, 7, 9, 8, 5)}
M(A) = 
[[1, 2, 4, 3, 6, 5, 7, 9, 8, 10], [1, 2, 4, 3, 6, 7, 5, 9, 8, 10], [1, 2, 4, 6, 3, 5, 7, 9, 8, 10], [1, 2, 4, 6, 3, 7, 5, 9, 8, 10]]
Distance: 96
B = 
{(6, 2, 1, 3, 9, 4, 7, 5, 8, 10), (2, 1, 6, 3, 8, 5, 4, 9, 7, 10), (2, 1, 6, 3, 5, 4, 9, 8, 7, 10), (2, 1, 4, 8, 7, 6, 3, 5, 9, 10), (1, 2, 3, 6, 4, 10, 9, 8, 5, 7), (1, 2, 4, 3, 6, 8, 7, 5, 9, 10), (1, 2, 7, 4, 5, 6, 3, 8, 9, 10), (8, 1, 7, 2, 4, 9, 5, 6, 10, 3), (1, 2, 3, 5, 4, 7, 9, 10, 8, 6), (1, 6, 2, 5, 4, 3, 7, 9, 8, 10)}
M(B) = 
[[1, 2, 4, 3, 6, 5, 7, 9, 8, 10], [1, 2, 4, 3, 6, 7, 5, 9, 8, 10], [1, 2, 4, 6, 3, 5, 7, 9, 8, 10], [1, 2, 4, 6, 3, 7, 5, 9, 8, 10]]
Distance: 86
M(A) inter A:
set()
M(B) inter B:
set()

AUB = 
{(1, 2, 3, 4, 5, 8, 6, 9, 10, 7), (6, 2, 1, 5, 4, 9, 3, 8, 7, 10), (6, 2, 1, 3, 9, 4, 7, 5, 8, 10), (1, 2, 4, 3, 6, 8, 5, 9, 7, 10), (2, 1, 6, 3, 8, 5, 4, 9, 7, 10), (3, 4, 1, 2, 9, 7, 5, 8, 10, 6), (2, 7, 5, 1, 3, 4, 9, 6, 8, 10), (2, 1, 6, 3, 5, 4, 9, 8, 7, 10), (2, 1, 4, 8, 7, 6, 3, 5, 9, 10), (3, 2, 4, 6, 5, 7, 8, 1, 10, 9), (1, 4, 3, 2, 7, 5, 8, 6, 10, 9), (1, 2, 5, 7, 4, 6, 9, 3, 8, 10), (1, 4, 7, 9, 3, 2, 6, 8, 5, 10), (1, 2, 3, 6, 4, 10, 9, 8, 5, 7), (1, 2, 4, 3, 6, 8, 7, 5, 9, 10), (1, 2, 7, 4, 5, 6, 3, 8, 9, 10), (4, 2, 1, 6, 10, 3, 7, 9, 8, 5), (8, 1, 7, 2, 4, 9, 5, 6, 10, 3), (1, 2, 3, 5, 4, 7, 9, 10, 8, 6), (1, 6, 2, 5, 4, 3, 7, 9, 8, 10)}
M(AUB) = 
[[1, 2, 4, 3, 6, 5, 7, 9, 8, 10], [1, 2, 4, 3, 6, 7, 5, 9, 8, 10], [1, 2, 4, 6, 3, 5, 7, 9, 8, 10], [1, 2, 4, 6, 3, 7, 5, 9, 8, 10]]
Distance:188

(47)
A = 
{(1, 4, 5, 8, 2, 3, 7, 6, 10, 9), (3, 1, 8, 4, 7, 5, 2, 6, 9, 10), (2, 1, 3, 6, 5, 4, 8, 10, 9, 7), (1, 2, 3, 4, 6, 5, 7, 8, 10, 9), (1, 3, 2, 4, 5, 10, 6, 8, 9, 7), (2, 1, 6, 3, 4, 5, 7, 8, 10, 9), (1, 2, 3, 4, 5, 6, 7, 8, 9, 10), (3, 2, 1, 6, 4, 5, 10, 9, 8, 7), (1, 2, 4, 3, 5, 6, 9, 7, 10, 8), (1, 2, 4, 3, 5, 8, 6, 7, 9, 10)}
M(A) = 
[[2, 1, 3, 4, 5, 6, 7, 8, 9, 10], [2, 1, 3, 4, 5, 6, 7, 8, 10, 9]]
Distance: 58
B = 
{(2, 4, 1, 3, 5, 6, 8, 7, 9, 10), (2, 3, 1, 5, 6, 4, 7, 9, 10, 8), (4, 3, 2, 1, 7, 8, 6, 5, 10, 9), (1, 3, 2, 5, 6, 4, 7, 9, 8, 10), (2, 1, 6, 3, 7, 5, 9, 4, 8, 10), (1, 2, 3, 7, 4, 5, 6, 8, 9, 10), (4, 10, 2, 1, 5, 8, 3, 9, 6, 7), (2, 4, 1, 7, 3, 5, 8, 6, 9, 10), (4, 3, 2, 6, 5, 1, 10, 8, 9, 7), (4, 5, 2, 1, 7, 3, 8, 10, 9, 6)}
M(B) = 
[[2, 1, 3, 4, 5, 6, 7, 8, 9, 10], [2, 1, 3, 4, 5, 6, 7, 8, 10, 9]]
Distance: 80
M(A) inter A:
set()
M(B) inter B:
set()

AUB = 
{(2, 4, 1, 3, 5, 6, 8, 7, 9, 10), (2, 3, 1, 5, 6, 4, 7, 9, 10, 8), (1, 4, 5, 8, 2, 3, 7, 6, 10, 9), (3, 1, 8, 4, 7, 5, 2, 6, 9, 10), (2, 1, 3, 6, 5, 4, 8, 10, 9, 7), (1, 2, 3, 4, 6, 5, 7, 8, 10, 9), (1, 3, 2, 4, 5, 10, 6, 8, 9, 7), (4, 3, 2, 1, 7, 8, 6, 5, 10, 9), (2, 1, 6, 3, 4, 5, 7, 8, 10, 9), (1, 3, 2, 5, 6, 4, 7, 9, 8, 10), (2, 1, 6, 3, 7, 5, 9, 4, 8, 10), (1, 2, 3, 7, 4, 5, 6, 8, 9, 10), (4, 10, 2, 1, 5, 8, 3, 9, 6, 7), (1, 2, 3, 4, 5, 6, 7, 8, 9, 10), (3, 2, 1, 6, 4, 5, 10, 9, 8, 7), (1, 2, 4, 3, 5, 6, 9, 7, 10, 8), (1, 2, 4, 3, 5, 8, 6, 7, 9, 10), (2, 4, 1, 7, 3, 5, 8, 6, 9, 10), (4, 3, 2, 6, 5, 1, 10, 8, 9, 7), (4, 5, 2, 1, 7, 3, 8, 10, 9, 6)}
M(AUB) = 
[[2, 1, 3, 4, 5, 6, 7, 8, 9, 10], [2, 1, 3, 4, 5, 6, 7, 8, 10, 9]]
Distance:150

(48)
A = 
{(1, 3, 4, 7, 2, 5, 10, 9, 6, 8), (2, 1, 3, 4, 7, 5, 6, 8, 10, 9), (1, 3, 2, 5, 4, 6, 7, 8, 10, 9), (2, 1, 3, 5, 6, 7, 4, 10, 8, 9), (2, 1, 4, 3, 5, 6, 7, 8, 9, 10), (1, 4, 3, 5, 2, 10, 7, 6, 8, 9), (1, 2, 3, 4, 5, 6, 7, 8, 9, 10), (4, 2, 3, 1, 6, 7, 5, 8, 9, 10), (4, 3, 2, 1, 5, 7, 6, 9, 10, 8), (1, 2, 6, 3, 5, 4, 10, 8, 9, 7)}
M(A) = 
[[1, 2, 3, 4, 5, 6, 7, 8, 10, 9]]
Distance: 57
B = 
{(2, 5, 4, 10, 1, 3, 6, 7, 8, 9), (5, 2, 1, 8, 6, 3, 4, 10, 7, 9), (4, 6, 1, 3, 2, 8, 7, 5, 10, 9), (1, 2, 8, 4, 3, 5, 6, 10, 7, 9), (2, 5, 1, 4, 6, 3, 7, 10, 8, 9), (1, 5, 2, 3, 4, 8, 6, 7, 10, 9), (1, 2, 3, 6, 8, 4, 5, 7, 9, 10), (4, 1, 2, 5, 10, 3, 7, 8, 6, 9), (1, 2, 3, 4, 5, 6, 7, 8, 9, 10), (5, 3, 1, 2, 10, 4, 8, 7, 9, 6)}
M(B) = 
[[1, 2, 3, 4, 5, 6, 7, 8, 10, 9]]
Distance: 80
M(A) inter A:
set()
M(B) inter B:
set()

AUB = 
{(1, 3, 4, 7, 2, 5, 10, 9, 6, 8), (2, 1, 3, 4, 7, 5, 6, 8, 10, 9), (1, 3, 2, 5, 4, 6, 7, 8, 10, 9), (2, 5, 4, 10, 1, 3, 6, 7, 8, 9), (5, 2, 1, 8, 6, 3, 4, 10, 7, 9), (2, 1, 3, 5, 6, 7, 4, 10, 8, 9), (4, 6, 1, 3, 2, 8, 7, 5, 10, 9), (1, 2, 8, 4, 3, 5, 6, 10, 7, 9), (2, 1, 4, 3, 5, 6, 7, 8, 9, 10), (2, 5, 1, 4, 6, 3, 7, 10, 8, 9), (1, 4, 3, 5, 2, 10, 7, 6, 8, 9), (1, 5, 2, 3, 4, 8, 6, 7, 10, 9), (1, 2, 3, 6, 8, 4, 5, 7, 9, 10), (4, 1, 2, 5, 10, 3, 7, 8, 6, 9), (1, 2, 3, 4, 5, 6, 7, 8, 9, 10), (4, 2, 3, 1, 6, 7, 5, 8, 9, 10), (4, 3, 2, 1, 5, 7, 6, 9, 10, 8), (1, 2, 6, 3, 5, 4, 10, 8, 9, 7), (5, 3, 1, 2, 10, 4, 8, 7, 9, 6)}
M(AUB) = 
[[1, 2, 3, 4, 5, 6, 7, 8, 10, 9]]
Distance:140

(49)
A = 
{(2, 3, 7, 6, 1, 4, 5, 9, 8, 10), (1, 2, 5, 3, 4, 6, 10, 8, 9, 7), (2, 1, 3, 4, 5, 6, 7, 10, 8, 9), (1, 2, 3, 4, 5, 6, 7, 10, 8, 9), (5, 1, 2, 3, 6, 7, 8, 9, 4, 10), (1, 5, 2, 3, 4, 9, 10, 6, 8, 7), (1, 2, 3, 4, 5, 6, 7, 8, 9, 10), (1, 3, 2, 4, 7, 5, 8, 10, 9, 6), (2, 4, 3, 5, 6, 7, 1, 9, 10, 8), (2, 6, 1, 4, 5, 3, 10, 9, 8, 7)}
M(A) = 
[[1, 2, 3, 4, 5, 6, 7, 8, 10, 9]]
Distance: 67
B = 
{(1, 3, 7, 2, 4, 8, 5, 10, 6, 9), (3, 1, 5, 6, 2, 7, 8, 4, 10, 9), (3, 7, 2, 6, 5, 4, 1, 8, 10, 9), (1, 2, 4, 7, 6, 9, 3, 5, 8, 10), (2, 1, 3, 4, 6, 8, 5, 7, 10, 9), (2, 3, 1, 4, 8, 6, 5, 9, 7, 10), (3, 1, 2, 5, 8, 4, 6, 7, 10, 9), (1, 2, 4, 3, 5, 6, 10, 9, 8, 7), (1, 2, 3, 7, 4, 6, 9, 10, 5, 8), (1, 2, 3, 6, 4, 5, 10, 7, 8, 9)}
M(B) = 
[[1, 2, 3, 4, 5, 6, 7, 8, 10, 9]]
Distance: 75
M(A) inter A:
set()
M(B) inter B:
set()

AUB = 
{(2, 3, 7, 6, 1, 4, 5, 9, 8, 10), (1, 3, 7, 2, 4, 8, 5, 10, 6, 9), (3, 1, 5, 6, 2, 7, 8, 4, 10, 9), (1, 2, 5, 3, 4, 6, 10, 8, 9, 7), (3, 7, 2, 6, 5, 4, 1, 8, 10, 9), (1, 2, 4, 7, 6, 9, 3, 5, 8, 10), (2, 1, 3, 4, 6, 8, 5, 7, 10, 9), (2, 1, 3, 4, 5, 6, 7, 10, 8, 9), (2, 3, 1, 4, 8, 6, 5, 9, 7, 10), (1, 2, 3, 4, 5, 6, 7, 10, 8, 9), (5, 1, 2, 3, 6, 7, 8, 9, 4, 10), (1, 5, 2, 3, 4, 9, 10, 6, 8, 7), (1, 2, 3, 4, 5, 6, 7, 8, 9, 10), (1, 3, 2, 4, 7, 5, 8, 10, 9, 6), (3, 1, 2, 5, 8, 4, 6, 7, 10, 9), (2, 4, 3, 5, 6, 7, 1, 9, 10, 8), (1, 2, 4, 3, 5, 6, 10, 9, 8, 7), (2, 6, 1, 4, 5, 3, 10, 9, 8, 7), (1, 2, 3, 7, 4, 6, 9, 10, 5, 8), (1, 2, 3, 6, 4, 5, 10, 7, 8, 9)}
M(AUB) = 
[[1, 2, 3, 4, 5, 6, 7, 8, 10, 9]]
Distance:146

