(0)
A = 
{(4, 1, 2, 5, 6, 3, 10, 8, 9, 11, 7), (1, 8, 2, 7, 3, 4, 10, 11, 5, 6, 9), (1, 3, 2, 4, 5, 6, 7, 8, 9, 10, 11), (2, 3, 4, 1, 6, 7, 8, 5, 10, 11, 9), (1, 2, 3, 4, 6, 9, 8, 10, 11, 5, 7), (2, 4, 1, 3, 6, 5, 8, 7, 9, 11, 10), (2, 1, 3, 6, 4, 7, 5, 9, 11, 8, 10), (2, 1, 4, 3, 6, 5, 8, 7, 9, 10, 11), (1, 6, 2, 3, 4, 8, 9, 5, 11, 7, 10), (1, 3, 4, 2, 5, 6, 9, 8, 7, 10, 11)}
M(A) = 
[[1, 2, 3, 4, 5, 6, 8, 7, 9, 10, 11]]
Distance: 72
B = 
{(2, 1, 5, 3, 4, 6, 7, 8, 9, 10, 11), (1, 2, 4, 5, 3, 8, 6, 9, 11, 7, 10), (1, 2, 3, 5, 6, 4, 10, 9, 8, 7, 11), (1, 4, 5, 2, 6, 9, 3, 10, 8, 7, 11), (3, 4, 7, 2, 1, 9, 6, 5, 10, 11, 8), (1, 2, 3, 4, 5, 6, 7, 8, 9, 10, 11), (3, 4, 5, 2, 9, 6, 7, 1, 8, 11, 10), (4, 1, 3, 2, 5, 6, 7, 8, 9, 11, 10), (4, 1, 2, 3, 5, 6, 8, 7, 9, 11, 10), (2, 1, 3, 6, 4, 9, 5, 8, 7, 10, 11)}
M(B) = 
[[1, 2, 3, 4, 5, 6, 8, 7, 9, 10, 11]]
Distance: 75
M(A) inter A:
set()
M(B) inter B:
{(1, 2, 3, 4, 5, 6, 7, 8, 9, 10, 11)}

AUB = 
{(4, 1, 3, 2, 5, 6, 7, 8, 9, 11, 10), (4, 1, 2, 3, 5, 6, 8, 7, 9, 11, 10), (2, 1, 3, 6, 4, 9, 5, 8, 7, 10, 11), (2, 1, 5, 3, 4, 6, 7, 8, 9, 10, 11), (4, 1, 2, 5, 6, 3, 10, 8, 9, 11, 7), (1, 2, 4, 5, 3, 8, 6, 9, 11, 7, 10), (1, 8, 2, 7, 3, 4, 10, 11, 5, 6, 9), (1, 3, 2, 4, 5, 6, 7, 8, 9, 10, 11), (1, 2, 3, 5, 6, 4, 10, 9, 8, 7, 11), (1, 4, 5, 2, 6, 9, 3, 10, 8, 7, 11), (2, 3, 4, 1, 6, 7, 8, 5, 10, 11, 9), (1, 2, 3, 4, 6, 9, 8, 10, 11, 5, 7), (2, 4, 1, 3, 6, 5, 8, 7, 9, 11, 10), (2, 1, 3, 6, 4, 7, 5, 9, 11, 8, 10), (3, 4, 7, 2, 1, 9, 6, 5, 10, 11, 8), (2, 1, 4, 3, 6, 5, 8, 7, 9, 10, 11), (1, 2, 3, 4, 5, 6, 7, 8, 9, 10, 11), (1, 6, 2, 3, 4, 8, 9, 5, 11, 7, 10), (1, 3, 4, 2, 5, 6, 9, 8, 7, 10, 11), (3, 4, 5, 2, 9, 6, 7, 1, 8, 11, 10)}
M(AUB) = 
[[1, 2, 3, 4, 5, 6, 8, 7, 9, 10, 11]]
Distance:149

(1)
A = 
{(1, 2, 4, 5, 7, 3, 11, 9, 6, 8, 10), (4, 2, 6, 3, 1, 7, 5, 10, 8, 11, 9), (1, 2, 4, 9, 11, 6, 8, 5, 3, 7, 10), (4, 2, 3, 6, 1, 10, 5, 8, 7, 11, 9), (1, 4, 3, 5, 6, 2, 8, 10, 11, 7, 9), (1, 3, 5, 2, 10, 4, 8, 6, 9, 7, 11), (3, 2, 1, 4, 6, 9, 5, 7, 11, 10, 8), (1, 3, 2, 5, 7, 6, 4, 9, 10, 8, 11), (1, 2, 3, 4, 5, 6, 7, 8, 9, 10, 11), (1, 5, 2, 4, 7, 6, 11, 8, 9, 3, 10)}
M(A) = 
[[1, 2, 4, 3, 5, 6, 7, 8, 9, 11, 10]]
Distance: 102
B = 
{(2, 1, 5, 3, 4, 7, 8, 6, 11, 9, 10), (3, 1, 2, 5, 4, 7, 6, 8, 9, 10, 11), (1, 2, 3, 6, 4, 5, 7, 8, 9, 11, 10), (4, 5, 1, 2, 3, 7, 6, 11, 10, 9, 8), (1, 2, 5, 4, 6, 3, 10, 9, 7, 8, 11), (4, 3, 1, 5, 2, 7, 6, 10, 9, 8, 11), (1, 7, 2, 3, 5, 4, 9, 6, 8, 11, 10), (1, 2, 3, 4, 5, 6, 7, 8, 9, 10, 11), (2, 1, 4, 3, 5, 6, 7, 8, 11, 9, 10), (1, 3, 2, 4, 7, 5, 8, 6, 11, 9, 10)}
M(B) = 
[[1, 2, 4, 3, 5, 6, 7, 8, 9, 11, 10]]
Distance: 61
M(A) inter A:
set()
M(B) inter B:
set()

AUB = 
{(1, 2, 4, 5, 7, 3, 11, 9, 6, 8, 10), (2, 1, 5, 3, 4, 7, 8, 6, 11, 9, 10), (4, 2, 6, 3, 1, 7, 5, 10, 8, 11, 9), (3, 1, 2, 5, 4, 7, 6, 8, 9, 10, 11), (1, 2, 4, 9, 11, 6, 8, 5, 3, 7, 10), (1, 2, 3, 6, 4, 5, 7, 8, 9, 11, 10), (4, 2, 3, 6, 1, 10, 5, 8, 7, 11, 9), (1, 4, 3, 5, 6, 2, 8, 10, 11, 7, 9), (1, 3, 5, 2, 10, 4, 8, 6, 9, 7, 11), (3, 2, 1, 4, 6, 9, 5, 7, 11, 10, 8), (1, 3, 2, 5, 7, 6, 4, 9, 10, 8, 11), (4, 5, 1, 2, 3, 7, 6, 11, 10, 9, 8), (1, 2, 5, 4, 6, 3, 10, 9, 7, 8, 11), (4, 3, 1, 5, 2, 7, 6, 10, 9, 8, 11), (1, 2, 3, 4, 5, 6, 7, 8, 9, 10, 11), (1, 5, 2, 4, 7, 6, 11, 8, 9, 3, 10), (1, 7, 2, 3, 5, 4, 9, 6, 8, 11, 10), (2, 1, 4, 3, 5, 6, 7, 8, 11, 9, 10), (1, 3, 2, 4, 7, 5, 8, 6, 11, 9, 10)}
M(AUB) = 
[[1, 2, 4, 3, 5, 6, 7, 8, 9, 11, 10]]
Distance:167

(2)
A = 
{(4, 1, 3, 2, 6, 7, 11, 5, 9, 8, 10), (4, 1, 2, 3, 8, 7, 5, 9, 6, 11, 10), (1, 4, 2, 5, 6, 7, 3, 8, 9, 11, 10), (1, 2, 3, 9, 5, 4, 6, 8, 11, 10, 7), (3, 1, 4, 2, 9, 7, 5, 6, 8, 11, 10), (1, 3, 4, 2, 5, 8, 6, 7, 9, 11, 10), (1, 2, 5, 3, 6, 4, 8, 7, 10, 11, 9), (1, 2, 3, 9, 4, 6, 10, 7, 11, 8, 5), (2, 1, 3, 6, 7, 4, 5, 8, 9, 10, 11), (1, 2, 4, 3, 6, 7, 5, 8, 10, 9, 11)}
M(A) = 
[[1, 2, 3, 4, 5, 6, 8, 7, 9, 11, 10], [1, 2, 3, 4, 5, 6, 7, 8, 9, 11, 10]]
Distance: 78
B = 
{(1, 4, 8, 2, 6, 3, 7, 5, 9, 11, 10), (5, 7, 3, 1, 2, 4, 6, 11, 9, 10, 8), (3, 1, 7, 4, 11, 5, 2, 6, 8, 10, 9), (1, 5, 2, 4, 8, 3, 6, 9, 11, 7, 10), (2, 1, 3, 9, 4, 5, 7, 6, 11, 8, 10), (4, 2, 6, 5, 3, 8, 9, 1, 11, 10, 7), (1, 3, 4, 6, 2, 8, 5, 7, 9, 11, 10), (2, 1, 9, 5, 3, 4, 10, 6, 11, 7, 8), (4, 1, 2, 3, 5, 8, 6, 9, 7, 10, 11), (2, 1, 3, 6, 5, 4, 8, 7, 10, 9, 11)}
M(B) = 
[[1, 2, 3, 4, 5, 6, 8, 7, 9, 11, 10], [1, 2, 3, 4, 5, 6, 7, 8, 9, 11, 10]]
Distance: 105
M(A) inter A:
set()
M(B) inter B:
set()

AUB = 
{(4, 1, 2, 3, 5, 8, 6, 9, 7, 10, 11), (2, 1, 3, 6, 5, 4, 8, 7, 10, 9, 11), (4, 1, 3, 2, 6, 7, 11, 5, 9, 8, 10), (1, 4, 8, 2, 6, 3, 7, 5, 9, 11, 10), (4, 1, 2, 3, 8, 7, 5, 9, 6, 11, 10), (1, 4, 2, 5, 6, 7, 3, 8, 9, 11, 10), (1, 2, 3, 9, 5, 4, 6, 8, 11, 10, 7), (3, 1, 4, 2, 9, 7, 5, 6, 8, 11, 10), (5, 7, 3, 1, 2, 4, 6, 11, 9, 10, 8), (1, 3, 4, 2, 5, 8, 6, 7, 9, 11, 10), (3, 1, 7, 4, 11, 5, 2, 6, 8, 10, 9), (1, 5, 2, 4, 8, 3, 6, 9, 11, 7, 10), (2, 1, 3, 9, 4, 5, 7, 6, 11, 8, 10), (4, 2, 6, 5, 3, 8, 9, 1, 11, 10, 7), (1, 2, 5, 3, 6, 4, 8, 7, 10, 11, 9), (1, 2, 3, 9, 4, 6, 10, 7, 11, 8, 5), (1, 3, 4, 6, 2, 8, 5, 7, 9, 11, 10), (2, 1, 3, 6, 7, 4, 5, 8, 9, 10, 11), (2, 1, 9, 5, 3, 4, 10, 6, 11, 7, 8), (1, 2, 4, 3, 6, 7, 5, 8, 10, 9, 11)}
M(AUB) = 
[[1, 2, 3, 4, 5, 6, 8, 7, 9, 11, 10], [1, 2, 3, 4, 5, 6, 7, 8, 9, 11, 10]]
Distance:185

(3)
A = 
{(1, 3, 6, 2, 5, 4, 7, 8, 9, 11, 10), (5, 1, 3, 6, 4, 2, 9, 7, 11, 10, 8), (1, 6, 3, 8, 2, 5, 7, 4, 10, 11, 9), (2, 1, 4, 3, 6, 8, 7, 5, 10, 9, 11), (2, 4, 1, 3, 6, 5, 7, 9, 11, 8, 10), (1, 2, 6, 3, 4, 5, 8, 9, 7, 11, 10), (2, 1, 3, 4, 5, 6, 7, 8, 9, 10, 11), (2, 1, 5, 9, 3, 4, 6, 10, 7, 8, 11), (3, 6, 4, 10, 2, 1, 9, 5, 8, 7, 11), (5, 7, 1, 9, 6, 3, 2, 10, 4, 8, 11)}
M(A) = 
[[2, 1, 3, 4, 5, 6, 7, 8, 9, 10, 11]]
Distance: 98
B = 
{(1, 2, 3, 4, 6, 5, 7, 8, 9, 10, 11), (5, 2, 1, 3, 7, 4, 8, 6, 9, 11, 10), (1, 2, 4, 3, 8, 5, 7, 6, 9, 10, 11), (5, 1, 4, 6, 2, 3, 7, 8, 11, 9, 10), (3, 2, 4, 1, 8, 5, 6, 7, 10, 9, 11), (4, 7, 2, 3, 5, 1, 8, 9, 6, 10, 11), (1, 3, 2, 4, 6, 5, 9, 8, 10, 7, 11), (3, 2, 4, 7, 5, 1, 6, 10, 8, 9, 11), (5, 2, 1, 4, 7, 8, 3, 6, 10, 9, 11), (4, 3, 6, 2, 1, 5, 11, 10, 8, 9, 7)}
M(B) = 
[[2, 1, 3, 4, 5, 6, 7, 8, 9, 10, 11]]
Distance: 89
M(A) inter A:
{(2, 1, 3, 4, 5, 6, 7, 8, 9, 10, 11)}
M(B) inter B:
set()

AUB = 
{(1, 2, 3, 4, 6, 5, 7, 8, 9, 10, 11), (5, 2, 1, 3, 7, 4, 8, 6, 9, 11, 10), (1, 3, 6, 2, 5, 4, 7, 8, 9, 11, 10), (5, 1, 3, 6, 4, 2, 9, 7, 11, 10, 8), (1, 2, 4, 3, 8, 5, 7, 6, 9, 10, 11), (1, 6, 3, 8, 2, 5, 7, 4, 10, 11, 9), (2, 1, 4, 3, 6, 8, 7, 5, 10, 9, 11), (2, 4, 1, 3, 6, 5, 7, 9, 11, 8, 10), (5, 1, 4, 6, 2, 3, 7, 8, 11, 9, 10), (3, 2, 4, 1, 8, 5, 6, 7, 10, 9, 11), (4, 7, 2, 3, 5, 1, 8, 9, 6, 10, 11), (1, 3, 2, 4, 6, 5, 9, 8, 10, 7, 11), (3, 2, 4, 7, 5, 1, 6, 10, 8, 9, 11), (1, 2, 6, 3, 4, 5, 8, 9, 7, 11, 10), (2, 1, 3, 4, 5, 6, 7, 8, 9, 10, 11), (5, 2, 1, 4, 7, 8, 3, 6, 10, 9, 11), (2, 1, 5, 9, 3, 4, 6, 10, 7, 8, 11), (4, 3, 6, 2, 1, 5, 11, 10, 8, 9, 7), (3, 6, 4, 10, 2, 1, 9, 5, 8, 7, 11), (5, 7, 1, 9, 6, 3, 2, 10, 4, 8, 11)}
M(AUB) = 
[[2, 1, 3, 4, 5, 6, 7, 8, 9, 10, 11]]
Distance:191

(4)
A = 
{(3, 4, 7, 2, 1, 5, 11, 9, 6, 8, 10), (3, 1, 2, 4, 5, 7, 6, 8, 9, 11, 10), (1, 3, 7, 4, 5, 2, 8, 6, 9, 11, 10), (1, 2, 3, 5, 4, 7, 6, 8, 9, 11, 10), (1, 4, 2, 7, 3, 5, 10, 6, 9, 8, 11), (3, 7, 4, 2, 9, 1, 10, 6, 11, 8, 5), (2, 1, 4, 3, 7, 5, 8, 9, 6, 10, 11), (1, 2, 4, 5, 7, 3, 6, 9, 10, 8, 11), (1, 4, 2, 5, 3, 7, 6, 9, 11, 8, 10), (2, 4, 1, 5, 8, 3, 6, 7, 11, 10, 9)}
M(A) = 
[[1, 2, 3, 4, 5, 7, 6, 8, 9, 10, 11], [1, 2, 3, 4, 5, 7, 6, 8, 9, 11, 10], [1, 2, 4, 3, 5, 7, 6, 8, 9, 10, 11], [1, 2, 4, 3, 5, 7, 6, 8, 9, 11, 10]]
Distance: 80
B = 
{(4, 1, 2, 5, 7, 10, 3, 6, 9, 11, 8), (6, 3, 1, 5, 4, 2, 7, 11, 9, 8, 10), (2, 1, 3, 6, 5, 8, 7, 9, 11, 4, 10), (4, 1, 2, 6, 3, 8, 7, 5, 10, 11, 9), (3, 1, 5, 2, 4, 7, 8, 9, 11, 6, 10), (2, 6, 1, 7, 3, 5, 4, 10, 8, 9, 11), (1, 2, 4, 3, 6, 8, 5, 10, 9, 7, 11), (1, 3, 2, 4, 5, 7, 6, 8, 9, 10, 11), (1, 4, 2, 5, 3, 6, 7, 9, 10, 8, 11), (1, 2, 4, 3, 7, 5, 8, 6, 9, 11, 10)}
M(B) = 
[[1, 2, 3, 4, 5, 7, 6, 8, 9, 10, 11], [1, 2, 3, 4, 5, 7, 6, 8, 9, 11, 10], [1, 2, 4, 3, 5, 7, 6, 8, 9, 10, 11], [1, 2, 4, 3, 5, 7, 6, 8, 9, 11, 10]]
Distance: 85
M(A) inter A:
set()
M(B) inter B:
set()

AUB = 
{(3, 4, 7, 2, 1, 5, 11, 9, 6, 8, 10), (4, 1, 2, 5, 7, 10, 3, 6, 9, 11, 8), (3, 1, 2, 4, 5, 7, 6, 8, 9, 11, 10), (6, 3, 1, 5, 4, 2, 7, 11, 9, 8, 10), (2, 1, 3, 6, 5, 8, 7, 9, 11, 4, 10), (4, 1, 2, 6, 3, 8, 7, 5, 10, 11, 9), (1, 3, 7, 4, 5, 2, 8, 6, 9, 11, 10), (3, 1, 5, 2, 4, 7, 8, 9, 11, 6, 10), (2, 6, 1, 7, 3, 5, 4, 10, 8, 9, 11), (1, 2, 4, 3, 6, 8, 5, 10, 9, 7, 11), (1, 2, 3, 5, 4, 7, 6, 8, 9, 11, 10), (1, 3, 2, 4, 5, 7, 6, 8, 9, 10, 11), (1, 4, 2, 7, 3, 5, 10, 6, 9, 8, 11), (3, 7, 4, 2, 9, 1, 10, 6, 11, 8, 5), (2, 1, 4, 3, 7, 5, 8, 9, 6, 10, 11), (1, 2, 4, 5, 7, 3, 6, 9, 10, 8, 11), (1, 4, 2, 5, 3, 6, 7, 9, 10, 8, 11), (1, 4, 2, 5, 3, 7, 6, 9, 11, 8, 10), (2, 4, 1, 5, 8, 3, 6, 7, 11, 10, 9), (1, 2, 4, 3, 7, 5, 8, 6, 9, 11, 10)}
M(AUB) = 
[[1, 2, 3, 4, 5, 7, 6, 8, 9, 10, 11], [1, 2, 3, 4, 5, 7, 6, 8, 9, 11, 10], [1, 2, 4, 3, 5, 7, 6, 8, 9, 10, 11], [1, 2, 4, 3, 5, 7, 6, 8, 9, 11, 10]]
Distance:169

(5)
A = 
{(5, 4, 3, 2, 1, 7, 8, 10, 9, 6, 11), (3, 4, 2, 1, 8, 7, 9, 5, 6, 11, 10), (2, 1, 3, 5, 11, 8, 4, 7, 9, 10, 6), (4, 3, 1, 2, 7, 5, 8, 6, 10, 9, 11), (1, 3, 7, 4, 2, 5, 6, 8, 9, 11, 10), (2, 3, 1, 5, 4, 8, 9, 6, 10, 7, 11), (2, 3, 5, 1, 6, 8, 4, 7, 9, 10, 11), (3, 1, 4, 2, 5, 9, 6, 8, 11, 7, 10), (6, 2, 4, 1, 5, 7, 11, 3, 10, 8, 9), (1, 3, 6, 2, 5, 4, 7, 8, 9, 10, 11)}
M(A) = 
[[2, 1, 3, 4, 5, 7, 6, 8, 9, 10, 11]]
Distance: 97
B = 
{(2, 1, 3, 4, 7, 6, 5, 10, 8, 11, 9), (2, 1, 9, 4, 3, 6, 10, 11, 7, 5, 8), (2, 3, 1, 5, 7, 8, 6, 9, 4, 10, 11), (1, 6, 4, 2, 3, 7, 5, 11, 10, 8, 9), (4, 1, 7, 6, 3, 5, 2, 11, 8, 9, 10), (2, 5, 1, 4, 6, 11, 3, 8, 9, 7, 10), (3, 2, 1, 9, 7, 4, 5, 10, 8, 6, 11), (2, 1, 3, 4, 6, 5, 8, 7, 9, 10, 11), (1, 3, 2, 5, 4, 7, 6, 9, 8, 10, 11), (1, 5, 7, 2, 3, 6, 10, 4, 11, 9, 8)}
M(B) = 
[[2, 1, 3, 4, 5, 7, 6, 8, 9, 10, 11]]
Distance: 103
M(A) inter A:
set()
M(B) inter B:
set()

AUB = 
{(5, 4, 3, 2, 1, 7, 8, 10, 9, 6, 11), (2, 1, 3, 4, 7, 6, 5, 10, 8, 11, 9), (2, 1, 9, 4, 3, 6, 10, 11, 7, 5, 8), (2, 3, 1, 5, 7, 8, 6, 9, 4, 10, 11), (1, 6, 4, 2, 3, 7, 5, 11, 10, 8, 9), (3, 4, 2, 1, 8, 7, 9, 5, 6, 11, 10), (2, 1, 3, 5, 11, 8, 4, 7, 9, 10, 6), (4, 1, 7, 6, 3, 5, 2, 11, 8, 9, 10), (4, 3, 1, 2, 7, 5, 8, 6, 10, 9, 11), (2, 5, 1, 4, 6, 11, 3, 8, 9, 7, 10), (3, 2, 1, 9, 7, 4, 5, 10, 8, 6, 11), (2, 1, 3, 4, 6, 5, 8, 7, 9, 10, 11), (1, 3, 7, 4, 2, 5, 6, 8, 9, 11, 10), (2, 3, 1, 5, 4, 8, 9, 6, 10, 7, 11), (2, 3, 5, 1, 6, 8, 4, 7, 9, 10, 11), (3, 1, 4, 2, 5, 9, 6, 8, 11, 7, 10), (6, 2, 4, 1, 5, 7, 11, 3, 10, 8, 9), (1, 3, 2, 5, 4, 7, 6, 9, 8, 10, 11), (1, 3, 6, 2, 5, 4, 7, 8, 9, 10, 11), (1, 5, 7, 2, 3, 6, 10, 4, 11, 9, 8)}
M(AUB) = 
[[2, 1, 3, 4, 5, 7, 6, 8, 9, 10, 11]]
Distance:204

(6)
A = 
{(2, 1, 3, 5, 8, 4, 6, 7, 10, 9, 11), (1, 2, 6, 4, 3, 7, 9, 10, 5, 8, 11), (1, 3, 2, 4, 5, 6, 7, 9, 8, 10, 11), (1, 2, 4, 3, 5, 6, 8, 7, 9, 10, 11), (2, 4, 5, 3, 1, 7, 6, 8, 11, 9, 10), (4, 2, 1, 5, 3, 6, 7, 9, 8, 10, 11), (3, 6, 1, 4, 11, 10, 2, 7, 9, 5, 8), (3, 2, 4, 5, 6, 1, 7, 8, 9, 11, 10), (2, 1, 3, 6, 5, 8, 4, 7, 9, 10, 11), (5, 1, 2, 3, 4, 8, 7, 6, 9, 11, 10)}
M(A) = 
[[2, 1, 3, 4, 5, 6, 7, 8, 9, 10, 11]]
Distance: 76
B = 
{(2, 3, 4, 1, 7, 8, 6, 5, 9, 11, 10), (1, 5, 3, 2, 4, 7, 8, 6, 11, 9, 10), (2, 1, 5, 3, 4, 6, 7, 8, 9, 11, 10), (2, 4, 3, 1, 6, 5, 7, 9, 8, 10, 11), (2, 3, 4, 7, 1, 5, 6, 9, 10, 8, 11), (3, 2, 1, 5, 4, 6, 8, 10, 11, 7, 9), (2, 1, 3, 4, 5, 7, 6, 8, 9, 11, 10), (1, 2, 3, 5, 4, 6, 7, 8, 9, 10, 11), (1, 3, 4, 6, 2, 7, 5, 8, 10, 11, 9), (1, 3, 4, 2, 5, 6, 7, 9, 8, 11, 10)}
M(B) = 
[[2, 1, 3, 4, 5, 6, 7, 8, 9, 10, 11]]
Distance: 57
M(A) inter A:
set()
M(B) inter B:
set()

AUB = 
{(5, 1, 2, 3, 4, 8, 7, 6, 9, 11, 10), (1, 2, 6, 4, 3, 7, 9, 10, 5, 8, 11), (2, 3, 4, 1, 7, 8, 6, 5, 9, 11, 10), (1, 5, 3, 2, 4, 7, 8, 6, 11, 9, 10), (1, 3, 4, 2, 5, 6, 7, 9, 8, 11, 10), (1, 3, 2, 4, 5, 6, 7, 9, 8, 10, 11), (1, 2, 4, 3, 5, 6, 8, 7, 9, 10, 11), (2, 4, 5, 3, 1, 7, 6, 8, 11, 9, 10), (2, 1, 5, 3, 4, 6, 7, 8, 9, 11, 10), (2, 4, 3, 1, 6, 5, 7, 9, 8, 10, 11), (4, 2, 1, 5, 3, 6, 7, 9, 8, 10, 11), (2, 3, 4, 7, 1, 5, 6, 9, 10, 8, 11), (3, 6, 1, 4, 11, 10, 2, 7, 9, 5, 8), (3, 2, 1, 5, 4, 6, 8, 10, 11, 7, 9), (3, 2, 4, 5, 6, 1, 7, 8, 9, 11, 10), (2, 1, 3, 4, 5, 7, 6, 8, 9, 11, 10), (2, 1, 3, 6, 5, 8, 4, 7, 9, 10, 11), (1, 2, 3, 5, 4, 6, 7, 8, 9, 10, 11), (1, 3, 4, 6, 2, 7, 5, 8, 10, 11, 9), (2, 1, 3, 5, 8, 4, 6, 7, 10, 9, 11)}
M(AUB) = 
[[2, 1, 3, 4, 5, 6, 7, 8, 9, 10, 11]]
Distance:133

(7)
A = 
{(1, 4, 3, 2, 5, 9, 10, 11, 7, 6, 8), (2, 1, 3, 8, 6, 4, 7, 5, 10, 9, 11), (1, 4, 2, 6, 3, 5, 10, 9, 11, 8, 7), (1, 3, 4, 5, 2, 9, 7, 10, 6, 11, 8), (5, 1, 6, 3, 4, 7, 2, 11, 8, 9, 10), (1, 2, 4, 5, 6, 3, 7, 10, 8, 11, 9), (1, 2, 4, 5, 3, 7, 6, 8, 9, 11, 10), (2, 1, 3, 5, 8, 4, 7, 6, 11, 9, 10), (4, 3, 2, 1, 7, 9, 5, 10, 6, 11, 8), (2, 1, 4, 6, 3, 5, 9, 7, 11, 8, 10)}
M(A) = 
[[1, 2, 3, 4, 5, 6, 7, 8, 9, 10, 11], [1, 2, 4, 3, 5, 6, 7, 8, 9, 10, 11]]
Distance: 93
B = 
{(2, 4, 1, 5, 3, 6, 7, 9, 10, 8, 11), (1, 3, 2, 10, 5, 4, 8, 7, 9, 6, 11), (1, 5, 2, 3, 4, 6, 8, 7, 10, 9, 11), (7, 1, 2, 3, 4, 9, 10, 5, 8, 6, 11), (1, 2, 4, 3, 5, 6, 8, 7, 9, 10, 11), (1, 2, 4, 3, 5, 6, 9, 7, 11, 8, 10), (3, 2, 1, 6, 5, 8, 4, 7, 9, 11, 10), (3, 2, 6, 4, 1, 5, 8, 7, 9, 11, 10), (2, 1, 4, 3, 8, 5, 6, 10, 7, 9, 11), (2, 1, 3, 5, 4, 9, 6, 7, 10, 8, 11)}
M(B) = 
[[1, 2, 3, 4, 5, 6, 7, 8, 9, 10, 11], [1, 2, 4, 3, 5, 6, 7, 8, 9, 10, 11]]
Distance: 72
M(A) inter A:
set()
M(B) inter B:
set()

AUB = 
{(2, 4, 1, 5, 3, 6, 7, 9, 10, 8, 11), (1, 3, 2, 10, 5, 4, 8, 7, 9, 6, 11), (2, 1, 3, 5, 4, 9, 6, 7, 10, 8, 11), (1, 5, 2, 3, 4, 6, 8, 7, 10, 9, 11), (7, 1, 2, 3, 4, 9, 10, 5, 8, 6, 11), (1, 4, 3, 2, 5, 9, 10, 11, 7, 6, 8), (2, 1, 3, 8, 6, 4, 7, 5, 10, 9, 11), (1, 2, 4, 3, 5, 6, 8, 7, 9, 10, 11), (1, 4, 2, 6, 3, 5, 10, 9, 11, 8, 7), (1, 3, 4, 5, 2, 9, 7, 10, 6, 11, 8), (5, 1, 6, 3, 4, 7, 2, 11, 8, 9, 10), (1, 2, 4, 3, 5, 6, 9, 7, 11, 8, 10), (3, 2, 1, 6, 5, 8, 4, 7, 9, 11, 10), (1, 2, 4, 5, 6, 3, 7, 10, 8, 11, 9), (3, 2, 6, 4, 1, 5, 8, 7, 9, 11, 10), (1, 2, 4, 5, 3, 7, 6, 8, 9, 11, 10), (2, 1, 4, 3, 8, 5, 6, 10, 7, 9, 11), (2, 1, 3, 5, 8, 4, 7, 6, 11, 9, 10), (4, 3, 2, 1, 7, 9, 5, 10, 6, 11, 8), (2, 1, 4, 6, 3, 5, 9, 7, 11, 8, 10)}
M(AUB) = 
[[1, 2, 3, 4, 5, 6, 7, 8, 9, 10, 11], [1, 2, 4, 3, 5, 6, 7, 8, 9, 10, 11]]
Distance:171

(8)
A = 
{(1, 3, 4, 6, 2, 5, 8, 7, 10, 9, 11), (1, 2, 4, 3, 8, 6, 5, 10, 7, 9, 11), (3, 1, 2, 4, 5, 7, 6, 8, 9, 10, 11), (1, 5, 6, 2, 4, 3, 9, 7, 10, 8, 11), (2, 1, 5, 3, 9, 6, 7, 4, 10, 8, 11), (5, 3, 2, 1, 4, 7, 6, 8, 11, 10, 9), (1, 2, 3, 4, 5, 6, 7, 8, 9, 10, 11), (3, 4, 2, 1, 7, 5, 6, 9, 8, 11, 10), (4, 3, 2, 1, 5, 9, 8, 7, 10, 6, 11), (1, 2, 5, 3, 4, 8, 7, 6, 9, 11, 10)}
M(A) = 
[[1, 2, 3, 4, 5, 6, 7, 8, 9, 10, 11], [1, 3, 2, 4, 5, 6, 7, 8, 9, 10, 11], [3, 1, 2, 4, 5, 6, 7, 8, 9, 10, 11]]
Distance: 75
B = 
{(3, 2, 1, 5, 6, 4, 7, 8, 9, 10, 11), (1, 2, 3, 4, 5, 7, 6, 8, 9, 10, 11), (3, 5, 1, 2, 6, 4, 9, 8, 10, 7, 11), (1, 2, 4, 3, 5, 7, 9, 6, 10, 8, 11), (3, 4, 1, 5, 2, 6, 7, 9, 10, 8, 11), (2, 3, 1, 4, 6, 5, 10, 8, 7, 9, 11), (4, 2, 1, 6, 7, 10, 8, 11, 9, 3, 5), (1, 5, 3, 4, 10, 6, 7, 2, 9, 11, 8), (3, 4, 1, 2, 5, 8, 7, 10, 6, 11, 9), (2, 3, 1, 9, 7, 5, 8, 4, 11, 10, 6)}
M(B) = 
[[1, 2, 3, 4, 5, 6, 7, 8, 9, 10, 11], [1, 3, 2, 4, 5, 6, 7, 8, 9, 10, 11], [3, 1, 2, 4, 5, 6, 7, 8, 9, 10, 11]]
Distance: 92
M(A) inter A:
set()
M(B) inter B:
set()

AUB = 
{(3, 4, 1, 2, 5, 8, 7, 10, 6, 11, 9), (1, 3, 4, 6, 2, 5, 8, 7, 10, 9, 11), (2, 3, 1, 9, 7, 5, 8, 4, 11, 10, 6), (1, 2, 4, 3, 8, 6, 5, 10, 7, 9, 11), (3, 1, 2, 4, 5, 7, 6, 8, 9, 10, 11), (1, 2, 3, 4, 5, 7, 6, 8, 9, 10, 11), (1, 5, 6, 2, 4, 3, 9, 7, 10, 8, 11), (2, 1, 5, 3, 9, 6, 7, 4, 10, 8, 11), (3, 5, 1, 2, 6, 4, 9, 8, 10, 7, 11), (1, 2, 4, 3, 5, 7, 9, 6, 10, 8, 11), (3, 4, 1, 5, 2, 6, 7, 9, 10, 8, 11), (2, 3, 1, 4, 6, 5, 10, 8, 7, 9, 11), (5, 3, 2, 1, 4, 7, 6, 8, 11, 10, 9), (1, 2, 3, 4, 5, 6, 7, 8, 9, 10, 11), (4, 2, 1, 6, 7, 10, 8, 11, 9, 3, 5), (3, 4, 2, 1, 7, 5, 6, 9, 8, 11, 10), (4, 3, 2, 1, 5, 9, 8, 7, 10, 6, 11), (1, 2, 5, 3, 4, 8, 7, 6, 9, 11, 10), (1, 5, 3, 4, 10, 6, 7, 2, 9, 11, 8), (3, 2, 1, 5, 6, 4, 7, 8, 9, 10, 11)}
M(AUB) = 
[[1, 2, 3, 4, 5, 6, 7, 8, 9, 10, 11], [1, 3, 2, 4, 5, 6, 7, 8, 9, 10, 11], [3, 1, 2, 4, 5, 6, 7, 8, 9, 10, 11]]
Distance:169

(9)
A = 
{(1, 2, 5, 3, 9, 4, 10, 7, 6, 11, 8), (2, 4, 1, 5, 3, 6, 7, 11, 9, 8, 10), (1, 2, 3, 4, 7, 6, 5, 11, 8, 10, 9), (1, 2, 4, 6, 3, 8, 7, 10, 9, 5, 11), (3, 2, 1, 4, 6, 5, 8, 10, 9, 7, 11), (4, 3, 8, 2, 10, 5, 7, 1, 11, 9, 6), (1, 2, 3, 4, 5, 6, 7, 8, 9, 11, 10), (2, 1, 3, 5, 7, 4, 6, 8, 11, 9, 10), (1, 2, 3, 4, 5, 6, 7, 8, 9, 10, 11), (1, 5, 2, 3, 7, 4, 8, 10, 11, 6, 9)}
M(A) = 
[[1, 2, 3, 4, 5, 6, 7, 8, 10, 9, 11], [1, 2, 3, 4, 5, 7, 6, 8, 10, 9, 11]]
Distance: 82
B = 
{(1, 2, 3, 4, 5, 6, 8, 7, 9, 10, 11), (4, 2, 1, 5, 8, 6, 3, 9, 11, 10, 7), (5, 3, 1, 9, 2, 7, 4, 8, 11, 10, 6), (3, 2, 1, 6, 4, 11, 5, 10, 7, 9, 8), (3, 1, 2, 5, 7, 6, 11, 4, 8, 10, 9), (1, 3, 2, 4, 7, 5, 6, 10, 9, 8, 11), (1, 2, 8, 4, 5, 3, 7, 6, 9, 10, 11), (2, 1, 3, 4, 8, 7, 5, 6, 11, 10, 9), (5, 6, 3, 1, 4, 8, 7, 10, 2, 9, 11), (3, 2, 1, 6, 4, 7, 8, 10, 5, 9, 11)}
M(B) = 
[[1, 2, 3, 4, 5, 6, 7, 8, 10, 9, 11], [1, 2, 3, 4, 5, 7, 6, 8, 10, 9, 11]]
Distance: 100
M(A) inter A:
set()
M(B) inter B:
set()

AUB = 
{(1, 2, 5, 3, 9, 4, 10, 7, 6, 11, 8), (1, 2, 3, 4, 5, 6, 8, 7, 9, 10, 11), (4, 2, 1, 5, 8, 6, 3, 9, 11, 10, 7), (5, 3, 1, 9, 2, 7, 4, 8, 11, 10, 6), (2, 4, 1, 5, 3, 6, 7, 11, 9, 8, 10), (1, 2, 3, 4, 7, 6, 5, 11, 8, 10, 9), (3, 2, 1, 6, 4, 11, 5, 10, 7, 9, 8), (3, 1, 2, 5, 7, 6, 11, 4, 8, 10, 9), (1, 3, 2, 4, 7, 5, 6, 10, 9, 8, 11), (1, 2, 4, 6, 3, 8, 7, 10, 9, 5, 11), (1, 2, 8, 4, 5, 3, 7, 6, 9, 10, 11), (3, 2, 1, 4, 6, 5, 8, 10, 9, 7, 11), (2, 1, 3, 4, 8, 7, 5, 6, 11, 10, 9), (4, 3, 8, 2, 10, 5, 7, 1, 11, 9, 6), (1, 2, 3, 4, 5, 6, 7, 8, 9, 11, 10), (2, 1, 3, 5, 7, 4, 6, 8, 11, 9, 10), (1, 2, 3, 4, 5, 6, 7, 8, 9, 10, 11), (1, 5, 2, 3, 7, 4, 8, 10, 11, 6, 9), (5, 6, 3, 1, 4, 8, 7, 10, 2, 9, 11), (3, 2, 1, 6, 4, 7, 8, 10, 5, 9, 11)}
M(AUB) = 
[[1, 2, 3, 4, 5, 6, 7, 8, 10, 9, 11], [1, 2, 3, 4, 5, 7, 6, 8, 10, 9, 11]]
Distance:184

(10)
A = 
{(2, 3, 4, 1, 6, 7, 5, 10, 9, 11, 8), (3, 1, 5, 7, 2, 10, 6, 4, 9, 8, 11), (4, 3, 1, 2, 5, 6, 7, 10, 8, 11, 9), (2, 3, 1, 4, 7, 5, 8, 11, 6, 9, 10), (4, 2, 3, 1, 6, 5, 7, 9, 11, 8, 10), (1, 2, 6, 3, 8, 4, 10, 7, 9, 5, 11), (1, 3, 2, 4, 6, 5, 9, 7, 8, 11, 10), (2, 1, 6, 3, 5, 9, 4, 8, 10, 7, 11), (1, 2, 4, 5, 6, 3, 10, 7, 11, 9, 8), (1, 2, 7, 3, 4, 5, 6, 8, 9, 10, 11)}
M(A) = 
[[1, 2, 3, 4, 5, 6, 7, 8, 10, 9, 11], [1, 2, 3, 4, 6, 5, 7, 8, 10, 9, 11]]
Distance: 84
B = 
{(1, 2, 4, 3, 5, 8, 6, 10, 7, 11, 9), (4, 2, 3, 1, 10, 6, 7, 9, 5, 11, 8), (1, 2, 4, 7, 3, 5, 8, 10, 6, 9, 11), (1, 2, 4, 3, 6, 5, 7, 8, 9, 10, 11), (5, 1, 6, 2, 4, 3, 9, 8, 10, 7, 11), (2, 1, 3, 5, 4, 7, 6, 8, 10, 11, 9), (2, 3, 1, 4, 6, 5, 7, 8, 11, 9, 10), (1, 3, 2, 4, 5, 6, 10, 7, 9, 8, 11), (1, 4, 2, 3, 6, 5, 7, 9, 8, 10, 11), (3, 2, 1, 6, 4, 5, 8, 10, 7, 11, 9)}
M(B) = 
[[1, 2, 3, 4, 5, 6, 7, 8, 10, 9, 11], [1, 2, 3, 4, 6, 5, 7, 8, 10, 9, 11]]
Distance: 66
M(A) inter A:
set()
M(B) inter B:
set()

AUB = 
{(2, 3, 4, 1, 6, 7, 5, 10, 9, 11, 8), (3, 1, 5, 7, 2, 10, 6, 4, 9, 8, 11), (1, 2, 4, 3, 5, 8, 6, 10, 7, 11, 9), (4, 3, 1, 2, 5, 6, 7, 10, 8, 11, 9), (4, 2, 3, 1, 10, 6, 7, 9, 5, 11, 8), (2, 3, 1, 4, 7, 5, 8, 11, 6, 9, 10), (4, 2, 3, 1, 6, 5, 7, 9, 11, 8, 10), (1, 2, 4, 7, 3, 5, 8, 10, 6, 9, 11), (1, 2, 4, 3, 6, 5, 7, 8, 9, 10, 11), (1, 2, 6, 3, 8, 4, 10, 7, 9, 5, 11), (5, 1, 6, 2, 4, 3, 9, 8, 10, 7, 11), (2, 1, 3, 5, 4, 7, 6, 8, 10, 11, 9), (2, 3, 1, 4, 6, 5, 7, 8, 11, 9, 10), (1, 3, 2, 4, 6, 5, 9, 7, 8, 11, 10), (2, 1, 6, 3, 5, 9, 4, 8, 10, 7, 11), (1, 2, 4, 5, 6, 3, 10, 7, 11, 9, 8), (1, 3, 2, 4, 5, 6, 10, 7, 9, 8, 11), (1, 4, 2, 3, 6, 5, 7, 9, 8, 10, 11), (3, 2, 1, 6, 4, 5, 8, 10, 7, 11, 9), (1, 2, 7, 3, 4, 5, 6, 8, 9, 10, 11)}
M(AUB) = 
[[1, 2, 3, 4, 5, 6, 7, 8, 10, 9, 11], [1, 2, 3, 4, 6, 5, 7, 8, 10, 9, 11]]
Distance:154

(11)
A = 
{(1, 2, 4, 5, 6, 3, 9, 7, 10, 8, 11), (4, 2, 3, 1, 7, 5, 9, 8, 11, 6, 10), (1, 3, 2, 4, 5, 6, 11, 8, 9, 7, 10), (3, 1, 7, 2, 4, 5, 6, 8, 9, 10, 11), (1, 2, 3, 4, 5, 6, 7, 8, 9, 11, 10), (3, 2, 1, 5, 10, 6, 4, 9, 8, 7, 11), (3, 2, 7, 1, 9, 6, 4, 8, 11, 10, 5), (1, 6, 4, 2, 5, 3, 8, 7, 10, 9, 11), (4, 2, 1, 3, 8, 6, 5, 9, 10, 7, 11), (2, 3, 7, 1, 4, 5, 9, 6, 11, 10, 8)}
M(A) = 
[[1, 2, 3, 4, 5, 6, 7, 8, 9, 11, 10], [2, 1, 3, 4, 5, 6, 7, 8, 9, 11, 10]]
Distance: 92
B = 
{(7, 2, 1, 5, 6, 11, 3, 8, 10, 4, 9), (6, 2, 1, 8, 4, 7, 9, 3, 5, 10, 11), (2, 3, 1, 5, 4, 6, 8, 7, 9, 11, 10), (2, 1, 3, 6, 4, 8, 5, 7, 11, 9, 10), (3, 1, 5, 2, 6, 8, 10, 4, 9, 7, 11), (1, 2, 4, 8, 3, 7, 5, 9, 6, 11, 10), (2, 3, 1, 5, 4, 7, 6, 9, 8, 11, 10), (3, 4, 1, 2, 7, 6, 5, 10, 8, 9, 11), (1, 3, 2, 4, 5, 7, 6, 8, 11, 9, 10), (1, 2, 3, 4, 6, 5, 9, 7, 10, 8, 11)}
M(B) = 
[[1, 2, 3, 4, 5, 6, 7, 8, 9, 11, 10], [2, 1, 3, 4, 5, 6, 7, 8, 9, 11, 10]]
Distance: 87
M(A) inter A:
{(1, 2, 3, 4, 5, 6, 7, 8, 9, 11, 10)}
M(B) inter B:
set()

AUB = 
{(7, 2, 1, 5, 6, 11, 3, 8, 10, 4, 9), (6, 2, 1, 8, 4, 7, 9, 3, 5, 10, 11), (2, 3, 1, 5, 4, 6, 8, 7, 9, 11, 10), (1, 2, 4, 5, 6, 3, 9, 7, 10, 8, 11), (4, 2, 3, 1, 7, 5, 9, 8, 11, 6, 10), (1, 3, 2, 4, 5, 6, 11, 8, 9, 7, 10), (2, 1, 3, 6, 4, 8, 5, 7, 11, 9, 10), (3, 1, 7, 2, 4, 5, 6, 8, 9, 10, 11), (3, 1, 5, 2, 6, 8, 10, 4, 9, 7, 11), (1, 2, 4, 8, 3, 7, 5, 9, 6, 11, 10), (2, 3, 1, 5, 4, 7, 6, 9, 8, 11, 10), (1, 2, 3, 4, 5, 6, 7, 8, 9, 11, 10), (3, 2, 1, 5, 10, 6, 4, 9, 8, 7, 11), (3, 2, 7, 1, 9, 6, 4, 8, 11, 10, 5), (1, 6, 4, 2, 5, 3, 8, 7, 10, 9, 11), (3, 4, 1, 2, 7, 6, 5, 10, 8, 9, 11), (1, 3, 2, 4, 5, 7, 6, 8, 11, 9, 10), (4, 2, 1, 3, 8, 6, 5, 9, 10, 7, 11), (1, 2, 3, 4, 6, 5, 9, 7, 10, 8, 11), (2, 3, 7, 1, 4, 5, 9, 6, 11, 10, 8)}
M(AUB) = 
[[1, 2, 3, 4, 5, 6, 7, 8, 9, 11, 10], [2, 1, 3, 4, 5, 6, 7, 8, 9, 11, 10]]
Distance:179

(12)
A = 
{(3, 4, 1, 7, 2, 10, 5, 11, 6, 9, 8), (1, 4, 3, 2, 5, 6, 7, 8, 9, 10, 11), (5, 3, 2, 1, 6, 4, 11, 7, 10, 9, 8), (2, 1, 5, 3, 10, 6, 4, 9, 8, 7, 11), (4, 3, 1, 6, 2, 8, 9, 7, 5, 11, 10), (2, 4, 1, 3, 6, 5, 8, 7, 9, 11, 10), (2, 1, 3, 4, 5, 9, 6, 7, 10, 11, 8), (1, 2, 5, 6, 7, 3, 8, 4, 9, 11, 10), (1, 3, 4, 6, 2, 5, 9, 7, 10, 8, 11), (3, 6, 2, 7, 4, 1, 5, 11, 9, 8, 10)}
M(A) = 
[[2, 1, 3, 4, 5, 6, 7, 8, 9, 10, 11], [2, 1, 3, 4, 5, 6, 7, 8, 9, 11, 10]]
Distance: 96
B = 
{(2, 5, 3, 1, 4, 7, 6, 10, 8, 9, 11), (2, 4, 1, 3, 7, 8, 6, 5, 9, 10, 11), (2, 1, 3, 4, 5, 7, 6, 8, 11, 10, 9), (7, 5, 2, 3, 4, 11, 6, 1, 9, 10, 8), (1, 3, 7, 4, 2, 8, 5, 6, 11, 9, 10), (1, 2, 3, 4, 5, 6, 7, 8, 9, 10, 11), (4, 2, 3, 1, 6, 8, 5, 7, 11, 10, 9), (2, 4, 1, 3, 8, 5, 9, 10, 6, 7, 11), (3, 2, 9, 1, 8, 5, 6, 4, 11, 7, 10), (1, 2, 4, 3, 5, 6, 7, 8, 9, 10, 11)}
M(B) = 
[[2, 1, 3, 4, 5, 6, 7, 8, 9, 10, 11], [2, 1, 3, 4, 5, 6, 7, 8, 9, 11, 10]]
Distance: 87
M(A) inter A:
set()
M(B) inter B:
set()

AUB = 
{(3, 2, 9, 1, 8, 5, 6, 4, 11, 7, 10), (1, 2, 4, 3, 5, 6, 7, 8, 9, 10, 11), (3, 4, 1, 7, 2, 10, 5, 11, 6, 9, 8), (2, 5, 3, 1, 4, 7, 6, 10, 8, 9, 11), (1, 4, 3, 2, 5, 6, 7, 8, 9, 10, 11), (2, 4, 1, 3, 7, 8, 6, 5, 9, 10, 11), (5, 3, 2, 1, 6, 4, 11, 7, 10, 9, 8), (2, 1, 3, 4, 5, 7, 6, 8, 11, 10, 9), (7, 5, 2, 3, 4, 11, 6, 1, 9, 10, 8), (2, 1, 5, 3, 10, 6, 4, 9, 8, 7, 11), (1, 3, 7, 4, 2, 8, 5, 6, 11, 9, 10), (4, 3, 1, 6, 2, 8, 9, 7, 5, 11, 10), (2, 4, 1, 3, 6, 5, 8, 7, 9, 11, 10), (2, 1, 3, 4, 5, 9, 6, 7, 10, 11, 8), (1, 2, 3, 4, 5, 6, 7, 8, 9, 10, 11), (1, 2, 5, 6, 7, 3, 8, 4, 9, 11, 10), (1, 3, 4, 6, 2, 5, 9, 7, 10, 8, 11), (3, 6, 2, 7, 4, 1, 5, 11, 9, 8, 10), (4, 2, 3, 1, 6, 8, 5, 7, 11, 10, 9), (2, 4, 1, 3, 8, 5, 9, 10, 6, 7, 11)}
M(AUB) = 
[[2, 1, 3, 4, 5, 6, 7, 8, 9, 10, 11], [2, 1, 3, 4, 5, 6, 7, 8, 9, 11, 10]]
Distance:187

(13)
A = 
{(1, 4, 3, 2, 5, 7, 6, 9, 11, 8, 10), (5, 3, 2, 1, 7, 8, 6, 4, 10, 11, 9), (2, 3, 7, 1, 4, 10, 8, 9, 6, 11, 5), (2, 7, 5, 3, 10, 1, 4, 8, 11, 9, 6), (3, 2, 6, 4, 8, 1, 5, 10, 9, 7, 11), (2, 4, 5, 3, 1, 8, 7, 9, 6, 11, 10), (1, 2, 4, 3, 5, 7, 6, 8, 9, 10, 11), (5, 2, 4, 1, 7, 8, 9, 6, 3, 10, 11), (2, 1, 6, 3, 4, 5, 11, 7, 8, 10, 9), (1, 6, 2, 5, 3, 8, 4, 10, 7, 11, 9)}
M(A) = 
[[2, 1, 3, 4, 5, 7, 6, 8, 9, 10, 11], [2, 3, 1, 4, 5, 7, 6, 8, 9, 10, 11]]
Distance: 106
B = 
{(4, 3, 2, 1, 6, 5, 7, 8, 11, 9, 10), (2, 4, 3, 1, 5, 7, 6, 8, 9, 11, 10), (3, 2, 1, 4, 6, 5, 8, 7, 10, 11, 9), (1, 2, 3, 4, 5, 7, 6, 11, 8, 9, 10), (4, 1, 5, 2, 3, 9, 6, 8, 7, 10, 11), (2, 1, 3, 4, 6, 5, 7, 10, 9, 11, 8), (1, 3, 4, 2, 6, 8, 5, 7, 11, 9, 10), (3, 2, 1, 7, 4, 6, 5, 8, 9, 11, 10), (1, 2, 3, 4, 5, 6, 7, 8, 9, 10, 11), (3, 5, 4, 1, 2, 8, 11, 10, 7, 9, 6)}
M(B) = 
[[2, 1, 3, 4, 5, 7, 6, 8, 9, 10, 11], [2, 3, 1, 4, 5, 7, 6, 8, 9, 10, 11]]
Distance: 72
M(A) inter A:
set()
M(B) inter B:
set()

AUB = 
{(1, 4, 3, 2, 5, 7, 6, 9, 11, 8, 10), (4, 3, 2, 1, 6, 5, 7, 8, 11, 9, 10), (2, 4, 3, 1, 5, 7, 6, 8, 9, 11, 10), (3, 2, 1, 4, 6, 5, 8, 7, 10, 11, 9), (5, 3, 2, 1, 7, 8, 6, 4, 10, 11, 9), (2, 3, 7, 1, 4, 10, 8, 9, 6, 11, 5), (2, 7, 5, 3, 10, 1, 4, 8, 11, 9, 6), (3, 2, 6, 4, 8, 1, 5, 10, 9, 7, 11), (1, 2, 3, 4, 5, 7, 6, 11, 8, 9, 10), (2, 4, 5, 3, 1, 8, 7, 9, 6, 11, 10), (4, 1, 5, 2, 3, 9, 6, 8, 7, 10, 11), (1, 2, 4, 3, 5, 7, 6, 8, 9, 10, 11), (2, 1, 3, 4, 6, 5, 7, 10, 9, 11, 8), (1, 3, 4, 2, 6, 8, 5, 7, 11, 9, 10), (3, 2, 1, 7, 4, 6, 5, 8, 9, 11, 10), (5, 2, 4, 1, 7, 8, 9, 6, 3, 10, 11), (1, 2, 3, 4, 5, 6, 7, 8, 9, 10, 11), (2, 1, 6, 3, 4, 5, 11, 7, 8, 10, 9), (3, 5, 4, 1, 2, 8, 11, 10, 7, 9, 6), (1, 6, 2, 5, 3, 8, 4, 10, 7, 11, 9)}
M(AUB) = 
[[2, 1, 3, 4, 5, 7, 6, 8, 9, 10, 11], [2, 3, 1, 4, 5, 7, 6, 8, 9, 10, 11]]
Distance:184

(14)
A = 
{(1, 3, 2, 4, 5, 6, 7, 11, 8, 9, 10), (2, 1, 3, 4, 5, 6, 8, 7, 9, 10, 11), (2, 1, 4, 3, 6, 7, 5, 8, 11, 10, 9), (1, 4, 5, 3, 2, 6, 7, 9, 10, 11, 8), (2, 3, 1, 5, 4, 9, 10, 7, 8, 6, 11), (1, 2, 5, 7, 6, 8, 10, 4, 3, 9, 11), (2, 5, 1, 3, 4, 6, 8, 7, 9, 10, 11), (7, 4, 2, 11, 6, 1, 10, 8, 9, 3, 5), (2, 1, 9, 3, 5, 4, 6, 7, 8, 11, 10), (1, 2, 6, 5, 4, 3, 9, 10, 8, 7, 11)}
M(A) = 
[[1, 2, 3, 4, 5, 6, 7, 8, 9, 10, 11]]
Distance: 96
B = 
{(3, 1, 2, 4, 5, 6, 8, 7, 10, 9, 11), (3, 1, 5, 9, 2, 4, 11, 6, 7, 10, 8), (1, 2, 3, 4, 6, 5, 7, 8, 11, 9, 10), (1, 2, 4, 8, 3, 5, 6, 9, 7, 11, 10), (1, 2, 3, 5, 4, 6, 8, 9, 10, 11, 7), (2, 8, 1, 6, 5, 3, 9, 7, 4, 10, 11), (3, 1, 2, 4, 5, 6, 9, 7, 8, 10, 11), (3, 2, 1, 4, 5, 6, 7, 10, 8, 9, 11), (5, 1, 2, 4, 6, 3, 7, 8, 10, 9, 11), (4, 2, 1, 6, 5, 3, 8, 7, 10, 9, 11)}
M(B) = 
[[1, 2, 3, 4, 5, 6, 7, 8, 9, 10, 11]]
Distance: 73
M(A) inter A:
set()
M(B) inter B:
set()

AUB = 
{(2, 1, 4, 3, 6, 7, 5, 8, 11, 10, 9), (2, 1, 3, 4, 5, 6, 8, 7, 9, 10, 11), (1, 2, 6, 5, 4, 3, 9, 10, 8, 7, 11), (3, 1, 2, 4, 5, 6, 8, 7, 10, 9, 11), (3, 1, 5, 9, 2, 4, 11, 6, 7, 10, 8), (1, 4, 5, 3, 2, 6, 7, 9, 10, 11, 8), (1, 2, 3, 4, 6, 5, 7, 8, 11, 9, 10), (2, 3, 1, 5, 4, 9, 10, 7, 8, 6, 11), (1, 2, 4, 8, 3, 5, 6, 9, 7, 11, 10), (1, 2, 5, 7, 6, 8, 10, 4, 3, 9, 11), (1, 2, 3, 5, 4, 6, 8, 9, 10, 11, 7), (2, 5, 1, 3, 4, 6, 8, 7, 9, 10, 11), (7, 4, 2, 11, 6, 1, 10, 8, 9, 3, 5), (2, 1, 9, 3, 5, 4, 6, 7, 8, 11, 10), (2, 8, 1, 6, 5, 3, 9, 7, 4, 10, 11), (4, 2, 1, 6, 5, 3, 8, 7, 10, 9, 11), (3, 1, 2, 4, 5, 6, 9, 7, 8, 10, 11), (3, 2, 1, 4, 5, 6, 7, 10, 8, 9, 11), (5, 1, 2, 4, 6, 3, 7, 8, 10, 9, 11), (1, 3, 2, 4, 5, 6, 7, 11, 8, 9, 10)}
M(AUB) = 
[[1, 2, 3, 4, 5, 6, 7, 8, 9, 10, 11]]
Distance:171

(15)
A = 
{(3, 4, 2, 8, 1, 5, 7, 11, 6, 10, 9), (2, 1, 5, 3, 4, 7, 8, 9, 6, 10, 11), (4, 2, 8, 5, 6, 1, 10, 7, 9, 11, 3), (7, 1, 4, 10, 2, 5, 6, 9, 3, 11, 8), (2, 5, 8, 1, 6, 7, 3, 11, 4, 9, 10), (1, 2, 3, 5, 4, 6, 7, 8, 9, 10, 11), (3, 4, 1, 6, 11, 2, 8, 7, 10, 5, 9), (4, 2, 5, 1, 3, 6, 10, 7, 8, 9, 11), (2, 1, 5, 3, 4, 6, 7, 9, 10, 8, 11), (1, 2, 6, 4, 9, 5, 3, 8, 7, 10, 11)}
M(A) = 
[[2, 1, 3, 4, 5, 6, 7, 8, 9, 10, 11]]
Distance: 112
B = 
{(2, 1, 3, 4, 5, 7, 6, 11, 10, 9, 8), (2, 5, 1, 4, 3, 9, 10, 8, 6, 7, 11), (6, 3, 2, 4, 5, 1, 9, 8, 10, 11, 7), (3, 1, 7, 9, 6, 5, 2, 11, 4, 10, 8), (2, 1, 3, 6, 5, 4, 10, 7, 8, 11, 9), (2, 5, 3, 7, 8, 4, 1, 10, 9, 6, 11), (1, 2, 3, 4, 5, 6, 7, 8, 9, 11, 10), (2, 1, 3, 5, 4, 6, 7, 8, 9, 10, 11), (1, 4, 5, 7, 3, 2, 8, 11, 9, 6, 10), (1, 4, 2, 3, 6, 5, 7, 10, 8, 11, 9)}
M(B) = 
[[2, 1, 3, 4, 5, 6, 7, 8, 9, 10, 11]]
Distance: 99
M(A) inter A:
set()
M(B) inter B:
{(2, 1, 3, 5, 4, 6, 7, 8, 9, 10, 11)}

AUB = 
{(1, 4, 2, 3, 6, 5, 7, 10, 8, 11, 9), (2, 1, 3, 4, 5, 7, 6, 11, 10, 9, 8), (2, 5, 1, 4, 3, 9, 10, 8, 6, 7, 11), (3, 4, 2, 8, 1, 5, 7, 11, 6, 10, 9), (6, 3, 2, 4, 5, 1, 9, 8, 10, 11, 7), (2, 1, 5, 3, 4, 7, 8, 9, 6, 10, 11), (4, 2, 8, 5, 6, 1, 10, 7, 9, 11, 3), (3, 1, 7, 9, 6, 5, 2, 11, 4, 10, 8), (2, 1, 3, 6, 5, 4, 10, 7, 8, 11, 9), (7, 1, 4, 10, 2, 5, 6, 9, 3, 11, 8), (2, 5, 8, 1, 6, 7, 3, 11, 4, 9, 10), (1, 2, 3, 5, 4, 6, 7, 8, 9, 10, 11), (3, 4, 1, 6, 11, 2, 8, 7, 10, 5, 9), (4, 2, 5, 1, 3, 6, 10, 7, 8, 9, 11), (2, 1, 5, 3, 4, 6, 7, 9, 10, 8, 11), (2, 5, 3, 7, 8, 4, 1, 10, 9, 6, 11), (1, 2, 3, 4, 5, 6, 7, 8, 9, 11, 10), (1, 2, 6, 4, 9, 5, 3, 8, 7, 10, 11), (2, 1, 3, 5, 4, 6, 7, 8, 9, 10, 11), (1, 4, 5, 7, 3, 2, 8, 11, 9, 6, 10)}
M(AUB) = 
[[2, 1, 3, 4, 5, 6, 7, 8, 9, 10, 11]]
Distance:213

(16)
A = 
{(4, 1, 2, 8, 3, 5, 6, 7, 10, 11, 9), (1, 6, 2, 3, 4, 8, 5, 10, 7, 11, 9), (4, 6, 3, 1, 5, 2, 8, 9, 11, 10, 7), (1, 4, 2, 3, 5, 6, 10, 7, 8, 11, 9), (1, 5, 4, 6, 2, 7, 9, 8, 3, 11, 10), (2, 1, 4, 5, 7, 3, 9, 8, 6, 10, 11), (4, 5, 3, 1, 2, 8, 7, 6, 10, 11, 9), (2, 1, 6, 3, 5, 7, 8, 4, 11, 9, 10), (2, 1, 5, 3, 4, 8, 9, 6, 7, 10, 11), (4, 2, 3, 5, 9, 1, 7, 6, 10, 8, 11)}
M(A) = 
[[1, 2, 3, 4, 5, 6, 7, 8, 9, 10, 11]]
Distance: 94
B = 
{(5, 3, 1, 8, 2, 4, 7, 11, 6, 9, 10), (1, 2, 3, 4, 5, 8, 6, 7, 9, 10, 11), (2, 3, 4, 8, 1, 5, 9, 7, 10, 6, 11), (5, 3, 1, 2, 6, 8, 4, 7, 9, 10, 11), (1, 3, 7, 6, 2, 4, 5, 9, 10, 11, 8), (5, 1, 7, 8, 2, 3, 10, 11, 4, 6, 9), (3, 2, 4, 1, 6, 7, 10, 5, 11, 9, 8), (2, 1, 4, 6, 3, 7, 11, 8, 10, 9, 5), (1, 2, 3, 4, 5, 6, 7, 8, 10, 9, 11), (1, 2, 4, 5, 3, 6, 7, 8, 9, 10, 11)}
M(B) = 
[[1, 2, 3, 4, 5, 6, 7, 8, 9, 10, 11]]
Distance: 93
M(A) inter A:
set()
M(B) inter B:
set()

AUB = 
{(1, 2, 4, 5, 3, 6, 7, 8, 9, 10, 11), (4, 1, 2, 8, 3, 5, 6, 7, 10, 11, 9), (1, 6, 2, 3, 4, 8, 5, 10, 7, 11, 9), (4, 6, 3, 1, 5, 2, 8, 9, 11, 10, 7), (1, 4, 2, 3, 5, 6, 10, 7, 8, 11, 9), (1, 5, 4, 6, 2, 7, 9, 8, 3, 11, 10), (1, 2, 3, 4, 5, 8, 6, 7, 9, 10, 11), (2, 1, 4, 5, 7, 3, 9, 8, 6, 10, 11), (4, 5, 3, 1, 2, 8, 7, 6, 10, 11, 9), (2, 1, 6, 3, 5, 7, 8, 4, 11, 9, 10), (2, 3, 4, 8, 1, 5, 9, 7, 10, 6, 11), (5, 3, 1, 2, 6, 8, 4, 7, 9, 10, 11), (1, 3, 7, 6, 2, 4, 5, 9, 10, 11, 8), (2, 1, 5, 3, 4, 8, 9, 6, 7, 10, 11), (5, 1, 7, 8, 2, 3, 10, 11, 4, 6, 9), (4, 2, 3, 5, 9, 1, 7, 6, 10, 8, 11), (3, 2, 4, 1, 6, 7, 10, 5, 11, 9, 8), (2, 1, 4, 6, 3, 7, 11, 8, 10, 9, 5), (1, 2, 3, 4, 5, 6, 7, 8, 10, 9, 11), (5, 3, 1, 8, 2, 4, 7, 11, 6, 9, 10)}
M(AUB) = 
[[1, 2, 3, 4, 5, 6, 7, 8, 9, 10, 11]]
Distance:193

(17)
A = 
{(2, 5, 1, 3, 4, 8, 6, 9, 11, 10, 7), (7, 3, 1, 5, 2, 4, 6, 8, 11, 9, 10), (1, 3, 2, 4, 6, 10, 7, 5, 9, 11, 8), (1, 4, 2, 6, 3, 8, 5, 7, 9, 10, 11), (1, 2, 3, 4, 5, 7, 6, 8, 9, 10, 11), (4, 2, 1, 7, 3, 6, 5, 8, 9, 10, 11), (3, 1, 2, 4, 7, 5, 6, 9, 8, 11, 10), (2, 7, 6, 5, 1, 4, 9, 3, 10, 8, 11), (2, 3, 6, 1, 4, 8, 5, 10, 7, 9, 11), (1, 6, 2, 4, 3, 10, 7, 9, 11, 5, 8)}
M(A) = 
[[1, 2, 3, 4, 5, 6, 7, 8, 9, 10, 11], [1, 2, 4, 3, 5, 6, 7, 8, 9, 10, 11], [2, 1, 3, 4, 5, 6, 7, 8, 9, 10, 11], [2, 1, 4, 3, 5, 6, 7, 8, 9, 10, 11]]
Distance: 88
B = 
{(2, 4, 5, 3, 1, 6, 8, 7, 9, 10, 11), (1, 2, 3, 4, 5, 7, 6, 8, 11, 9, 10), (7, 3, 1, 4, 5, 2, 8, 10, 11, 9, 6), (2, 1, 3, 4, 5, 8, 6, 9, 11, 7, 10), (2, 5, 1, 4, 8, 7, 3, 9, 6, 11, 10), (1, 4, 2, 3, 5, 6, 8, 7, 10, 9, 11), (3, 1, 2, 5, 6, 4, 7, 8, 11, 9, 10), (2, 6, 4, 1, 9, 3, 8, 5, 11, 7, 10), (2, 1, 4, 3, 5, 6, 7, 9, 8, 10, 11), (2, 5, 1, 4, 3, 6, 9, 7, 8, 11, 10)}
M(B) = 
[[1, 2, 3, 4, 5, 6, 7, 8, 9, 10, 11], [1, 2, 4, 3, 5, 6, 7, 8, 9, 10, 11], [2, 1, 3, 4, 5, 6, 7, 8, 9, 10, 11], [2, 1, 4, 3, 5, 6, 7, 8, 9, 10, 11]]
Distance: 74
M(A) inter A:
set()
M(B) inter B:
set()

AUB = 
{(2, 5, 1, 3, 4, 8, 6, 9, 11, 10, 7), (7, 3, 1, 5, 2, 4, 6, 8, 11, 9, 10), (1, 3, 2, 4, 6, 10, 7, 5, 9, 11, 8), (1, 4, 2, 6, 3, 8, 5, 7, 9, 10, 11), (2, 4, 5, 3, 1, 6, 8, 7, 9, 10, 11), (1, 2, 3, 4, 5, 7, 6, 8, 9, 10, 11), (1, 2, 3, 4, 5, 7, 6, 8, 11, 9, 10), (7, 3, 1, 4, 5, 2, 8, 10, 11, 9, 6), (2, 1, 3, 4, 5, 8, 6, 9, 11, 7, 10), (4, 2, 1, 7, 3, 6, 5, 8, 9, 10, 11), (3, 1, 2, 4, 7, 5, 6, 9, 8, 11, 10), (2, 7, 6, 5, 1, 4, 9, 3, 10, 8, 11), (2, 5, 1, 4, 8, 7, 3, 9, 6, 11, 10), (1, 4, 2, 3, 5, 6, 8, 7, 10, 9, 11), (3, 1, 2, 5, 6, 4, 7, 8, 11, 9, 10), (2, 3, 6, 1, 4, 8, 5, 10, 7, 9, 11), (2, 6, 4, 1, 9, 3, 8, 5, 11, 7, 10), (2, 1, 4, 3, 5, 6, 7, 9, 8, 10, 11), (1, 6, 2, 4, 3, 10, 7, 9, 11, 5, 8), (2, 5, 1, 4, 3, 6, 9, 7, 8, 11, 10)}
M(AUB) = 
[[1, 2, 3, 4, 5, 6, 7, 8, 9, 10, 11], [1, 2, 4, 3, 5, 6, 7, 8, 9, 10, 11], [2, 1, 3, 4, 5, 6, 7, 8, 9, 10, 11], [2, 1, 4, 3, 5, 6, 7, 8, 9, 10, 11]]
Distance:172

(18)
A = 
{(5, 2, 1, 3, 4, 6, 7, 8, 9, 10, 11), (1, 3, 6, 9, 5, 7, 11, 4, 2, 8, 10), (1, 4, 2, 3, 5, 6, 7, 8, 10, 9, 11), (5, 2, 1, 3, 6, 4, 11, 7, 8, 9, 10), (3, 1, 2, 6, 4, 8, 9, 5, 11, 7, 10), (4, 1, 5, 2, 6, 8, 3, 10, 9, 7, 11), (2, 1, 4, 6, 7, 5, 3, 10, 9, 11, 8), (1, 2, 3, 4, 5, 6, 7, 8, 10, 9, 11), (1, 6, 3, 4, 7, 2, 5, 8, 9, 11, 10), (5, 3, 2, 1, 9, 8, 11, 4, 6, 7, 10)}
M(A) = 
[[1, 2, 3, 4, 5, 6, 7, 8, 9, 10, 11], [1, 2, 3, 4, 5, 6, 7, 8, 9, 11, 10]]
Distance: 96
B = 
{(1, 2, 5, 9, 4, 3, 6, 7, 8, 11, 10), (2, 1, 4, 3, 6, 11, 5, 9, 7, 10, 8), (3, 2, 6, 4, 5, 1, 7, 8, 9, 11, 10), (1, 2, 3, 4, 5, 6, 10, 7, 9, 8, 11), (2, 4, 5, 1, 6, 3, 10, 8, 7, 11, 9), (3, 5, 2, 1, 4, 8, 7, 11, 10, 9, 6), (1, 2, 4, 6, 3, 5, 7, 10, 11, 8, 9), (1, 3, 2, 6, 4, 5, 7, 9, 10, 8, 11), (7, 1, 3, 11, 5, 2, 8, 4, 9, 6, 10), (2, 1, 4, 3, 5, 7, 6, 8, 9, 10, 11)}
M(B) = 
[[1, 2, 3, 4, 5, 6, 7, 8, 9, 10, 11], [1, 2, 3, 4, 5, 6, 7, 8, 9, 11, 10]]
Distance: 93
M(A) inter A:
set()
M(B) inter B:
set()

AUB = 
{(1, 3, 6, 9, 5, 7, 11, 4, 2, 8, 10), (5, 3, 2, 1, 9, 8, 11, 4, 6, 7, 10), (1, 2, 5, 9, 4, 3, 6, 7, 8, 11, 10), (2, 1, 4, 3, 6, 11, 5, 9, 7, 10, 8), (2, 1, 4, 3, 5, 7, 6, 8, 9, 10, 11), (1, 4, 2, 3, 5, 6, 7, 8, 10, 9, 11), (3, 2, 6, 4, 5, 1, 7, 8, 9, 11, 10), (5, 2, 1, 3, 6, 4, 11, 7, 8, 9, 10), (3, 1, 2, 6, 4, 8, 9, 5, 11, 7, 10), (1, 2, 3, 4, 5, 6, 10, 7, 9, 8, 11), (4, 1, 5, 2, 6, 8, 3, 10, 9, 7, 11), (2, 4, 5, 1, 6, 3, 10, 8, 7, 11, 9), (3, 5, 2, 1, 4, 8, 7, 11, 10, 9, 6), (1, 2, 4, 6, 3, 5, 7, 10, 11, 8, 9), (1, 3, 2, 6, 4, 5, 7, 9, 10, 8, 11), (7, 1, 3, 11, 5, 2, 8, 4, 9, 6, 10), (2, 1, 4, 6, 7, 5, 3, 10, 9, 11, 8), (1, 2, 3, 4, 5, 6, 7, 8, 10, 9, 11), (1, 6, 3, 4, 7, 2, 5, 8, 9, 11, 10), (5, 2, 1, 3, 4, 6, 7, 8, 9, 10, 11)}
M(AUB) = 
[[1, 2, 3, 4, 5, 6, 7, 8, 9, 10, 11], [1, 2, 3, 4, 5, 6, 7, 8, 9, 11, 10]]
Distance:189

(19)
A = 
{(4, 2, 3, 1, 5, 9, 6, 7, 8, 10, 11), (2, 3, 4, 1, 7, 5, 6, 11, 8, 10, 9), (3, 2, 8, 7, 1, 5, 4, 9, 10, 6, 11), (5, 1, 3, 2, 6, 4, 7, 8, 9, 11, 10), (3, 4, 1, 7, 8, 2, 11, 5, 9, 6, 10), (1, 3, 2, 4, 6, 7, 5, 9, 11, 10, 8), (1, 2, 3, 5, 4, 7, 6, 8, 10, 9, 11), (2, 4, 7, 1, 3, 8, 6, 5, 9, 10, 11), (3, 2, 4, 1, 5, 6, 8, 9, 7, 10, 11), (1, 3, 6, 4, 2, 7, 9, 5, 11, 8, 10)}
M(A) = 
[[1, 3, 2, 4, 5, 6, 7, 8, 9, 10, 11], [1, 3, 2, 4, 5, 6, 7, 8, 9, 11, 10], [2, 1, 3, 4, 5, 6, 7, 8, 9, 10, 11], [2, 1, 3, 4, 5, 6, 7, 8, 9, 11, 10], [3, 2, 1, 4, 5, 6, 7, 8, 9, 10, 11], [3, 2, 1, 4, 5, 6, 7, 8, 9, 11, 10]]
Distance: 86
B = 
{(4, 1, 3, 5, 2, 6, 9, 10, 8, 7, 11), (1, 4, 2, 3, 5, 6, 8, 10, 7, 11, 9), (8, 2, 1, 3, 5, 11, 4, 9, 6, 10, 7), (3, 6, 2, 1, 7, 8, 5, 4, 9, 11, 10), (2, 4, 1, 5, 8, 3, 9, 7, 6, 11, 10), (3, 2, 4, 1, 5, 7, 8, 6, 9, 10, 11), (1, 7, 4, 2, 8, 3, 5, 6, 11, 9, 10), (3, 2, 6, 1, 4, 8, 5, 7, 10, 11, 9), (2, 1, 5, 4, 3, 8, 6, 7, 9, 11, 10), (3, 1, 2, 4, 5, 6, 8, 9, 7, 10, 11)}
M(B) = 
[[1, 3, 2, 4, 5, 6, 7, 8, 9, 10, 11], [1, 3, 2, 4, 5, 6, 7, 8, 9, 11, 10], [2, 1, 3, 4, 5, 6, 7, 8, 9, 10, 11], [2, 1, 3, 4, 5, 6, 7, 8, 9, 11, 10], [3, 2, 1, 4, 5, 6, 7, 8, 9, 10, 11], [3, 2, 1, 4, 5, 6, 7, 8, 9, 11, 10]]
Distance: 90
M(A) inter A:
set()
M(B) inter B:
set()

AUB = 
{(4, 1, 3, 5, 2, 6, 9, 10, 8, 7, 11), (1, 4, 2, 3, 5, 6, 8, 10, 7, 11, 9), (8, 2, 1, 3, 5, 11, 4, 9, 6, 10, 7), (3, 6, 2, 1, 7, 8, 5, 4, 9, 11, 10), (2, 4, 1, 5, 8, 3, 9, 7, 6, 11, 10), (4, 2, 3, 1, 5, 9, 6, 7, 8, 10, 11), (2, 3, 4, 1, 7, 5, 6, 11, 8, 10, 9), (3, 2, 8, 7, 1, 5, 4, 9, 10, 6, 11), (5, 1, 3, 2, 6, 4, 7, 8, 9, 11, 10), (3, 2, 4, 1, 5, 7, 8, 6, 9, 10, 11), (1, 7, 4, 2, 8, 3, 5, 6, 11, 9, 10), (3, 4, 1, 7, 8, 2, 11, 5, 9, 6, 10), (1, 3, 2, 4, 6, 7, 5, 9, 11, 10, 8), (3, 2, 6, 1, 4, 8, 5, 7, 10, 11, 9), (1, 2, 3, 5, 4, 7, 6, 8, 10, 9, 11), (2, 4, 7, 1, 3, 8, 6, 5, 9, 10, 11), (2, 1, 5, 4, 3, 8, 6, 7, 9, 11, 10), (3, 1, 2, 4, 5, 6, 8, 9, 7, 10, 11), (3, 2, 4, 1, 5, 6, 8, 9, 7, 10, 11), (1, 3, 6, 4, 2, 7, 9, 5, 11, 8, 10)}
M(AUB) = 
[[1, 3, 2, 4, 5, 6, 7, 8, 9, 10, 11], [1, 3, 2, 4, 5, 6, 7, 8, 9, 11, 10], [2, 1, 3, 4, 5, 6, 7, 8, 9, 10, 11], [2, 1, 3, 4, 5, 6, 7, 8, 9, 11, 10], [3, 2, 1, 4, 5, 6, 7, 8, 9, 10, 11], [3, 2, 1, 4, 5, 6, 7, 8, 9, 11, 10]]
Distance:184

(20)
A = 
{(1, 2, 3, 4, 7, 6, 8, 5, 9, 10, 11), (2, 3, 1, 8, 5, 4, 11, 6, 9, 7, 10), (3, 2, 1, 4, 6, 7, 5, 9, 8, 10, 11), (2, 4, 3, 1, 6, 5, 8, 9, 7, 11, 10), (1, 5, 2, 3, 4, 7, 6, 10, 11, 8, 9), (2, 1, 3, 5, 4, 6, 7, 8, 9, 10, 11), (5, 4, 1, 2, 3, 6, 9, 8, 11, 7, 10), (3, 1, 4, 2, 5, 6, 7, 8, 9, 10, 11), (2, 1, 3, 4, 5, 6, 7, 10, 8, 9, 11), (3, 7, 4, 5, 8, 2, 1, 6, 9, 11, 10)}
M(A) = 
[[2, 3, 1, 4, 5, 6, 7, 8, 9, 10, 11]]
Distance: 72
B = 
{(1, 4, 2, 8, 5, 3, 7, 10, 6, 11, 9), (2, 6, 4, 3, 5, 8, 1, 10, 7, 9, 11), (4, 3, 2, 5, 1, 6, 8, 7, 10, 11, 9), (1, 2, 5, 3, 6, 7, 4, 10, 9, 8, 11), (2, 3, 4, 1, 5, 8, 6, 10, 7, 9, 11), (2, 1, 4, 3, 8, 7, 5, 6, 9, 11, 10), (3, 2, 1, 5, 6, 7, 4, 10, 8, 11, 9), (2, 5, 4, 3, 1, 6, 7, 9, 10, 11, 8), (2, 4, 3, 1, 5, 9, 6, 11, 7, 10, 8), (1, 2, 4, 3, 5, 6, 7, 8, 9, 10, 11)}
M(B) = 
[[2, 3, 1, 4, 5, 6, 7, 8, 9, 10, 11]]
Distance: 75
M(A) inter A:
set()
M(B) inter B:
set()

AUB = 
{(1, 4, 2, 8, 5, 3, 7, 10, 6, 11, 9), (2, 6, 4, 3, 5, 8, 1, 10, 7, 9, 11), (1, 2, 4, 3, 5, 6, 7, 8, 9, 10, 11), (1, 2, 3, 4, 7, 6, 8, 5, 9, 10, 11), (4, 3, 2, 5, 1, 6, 8, 7, 10, 11, 9), (1, 2, 5, 3, 6, 7, 4, 10, 9, 8, 11), (2, 3, 1, 8, 5, 4, 11, 6, 9, 7, 10), (2, 3, 4, 1, 5, 8, 6, 10, 7, 9, 11), (3, 2, 1, 4, 6, 7, 5, 9, 8, 10, 11), (2, 4, 3, 1, 6, 5, 8, 9, 7, 11, 10), (2, 1, 4, 3, 8, 7, 5, 6, 9, 11, 10), (1, 5, 2, 3, 4, 7, 6, 10, 11, 8, 9), (3, 2, 1, 5, 6, 7, 4, 10, 8, 11, 9), (2, 1, 3, 5, 4, 6, 7, 8, 9, 10, 11), (5, 4, 1, 2, 3, 6, 9, 8, 11, 7, 10), (3, 1, 4, 2, 5, 6, 7, 8, 9, 10, 11), (2, 1, 3, 4, 5, 6, 7, 10, 8, 9, 11), (2, 5, 4, 3, 1, 6, 7, 9, 10, 11, 8), (2, 4, 3, 1, 5, 9, 6, 11, 7, 10, 8), (3, 7, 4, 5, 8, 2, 1, 6, 9, 11, 10)}
M(AUB) = 
[[2, 3, 1, 4, 5, 6, 7, 8, 9, 10, 11]]
Distance:153

(21)
A = 
{(1, 3, 4, 2, 6, 8, 5, 10, 11, 9, 7), (2, 4, 1, 3, 6, 5, 8, 7, 10, 9, 11), (1, 6, 3, 2, 8, 5, 4, 10, 9, 7, 11), (1, 2, 8, 5, 4, 3, 7, 11, 10, 6, 9), (5, 1, 6, 11, 4, 3, 2, 7, 8, 9, 10), (6, 1, 3, 2, 5, 4, 7, 9, 8, 10, 11), (2, 1, 3, 4, 7, 5, 6, 10, 8, 9, 11), (2, 1, 3, 4, 5, 6, 7, 8, 9, 10, 11), (1, 2, 3, 4, 6, 7, 8, 5, 9, 10, 11), (1, 5, 4, 2, 6, 3, 7, 10, 9, 8, 11)}
M(A) = 
[[1, 2, 3, 4, 5, 6, 7, 8, 9, 10, 11], [1, 2, 3, 4, 5, 6, 7, 8, 10, 9, 11], [1, 2, 3, 4, 6, 5, 7, 8, 9, 10, 11], [1, 2, 3, 4, 6, 5, 7, 8, 10, 9, 11]]
Distance: 83
B = 
{(2, 4, 1, 3, 5, 7, 11, 6, 9, 8, 10), (3, 2, 6, 1, 4, 5, 9, 10, 8, 11, 7), (1, 2, 3, 4, 6, 8, 5, 7, 10, 9, 11), (2, 6, 4, 10, 1, 3, 7, 11, 5, 8, 9), (3, 2, 1, 5, 7, 4, 11, 10, 6, 8, 9), (4, 1, 2, 3, 5, 6, 7, 9, 11, 8, 10), (4, 1, 2, 6, 8, 3, 9, 5, 7, 11, 10), (1, 2, 3, 4, 5, 6, 7, 8, 9, 10, 11), (1, 2, 3, 5, 4, 7, 10, 11, 8, 9, 6), (9, 11, 1, 2, 3, 4, 8, 10, 6, 5, 7)}
M(B) = 
[[1, 2, 3, 4, 5, 6, 7, 8, 9, 10, 11], [1, 2, 3, 4, 5, 6, 7, 8, 10, 9, 11], [1, 2, 3, 4, 6, 5, 7, 8, 9, 10, 11], [1, 2, 3, 4, 6, 5, 7, 8, 10, 9, 11]]
Distance: 106
M(A) inter A:
set()
M(B) inter B:
{(1, 2, 3, 4, 5, 6, 7, 8, 9, 10, 11)}

AUB = 
{(2, 4, 1, 3, 6, 5, 8, 7, 10, 9, 11), (1, 5, 4, 2, 6, 3, 7, 10, 9, 8, 11), (2, 4, 1, 3, 5, 7, 11, 6, 9, 8, 10), (1, 6, 3, 2, 8, 5, 4, 10, 9, 7, 11), (3, 2, 6, 1, 4, 5, 9, 10, 8, 11, 7), (1, 2, 8, 5, 4, 3, 7, 11, 10, 6, 9), (1, 2, 3, 4, 6, 8, 5, 7, 10, 9, 11), (9, 11, 1, 2, 3, 4, 8, 10, 6, 5, 7), (2, 6, 4, 10, 1, 3, 7, 11, 5, 8, 9), (3, 2, 1, 5, 7, 4, 11, 10, 6, 8, 9), (5, 1, 6, 11, 4, 3, 2, 7, 8, 9, 10), (6, 1, 3, 2, 5, 4, 7, 9, 8, 10, 11), (4, 1, 2, 3, 5, 6, 7, 9, 11, 8, 10), (2, 1, 3, 4, 7, 5, 6, 10, 8, 9, 11), (2, 1, 3, 4, 5, 6, 7, 8, 9, 10, 11), (4, 1, 2, 6, 8, 3, 9, 5, 7, 11, 10), (1, 2, 3, 4, 5, 6, 7, 8, 9, 10, 11), (1, 2, 3, 5, 4, 7, 10, 11, 8, 9, 6), (1, 2, 3, 4, 6, 7, 8, 5, 9, 10, 11), (1, 3, 4, 2, 6, 8, 5, 10, 11, 9, 7)}
M(AUB) = 
[[1, 2, 3, 4, 5, 6, 7, 8, 9, 10, 11], [1, 2, 3, 4, 5, 6, 7, 8, 10, 9, 11], [1, 2, 3, 4, 6, 5, 7, 8, 9, 10, 11], [1, 2, 3, 4, 6, 5, 7, 8, 10, 9, 11]]
Distance:191

(22)
A = 
{(10, 3, 4, 1, 5, 7, 2, 6, 11, 9, 8), (2, 1, 3, 4, 5, 6, 7, 8, 10, 9, 11), (1, 2, 6, 5, 3, 4, 11, 8, 7, 9, 10), (5, 4, 3, 1, 10, 2, 6, 8, 7, 11, 9), (2, 3, 4, 6, 1, 5, 9, 7, 8, 11, 10), (1, 4, 2, 3, 5, 7, 6, 8, 9, 10, 11), (2, 1, 3, 5, 4, 6, 7, 8, 10, 11, 9), (2, 1, 3, 4, 5, 7, 11, 8, 6, 10, 9), (1, 2, 3, 4, 5, 7, 6, 8, 10, 9, 11), (1, 5, 4, 3, 7, 2, 9, 10, 8, 6, 11)}
M(A) = 
[[1, 2, 3, 4, 5, 6, 7, 8, 9, 10, 11], [1, 2, 3, 4, 5, 6, 7, 8, 10, 9, 11]]
Distance: 83
B = 
{(2, 4, 3, 1, 5, 6, 8, 11, 10, 9, 7), (2, 1, 3, 4, 5, 6, 8, 7, 9, 10, 11), (1, 4, 2, 3, 7, 5, 6, 11, 8, 9, 10), (2, 3, 4, 5, 1, 7, 9, 11, 8, 6, 10), (1, 2, 3, 4, 6, 5, 9, 7, 8, 10, 11), (6, 1, 5, 7, 2, 4, 3, 11, 8, 10, 9), (1, 2, 3, 4, 5, 6, 7, 8, 9, 10, 11), (4, 1, 3, 5, 2, 6, 7, 9, 8, 10, 11), (2, 1, 3, 5, 4, 7, 6, 8, 10, 9, 11), (2, 1, 4, 6, 3, 10, 5, 8, 9, 7, 11)}
M(B) = 
[[1, 2, 3, 4, 5, 6, 7, 8, 9, 10, 11], [1, 2, 3, 4, 5, 6, 7, 8, 10, 9, 11]]
Distance: 70
M(A) inter A:
set()
M(B) inter B:
{(1, 2, 3, 4, 5, 6, 7, 8, 9, 10, 11)}

AUB = 
{(2, 1, 4, 6, 3, 10, 5, 8, 9, 7, 11), (10, 3, 4, 1, 5, 7, 2, 6, 11, 9, 8), (2, 1, 3, 4, 5, 6, 8, 7, 9, 10, 11), (2, 1, 3, 4, 5, 6, 7, 8, 10, 9, 11), (1, 4, 2, 3, 7, 5, 6, 11, 8, 9, 10), (1, 2, 6, 5, 3, 4, 11, 8, 7, 9, 10), (5, 4, 3, 1, 10, 2, 6, 8, 7, 11, 9), (2, 3, 4, 5, 1, 7, 9, 11, 8, 6, 10), (1, 2, 3, 4, 6, 5, 9, 7, 8, 10, 11), (6, 1, 5, 7, 2, 4, 3, 11, 8, 10, 9), (2, 3, 4, 6, 1, 5, 9, 7, 8, 11, 10), (1, 4, 2, 3, 5, 7, 6, 8, 9, 10, 11), (2, 1, 3, 5, 4, 6, 7, 8, 10, 11, 9), (2, 1, 3, 4, 5, 7, 11, 8, 6, 10, 9), (1, 2, 3, 4, 5, 7, 6, 8, 10, 9, 11), (1, 5, 4, 3, 7, 2, 9, 10, 8, 6, 11), (1, 2, 3, 4, 5, 6, 7, 8, 9, 10, 11), (2, 4, 3, 1, 5, 6, 8, 11, 10, 9, 7), (4, 1, 3, 5, 2, 6, 7, 9, 8, 10, 11), (2, 1, 3, 5, 4, 7, 6, 8, 10, 9, 11)}
M(AUB) = 
[[1, 2, 3, 4, 5, 6, 7, 8, 9, 10, 11], [1, 2, 3, 4, 5, 6, 7, 8, 10, 9, 11]]
Distance:155

(23)
A = 
{(1, 3, 4, 8, 2, 5, 10, 6, 11, 9, 7), (1, 5, 2, 4, 3, 7, 6, 8, 10, 9, 11), (1, 3, 2, 5, 4, 10, 6, 8, 7, 11, 9), (1, 3, 4, 5, 2, 6, 8, 7, 9, 11, 10), (1, 2, 3, 5, 7, 4, 6, 8, 9, 10, 11), (1, 7, 4, 2, 3, 6, 5, 8, 11, 10, 9), (1, 2, 3, 4, 5, 6, 7, 8, 9, 10, 11), (1, 4, 2, 6, 3, 7, 5, 10, 8, 9, 11), (1, 4, 3, 5, 6, 2, 8, 11, 9, 10, 7), (2, 3, 4, 8, 6, 1, 5, 9, 11, 10, 7)}
M(A) = 
[[1, 2, 3, 4, 5, 6, 7, 8, 9, 10, 11], [1, 3, 2, 4, 5, 6, 7, 8, 9, 10, 11], [1, 3, 4, 2, 5, 6, 7, 8, 9, 10, 11]]
Distance: 76
B = 
{(4, 3, 7, 2, 6, 5, 1, 9, 8, 11, 10), (1, 2, 3, 7, 4, 5, 8, 9, 6, 11, 10), (1, 2, 3, 4, 5, 6, 10, 8, 7, 9, 11), (5, 1, 2, 3, 6, 11, 4, 7, 9, 8, 10), (1, 4, 3, 6, 2, 11, 5, 10, 8, 7, 9), (3, 1, 4, 5, 6, 7, 2, 9, 8, 10, 11), (1, 4, 3, 5, 2, 6, 8, 7, 9, 10, 11), (1, 3, 2, 5, 8, 9, 4, 7, 6, 11, 10), (4, 1, 3, 7, 2, 10, 6, 5, 9, 8, 11), (2, 3, 4, 1, 5, 10, 6, 7, 8, 11, 9)}
M(B) = 
[[1, 2, 3, 4, 5, 6, 7, 8, 9, 10, 11], [1, 3, 2, 4, 5, 6, 7, 8, 9, 10, 11], [1, 3, 4, 2, 5, 6, 7, 8, 9, 10, 11]]
Distance: 91
M(A) inter A:
set()
M(B) inter B:
set()

AUB = 
{(1, 3, 4, 8, 2, 5, 10, 6, 11, 9, 7), (1, 5, 2, 4, 3, 7, 6, 8, 10, 9, 11), (4, 3, 7, 2, 6, 5, 1, 9, 8, 11, 10), (1, 2, 3, 7, 4, 5, 8, 9, 6, 11, 10), (1, 2, 3, 4, 5, 6, 10, 8, 7, 9, 11), (1, 3, 2, 5, 4, 10, 6, 8, 7, 11, 9), (1, 3, 4, 5, 2, 6, 8, 7, 9, 11, 10), (5, 1, 2, 3, 6, 11, 4, 7, 9, 8, 10), (1, 4, 3, 6, 2, 11, 5, 10, 8, 7, 9), (1, 2, 3, 5, 7, 4, 6, 8, 9, 10, 11), (3, 1, 4, 5, 6, 7, 2, 9, 8, 10, 11), (1, 7, 4, 2, 3, 6, 5, 8, 11, 10, 9), (1, 4, 3, 5, 2, 6, 8, 7, 9, 10, 11), (1, 2, 3, 4, 5, 6, 7, 8, 9, 10, 11), (1, 4, 2, 6, 3, 7, 5, 10, 8, 9, 11), (1, 4, 3, 5, 6, 2, 8, 11, 9, 10, 7), (2, 3, 4, 8, 6, 1, 5, 9, 11, 10, 7), (1, 3, 2, 5, 8, 9, 4, 7, 6, 11, 10), (4, 1, 3, 7, 2, 10, 6, 5, 9, 8, 11), (2, 3, 4, 1, 5, 10, 6, 7, 8, 11, 9)}
M(AUB) = 
[[1, 2, 3, 4, 5, 6, 7, 8, 9, 10, 11], [1, 3, 2, 4, 5, 6, 7, 8, 9, 10, 11], [1, 3, 4, 2, 5, 6, 7, 8, 9, 10, 11]]
Distance:169

(24)
A = 
{(3, 1, 9, 2, 6, 4, 5, 8, 10, 7, 11), (2, 1, 3, 6, 4, 9, 7, 5, 10, 8, 11), (2, 6, 3, 4, 10, 7, 5, 1, 11, 8, 9), (1, 3, 2, 5, 4, 6, 8, 7, 10, 9, 11), (1, 2, 7, 3, 10, 4, 5, 9, 8, 11, 6), (2, 5, 1, 4, 3, 6, 9, 10, 7, 11, 8), (3, 2, 1, 5, 7, 4, 11, 6, 9, 8, 10), (2, 1, 3, 6, 5, 4, 8, 7, 11, 9, 10), (3, 10, 2, 4, 5, 11, 9, 1, 8, 6, 7), (1, 2, 4, 3, 8, 5, 6, 7, 9, 11, 10)}
M(A) = 
[[1, 2, 3, 4, 5, 6, 7, 8, 9, 10, 11], [2, 1, 3, 4, 5, 6, 7, 8, 9, 10, 11], [2, 3, 1, 4, 5, 6, 7, 8, 9, 10, 11]]
Distance: 107
B = 
{(7, 3, 2, 1, 6, 4, 5, 11, 8, 9, 10), (3, 1, 2, 4, 8, 5, 6, 7, 9, 11, 10), (3, 4, 5, 8, 1, 2, 10, 9, 7, 11, 6), (3, 1, 2, 4, 5, 7, 6, 8, 10, 9, 11), (2, 3, 1, 4, 8, 5, 6, 11, 7, 9, 10), (2, 1, 7, 3, 10, 5, 4, 11, 6, 8, 9), (1, 6, 2, 3, 5, 9, 7, 4, 8, 11, 10), (2, 3, 5, 1, 6, 4, 7, 8, 10, 9, 11), (1, 5, 2, 3, 4, 7, 8, 6, 9, 10, 11), (6, 1, 8, 2, 7, 3, 5, 4, 10, 9, 11)}
M(B) = 
[[1, 2, 3, 4, 5, 6, 7, 8, 9, 10, 11], [2, 1, 3, 4, 5, 6, 7, 8, 9, 10, 11], [2, 3, 1, 4, 5, 6, 7, 8, 9, 10, 11]]
Distance: 99
M(A) inter A:
set()
M(B) inter B:
{(3, 1, 2, 4, 5, 7, 6, 8, 10, 9, 11)}

AUB = 
{(1, 2, 4, 3, 8, 5, 6, 7, 9, 11, 10), (2, 1, 3, 6, 4, 9, 7, 5, 10, 8, 11), (7, 3, 2, 1, 6, 4, 5, 11, 8, 9, 10), (2, 6, 3, 4, 10, 7, 5, 1, 11, 8, 9), (3, 1, 2, 4, 8, 5, 6, 7, 9, 11, 10), (1, 3, 2, 5, 4, 6, 8, 7, 10, 9, 11), (1, 2, 7, 3, 10, 4, 5, 9, 8, 11, 6), (3, 4, 5, 8, 1, 2, 10, 9, 7, 11, 6), (3, 1, 2, 4, 5, 7, 6, 8, 10, 9, 11), (2, 3, 1, 4, 8, 5, 6, 11, 7, 9, 10), (2, 5, 1, 4, 3, 6, 9, 10, 7, 11, 8), (3, 2, 1, 5, 7, 4, 11, 6, 9, 8, 10), (2, 1, 3, 6, 5, 4, 8, 7, 11, 9, 10), (2, 1, 7, 3, 10, 5, 4, 11, 6, 8, 9), (1, 6, 2, 3, 5, 9, 7, 4, 8, 11, 10), (2, 3, 5, 1, 6, 4, 7, 8, 10, 9, 11), (1, 5, 2, 3, 4, 7, 8, 6, 9, 10, 11), (6, 1, 8, 2, 7, 3, 5, 4, 10, 9, 11), (3, 10, 2, 4, 5, 11, 9, 1, 8, 6, 7), (3, 1, 9, 2, 6, 4, 5, 8, 10, 7, 11)}
M(AUB) = 
[[1, 2, 3, 4, 5, 6, 7, 8, 9, 10, 11], [2, 1, 3, 4, 5, 6, 7, 8, 9, 10, 11], [2, 3, 1, 4, 5, 6, 7, 8, 9, 10, 11]]
Distance:210

(25)
A = 
{(1, 4, 2, 7, 3, 5, 6, 8, 9, 10, 11), (2, 1, 3, 5, 4, 6, 8, 7, 9, 10, 11), (2, 5, 1, 3, 4, 6, 9, 8, 11, 7, 10), (5, 1, 3, 2, 7, 9, 4, 10, 8, 11, 6), (2, 1, 4, 3, 8, 7, 5, 10, 6, 11, 9), (1, 2, 4, 6, 9, 3, 7, 5, 8, 11, 10), (1, 2, 5, 9, 3, 4, 6, 7, 11, 10, 8), (4, 5, 3, 2, 9, 6, 1, 11, 8, 7, 10), (1, 2, 4, 3, 5, 6, 7, 8, 9, 11, 10), (2, 5, 1, 8, 9, 4, 10, 7, 3, 11, 6)}
M(A) = 
[[1, 2, 4, 3, 5, 6, 9, 7, 8, 10, 11], [2, 1, 4, 3, 5, 6, 9, 7, 8, 10, 11]]
Distance: 97
B = 
{(1, 3, 5, 2, 4, 6, 9, 7, 10, 8, 11), (1, 4, 3, 2, 5, 9, 7, 6, 8, 11, 10), (1, 3, 4, 6, 2, 5, 8, 9, 10, 11, 7), (1, 3, 4, 2, 5, 6, 8, 10, 7, 11, 9), (2, 5, 1, 6, 4, 3, 11, 9, 7, 10, 8), (4, 3, 2, 5, 6, 1, 9, 8, 7, 11, 10), (2, 5, 4, 3, 1, 10, 7, 9, 8, 6, 11), (3, 4, 2, 1, 6, 10, 5, 8, 9, 7, 11), (2, 1, 5, 7, 3, 6, 9, 4, 8, 11, 10), (1, 2, 4, 3, 5, 6, 7, 8, 9, 10, 11)}
M(B) = 
[[1, 2, 4, 3, 5, 6, 9, 7, 8, 10, 11], [2, 1, 4, 3, 5, 6, 9, 7, 8, 10, 11]]
Distance: 86
M(A) inter A:
set()
M(B) inter B:
set()

AUB = 
{(1, 2, 4, 3, 5, 6, 7, 8, 9, 10, 11), (1, 4, 2, 7, 3, 5, 6, 8, 9, 10, 11), (2, 1, 3, 5, 4, 6, 8, 7, 9, 10, 11), (2, 5, 1, 3, 4, 6, 9, 8, 11, 7, 10), (5, 1, 3, 2, 7, 9, 4, 10, 8, 11, 6), (1, 3, 5, 2, 4, 6, 9, 7, 10, 8, 11), (1, 4, 3, 2, 5, 9, 7, 6, 8, 11, 10), (1, 3, 4, 6, 2, 5, 8, 9, 10, 11, 7), (2, 1, 4, 3, 8, 7, 5, 10, 6, 11, 9), (1, 3, 4, 2, 5, 6, 8, 10, 7, 11, 9), (1, 2, 4, 6, 9, 3, 7, 5, 8, 11, 10), (2, 5, 1, 6, 4, 3, 11, 9, 7, 10, 8), (4, 3, 2, 5, 6, 1, 9, 8, 7, 11, 10), (2, 5, 4, 3, 1, 10, 7, 9, 8, 6, 11), (1, 2, 5, 9, 3, 4, 6, 7, 11, 10, 8), (3, 4, 2, 1, 6, 10, 5, 8, 9, 7, 11), (4, 5, 3, 2, 9, 6, 1, 11, 8, 7, 10), (2, 1, 5, 7, 3, 6, 9, 4, 8, 11, 10), (1, 2, 4, 3, 5, 6, 7, 8, 9, 11, 10), (2, 5, 1, 8, 9, 4, 10, 7, 3, 11, 6)}
M(AUB) = 
[[1, 2, 4, 3, 5, 6, 9, 7, 8, 10, 11], [2, 1, 4, 3, 5, 6, 9, 7, 8, 10, 11]]
Distance:185

(26)
A = 
{(3, 4, 1, 2, 5, 6, 8, 7, 11, 9, 10), (1, 3, 2, 5, 6, 4, 7, 10, 8, 9, 11), (3, 1, 4, 2, 10, 6, 7, 8, 5, 11, 9), (2, 1, 5, 3, 4, 6, 7, 8, 9, 10, 11), (4, 2, 3, 1, 6, 5, 7, 9, 10, 8, 11), (2, 1, 4, 3, 5, 9, 7, 6, 8, 10, 11), (1, 2, 3, 4, 5, 7, 6, 8, 9, 11, 10), (3, 1, 2, 5, 10, 6, 4, 11, 7, 8, 9), (1, 2, 3, 6, 4, 7, 5, 9, 8, 11, 10), (2, 1, 3, 8, 5, 10, 6, 11, 4, 7, 9)}
M(A) = 
[[1, 2, 3, 4, 5, 6, 7, 8, 9, 10, 11]]
Distance: 74
B = 
{(1, 2, 3, 4, 7, 8, 6, 10, 11, 5, 9), (1, 2, 4, 3, 5, 7, 6, 9, 8, 11, 10), (1, 3, 2, 4, 5, 6, 8, 7, 10, 9, 11), (1, 3, 2, 4, 5, 6, 7, 8, 9, 10, 11), (3, 4, 2, 1, 5, 8, 9, 6, 7, 11, 10), (1, 2, 4, 3, 6, 8, 5, 7, 11, 9, 10), (2, 3, 1, 4, 6, 8, 5, 7, 9, 10, 11), (2, 1, 3, 7, 6, 4, 11, 5, 10, 9, 8), (2, 1, 4, 3, 5, 6, 7, 8, 9, 10, 11), (2, 4, 1, 6, 3, 5, 8, 7, 10, 9, 11)}
M(B) = 
[[1, 2, 3, 4, 5, 6, 7, 8, 9, 10, 11]]
Distance: 60
M(A) inter A:
set()
M(B) inter B:
set()

AUB = 
{(2, 4, 1, 6, 3, 5, 8, 7, 10, 9, 11), (3, 4, 1, 2, 5, 6, 8, 7, 11, 9, 10), (1, 2, 3, 4, 7, 8, 6, 10, 11, 5, 9), (1, 3, 2, 5, 6, 4, 7, 10, 8, 9, 11), (3, 1, 4, 2, 10, 6, 7, 8, 5, 11, 9), (2, 1, 5, 3, 4, 6, 7, 8, 9, 10, 11), (4, 2, 3, 1, 6, 5, 7, 9, 10, 8, 11), (2, 1, 4, 3, 5, 9, 7, 6, 8, 10, 11), (1, 2, 4, 3, 5, 7, 6, 9, 8, 11, 10), (1, 3, 2, 4, 5, 6, 8, 7, 10, 9, 11), (1, 3, 2, 4, 5, 6, 7, 8, 9, 10, 11), (3, 4, 2, 1, 5, 8, 9, 6, 7, 11, 10), (1, 2, 3, 4, 5, 7, 6, 8, 9, 11, 10), (1, 2, 4, 3, 6, 8, 5, 7, 11, 9, 10), (3, 1, 2, 5, 10, 6, 4, 11, 7, 8, 9), (2, 3, 1, 4, 6, 8, 5, 7, 9, 10, 11), (2, 1, 3, 7, 6, 4, 11, 5, 10, 9, 8), (1, 2, 3, 6, 4, 7, 5, 9, 8, 11, 10), (2, 1, 4, 3, 5, 6, 7, 8, 9, 10, 11), (2, 1, 3, 8, 5, 10, 6, 11, 4, 7, 9)}
M(AUB) = 
[[1, 2, 3, 4, 5, 6, 7, 8, 9, 10, 11]]
Distance:134

(27)
A = 
{(3, 1, 5, 2, 11, 6, 4, 10, 8, 7, 9), (5, 3, 1, 2, 6, 9, 7, 8, 11, 4, 10), (4, 3, 5, 2, 6, 1, 11, 7, 9, 10, 8), (2, 1, 3, 4, 6, 5, 8, 7, 9, 10, 11), (1, 4, 2, 3, 6, 7, 5, 9, 10, 8, 11), (1, 4, 3, 2, 5, 6, 7, 10, 8, 9, 11), (6, 1, 2, 3, 4, 7, 8, 5, 9, 11, 10), (2, 1, 7, 4, 5, 6, 3, 11, 9, 10, 8), (2, 3, 1, 6, 5, 7, 8, 9, 4, 11, 10), (4, 1, 7, 6, 9, 2, 3, 5, 10, 11, 8)}
M(A) = 
[[1, 2, 4, 3, 5, 6, 7, 8, 9, 11, 10], [1, 2, 4, 3, 5, 6, 7, 9, 8, 11, 10], [2, 1, 4, 3, 5, 6, 7, 8, 9, 11, 10], [2, 1, 4, 3, 5, 6, 7, 9, 8, 11, 10]]
Distance: 102
B = 
{(2, 1, 4, 6, 3, 10, 11, 9, 5, 7, 8), (2, 5, 7, 1, 6, 3, 4, 8, 11, 10, 9), (2, 1, 4, 5, 3, 6, 7, 9, 11, 8, 10), (2, 5, 1, 4, 6, 3, 9, 10, 8, 11, 7), (1, 5, 3, 2, 7, 4, 8, 6, 11, 10, 9), (4, 1, 3, 2, 6, 5, 7, 9, 10, 8, 11), (2, 4, 3, 6, 1, 8, 5, 11, 10, 7, 9), (1, 5, 4, 3, 2, 8, 7, 9, 6, 11, 10), (2, 3, 4, 1, 7, 5, 6, 9, 8, 11, 10), (1, 2, 3, 4, 5, 6, 7, 8, 10, 9, 11)}
M(B) = 
[[1, 2, 4, 3, 5, 6, 7, 8, 9, 11, 10], [1, 2, 4, 3, 5, 6, 7, 9, 8, 11, 10], [2, 1, 4, 3, 5, 6, 7, 8, 9, 11, 10], [2, 1, 4, 3, 5, 6, 7, 9, 8, 11, 10]]
Distance: 89
M(A) inter A:
set()
M(B) inter B:
set()

AUB = 
{(3, 1, 5, 2, 11, 6, 4, 10, 8, 7, 9), (2, 1, 4, 6, 3, 10, 11, 9, 5, 7, 8), (2, 5, 7, 1, 6, 3, 4, 8, 11, 10, 9), (2, 1, 4, 5, 3, 6, 7, 9, 11, 8, 10), (2, 5, 1, 4, 6, 3, 9, 10, 8, 11, 7), (1, 5, 3, 2, 7, 4, 8, 6, 11, 10, 9), (4, 1, 3, 2, 6, 5, 7, 9, 10, 8, 11), (2, 4, 3, 6, 1, 8, 5, 11, 10, 7, 9), (5, 3, 1, 2, 6, 9, 7, 8, 11, 4, 10), (1, 5, 4, 3, 2, 8, 7, 9, 6, 11, 10), (4, 3, 5, 2, 6, 1, 11, 7, 9, 10, 8), (2, 1, 3, 4, 6, 5, 8, 7, 9, 10, 11), (1, 4, 2, 3, 6, 7, 5, 9, 10, 8, 11), (1, 4, 3, 2, 5, 6, 7, 10, 8, 9, 11), (6, 1, 2, 3, 4, 7, 8, 5, 9, 11, 10), (2, 1, 7, 4, 5, 6, 3, 11, 9, 10, 8), (2, 3, 4, 1, 7, 5, 6, 9, 8, 11, 10), (2, 3, 1, 6, 5, 7, 8, 9, 4, 11, 10), (1, 2, 3, 4, 5, 6, 7, 8, 10, 9, 11), (4, 1, 7, 6, 9, 2, 3, 5, 10, 11, 8)}
M(AUB) = 
[[1, 2, 4, 3, 5, 6, 7, 8, 9, 11, 10], [1, 2, 4, 3, 5, 6, 7, 9, 8, 11, 10], [2, 1, 4, 3, 5, 6, 7, 8, 9, 11, 10], [2, 1, 4, 3, 5, 6, 7, 9, 8, 11, 10]]
Distance:193

(28)
A = 
{(1, 2, 3, 4, 6, 5, 7, 8, 9, 10, 11), (5, 1, 2, 3, 7, 4, 8, 6, 9, 11, 10), (1, 2, 5, 3, 4, 6, 7, 8, 9, 10, 11), (1, 3, 2, 6, 5, 4, 8, 7, 11, 9, 10), (1, 2, 3, 4, 6, 5, 8, 7, 9, 10, 11), (4, 1, 3, 6, 5, 2, 7, 8, 10, 11, 9), (2, 1, 10, 3, 4, 7, 5, 6, 9, 11, 8), (1, 2, 3, 4, 5, 6, 7, 8, 9, 10, 11), (2, 1, 6, 3, 4, 7, 8, 5, 9, 10, 11), (2, 1, 6, 3, 5, 9, 4, 8, 7, 11, 10)}
M(A) = 
[[1, 2, 3, 4, 5, 6, 7, 8, 9, 10, 11], [2, 1, 3, 4, 5, 6, 7, 8, 9, 10, 11]]
Distance: 55
B = 
{(3, 2, 7, 9, 1, 4, 6, 5, 8, 10, 11), (1, 4, 3, 2, 5, 6, 7, 8, 9, 10, 11), (2, 1, 3, 5, 4, 10, 7, 8, 6, 9, 11), (5, 2, 1, 6, 3, 8, 9, 4, 11, 7, 10), (3, 2, 1, 4, 8, 5, 7, 10, 6, 11, 9), (3, 2, 6, 1, 4, 5, 9, 10, 8, 7, 11), (1, 4, 3, 2, 9, 5, 6, 10, 8, 11, 7), (2, 6, 1, 5, 4, 3, 7, 9, 10, 8, 11), (1, 2, 5, 3, 4, 7, 6, 8, 9, 10, 11), (2, 1, 3, 4, 5, 7, 8, 9, 6, 10, 11)}
M(B) = 
[[1, 2, 3, 4, 5, 6, 7, 8, 9, 10, 11], [2, 1, 3, 4, 5, 6, 7, 8, 9, 10, 11]]
Distance: 82
M(A) inter A:
set()
M(B) inter B:
set()

AUB = 
{(1, 2, 3, 4, 6, 5, 7, 8, 9, 10, 11), (5, 1, 2, 3, 7, 4, 8, 6, 9, 11, 10), (1, 2, 5, 3, 4, 6, 7, 8, 9, 10, 11), (1, 3, 2, 6, 5, 4, 8, 7, 11, 9, 10), (3, 2, 7, 9, 1, 4, 6, 5, 8, 10, 11), (1, 4, 3, 2, 5, 6, 7, 8, 9, 10, 11), (2, 1, 3, 5, 4, 10, 7, 8, 6, 9, 11), (1, 2, 3, 4, 6, 5, 8, 7, 9, 10, 11), (5, 2, 1, 6, 3, 8, 9, 4, 11, 7, 10), (4, 1, 3, 6, 5, 2, 7, 8, 10, 11, 9), (2, 1, 10, 3, 4, 7, 5, 6, 9, 11, 8), (3, 2, 1, 4, 8, 5, 7, 10, 6, 11, 9), (3, 2, 6, 1, 4, 5, 9, 10, 8, 7, 11), (1, 2, 3, 4, 5, 6, 7, 8, 9, 10, 11), (1, 4, 3, 2, 9, 5, 6, 10, 8, 11, 7), (2, 6, 1, 5, 4, 3, 7, 9, 10, 8, 11), (1, 2, 5, 3, 4, 7, 6, 8, 9, 10, 11), (2, 1, 6, 3, 4, 7, 8, 5, 9, 10, 11), (2, 1, 3, 4, 5, 7, 8, 9, 6, 10, 11), (2, 1, 6, 3, 5, 9, 4, 8, 7, 11, 10)}
M(AUB) = 
[[1, 2, 3, 4, 5, 6, 7, 8, 9, 10, 11], [2, 1, 3, 4, 5, 6, 7, 8, 9, 10, 11]]
Distance:143

(29)
A = 
{(6, 2, 4, 9, 1, 3, 7, 5, 10, 8, 11), (1, 2, 3, 8, 6, 5, 4, 9, 11, 10, 7), (1, 2, 3, 4, 5, 6, 8, 7, 9, 11, 10), (4, 1, 2, 3, 5, 6, 9, 7, 8, 11, 10), (6, 2, 3, 4, 8, 1, 7, 9, 11, 10, 5), (1, 2, 3, 4, 5, 6, 7, 8, 9, 10, 11), (2, 1, 3, 6, 5, 4, 7, 10, 11, 9, 8), (1, 8, 2, 4, 6, 5, 3, 11, 9, 7, 10), (2, 3, 1, 5, 7, 4, 6, 9, 10, 8, 11), (2, 1, 3, 4, 9, 6, 5, 10, 7, 8, 11)}
M(A) = 
[[2, 1, 3, 4, 5, 6, 7, 8, 9, 10, 11]]
Distance: 86
B = 
{(1, 2, 4, 3, 7, 5, 6, 8, 9, 10, 11), (4, 6, 9, 10, 5, 2, 1, 3, 7, 11, 8), (1, 3, 4, 2, 7, 5, 8, 6, 9, 10, 11), (1, 5, 4, 6, 3, 2, 7, 8, 10, 9, 11), (1, 2, 3, 4, 5, 9, 6, 7, 8, 10, 11), (2, 1, 3, 4, 6, 5, 9, 8, 11, 7, 10), (2, 3, 5, 8, 4, 1, 6, 10, 7, 9, 11), (6, 2, 3, 8, 1, 4, 5, 11, 10, 7, 9), (2, 1, 3, 4, 5, 6, 7, 8, 9, 10, 11), (5, 2, 1, 7, 4, 3, 6, 8, 9, 11, 10)}
M(B) = 
[[2, 1, 3, 4, 5, 6, 7, 8, 9, 10, 11]]
Distance: 87
M(A) inter A:
set()
M(B) inter B:
{(2, 1, 3, 4, 5, 6, 7, 8, 9, 10, 11)}

AUB = 
{(6, 2, 4, 9, 1, 3, 7, 5, 10, 8, 11), (1, 2, 4, 3, 7, 5, 6, 8, 9, 10, 11), (1, 2, 3, 8, 6, 5, 4, 9, 11, 10, 7), (4, 6, 9, 10, 5, 2, 1, 3, 7, 11, 8), (1, 3, 4, 2, 7, 5, 8, 6, 9, 10, 11), (1, 5, 4, 6, 3, 2, 7, 8, 10, 9, 11), (1, 2, 3, 4, 5, 9, 6, 7, 8, 10, 11), (2, 1, 3, 4, 6, 5, 9, 8, 11, 7, 10), (1, 2, 3, 4, 5, 6, 8, 7, 9, 11, 10), (2, 3, 5, 8, 4, 1, 6, 10, 7, 9, 11), (4, 1, 2, 3, 5, 6, 9, 7, 8, 11, 10), (6, 2, 3, 4, 8, 1, 7, 9, 11, 10, 5), (6, 2, 3, 8, 1, 4, 5, 11, 10, 7, 9), (1, 2, 3, 4, 5, 6, 7, 8, 9, 10, 11), (2, 1, 3, 6, 5, 4, 7, 10, 11, 9, 8), (1, 8, 2, 4, 6, 5, 3, 11, 9, 7, 10), (2, 1, 3, 4, 5, 6, 7, 8, 9, 10, 11), (5, 2, 1, 7, 4, 3, 6, 8, 9, 11, 10), (2, 3, 1, 5, 7, 4, 6, 9, 10, 8, 11), (2, 1, 3, 4, 9, 6, 5, 10, 7, 8, 11)}
M(AUB) = 
[[2, 1, 3, 4, 5, 6, 7, 8, 9, 10, 11]]
Distance:175

(30)
A = 
{(2, 1, 3, 5, 6, 4, 7, 8, 9, 10, 11), (4, 2, 5, 1, 6, 3, 7, 9, 8, 11, 10), (5, 7, 1, 2, 6, 3, 10, 4, 8, 9, 11), (4, 2, 1, 5, 3, 6, 8, 10, 7, 11, 9), (2, 1, 4, 5, 3, 6, 8, 9, 11, 7, 10), (2, 1, 3, 6, 4, 8, 5, 10, 7, 9, 11), (1, 2, 4, 5, 8, 3, 6, 11, 7, 9, 10), (1, 2, 4, 3, 5, 7, 6, 9, 11, 8, 10), (1, 9, 4, 5, 3, 2, 10, 6, 7, 8, 11), (3, 11, 1, 2, 4, 5, 8, 9, 7, 10, 6)}
M(A) = 
[[1, 2, 3, 4, 5, 6, 8, 7, 9, 10, 11], [1, 2, 3, 4, 5, 6, 7, 8, 9, 10, 11], [1, 2, 4, 3, 5, 6, 8, 7, 9, 10, 11], [1, 2, 4, 3, 5, 6, 7, 8, 9, 10, 11], [2, 1, 3, 4, 5, 6, 8, 7, 9, 10, 11], [2, 1, 3, 4, 5, 6, 7, 8, 9, 10, 11], [2, 1, 4, 3, 5, 6, 8, 7, 9, 10, 11], [2, 1, 4, 3, 5, 6, 7, 8, 9, 10, 11]]
Distance: 90
B = 
{(3, 5, 4, 2, 6, 1, 7, 9, 8, 11, 10), (2, 4, 1, 3, 9, 5, 8, 7, 6, 10, 11), (3, 1, 2, 5, 6, 7, 4, 10, 9, 11, 8), (1, 2, 4, 6, 3, 5, 9, 8, 7, 10, 11), (1, 3, 7, 2, 4, 6, 8, 10, 5, 9, 11), (2, 8, 1, 6, 3, 4, 7, 5, 10, 11, 9), (3, 1, 7, 4, 6, 2, 8, 10, 5, 11, 9), (4, 1, 2, 3, 6, 9, 5, 7, 11, 8, 10), (2, 3, 5, 1, 8, 6, 4, 7, 11, 9, 10), (2, 4, 1, 3, 5, 8, 10, 7, 9, 11, 6)}
M(B) = 
[[1, 2, 3, 4, 5, 6, 8, 7, 9, 10, 11], [1, 2, 3, 4, 5, 6, 7, 8, 9, 10, 11], [1, 2, 4, 3, 5, 6, 8, 7, 9, 10, 11], [1, 2, 4, 3, 5, 6, 7, 8, 9, 10, 11], [2, 1, 3, 4, 5, 6, 8, 7, 9, 10, 11], [2, 1, 3, 4, 5, 6, 7, 8, 9, 10, 11], [2, 1, 4, 3, 5, 6, 8, 7, 9, 10, 11], [2, 1, 4, 3, 5, 6, 7, 8, 9, 10, 11]]
Distance: 101
M(A) inter A:
set()
M(B) inter B:
set()

AUB = 
{(3, 5, 4, 2, 6, 1, 7, 9, 8, 11, 10), (2, 1, 3, 5, 6, 4, 7, 8, 9, 10, 11), (2, 4, 1, 3, 9, 5, 8, 7, 6, 10, 11), (4, 2, 5, 1, 6, 3, 7, 9, 8, 11, 10), (3, 1, 2, 5, 6, 7, 4, 10, 9, 11, 8), (5, 7, 1, 2, 6, 3, 10, 4, 8, 9, 11), (1, 2, 4, 6, 3, 5, 9, 8, 7, 10, 11), (1, 3, 7, 2, 4, 6, 8, 10, 5, 9, 11), (4, 2, 1, 5, 3, 6, 8, 10, 7, 11, 9), (2, 1, 4, 5, 3, 6, 8, 9, 11, 7, 10), (2, 1, 3, 6, 4, 8, 5, 10, 7, 9, 11), (2, 8, 1, 6, 3, 4, 7, 5, 10, 11, 9), (1, 2, 4, 5, 8, 3, 6, 11, 7, 9, 10), (3, 1, 7, 4, 6, 2, 8, 10, 5, 11, 9), (4, 1, 2, 3, 6, 9, 5, 7, 11, 8, 10), (2, 3, 5, 1, 8, 6, 4, 7, 11, 9, 10), (1, 2, 4, 3, 5, 7, 6, 9, 11, 8, 10), (1, 9, 4, 5, 3, 2, 10, 6, 7, 8, 11), (2, 4, 1, 3, 5, 8, 10, 7, 9, 11, 6), (3, 11, 1, 2, 4, 5, 8, 9, 7, 10, 6)}
M(AUB) = 
[[1, 2, 3, 4, 5, 6, 8, 7, 9, 10, 11], [1, 2, 3, 4, 5, 6, 7, 8, 9, 10, 11], [1, 2, 4, 3, 5, 6, 8, 7, 9, 10, 11], [1, 2, 4, 3, 5, 6, 7, 8, 9, 10, 11], [2, 1, 3, 4, 5, 6, 8, 7, 9, 10, 11], [2, 1, 3, 4, 5, 6, 7, 8, 9, 10, 11], [2, 1, 4, 3, 5, 6, 8, 7, 9, 10, 11], [2, 1, 4, 3, 5, 6, 7, 8, 9, 10, 11]]
Distance:195

(31)
A = 
{(1, 3, 4, 6, 2, 5, 8, 11, 9, 7, 10), (4, 2, 3, 1, 6, 7, 11, 8, 9, 10, 5), (3, 2, 1, 5, 4, 6, 11, 7, 8, 9, 10), (2, 4, 1, 3, 5, 6, 8, 10, 11, 9, 7), (1, 2, 4, 6, 3, 5, 9, 7, 8, 11, 10), (1, 2, 5, 3, 4, 9, 6, 10, 7, 8, 11), (1, 2, 5, 3, 6, 4, 8, 10, 9, 7, 11), (1, 2, 3, 5, 4, 8, 6, 7, 11, 9, 10), (1, 2, 3, 5, 4, 8, 6, 10, 11, 7, 9), (1, 2, 4, 10, 5, 3, 8, 7, 6, 11, 9)}
M(A) = 
[[1, 2, 3, 4, 5, 6, 8, 7, 9, 10, 11], [1, 2, 3, 4, 5, 6, 7, 8, 9, 10, 11], [1, 2, 4, 3, 5, 6, 8, 7, 9, 10, 11], [1, 2, 4, 3, 5, 6, 7, 8, 9, 10, 11]]
Distance: 78
B = 
{(4, 7, 3, 1, 5, 2, 8, 10, 6, 11, 9), (1, 2, 4, 3, 5, 8, 6, 9, 7, 11, 10), (3, 1, 5, 2, 8, 6, 4, 10, 11, 7, 9), (2, 6, 4, 5, 1, 8, 7, 9, 3, 11, 10), (6, 3, 4, 7, 10, 9, 1, 8, 2, 11, 5), (1, 4, 3, 7, 8, 2, 6, 10, 9, 11, 5), (1, 2, 3, 4, 5, 6, 7, 8, 9, 11, 10), (4, 8, 5, 1, 2, 3, 9, 7, 10, 11, 6), (4, 3, 1, 5, 11, 7, 6, 2, 8, 9, 10), (2, 7, 3, 1, 9, 5, 8, 6, 4, 10, 11)}
M(B) = 
[[1, 2, 3, 4, 5, 6, 8, 7, 9, 10, 11], [1, 2, 3, 4, 5, 6, 7, 8, 9, 10, 11], [1, 2, 4, 3, 5, 6, 8, 7, 9, 10, 11], [1, 2, 4, 3, 5, 6, 7, 8, 9, 10, 11]]
Distance: 128
M(A) inter A:
set()
M(B) inter B:
set()

AUB = 
{(4, 7, 3, 1, 5, 2, 8, 10, 6, 11, 9), (1, 3, 4, 6, 2, 5, 8, 11, 9, 7, 10), (1, 2, 4, 3, 5, 8, 6, 9, 7, 11, 10), (2, 7, 3, 1, 9, 5, 8, 6, 4, 10, 11), (4, 2, 3, 1, 6, 7, 11, 8, 9, 10, 5), (3, 2, 1, 5, 4, 6, 11, 7, 8, 9, 10), (3, 1, 5, 2, 8, 6, 4, 10, 11, 7, 9), (2, 6, 4, 5, 1, 8, 7, 9, 3, 11, 10), (2, 4, 1, 3, 5, 6, 8, 10, 11, 9, 7), (6, 3, 4, 7, 10, 9, 1, 8, 2, 11, 5), (1, 2, 4, 6, 3, 5, 9, 7, 8, 11, 10), (1, 2, 5, 3, 4, 9, 6, 10, 7, 8, 11), (1, 4, 3, 7, 8, 2, 6, 10, 9, 11, 5), (1, 2, 3, 4, 5, 6, 7, 8, 9, 11, 10), (4, 8, 5, 1, 2, 3, 9, 7, 10, 11, 6), (1, 2, 5, 3, 6, 4, 8, 10, 9, 7, 11), (1, 2, 3, 5, 4, 8, 6, 7, 11, 9, 10), (1, 2, 3, 5, 4, 8, 6, 10, 11, 7, 9), (4, 3, 1, 5, 11, 7, 6, 2, 8, 9, 10), (1, 2, 4, 10, 5, 3, 8, 7, 6, 11, 9)}
M(AUB) = 
[[1, 2, 3, 4, 5, 6, 8, 7, 9, 10, 11], [1, 2, 3, 4, 5, 6, 7, 8, 9, 10, 11], [1, 2, 4, 3, 5, 6, 8, 7, 9, 10, 11], [1, 2, 4, 3, 5, 6, 7, 8, 9, 10, 11]]
Distance:216

(32)
A = 
{(1, 3, 2, 4, 8, 10, 6, 5, 11, 7, 9), (7, 2, 1, 6, 8, 4, 3, 11, 5, 9, 10), (1, 3, 4, 7, 6, 5, 8, 9, 2, 11, 10), (5, 3, 2, 1, 8, 4, 7, 6, 9, 11, 10), (2, 1, 5, 3, 6, 4, 9, 7, 8, 11, 10), (3, 2, 4, 1, 7, 6, 5, 11, 9, 8, 10), (1, 3, 2, 6, 5, 4, 7, 9, 10, 8, 11), (1, 4, 2, 5, 3, 6, 8, 9, 10, 11, 7), (2, 1, 5, 3, 4, 7, 6, 8, 10, 11, 9), (2, 5, 3, 1, 10, 6, 4, 7, 8, 11, 9)}
M(A) = 
[[1, 2, 3, 4, 5, 6, 7, 8, 9, 10, 11]]
Distance: 98
B = 
{(1, 2, 5, 3, 4, 6, 11, 9, 8, 7, 10), (1, 2, 4, 3, 5, 8, 6, 7, 10, 11, 9), (1, 2, 3, 6, 4, 7, 11, 5, 8, 9, 10), (2, 4, 5, 6, 1, 7, 3, 10, 11, 8, 9), (2, 6, 7, 5, 1, 10, 4, 3, 9, 8, 11), (1, 2, 4, 5, 3, 6, 8, 9, 7, 10, 11), (1, 4, 2, 3, 8, 6, 5, 10, 11, 7, 9), (3, 5, 1, 2, 4, 10, 9, 7, 11, 8, 6), (4, 1, 2, 8, 7, 9, 3, 6, 5, 11, 10), (1, 2, 3, 4, 5, 6, 7, 8, 9, 10, 11)}
M(B) = 
[[1, 2, 3, 4, 5, 6, 7, 8, 9, 10, 11]]
Distance: 94
M(A) inter A:
set()
M(B) inter B:
set()

AUB = 
{(2, 5, 3, 1, 10, 6, 4, 7, 8, 11, 9), (1, 2, 5, 3, 4, 6, 11, 9, 8, 7, 10), (1, 2, 4, 3, 5, 8, 6, 7, 10, 11, 9), (1, 2, 3, 6, 4, 7, 11, 5, 8, 9, 10), (7, 2, 1, 6, 8, 4, 3, 11, 5, 9, 10), (1, 3, 4, 7, 6, 5, 8, 9, 2, 11, 10), (2, 4, 5, 6, 1, 7, 3, 10, 11, 8, 9), (5, 3, 2, 1, 8, 4, 7, 6, 9, 11, 10), (2, 6, 7, 5, 1, 10, 4, 3, 9, 8, 11), (2, 1, 5, 3, 6, 4, 9, 7, 8, 11, 10), (3, 2, 4, 1, 7, 6, 5, 11, 9, 8, 10), (1, 3, 2, 6, 5, 4, 7, 9, 10, 8, 11), (1, 2, 4, 5, 3, 6, 8, 9, 7, 10, 11), (1, 4, 2, 5, 3, 6, 8, 9, 10, 11, 7), (1, 4, 2, 3, 8, 6, 5, 10, 11, 7, 9), (3, 5, 1, 2, 4, 10, 9, 7, 11, 8, 6), (4, 1, 2, 8, 7, 9, 3, 6, 5, 11, 10), (1, 2, 3, 4, 5, 6, 7, 8, 9, 10, 11), (2, 1, 5, 3, 4, 7, 6, 8, 10, 11, 9), (1, 3, 2, 4, 8, 10, 6, 5, 11, 7, 9)}
M(AUB) = 
[[1, 2, 3, 4, 5, 6, 7, 8, 9, 10, 11]]
Distance:196

(33)
A = 
{(2, 3, 4, 5, 7, 8, 1, 11, 9, 6, 10), (5, 2, 1, 3, 6, 9, 4, 10, 7, 11, 8), (3, 2, 1, 6, 4, 8, 7, 5, 10, 11, 9), (7, 2, 5, 8, 1, 3, 4, 6, 11, 9, 10), (1, 2, 5, 3, 4, 8, 6, 10, 9, 7, 11), (4, 2, 1, 5, 8, 6, 3, 9, 10, 11, 7), (2, 1, 3, 7, 4, 5, 6, 8, 10, 9, 11), (2, 3, 1, 5, 4, 6, 8, 9, 10, 11, 7), (1, 2, 3, 4, 5, 6, 7, 8, 9, 10, 11), (2, 6, 1, 3, 4, 9, 5, 8, 7, 10, 11)}
M(A) = 
[[2, 1, 3, 4, 5, 6, 8, 9, 7, 10, 11]]
Distance: 84
B = 
{(5, 3, 1, 4, 2, 8, 9, 7, 6, 10, 11), (2, 3, 5, 4, 1, 10, 6, 8, 7, 9, 11), (3, 1, 2, 6, 5, 9, 4, 7, 10, 8, 11), (6, 1, 3, 2, 4, 8, 5, 9, 7, 10, 11), (1, 7, 2, 6, 4, 3, 8, 9, 11, 10, 5), (2, 1, 3, 6, 4, 5, 7, 11, 9, 10, 8), (2, 1, 3, 5, 4, 6, 8, 7, 10, 9, 11), (2, 1, 3, 4, 11, 5, 10, 6, 9, 8, 7), (4, 6, 2, 1, 3, 8, 10, 5, 9, 7, 11), (2, 3, 4, 1, 5, 6, 10, 11, 8, 9, 7)}
M(B) = 
[[2, 1, 3, 4, 5, 6, 8, 9, 7, 10, 11]]
Distance: 97
M(A) inter A:
set()
M(B) inter B:
set()

AUB = 
{(2, 3, 4, 5, 7, 8, 1, 11, 9, 6, 10), (5, 3, 1, 4, 2, 8, 9, 7, 6, 10, 11), (5, 2, 1, 3, 6, 9, 4, 10, 7, 11, 8), (2, 3, 5, 4, 1, 10, 6, 8, 7, 9, 11), (3, 2, 1, 6, 4, 8, 7, 5, 10, 11, 9), (3, 1, 2, 6, 5, 9, 4, 7, 10, 8, 11), (7, 2, 5, 8, 1, 3, 4, 6, 11, 9, 10), (6, 1, 3, 2, 4, 8, 5, 9, 7, 10, 11), (1, 2, 5, 3, 4, 8, 6, 10, 9, 7, 11), (1, 7, 2, 6, 4, 3, 8, 9, 11, 10, 5), (2, 1, 3, 6, 4, 5, 7, 11, 9, 10, 8), (4, 2, 1, 5, 8, 6, 3, 9, 10, 11, 7), (2, 1, 3, 7, 4, 5, 6, 8, 10, 9, 11), (2, 1, 3, 5, 4, 6, 8, 7, 10, 9, 11), (2, 1, 3, 4, 11, 5, 10, 6, 9, 8, 7), (4, 6, 2, 1, 3, 8, 10, 5, 9, 7, 11), (2, 3, 1, 5, 4, 6, 8, 9, 10, 11, 7), (1, 2, 3, 4, 5, 6, 7, 8, 9, 10, 11), (2, 6, 1, 3, 4, 9, 5, 8, 7, 10, 11), (2, 3, 4, 1, 5, 6, 10, 11, 8, 9, 7)}
M(AUB) = 
[[2, 1, 3, 4, 5, 6, 8, 9, 7, 10, 11]]
Distance:181

(34)
A = 
{(2, 1, 4, 3, 5, 6, 7, 8, 9, 11, 10), (2, 3, 1, 7, 4, 5, 6, 8, 9, 10, 11), (9, 2, 1, 5, 6, 4, 8, 7, 3, 11, 10), (2, 1, 4, 5, 7, 3, 6, 11, 8, 9, 10), (1, 2, 4, 5, 3, 6, 7, 9, 8, 10, 11), (2, 1, 4, 10, 6, 5, 9, 8, 7, 3, 11), (3, 1, 5, 2, 8, 4, 6, 10, 7, 9, 11), (1, 3, 6, 5, 7, 2, 11, 8, 4, 9, 10), (1, 4, 3, 9, 5, 8, 6, 10, 2, 11, 7), (1, 3, 2, 5, 4, 6, 8, 7, 9, 11, 10)}
M(A) = 
[[2, 1, 3, 4, 5, 6, 7, 8, 9, 10, 11], [2, 1, 3, 4, 5, 6, 7, 8, 9, 11, 10]]
Distance: 94
B = 
{(2, 1, 4, 5, 6, 7, 3, 8, 10, 9, 11), (1, 2, 5, 3, 7, 4, 8, 6, 10, 9, 11), (3, 1, 7, 4, 8, 6, 2, 10, 9, 11, 5), (2, 3, 1, 5, 7, 4, 11, 9, 8, 6, 10), (2, 1, 3, 6, 5, 4, 7, 11, 9, 8, 10), (2, 1, 3, 6, 4, 5, 8, 10, 7, 11, 9), (1, 2, 3, 6, 5, 8, 4, 7, 9, 11, 10), (5, 2, 3, 7, 6, 8, 1, 9, 4, 11, 10), (2, 1, 4, 3, 5, 7, 6, 10, 8, 11, 9), (1, 2, 6, 4, 3, 8, 5, 9, 7, 11, 10)}
M(B) = 
[[2, 1, 3, 4, 5, 6, 7, 8, 9, 10, 11], [2, 1, 3, 4, 5, 6, 7, 8, 9, 11, 10]]
Distance: 88
M(A) inter A:
set()
M(B) inter B:
set()

AUB = 
{(1, 2, 6, 4, 3, 8, 5, 9, 7, 11, 10), (2, 1, 4, 5, 6, 7, 3, 8, 10, 9, 11), (1, 2, 5, 3, 7, 4, 8, 6, 10, 9, 11), (2, 1, 4, 3, 5, 6, 7, 8, 9, 11, 10), (3, 1, 7, 4, 8, 6, 2, 10, 9, 11, 5), (2, 3, 1, 5, 7, 4, 11, 9, 8, 6, 10), (2, 1, 3, 6, 5, 4, 7, 11, 9, 8, 10), (2, 3, 1, 7, 4, 5, 6, 8, 9, 10, 11), (9, 2, 1, 5, 6, 4, 8, 7, 3, 11, 10), (2, 1, 4, 5, 7, 3, 6, 11, 8, 9, 10), (1, 2, 4, 5, 3, 6, 7, 9, 8, 10, 11), (2, 1, 3, 6, 4, 5, 8, 10, 7, 11, 9), (2, 1, 4, 10, 6, 5, 9, 8, 7, 3, 11), (1, 2, 3, 6, 5, 8, 4, 7, 9, 11, 10), (5, 2, 3, 7, 6, 8, 1, 9, 4, 11, 10), (3, 1, 5, 2, 8, 4, 6, 10, 7, 9, 11), (1, 3, 6, 5, 7, 2, 11, 8, 4, 9, 10), (1, 4, 3, 9, 5, 8, 6, 10, 2, 11, 7), (2, 1, 4, 3, 5, 7, 6, 10, 8, 11, 9), (1, 3, 2, 5, 4, 6, 8, 7, 9, 11, 10)}
M(AUB) = 
[[2, 1, 3, 4, 5, 6, 7, 8, 9, 10, 11], [2, 1, 3, 4, 5, 6, 7, 8, 9, 11, 10]]
Distance:184

(35)
A = 
{(1, 3, 2, 4, 5, 6, 7, 9, 10, 8, 11), (1, 2, 5, 6, 4, 3, 7, 9, 8, 10, 11), (2, 1, 3, 5, 6, 4, 7, 9, 8, 11, 10), (2, 7, 1, 3, 8, 10, 5, 6, 9, 11, 4), (1, 3, 2, 4, 5, 6, 7, 9, 8, 10, 11), (4, 2, 1, 9, 3, 5, 10, 6, 7, 8, 11), (3, 1, 4, 5, 2, 11, 7, 6, 8, 10, 9), (1, 5, 2, 3, 6, 4, 7, 8, 11, 9, 10), (2, 4, 1, 3, 7, 6, 5, 8, 11, 9, 10), (4, 2, 3, 1, 5, 7, 6, 10, 9, 8, 11)}
M(A) = 
[[1, 2, 3, 4, 5, 6, 7, 8, 9, 10, 11], [1, 2, 3, 4, 5, 6, 7, 8, 9, 11, 10], [1, 2, 3, 4, 5, 7, 6, 8, 9, 10, 11], [1, 2, 3, 4, 5, 7, 6, 8, 9, 11, 10], [2, 1, 3, 4, 5, 6, 7, 8, 9, 10, 11], [2, 1, 3, 4, 5, 6, 7, 8, 9, 11, 10], [2, 1, 3, 4, 5, 7, 6, 8, 9, 10, 11], [2, 1, 3, 4, 5, 7, 6, 8, 9, 11, 10]]
Distance: 77
B = 
{(2, 1, 4, 5, 7, 9, 6, 8, 3, 11, 10), (1, 5, 4, 3, 2, 6, 10, 7, 8, 11, 9), (1, 6, 3, 5, 4, 2, 9, 7, 8, 11, 10), (1, 7, 3, 6, 2, 8, 11, 5, 4, 10, 9), (3, 2, 1, 7, 5, 6, 4, 11, 8, 9, 10), (2, 4, 1, 8, 3, 5, 7, 11, 6, 10, 9), (2, 1, 6, 3, 9, 4, 5, 7, 11, 10, 8), (1, 2, 4, 3, 5, 7, 6, 8, 9, 10, 11), (3, 2, 1, 8, 6, 5, 4, 7, 10, 9, 11), (1, 3, 4, 5, 2, 7, 6, 8, 9, 10, 11)}
M(B) = 
[[1, 2, 3, 4, 5, 6, 7, 8, 9, 10, 11], [1, 2, 3, 4, 5, 6, 7, 8, 9, 11, 10], [1, 2, 3, 4, 5, 7, 6, 8, 9, 10, 11], [1, 2, 3, 4, 5, 7, 6, 8, 9, 11, 10], [2, 1, 3, 4, 5, 6, 7, 8, 9, 10, 11], [2, 1, 3, 4, 5, 6, 7, 8, 9, 11, 10], [2, 1, 3, 4, 5, 7, 6, 8, 9, 10, 11], [2, 1, 3, 4, 5, 7, 6, 8, 9, 11, 10]]
Distance: 94
M(A) inter A:
set()
M(B) inter B:
set()

AUB = 
{(1, 3, 2, 4, 5, 6, 7, 9, 10, 8, 11), (1, 2, 5, 6, 4, 3, 7, 9, 8, 10, 11), (2, 1, 4, 5, 7, 9, 6, 8, 3, 11, 10), (1, 5, 4, 3, 2, 6, 10, 7, 8, 11, 9), (2, 1, 3, 5, 6, 4, 7, 9, 8, 11, 10), (2, 7, 1, 3, 8, 10, 5, 6, 9, 11, 4), (1, 3, 2, 4, 5, 6, 7, 9, 8, 10, 11), (1, 6, 3, 5, 4, 2, 9, 7, 8, 11, 10), (1, 7, 3, 6, 2, 8, 11, 5, 4, 10, 9), (3, 2, 1, 7, 5, 6, 4, 11, 8, 9, 10), (2, 4, 1, 8, 3, 5, 7, 11, 6, 10, 9), (2, 1, 6, 3, 9, 4, 5, 7, 11, 10, 8), (1, 2, 4, 3, 5, 7, 6, 8, 9, 10, 11), (4, 2, 1, 9, 3, 5, 10, 6, 7, 8, 11), (3, 1, 4, 5, 2, 11, 7, 6, 8, 10, 9), (1, 5, 2, 3, 6, 4, 7, 8, 11, 9, 10), (2, 4, 1, 3, 7, 6, 5, 8, 11, 9, 10), (4, 2, 3, 1, 5, 7, 6, 10, 9, 8, 11), (3, 2, 1, 8, 6, 5, 4, 7, 10, 9, 11), (1, 3, 4, 5, 2, 7, 6, 8, 9, 10, 11)}
M(AUB) = 
[[1, 2, 3, 4, 5, 6, 7, 8, 9, 10, 11], [1, 2, 3, 4, 5, 6, 7, 8, 9, 11, 10], [1, 2, 3, 4, 5, 7, 6, 8, 9, 10, 11], [1, 2, 3, 4, 5, 7, 6, 8, 9, 11, 10], [2, 1, 3, 4, 5, 6, 7, 8, 9, 10, 11], [2, 1, 3, 4, 5, 6, 7, 8, 9, 11, 10], [2, 1, 3, 4, 5, 7, 6, 8, 9, 10, 11], [2, 1, 3, 4, 5, 7, 6, 8, 9, 11, 10]]
Distance:179

(36)
A = 
{(2, 3, 1, 4, 5, 6, 8, 7, 9, 11, 10), (3, 2, 1, 4, 7, 6, 5, 10, 9, 8, 11), (3, 1, 2, 4, 6, 7, 10, 5, 8, 9, 11), (3, 1, 5, 6, 8, 2, 4, 11, 7, 9, 10), (3, 4, 2, 10, 7, 1, 6, 8, 5, 9, 11), (1, 2, 3, 4, 5, 6, 7, 8, 9, 11, 10), (3, 5, 4, 6, 7, 2, 1, 9, 11, 8, 10), (2, 1, 3, 4, 5, 6, 7, 8, 9, 10, 11), (4, 3, 2, 1, 6, 8, 5, 9, 7, 10, 11), (2, 3, 4, 1, 7, 5, 6, 8, 9, 11, 10)}
M(A) = 
[[3, 1, 2, 4, 5, 6, 7, 8, 9, 10, 11]]
Distance: 69
B = 
{(1, 3, 2, 4, 5, 6, 8, 7, 11, 10, 9), (2, 1, 4, 6, 3, 7, 10, 5, 9, 8, 11), (4, 3, 8, 2, 5, 1, 6, 10, 7, 9, 11), (1, 6, 3, 2, 7, 4, 9, 5, 10, 11, 8), (1, 5, 2, 3, 7, 6, 8, 4, 9, 11, 10), (3, 1, 2, 6, 5, 4, 9, 8, 10, 7, 11), (4, 1, 3, 2, 5, 6, 7, 11, 9, 8, 10), (1, 2, 4, 3, 6, 5, 9, 7, 8, 11, 10), (1, 2, 3, 4, 5, 6, 7, 8, 9, 11, 10), (4, 1, 6, 5, 3, 2, 10, 8, 9, 11, 7)}
M(B) = 
[[3, 1, 2, 4, 5, 6, 7, 8, 9, 10, 11]]
Distance: 83
M(A) inter A:
set()
M(B) inter B:
set()

AUB = 
{(1, 3, 2, 4, 5, 6, 8, 7, 11, 10, 9), (2, 1, 4, 6, 3, 7, 10, 5, 9, 8, 11), (4, 3, 8, 2, 5, 1, 6, 10, 7, 9, 11), (2, 3, 1, 4, 5, 6, 8, 7, 9, 11, 10), (3, 2, 1, 4, 7, 6, 5, 10, 9, 8, 11), (3, 1, 2, 4, 6, 7, 10, 5, 8, 9, 11), (1, 6, 3, 2, 7, 4, 9, 5, 10, 11, 8), (3, 1, 5, 6, 8, 2, 4, 11, 7, 9, 10), (1, 5, 2, 3, 7, 6, 8, 4, 9, 11, 10), (3, 1, 2, 6, 5, 4, 9, 8, 10, 7, 11), (4, 1, 3, 2, 5, 6, 7, 11, 9, 8, 10), (3, 4, 2, 10, 7, 1, 6, 8, 5, 9, 11), (1, 2, 4, 3, 6, 5, 9, 7, 8, 11, 10), (1, 2, 3, 4, 5, 6, 7, 8, 9, 11, 10), (3, 5, 4, 6, 7, 2, 1, 9, 11, 8, 10), (2, 1, 3, 4, 5, 6, 7, 8, 9, 10, 11), (4, 3, 2, 1, 6, 8, 5, 9, 7, 10, 11), (4, 1, 6, 5, 3, 2, 10, 8, 9, 11, 7), (2, 3, 4, 1, 7, 5, 6, 8, 9, 11, 10)}
M(AUB) = 
[[3, 1, 2, 4, 5, 6, 7, 8, 9, 10, 11]]
Distance:159

(37)
A = 
{(5, 1, 4, 3, 2, 9, 8, 6, 7, 10, 11), (2, 1, 3, 4, 6, 5, 7, 8, 9, 10, 11), (2, 6, 1, 7, 3, 8, 5, 9, 10, 4, 11), (1, 4, 2, 9, 3, 6, 5, 7, 8, 10, 11), (4, 5, 3, 1, 8, 2, 7, 9, 10, 11, 6), (3, 1, 4, 5, 2, 6, 7, 8, 11, 9, 10), (2, 3, 1, 6, 4, 5, 8, 7, 9, 10, 11), (3, 1, 2, 5, 10, 6, 4, 8, 11, 7, 9), (1, 2, 3, 4, 5, 6, 7, 8, 9, 10, 11), (1, 2, 4, 3, 5, 7, 8, 6, 10, 9, 11)}
M(A) = 
[[1, 2, 3, 4, 6, 5, 7, 8, 9, 10, 11]]
Distance: 77
B = 
{(1, 4, 2, 7, 3, 6, 8, 5, 11, 9, 10), (3, 1, 2, 6, 4, 7, 5, 9, 10, 8, 11), (2, 1, 3, 6, 11, 5, 4, 8, 10, 9, 7), (2, 3, 5, 1, 4, 6, 7, 10, 8, 11, 9), (6, 2, 3, 5, 4, 7, 8, 11, 10, 1, 9), (4, 1, 3, 7, 2, 5, 10, 9, 6, 8, 11), (4, 1, 2, 3, 5, 6, 7, 9, 11, 8, 10), (1, 4, 3, 6, 2, 5, 7, 9, 10, 11, 8), (1, 2, 3, 4, 6, 7, 5, 9, 8, 10, 11), (1, 2, 3, 4, 5, 6, 7, 8, 9, 10, 11)}
M(B) = 
[[1, 2, 3, 4, 6, 5, 7, 8, 9, 10, 11]]
Distance: 81
M(A) inter A:
set()
M(B) inter B:
set()

AUB = 
{(1, 4, 2, 7, 3, 6, 8, 5, 11, 9, 10), (3, 1, 2, 6, 4, 7, 5, 9, 10, 8, 11), (5, 1, 4, 3, 2, 9, 8, 6, 7, 10, 11), (2, 1, 3, 4, 6, 5, 7, 8, 9, 10, 11), (2, 1, 3, 6, 11, 5, 4, 8, 10, 9, 7), (2, 6, 1, 7, 3, 8, 5, 9, 10, 4, 11), (1, 4, 2, 9, 3, 6, 5, 7, 8, 10, 11), (2, 3, 5, 1, 4, 6, 7, 10, 8, 11, 9), (6, 2, 3, 5, 4, 7, 8, 11, 10, 1, 9), (4, 1, 3, 7, 2, 5, 10, 9, 6, 8, 11), (4, 1, 2, 3, 5, 6, 7, 9, 11, 8, 10), (1, 4, 3, 6, 2, 5, 7, 9, 10, 11, 8), (4, 5, 3, 1, 8, 2, 7, 9, 10, 11, 6), (3, 1, 4, 5, 2, 6, 7, 8, 11, 9, 10), (2, 3, 1, 6, 4, 5, 8, 7, 9, 10, 11), (3, 1, 2, 5, 10, 6, 4, 8, 11, 7, 9), (1, 2, 3, 4, 5, 6, 7, 8, 9, 10, 11), (1, 2, 4, 3, 5, 7, 8, 6, 10, 9, 11), (1, 2, 3, 4, 6, 7, 5, 9, 8, 10, 11)}
M(AUB) = 
[[1, 2, 3, 4, 6, 5, 7, 8, 9, 10, 11]]
Distance:159

(38)
A = 
{(2, 1, 9, 5, 4, 3, 8, 6, 10, 7, 11), (1, 3, 4, 5, 2, 6, 8, 7, 9, 11, 10), (1, 2, 4, 7, 5, 11, 6, 8, 9, 10, 3), (2, 1, 3, 7, 6, 5, 11, 8, 10, 9, 4), (2, 1, 3, 5, 4, 6, 7, 8, 9, 10, 11), (3, 2, 4, 1, 5, 8, 7, 9, 6, 11, 10), (1, 2, 4, 7, 5, 6, 9, 3, 8, 11, 10), (1, 2, 6, 4, 3, 8, 7, 9, 5, 11, 10), (3, 2, 1, 4, 8, 10, 5, 6, 7, 11, 9), (5, 1, 2, 6, 7, 3, 8, 4, 11, 10, 9)}
M(A) = 
[[2, 1, 3, 4, 5, 6, 7, 8, 9, 11, 10]]
Distance: 95
B = 
{(2, 8, 4, 1, 5, 3, 6, 9, 11, 7, 10), (3, 2, 1, 5, 7, 6, 9, 4, 10, 8, 11), (1, 2, 3, 4, 6, 7, 5, 8, 10, 11, 9), (2, 4, 3, 7, 1, 6, 5, 8, 11, 9, 10), (1, 2, 5, 3, 4, 6, 7, 8, 10, 9, 11), (3, 2, 1, 4, 5, 6, 8, 7, 11, 9, 10), (4, 2, 1, 5, 3, 6, 9, 10, 7, 8, 11), (1, 3, 2, 5, 4, 7, 10, 6, 11, 8, 9), (3, 5, 2, 1, 6, 8, 7, 4, 9, 11, 10), (1, 4, 2, 3, 5, 6, 7, 8, 9, 10, 11)}
M(B) = 
[[2, 1, 3, 4, 5, 6, 7, 8, 9, 11, 10]]
Distance: 74
M(A) inter A:
set()
M(B) inter B:
set()

AUB = 
{(2, 8, 4, 1, 5, 3, 6, 9, 11, 7, 10), (1, 4, 2, 3, 5, 6, 7, 8, 9, 10, 11), (3, 2, 1, 5, 7, 6, 9, 4, 10, 8, 11), (1, 2, 3, 4, 6, 7, 5, 8, 10, 11, 9), (2, 4, 3, 7, 1, 6, 5, 8, 11, 9, 10), (2, 1, 9, 5, 4, 3, 8, 6, 10, 7, 11), (1, 2, 5, 3, 4, 6, 7, 8, 10, 9, 11), (1, 3, 4, 5, 2, 6, 8, 7, 9, 11, 10), (1, 2, 4, 7, 5, 11, 6, 8, 9, 10, 3), (3, 2, 1, 4, 5, 6, 8, 7, 11, 9, 10), (2, 1, 3, 7, 6, 5, 11, 8, 10, 9, 4), (2, 1, 3, 5, 4, 6, 7, 8, 9, 10, 11), (4, 2, 1, 5, 3, 6, 9, 10, 7, 8, 11), (1, 3, 2, 5, 4, 7, 10, 6, 11, 8, 9), (3, 2, 4, 1, 5, 8, 7, 9, 6, 11, 10), (1, 2, 4, 7, 5, 6, 9, 3, 8, 11, 10), (3, 5, 2, 1, 6, 8, 7, 4, 9, 11, 10), (1, 2, 6, 4, 3, 8, 7, 9, 5, 11, 10), (3, 2, 1, 4, 8, 10, 5, 6, 7, 11, 9), (5, 1, 2, 6, 7, 3, 8, 4, 11, 10, 9)}
M(AUB) = 
[[2, 1, 3, 4, 5, 6, 7, 8, 9, 11, 10]]
Distance:171

(39)
A = 
{(2, 3, 5, 1, 6, 7, 10, 8, 11, 4, 9), (6, 2, 1, 4, 5, 7, 10, 3, 9, 8, 11), (2, 3, 1, 7, 6, 4, 8, 5, 9, 10, 11), (2, 4, 5, 3, 1, 7, 6, 8, 9, 11, 10), (4, 2, 5, 1, 3, 7, 6, 10, 9, 11, 8), (1, 3, 2, 4, 5, 6, 7, 10, 8, 9, 11), (2, 3, 1, 8, 4, 7, 5, 10, 9, 6, 11), (1, 2, 3, 4, 5, 6, 7, 8, 9, 10, 11), (1, 2, 3, 6, 4, 7, 8, 5, 10, 11, 9), (1, 2, 4, 3, 5, 6, 7, 8, 9, 10, 11)}
M(A) = 
[[1, 2, 3, 4, 5, 6, 7, 8, 9, 10, 11], [2, 1, 3, 4, 5, 6, 7, 8, 9, 10, 11]]
Distance: 69
B = 
{(2, 6, 1, 5, 3, 9, 7, 11, 8, 4, 10), (1, 4, 5, 2, 9, 6, 3, 7, 11, 10, 8), (5, 1, 10, 4, 2, 7, 6, 3, 9, 11, 8), (1, 3, 5, 4, 6, 8, 2, 7, 9, 11, 10), (1, 2, 3, 4, 5, 7, 6, 8, 9, 11, 10), (3, 2, 5, 7, 1, 4, 9, 11, 6, 8, 10), (1, 2, 3, 5, 4, 6, 7, 8, 9, 10, 11), (3, 2, 5, 1, 4, 7, 8, 6, 11, 9, 10), (1, 4, 2, 3, 5, 6, 7, 9, 8, 11, 10), (2, 1, 4, 3, 5, 6, 7, 9, 8, 11, 10)}
M(B) = 
[[1, 2, 3, 4, 5, 6, 7, 8, 9, 10, 11], [2, 1, 3, 4, 5, 6, 7, 8, 9, 10, 11]]
Distance: 76
M(A) inter A:
set()
M(B) inter B:
set()

AUB = 
{(2, 1, 4, 3, 5, 6, 7, 9, 8, 11, 10), (2, 6, 1, 5, 3, 9, 7, 11, 8, 4, 10), (2, 3, 5, 1, 6, 7, 10, 8, 11, 4, 9), (1, 4, 5, 2, 9, 6, 3, 7, 11, 10, 8), (6, 2, 1, 4, 5, 7, 10, 3, 9, 8, 11), (5, 1, 10, 4, 2, 7, 6, 3, 9, 11, 8), (1, 3, 5, 4, 6, 8, 2, 7, 9, 11, 10), (1, 2, 3, 4, 5, 7, 6, 8, 9, 11, 10), (2, 3, 1, 7, 6, 4, 8, 5, 9, 10, 11), (2, 4, 5, 3, 1, 7, 6, 8, 9, 11, 10), (4, 2, 5, 1, 3, 7, 6, 10, 9, 11, 8), (1, 3, 2, 4, 5, 6, 7, 10, 8, 9, 11), (2, 3, 1, 8, 4, 7, 5, 10, 9, 6, 11), (1, 2, 3, 4, 5, 6, 7, 8, 9, 10, 11), (3, 2, 5, 7, 1, 4, 9, 11, 6, 8, 10), (1, 2, 3, 5, 4, 6, 7, 8, 9, 10, 11), (3, 2, 5, 1, 4, 7, 8, 6, 11, 9, 10), (1, 2, 3, 6, 4, 7, 8, 5, 10, 11, 9), (1, 4, 2, 3, 5, 6, 7, 9, 8, 11, 10), (1, 2, 4, 3, 5, 6, 7, 8, 9, 10, 11)}
M(AUB) = 
[[1, 2, 3, 4, 5, 6, 7, 8, 9, 10, 11], [2, 1, 3, 4, 5, 6, 7, 8, 9, 10, 11]]
Distance:159

(40)
A = 
{(2, 1, 4, 3, 5, 7, 8, 11, 6, 10, 9), (2, 4, 1, 6, 3, 5, 7, 8, 10, 11, 9), (1, 3, 7, 5, 4, 2, 8, 6, 10, 11, 9), (1, 2, 8, 3, 4, 6, 5, 9, 10, 7, 11), (1, 2, 3, 4, 5, 7, 6, 8, 11, 9, 10), (1, 2, 4, 3, 5, 6, 8, 9, 11, 7, 10), (1, 3, 2, 6, 5, 7, 4, 10, 9, 8, 11), (3, 1, 5, 4, 7, 6, 10, 2, 11, 8, 9), (1, 2, 4, 5, 3, 6, 7, 9, 11, 8, 10), (1, 2, 3, 4, 5, 6, 7, 8, 9, 10, 11)}
M(A) = 
[[1, 2, 3, 4, 5, 6, 7, 8, 9, 10, 11]]
Distance: 68
B = 
{(2, 7, 3, 5, 1, 6, 8, 9, 4, 10, 11), (2, 7, 1, 6, 3, 5, 4, 8, 9, 11, 10), (7, 4, 2, 1, 3, 5, 9, 10, 11, 8, 6), (3, 2, 5, 4, 1, 8, 6, 7, 10, 11, 9), (2, 1, 3, 4, 6, 7, 5, 9, 10, 8, 11), (1, 2, 3, 4, 5, 6, 7, 8, 9, 11, 10), (3, 1, 2, 6, 5, 4, 8, 11, 10, 7, 9), (1, 2, 3, 4, 5, 6, 7, 8, 9, 10, 11), (3, 1, 4, 8, 2, 5, 6, 11, 10, 7, 9), (2, 3, 4, 1, 7, 9, 6, 10, 5, 8, 11)}
M(B) = 
[[1, 2, 3, 4, 5, 6, 7, 8, 9, 10, 11]]
Distance: 88
M(A) inter A:
set()
M(B) inter B:
set()

AUB = 
{(2, 1, 4, 3, 5, 7, 8, 11, 6, 10, 9), (2, 4, 1, 6, 3, 5, 7, 8, 10, 11, 9), (1, 3, 7, 5, 4, 2, 8, 6, 10, 11, 9), (1, 2, 8, 3, 4, 6, 5, 9, 10, 7, 11), (1, 2, 3, 4, 5, 7, 6, 8, 11, 9, 10), (1, 2, 4, 3, 5, 6, 8, 9, 11, 7, 10), (2, 7, 3, 5, 1, 6, 8, 9, 4, 10, 11), (2, 7, 1, 6, 3, 5, 4, 8, 9, 11, 10), (7, 4, 2, 1, 3, 5, 9, 10, 11, 8, 6), (3, 2, 5, 4, 1, 8, 6, 7, 10, 11, 9), (1, 3, 2, 6, 5, 7, 4, 10, 9, 8, 11), (2, 1, 3, 4, 6, 7, 5, 9, 10, 8, 11), (3, 1, 5, 4, 7, 6, 10, 2, 11, 8, 9), (1, 2, 3, 4, 5, 6, 7, 8, 9, 11, 10), (1, 2, 4, 5, 3, 6, 7, 9, 11, 8, 10), (1, 2, 3, 4, 5, 6, 7, 8, 9, 10, 11), (3, 1, 2, 6, 5, 4, 8, 11, 10, 7, 9), (3, 1, 4, 8, 2, 5, 6, 11, 10, 7, 9), (2, 3, 4, 1, 7, 9, 6, 10, 5, 8, 11)}
M(AUB) = 
[[1, 2, 3, 4, 5, 6, 7, 8, 9, 10, 11]]
Distance:158

(41)
A = 
{(1, 7, 6, 11, 3, 5, 2, 9, 4, 8, 10), (2, 1, 4, 5, 3, 10, 9, 7, 6, 11, 8), (1, 3, 2, 4, 9, 7, 8, 6, 5, 10, 11), (3, 5, 2, 1, 6, 4, 9, 7, 11, 8, 10), (1, 2, 4, 5, 3, 7, 6, 8, 10, 11, 9), (1, 4, 2, 3, 5, 6, 10, 9, 7, 11, 8), (2, 1, 3, 4, 5, 7, 6, 8, 9, 10, 11), (1, 2, 3, 4, 7, 5, 6, 8, 9, 10, 11), (1, 3, 2, 4, 6, 7, 8, 5, 9, 10, 11), (2, 1, 3, 4, 7, 6, 5, 8, 10, 9, 11)}
M(A) = 
[[1, 2, 3, 4, 5, 6, 7, 8, 9, 10, 11], [1, 2, 3, 4, 5, 7, 6, 8, 9, 10, 11], [2, 1, 3, 4, 5, 6, 7, 8, 9, 10, 11], [2, 1, 3, 4, 5, 7, 6, 8, 9, 10, 11]]
Distance: 76
B = 
{(4, 2, 3, 1, 6, 5, 7, 8, 9, 10, 11), (1, 5, 2, 3, 6, 4, 8, 7, 10, 11, 9), (1, 2, 3, 4, 8, 6, 9, 11, 5, 10, 7), (2, 1, 5, 3, 4, 6, 7, 8, 11, 10, 9), (2, 4, 5, 1, 6, 3, 10, 7, 11, 9, 8), (1, 2, 4, 5, 9, 3, 7, 11, 8, 6, 10), (1, 5, 2, 4, 6, 3, 8, 11, 9, 10, 7), (3, 2, 1, 6, 8, 5, 4, 10, 11, 7, 9), (2, 1, 3, 7, 4, 8, 6, 10, 11, 5, 9), (5, 2, 1, 4, 3, 7, 6, 9, 8, 10, 11)}
M(B) = 
[[1, 2, 3, 4, 5, 6, 7, 8, 9, 10, 11], [1, 2, 3, 4, 5, 7, 6, 8, 9, 10, 11], [2, 1, 3, 4, 5, 6, 7, 8, 9, 10, 11], [2, 1, 3, 4, 5, 7, 6, 8, 9, 10, 11]]
Distance: 89
M(A) inter A:
set()
M(B) inter B:
set()

AUB = 
{(4, 2, 3, 1, 6, 5, 7, 8, 9, 10, 11), (1, 7, 6, 11, 3, 5, 2, 9, 4, 8, 10), (2, 1, 4, 5, 3, 10, 9, 7, 6, 11, 8), (1, 5, 2, 3, 6, 4, 8, 7, 10, 11, 9), (1, 2, 3, 4, 8, 6, 9, 11, 5, 10, 7), (1, 3, 2, 4, 9, 7, 8, 6, 5, 10, 11), (3, 5, 2, 1, 6, 4, 9, 7, 11, 8, 10), (2, 1, 5, 3, 4, 6, 7, 8, 11, 10, 9), (1, 2, 4, 5, 3, 7, 6, 8, 10, 11, 9), (2, 4, 5, 1, 6, 3, 10, 7, 11, 9, 8), (1, 2, 4, 5, 9, 3, 7, 11, 8, 6, 10), (1, 5, 2, 4, 6, 3, 8, 11, 9, 10, 7), (1, 4, 2, 3, 5, 6, 10, 9, 7, 11, 8), (2, 1, 3, 4, 5, 7, 6, 8, 9, 10, 11), (3, 2, 1, 6, 8, 5, 4, 10, 11, 7, 9), (1, 2, 3, 4, 7, 5, 6, 8, 9, 10, 11), (2, 1, 3, 7, 4, 8, 6, 10, 11, 5, 9), (1, 3, 2, 4, 6, 7, 8, 5, 9, 10, 11), (2, 1, 3, 4, 7, 6, 5, 8, 10, 9, 11), (5, 2, 1, 4, 3, 7, 6, 9, 8, 10, 11)}
M(AUB) = 
[[1, 2, 3, 4, 5, 6, 7, 8, 9, 10, 11], [1, 2, 3, 4, 5, 7, 6, 8, 9, 10, 11], [2, 1, 3, 4, 5, 6, 7, 8, 9, 10, 11], [2, 1, 3, 4, 5, 7, 6, 8, 9, 10, 11]]
Distance:175

(42)
A = 
{(1, 4, 6, 9, 3, 2, 7, 5, 8, 10, 11), (2, 3, 6, 4, 1, 7, 10, 8, 5, 11, 9), (1, 2, 3, 4, 6, 5, 8, 11, 7, 9, 10), (2, 7, 3, 4, 8, 1, 5, 6, 11, 10, 9), (3, 2, 5, 1, 7, 4, 6, 9, 10, 8, 11), (3, 1, 4, 7, 2, 11, 5, 10, 9, 8, 6), (4, 5, 2, 8, 1, 3, 6, 9, 10, 11, 7), (5, 2, 3, 1, 4, 6, 8, 10, 11, 9, 7), (4, 1, 3, 7, 2, 6, 9, 5, 8, 10, 11), (5, 1, 7, 2, 6, 11, 4, 10, 3, 8, 9)}
M(A) = 
[[1, 3, 2, 4, 5, 6, 7, 8, 10, 11, 9], [3, 1, 2, 4, 5, 6, 7, 8, 10, 11, 9]]
Distance: 122
B = 
{(3, 1, 2, 4, 5, 6, 7, 8, 9, 10, 11), (2, 1, 4, 5, 6, 3, 8, 11, 7, 10, 9), (1, 3, 4, 5, 2, 6, 8, 7, 10, 11, 9), (3, 7, 1, 8, 4, 2, 5, 10, 11, 6, 9), (1, 2, 4, 3, 5, 6, 7, 11, 8, 10, 9), (3, 1, 2, 4, 5, 7, 6, 8, 10, 9, 11), (2, 4, 1, 8, 3, 6, 5, 7, 11, 9, 10), (3, 6, 1, 2, 7, 5, 4, 9, 11, 8, 10), (3, 1, 10, 5, 6, 4, 2, 8, 7, 9, 11), (1, 3, 2, 4, 7, 5, 6, 8, 9, 10, 11)}
M(B) = 
[[1, 3, 2, 4, 5, 6, 7, 8, 10, 11, 9], [3, 1, 2, 4, 5, 6, 7, 8, 10, 11, 9]]
Distance: 76
M(A) inter A:
set()
M(B) inter B:
set()

AUB = 
{(1, 4, 6, 9, 3, 2, 7, 5, 8, 10, 11), (2, 3, 6, 4, 1, 7, 10, 8, 5, 11, 9), (3, 1, 2, 4, 5, 6, 7, 8, 9, 10, 11), (2, 1, 4, 5, 6, 3, 8, 11, 7, 10, 9), (1, 3, 4, 5, 2, 6, 8, 7, 10, 11, 9), (3, 7, 1, 8, 4, 2, 5, 10, 11, 6, 9), (1, 2, 3, 4, 6, 5, 8, 11, 7, 9, 10), (1, 2, 4, 3, 5, 6, 7, 11, 8, 10, 9), (3, 1, 2, 4, 5, 7, 6, 8, 10, 9, 11), (2, 4, 1, 8, 3, 6, 5, 7, 11, 9, 10), (2, 7, 3, 4, 8, 1, 5, 6, 11, 10, 9), (3, 2, 5, 1, 7, 4, 6, 9, 10, 8, 11), (3, 1, 4, 7, 2, 11, 5, 10, 9, 8, 6), (4, 5, 2, 8, 1, 3, 6, 9, 10, 11, 7), (5, 2, 3, 1, 4, 6, 8, 10, 11, 9, 7), (4, 1, 3, 7, 2, 6, 9, 5, 8, 10, 11), (5, 1, 7, 2, 6, 11, 4, 10, 3, 8, 9), (3, 6, 1, 2, 7, 5, 4, 9, 11, 8, 10), (3, 1, 10, 5, 6, 4, 2, 8, 7, 9, 11), (1, 3, 2, 4, 7, 5, 6, 8, 9, 10, 11)}
M(AUB) = 
[[1, 3, 2, 4, 5, 6, 7, 8, 10, 11, 9], [3, 1, 2, 4, 5, 6, 7, 8, 10, 11, 9]]
Distance:200

(43)
A = 
{(1, 3, 5, 6, 4, 8, 7, 2, 11, 9, 10), (7, 2, 5, 1, 8, 6, 4, 9, 3, 10, 11), (1, 2, 7, 5, 6, 3, 4, 11, 9, 8, 10), (1, 4, 2, 3, 8, 9, 6, 7, 5, 10, 11), (2, 1, 6, 3, 4, 5, 7, 11, 10, 9, 8), (1, 3, 5, 2, 4, 7, 6, 9, 8, 11, 10), (1, 3, 2, 6, 4, 5, 11, 7, 9, 10, 8), (6, 1, 3, 2, 8, 7, 5, 4, 11, 9, 10), (1, 2, 3, 6, 5, 4, 8, 7, 10, 9, 11), (2, 3, 1, 4, 5, 8, 7, 6, 10, 9, 11)}
M(A) = 
[[1, 2, 3, 4, 5, 6, 7, 8, 9, 10, 11], [1, 2, 3, 4, 5, 6, 7, 8, 9, 11, 10], [1, 2, 3, 4, 5, 6, 7, 8, 11, 9, 10]]
Distance: 92
B = 
{(3, 1, 6, 4, 5, 2, 7, 8, 11, 9, 10), (4, 1, 2, 5, 6, 3, 7, 10, 9, 11, 8), (1, 2, 3, 4, 5, 7, 6, 8, 9, 11, 10), (1, 2, 3, 5, 4, 7, 9, 6, 8, 10, 11), (7, 4, 2, 3, 11, 6, 5, 1, 8, 9, 10), (2, 1, 3, 4, 5, 9, 6, 7, 8, 10, 11), (4, 1, 2, 3, 11, 9, 8, 6, 10, 7, 5), (1, 2, 3, 7, 5, 6, 10, 8, 4, 11, 9), (1, 3, 2, 4, 7, 8, 5, 6, 9, 10, 11), (1, 2, 5, 4, 3, 6, 7, 10, 11, 8, 9)}
M(B) = 
[[1, 2, 3, 4, 5, 6, 7, 8, 9, 10, 11], [1, 2, 3, 4, 5, 6, 7, 8, 9, 11, 10], [1, 2, 3, 4, 5, 6, 7, 8, 11, 9, 10]]
Distance: 90
M(A) inter A:
set()
M(B) inter B:
set()

AUB = 
{(1, 3, 5, 6, 4, 8, 7, 2, 11, 9, 10), (7, 2, 5, 1, 8, 6, 4, 9, 3, 10, 11), (1, 2, 7, 5, 6, 3, 4, 11, 9, 8, 10), (3, 1, 6, 4, 5, 2, 7, 8, 11, 9, 10), (1, 4, 2, 3, 8, 9, 6, 7, 5, 10, 11), (4, 1, 2, 5, 6, 3, 7, 10, 9, 11, 8), (2, 1, 6, 3, 4, 5, 7, 11, 10, 9, 8), (1, 2, 3, 4, 5, 7, 6, 8, 9, 11, 10), (1, 3, 5, 2, 4, 7, 6, 9, 8, 11, 10), (1, 2, 3, 5, 4, 7, 9, 6, 8, 10, 11), (1, 3, 2, 6, 4, 5, 11, 7, 9, 10, 8), (7, 4, 2, 3, 11, 6, 5, 1, 8, 9, 10), (6, 1, 3, 2, 8, 7, 5, 4, 11, 9, 10), (2, 1, 3, 4, 5, 9, 6, 7, 8, 10, 11), (1, 2, 3, 6, 5, 4, 8, 7, 10, 9, 11), (4, 1, 2, 3, 11, 9, 8, 6, 10, 7, 5), (2, 3, 1, 4, 5, 8, 7, 6, 10, 9, 11), (1, 2, 3, 7, 5, 6, 10, 8, 4, 11, 9), (1, 3, 2, 4, 7, 8, 5, 6, 9, 10, 11), (1, 2, 5, 4, 3, 6, 7, 10, 11, 8, 9)}
M(AUB) = 
[[1, 2, 3, 4, 5, 6, 7, 8, 9, 10, 11], [1, 2, 3, 4, 5, 6, 7, 8, 9, 11, 10], [1, 2, 3, 4, 5, 6, 7, 8, 11, 9, 10]]
Distance:190

(44)
A = 
{(4, 2, 3, 6, 1, 8, 11, 7, 10, 5, 9), (1, 3, 4, 2, 6, 7, 5, 8, 11, 9, 10), (2, 1, 4, 5, 3, 8, 6, 9, 11, 7, 10), (2, 5, 4, 1, 3, 6, 10, 8, 9, 7, 11), (7, 4, 1, 3, 6, 11, 2, 8, 5, 9, 10), (1, 2, 4, 3, 6, 7, 9, 5, 10, 8, 11), (1, 2, 3, 4, 5, 6, 10, 8, 7, 11, 9), (1, 2, 5, 3, 6, 4, 7, 8, 9, 10, 11), (1, 3, 6, 2, 4, 8, 7, 5, 10, 9, 11), (1, 2, 3, 4, 8, 5, 10, 7, 11, 9, 6)}
M(A) = 
[[1, 2, 3, 4, 5, 6, 7, 8, 9, 10, 11]]
Distance: 89
B = 
{(3, 1, 2, 5, 4, 6, 7, 9, 8, 10, 11), (3, 1, 5, 2, 6, 4, 7, 8, 9, 11, 10), (1, 2, 4, 3, 6, 5, 7, 8, 9, 11, 10), (3, 1, 5, 6, 2, 4, 8, 7, 9, 11, 10), (2, 1, 3, 4, 5, 6, 7, 9, 8, 10, 11), (2, 3, 1, 4, 5, 6, 7, 9, 8, 10, 11), (1, 4, 3, 2, 6, 8, 5, 9, 7, 11, 10), (1, 2, 3, 4, 5, 6, 7, 8, 9, 10, 11), (3, 1, 2, 4, 5, 6, 7, 9, 10, 8, 11), (1, 3, 7, 4, 6, 2, 5, 8, 9, 10, 11)}
M(B) = 
[[1, 2, 3, 4, 5, 6, 7, 8, 9, 10, 11]]
Distance: 44
M(A) inter A:
set()
M(B) inter B:
set()

AUB = 
{(3, 1, 2, 5, 4, 6, 7, 9, 8, 10, 11), (3, 1, 5, 2, 6, 4, 7, 8, 9, 11, 10), (4, 2, 3, 6, 1, 8, 11, 7, 10, 5, 9), (1, 3, 4, 2, 6, 7, 5, 8, 11, 9, 10), (2, 1, 4, 5, 3, 8, 6, 9, 11, 7, 10), (2, 5, 4, 1, 3, 6, 10, 8, 9, 7, 11), (1, 2, 4, 3, 6, 5, 7, 8, 9, 11, 10), (3, 1, 5, 6, 2, 4, 8, 7, 9, 11, 10), (7, 4, 1, 3, 6, 11, 2, 8, 5, 9, 10), (2, 1, 3, 4, 5, 6, 7, 9, 8, 10, 11), (1, 2, 4, 3, 6, 7, 9, 5, 10, 8, 11), (1, 2, 3, 4, 5, 6, 10, 8, 7, 11, 9), (1, 2, 5, 3, 6, 4, 7, 8, 9, 10, 11), (2, 3, 1, 4, 5, 6, 7, 9, 8, 10, 11), (1, 4, 3, 2, 6, 8, 5, 9, 7, 11, 10), (1, 2, 3, 4, 5, 6, 7, 8, 9, 10, 11), (1, 3, 6, 2, 4, 8, 7, 5, 10, 9, 11), (3, 1, 2, 4, 5, 6, 7, 9, 10, 8, 11), (1, 3, 7, 4, 6, 2, 5, 8, 9, 10, 11), (1, 2, 3, 4, 8, 5, 10, 7, 11, 9, 6)}
M(AUB) = 
[[1, 2, 3, 4, 5, 6, 7, 8, 9, 10, 11]]
Distance:137

(45)
A = 
{(1, 2, 4, 7, 9, 5, 10, 3, 6, 8, 11), (1, 2, 3, 4, 5, 7, 6, 8, 9, 10, 11), (2, 3, 4, 1, 5, 6, 7, 8, 9, 10, 11), (3, 4, 5, 6, 2, 8, 7, 1, 10, 11, 9), (1, 4, 2, 6, 3, 5, 7, 9, 11, 8, 10), (1, 2, 4, 3, 8, 5, 6, 7, 10, 11, 9), (1, 5, 4, 2, 6, 3, 7, 11, 8, 10, 9), (3, 6, 1, 7, 4, 2, 8, 5, 9, 10, 11), (1, 3, 2, 8, 6, 4, 5, 9, 11, 10, 7), (1, 2, 7, 4, 3, 6, 10, 9, 5, 8, 11)}
M(A) = 
[[1, 2, 3, 4, 5, 6, 7, 8, 9, 10, 11], [1, 2, 3, 4, 6, 5, 7, 8, 9, 10, 11]]
Distance: 86
B = 
{(1, 6, 4, 3, 5, 2, 8, 7, 10, 11, 9), (1, 2, 3, 6, 5, 7, 4, 8, 10, 11, 9), (3, 2, 1, 5, 9, 7, 11, 4, 8, 10, 6), (2, 3, 1, 5, 4, 10, 7, 8, 6, 9, 11), (1, 2, 6, 4, 3, 8, 7, 5, 9, 10, 11), (4, 2, 1, 9, 5, 10, 8, 3, 11, 7, 6), (3, 4, 6, 1, 9, 2, 5, 11, 8, 10, 7), (2, 4, 3, 8, 1, 6, 5, 7, 11, 9, 10), (1, 3, 2, 5, 4, 7, 8, 6, 10, 11, 9), (3, 1, 6, 2, 5, 4, 8, 7, 11, 9, 10)}
M(B) = 
[[1, 2, 3, 4, 5, 6, 7, 8, 9, 10, 11], [1, 2, 3, 4, 6, 5, 7, 8, 9, 10, 11]]
Distance: 107
M(A) inter A:
set()
M(B) inter B:
set()

AUB = 
{(1, 3, 2, 5, 4, 7, 8, 6, 10, 11, 9), (1, 2, 4, 7, 9, 5, 10, 3, 6, 8, 11), (1, 6, 4, 3, 5, 2, 8, 7, 10, 11, 9), (1, 2, 3, 6, 5, 7, 4, 8, 10, 11, 9), (3, 1, 6, 2, 5, 4, 8, 7, 11, 9, 10), (3, 2, 1, 5, 9, 7, 11, 4, 8, 10, 6), (1, 2, 3, 4, 5, 7, 6, 8, 9, 10, 11), (2, 3, 1, 5, 4, 10, 7, 8, 6, 9, 11), (2, 3, 4, 1, 5, 6, 7, 8, 9, 10, 11), (3, 4, 5, 6, 2, 8, 7, 1, 10, 11, 9), (1, 2, 6, 4, 3, 8, 7, 5, 9, 10, 11), (1, 4, 2, 6, 3, 5, 7, 9, 11, 8, 10), (4, 2, 1, 9, 5, 10, 8, 3, 11, 7, 6), (3, 4, 6, 1, 9, 2, 5, 11, 8, 10, 7), (1, 2, 4, 3, 8, 5, 6, 7, 10, 11, 9), (1, 5, 4, 2, 6, 3, 7, 11, 8, 10, 9), (3, 6, 1, 7, 4, 2, 8, 5, 9, 10, 11), (1, 3, 2, 8, 6, 4, 5, 9, 11, 10, 7), (1, 2, 7, 4, 3, 6, 10, 9, 5, 8, 11), (2, 4, 3, 8, 1, 6, 5, 7, 11, 9, 10)}
M(AUB) = 
[[1, 2, 3, 4, 5, 6, 7, 8, 9, 10, 11], [1, 2, 3, 4, 6, 5, 7, 8, 9, 10, 11]]
Distance:197

(46)
A = 
{(1, 2, 4, 3, 5, 6, 7, 8, 10, 9, 11), (1, 3, 2, 8, 4, 6, 5, 7, 9, 10, 11), (3, 8, 2, 1, 7, 4, 5, 9, 11, 6, 10), (3, 1, 5, 8, 4, 6, 7, 9, 2, 10, 11), (2, 3, 1, 5, 4, 6, 7, 11, 10, 9, 8), (1, 3, 2, 4, 5, 6, 7, 8, 9, 11, 10), (1, 2, 3, 4, 8, 5, 6, 7, 9, 11, 10), (1, 2, 5, 7, 4, 3, 6, 8, 10, 11, 9), (6, 1, 4, 2, 5, 7, 3, 8, 9, 11, 10), (7, 1, 3, 4, 2, 9, 5, 10, 6, 8, 11)}
M(A) = 
[[1, 2, 3, 4, 5, 6, 7, 8, 9, 10, 11]]
Distance: 81
B = 
{(1, 3, 7, 2, 4, 8, 11, 5, 10, 6, 9), (2, 4, 5, 3, 6, 1, 7, 9, 8, 10, 11), (1, 3, 2, 5, 6, 7, 4, 8, 9, 10, 11), (1, 4, 2, 3, 7, 8, 5, 6, 10, 9, 11), (1, 3, 5, 4, 2, 11, 8, 6, 7, 9, 10), (2, 1, 3, 6, 7, 4, 5, 10, 11, 9, 8), (2, 5, 3, 4, 1, 6, 9, 8, 11, 7, 10), (2, 3, 4, 1, 6, 5, 10, 9, 8, 11, 7), (1, 2, 3, 4, 5, 6, 7, 8, 9, 10, 11), (7, 1, 3, 4, 2, 8, 5, 10, 9, 11, 6)}
M(B) = 
[[1, 2, 3, 4, 5, 6, 7, 8, 9, 10, 11]]
Distance: 89
M(A) inter A:
set()
M(B) inter B:
{(1, 2, 3, 4, 5, 6, 7, 8, 9, 10, 11)}

AUB = 
{(1, 3, 7, 2, 4, 8, 11, 5, 10, 6, 9), (2, 4, 5, 3, 6, 1, 7, 9, 8, 10, 11), (1, 3, 2, 5, 6, 7, 4, 8, 9, 10, 11), (1, 2, 4, 3, 5, 6, 7, 8, 10, 9, 11), (1, 4, 2, 3, 7, 8, 5, 6, 10, 9, 11), (1, 3, 5, 4, 2, 11, 8, 6, 7, 9, 10), (1, 3, 2, 8, 4, 6, 5, 7, 9, 10, 11), (3, 8, 2, 1, 7, 4, 5, 9, 11, 6, 10), (2, 1, 3, 6, 7, 4, 5, 10, 11, 9, 8), (3, 1, 5, 8, 4, 6, 7, 9, 2, 10, 11), (2, 3, 1, 5, 4, 6, 7, 11, 10, 9, 8), (1, 3, 2, 4, 5, 6, 7, 8, 9, 11, 10), (2, 5, 3, 4, 1, 6, 9, 8, 11, 7, 10), (2, 3, 4, 1, 6, 5, 10, 9, 8, 11, 7), (1, 2, 3, 4, 8, 5, 6, 7, 9, 11, 10), (1, 2, 5, 7, 4, 3, 6, 8, 10, 11, 9), (6, 1, 4, 2, 5, 7, 3, 8, 9, 11, 10), (7, 1, 3, 4, 2, 9, 5, 10, 6, 8, 11), (1, 2, 3, 4, 5, 6, 7, 8, 9, 10, 11), (7, 1, 3, 4, 2, 8, 5, 10, 9, 11, 6)}
M(AUB) = 
[[1, 2, 3, 4, 5, 6, 7, 8, 9, 10, 11]]
Distance:170

(47)
A = 
{(2, 4, 3, 1, 6, 10, 8, 9, 7, 5, 11), (1, 2, 3, 4, 6, 5, 7, 8, 11, 10, 9), (4, 1, 7, 6, 5, 10, 2, 11, 3, 8, 9), (3, 1, 5, 7, 4, 9, 2, 6, 8, 11, 10), (2, 4, 5, 1, 7, 6, 10, 9, 3, 11, 8), (1, 2, 6, 3, 8, 4, 7, 5, 11, 9, 10), (1, 2, 3, 4, 8, 5, 6, 9, 7, 10, 11), (1, 5, 3, 6, 2, 9, 8, 4, 11, 10, 7), (5, 2, 1, 3, 9, 7, 10, 4, 6, 8, 11), (3, 1, 4, 2, 5, 7, 9, 6, 8, 11, 10)}
M(A) = 
[[1, 2, 3, 4, 5, 6, 7, 8, 9, 10, 11]]
Distance: 111
B = 
{(2, 4, 1, 6, 3, 5, 7, 8, 11, 9, 10), (1, 5, 3, 6, 2, 8, 7, 4, 10, 9, 11), (1, 2, 4, 3, 8, 7, 5, 10, 9, 11, 6), (1, 7, 2, 11, 5, 3, 8, 4, 9, 6, 10), (4, 1, 3, 2, 10, 5, 6, 8, 7, 11, 9), (1, 2, 3, 4, 5, 6, 7, 8, 9, 10, 11), (2, 3, 1, 8, 4, 6, 7, 9, 5, 10, 11), (1, 4, 2, 5, 6, 3, 7, 8, 11, 9, 10), (2, 1, 4, 3, 7, 6, 9, 8, 5, 11, 10), (1, 3, 2, 4, 6, 5, 7, 8, 9, 10, 11)}
M(B) = 
[[1, 2, 3, 4, 5, 6, 7, 8, 9, 10, 11]]
Distance: 81
M(A) inter A:
set()
M(B) inter B:
{(1, 2, 3, 4, 5, 6, 7, 8, 9, 10, 11)}

AUB = 
{(1, 3, 2, 4, 6, 5, 7, 8, 9, 10, 11), (2, 4, 1, 6, 3, 5, 7, 8, 11, 9, 10), (2, 4, 3, 1, 6, 10, 8, 9, 7, 5, 11), (1, 5, 3, 6, 2, 8, 7, 4, 10, 9, 11), (1, 2, 3, 4, 6, 5, 7, 8, 11, 10, 9), (1, 2, 4, 3, 8, 7, 5, 10, 9, 11, 6), (4, 1, 7, 6, 5, 10, 2, 11, 3, 8, 9), (1, 7, 2, 11, 5, 3, 8, 4, 9, 6, 10), (3, 1, 5, 7, 4, 9, 2, 6, 8, 11, 10), (2, 4, 5, 1, 7, 6, 10, 9, 3, 11, 8), (4, 1, 3, 2, 10, 5, 6, 8, 7, 11, 9), (1, 2, 6, 3, 8, 4, 7, 5, 11, 9, 10), (1, 2, 3, 4, 5, 6, 7, 8, 9, 10, 11), (1, 2, 3, 4, 8, 5, 6, 9, 7, 10, 11), (2, 3, 1, 8, 4, 6, 7, 9, 5, 10, 11), (1, 5, 3, 6, 2, 9, 8, 4, 11, 10, 7), (1, 4, 2, 5, 6, 3, 7, 8, 11, 9, 10), (5, 2, 1, 3, 9, 7, 10, 4, 6, 8, 11), (3, 1, 4, 2, 5, 7, 9, 6, 8, 11, 10), (2, 1, 4, 3, 7, 6, 9, 8, 5, 11, 10)}
M(AUB) = 
[[1, 2, 3, 4, 5, 6, 7, 8, 9, 10, 11]]
Distance:192

(48)
A = 
{(2, 1, 4, 3, 5, 6, 7, 8, 9, 11, 10), (1, 3, 2, 4, 6, 11, 10, 5, 9, 7, 8), (3, 2, 1, 4, 10, 5, 6, 7, 11, 9, 8), (2, 1, 5, 3, 8, 4, 7, 6, 10, 11, 9), (1, 6, 7, 3, 10, 4, 2, 8, 5, 9, 11), (2, 4, 1, 6, 3, 7, 8, 5, 10, 9, 11), (1, 4, 3, 2, 6, 5, 7, 8, 10, 11, 9), (3, 6, 1, 8, 4, 2, 7, 5, 11, 9, 10), (1, 2, 3, 5, 4, 6, 9, 10, 8, 7, 11), (1, 5, 2, 4, 3, 7, 6, 8, 9, 10, 11)}
M(A) = 
[[1, 2, 3, 4, 5, 6, 7, 8, 9, 10, 11], [1, 2, 3, 4, 5, 6, 7, 8, 10, 9, 11], [1, 2, 3, 4, 6, 5, 7, 8, 9, 10, 11], [1, 2, 3, 4, 6, 5, 7, 8, 10, 9, 11]]
Distance: 89
B = 
{(3, 2, 1, 4, 6, 10, 5, 7, 11, 8, 9), (1, 4, 3, 2, 6, 5, 9, 10, 8, 7, 11), (4, 1, 2, 6, 7, 3, 10, 8, 9, 5, 11), (2, 1, 3, 4, 7, 6, 5, 9, 8, 10, 11), (2, 1, 9, 4, 3, 8, 7, 6, 11, 5, 10), (1, 2, 3, 5, 4, 9, 7, 6, 8, 10, 11), (4, 2, 3, 7, 1, 5, 10, 6, 8, 11, 9), (3, 1, 2, 4, 5, 7, 9, 6, 8, 10, 11), (2, 3, 1, 4, 5, 6, 8, 7, 10, 9, 11), (1, 2, 3, 4, 5, 7, 8, 6, 11, 9, 10)}
M(B) = 
[[1, 2, 3, 4, 5, 6, 7, 8, 9, 10, 11], [1, 2, 3, 4, 5, 6, 7, 8, 10, 9, 11], [1, 2, 3, 4, 6, 5, 7, 8, 9, 10, 11], [1, 2, 3, 4, 6, 5, 7, 8, 10, 9, 11]]
Distance: 80
M(A) inter A:
set()
M(B) inter B:
set()

AUB = 
{(2, 1, 4, 3, 5, 6, 7, 8, 9, 11, 10), (3, 2, 1, 4, 6, 10, 5, 7, 11, 8, 9), (1, 3, 2, 4, 6, 11, 10, 5, 9, 7, 8), (1, 4, 3, 2, 6, 5, 9, 10, 8, 7, 11), (3, 2, 1, 4, 10, 5, 6, 7, 11, 9, 8), (4, 1, 2, 6, 7, 3, 10, 8, 9, 5, 11), (2, 1, 3, 4, 7, 6, 5, 9, 8, 10, 11), (2, 1, 5, 3, 8, 4, 7, 6, 10, 11, 9), (2, 1, 9, 4, 3, 8, 7, 6, 11, 5, 10), (1, 6, 7, 3, 10, 4, 2, 8, 5, 9, 11), (1, 2, 3, 5, 4, 9, 7, 6, 8, 10, 11), (2, 4, 1, 6, 3, 7, 8, 5, 10, 9, 11), (1, 4, 3, 2, 6, 5, 7, 8, 10, 11, 9), (3, 6, 1, 8, 4, 2, 7, 5, 11, 9, 10), (1, 2, 3, 5, 4, 6, 9, 10, 8, 7, 11), (4, 2, 3, 7, 1, 5, 10, 6, 8, 11, 9), (3, 1, 2, 4, 5, 7, 9, 6, 8, 10, 11), (2, 3, 1, 4, 5, 6, 8, 7, 10, 9, 11), (1, 5, 2, 4, 3, 7, 6, 8, 9, 10, 11), (1, 2, 3, 4, 5, 7, 8, 6, 11, 9, 10)}
M(AUB) = 
[[1, 2, 3, 4, 5, 6, 7, 8, 9, 10, 11], [1, 2, 3, 4, 5, 6, 7, 8, 10, 9, 11], [1, 2, 3, 4, 6, 5, 7, 8, 9, 10, 11], [1, 2, 3, 4, 6, 5, 7, 8, 10, 9, 11]]
Distance:173

(49)
A = 
{(2, 3, 1, 5, 6, 4, 9, 7, 11, 8, 10), (1, 2, 4, 5, 3, 11, 7, 6, 8, 10, 9), (3, 1, 4, 5, 2, 7, 8, 6, 9, 11, 10), (6, 4, 1, 3, 2, 9, 5, 7, 8, 10, 11), (4, 1, 2, 6, 3, 7, 5, 9, 10, 11, 8), (1, 7, 2, 5, 4, 3, 8, 10, 6, 9, 11), (3, 2, 4, 1, 8, 7, 6, 9, 10, 11, 5), (3, 4, 2, 1, 9, 11, 5, 7, 10, 8, 6), (1, 4, 2, 3, 6, 7, 5, 9, 8, 10, 11), (5, 2, 1, 4, 6, 8, 7, 3, 11, 10, 9)}
M(A) = 
[[1, 2, 3, 4, 5, 6, 7, 8, 10, 9, 11], [1, 2, 4, 3, 5, 6, 7, 8, 10, 9, 11], [2, 1, 3, 4, 5, 6, 7, 8, 10, 9, 11], [2, 1, 4, 3, 5, 6, 7, 8, 10, 9, 11]]
Distance: 103
B = 
{(1, 2, 3, 5, 4, 10, 9, 7, 8, 6, 11), (6, 3, 2, 5, 1, 4, 7, 10, 11, 8, 9), (2, 1, 4, 6, 10, 5, 3, 9, 7, 11, 8), (4, 5, 1, 3, 10, 8, 7, 2, 11, 9, 6), (1, 3, 4, 5, 2, 7, 8, 6, 11, 10, 9), (1, 2, 3, 5, 4, 6, 7, 9, 8, 11, 10), (4, 2, 1, 5, 10, 11, 6, 8, 3, 7, 9), (6, 2, 1, 5, 3, 7, 4, 10, 8, 11, 9), (3, 4, 2, 1, 5, 6, 8, 11, 9, 10, 7), (2, 1, 6, 4, 5, 3, 10, 8, 9, 11, 7)}
M(B) = 
[[1, 2, 3, 4, 5, 6, 7, 8, 10, 9, 11], [1, 2, 4, 3, 5, 6, 7, 8, 10, 9, 11], [2, 1, 3, 4, 5, 6, 7, 8, 10, 9, 11], [2, 1, 4, 3, 5, 6, 7, 8, 10, 9, 11]]
Distance: 105
M(A) inter A:
set()
M(B) inter B:
set()

AUB = 
{(1, 2, 3, 5, 4, 10, 9, 7, 8, 6, 11), (2, 3, 1, 5, 6, 4, 9, 7, 11, 8, 10), (6, 3, 2, 5, 1, 4, 7, 10, 11, 8, 9), (2, 1, 4, 6, 10, 5, 3, 9, 7, 11, 8), (1, 2, 4, 5, 3, 11, 7, 6, 8, 10, 9), (3, 1, 4, 5, 2, 7, 8, 6, 9, 11, 10), (4, 5, 1, 3, 10, 8, 7, 2, 11, 9, 6), (1, 3, 4, 5, 2, 7, 8, 6, 11, 10, 9), (6, 4, 1, 3, 2, 9, 5, 7, 8, 10, 11), (4, 1, 2, 6, 3, 7, 5, 9, 10, 11, 8), (1, 2, 3, 5, 4, 6, 7, 9, 8, 11, 10), (4, 2, 1, 5, 10, 11, 6, 8, 3, 7, 9), (1, 7, 2, 5, 4, 3, 8, 10, 6, 9, 11), (3, 2, 4, 1, 8, 7, 6, 9, 10, 11, 5), (3, 4, 2, 1, 9, 11, 5, 7, 10, 8, 6), (6, 2, 1, 5, 3, 7, 4, 10, 8, 11, 9), (3, 4, 2, 1, 5, 6, 8, 11, 9, 10, 7), (1, 4, 2, 3, 6, 7, 5, 9, 8, 10, 11), (2, 1, 6, 4, 5, 3, 10, 8, 9, 11, 7), (5, 2, 1, 4, 6, 8, 7, 3, 11, 10, 9)}
M(AUB) = 
[[1, 2, 3, 4, 5, 6, 7, 8, 10, 9, 11], [1, 2, 4, 3, 5, 6, 7, 8, 10, 9, 11], [2, 1, 3, 4, 5, 6, 7, 8, 10, 9, 11], [2, 1, 4, 3, 5, 6, 7, 8, 10, 9, 11]]
Distance:224

