(0)
A = 
{(2, 3, 1, 5, 4, 6, 7, 9, 8, 10, 11), (1, 4, 5, 3, 8, 2, 6, 10, 9, 7, 11), (1, 3, 2, 4, 7, 6, 5, 8, 9, 10, 11), (3, 2, 1, 6, 4, 5, 8, 7, 9, 10, 11), (3, 5, 1, 2, 4, 8, 9, 6, 10, 7, 11)}
M(A) = 
[[1, 3, 2, 4, 5, 6, 7, 8, 9, 10, 11], [1, 3, 2, 4, 5, 7, 6, 8, 9, 10, 11], [3, 1, 2, 4, 5, 6, 7, 8, 9, 10, 11], [3, 1, 2, 4, 5, 7, 6, 8, 9, 10, 11]]
Distance: 30
B = 
{(1, 3, 7, 5, 2, 8, 4, 10, 6, 9, 11), (2, 1, 3, 4, 5, 6, 8, 7, 9, 10, 11), (3, 2, 5, 4, 1, 10, 9, 7, 6, 8, 11), (4, 3, 1, 7, 6, 2, 9, 5, 10, 8, 11), (1, 3, 4, 2, 7, 5, 9, 6, 8, 10, 11)}
M(B) = 
[[1, 3, 2, 4, 5, 6, 7, 8, 9, 10, 11], [1, 3, 2, 4, 5, 7, 6, 8, 9, 10, 11], [3, 1, 2, 4, 5, 6, 7, 8, 9, 10, 11], [3, 1, 2, 4, 5, 7, 6, 8, 9, 10, 11]]
Distance: 38
M(A) inter A:
set()
M(B) inter B:
set()

AUB = 
{(2, 1, 3, 4, 5, 6, 8, 7, 9, 10, 11), (1, 3, 2, 4, 7, 6, 5, 8, 9, 10, 11), (3, 2, 1, 6, 4, 5, 8, 7, 9, 10, 11), (3, 5, 1, 2, 4, 8, 9, 6, 10, 7, 11), (4, 3, 1, 7, 6, 2, 9, 5, 10, 8, 11), (2, 3, 1, 5, 4, 6, 7, 9, 8, 10, 11), (1, 3, 7, 5, 2, 8, 4, 10, 6, 9, 11), (1, 3, 4, 2, 7, 5, 9, 6, 8, 10, 11), (1, 4, 5, 3, 8, 2, 6, 10, 9, 7, 11), (3, 2, 5, 4, 1, 10, 9, 7, 6, 8, 11)}
M(AUB) = 
[[1, 3, 2, 4, 5, 6, 7, 8, 9, 10, 11], [1, 3, 2, 4, 5, 7, 6, 8, 9, 10, 11], [3, 1, 2, 4, 5, 6, 7, 8, 9, 10, 11], [3, 1, 2, 4, 5, 7, 6, 8, 9, 10, 11]]
Distance:75

(1)
A = 
{(1, 2, 5, 3, 4, 7, 8, 9, 6, 10, 11), (2, 4, 3, 1, 7, 5, 9, 8, 10, 11, 6), (2, 3, 1, 7, 11, 4, 6, 5, 10, 8, 9), (4, 1, 3, 2, 7, 8, 9, 5, 11, 6, 10), (1, 2, 3, 4, 5, 6, 7, 8, 9, 10, 11)}
M(A) = 
[[1, 2, 3, 4, 7, 6, 5, 8, 9, 10, 11], [1, 2, 3, 4, 7, 6, 5, 8, 9, 11, 10], [1, 2, 3, 4, 7, 6, 5, 9, 8, 10, 11], [1, 2, 3, 4, 7, 6, 5, 9, 8, 11, 10]]
Distance: 36
B = 
{(3, 1, 2, 6, 4, 7, 9, 5, 11, 8, 10), (4, 3, 1, 7, 6, 2, 11, 8, 5, 9, 10), (1, 4, 2, 3, 10, 6, 9, 5, 7, 8, 11), (1, 2, 3, 4, 6, 10, 5, 9, 8, 7, 11), (2, 3, 1, 4, 7, 6, 5, 9, 8, 11, 10)}
M(B) = 
[[1, 2, 3, 4, 7, 6, 5, 8, 9, 10, 11], [1, 2, 3, 4, 7, 6, 5, 8, 9, 11, 10], [1, 2, 3, 4, 7, 6, 5, 9, 8, 10, 11], [1, 2, 3, 4, 7, 6, 5, 9, 8, 11, 10]]
Distance: 40
M(A) inter A:
set()
M(B) inter B:
set()

AUB = 
{(2, 4, 3, 1, 7, 5, 9, 8, 10, 11, 6), (2, 3, 1, 7, 11, 4, 6, 5, 10, 8, 9), (4, 3, 1, 7, 6, 2, 11, 8, 5, 9, 10), (2, 3, 1, 4, 7, 6, 5, 9, 8, 11, 10), (4, 1, 3, 2, 7, 8, 9, 5, 11, 6, 10), (1, 2, 3, 4, 6, 10, 5, 9, 8, 7, 11), (1, 2, 3, 4, 5, 6, 7, 8, 9, 10, 11), (3, 1, 2, 6, 4, 7, 9, 5, 11, 8, 10), (1, 4, 2, 3, 10, 6, 9, 5, 7, 8, 11), (1, 2, 5, 3, 4, 7, 8, 9, 6, 10, 11)}
M(AUB) = 
[[1, 2, 3, 4, 7, 6, 5, 8, 9, 10, 11], [1, 2, 3, 4, 7, 6, 5, 8, 9, 11, 10], [1, 2, 3, 4, 7, 6, 5, 9, 8, 10, 11], [1, 2, 3, 4, 7, 6, 5, 9, 8, 11, 10]]
Distance:86

(2)
A = 
{(2, 3, 4, 1, 7, 6, 11, 5, 9, 10, 8), (1, 3, 2, 4, 5, 6, 8, 7, 9, 10, 11), (1, 2, 4, 3, 6, 5, 7, 9, 8, 11, 10), (3, 2, 6, 4, 1, 8, 7, 10, 5, 9, 11), (1, 2, 3, 4, 5, 6, 7, 8, 10, 11, 9)}
M(A) = 
[[1, 2, 3, 4, 5, 6, 7, 8, 9, 10, 11], [1, 2, 3, 4, 5, 6, 7, 8, 9, 11, 10], [2, 1, 3, 4, 5, 6, 7, 8, 9, 10, 11], [2, 1, 3, 4, 5, 6, 7, 8, 9, 11, 10]]
Distance: 31
B = 
{(3, 2, 7, 1, 4, 5, 9, 6, 11, 10, 8), (2, 1, 3, 4, 5, 6, 7, 8, 9, 11, 10), (5, 1, 2, 7, 3, 4, 8, 6, 9, 10, 11), (1, 3, 2, 6, 4, 5, 7, 10, 8, 9, 11), (4, 2, 1, 5, 3, 9, 11, 7, 6, 8, 10)}
M(B) = 
[[1, 2, 3, 4, 5, 6, 7, 8, 9, 10, 11], [1, 2, 3, 4, 5, 6, 7, 8, 9, 11, 10], [2, 1, 3, 4, 5, 6, 7, 8, 9, 10, 11], [2, 1, 3, 4, 5, 6, 7, 8, 9, 11, 10]]
Distance: 37
M(A) inter A:
set()
M(B) inter B:
set()

AUB = 
{(4, 2, 1, 5, 3, 9, 11, 7, 6, 8, 10), (3, 2, 6, 4, 1, 8, 7, 10, 5, 9, 11), (1, 2, 3, 4, 5, 6, 7, 8, 10, 11, 9), (1, 3, 2, 6, 4, 5, 7, 10, 8, 9, 11), (3, 2, 7, 1, 4, 5, 9, 6, 11, 10, 8), (2, 3, 4, 1, 7, 6, 11, 5, 9, 10, 8), (1, 3, 2, 4, 5, 6, 8, 7, 9, 10, 11), (1, 2, 4, 3, 6, 5, 7, 9, 8, 11, 10), (2, 1, 3, 4, 5, 6, 7, 8, 9, 11, 10), (5, 1, 2, 7, 3, 4, 8, 6, 9, 10, 11)}
M(AUB) = 
[[1, 2, 3, 4, 5, 6, 7, 8, 9, 10, 11], [1, 2, 3, 4, 5, 6, 7, 8, 9, 11, 10], [2, 1, 3, 4, 5, 6, 7, 8, 9, 10, 11], [2, 1, 3, 4, 5, 6, 7, 8, 9, 11, 10]]
Distance:72

(3)
A = 
{(2, 1, 3, 4, 6, 5, 10, 7, 8, 9, 11), (1, 6, 2, 3, 5, 4, 10, 8, 9, 11, 7), (1, 2, 3, 4, 5, 8, 6, 7, 9, 11, 10), (1, 2, 3, 4, 7, 5, 9, 8, 11, 10, 6), (2, 3, 1, 5, 4, 7, 11, 8, 6, 10, 9)}
M(A) = 
[[1, 2, 3, 4, 5, 6, 7, 8, 10, 9, 11]]
Distance: 36
B = 
{(2, 7, 1, 9, 4, 3, 6, 5, 8, 11, 10), (1, 3, 2, 5, 4, 6, 8, 7, 11, 10, 9), (2, 5, 1, 3, 6, 4, 7, 8, 10, 9, 11), (3, 4, 6, 1, 10, 7, 8, 9, 2, 5, 11), (1, 4, 2, 3, 5, 6, 8, 7, 9, 10, 11)}
M(B) = 
[[1, 2, 3, 4, 5, 6, 7, 8, 10, 9, 11]]
Distance: 46
M(A) inter A:
set()
M(B) inter B:
set()

AUB = 
{(1, 3, 2, 5, 4, 6, 8, 7, 11, 10, 9), (2, 5, 1, 3, 6, 4, 7, 8, 10, 9, 11), (3, 4, 6, 1, 10, 7, 8, 9, 2, 5, 11), (1, 6, 2, 3, 5, 4, 10, 8, 9, 11, 7), (1, 4, 2, 3, 5, 6, 8, 7, 9, 10, 11), (1, 2, 3, 4, 5, 8, 6, 7, 9, 11, 10), (1, 2, 3, 4, 7, 5, 9, 8, 11, 10, 6), (2, 7, 1, 9, 4, 3, 6, 5, 8, 11, 10), (2, 3, 1, 5, 4, 7, 11, 8, 6, 10, 9), (2, 1, 3, 4, 6, 5, 10, 7, 8, 9, 11)}
M(AUB) = 
[[1, 2, 3, 4, 5, 6, 7, 8, 10, 9, 11]]
Distance:82

(4)
A = 
{(1, 2, 4, 3, 5, 6, 7, 9, 8, 11, 10), (4, 2, 1, 5, 8, 3, 9, 10, 6, 7, 11), (2, 1, 3, 4, 5, 7, 6, 9, 10, 11, 8), (2, 1, 5, 6, 4, 3, 7, 10, 11, 9, 8), (1, 2, 5, 4, 8, 3, 10, 11, 7, 6, 9)}
M(A) = 
[[1, 2, 4, 3, 5, 6, 7, 9, 8, 10, 11], [1, 2, 4, 5, 3, 6, 7, 9, 8, 10, 11]]
Distance: 38
B = 
{(2, 3, 1, 4, 6, 5, 7, 9, 11, 8, 10), (1, 2, 6, 3, 5, 7, 8, 9, 4, 10, 11), (5, 1, 2, 9, 8, 6, 3, 7, 10, 4, 11), (1, 4, 2, 5, 3, 7, 6, 9, 8, 10, 11), (1, 2, 4, 3, 5, 8, 7, 6, 9, 10, 11)}
M(B) = 
[[1, 2, 4, 3, 5, 6, 7, 9, 8, 10, 11], [1, 2, 4, 5, 3, 6, 7, 9, 8, 10, 11]]
Distance: 38
M(A) inter A:
set()
M(B) inter B:
set()

AUB = 
{(1, 4, 2, 5, 3, 7, 6, 9, 8, 10, 11), (4, 2, 1, 5, 8, 3, 9, 10, 6, 7, 11), (2, 1, 3, 4, 5, 7, 6, 9, 10, 11, 8), (1, 2, 6, 3, 5, 7, 8, 9, 4, 10, 11), (1, 2, 5, 4, 8, 3, 10, 11, 7, 6, 9), (1, 2, 4, 3, 5, 8, 7, 6, 9, 10, 11), (1, 2, 4, 3, 5, 6, 7, 9, 8, 11, 10), (2, 1, 5, 6, 4, 3, 7, 10, 11, 9, 8), (5, 1, 2, 9, 8, 6, 3, 7, 10, 4, 11), (2, 3, 1, 4, 6, 5, 7, 9, 11, 8, 10)}
M(AUB) = 
[[1, 2, 4, 3, 5, 6, 7, 9, 8, 10, 11], [1, 2, 4, 5, 3, 6, 7, 9, 8, 10, 11]]
Distance:79

(5)
A = 
{(2, 3, 1, 5, 4, 6, 8, 7, 10, 9, 11), (4, 1, 2, 7, 3, 6, 11, 9, 10, 5, 8), (1, 3, 2, 4, 6, 5, 7, 8, 9, 10, 11), (2, 1, 3, 9, 6, 5, 4, 8, 11, 10, 7), (1, 2, 3, 4, 5, 6, 7, 8, 9, 10, 11)}
M(A) = 
[[2, 1, 3, 4, 6, 5, 7, 8, 9, 10, 11]]
Distance: 34
B = 
{(2, 6, 1, 5, 4, 3, 8, 9, 7, 11, 10), (2, 1, 3, 7, 5, 4, 11, 6, 8, 10, 9), (3, 7, 4, 1, 6, 2, 8, 5, 10, 11, 9), (3, 4, 5, 6, 2, 10, 1, 7, 11, 9, 8), (2, 7, 4, 3, 1, 6, 8, 9, 10, 11, 5)}
M(B) = 
[[2, 1, 3, 4, 6, 5, 7, 8, 9, 10, 11]]
Distance: 55
M(A) inter A:
set()
M(B) inter B:
set()

AUB = 
{(2, 6, 1, 5, 4, 3, 8, 9, 7, 11, 10), (2, 7, 4, 3, 1, 6, 8, 9, 10, 11, 5), (2, 1, 3, 7, 5, 4, 11, 6, 8, 10, 9), (2, 1, 3, 9, 6, 5, 4, 8, 11, 10, 7), (2, 3, 1, 5, 4, 6, 8, 7, 10, 9, 11), (3, 4, 5, 6, 2, 10, 1, 7, 11, 9, 8), (4, 1, 2, 7, 3, 6, 11, 9, 10, 5, 8), (1, 2, 3, 4, 5, 6, 7, 8, 9, 10, 11), (3, 7, 4, 1, 6, 2, 8, 5, 10, 11, 9), (1, 3, 2, 4, 6, 5, 7, 8, 9, 10, 11)}
M(AUB) = 
[[2, 1, 3, 4, 6, 5, 7, 8, 9, 10, 11]]
Distance:96

(6)
A = 
{(4, 3, 1, 2, 5, 6, 7, 8, 9, 11, 10), (4, 1, 2, 7, 3, 11, 6, 8, 9, 10, 5), (1, 4, 2, 3, 10, 5, 8, 6, 9, 11, 7), (1, 7, 3, 2, 4, 9, 6, 10, 8, 11, 5), (1, 2, 3, 4, 5, 7, 6, 8, 9, 11, 10)}
M(A) = 
[[1, 2, 4, 3, 5, 6, 8, 7, 9, 10, 11], [1, 2, 4, 3, 5, 6, 7, 8, 9, 10, 11], [1, 2, 4, 3, 5, 7, 6, 8, 9, 10, 11]]
Distance: 44
B = 
{(1, 2, 5, 4, 3, 8, 7, 6, 9, 10, 11), (1, 5, 2, 3, 4, 6, 9, 8, 11, 10, 7), (2, 1, 4, 7, 6, 5, 9, 3, 10, 8, 11), (2, 4, 1, 3, 5, 6, 10, 8, 9, 7, 11), (3, 1, 2, 4, 5, 8, 6, 7, 10, 11, 9)}
M(B) = 
[[1, 2, 4, 3, 5, 6, 8, 7, 9, 10, 11], [1, 2, 4, 3, 5, 6, 7, 8, 9, 10, 11], [1, 2, 4, 3, 5, 7, 6, 8, 9, 10, 11]]
Distance: 35
M(A) inter A:
set()
M(B) inter B:
set()

AUB = 
{(1, 4, 2, 3, 10, 5, 8, 6, 9, 11, 7), (2, 4, 1, 3, 5, 6, 10, 8, 9, 7, 11), (4, 1, 2, 7, 3, 11, 6, 8, 9, 10, 5), (2, 1, 4, 7, 6, 5, 9, 3, 10, 8, 11), (1, 7, 3, 2, 4, 9, 6, 10, 8, 11, 5), (1, 2, 3, 4, 5, 7, 6, 8, 9, 11, 10), (3, 1, 2, 4, 5, 8, 6, 7, 10, 11, 9), (1, 5, 2, 3, 4, 6, 9, 8, 11, 10, 7), (4, 3, 1, 2, 5, 6, 7, 8, 9, 11, 10), (1, 2, 5, 4, 3, 8, 7, 6, 9, 10, 11)}
M(AUB) = 
[[1, 2, 4, 3, 5, 6, 8, 7, 9, 10, 11], [1, 2, 4, 3, 5, 6, 7, 8, 9, 10, 11], [1, 2, 4, 3, 5, 7, 6, 8, 9, 10, 11]]
Distance:86

(7)
A = 
{(2, 3, 5, 1, 4, 6, 8, 7, 9, 10, 11), (2, 3, 1, 5, 7, 4, 9, 6, 8, 10, 11), (4, 2, 1, 3, 5, 6, 8, 7, 11, 10, 9), (2, 5, 1, 3, 6, 8, 11, 4, 10, 9, 7), (4, 5, 2, 9, 8, 1, 3, 10, 6, 11, 7)}
M(A) = 
[[1, 2, 3, 4, 5, 6, 8, 7, 9, 10, 11], [1, 2, 3, 5, 4, 6, 8, 7, 9, 10, 11], [2, 1, 3, 4, 5, 6, 8, 7, 9, 10, 11], [2, 1, 3, 5, 4, 6, 8, 7, 9, 10, 11]]
Distance: 44
B = 
{(1, 2, 3, 6, 4, 5, 7, 9, 8, 10, 11), (1, 2, 8, 5, 3, 4, 9, 7, 11, 6, 10), (1, 2, 3, 6, 5, 4, 7, 9, 10, 11, 8), (1, 3, 2, 6, 4, 7, 5, 10, 8, 11, 9), (1, 4, 2, 6, 3, 5, 8, 9, 10, 11, 7)}
M(B) = 
[[1, 2, 3, 4, 5, 6, 8, 7, 9, 10, 11], [1, 2, 3, 5, 4, 6, 8, 7, 9, 10, 11], [2, 1, 3, 4, 5, 6, 8, 7, 9, 10, 11], [2, 1, 3, 5, 4, 6, 8, 7, 9, 10, 11]]
Distance: 32
M(A) inter A:
set()
M(B) inter B:
set()

AUB = 
{(2, 3, 5, 1, 4, 6, 8, 7, 9, 10, 11), (2, 3, 1, 5, 7, 4, 9, 6, 8, 10, 11), (1, 2, 8, 5, 3, 4, 9, 7, 11, 6, 10), (1, 4, 2, 6, 3, 5, 8, 9, 10, 11, 7), (4, 2, 1, 3, 5, 6, 8, 7, 11, 10, 9), (4, 5, 2, 9, 8, 1, 3, 10, 6, 11, 7), (1, 2, 3, 6, 4, 5, 7, 9, 8, 10, 11), (2, 5, 1, 3, 6, 8, 11, 4, 10, 9, 7), (1, 2, 3, 6, 5, 4, 7, 9, 10, 11, 8), (1, 3, 2, 6, 4, 7, 5, 10, 8, 11, 9)}
M(AUB) = 
[[1, 2, 3, 4, 5, 6, 8, 7, 9, 10, 11], [1, 2, 3, 5, 4, 6, 8, 7, 9, 10, 11], [2, 1, 3, 4, 5, 6, 8, 7, 9, 10, 11], [2, 1, 3, 5, 4, 6, 8, 7, 9, 10, 11]]
Distance:87

(8)
A = 
{(1, 2, 4, 3, 6, 5, 7, 8, 9, 10, 11), (10, 2, 1, 3, 7, 6, 4, 8, 11, 5, 9), (2, 4, 6, 1, 3, 5, 7, 8, 10, 9, 11), (2, 8, 1, 11, 7, 4, 6, 5, 3, 9, 10), (1, 2, 3, 6, 5, 4, 7, 8, 9, 10, 11)}
M(A) = 
[[1, 2, 3, 4, 6, 5, 7, 8, 9, 10, 11], [1, 2, 3, 4, 6, 5, 7, 8, 9, 11, 10], [1, 2, 3, 4, 6, 7, 5, 8, 9, 10, 11], [1, 2, 3, 4, 6, 7, 5, 8, 9, 11, 10], [2, 1, 3, 4, 6, 5, 7, 8, 9, 10, 11], [2, 1, 3, 4, 6, 5, 7, 8, 9, 11, 10], [2, 1, 3, 4, 6, 7, 5, 8, 9, 10, 11], [2, 1, 3, 4, 6, 7, 5, 8, 9, 11, 10]]
Distance: 45
B = 
{(2, 3, 6, 7, 11, 5, 1, 4, 9, 8, 10), (1, 2, 5, 4, 3, 6, 7, 9, 8, 10, 11), (3, 2, 4, 1, 6, 9, 11, 7, 5, 10, 8), (3, 4, 1, 2, 6, 7, 9, 11, 5, 10, 8), (1, 2, 3, 4, 6, 5, 7, 8, 11, 9, 10)}
M(B) = 
[[1, 2, 3, 4, 6, 5, 7, 8, 9, 10, 11], [1, 2, 3, 4, 6, 5, 7, 8, 9, 11, 10], [1, 2, 3, 4, 6, 7, 5, 8, 9, 10, 11], [1, 2, 3, 4, 6, 7, 5, 8, 9, 11, 10], [2, 1, 3, 4, 6, 5, 7, 8, 9, 10, 11], [2, 1, 3, 4, 6, 5, 7, 8, 9, 11, 10], [2, 1, 3, 4, 6, 7, 5, 8, 9, 10, 11], [2, 1, 3, 4, 6, 7, 5, 8, 9, 11, 10]]
Distance: 39
M(A) inter A:
set()
M(B) inter B:
set()

AUB = 
{(3, 4, 1, 2, 6, 7, 9, 11, 5, 10, 8), (1, 2, 3, 6, 5, 4, 7, 8, 9, 10, 11), (1, 2, 4, 3, 6, 5, 7, 8, 9, 10, 11), (2, 4, 6, 1, 3, 5, 7, 8, 10, 9, 11), (2, 3, 6, 7, 11, 5, 1, 4, 9, 8, 10), (3, 2, 4, 1, 6, 9, 11, 7, 5, 10, 8), (10, 2, 1, 3, 7, 6, 4, 8, 11, 5, 9), (1, 2, 5, 4, 3, 6, 7, 9, 8, 10, 11), (2, 8, 1, 11, 7, 4, 6, 5, 3, 9, 10), (1, 2, 3, 4, 6, 5, 7, 8, 11, 9, 10)}
M(AUB) = 
[[1, 2, 3, 4, 6, 5, 7, 8, 9, 10, 11], [1, 2, 3, 4, 6, 5, 7, 8, 9, 11, 10], [1, 2, 3, 4, 6, 7, 5, 8, 9, 10, 11], [1, 2, 3, 4, 6, 7, 5, 8, 9, 11, 10], [2, 1, 3, 4, 6, 5, 7, 8, 9, 10, 11], [2, 1, 3, 4, 6, 5, 7, 8, 9, 11, 10], [2, 1, 3, 4, 6, 7, 5, 8, 9, 10, 11], [2, 1, 3, 4, 6, 7, 5, 8, 9, 11, 10]]
Distance:94

(9)
A = 
{(7, 4, 2, 5, 1, 3, 8, 6, 11, 9, 10), (2, 4, 1, 3, 5, 6, 8, 10, 7, 11, 9), (1, 2, 3, 5, 4, 6, 7, 9, 8, 11, 10), (2, 3, 1, 5, 4, 9, 7, 10, 8, 6, 11), (1, 2, 4, 3, 5, 7, 9, 6, 8, 11, 10)}
M(A) = 
[[2, 1, 3, 4, 5, 7, 6, 9, 8, 11, 10], [2, 1, 3, 5, 4, 7, 6, 9, 8, 11, 10], [2, 1, 4, 3, 5, 7, 6, 9, 8, 11, 10]]
Distance: 35
B = 
{(2, 1, 5, 3, 4, 10, 6, 9, 7, 8, 11), (1, 2, 4, 5, 3, 7, 9, 11, 6, 8, 10), (2, 1, 5, 9, 4, 3, 7, 6, 10, 8, 11), (2, 3, 6, 4, 5, 1, 7, 11, 10, 9, 8), (8, 1, 3, 7, 2, 5, 4, 11, 6, 9, 10)}
M(B) = 
[[2, 1, 3, 4, 5, 7, 6, 9, 8, 11, 10], [2, 1, 3, 5, 4, 7, 6, 9, 8, 11, 10], [2, 1, 4, 3, 5, 7, 6, 9, 8, 11, 10]]
Distance: 49
M(A) inter A:
set()
M(B) inter B:
set()

AUB = 
{(2, 3, 6, 4, 5, 1, 7, 11, 10, 9, 8), (7, 4, 2, 5, 1, 3, 8, 6, 11, 9, 10), (2, 3, 1, 5, 4, 9, 7, 10, 8, 6, 11), (2, 4, 1, 3, 5, 6, 8, 10, 7, 11, 9), (1, 2, 3, 5, 4, 6, 7, 9, 8, 11, 10), (2, 1, 5, 9, 4, 3, 7, 6, 10, 8, 11), (2, 1, 5, 3, 4, 10, 6, 9, 7, 8, 11), (1, 2, 4, 5, 3, 7, 9, 11, 6, 8, 10), (8, 1, 3, 7, 2, 5, 4, 11, 6, 9, 10), (1, 2, 4, 3, 5, 7, 9, 6, 8, 11, 10)}
M(AUB) = 
[[2, 1, 3, 4, 5, 7, 6, 9, 8, 11, 10], [2, 1, 3, 5, 4, 7, 6, 9, 8, 11, 10], [2, 1, 4, 3, 5, 7, 6, 9, 8, 11, 10]]
Distance:87

(10)
A = 
{(3, 2, 5, 1, 4, 9, 6, 10, 8, 7, 11), (1, 3, 2, 4, 5, 8, 6, 7, 9, 10, 11), (5, 1, 6, 2, 3, 9, 4, 11, 10, 8, 7), (1, 4, 2, 3, 5, 6, 7, 8, 9, 11, 10), (4, 2, 3, 1, 5, 7, 8, 6, 11, 9, 10)}
M(A) = 
[[1, 2, 4, 3, 5, 6, 7, 8, 9, 10, 11], [1, 2, 4, 3, 5, 6, 7, 8, 9, 11, 10], [2, 1, 4, 3, 5, 6, 7, 8, 9, 10, 11], [2, 1, 4, 3, 5, 6, 7, 8, 9, 11, 10], [2, 4, 1, 3, 5, 6, 7, 8, 9, 10, 11], [2, 4, 1, 3, 5, 6, 7, 8, 9, 11, 10]]
Distance: 40
B = 
{(4, 3, 2, 6, 1, 5, 9, 7, 8, 10, 11), (4, 1, 3, 5, 2, 6, 7, 8, 9, 10, 11), (2, 4, 1, 5, 7, 3, 6, 11, 10, 8, 9), (5, 2, 4, 1, 6, 3, 7, 11, 9, 8, 10), (1, 8, 2, 3, 7, 5, 6, 10, 4, 11, 9)}
M(B) = 
[[1, 2, 4, 3, 5, 6, 7, 8, 9, 10, 11], [1, 2, 4, 3, 5, 6, 7, 8, 9, 11, 10], [2, 1, 4, 3, 5, 6, 7, 8, 9, 10, 11], [2, 1, 4, 3, 5, 6, 7, 8, 9, 11, 10], [2, 4, 1, 3, 5, 6, 7, 8, 9, 10, 11], [2, 4, 1, 3, 5, 6, 7, 8, 9, 11, 10]]
Distance: 45
M(A) inter A:
set()
M(B) inter B:
set()

AUB = 
{(3, 2, 5, 1, 4, 9, 6, 10, 8, 7, 11), (4, 3, 2, 6, 1, 5, 9, 7, 8, 10, 11), (5, 1, 6, 2, 3, 9, 4, 11, 10, 8, 7), (1, 8, 2, 3, 7, 5, 6, 10, 4, 11, 9), (4, 1, 3, 5, 2, 6, 7, 8, 9, 10, 11), (2, 4, 1, 5, 7, 3, 6, 11, 10, 8, 9), (5, 2, 4, 1, 6, 3, 7, 11, 9, 8, 10), (1, 3, 2, 4, 5, 8, 6, 7, 9, 10, 11), (1, 4, 2, 3, 5, 6, 7, 8, 9, 11, 10), (4, 2, 3, 1, 5, 7, 8, 6, 11, 9, 10)}
M(AUB) = 
[[1, 2, 4, 3, 5, 6, 7, 8, 9, 10, 11], [1, 2, 4, 3, 5, 6, 7, 8, 9, 11, 10], [2, 1, 4, 3, 5, 6, 7, 8, 9, 10, 11], [2, 1, 4, 3, 5, 6, 7, 8, 9, 11, 10], [2, 4, 1, 3, 5, 6, 7, 8, 9, 10, 11], [2, 4, 1, 3, 5, 6, 7, 8, 9, 11, 10]]
Distance:92

(11)
A = 
{(4, 1, 3, 6, 2, 5, 7, 8, 11, 9, 10), (2, 5, 8, 4, 1, 10, 3, 6, 7, 11, 9), (1, 4, 5, 3, 2, 6, 9, 7, 8, 10, 11), (1, 2, 3, 6, 4, 10, 7, 5, 9, 8, 11), (1, 2, 4, 3, 6, 8, 7, 9, 11, 5, 10)}
M(A) = 
[[1, 2, 4, 3, 5, 6, 7, 8, 9, 10, 11], [1, 2, 4, 3, 5, 6, 7, 8, 10, 9, 11], [1, 2, 4, 3, 6, 5, 7, 8, 9, 10, 11], [1, 2, 4, 3, 6, 5, 7, 8, 10, 9, 11]]
Distance: 43
B = 
{(1, 2, 3, 4, 5, 6, 7, 9, 8, 11, 10), (6, 4, 5, 2, 1, 3, 10, 11, 8, 9, 7), (1, 2, 4, 9, 5, 7, 8, 6, 3, 11, 10), (1, 3, 2, 4, 5, 7, 8, 6, 10, 9, 11), (4, 3, 2, 1, 7, 6, 5, 10, 8, 9, 11)}
M(B) = 
[[1, 2, 4, 3, 5, 6, 7, 8, 9, 10, 11], [1, 2, 4, 3, 5, 6, 7, 8, 10, 9, 11], [1, 2, 4, 3, 6, 5, 7, 8, 9, 10, 11], [1, 2, 4, 3, 6, 5, 7, 8, 10, 9, 11]]
Distance: 47
M(A) inter A:
set()
M(B) inter B:
set()

AUB = 
{(1, 2, 3, 6, 4, 10, 7, 5, 9, 8, 11), (6, 4, 5, 2, 1, 3, 10, 11, 8, 9, 7), (1, 2, 4, 3, 6, 8, 7, 9, 11, 5, 10), (1, 3, 2, 4, 5, 7, 8, 6, 10, 9, 11), (1, 2, 3, 4, 5, 6, 7, 9, 8, 11, 10), (2, 5, 8, 4, 1, 10, 3, 6, 7, 11, 9), (4, 3, 2, 1, 7, 6, 5, 10, 8, 9, 11), (4, 1, 3, 6, 2, 5, 7, 8, 11, 9, 10), (1, 4, 5, 3, 2, 6, 9, 7, 8, 10, 11), (1, 2, 4, 9, 5, 7, 8, 6, 3, 11, 10)}
M(AUB) = 
[[1, 2, 4, 3, 5, 6, 7, 8, 9, 10, 11], [1, 2, 4, 3, 5, 6, 7, 8, 10, 9, 11], [1, 2, 4, 3, 6, 5, 7, 8, 9, 10, 11], [1, 2, 4, 3, 6, 5, 7, 8, 10, 9, 11]]
Distance:93

(12)
A = 
{(5, 11, 4, 1, 3, 8, 2, 10, 6, 9, 7), (2, 1, 4, 5, 6, 9, 3, 8, 7, 11, 10), (3, 1, 4, 2, 5, 9, 6, 8, 7, 10, 11), (2, 6, 1, 4, 3, 5, 7, 11, 8, 9, 10), (1, 4, 6, 11, 3, 5, 8, 2, 7, 9, 10)}
M(A) = 
[[1, 3, 2, 4, 5, 6, 8, 9, 7, 10, 11], [1, 3, 2, 4, 5, 6, 8, 9, 7, 11, 10], [1, 3, 4, 2, 5, 6, 8, 9, 7, 10, 11], [1, 3, 4, 2, 5, 6, 8, 9, 7, 11, 10], [1, 4, 3, 2, 5, 6, 8, 9, 7, 10, 11], [1, 4, 3, 2, 5, 6, 8, 9, 7, 11, 10]]
Distance: 52
B = 
{(1, 3, 2, 4, 6, 5, 8, 9, 11, 7, 10), (3, 1, 4, 2, 5, 6, 8, 7, 9, 10, 11), (2, 3, 1, 5, 9, 4, 6, 7, 8, 10, 11), (1, 4, 2, 7, 3, 5, 8, 9, 6, 10, 11), (3, 5, 2, 6, 9, 1, 4, 10, 7, 8, 11)}
M(B) = 
[[1, 3, 2, 4, 5, 6, 8, 9, 7, 10, 11], [1, 3, 2, 4, 5, 6, 8, 9, 7, 11, 10], [1, 3, 4, 2, 5, 6, 8, 9, 7, 10, 11], [1, 3, 4, 2, 5, 6, 8, 9, 7, 11, 10], [1, 4, 3, 2, 5, 6, 8, 9, 7, 10, 11], [1, 4, 3, 2, 5, 6, 8, 9, 7, 11, 10]]
Distance: 36
M(A) inter A:
set()
M(B) inter B:
set()

AUB = 
{(3, 1, 4, 2, 5, 6, 8, 7, 9, 10, 11), (3, 1, 4, 2, 5, 9, 6, 8, 7, 10, 11), (1, 4, 2, 7, 3, 5, 8, 9, 6, 10, 11), (1, 4, 6, 11, 3, 5, 8, 2, 7, 9, 10), (2, 1, 4, 5, 6, 9, 3, 8, 7, 11, 10), (1, 3, 2, 4, 6, 5, 8, 9, 11, 7, 10), (3, 5, 2, 6, 9, 1, 4, 10, 7, 8, 11), (2, 6, 1, 4, 3, 5, 7, 11, 8, 9, 10), (2, 3, 1, 5, 9, 4, 6, 7, 8, 10, 11), (5, 11, 4, 1, 3, 8, 2, 10, 6, 9, 7)}
M(AUB) = 
[[1, 3, 2, 4, 5, 6, 8, 9, 7, 10, 11], [1, 3, 2, 4, 5, 6, 8, 9, 7, 11, 10], [1, 3, 4, 2, 5, 6, 8, 9, 7, 10, 11], [1, 3, 4, 2, 5, 6, 8, 9, 7, 11, 10], [1, 4, 3, 2, 5, 6, 8, 9, 7, 10, 11], [1, 4, 3, 2, 5, 6, 8, 9, 7, 11, 10]]
Distance:97

(13)
A = 
{(3, 1, 2, 4, 5, 6, 8, 11, 10, 7, 9), (1, 2, 3, 4, 8, 6, 10, 7, 5, 9, 11), (3, 1, 7, 2, 6, 5, 11, 4, 8, 9, 10), (2, 1, 3, 4, 5, 7, 6, 8, 9, 11, 10), (1, 2, 3, 4, 5, 6, 7, 8, 9, 10, 11)}
M(A) = 
[[1, 2, 3, 4, 6, 5, 7, 8, 9, 10, 11], [1, 2, 3, 4, 6, 5, 7, 8, 10, 9, 11], [1, 2, 3, 4, 6, 5, 7, 8, 10, 11, 9], [1, 3, 2, 4, 6, 5, 7, 8, 9, 10, 11], [1, 3, 2, 4, 6, 5, 7, 8, 10, 9, 11], [1, 3, 2, 4, 6, 5, 7, 8, 10, 11, 9]]
Distance: 31
B = 
{(3, 2, 4, 6, 1, 7, 5, 10, 11, 9, 8), (1, 4, 3, 6, 2, 5, 10, 7, 8, 11, 9), (1, 4, 2, 8, 6, 3, 9, 5, 7, 10, 11), (1, 2, 3, 4, 5, 6, 7, 8, 10, 11, 9), (1, 3, 8, 6, 4, 2, 7, 5, 9, 11, 10)}
M(B) = 
[[1, 2, 3, 4, 6, 5, 7, 8, 9, 10, 11], [1, 2, 3, 4, 6, 5, 7, 8, 10, 9, 11], [1, 2, 3, 4, 6, 5, 7, 8, 10, 11, 9], [1, 3, 2, 4, 6, 5, 7, 8, 9, 10, 11], [1, 3, 2, 4, 6, 5, 7, 8, 10, 9, 11], [1, 3, 2, 4, 6, 5, 7, 8, 10, 11, 9]]
Distance: 38
M(A) inter A:
set()
M(B) inter B:
set()

AUB = 
{(1, 4, 2, 8, 6, 3, 9, 5, 7, 10, 11), (3, 1, 2, 4, 5, 6, 8, 11, 10, 7, 9), (1, 3, 8, 6, 4, 2, 7, 5, 9, 11, 10), (1, 2, 3, 4, 5, 6, 7, 8, 10, 11, 9), (2, 1, 3, 4, 5, 7, 6, 8, 9, 11, 10), (1, 2, 3, 4, 5, 6, 7, 8, 9, 10, 11), (1, 2, 3, 4, 8, 6, 10, 7, 5, 9, 11), (3, 1, 7, 2, 6, 5, 11, 4, 8, 9, 10), (3, 2, 4, 6, 1, 7, 5, 10, 11, 9, 8), (1, 4, 3, 6, 2, 5, 10, 7, 8, 11, 9)}
M(AUB) = 
[[1, 2, 3, 4, 6, 5, 7, 8, 9, 10, 11], [1, 2, 3, 4, 6, 5, 7, 8, 10, 9, 11], [1, 2, 3, 4, 6, 5, 7, 8, 10, 11, 9], [1, 3, 2, 4, 6, 5, 7, 8, 9, 10, 11], [1, 3, 2, 4, 6, 5, 7, 8, 10, 9, 11], [1, 3, 2, 4, 6, 5, 7, 8, 10, 11, 9]]
Distance:75

(14)
A = 
{(5, 1, 3, 2, 4, 6, 7, 8, 11, 9, 10), (1, 4, 3, 2, 7, 9, 5, 8, 10, 6, 11), (1, 7, 6, 2, 3, 5, 9, 4, 8, 10, 11), (2, 3, 4, 1, 5, 8, 7, 6, 10, 9, 11), (2, 1, 3, 4, 5, 6, 8, 7, 9, 11, 10)}
M(A) = 
[[1, 2, 3, 4, 5, 6, 7, 8, 9, 10, 11], [1, 3, 2, 4, 5, 6, 7, 8, 9, 10, 11]]
Distance: 38
B = 
{(1, 3, 2, 4, 5, 8, 6, 10, 7, 11, 9), (2, 1, 4, 6, 3, 7, 8, 5, 9, 10, 11), (1, 2, 4, 5, 3, 6, 7, 9, 10, 11, 8), (3, 1, 2, 4, 6, 5, 7, 8, 11, 9, 10), (3, 2, 6, 5, 4, 9, 1, 7, 8, 11, 10)}
M(B) = 
[[1, 2, 3, 4, 5, 6, 7, 8, 9, 10, 11], [1, 3, 2, 4, 5, 6, 7, 8, 9, 10, 11]]
Distance: 33
M(A) inter A:
set()
M(B) inter B:
set()

AUB = 
{(2, 1, 3, 4, 5, 6, 8, 7, 9, 11, 10), (2, 1, 4, 6, 3, 7, 8, 5, 9, 10, 11), (3, 2, 6, 5, 4, 9, 1, 7, 8, 11, 10), (1, 2, 4, 5, 3, 6, 7, 9, 10, 11, 8), (1, 4, 3, 2, 7, 9, 5, 8, 10, 6, 11), (2, 3, 4, 1, 5, 8, 7, 6, 10, 9, 11), (5, 1, 3, 2, 4, 6, 7, 8, 11, 9, 10), (1, 7, 6, 2, 3, 5, 9, 4, 8, 10, 11), (1, 3, 2, 4, 5, 8, 6, 10, 7, 11, 9), (3, 1, 2, 4, 6, 5, 7, 8, 11, 9, 10)}
M(AUB) = 
[[1, 2, 3, 4, 5, 6, 7, 8, 9, 10, 11], [1, 3, 2, 4, 5, 6, 7, 8, 9, 10, 11]]
Distance:74

(15)
A = 
{(5, 3, 2, 6, 1, 4, 10, 9, 7, 8, 11), (1, 6, 4, 2, 7, 3, 11, 8, 9, 10, 5), (3, 5, 4, 1, 2, 6, 8, 9, 10, 7, 11), (4, 1, 2, 5, 7, 3, 6, 8, 10, 11, 9), (4, 3, 1, 2, 5, 6, 8, 10, 7, 11, 9)}
M(A) = 
[[1, 2, 3, 4, 5, 6, 7, 8, 9, 10, 11]]
Distance: 47
B = 
{(1, 2, 5, 4, 3, 6, 9, 7, 8, 11, 10), (7, 3, 10, 2, 5, 4, 8, 1, 9, 11, 6), (1, 2, 3, 4, 6, 5, 7, 9, 8, 11, 10), (1, 2, 3, 4, 5, 6, 7, 8, 11, 9, 10), (1, 2, 3, 4, 5, 6, 7, 8, 9, 10, 11)}
M(B) = 
[[1, 2, 3, 4, 5, 6, 7, 8, 9, 10, 11]]
Distance: 33
M(A) inter A:
set()
M(B) inter B:
set()

AUB = 
{(7, 3, 10, 2, 5, 4, 8, 1, 9, 11, 6), (4, 3, 1, 2, 5, 6, 8, 10, 7, 11, 9), (1, 6, 4, 2, 7, 3, 11, 8, 9, 10, 5), (4, 1, 2, 5, 7, 3, 6, 8, 10, 11, 9), (1, 2, 3, 4, 6, 5, 7, 9, 8, 11, 10), (1, 2, 3, 4, 5, 6, 7, 8, 9, 10, 11), (5, 3, 2, 6, 1, 4, 10, 9, 7, 8, 11), (1, 2, 5, 4, 3, 6, 9, 7, 8, 11, 10), (3, 5, 4, 1, 2, 6, 8, 9, 10, 7, 11), (1, 2, 3, 4, 5, 6, 7, 8, 11, 9, 10)}
M(AUB) = 
[[1, 2, 3, 4, 5, 6, 7, 8, 9, 10, 11]]
Distance:90

(16)
A = 
{(1, 3, 5, 2, 10, 4, 6, 8, 9, 7, 11), (1, 2, 3, 4, 5, 6, 7, 9, 8, 11, 10), (3, 1, 5, 6, 2, 4, 7, 8, 9, 11, 10), (1, 2, 3, 4, 5, 6, 7, 9, 8, 10, 11), (3, 5, 1, 2, 7, 11, 6, 10, 4, 8, 9)}
M(A) = 
[[1, 2, 3, 4, 5, 6, 7, 8, 9, 10, 11], [1, 3, 2, 4, 5, 6, 7, 8, 9, 10, 11]]
Distance: 32
B = 
{(3, 1, 2, 4, 7, 5, 6, 10, 9, 8, 11), (3, 2, 4, 1, 6, 5, 7, 8, 9, 10, 11), (1, 2, 3, 4, 5, 7, 6, 8, 9, 10, 11), (2, 1, 4, 6, 3, 5, 7, 8, 10, 11, 9), (2, 1, 5, 6, 4, 7, 3, 9, 11, 10, 8)}
M(B) = 
[[1, 2, 3, 4, 5, 6, 7, 8, 9, 10, 11], [1, 3, 2, 4, 5, 6, 7, 8, 9, 10, 11]]
Distance: 29
M(A) inter A:
set()
M(B) inter B:
set()

AUB = 
{(3, 1, 5, 6, 2, 4, 7, 8, 9, 11, 10), (1, 2, 3, 4, 5, 6, 7, 9, 8, 10, 11), (2, 1, 4, 6, 3, 5, 7, 8, 10, 11, 9), (3, 1, 2, 4, 7, 5, 6, 10, 9, 8, 11), (1, 2, 3, 4, 5, 7, 6, 8, 9, 10, 11), (1, 3, 5, 2, 10, 4, 6, 8, 9, 7, 11), (1, 2, 3, 4, 5, 6, 7, 9, 8, 11, 10), (3, 2, 4, 1, 6, 5, 7, 8, 9, 10, 11), (3, 5, 1, 2, 7, 11, 6, 10, 4, 8, 9), (2, 1, 5, 6, 4, 7, 3, 9, 11, 10, 8)}
M(AUB) = 
[[1, 2, 3, 4, 5, 6, 7, 8, 9, 10, 11], [1, 3, 2, 4, 5, 6, 7, 8, 9, 10, 11]]
Distance:66

(17)
A = 
{(1, 2, 5, 3, 7, 4, 6, 8, 9, 10, 11), (2, 4, 1, 3, 7, 6, 9, 10, 5, 8, 11), (2, 3, 1, 5, 4, 6, 7, 8, 9, 11, 10), (2, 1, 3, 4, 6, 5, 7, 9, 8, 10, 11), (2, 5, 1, 6, 8, 3, 7, 11, 10, 4, 9)}
M(A) = 
[[1, 2, 3, 5, 4, 6, 7, 8, 9, 10, 11], [1, 2, 3, 5, 4, 7, 6, 8, 9, 10, 11], [1, 2, 3, 5, 7, 4, 6, 8, 9, 10, 11], [1, 2, 5, 3, 4, 6, 7, 8, 9, 10, 11], [1, 2, 5, 3, 4, 7, 6, 8, 9, 10, 11], [1, 2, 5, 3, 7, 4, 6, 8, 9, 10, 11]]
Distance: 32
B = 
{(1, 2, 7, 3, 5, 6, 4, 8, 9, 10, 11), (1, 2, 5, 6, 4, 7, 9, 10, 8, 11, 3), (5, 1, 6, 2, 3, 4, 10, 7, 8, 9, 11), (1, 3, 7, 2, 4, 10, 6, 8, 9, 5, 11), (1, 7, 4, 5, 8, 3, 2, 11, 9, 10, 6)}
M(B) = 
[[1, 2, 3, 5, 4, 6, 7, 8, 9, 10, 11], [1, 2, 3, 5, 4, 7, 6, 8, 9, 10, 11], [1, 2, 3, 5, 7, 4, 6, 8, 9, 10, 11], [1, 2, 5, 3, 4, 6, 7, 8, 9, 10, 11], [1, 2, 5, 3, 4, 7, 6, 8, 9, 10, 11], [1, 2, 5, 3, 7, 4, 6, 8, 9, 10, 11]]
Distance: 51
M(A) inter A:
set()
M(B) inter B:
set()

AUB = 
{(1, 7, 4, 5, 8, 3, 2, 11, 9, 10, 6), (1, 2, 5, 3, 7, 4, 6, 8, 9, 10, 11), (2, 4, 1, 3, 7, 6, 9, 10, 5, 8, 11), (1, 2, 7, 3, 5, 6, 4, 8, 9, 10, 11), (5, 1, 6, 2, 3, 4, 10, 7, 8, 9, 11), (2, 1, 3, 4, 6, 5, 7, 9, 8, 10, 11), (1, 3, 7, 2, 4, 10, 6, 8, 9, 5, 11), (2, 5, 1, 6, 8, 3, 7, 11, 10, 4, 9), (2, 3, 1, 5, 4, 6, 7, 8, 9, 11, 10), (1, 2, 5, 6, 4, 7, 9, 10, 8, 11, 3)}
M(AUB) = 
[[1, 2, 3, 5, 4, 6, 7, 8, 9, 10, 11], [1, 2, 3, 5, 4, 7, 6, 8, 9, 10, 11], [1, 2, 3, 5, 7, 4, 6, 8, 9, 10, 11], [1, 2, 5, 3, 4, 6, 7, 8, 9, 10, 11], [1, 2, 5, 3, 4, 7, 6, 8, 9, 10, 11], [1, 2, 5, 3, 7, 4, 6, 8, 9, 10, 11]]
Distance:92

(18)
A = 
{(4, 1, 5, 3, 9, 2, 11, 10, 6, 7, 8), (2, 1, 3, 5, 4, 6, 7, 8, 9, 11, 10), (1, 2, 3, 4, 5, 6, 8, 9, 7, 10, 11), (3, 2, 1, 4, 6, 5, 10, 9, 7, 8, 11), (1, 3, 2, 6, 4, 5, 11, 9, 7, 8, 10)}
M(A) = 
[[1, 2, 3, 4, 5, 6, 7, 8, 9, 10, 11], [1, 2, 3, 4, 5, 6, 7, 8, 9, 11, 10], [1, 3, 2, 4, 5, 6, 7, 8, 9, 10, 11], [1, 3, 2, 4, 5, 6, 7, 8, 9, 11, 10]]
Distance: 34
B = 
{(1, 2, 3, 4, 7, 6, 5, 9, 8, 10, 11), (2, 1, 4, 3, 5, 7, 8, 9, 6, 10, 11), (3, 4, 2, 1, 8, 6, 11, 7, 10, 9, 5), (1, 4, 2, 8, 5, 7, 9, 11, 3, 10, 6), (1, 3, 5, 4, 6, 2, 8, 10, 9, 11, 7)}
M(B) = 
[[1, 2, 3, 4, 5, 6, 7, 8, 9, 10, 11], [1, 2, 3, 4, 5, 6, 7, 8, 9, 11, 10], [1, 3, 2, 4, 5, 6, 7, 8, 9, 10, 11], [1, 3, 2, 4, 5, 6, 7, 8, 9, 11, 10]]
Distance: 48
M(A) inter A:
set()
M(B) inter B:
set()

AUB = 
{(2, 1, 4, 3, 5, 7, 8, 9, 6, 10, 11), (3, 2, 1, 4, 6, 5, 10, 9, 7, 8, 11), (1, 2, 3, 4, 5, 6, 8, 9, 7, 10, 11), (1, 2, 3, 4, 7, 6, 5, 9, 8, 10, 11), (1, 3, 2, 6, 4, 5, 11, 9, 7, 8, 10), (1, 3, 5, 4, 6, 2, 8, 10, 9, 11, 7), (4, 1, 5, 3, 9, 2, 11, 10, 6, 7, 8), (2, 1, 3, 5, 4, 6, 7, 8, 9, 11, 10), (3, 4, 2, 1, 8, 6, 11, 7, 10, 9, 5), (1, 4, 2, 8, 5, 7, 9, 11, 3, 10, 6)}
M(AUB) = 
[[1, 2, 3, 4, 5, 6, 7, 8, 9, 10, 11], [1, 2, 3, 4, 5, 6, 7, 8, 9, 11, 10], [1, 3, 2, 4, 5, 6, 7, 8, 9, 10, 11], [1, 3, 2, 4, 5, 6, 7, 8, 9, 11, 10]]
Distance:91

(19)
A = 
{(1, 5, 2, 3, 4, 6, 11, 10, 7, 8, 9), (1, 3, 2, 5, 7, 4, 8, 6, 9, 10, 11), (2, 1, 5, 4, 3, 8, 7, 10, 9, 6, 11), (1, 2, 4, 3, 7, 6, 9, 5, 10, 11, 8), (3, 6, 2, 7, 5, 10, 11, 1, 9, 8, 4)}
M(A) = 
[[1, 2, 3, 5, 4, 6, 7, 8, 9, 10, 11], [1, 2, 3, 5, 4, 7, 6, 8, 9, 10, 11], [2, 1, 3, 5, 4, 6, 7, 8, 9, 10, 11], [2, 1, 3, 5, 4, 7, 6, 8, 9, 10, 11]]
Distance: 50
B = 
{(7, 1, 2, 5, 4, 3, 9, 10, 6, 8, 11), (3, 2, 1, 4, 8, 5, 11, 9, 7, 10, 6), (2, 1, 3, 4, 5, 6, 8, 7, 9, 10, 11), (1, 2, 3, 5, 4, 6, 7, 8, 9, 10, 11), (2, 5, 4, 3, 1, 9, 6, 7, 8, 10, 11)}
M(B) = 
[[1, 2, 3, 5, 4, 6, 7, 8, 9, 10, 11], [1, 2, 3, 5, 4, 7, 6, 8, 9, 10, 11], [2, 1, 3, 5, 4, 6, 7, 8, 9, 10, 11], [2, 1, 3, 5, 4, 7, 6, 8, 9, 10, 11]]
Distance: 38
M(A) inter A:
set()
M(B) inter B:
set()

AUB = 
{(2, 5, 4, 3, 1, 9, 6, 7, 8, 10, 11), (1, 5, 2, 3, 4, 6, 11, 10, 7, 8, 9), (2, 1, 3, 4, 5, 6, 8, 7, 9, 10, 11), (1, 2, 4, 3, 7, 6, 9, 5, 10, 11, 8), (1, 3, 2, 5, 7, 4, 8, 6, 9, 10, 11), (3, 2, 1, 4, 8, 5, 11, 9, 7, 10, 6), (7, 1, 2, 5, 4, 3, 9, 10, 6, 8, 11), (2, 1, 5, 4, 3, 8, 7, 10, 9, 6, 11), (1, 2, 3, 5, 4, 6, 7, 8, 9, 10, 11), (3, 6, 2, 7, 5, 10, 11, 1, 9, 8, 4)}
M(AUB) = 
[[1, 2, 3, 5, 4, 6, 7, 8, 9, 10, 11], [1, 2, 3, 5, 4, 7, 6, 8, 9, 10, 11], [2, 1, 3, 5, 4, 6, 7, 8, 9, 10, 11], [2, 1, 3, 5, 4, 7, 6, 8, 9, 10, 11]]
Distance:92

(20)
A = 
{(1, 2, 3, 4, 5, 6, 7, 8, 9, 10, 11), (2, 1, 3, 4, 5, 8, 6, 7, 11, 10, 9), (2, 4, 3, 5, 1, 7, 10, 9, 6, 11, 8), (3, 1, 6, 4, 10, 5, 2, 7, 11, 9, 8), (3, 1, 7, 4, 5, 2, 8, 9, 6, 11, 10)}
M(A) = 
[[1, 2, 3, 4, 5, 6, 7, 8, 9, 10, 11], [1, 3, 2, 4, 5, 6, 7, 8, 9, 10, 11], [3, 1, 2, 4, 5, 6, 7, 8, 9, 10, 11]]
Distance: 43
B = 
{(1, 2, 7, 3, 6, 4, 5, 11, 8, 9, 10), (1, 7, 5, 3, 8, 4, 2, 6, 9, 10, 11), (5, 3, 1, 2, 4, 6, 8, 9, 10, 7, 11), (2, 1, 3, 4, 5, 6, 7, 8, 9, 10, 11), (3, 4, 1, 5, 2, 8, 10, 9, 6, 11, 7)}
M(B) = 
[[1, 2, 3, 4, 5, 6, 7, 8, 9, 10, 11], [1, 3, 2, 4, 5, 6, 7, 8, 9, 10, 11], [3, 1, 2, 4, 5, 6, 7, 8, 9, 10, 11]]
Distance: 44
M(A) inter A:
set()
M(B) inter B:
set()

AUB = 
{(2, 1, 3, 4, 5, 8, 6, 7, 11, 10, 9), (3, 4, 1, 5, 2, 8, 10, 9, 6, 11, 7), (2, 4, 3, 5, 1, 7, 10, 9, 6, 11, 8), (5, 3, 1, 2, 4, 6, 8, 9, 10, 7, 11), (2, 1, 3, 4, 5, 6, 7, 8, 9, 10, 11), (1, 2, 3, 4, 5, 6, 7, 8, 9, 10, 11), (1, 2, 7, 3, 6, 4, 5, 11, 8, 9, 10), (1, 7, 5, 3, 8, 4, 2, 6, 9, 10, 11), (3, 1, 6, 4, 10, 5, 2, 7, 11, 9, 8), (3, 1, 7, 4, 5, 2, 8, 9, 6, 11, 10)}
M(AUB) = 
[[1, 2, 3, 4, 5, 6, 7, 8, 9, 10, 11], [1, 3, 2, 4, 5, 6, 7, 8, 9, 10, 11], [3, 1, 2, 4, 5, 6, 7, 8, 9, 10, 11]]
Distance:89

(21)
A = 
{(3, 4, 1, 5, 2, 7, 6, 8, 10, 11, 9), (5, 3, 1, 4, 8, 2, 6, 9, 11, 10, 7), (1, 3, 2, 6, 4, 8, 5, 9, 7, 10, 11), (1, 5, 2, 7, 4, 3, 6, 9, 8, 11, 10), (1, 2, 3, 4, 5, 6, 7, 8, 9, 10, 11)}
M(A) = 
[[1, 2, 3, 4, 5, 7, 6, 8, 9, 10, 11], [1, 2, 3, 4, 5, 7, 6, 8, 9, 11, 10], [1, 2, 3, 5, 4, 7, 6, 8, 9, 10, 11], [1, 2, 3, 5, 4, 7, 6, 8, 9, 11, 10], [1, 2, 5, 3, 4, 7, 6, 8, 9, 10, 11], [1, 2, 5, 3, 4, 7, 6, 8, 9, 11, 10]]
Distance: 36
B = 
{(7, 2, 4, 1, 6, 5, 3, 11, 10, 9, 8), (1, 2, 7, 3, 5, 8, 4, 6, 9, 11, 10), (1, 5, 7, 2, 6, 3, 8, 9, 4, 10, 11), (4, 1, 2, 5, 3, 7, 6, 8, 9, 10, 11), (2, 3, 5, 1, 6, 4, 9, 7, 8, 11, 10)}
M(B) = 
[[1, 2, 3, 4, 5, 7, 6, 8, 9, 10, 11], [1, 2, 3, 4, 5, 7, 6, 8, 9, 11, 10], [1, 2, 3, 5, 4, 7, 6, 8, 9, 10, 11], [1, 2, 3, 5, 4, 7, 6, 8, 9, 11, 10], [1, 2, 5, 3, 4, 7, 6, 8, 9, 10, 11], [1, 2, 5, 3, 4, 7, 6, 8, 9, 11, 10]]
Distance: 42
M(A) inter A:
set()
M(B) inter B:
set()

AUB = 
{(2, 3, 5, 1, 6, 4, 9, 7, 8, 11, 10), (5, 3, 1, 4, 8, 2, 6, 9, 11, 10, 7), (1, 3, 2, 6, 4, 8, 5, 9, 7, 10, 11), (3, 4, 1, 5, 2, 7, 6, 8, 10, 11, 9), (1, 5, 2, 7, 4, 3, 6, 9, 8, 11, 10), (1, 2, 3, 4, 5, 6, 7, 8, 9, 10, 11), (1, 2, 7, 3, 5, 8, 4, 6, 9, 11, 10), (1, 5, 7, 2, 6, 3, 8, 9, 4, 10, 11), (4, 1, 2, 5, 3, 7, 6, 8, 9, 10, 11), (7, 2, 4, 1, 6, 5, 3, 11, 10, 9, 8)}
M(AUB) = 
[[1, 2, 3, 4, 5, 7, 6, 8, 9, 10, 11], [1, 2, 3, 4, 5, 7, 6, 8, 9, 11, 10], [1, 2, 3, 5, 4, 7, 6, 8, 9, 10, 11], [1, 2, 3, 5, 4, 7, 6, 8, 9, 11, 10], [1, 2, 5, 3, 4, 7, 6, 8, 9, 10, 11], [1, 2, 5, 3, 4, 7, 6, 8, 9, 11, 10]]
Distance:85

(22)
A = 
{(1, 2, 6, 4, 3, 8, 5, 10, 7, 9, 11), (1, 3, 2, 4, 7, 11, 5, 6, 8, 9, 10), (1, 5, 2, 3, 4, 7, 8, 10, 11, 9, 6), (1, 2, 3, 5, 4, 9, 7, 6, 8, 10, 11), (1, 2, 3, 7, 5, 6, 4, 8, 9, 11, 10)}
M(A) = 
[[1, 2, 3, 4, 5, 6, 7, 8, 9, 10, 11], [1, 2, 3, 4, 5, 7, 6, 8, 9, 10, 11]]
Distance: 33
B = 
{(3, 2, 1, 4, 6, 8, 5, 9, 10, 7, 11), (1, 2, 3, 4, 5, 6, 9, 7, 8, 11, 10), (2, 3, 7, 1, 8, 4, 5, 10, 6, 11, 9), (2, 1, 4, 5, 3, 6, 7, 8, 9, 10, 11), (2, 5, 4, 1, 6, 7, 3, 9, 10, 8, 11)}
M(B) = 
[[1, 2, 3, 4, 5, 6, 7, 8, 9, 10, 11], [1, 2, 3, 4, 5, 7, 6, 8, 9, 10, 11]]
Distance: 33
M(A) inter A:
set()
M(B) inter B:
set()

AUB = 
{(2, 3, 7, 1, 8, 4, 5, 10, 6, 11, 9), (1, 2, 3, 7, 5, 6, 4, 8, 9, 11, 10), (1, 2, 3, 4, 5, 6, 9, 7, 8, 11, 10), (1, 2, 3, 5, 4, 9, 7, 6, 8, 10, 11), (1, 2, 6, 4, 3, 8, 5, 10, 7, 9, 11), (3, 2, 1, 4, 6, 8, 5, 9, 10, 7, 11), (1, 3, 2, 4, 7, 11, 5, 6, 8, 9, 10), (1, 5, 2, 3, 4, 7, 8, 10, 11, 9, 6), (2, 1, 4, 5, 3, 6, 7, 8, 9, 10, 11), (2, 5, 4, 1, 6, 7, 3, 9, 10, 8, 11)}
M(AUB) = 
[[1, 2, 3, 4, 5, 6, 7, 8, 9, 10, 11], [1, 2, 3, 4, 5, 7, 6, 8, 9, 10, 11]]
Distance:73

(23)
A = 
{(1, 2, 4, 6, 3, 5, 9, 10, 7, 8, 11), (4, 2, 1, 3, 9, 5, 8, 7, 11, 6, 10), (6, 1, 5, 3, 2, 7, 11, 8, 4, 10, 9), (3, 4, 7, 1, 10, 8, 9, 6, 11, 5, 2), (1, 2, 6, 4, 5, 3, 9, 7, 8, 11, 10)}
M(A) = 
[[1, 2, 3, 4, 5, 6, 7, 9, 10, 8, 11], [1, 2, 3, 4, 5, 6, 7, 10, 9, 8, 11], [1, 2, 3, 4, 6, 5, 7, 9, 10, 8, 11], [1, 2, 3, 4, 6, 5, 7, 10, 9, 8, 11], [1, 2, 4, 3, 5, 6, 7, 9, 10, 8, 11], [1, 2, 4, 3, 5, 6, 7, 10, 9, 8, 11], [1, 2, 4, 3, 6, 5, 7, 9, 10, 8, 11], [1, 2, 4, 3, 6, 5, 7, 10, 9, 8, 11], [1, 2, 4, 5, 3, 6, 7, 9, 10, 8, 11], [1, 2, 4, 5, 3, 6, 7, 10, 9, 8, 11], [1, 2, 4, 5, 6, 3, 7, 9, 10, 8, 11], [1, 2, 4, 5, 6, 3, 7, 10, 9, 8, 11], [1, 2, 4, 6, 3, 5, 7, 9, 10, 8, 11], [1, 2, 4, 6, 3, 5, 7, 10, 9, 8, 11], [1, 2, 4, 6, 5, 3, 7, 9, 10, 8, 11], [1, 2, 4, 6, 5, 3, 7, 10, 9, 8, 11]]
Distance: 60
B = 
{(2, 1, 5, 7, 9, 3, 4, 10, 8, 11, 6), (3, 2, 1, 4, 6, 7, 5, 8, 9, 10, 11), (1, 2, 3, 4, 5, 7, 10, 6, 11, 9, 8), (4, 5, 1, 2, 6, 10, 3, 7, 9, 8, 11), (2, 4, 1, 10, 5, 6, 3, 8, 9, 7, 11)}
M(B) = 
[[1, 2, 3, 4, 5, 6, 7, 9, 10, 8, 11], [1, 2, 3, 4, 5, 6, 7, 10, 9, 8, 11], [1, 2, 3, 4, 6, 5, 7, 9, 10, 8, 11], [1, 2, 3, 4, 6, 5, 7, 10, 9, 8, 11], [1, 2, 4, 3, 5, 6, 7, 9, 10, 8, 11], [1, 2, 4, 3, 5, 6, 7, 10, 9, 8, 11], [1, 2, 4, 3, 6, 5, 7, 9, 10, 8, 11], [1, 2, 4, 3, 6, 5, 7, 10, 9, 8, 11], [1, 2, 4, 5, 3, 6, 7, 9, 10, 8, 11], [1, 2, 4, 5, 3, 6, 7, 10, 9, 8, 11], [1, 2, 4, 5, 6, 3, 7, 9, 10, 8, 11], [1, 2, 4, 5, 6, 3, 7, 10, 9, 8, 11], [1, 2, 4, 6, 3, 5, 7, 9, 10, 8, 11], [1, 2, 4, 6, 3, 5, 7, 10, 9, 8, 11], [1, 2, 4, 6, 5, 3, 7, 9, 10, 8, 11], [1, 2, 4, 6, 5, 3, 7, 10, 9, 8, 11]]
Distance: 45
M(A) inter A:
set()
M(B) inter B:
set()

AUB = 
{(3, 2, 1, 4, 6, 7, 5, 8, 9, 10, 11), (1, 2, 6, 4, 5, 3, 9, 7, 8, 11, 10), (1, 2, 3, 4, 5, 7, 10, 6, 11, 9, 8), (3, 4, 7, 1, 10, 8, 9, 6, 11, 5, 2), (4, 5, 1, 2, 6, 10, 3, 7, 9, 8, 11), (2, 1, 5, 7, 9, 3, 4, 10, 8, 11, 6), (1, 2, 4, 6, 3, 5, 9, 10, 7, 8, 11), (4, 2, 1, 3, 9, 5, 8, 7, 11, 6, 10), (6, 1, 5, 3, 2, 7, 11, 8, 4, 10, 9), (2, 4, 1, 10, 5, 6, 3, 8, 9, 7, 11)}
M(AUB) = 
[[1, 2, 3, 4, 5, 6, 7, 9, 10, 8, 11], [1, 2, 3, 4, 5, 6, 7, 10, 9, 8, 11], [1, 2, 3, 4, 6, 5, 7, 9, 10, 8, 11], [1, 2, 3, 4, 6, 5, 7, 10, 9, 8, 11], [1, 2, 4, 3, 5, 6, 7, 9, 10, 8, 11], [1, 2, 4, 3, 5, 6, 7, 10, 9, 8, 11], [1, 2, 4, 3, 6, 5, 7, 9, 10, 8, 11], [1, 2, 4, 3, 6, 5, 7, 10, 9, 8, 11], [1, 2, 4, 5, 3, 6, 7, 9, 10, 8, 11], [1, 2, 4, 5, 3, 6, 7, 10, 9, 8, 11], [1, 2, 4, 5, 6, 3, 7, 9, 10, 8, 11], [1, 2, 4, 5, 6, 3, 7, 10, 9, 8, 11], [1, 2, 4, 6, 3, 5, 7, 9, 10, 8, 11], [1, 2, 4, 6, 3, 5, 7, 10, 9, 8, 11], [1, 2, 4, 6, 5, 3, 7, 9, 10, 8, 11], [1, 2, 4, 6, 5, 3, 7, 10, 9, 8, 11]]
Distance:115

(24)
A = 
{(2, 1, 3, 5, 6, 4, 9, 7, 10, 8, 11), (4, 1, 2, 3, 7, 6, 5, 10, 9, 11, 8), (3, 2, 6, 4, 1, 5, 9, 10, 8, 11, 7), (1, 2, 6, 3, 4, 9, 8, 7, 5, 10, 11), (5, 3, 4, 2, 6, 1, 9, 10, 7, 8, 11)}
M(A) = 
[[1, 2, 3, 5, 4, 6, 9, 7, 8, 10, 11], [2, 1, 3, 5, 4, 6, 9, 7, 8, 10, 11]]
Distance: 38
B = 
{(1, 2, 5, 3, 7, 4, 8, 9, 6, 10, 11), (1, 2, 3, 5, 6, 9, 4, 7, 11, 8, 10), (2, 5, 4, 3, 1, 6, 7, 8, 11, 9, 10), (2, 1, 3, 4, 8, 5, 9, 10, 6, 11, 7), (1, 2, 5, 3, 4, 8, 7, 6, 9, 10, 11)}
M(B) = 
[[1, 2, 3, 5, 4, 6, 9, 7, 8, 10, 11], [2, 1, 3, 5, 4, 6, 9, 7, 8, 10, 11]]
Distance: 32
M(A) inter A:
set()
M(B) inter B:
set()

AUB = 
{(1, 2, 3, 5, 6, 9, 4, 7, 11, 8, 10), (3, 2, 6, 4, 1, 5, 9, 10, 8, 11, 7), (2, 1, 3, 5, 6, 4, 9, 7, 10, 8, 11), (1, 2, 6, 3, 4, 9, 8, 7, 5, 10, 11), (2, 1, 3, 4, 8, 5, 9, 10, 6, 11, 7), (5, 3, 4, 2, 6, 1, 9, 10, 7, 8, 11), (1, 2, 5, 3, 7, 4, 8, 9, 6, 10, 11), (4, 1, 2, 3, 7, 6, 5, 10, 9, 11, 8), (2, 5, 4, 3, 1, 6, 7, 8, 11, 9, 10), (1, 2, 5, 3, 4, 8, 7, 6, 9, 10, 11)}
M(AUB) = 
[[1, 2, 3, 5, 4, 6, 9, 7, 8, 10, 11], [2, 1, 3, 5, 4, 6, 9, 7, 8, 10, 11]]
Distance:82

(25)
A = 
{(1, 4, 2, 5, 3, 6, 7, 9, 8, 11, 10), (3, 1, 5, 2, 7, 8, 4, 9, 10, 11, 6), (7, 1, 5, 2, 8, 3, 4, 11, 9, 6, 10), (3, 2, 1, 5, 7, 4, 6, 8, 9, 10, 11), (2, 1, 6, 3, 5, 4, 7, 8, 9, 11, 10)}
M(A) = 
[[1, 2, 3, 5, 4, 6, 7, 8, 9, 10, 11], [1, 2, 3, 5, 4, 6, 7, 8, 9, 11, 10], [1, 2, 5, 3, 4, 6, 7, 8, 9, 10, 11], [1, 2, 5, 3, 4, 6, 7, 8, 9, 11, 10], [2, 1, 3, 5, 4, 6, 7, 8, 9, 10, 11], [2, 1, 3, 5, 4, 6, 7, 8, 9, 11, 10], [2, 1, 5, 3, 4, 6, 7, 8, 9, 10, 11], [2, 1, 5, 3, 4, 6, 7, 8, 9, 11, 10]]
Distance: 38
B = 
{(2, 5, 4, 1, 3, 6, 8, 7, 10, 11, 9), (2, 5, 1, 4, 3, 6, 8, 9, 7, 11, 10), (1, 3, 2, 5, 6, 4, 9, 8, 7, 11, 10), (2, 3, 1, 6, 5, 4, 7, 10, 8, 11, 9), (1, 2, 4, 5, 7, 8, 3, 6, 9, 10, 11)}
M(B) = 
[[1, 2, 3, 5, 4, 6, 7, 8, 9, 10, 11], [1, 2, 3, 5, 4, 6, 7, 8, 9, 11, 10], [1, 2, 5, 3, 4, 6, 7, 8, 9, 10, 11], [1, 2, 5, 3, 4, 6, 7, 8, 9, 11, 10], [2, 1, 3, 5, 4, 6, 7, 8, 9, 10, 11], [2, 1, 3, 5, 4, 6, 7, 8, 9, 11, 10], [2, 1, 5, 3, 4, 6, 7, 8, 9, 10, 11], [2, 1, 5, 3, 4, 6, 7, 8, 9, 11, 10]]
Distance: 31
M(A) inter A:
set()
M(B) inter B:
set()

AUB = 
{(2, 1, 6, 3, 5, 4, 7, 8, 9, 11, 10), (1, 3, 2, 5, 6, 4, 9, 8, 7, 11, 10), (2, 5, 4, 1, 3, 6, 8, 7, 10, 11, 9), (3, 2, 1, 5, 7, 4, 6, 8, 9, 10, 11), (1, 2, 4, 5, 7, 8, 3, 6, 9, 10, 11), (7, 1, 5, 2, 8, 3, 4, 11, 9, 6, 10), (1, 4, 2, 5, 3, 6, 7, 9, 8, 11, 10), (3, 1, 5, 2, 7, 8, 4, 9, 10, 11, 6), (2, 3, 1, 6, 5, 4, 7, 10, 8, 11, 9), (2, 5, 1, 4, 3, 6, 8, 9, 7, 11, 10)}
M(AUB) = 
[[1, 2, 3, 5, 4, 6, 7, 8, 9, 10, 11], [1, 2, 3, 5, 4, 6, 7, 8, 9, 11, 10], [1, 2, 5, 3, 4, 6, 7, 8, 9, 10, 11], [1, 2, 5, 3, 4, 6, 7, 8, 9, 11, 10], [2, 1, 3, 5, 4, 6, 7, 8, 9, 10, 11], [2, 1, 3, 5, 4, 6, 7, 8, 9, 11, 10], [2, 1, 5, 3, 4, 6, 7, 8, 9, 10, 11], [2, 1, 5, 3, 4, 6, 7, 8, 9, 11, 10]]
Distance:76

(26)
A = 
{(2, 7, 1, 3, 5, 9, 4, 10, 8, 6, 11), (1, 2, 3, 5, 8, 7, 6, 4, 9, 10, 11), (5, 2, 10, 1, 4, 9, 8, 3, 6, 7, 11), (1, 2, 3, 5, 4, 7, 6, 11, 10, 8, 9), (2, 1, 4, 7, 3, 8, 6, 5, 9, 11, 10)}
M(A) = 
[[1, 2, 4, 3, 5, 7, 8, 6, 9, 10, 11], [2, 1, 4, 3, 5, 7, 8, 6, 9, 10, 11]]
Distance: 46
B = 
{(1, 4, 2, 3, 6, 5, 7, 8, 9, 11, 10), (4, 3, 2, 1, 7, 5, 8, 6, 9, 10, 11), (4, 3, 1, 2, 5, 6, 8, 7, 10, 11, 9), (2, 1, 5, 3, 7, 10, 4, 6, 11, 8, 9), (1, 2, 4, 7, 9, 3, 5, 8, 6, 11, 10)}
M(B) = 
[[1, 2, 4, 3, 5, 7, 8, 6, 9, 10, 11], [2, 1, 4, 3, 5, 7, 8, 6, 9, 10, 11]]
Distance: 37
M(A) inter A:
set()
M(B) inter B:
set()

AUB = 
{(1, 2, 3, 5, 8, 7, 6, 4, 9, 10, 11), (2, 1, 4, 7, 3, 8, 6, 5, 9, 11, 10), (1, 4, 2, 3, 6, 5, 7, 8, 9, 11, 10), (4, 3, 2, 1, 7, 5, 8, 6, 9, 10, 11), (2, 7, 1, 3, 5, 9, 4, 10, 8, 6, 11), (1, 2, 4, 7, 9, 3, 5, 8, 6, 11, 10), (5, 2, 10, 1, 4, 9, 8, 3, 6, 7, 11), (4, 3, 1, 2, 5, 6, 8, 7, 10, 11, 9), (1, 2, 3, 5, 4, 7, 6, 11, 10, 8, 9), (2, 1, 5, 3, 7, 10, 4, 6, 11, 8, 9)}
M(AUB) = 
[[1, 2, 4, 3, 5, 7, 8, 6, 9, 10, 11], [2, 1, 4, 3, 5, 7, 8, 6, 9, 10, 11]]
Distance:90

(27)
A = 
{(2, 4, 3, 5, 1, 6, 9, 7, 8, 10, 11), (1, 8, 3, 4, 5, 6, 11, 9, 2, 7, 10), (3, 1, 2, 4, 5, 6, 7, 8, 10, 9, 11), (1, 7, 2, 3, 5, 6, 4, 10, 9, 8, 11), (1, 3, 4, 2, 7, 10, 6, 5, 8, 9, 11)}
M(A) = 
[[1, 2, 3, 4, 5, 7, 6, 8, 10, 9, 11], [1, 2, 3, 4, 5, 7, 6, 10, 8, 9, 11]]
Distance: 43
B = 
{(2, 1, 5, 3, 7, 4, 6, 10, 9, 8, 11), (2, 4, 1, 8, 5, 3, 7, 6, 9, 11, 10), (1, 3, 6, 2, 8, 4, 5, 11, 7, 10, 9), (1, 2, 3, 4, 7, 5, 9, 10, 11, 8, 6), (2, 1, 3, 5, 7, 4, 6, 10, 8, 9, 11)}
M(B) = 
[[1, 2, 3, 4, 5, 7, 6, 8, 10, 9, 11], [1, 2, 3, 4, 5, 7, 6, 10, 8, 9, 11]]
Distance: 38
M(A) inter A:
set()
M(B) inter B:
set()

AUB = 
{(2, 4, 3, 5, 1, 6, 9, 7, 8, 10, 11), (2, 1, 3, 5, 7, 4, 6, 10, 8, 9, 11), (2, 4, 1, 8, 5, 3, 7, 6, 9, 11, 10), (1, 7, 2, 3, 5, 6, 4, 10, 9, 8, 11), (1, 2, 3, 4, 7, 5, 9, 10, 11, 8, 6), (3, 1, 2, 4, 5, 6, 7, 8, 10, 9, 11), (1, 3, 6, 2, 8, 4, 5, 11, 7, 10, 9), (1, 8, 3, 4, 5, 6, 11, 9, 2, 7, 10), (2, 1, 5, 3, 7, 4, 6, 10, 9, 8, 11), (1, 3, 4, 2, 7, 10, 6, 5, 8, 9, 11)}
M(AUB) = 
[[1, 2, 3, 4, 5, 7, 6, 8, 10, 9, 11], [1, 2, 3, 4, 5, 7, 6, 10, 8, 9, 11]]
Distance:85

(28)
A = 
{(3, 2, 5, 4, 1, 7, 10, 11, 6, 9, 8), (1, 2, 3, 5, 6, 4, 8, 11, 10, 9, 7), (2, 1, 3, 4, 5, 9, 6, 7, 10, 8, 11), (3, 1, 2, 6, 11, 5, 9, 7, 4, 8, 10), (1, 5, 3, 4, 2, 6, 10, 8, 11, 9, 7)}
M(A) = 
[[1, 2, 3, 5, 4, 6, 9, 7, 8, 10, 11], [1, 2, 3, 5, 4, 6, 9, 7, 10, 8, 11], [2, 1, 3, 5, 4, 6, 9, 7, 8, 10, 11], [2, 1, 3, 5, 4, 6, 9, 7, 10, 8, 11]]
Distance: 43
B = 
{(2, 1, 3, 5, 6, 9, 4, 8, 10, 11, 7), (2, 3, 4, 7, 1, 6, 9, 5, 10, 8, 11), (4, 1, 3, 2, 7, 10, 6, 5, 8, 11, 9), (2, 1, 3, 4, 5, 9, 6, 8, 7, 11, 10), (1, 2, 5, 3, 4, 6, 7, 9, 11, 8, 10)}
M(B) = 
[[1, 2, 3, 5, 4, 6, 9, 7, 8, 10, 11], [1, 2, 3, 5, 4, 6, 9, 7, 10, 8, 11], [2, 1, 3, 5, 4, 6, 9, 7, 8, 10, 11], [2, 1, 3, 5, 4, 6, 9, 7, 10, 8, 11]]
Distance: 38
M(A) inter A:
set()
M(B) inter B:
set()

AUB = 
{(1, 5, 3, 4, 2, 6, 10, 8, 11, 9, 7), (1, 2, 5, 3, 4, 6, 7, 9, 11, 8, 10), (3, 1, 2, 6, 11, 5, 9, 7, 4, 8, 10), (4, 1, 3, 2, 7, 10, 6, 5, 8, 11, 9), (3, 2, 5, 4, 1, 7, 10, 11, 6, 9, 8), (2, 1, 3, 5, 6, 9, 4, 8, 10, 11, 7), (2, 1, 3, 4, 5, 9, 6, 8, 7, 11, 10), (1, 2, 3, 5, 6, 4, 8, 11, 10, 9, 7), (2, 3, 4, 7, 1, 6, 9, 5, 10, 8, 11), (2, 1, 3, 4, 5, 9, 6, 7, 10, 8, 11)}
M(AUB) = 
[[1, 2, 3, 5, 4, 6, 9, 7, 8, 10, 11], [1, 2, 3, 5, 4, 6, 9, 7, 10, 8, 11], [2, 1, 3, 5, 4, 6, 9, 7, 8, 10, 11], [2, 1, 3, 5, 4, 6, 9, 7, 10, 8, 11]]
Distance:89

(29)
A = 
{(1, 3, 2, 4, 7, 5, 9, 6, 8, 10, 11), (1, 2, 3, 4, 5, 6, 7, 8, 9, 10, 11), (1, 2, 3, 4, 5, 7, 11, 8, 6, 9, 10), (3, 1, 2, 4, 5, 11, 6, 8, 9, 7, 10), (2, 1, 3, 5, 4, 8, 6, 7, 9, 11, 10)}
M(A) = 
[[1, 2, 3, 4, 5, 6, 7, 8, 9, 10, 11], [1, 2, 3, 4, 5, 6, 7, 8, 9, 11, 10], [1, 2, 3, 4, 5, 7, 6, 8, 9, 10, 11], [1, 2, 3, 4, 5, 7, 6, 8, 9, 11, 10]]
Distance: 24
B = 
{(6, 1, 2, 3, 8, 9, 7, 5, 4, 11, 10), (1, 2, 5, 4, 3, 7, 9, 6, 10, 8, 11), (2, 3, 5, 1, 4, 6, 10, 9, 7, 11, 8), (2, 4, 1, 5, 3, 8, 7, 6, 9, 11, 10), (2, 7, 3, 1, 4, 6, 8, 5, 10, 9, 11)}
M(B) = 
[[1, 2, 3, 4, 5, 6, 7, 8, 9, 10, 11], [1, 2, 3, 4, 5, 6, 7, 8, 9, 11, 10], [1, 2, 3, 4, 5, 7, 6, 8, 9, 10, 11], [1, 2, 3, 4, 5, 7, 6, 8, 9, 11, 10]]
Distance: 47
M(A) inter A:
set()
M(B) inter B:
set()

AUB = 
{(2, 4, 1, 5, 3, 8, 7, 6, 9, 11, 10), (2, 1, 3, 5, 4, 8, 6, 7, 9, 11, 10), (1, 3, 2, 4, 7, 5, 9, 6, 8, 10, 11), (2, 3, 5, 1, 4, 6, 10, 9, 7, 11, 8), (3, 1, 2, 4, 5, 11, 6, 8, 9, 7, 10), (1, 2, 3, 4, 5, 7, 11, 8, 6, 9, 10), (1, 2, 3, 4, 5, 6, 7, 8, 9, 10, 11), (6, 1, 2, 3, 8, 9, 7, 5, 4, 11, 10), (1, 2, 5, 4, 3, 7, 9, 6, 10, 8, 11), (2, 7, 3, 1, 4, 6, 8, 5, 10, 9, 11)}
M(AUB) = 
[[1, 2, 3, 4, 5, 6, 7, 8, 9, 10, 11], [1, 2, 3, 4, 5, 6, 7, 8, 9, 11, 10], [1, 2, 3, 4, 5, 7, 6, 8, 9, 10, 11], [1, 2, 3, 4, 5, 7, 6, 8, 9, 11, 10]]
Distance:75

(30)
A = 
{(3, 1, 7, 6, 4, 2, 9, 5, 8, 10, 11), (9, 1, 3, 7, 8, 6, 4, 5, 2, 11, 10), (1, 2, 7, 3, 8, 4, 5, 6, 10, 9, 11), (1, 5, 8, 3, 2, 9, 6, 4, 7, 11, 10), (2, 4, 5, 1, 10, 8, 3, 6, 7, 11, 9)}
M(A) = 
[[1, 2, 3, 4, 5, 6, 7, 8, 9, 10, 11], [1, 2, 3, 4, 5, 6, 7, 8, 9, 11, 10], [1, 2, 3, 4, 5, 7, 6, 8, 9, 10, 11], [1, 2, 3, 4, 5, 7, 6, 8, 9, 11, 10], [1, 2, 3, 4, 5, 7, 8, 6, 9, 10, 11], [1, 2, 3, 4, 5, 7, 8, 6, 9, 11, 10], [1, 2, 3, 4, 7, 5, 6, 8, 9, 10, 11], [1, 2, 3, 4, 7, 5, 6, 8, 9, 11, 10], [1, 2, 3, 4, 7, 5, 8, 6, 9, 10, 11], [1, 2, 3, 4, 7, 5, 8, 6, 9, 11, 10], [1, 3, 2, 4, 5, 6, 7, 8, 9, 10, 11], [1, 3, 2, 4, 5, 6, 7, 8, 9, 11, 10], [1, 3, 2, 4, 5, 7, 6, 8, 9, 10, 11], [1, 3, 2, 4, 5, 7, 6, 8, 9, 11, 10], [1, 3, 2, 4, 5, 7, 8, 6, 9, 10, 11], [1, 3, 2, 4, 5, 7, 8, 6, 9, 11, 10], [1, 3, 2, 4, 7, 5, 6, 8, 9, 10, 11], [1, 3, 2, 4, 7, 5, 6, 8, 9, 11, 10], [1, 3, 2, 4, 7, 5, 8, 6, 9, 10, 11], [1, 3, 2, 4, 7, 5, 8, 6, 9, 11, 10], [1, 3, 4, 2, 5, 6, 7, 8, 9, 10, 11], [1, 3, 4, 2, 5, 6, 7, 8, 9, 11, 10], [1, 3, 4, 2, 5, 7, 6, 8, 9, 10, 11], [1, 3, 4, 2, 5, 7, 6, 8, 9, 11, 10], [1, 3, 4, 2, 5, 7, 8, 6, 9, 10, 11], [1, 3, 4, 2, 5, 7, 8, 6, 9, 11, 10], [1, 3, 4, 2, 7, 5, 6, 8, 9, 10, 11], [1, 3, 4, 2, 7, 5, 6, 8, 9, 11, 10], [1, 3, 4, 2, 7, 5, 8, 6, 9, 10, 11], [1, 3, 4, 2, 7, 5, 8, 6, 9, 11, 10]]
Distance: 64
B = 
{(4, 2, 1, 7, 5, 3, 11, 6, 10, 8, 9), (4, 2, 1, 8, 3, 6, 7, 5, 9, 11, 10), (3, 5, 2, 7, 6, 1, 4, 10, 9, 8, 11), (1, 3, 4, 6, 5, 7, 9, 2, 8, 11, 10), (1, 2, 3, 5, 4, 6, 7, 8, 9, 10, 11)}
M(B) = 
[[1, 2, 3, 4, 5, 6, 7, 8, 9, 10, 11], [1, 2, 3, 4, 5, 6, 7, 8, 9, 11, 10], [1, 2, 3, 4, 5, 7, 6, 8, 9, 10, 11], [1, 2, 3, 4, 5, 7, 6, 8, 9, 11, 10], [1, 2, 3, 4, 5, 7, 8, 6, 9, 10, 11], [1, 2, 3, 4, 5, 7, 8, 6, 9, 11, 10], [1, 2, 3, 4, 7, 5, 6, 8, 9, 10, 11], [1, 2, 3, 4, 7, 5, 6, 8, 9, 11, 10], [1, 2, 3, 4, 7, 5, 8, 6, 9, 10, 11], [1, 2, 3, 4, 7, 5, 8, 6, 9, 11, 10], [1, 3, 2, 4, 5, 6, 7, 8, 9, 10, 11], [1, 3, 2, 4, 5, 6, 7, 8, 9, 11, 10], [1, 3, 2, 4, 5, 7, 6, 8, 9, 10, 11], [1, 3, 2, 4, 5, 7, 6, 8, 9, 11, 10], [1, 3, 2, 4, 5, 7, 8, 6, 9, 10, 11], [1, 3, 2, 4, 5, 7, 8, 6, 9, 11, 10], [1, 3, 2, 4, 7, 5, 6, 8, 9, 10, 11], [1, 3, 2, 4, 7, 5, 6, 8, 9, 11, 10], [1, 3, 2, 4, 7, 5, 8, 6, 9, 10, 11], [1, 3, 2, 4, 7, 5, 8, 6, 9, 11, 10], [1, 3, 4, 2, 5, 6, 7, 8, 9, 10, 11], [1, 3, 4, 2, 5, 6, 7, 8, 9, 11, 10], [1, 3, 4, 2, 5, 7, 6, 8, 9, 10, 11], [1, 3, 4, 2, 5, 7, 6, 8, 9, 11, 10], [1, 3, 4, 2, 5, 7, 8, 6, 9, 10, 11], [1, 3, 4, 2, 5, 7, 8, 6, 9, 11, 10], [1, 3, 4, 2, 7, 5, 6, 8, 9, 10, 11], [1, 3, 4, 2, 7, 5, 6, 8, 9, 11, 10], [1, 3, 4, 2, 7, 5, 8, 6, 9, 10, 11], [1, 3, 4, 2, 7, 5, 8, 6, 9, 11, 10]]
Distance: 47
M(A) inter A:
set()
M(B) inter B:
set()

AUB = 
{(4, 2, 1, 8, 3, 6, 7, 5, 9, 11, 10), (1, 2, 7, 3, 8, 4, 5, 6, 10, 9, 11), (1, 5, 8, 3, 2, 9, 6, 4, 7, 11, 10), (2, 4, 5, 1, 10, 8, 3, 6, 7, 11, 9), (1, 3, 4, 6, 5, 7, 9, 2, 8, 11, 10), (3, 1, 7, 6, 4, 2, 9, 5, 8, 10, 11), (4, 2, 1, 7, 5, 3, 11, 6, 10, 8, 9), (9, 1, 3, 7, 8, 6, 4, 5, 2, 11, 10), (3, 5, 2, 7, 6, 1, 4, 10, 9, 8, 11), (1, 2, 3, 5, 4, 6, 7, 8, 9, 10, 11)}
M(AUB) = 
[[1, 2, 3, 4, 5, 6, 7, 8, 9, 10, 11], [1, 2, 3, 4, 5, 6, 7, 8, 9, 11, 10], [1, 2, 3, 4, 5, 7, 6, 8, 9, 10, 11], [1, 2, 3, 4, 5, 7, 6, 8, 9, 11, 10], [1, 2, 3, 4, 5, 7, 8, 6, 9, 10, 11], [1, 2, 3, 4, 5, 7, 8, 6, 9, 11, 10], [1, 2, 3, 4, 7, 5, 6, 8, 9, 10, 11], [1, 2, 3, 4, 7, 5, 6, 8, 9, 11, 10], [1, 2, 3, 4, 7, 5, 8, 6, 9, 10, 11], [1, 2, 3, 4, 7, 5, 8, 6, 9, 11, 10], [1, 3, 2, 4, 5, 6, 7, 8, 9, 10, 11], [1, 3, 2, 4, 5, 6, 7, 8, 9, 11, 10], [1, 3, 2, 4, 5, 7, 6, 8, 9, 10, 11], [1, 3, 2, 4, 5, 7, 6, 8, 9, 11, 10], [1, 3, 2, 4, 5, 7, 8, 6, 9, 10, 11], [1, 3, 2, 4, 5, 7, 8, 6, 9, 11, 10], [1, 3, 2, 4, 7, 5, 6, 8, 9, 10, 11], [1, 3, 2, 4, 7, 5, 6, 8, 9, 11, 10], [1, 3, 2, 4, 7, 5, 8, 6, 9, 10, 11], [1, 3, 2, 4, 7, 5, 8, 6, 9, 11, 10], [1, 3, 4, 2, 5, 6, 7, 8, 9, 10, 11], [1, 3, 4, 2, 5, 6, 7, 8, 9, 11, 10], [1, 3, 4, 2, 5, 7, 6, 8, 9, 10, 11], [1, 3, 4, 2, 5, 7, 6, 8, 9, 11, 10], [1, 3, 4, 2, 5, 7, 8, 6, 9, 10, 11], [1, 3, 4, 2, 5, 7, 8, 6, 9, 11, 10], [1, 3, 4, 2, 7, 5, 6, 8, 9, 10, 11], [1, 3, 4, 2, 7, 5, 6, 8, 9, 11, 10], [1, 3, 4, 2, 7, 5, 8, 6, 9, 10, 11], [1, 3, 4, 2, 7, 5, 8, 6, 9, 11, 10]]
Distance:120

(31)
A = 
{(5, 1, 2, 4, 3, 7, 8, 6, 10, 11, 9), (3, 5, 1, 6, 2, 4, 7, 9, 8, 10, 11), (1, 3, 4, 2, 7, 6, 9, 5, 10, 8, 11), (3, 1, 2, 4, 6, 8, 7, 5, 9, 10, 11), (3, 1, 5, 2, 7, 4, 6, 9, 10, 11, 8)}
M(A) = 
[[1, 2, 3, 5, 4, 6, 7, 9, 8, 10, 11], [1, 2, 3, 5, 4, 7, 6, 9, 8, 10, 11]]
Distance: 32
B = 
{(1, 2, 3, 6, 4, 5, 7, 9, 10, 11, 8), (1, 2, 7, 5, 3, 4, 6, 8, 11, 9, 10), (1, 2, 5, 4, 11, 6, 8, 3, 7, 9, 10), (2, 1, 6, 3, 5, 7, 9, 4, 10, 8, 11), (2, 3, 1, 5, 7, 4, 9, 8, 6, 11, 10)}
M(B) = 
[[1, 2, 3, 5, 4, 6, 7, 9, 8, 10, 11], [1, 2, 3, 5, 4, 7, 6, 9, 8, 10, 11]]
Distance: 38
M(A) inter A:
set()
M(B) inter B:
set()

AUB = 
{(5, 1, 2, 4, 3, 7, 8, 6, 10, 11, 9), (3, 1, 2, 4, 6, 8, 7, 5, 9, 10, 11), (2, 3, 1, 5, 7, 4, 9, 8, 6, 11, 10), (1, 3, 4, 2, 7, 6, 9, 5, 10, 8, 11), (1, 2, 7, 5, 3, 4, 6, 8, 11, 9, 10), (1, 2, 5, 4, 11, 6, 8, 3, 7, 9, 10), (3, 1, 5, 2, 7, 4, 6, 9, 10, 11, 8), (3, 5, 1, 6, 2, 4, 7, 9, 8, 10, 11), (2, 1, 6, 3, 5, 7, 9, 4, 10, 8, 11), (1, 2, 3, 6, 4, 5, 7, 9, 10, 11, 8)}
M(AUB) = 
[[1, 2, 3, 5, 4, 6, 7, 9, 8, 10, 11], [1, 2, 3, 5, 4, 7, 6, 9, 8, 10, 11]]
Distance:77

(32)
A = 
{(2, 4, 6, 1, 3, 5, 7, 11, 8, 9, 10), (1, 3, 8, 2, 4, 5, 6, 9, 10, 7, 11), (3, 1, 6, 8, 7, 2, 9, 4, 5, 11, 10), (2, 1, 4, 5, 3, 7, 8, 11, 6, 10, 9), (1, 5, 3, 11, 4, 2, 6, 8, 7, 9, 10)}
M(A) = 
[[1, 2, 3, 4, 5, 6, 7, 8, 9, 10, 11], [1, 2, 3, 4, 5, 6, 7, 8, 9, 11, 10], [1, 2, 3, 4, 5, 6, 7, 8, 11, 9, 10], [1, 2, 3, 4, 6, 5, 7, 8, 9, 10, 11], [1, 2, 3, 4, 6, 5, 7, 8, 9, 11, 10], [1, 2, 3, 4, 6, 5, 7, 8, 11, 9, 10], [1, 2, 4, 3, 5, 6, 7, 8, 9, 10, 11], [1, 2, 4, 3, 5, 6, 7, 8, 9, 11, 10], [1, 2, 4, 3, 5, 6, 7, 8, 11, 9, 10], [1, 2, 4, 3, 6, 5, 7, 8, 9, 10, 11], [1, 2, 4, 3, 6, 5, 7, 8, 9, 11, 10], [1, 2, 4, 3, 6, 5, 7, 8, 11, 9, 10], [2, 1, 3, 4, 5, 6, 7, 8, 9, 10, 11], [2, 1, 3, 4, 5, 6, 7, 8, 9, 11, 10], [2, 1, 3, 4, 5, 6, 7, 8, 11, 9, 10], [2, 1, 3, 4, 6, 5, 7, 8, 9, 10, 11], [2, 1, 3, 4, 6, 5, 7, 8, 9, 11, 10], [2, 1, 3, 4, 6, 5, 7, 8, 11, 9, 10], [2, 1, 4, 3, 5, 6, 7, 8, 9, 10, 11], [2, 1, 4, 3, 5, 6, 7, 8, 9, 11, 10], [2, 1, 4, 3, 5, 6, 7, 8, 11, 9, 10], [2, 1, 4, 3, 6, 5, 7, 8, 9, 10, 11], [2, 1, 4, 3, 6, 5, 7, 8, 9, 11, 10], [2, 1, 4, 3, 6, 5, 7, 8, 11, 9, 10]]
Distance: 48
B = 
{(2, 4, 1, 3, 6, 5, 10, 7, 8, 9, 11), (1, 4, 7, 2, 8, 3, 11, 9, 6, 5, 10), (1, 2, 3, 4, 5, 7, 9, 10, 6, 11, 8), (2, 4, 1, 3, 10, 7, 5, 8, 6, 11, 9), (2, 3, 1, 6, 5, 4, 7, 10, 9, 11, 8)}
M(B) = 
[[1, 2, 3, 4, 5, 6, 7, 8, 9, 10, 11], [1, 2, 3, 4, 5, 6, 7, 8, 9, 11, 10], [1, 2, 3, 4, 5, 6, 7, 8, 11, 9, 10], [1, 2, 3, 4, 6, 5, 7, 8, 9, 10, 11], [1, 2, 3, 4, 6, 5, 7, 8, 9, 11, 10], [1, 2, 3, 4, 6, 5, 7, 8, 11, 9, 10], [1, 2, 4, 3, 5, 6, 7, 8, 9, 10, 11], [1, 2, 4, 3, 5, 6, 7, 8, 9, 11, 10], [1, 2, 4, 3, 5, 6, 7, 8, 11, 9, 10], [1, 2, 4, 3, 6, 5, 7, 8, 9, 10, 11], [1, 2, 4, 3, 6, 5, 7, 8, 9, 11, 10], [1, 2, 4, 3, 6, 5, 7, 8, 11, 9, 10], [2, 1, 3, 4, 5, 6, 7, 8, 9, 10, 11], [2, 1, 3, 4, 5, 6, 7, 8, 9, 11, 10], [2, 1, 3, 4, 5, 6, 7, 8, 11, 9, 10], [2, 1, 3, 4, 6, 5, 7, 8, 9, 10, 11], [2, 1, 3, 4, 6, 5, 7, 8, 9, 11, 10], [2, 1, 3, 4, 6, 5, 7, 8, 11, 9, 10], [2, 1, 4, 3, 5, 6, 7, 8, 9, 10, 11], [2, 1, 4, 3, 5, 6, 7, 8, 9, 11, 10], [2, 1, 4, 3, 5, 6, 7, 8, 11, 9, 10], [2, 1, 4, 3, 6, 5, 7, 8, 9, 10, 11], [2, 1, 4, 3, 6, 5, 7, 8, 9, 11, 10], [2, 1, 4, 3, 6, 5, 7, 8, 11, 9, 10]]
Distance: 43
M(A) inter A:
set()
M(B) inter B:
set()

AUB = 
{(2, 1, 4, 5, 3, 7, 8, 11, 6, 10, 9), (2, 4, 1, 3, 10, 7, 5, 8, 6, 11, 9), (3, 1, 6, 8, 7, 2, 9, 4, 5, 11, 10), (1, 2, 3, 4, 5, 7, 9, 10, 6, 11, 8), (1, 5, 3, 11, 4, 2, 6, 8, 7, 9, 10), (2, 4, 6, 1, 3, 5, 7, 11, 8, 9, 10), (2, 3, 1, 6, 5, 4, 7, 10, 9, 11, 8), (1, 4, 7, 2, 8, 3, 11, 9, 6, 5, 10), (1, 3, 8, 2, 4, 5, 6, 9, 10, 7, 11), (2, 4, 1, 3, 6, 5, 10, 7, 8, 9, 11)}
M(AUB) = 
[[1, 2, 3, 4, 5, 6, 7, 8, 9, 10, 11], [1, 2, 3, 4, 5, 6, 7, 8, 9, 11, 10], [1, 2, 3, 4, 5, 6, 7, 8, 11, 9, 10], [1, 2, 3, 4, 6, 5, 7, 8, 9, 10, 11], [1, 2, 3, 4, 6, 5, 7, 8, 9, 11, 10], [1, 2, 3, 4, 6, 5, 7, 8, 11, 9, 10], [1, 2, 4, 3, 5, 6, 7, 8, 9, 10, 11], [1, 2, 4, 3, 5, 6, 7, 8, 9, 11, 10], [1, 2, 4, 3, 5, 6, 7, 8, 11, 9, 10], [1, 2, 4, 3, 6, 5, 7, 8, 9, 10, 11], [1, 2, 4, 3, 6, 5, 7, 8, 9, 11, 10], [1, 2, 4, 3, 6, 5, 7, 8, 11, 9, 10], [2, 1, 3, 4, 5, 6, 7, 8, 9, 10, 11], [2, 1, 3, 4, 5, 6, 7, 8, 9, 11, 10], [2, 1, 3, 4, 5, 6, 7, 8, 11, 9, 10], [2, 1, 3, 4, 6, 5, 7, 8, 9, 10, 11], [2, 1, 3, 4, 6, 5, 7, 8, 9, 11, 10], [2, 1, 3, 4, 6, 5, 7, 8, 11, 9, 10], [2, 1, 4, 3, 5, 6, 7, 8, 9, 10, 11], [2, 1, 4, 3, 5, 6, 7, 8, 9, 11, 10], [2, 1, 4, 3, 5, 6, 7, 8, 11, 9, 10], [2, 1, 4, 3, 6, 5, 7, 8, 9, 10, 11], [2, 1, 4, 3, 6, 5, 7, 8, 9, 11, 10], [2, 1, 4, 3, 6, 5, 7, 8, 11, 9, 10]]
Distance:104

(33)
A = 
{(3, 2, 1, 9, 11, 5, 4, 7, 8, 6, 10), (2, 3, 1, 4, 5, 6, 8, 7, 9, 10, 11), (1, 2, 6, 3, 4, 9, 5, 7, 8, 10, 11), (4, 1, 2, 9, 5, 8, 3, 7, 6, 10, 11), (1, 2, 3, 4, 6, 5, 7, 10, 8, 9, 11)}
M(A) = 
[[1, 2, 3, 4, 5, 6, 8, 7, 9, 10, 11], [1, 2, 3, 4, 5, 6, 7, 8, 9, 10, 11]]
Distance: 40
B = 
{(3, 1, 4, 5, 7, 6, 2, 8, 10, 11, 9), (1, 2, 3, 5, 4, 6, 8, 9, 7, 10, 11), (3, 1, 7, 2, 10, 4, 9, 8, 5, 6, 11), (2, 4, 1, 8, 3, 5, 6, 7, 10, 9, 11), (1, 2, 6, 4, 3, 8, 5, 7, 9, 10, 11)}
M(B) = 
[[1, 2, 3, 4, 5, 6, 8, 7, 9, 10, 11], [1, 2, 3, 4, 5, 6, 7, 8, 9, 10, 11]]
Distance: 40
M(A) inter A:
set()
M(B) inter B:
set()

AUB = 
{(2, 3, 1, 4, 5, 6, 8, 7, 9, 10, 11), (3, 1, 4, 5, 7, 6, 2, 8, 10, 11, 9), (2, 4, 1, 8, 3, 5, 6, 7, 10, 9, 11), (3, 2, 1, 9, 11, 5, 4, 7, 8, 6, 10), (1, 2, 6, 3, 4, 9, 5, 7, 8, 10, 11), (1, 2, 3, 4, 6, 5, 7, 10, 8, 9, 11), (3, 1, 7, 2, 10, 4, 9, 8, 5, 6, 11), (1, 2, 3, 5, 4, 6, 8, 9, 7, 10, 11), (4, 1, 2, 9, 5, 8, 3, 7, 6, 10, 11), (1, 2, 6, 4, 3, 8, 5, 7, 9, 10, 11)}
M(AUB) = 
[[1, 2, 3, 4, 5, 6, 8, 7, 9, 10, 11], [1, 2, 3, 4, 5, 6, 7, 8, 9, 10, 11]]
Distance:84

(34)
A = 
{(7, 2, 1, 3, 6, 4, 8, 9, 10, 5, 11), (1, 2, 5, 6, 4, 3, 7, 9, 10, 11, 8), (1, 2, 3, 4, 5, 6, 8, 10, 7, 9, 11), (2, 1, 3, 4, 5, 6, 7, 8, 9, 10, 11), (2, 1, 3, 5, 4, 6, 7, 9, 8, 11, 10)}
M(A) = 
[[2, 1, 3, 4, 5, 6, 7, 8, 9, 10, 11], [2, 1, 3, 4, 6, 5, 7, 8, 9, 10, 11]]
Distance: 27
B = 
{(4, 3, 2, 1, 6, 5, 9, 8, 7, 11, 10), (2, 4, 3, 1, 6, 7, 9, 8, 11, 5, 10), (2, 1, 3, 4, 5, 6, 7, 8, 10, 9, 11), (1, 2, 3, 6, 5, 4, 7, 8, 10, 9, 11), (2, 1, 4, 7, 3, 6, 5, 10, 8, 9, 11)}
M(B) = 
[[2, 1, 3, 4, 5, 6, 7, 8, 9, 10, 11], [2, 1, 3, 4, 6, 5, 7, 8, 9, 10, 11]]
Distance: 28
M(A) inter A:
set()
M(B) inter B:
set()

AUB = 
{(1, 2, 5, 6, 4, 3, 7, 9, 10, 11, 8), (2, 4, 3, 1, 6, 7, 9, 8, 11, 5, 10), (2, 1, 3, 4, 5, 6, 7, 8, 10, 9, 11), (1, 2, 3, 4, 5, 6, 8, 10, 7, 9, 11), (1, 2, 3, 6, 5, 4, 7, 8, 10, 9, 11), (2, 1, 3, 4, 5, 6, 7, 8, 9, 10, 11), (2, 1, 3, 5, 4, 6, 7, 9, 8, 11, 10), (7, 2, 1, 3, 6, 4, 8, 9, 10, 5, 11), (4, 3, 2, 1, 6, 5, 9, 8, 7, 11, 10), (2, 1, 4, 7, 3, 6, 5, 10, 8, 9, 11)}
M(AUB) = 
[[2, 1, 3, 4, 5, 6, 7, 8, 9, 10, 11], [2, 1, 3, 4, 6, 5, 7, 8, 9, 10, 11]]
Distance:60

(35)
A = 
{(3, 1, 6, 5, 4, 2, 9, 7, 10, 8, 11), (2, 3, 6, 11, 9, 1, 7, 4, 5, 10, 8), (1, 2, 5, 3, 4, 6, 8, 10, 11, 9, 7), (1, 3, 2, 5, 4, 7, 8, 10, 6, 9, 11), (4, 3, 1, 2, 6, 5, 8, 11, 7, 10, 9)}
M(A) = 
[[1, 2, 3, 4, 6, 5, 7, 8, 9, 10, 11], [1, 2, 3, 4, 6, 5, 7, 9, 8, 10, 11], [1, 2, 3, 5, 4, 6, 7, 8, 9, 10, 11], [1, 2, 3, 5, 4, 6, 7, 9, 8, 10, 11], [1, 2, 3, 6, 5, 4, 7, 8, 9, 10, 11], [1, 2, 3, 6, 5, 4, 7, 9, 8, 10, 11]]
Distance: 51
B = 
{(2, 1, 7, 3, 6, 10, 4, 9, 8, 11, 5), (1, 2, 6, 5, 4, 3, 8, 9, 7, 10, 11), (2, 4, 3, 6, 7, 1, 9, 5, 11, 8, 10), (1, 5, 2, 4, 3, 8, 7, 6, 9, 11, 10), (1, 2, 5, 3, 7, 4, 6, 9, 10, 8, 11)}
M(B) = 
[[1, 2, 3, 4, 6, 5, 7, 8, 9, 10, 11], [1, 2, 3, 4, 6, 5, 7, 9, 8, 10, 11], [1, 2, 3, 5, 4, 6, 7, 8, 9, 10, 11], [1, 2, 3, 5, 4, 6, 7, 9, 8, 10, 11], [1, 2, 3, 6, 5, 4, 7, 8, 9, 10, 11], [1, 2, 3, 6, 5, 4, 7, 9, 8, 10, 11]]
Distance: 44
M(A) inter A:
set()
M(B) inter B:
set()

AUB = 
{(1, 2, 6, 5, 4, 3, 8, 9, 7, 10, 11), (2, 3, 6, 11, 9, 1, 7, 4, 5, 10, 8), (1, 5, 2, 4, 3, 8, 7, 6, 9, 11, 10), (1, 2, 5, 3, 7, 4, 6, 9, 10, 8, 11), (2, 4, 3, 6, 7, 1, 9, 5, 11, 8, 10), (1, 2, 5, 3, 4, 6, 8, 10, 11, 9, 7), (3, 1, 6, 5, 4, 2, 9, 7, 10, 8, 11), (4, 3, 1, 2, 6, 5, 8, 11, 7, 10, 9), (2, 1, 7, 3, 6, 10, 4, 9, 8, 11, 5), (1, 3, 2, 5, 4, 7, 8, 10, 6, 9, 11)}
M(AUB) = 
[[1, 2, 3, 4, 6, 5, 7, 8, 9, 10, 11], [1, 2, 3, 4, 6, 5, 7, 9, 8, 10, 11], [1, 2, 3, 5, 4, 6, 7, 8, 9, 10, 11], [1, 2, 3, 5, 4, 6, 7, 9, 8, 10, 11], [1, 2, 3, 6, 5, 4, 7, 8, 9, 10, 11], [1, 2, 3, 6, 5, 4, 7, 9, 8, 10, 11]]
Distance:103

(36)
A = 
{(5, 2, 1, 7, 3, 6, 4, 8, 9, 10, 11), (1, 2, 5, 3, 6, 4, 8, 7, 9, 10, 11), (1, 2, 3, 5, 4, 7, 6, 9, 8, 11, 10), (1, 2, 4, 5, 3, 8, 10, 6, 7, 9, 11), (1, 2, 3, 4, 5, 7, 8, 6, 9, 11, 10)}
M(A) = 
[[1, 2, 3, 4, 5, 7, 6, 8, 9, 10, 11], [2, 1, 3, 4, 5, 7, 6, 8, 9, 10, 11]]
Distance: 24
B = 
{(1, 2, 3, 5, 4, 7, 9, 6, 8, 10, 11), (2, 1, 4, 6, 3, 11, 8, 5, 9, 10, 7), (2, 1, 4, 3, 7, 6, 10, 11, 8, 5, 9), (4, 2, 3, 5, 1, 7, 10, 9, 8, 6, 11), (7, 3, 2, 1, 4, 8, 5, 9, 11, 10, 6)}
M(B) = 
[[1, 2, 3, 4, 5, 7, 6, 8, 9, 10, 11], [2, 1, 3, 4, 5, 7, 6, 8, 9, 10, 11]]
Distance: 50
M(A) inter A:
set()
M(B) inter B:
set()

AUB = 
{(1, 2, 5, 3, 6, 4, 8, 7, 9, 10, 11), (2, 1, 4, 6, 3, 11, 8, 5, 9, 10, 7), (4, 2, 3, 5, 1, 7, 10, 9, 8, 6, 11), (1, 2, 3, 4, 5, 7, 8, 6, 9, 11, 10), (2, 1, 4, 3, 7, 6, 10, 11, 8, 5, 9), (1, 2, 4, 5, 3, 8, 10, 6, 7, 9, 11), (5, 2, 1, 7, 3, 6, 4, 8, 9, 10, 11), (1, 2, 3, 5, 4, 7, 9, 6, 8, 10, 11), (7, 3, 2, 1, 4, 8, 5, 9, 11, 10, 6), (1, 2, 3, 5, 4, 7, 6, 9, 8, 11, 10)}
M(AUB) = 
[[1, 2, 3, 4, 5, 7, 6, 8, 9, 10, 11], [2, 1, 3, 4, 5, 7, 6, 8, 9, 10, 11]]
Distance:80

(37)
A = 
{(4, 1, 2, 9, 5, 3, 7, 8, 11, 6, 10), (1, 2, 3, 5, 4, 7, 6, 10, 8, 11, 9), (2, 4, 6, 1, 3, 9, 7, 10, 8, 11, 5), (3, 2, 1, 4, 5, 7, 6, 9, 8, 10, 11), (6, 2, 9, 5, 4, 1, 8, 10, 7, 3, 11)}
M(A) = 
[[1, 2, 4, 3, 6, 5, 7, 9, 8, 10, 11], [1, 2, 4, 3, 6, 5, 7, 9, 10, 8, 11], [1, 2, 4, 3, 6, 9, 5, 7, 8, 10, 11], [1, 2, 4, 3, 6, 9, 5, 7, 10, 8, 11], [2, 4, 1, 3, 6, 5, 7, 9, 8, 10, 11], [2, 4, 1, 3, 6, 5, 7, 9, 10, 8, 11], [2, 4, 1, 3, 6, 9, 5, 7, 8, 10, 11], [2, 4, 1, 3, 6, 9, 5, 7, 10, 8, 11], [4, 1, 2, 3, 6, 5, 7, 9, 8, 10, 11], [4, 1, 2, 3, 6, 5, 7, 9, 10, 8, 11], [4, 1, 2, 3, 6, 9, 5, 7, 8, 10, 11], [4, 1, 2, 3, 6, 9, 5, 7, 10, 8, 11]]
Distance: 52
B = 
{(4, 6, 1, 2, 5, 7, 9, 11, 3, 8, 10), (4, 1, 2, 3, 7, 9, 11, 6, 5, 10, 8), (1, 2, 3, 4, 9, 5, 6, 10, 7, 8, 11), (1, 2, 3, 7, 9, 4, 11, 6, 10, 5, 8), (4, 2, 3, 6, 1, 5, 7, 8, 10, 9, 11)}
M(B) = 
[[1, 2, 4, 3, 6, 5, 7, 9, 8, 10, 11], [1, 2, 4, 3, 6, 5, 7, 9, 10, 8, 11], [1, 2, 4, 3, 6, 9, 5, 7, 8, 10, 11], [1, 2, 4, 3, 6, 9, 5, 7, 10, 8, 11], [2, 4, 1, 3, 6, 5, 7, 9, 8, 10, 11], [2, 4, 1, 3, 6, 5, 7, 9, 10, 8, 11], [2, 4, 1, 3, 6, 9, 5, 7, 8, 10, 11], [2, 4, 1, 3, 6, 9, 5, 7, 10, 8, 11], [4, 1, 2, 3, 6, 5, 7, 9, 8, 10, 11], [4, 1, 2, 3, 6, 5, 7, 9, 10, 8, 11], [4, 1, 2, 3, 6, 9, 5, 7, 8, 10, 11], [4, 1, 2, 3, 6, 9, 5, 7, 10, 8, 11]]
Distance: 44
M(A) inter A:
set()
M(B) inter B:
set()

AUB = 
{(6, 2, 9, 5, 4, 1, 8, 10, 7, 3, 11), (3, 2, 1, 4, 5, 7, 6, 9, 8, 10, 11), (4, 6, 1, 2, 5, 7, 9, 11, 3, 8, 10), (1, 2, 3, 7, 9, 4, 11, 6, 10, 5, 8), (4, 2, 3, 6, 1, 5, 7, 8, 10, 9, 11), (2, 4, 6, 1, 3, 9, 7, 10, 8, 11, 5), (4, 1, 2, 3, 7, 9, 11, 6, 5, 10, 8), (1, 2, 3, 4, 9, 5, 6, 10, 7, 8, 11), (4, 1, 2, 9, 5, 3, 7, 8, 11, 6, 10), (1, 2, 3, 5, 4, 7, 6, 10, 8, 11, 9)}
M(AUB) = 
[[1, 2, 4, 3, 6, 5, 7, 9, 8, 10, 11], [1, 2, 4, 3, 6, 5, 7, 9, 10, 8, 11], [1, 2, 4, 3, 6, 9, 5, 7, 8, 10, 11], [1, 2, 4, 3, 6, 9, 5, 7, 10, 8, 11], [2, 4, 1, 3, 6, 5, 7, 9, 8, 10, 11], [2, 4, 1, 3, 6, 5, 7, 9, 10, 8, 11], [2, 4, 1, 3, 6, 9, 5, 7, 8, 10, 11], [2, 4, 1, 3, 6, 9, 5, 7, 10, 8, 11], [4, 1, 2, 3, 6, 5, 7, 9, 8, 10, 11], [4, 1, 2, 3, 6, 5, 7, 9, 10, 8, 11], [4, 1, 2, 3, 6, 9, 5, 7, 8, 10, 11], [4, 1, 2, 3, 6, 9, 5, 7, 10, 8, 11]]
Distance:105

(38)
A = 
{(2, 6, 1, 3, 5, 4, 9, 10, 8, 7, 11), (2, 1, 4, 3, 5, 6, 7, 8, 9, 11, 10), (2, 1, 4, 3, 7, 5, 8, 6, 9, 11, 10), (1, 2, 3, 4, 5, 6, 7, 8, 9, 11, 10), (1, 4, 3, 10, 2, 5, 7, 9, 6, 11, 8)}
M(A) = 
[[2, 1, 3, 4, 5, 6, 7, 8, 9, 11, 10], [2, 1, 4, 3, 5, 6, 7, 8, 9, 11, 10]]
Distance: 31
B = 
{(3, 2, 1, 4, 5, 10, 7, 6, 11, 9, 8), (2, 5, 1, 9, 3, 6, 4, 8, 11, 7, 10), (1, 5, 2, 3, 6, 4, 8, 9, 11, 10, 7), (1, 4, 5, 2, 3, 8, 7, 6, 11, 9, 10), (2, 4, 1, 5, 6, 3, 7, 8, 10, 9, 11)}
M(B) = 
[[2, 1, 3, 4, 5, 6, 7, 8, 9, 11, 10], [2, 1, 4, 3, 5, 6, 7, 8, 9, 11, 10]]
Distance: 43
M(A) inter A:
set()
M(B) inter B:
set()

AUB = 
{(2, 1, 4, 3, 5, 6, 7, 8, 9, 11, 10), (2, 1, 4, 3, 7, 5, 8, 6, 9, 11, 10), (1, 4, 3, 10, 2, 5, 7, 9, 6, 11, 8), (2, 6, 1, 3, 5, 4, 9, 10, 8, 7, 11), (2, 5, 1, 9, 3, 6, 4, 8, 11, 7, 10), (1, 2, 3, 4, 5, 6, 7, 8, 9, 11, 10), (1, 5, 2, 3, 6, 4, 8, 9, 11, 10, 7), (1, 4, 5, 2, 3, 8, 7, 6, 11, 9, 10), (2, 4, 1, 5, 6, 3, 7, 8, 10, 9, 11), (3, 2, 1, 4, 5, 10, 7, 6, 11, 9, 8)}
M(AUB) = 
[[2, 1, 3, 4, 5, 6, 7, 8, 9, 11, 10], [2, 1, 4, 3, 5, 6, 7, 8, 9, 11, 10]]
Distance:78

(39)
A = 
{(4, 2, 1, 5, 6, 8, 3, 7, 11, 10, 9), (2, 3, 4, 1, 8, 7, 6, 5, 10, 9, 11), (2, 1, 3, 5, 8, 7, 4, 6, 11, 9, 10), (2, 4, 1, 5, 7, 8, 6, 9, 3, 11, 10), (3, 1, 4, 7, 2, 10, 6, 5, 8, 11, 9)}
M(A) = 
[[2, 1, 3, 4, 5, 8, 7, 6, 9, 11, 10]]
Distance: 42
B = 
{(3, 1, 8, 2, 4, 6, 5, 7, 9, 11, 10), (4, 3, 5, 6, 2, 1, 7, 8, 10, 9, 11), (1, 2, 3, 4, 8, 7, 6, 9, 5, 10, 11), (1, 3, 2, 4, 5, 7, 6, 8, 9, 11, 10), (2, 1, 4, 5, 3, 8, 6, 7, 9, 11, 10)}
M(B) = 
[[2, 1, 3, 4, 5, 8, 7, 6, 9, 11, 10]]
Distance: 32
M(A) inter A:
set()
M(B) inter B:
set()

AUB = 
{(4, 3, 5, 6, 2, 1, 7, 8, 10, 9, 11), (1, 2, 3, 4, 8, 7, 6, 9, 5, 10, 11), (2, 3, 4, 1, 8, 7, 6, 5, 10, 9, 11), (2, 1, 3, 5, 8, 7, 4, 6, 11, 9, 10), (3, 1, 4, 7, 2, 10, 6, 5, 8, 11, 9), (2, 4, 1, 5, 7, 8, 6, 9, 3, 11, 10), (1, 3, 2, 4, 5, 7, 6, 8, 9, 11, 10), (2, 1, 4, 5, 3, 8, 6, 7, 9, 11, 10), (3, 1, 8, 2, 4, 6, 5, 7, 9, 11, 10), (4, 2, 1, 5, 6, 8, 3, 7, 11, 10, 9)}
M(AUB) = 
[[2, 1, 3, 4, 5, 8, 7, 6, 9, 11, 10]]
Distance:79

(40)
A = 
{(1, 2, 6, 7, 5, 4, 3, 9, 8, 11, 10), (2, 7, 3, 1, 6, 8, 4, 5, 11, 10, 9), (7, 4, 5, 2, 6, 10, 3, 1, 8, 11, 9), (1, 6, 3, 2, 4, 10, 9, 11, 7, 8, 5), (3, 4, 1, 8, 7, 2, 9, 6, 5, 11, 10)}
M(A) = 
[[1, 2, 3, 6, 4, 5, 7, 8, 10, 9, 11], [1, 2, 3, 6, 4, 5, 7, 8, 10, 11, 9], [1, 2, 3, 6, 4, 5, 7, 8, 11, 10, 9], [1, 2, 3, 6, 4, 7, 8, 5, 10, 9, 11], [1, 2, 3, 6, 4, 7, 8, 5, 10, 11, 9], [1, 2, 3, 6, 4, 7, 8, 5, 11, 10, 9], [1, 2, 3, 6, 4, 7, 5, 8, 10, 9, 11], [1, 2, 3, 6, 4, 7, 5, 8, 10, 11, 9], [1, 2, 3, 6, 4, 7, 5, 8, 11, 10, 9], [1, 2, 6, 3, 4, 5, 7, 8, 10, 9, 11], [1, 2, 6, 3, 4, 5, 7, 8, 10, 11, 9], [1, 2, 6, 3, 4, 5, 7, 8, 11, 10, 9], [1, 2, 6, 3, 4, 7, 8, 5, 10, 9, 11], [1, 2, 6, 3, 4, 7, 8, 5, 10, 11, 9], [1, 2, 6, 3, 4, 7, 8, 5, 11, 10, 9], [1, 2, 6, 3, 4, 7, 5, 8, 10, 9, 11], [1, 2, 6, 3, 4, 7, 5, 8, 10, 11, 9], [1, 2, 6, 3, 4, 7, 5, 8, 11, 10, 9]]
Distance: 63
B = 
{(1, 3, 2, 6, 4, 10, 8, 5, 7, 11, 9), (1, 2, 8, 3, 4, 6, 5, 9, 7, 11, 10), (2, 1, 5, 3, 4, 7, 6, 9, 8, 11, 10), (2, 1, 6, 4, 3, 5, 10, 7, 11, 8, 9), (5, 1, 6, 3, 2, 4, 8, 10, 7, 11, 9)}
M(B) = 
[[1, 2, 3, 6, 4, 5, 7, 8, 10, 9, 11], [1, 2, 3, 6, 4, 5, 7, 8, 10, 11, 9], [1, 2, 3, 6, 4, 5, 7, 8, 11, 10, 9], [1, 2, 3, 6, 4, 7, 8, 5, 10, 9, 11], [1, 2, 3, 6, 4, 7, 8, 5, 10, 11, 9], [1, 2, 3, 6, 4, 7, 8, 5, 11, 10, 9], [1, 2, 3, 6, 4, 7, 5, 8, 10, 9, 11], [1, 2, 3, 6, 4, 7, 5, 8, 10, 11, 9], [1, 2, 3, 6, 4, 7, 5, 8, 11, 10, 9], [1, 2, 6, 3, 4, 5, 7, 8, 10, 9, 11], [1, 2, 6, 3, 4, 5, 7, 8, 10, 11, 9], [1, 2, 6, 3, 4, 5, 7, 8, 11, 10, 9], [1, 2, 6, 3, 4, 7, 8, 5, 10, 9, 11], [1, 2, 6, 3, 4, 7, 8, 5, 10, 11, 9], [1, 2, 6, 3, 4, 7, 8, 5, 11, 10, 9], [1, 2, 6, 3, 4, 7, 5, 8, 10, 9, 11], [1, 2, 6, 3, 4, 7, 5, 8, 10, 11, 9], [1, 2, 6, 3, 4, 7, 5, 8, 11, 10, 9]]
Distance: 40
M(A) inter A:
set()
M(B) inter B:
set()

AUB = 
{(2, 7, 3, 1, 6, 8, 4, 5, 11, 10, 9), (1, 2, 8, 3, 4, 6, 5, 9, 7, 11, 10), (2, 1, 5, 3, 4, 7, 6, 9, 8, 11, 10), (1, 6, 3, 2, 4, 10, 9, 11, 7, 8, 5), (3, 4, 1, 8, 7, 2, 9, 6, 5, 11, 10), (1, 3, 2, 6, 4, 10, 8, 5, 7, 11, 9), (5, 1, 6, 3, 2, 4, 8, 10, 7, 11, 9), (1, 2, 6, 7, 5, 4, 3, 9, 8, 11, 10), (7, 4, 5, 2, 6, 10, 3, 1, 8, 11, 9), (2, 1, 6, 4, 3, 5, 10, 7, 11, 8, 9)}
M(AUB) = 
[[1, 2, 3, 6, 4, 5, 7, 8, 10, 9, 11], [1, 2, 3, 6, 4, 5, 7, 8, 10, 11, 9], [1, 2, 3, 6, 4, 5, 7, 8, 11, 10, 9], [1, 2, 3, 6, 4, 7, 8, 5, 10, 9, 11], [1, 2, 3, 6, 4, 7, 8, 5, 10, 11, 9], [1, 2, 3, 6, 4, 7, 8, 5, 11, 10, 9], [1, 2, 3, 6, 4, 7, 5, 8, 10, 9, 11], [1, 2, 3, 6, 4, 7, 5, 8, 10, 11, 9], [1, 2, 3, 6, 4, 7, 5, 8, 11, 10, 9], [1, 2, 6, 3, 4, 5, 7, 8, 10, 9, 11], [1, 2, 6, 3, 4, 5, 7, 8, 10, 11, 9], [1, 2, 6, 3, 4, 5, 7, 8, 11, 10, 9], [1, 2, 6, 3, 4, 7, 8, 5, 10, 9, 11], [1, 2, 6, 3, 4, 7, 8, 5, 10, 11, 9], [1, 2, 6, 3, 4, 7, 8, 5, 11, 10, 9], [1, 2, 6, 3, 4, 7, 5, 8, 10, 9, 11], [1, 2, 6, 3, 4, 7, 5, 8, 10, 11, 9], [1, 2, 6, 3, 4, 7, 5, 8, 11, 10, 9]]
Distance:116

(41)
A = 
{(6, 2, 1, 3, 5, 8, 11, 7, 4, 9, 10), (1, 3, 6, 2, 9, 5, 4, 10, 8, 11, 7), (8, 2, 4, 1, 5, 7, 3, 6, 11, 10, 9), (1, 4, 2, 6, 3, 7, 8, 9, 11, 5, 10), (4, 2, 5, 1, 3, 6, 7, 9, 10, 8, 11)}
M(A) = 
[[1, 2, 4, 5, 3, 6, 7, 8, 9, 10, 11], [1, 4, 2, 5, 3, 6, 7, 8, 9, 10, 11], [2, 1, 4, 5, 3, 6, 7, 8, 9, 10, 11]]
Distance: 55
B = 
{(4, 1, 3, 2, 7, 5, 6, 9, 8, 10, 11), (5, 3, 2, 6, 1, 7, 4, 11, 10, 8, 9), (1, 4, 2, 5, 6, 3, 7, 8, 9, 10, 11), (7, 1, 5, 2, 4, 3, 6, 10, 8, 11, 9), (4, 2, 1, 6, 5, 3, 8, 10, 9, 11, 7)}
M(B) = 
[[1, 2, 4, 5, 3, 6, 7, 8, 9, 10, 11], [1, 4, 2, 5, 3, 6, 7, 8, 9, 10, 11], [2, 1, 4, 5, 3, 6, 7, 8, 9, 10, 11]]
Distance: 43
M(A) inter A:
set()
M(B) inter B:
set()

AUB = 
{(6, 2, 1, 3, 5, 8, 11, 7, 4, 9, 10), (5, 3, 2, 6, 1, 7, 4, 11, 10, 8, 9), (8, 2, 4, 1, 5, 7, 3, 6, 11, 10, 9), (1, 4, 2, 6, 3, 7, 8, 9, 11, 5, 10), (4, 1, 3, 2, 7, 5, 6, 9, 8, 10, 11), (1, 3, 6, 2, 9, 5, 4, 10, 8, 11, 7), (4, 2, 5, 1, 3, 6, 7, 9, 10, 8, 11), (1, 4, 2, 5, 6, 3, 7, 8, 9, 10, 11), (7, 1, 5, 2, 4, 3, 6, 10, 8, 11, 9), (4, 2, 1, 6, 5, 3, 8, 10, 9, 11, 7)}
M(AUB) = 
[[1, 2, 4, 5, 3, 6, 7, 8, 9, 10, 11], [1, 4, 2, 5, 3, 6, 7, 8, 9, 10, 11], [2, 1, 4, 5, 3, 6, 7, 8, 9, 10, 11]]
Distance:105

(42)
A = 
{(3, 2, 1, 6, 4, 8, 5, 7, 10, 9, 11), (1, 2, 4, 10, 5, 3, 7, 9, 8, 6, 11), (2, 4, 3, 1, 5, 6, 8, 7, 10, 11, 9), (1, 4, 2, 5, 3, 6, 8, 10, 11, 7, 9), (3, 1, 2, 4, 5, 8, 6, 7, 10, 9, 11)}
M(A) = 
[[1, 2, 3, 4, 5, 6, 8, 7, 10, 9, 11], [1, 2, 3, 4, 6, 5, 8, 7, 10, 9, 11], [1, 2, 4, 3, 5, 6, 8, 7, 10, 9, 11], [1, 2, 4, 3, 6, 5, 8, 7, 10, 9, 11]]
Distance: 31
B = 
{(1, 3, 2, 6, 4, 5, 8, 7, 10, 9, 11), (1, 2, 3, 4, 5, 7, 6, 8, 9, 10, 11), (4, 1, 2, 3, 6, 5, 8, 10, 11, 9, 7), (1, 2, 4, 3, 6, 5, 8, 9, 7, 10, 11), (2, 6, 1, 3, 4, 5, 7, 9, 8, 10, 11)}
M(B) = 
[[1, 2, 3, 4, 5, 6, 8, 7, 10, 9, 11], [1, 2, 3, 4, 6, 5, 8, 7, 10, 9, 11], [1, 2, 4, 3, 5, 6, 8, 7, 10, 9, 11], [1, 2, 4, 3, 6, 5, 8, 7, 10, 9, 11]]
Distance: 22
M(A) inter A:
set()
M(B) inter B:
set()

AUB = 
{(2, 6, 1, 3, 4, 5, 7, 9, 8, 10, 11), (1, 4, 2, 5, 3, 6, 8, 10, 11, 7, 9), (1, 2, 3, 4, 5, 7, 6, 8, 9, 10, 11), (2, 4, 3, 1, 5, 6, 8, 7, 10, 11, 9), (1, 3, 2, 6, 4, 5, 8, 7, 10, 9, 11), (4, 1, 2, 3, 6, 5, 8, 10, 11, 9, 7), (1, 2, 4, 10, 5, 3, 7, 9, 8, 6, 11), (3, 2, 1, 6, 4, 8, 5, 7, 10, 9, 11), (1, 2, 4, 3, 6, 5, 8, 9, 7, 10, 11), (3, 1, 2, 4, 5, 8, 6, 7, 10, 9, 11)}
M(AUB) = 
[[1, 2, 3, 4, 5, 6, 8, 7, 10, 9, 11], [1, 2, 3, 4, 6, 5, 8, 7, 10, 9, 11], [1, 2, 4, 3, 5, 6, 8, 7, 10, 9, 11], [1, 2, 4, 3, 6, 5, 8, 7, 10, 9, 11]]
Distance:58

(43)
A = 
{(6, 4, 2, 7, 5, 3, 1, 11, 9, 10, 8), (1, 3, 2, 4, 5, 7, 6, 9, 11, 10, 8), (6, 4, 2, 3, 5, 1, 7, 8, 9, 11, 10), (3, 1, 2, 4, 9, 7, 5, 6, 8, 11, 10), (2, 3, 1, 4, 5, 7, 6, 8, 9, 10, 11)}
M(A) = 
[[3, 1, 2, 4, 5, 7, 6, 8, 9, 10, 11], [3, 1, 2, 4, 5, 7, 6, 8, 9, 11, 10], [3, 1, 2, 5, 4, 7, 6, 8, 9, 10, 11], [3, 1, 2, 5, 4, 7, 6, 8, 9, 11, 10]]
Distance: 41
B = 
{(3, 5, 7, 1, 4, 2, 9, 8, 10, 6, 11), (6, 3, 8, 1, 5, 2, 4, 9, 7, 10, 11), (1, 6, 3, 5, 2, 8, 7, 10, 4, 9, 11), (1, 3, 2, 5, 4, 7, 8, 6, 9, 11, 10), (2, 1, 5, 3, 4, 7, 6, 8, 9, 10, 11)}
M(B) = 
[[3, 1, 2, 4, 5, 7, 6, 8, 9, 10, 11], [3, 1, 2, 4, 5, 7, 6, 8, 9, 11, 10], [3, 1, 2, 5, 4, 7, 6, 8, 9, 10, 11], [3, 1, 2, 5, 4, 7, 6, 8, 9, 11, 10]]
Distance: 40
M(A) inter A:
set()
M(B) inter B:
set()

AUB = 
{(1, 3, 2, 5, 4, 7, 8, 6, 9, 11, 10), (2, 1, 5, 3, 4, 7, 6, 8, 9, 10, 11), (1, 3, 2, 4, 5, 7, 6, 9, 11, 10, 8), (3, 5, 7, 1, 4, 2, 9, 8, 10, 6, 11), (6, 4, 2, 3, 5, 1, 7, 8, 9, 11, 10), (2, 3, 1, 4, 5, 7, 6, 8, 9, 10, 11), (6, 4, 2, 7, 5, 3, 1, 11, 9, 10, 8), (6, 3, 8, 1, 5, 2, 4, 9, 7, 10, 11), (3, 1, 2, 4, 9, 7, 5, 6, 8, 11, 10), (1, 6, 3, 5, 2, 8, 7, 10, 4, 9, 11)}
M(AUB) = 
[[3, 1, 2, 4, 5, 7, 6, 8, 9, 10, 11], [3, 1, 2, 4, 5, 7, 6, 8, 9, 11, 10], [3, 1, 2, 5, 4, 7, 6, 8, 9, 10, 11], [3, 1, 2, 5, 4, 7, 6, 8, 9, 11, 10]]
Distance:94

(44)
A = 
{(5, 2, 3, 4, 1, 6, 7, 9, 8, 11, 10), (1, 2, 3, 4, 11, 6, 5, 7, 9, 10, 8), (1, 3, 4, 5, 2, 7, 6, 10, 8, 9, 11), (2, 5, 4, 1, 7, 6, 3, 8, 9, 10, 11), (9, 2, 4, 6, 3, 1, 5, 8, 7, 11, 10)}
M(A) = 
[[1, 2, 3, 4, 5, 6, 7, 8, 9, 10, 11], [1, 2, 3, 4, 5, 6, 7, 8, 9, 11, 10], [1, 2, 4, 3, 5, 6, 7, 8, 9, 10, 11], [1, 2, 4, 3, 5, 6, 7, 8, 9, 11, 10], [2, 1, 3, 4, 5, 6, 7, 8, 9, 10, 11], [2, 1, 3, 4, 5, 6, 7, 8, 9, 11, 10], [2, 1, 4, 3, 5, 6, 7, 8, 9, 10, 11], [2, 1, 4, 3, 5, 6, 7, 8, 9, 11, 10]]
Distance: 47
B = 
{(2, 1, 6, 4, 7, 3, 5, 8, 11, 10, 9), (1, 3, 2, 5, 4, 7, 6, 9, 8, 11, 10), (1, 2, 4, 7, 3, 10, 6, 5, 11, 8, 9), (5, 1, 3, 2, 4, 6, 8, 7, 10, 9, 11), (4, 8, 2, 1, 5, 9, 3, 6, 10, 7, 11)}
M(B) = 
[[1, 2, 3, 4, 5, 6, 7, 8, 9, 10, 11], [1, 2, 3, 4, 5, 6, 7, 8, 9, 11, 10], [1, 2, 4, 3, 5, 6, 7, 8, 9, 10, 11], [1, 2, 4, 3, 5, 6, 7, 8, 9, 11, 10], [2, 1, 3, 4, 5, 6, 7, 8, 9, 10, 11], [2, 1, 3, 4, 5, 6, 7, 8, 9, 11, 10], [2, 1, 4, 3, 5, 6, 7, 8, 9, 10, 11], [2, 1, 4, 3, 5, 6, 7, 8, 9, 11, 10]]
Distance: 46
M(A) inter A:
set()
M(B) inter B:
set()

AUB = 
{(2, 5, 4, 1, 7, 6, 3, 8, 9, 10, 11), (5, 2, 3, 4, 1, 6, 7, 9, 8, 11, 10), (1, 3, 2, 5, 4, 7, 6, 9, 8, 11, 10), (1, 2, 3, 4, 11, 6, 5, 7, 9, 10, 8), (1, 3, 4, 5, 2, 7, 6, 10, 8, 9, 11), (4, 8, 2, 1, 5, 9, 3, 6, 10, 7, 11), (1, 2, 4, 7, 3, 10, 6, 5, 11, 8, 9), (5, 1, 3, 2, 4, 6, 8, 7, 10, 9, 11), (9, 2, 4, 6, 3, 1, 5, 8, 7, 11, 10), (2, 1, 6, 4, 7, 3, 5, 8, 11, 10, 9)}
M(AUB) = 
[[1, 2, 3, 4, 5, 6, 7, 8, 9, 10, 11], [1, 2, 3, 4, 5, 6, 7, 8, 9, 11, 10], [1, 2, 4, 3, 5, 6, 7, 8, 9, 10, 11], [1, 2, 4, 3, 5, 6, 7, 8, 9, 11, 10], [2, 1, 3, 4, 5, 6, 7, 8, 9, 10, 11], [2, 1, 3, 4, 5, 6, 7, 8, 9, 11, 10], [2, 1, 4, 3, 5, 6, 7, 8, 9, 10, 11], [2, 1, 4, 3, 5, 6, 7, 8, 9, 11, 10]]
Distance:98

(45)
A = 
{(6, 2, 1, 4, 3, 8, 5, 7, 11, 10, 9), (2, 4, 3, 5, 1, 6, 8, 10, 7, 11, 9), (4, 3, 2, 6, 1, 10, 5, 7, 8, 9, 11), (4, 3, 1, 2, 6, 8, 5, 9, 10, 11, 7), (1, 2, 4, 3, 5, 6, 7, 8, 9, 10, 11)}
M(A) = 
[[1, 2, 4, 3, 6, 5, 7, 8, 9, 10, 11], [1, 4, 2, 3, 6, 5, 7, 8, 9, 10, 11], [4, 1, 2, 3, 6, 5, 7, 8, 9, 10, 11]]
Distance: 33
B = 
{(3, 5, 1, 4, 7, 2, 6, 11, 8, 9, 10), (2, 1, 3, 4, 6, 5, 10, 8, 9, 7, 11), (4, 1, 6, 3, 2, 5, 9, 10, 11, 7, 8), (5, 4, 7, 1, 2, 9, 6, 8, 3, 10, 11), (1, 2, 3, 4, 6, 5, 7, 9, 8, 10, 11)}
M(B) = 
[[1, 2, 4, 3, 6, 5, 7, 8, 9, 10, 11], [1, 4, 2, 3, 6, 5, 7, 8, 9, 10, 11], [4, 1, 2, 3, 6, 5, 7, 8, 9, 10, 11]]
Distance: 47
M(A) inter A:
set()
M(B) inter B:
{(1, 2, 3, 4, 6, 5, 7, 9, 8, 10, 11)}

AUB = 
{(3, 5, 1, 4, 7, 2, 6, 11, 8, 9, 10), (2, 4, 3, 5, 1, 6, 8, 10, 7, 11, 9), (2, 1, 3, 4, 6, 5, 10, 8, 9, 7, 11), (5, 4, 7, 1, 2, 9, 6, 8, 3, 10, 11), (1, 2, 3, 4, 6, 5, 7, 9, 8, 10, 11), (4, 3, 2, 6, 1, 10, 5, 7, 8, 9, 11), (6, 2, 1, 4, 3, 8, 5, 7, 11, 10, 9), (4, 3, 1, 2, 6, 8, 5, 9, 10, 11, 7), (4, 1, 6, 3, 2, 5, 9, 10, 11, 7, 8), (1, 2, 4, 3, 5, 6, 7, 8, 9, 10, 11)}
M(AUB) = 
[[1, 2, 4, 3, 6, 5, 7, 8, 9, 10, 11], [1, 4, 2, 3, 6, 5, 7, 8, 9, 10, 11], [4, 1, 2, 3, 6, 5, 7, 8, 9, 10, 11]]
Distance:88

(46)
A = 
{(2, 1, 4, 5, 8, 6, 7, 3, 11, 9, 10), (2, 4, 1, 5, 3, 8, 6, 9, 7, 10, 11), (4, 2, 3, 5, 1, 7, 6, 8, 10, 11, 9), (4, 1, 2, 8, 7, 6, 5, 3, 9, 11, 10), (2, 1, 5, 3, 6, 4, 8, 7, 10, 9, 11)}
M(A) = 
[[2, 4, 1, 3, 5, 6, 8, 7, 9, 10, 11], [2, 4, 1, 3, 5, 8, 6, 7, 9, 10, 11]]
Distance: 32
B = 
{(8, 4, 1, 3, 5, 10, 2, 6, 7, 11, 9), (1, 2, 3, 4, 6, 5, 7, 8, 9, 10, 11), (3, 2, 5, 4, 1, 6, 9, 11, 7, 10, 8), (2, 4, 1, 6, 8, 3, 5, 7, 9, 10, 11), (1, 3, 4, 2, 5, 7, 8, 6, 9, 11, 10)}
M(B) = 
[[2, 4, 1, 3, 5, 6, 8, 7, 9, 10, 11], [2, 4, 1, 3, 5, 8, 6, 7, 9, 10, 11]]
Distance: 42
M(A) inter A:
set()
M(B) inter B:
set()

AUB = 
{(1, 2, 3, 4, 6, 5, 7, 8, 9, 10, 11), (4, 2, 3, 5, 1, 7, 6, 8, 10, 11, 9), (3, 2, 5, 4, 1, 6, 9, 11, 7, 10, 8), (2, 4, 1, 5, 3, 8, 6, 9, 7, 10, 11), (2, 1, 5, 3, 6, 4, 8, 7, 10, 9, 11), (2, 4, 1, 6, 8, 3, 5, 7, 9, 10, 11), (1, 3, 4, 2, 5, 7, 8, 6, 9, 11, 10), (8, 4, 1, 3, 5, 10, 2, 6, 7, 11, 9), (4, 1, 2, 8, 7, 6, 5, 3, 9, 11, 10), (2, 1, 4, 5, 8, 6, 7, 3, 11, 9, 10)}
M(AUB) = 
[[2, 4, 1, 3, 5, 6, 8, 7, 9, 10, 11], [2, 4, 1, 3, 5, 8, 6, 7, 9, 10, 11]]
Distance:81

(47)
A = 
{(3, 1, 2, 5, 4, 8, 6, 7, 9, 10, 11), (4, 1, 7, 5, 6, 2, 3, 9, 8, 11, 10), (2, 3, 1, 6, 5, 4, 7, 8, 11, 9, 10), (4, 2, 3, 1, 5, 7, 8, 11, 9, 10, 6), (1, 2, 3, 4, 5, 6, 7, 8, 9, 10, 11)}
M(A) = 
[[1, 2, 3, 4, 5, 6, 7, 8, 9, 11, 10], [2, 3, 1, 4, 5, 6, 7, 8, 9, 11, 10], [3, 1, 2, 4, 5, 6, 7, 8, 9, 11, 10], [3, 1, 4, 2, 5, 6, 7, 8, 9, 11, 10]]
Distance: 36
B = 
{(4, 3, 2, 5, 9, 1, 6, 11, 8, 7, 10), (1, 2, 4, 3, 6, 5, 7, 9, 8, 11, 10), (2, 3, 6, 1, 4, 5, 8, 11, 9, 10, 7), (3, 1, 4, 2, 5, 6, 7, 10, 8, 9, 11), (1, 3, 4, 2, 6, 10, 5, 7, 8, 11, 9)}
M(B) = 
[[1, 2, 3, 4, 5, 6, 7, 8, 9, 11, 10], [2, 3, 1, 4, 5, 6, 7, 8, 9, 11, 10], [3, 1, 2, 4, 5, 6, 7, 8, 9, 11, 10], [3, 1, 4, 2, 5, 6, 7, 8, 9, 11, 10]]
Distance: 38
M(A) inter A:
set()
M(B) inter B:
set()

AUB = 
{(2, 3, 1, 6, 5, 4, 7, 8, 11, 9, 10), (2, 3, 6, 1, 4, 5, 8, 11, 9, 10, 7), (4, 2, 3, 1, 5, 7, 8, 11, 9, 10, 6), (3, 1, 2, 5, 4, 8, 6, 7, 9, 10, 11), (1, 2, 3, 4, 5, 6, 7, 8, 9, 10, 11), (1, 3, 4, 2, 6, 10, 5, 7, 8, 11, 9), (4, 3, 2, 5, 9, 1, 6, 11, 8, 7, 10), (4, 1, 7, 5, 6, 2, 3, 9, 8, 11, 10), (1, 2, 4, 3, 6, 5, 7, 9, 8, 11, 10), (3, 1, 4, 2, 5, 6, 7, 10, 8, 9, 11)}
M(AUB) = 
[[1, 2, 3, 4, 5, 6, 7, 8, 9, 11, 10], [2, 3, 1, 4, 5, 6, 7, 8, 9, 11, 10], [3, 1, 2, 4, 5, 6, 7, 8, 9, 11, 10], [3, 1, 4, 2, 5, 6, 7, 8, 9, 11, 10]]
Distance:78

(48)
A = 
{(5, 3, 4, 2, 1, 9, 8, 6, 7, 11, 10), (1, 2, 3, 7, 9, 4, 5, 6, 8, 10, 11), (3, 1, 4, 2, 6, 5, 7, 8, 10, 9, 11), (3, 2, 1, 6, 8, 4, 7, 5, 9, 11, 10), (1, 2, 5, 4, 6, 3, 8, 7, 10, 9, 11)}
M(A) = 
[[1, 2, 3, 4, 5, 6, 8, 7, 9, 10, 11], [1, 2, 3, 4, 5, 6, 7, 8, 9, 10, 11], [1, 2, 3, 5, 4, 6, 8, 7, 9, 10, 11], [1, 2, 3, 5, 4, 6, 7, 8, 9, 10, 11], [2, 1, 3, 4, 5, 6, 8, 7, 9, 10, 11], [2, 1, 3, 4, 5, 6, 7, 8, 9, 10, 11], [2, 1, 3, 5, 4, 6, 8, 7, 9, 10, 11], [2, 1, 3, 5, 4, 6, 7, 8, 9, 10, 11]]
Distance: 40
B = 
{(2, 4, 6, 5, 1, 3, 7, 8, 10, 11, 9), (1, 3, 5, 4, 7, 11, 2, 6, 9, 10, 8), (2, 1, 5, 6, 3, 8, 7, 4, 11, 9, 10), (1, 2, 3, 5, 4, 8, 6, 7, 9, 10, 11), (2, 1, 4, 10, 3, 6, 7, 9, 8, 5, 11)}
M(B) = 
[[1, 2, 3, 4, 5, 6, 8, 7, 9, 10, 11], [1, 2, 3, 4, 5, 6, 7, 8, 9, 10, 11], [1, 2, 3, 5, 4, 6, 8, 7, 9, 10, 11], [1, 2, 3, 5, 4, 6, 7, 8, 9, 10, 11], [2, 1, 3, 4, 5, 6, 8, 7, 9, 10, 11], [2, 1, 3, 4, 5, 6, 7, 8, 9, 10, 11], [2, 1, 3, 5, 4, 6, 8, 7, 9, 10, 11], [2, 1, 3, 5, 4, 6, 7, 8, 9, 10, 11]]
Distance: 47
M(A) inter A:
set()
M(B) inter B:
set()

AUB = 
{(2, 4, 6, 5, 1, 3, 7, 8, 10, 11, 9), (1, 2, 3, 5, 4, 8, 6, 7, 9, 10, 11), (1, 2, 3, 7, 9, 4, 5, 6, 8, 10, 11), (3, 1, 4, 2, 6, 5, 7, 8, 10, 9, 11), (3, 2, 1, 6, 8, 4, 7, 5, 9, 11, 10), (2, 1, 4, 10, 3, 6, 7, 9, 8, 5, 11), (5, 3, 4, 2, 1, 9, 8, 6, 7, 11, 10), (1, 3, 5, 4, 7, 11, 2, 6, 9, 10, 8), (2, 1, 5, 6, 3, 8, 7, 4, 11, 9, 10), (1, 2, 5, 4, 6, 3, 8, 7, 10, 9, 11)}
M(AUB) = 
[[1, 2, 3, 4, 5, 6, 8, 7, 9, 10, 11], [1, 2, 3, 4, 5, 6, 7, 8, 9, 10, 11], [1, 2, 3, 5, 4, 6, 8, 7, 9, 10, 11], [1, 2, 3, 5, 4, 6, 7, 8, 9, 10, 11], [2, 1, 3, 4, 5, 6, 8, 7, 9, 10, 11], [2, 1, 3, 4, 5, 6, 7, 8, 9, 10, 11], [2, 1, 3, 5, 4, 6, 8, 7, 9, 10, 11], [2, 1, 3, 5, 4, 6, 7, 8, 9, 10, 11]]
Distance:92

(49)
A = 
{(2, 3, 5, 1, 4, 6, 9, 7, 8, 10, 11), (1, 4, 2, 3, 5, 7, 8, 6, 9, 10, 11), (4, 1, 3, 7, 6, 10, 2, 5, 8, 9, 11), (5, 2, 1, 7, 3, 8, 6, 11, 9, 4, 10), (5, 6, 1, 2, 4, 7, 3, 10, 9, 11, 8)}
M(A) = 
[[1, 2, 3, 4, 5, 6, 7, 8, 10, 9, 11], [1, 2, 3, 4, 5, 7, 6, 8, 10, 9, 11], [1, 2, 3, 5, 4, 6, 7, 8, 10, 9, 11], [1, 2, 3, 5, 4, 7, 6, 8, 10, 9, 11], [2, 1, 3, 4, 5, 6, 7, 8, 10, 9, 11], [2, 1, 3, 4, 5, 7, 6, 8, 10, 9, 11], [2, 1, 3, 5, 4, 6, 7, 8, 10, 9, 11], [2, 1, 3, 5, 4, 7, 6, 8, 10, 9, 11]]
Distance: 50
B = 
{(1, 5, 2, 3, 4, 7, 8, 10, 6, 11, 9), (2, 1, 6, 4, 5, 9, 3, 7, 10, 11, 8), (3, 1, 4, 2, 5, 6, 8, 10, 11, 9, 7), (3, 2, 1, 6, 5, 4, 7, 8, 10, 9, 11), (2, 1, 3, 7, 4, 5, 8, 6, 10, 9, 11)}
M(B) = 
[[1, 2, 3, 4, 5, 6, 7, 8, 10, 9, 11], [1, 2, 3, 4, 5, 7, 6, 8, 10, 9, 11], [1, 2, 3, 5, 4, 6, 7, 8, 10, 9, 11], [1, 2, 3, 5, 4, 7, 6, 8, 10, 9, 11], [2, 1, 3, 4, 5, 6, 7, 8, 10, 9, 11], [2, 1, 3, 4, 5, 7, 6, 8, 10, 9, 11], [2, 1, 3, 5, 4, 6, 7, 8, 10, 9, 11], [2, 1, 3, 5, 4, 7, 6, 8, 10, 9, 11]]
Distance: 37
M(A) inter A:
set()
M(B) inter B:
set()

AUB = 
{(2, 1, 6, 4, 5, 9, 3, 7, 10, 11, 8), (3, 2, 1, 6, 5, 4, 7, 8, 10, 9, 11), (2, 1, 3, 7, 4, 5, 8, 6, 10, 9, 11), (2, 3, 5, 1, 4, 6, 9, 7, 8, 10, 11), (1, 4, 2, 3, 5, 7, 8, 6, 9, 10, 11), (4, 1, 3, 7, 6, 10, 2, 5, 8, 9, 11), (5, 6, 1, 2, 4, 7, 3, 10, 9, 11, 8), (5, 2, 1, 7, 3, 8, 6, 11, 9, 4, 10), (1, 5, 2, 3, 4, 7, 8, 10, 6, 11, 9), (3, 1, 4, 2, 5, 6, 8, 10, 11, 9, 7)}
M(AUB) = 
[[1, 2, 3, 4, 5, 6, 7, 8, 10, 9, 11], [1, 2, 3, 4, 5, 7, 6, 8, 10, 9, 11], [1, 2, 3, 5, 4, 6, 7, 8, 10, 9, 11], [1, 2, 3, 5, 4, 7, 6, 8, 10, 9, 11], [2, 1, 3, 4, 5, 6, 7, 8, 10, 9, 11], [2, 1, 3, 4, 5, 7, 6, 8, 10, 9, 11], [2, 1, 3, 5, 4, 6, 7, 8, 10, 9, 11], [2, 1, 3, 5, 4, 7, 6, 8, 10, 9, 11]]
Distance:91

