(0)
A = 
{(2, 5, 1, 4, 7, 3, 6, 9, 10, 8, 12, 11, 13), (4, 6, 1, 5, 2, 3, 8, 12, 7, 10, 13, 9, 11), (3, 2, 1, 4, 8, 5, 12, 6, 9, 10, 7, 11, 13), (2, 4, 1, 5, 3, 6, 9, 8, 7, 13, 10, 12, 11), (1, 2, 5, 3, 4, 6, 7, 8, 9, 10, 12, 11, 13), (1, 2, 4, 3, 5, 6, 7, 8, 9, 10, 11, 13, 12), (4, 1, 3, 2, 9, 5, 7, 6, 10, 8, 11, 12, 13), (1, 2, 5, 3, 9, 7, 4, 6, 11, 10, 8, 13, 12)}
M(A) = 
[[1, 2, 3, 4, 5, 6, 7, 8, 9, 10, 11, 12, 13]]
Distance: 72
B = 
{(2, 3, 1, 4, 6, 7, 5, 8, 12, 13, 9, 10, 11), (1, 3, 2, 4, 6, 5, 7, 8, 10, 9, 11, 12, 13), (1, 3, 2, 5, 4, 6, 8, 11, 7, 9, 10, 13, 12), (1, 3, 5, 2, 6, 4, 8, 9, 11, 7, 10, 13, 12), (1, 2, 4, 3, 7, 5, 6, 8, 9, 10, 11, 12, 13), (1, 4, 2, 3, 10, 6, 5, 7, 8, 11, 12, 9, 13), (2, 1, 6, 5, 3, 4, 9, 7, 10, 8, 12, 11, 13), (2, 1, 6, 3, 5, 7, 8, 4, 9, 11, 12, 10, 13)}
M(B) = 
[[1, 2, 3, 4, 5, 6, 7, 8, 9, 10, 11, 12, 13]]
Distance: 59
M(A) inter A:
set()
M(B) inter B:
set()

AUB = 
{(2, 3, 1, 4, 6, 7, 5, 8, 12, 13, 9, 10, 11), (2, 5, 1, 4, 7, 3, 6, 9, 10, 8, 12, 11, 13), (4, 6, 1, 5, 2, 3, 8, 12, 7, 10, 13, 9, 11), (1, 3, 2, 4, 6, 5, 7, 8, 10, 9, 11, 12, 13), (1, 3, 2, 5, 4, 6, 8, 11, 7, 9, 10, 13, 12), (1, 3, 5, 2, 6, 4, 8, 9, 11, 7, 10, 13, 12), (3, 2, 1, 4, 8, 5, 12, 6, 9, 10, 7, 11, 13), (2, 4, 1, 5, 3, 6, 9, 8, 7, 13, 10, 12, 11), (1, 2, 5, 3, 4, 6, 7, 8, 9, 10, 12, 11, 13), (1, 2, 4, 3, 5, 6, 7, 8, 9, 10, 11, 13, 12), (1, 2, 4, 3, 7, 5, 6, 8, 9, 10, 11, 12, 13), (1, 4, 2, 3, 10, 6, 5, 7, 8, 11, 12, 9, 13), (2, 1, 6, 5, 3, 4, 9, 7, 10, 8, 12, 11, 13), (2, 1, 6, 3, 5, 7, 8, 4, 9, 11, 12, 10, 13), (4, 1, 3, 2, 9, 5, 7, 6, 10, 8, 11, 12, 13), (1, 2, 5, 3, 9, 7, 4, 6, 11, 10, 8, 13, 12)}
M(AUB) = 
[[1, 2, 3, 4, 5, 6, 7, 8, 9, 10, 11, 12, 13]]
Distance:139

(1)
A = 
{(1, 3, 5, 4, 7, 12, 8, 2, 6, 13, 10, 9, 11), (3, 1, 2, 4, 8, 6, 5, 7, 11, 10, 9, 12, 13), (3, 1, 4, 5, 2, 7, 6, 12, 9, 13, 11, 10, 8), (4, 1, 3, 2, 6, 7, 5, 9, 8, 12, 10, 11, 13), (1, 2, 4, 3, 5, 6, 8, 7, 10, 9, 11, 12, 13), (1, 2, 4, 5, 7, 3, 6, 8, 9, 10, 11, 12, 13), (1, 2, 3, 4, 5, 6, 7, 8, 9, 11, 10, 12, 13), (1, 2, 3, 5, 4, 6, 7, 8, 9, 11, 10, 13, 12)}
M(A) = 
[[1, 3, 2, 4, 5, 7, 6, 8, 9, 10, 12, 11, 13]]
Distance: 63
B = 
{(3, 4, 2, 1, 10, 7, 5, 6, 12, 9, 8, 13, 11), (3, 1, 5, 2, 7, 8, 6, 4, 9, 10, 12, 11, 13), (4, 3, 2, 1, 7, 5, 6, 13, 9, 8, 12, 11, 10), (4, 1, 2, 8, 9, 5, 13, 3, 6, 7, 12, 10, 11), (2, 1, 5, 4, 3, 7, 8, 6, 10, 12, 9, 11, 13), (1, 3, 2, 4, 7, 5, 8, 11, 6, 9, 10, 12, 13), (1, 2, 4, 3, 7, 6, 5, 9, 12, 10, 8, 11, 13), (3, 1, 5, 2, 4, 8, 7, 6, 9, 10, 11, 12, 13)}
M(B) = 
[[1, 3, 2, 4, 5, 7, 6, 8, 9, 10, 12, 11, 13]]
Distance: 82
M(A) inter A:
set()
M(B) inter B:
set()

AUB = 
{(1, 3, 5, 4, 7, 12, 8, 2, 6, 13, 10, 9, 11), (3, 4, 2, 1, 10, 7, 5, 6, 12, 9, 8, 13, 11), (3, 1, 5, 2, 7, 8, 6, 4, 9, 10, 12, 11, 13), (4, 3, 2, 1, 7, 5, 6, 13, 9, 8, 12, 11, 10), (3, 1, 2, 4, 8, 6, 5, 7, 11, 10, 9, 12, 13), (3, 1, 4, 5, 2, 7, 6, 12, 9, 13, 11, 10, 8), (4, 1, 3, 2, 6, 7, 5, 9, 8, 12, 10, 11, 13), (1, 2, 4, 3, 5, 6, 8, 7, 10, 9, 11, 12, 13), (1, 2, 4, 5, 7, 3, 6, 8, 9, 10, 11, 12, 13), (4, 1, 2, 8, 9, 5, 13, 3, 6, 7, 12, 10, 11), (2, 1, 5, 4, 3, 7, 8, 6, 10, 12, 9, 11, 13), (1, 2, 3, 4, 5, 6, 7, 8, 9, 11, 10, 12, 13), (1, 2, 3, 5, 4, 6, 7, 8, 9, 11, 10, 13, 12), (1, 3, 2, 4, 7, 5, 8, 11, 6, 9, 10, 12, 13), (1, 2, 4, 3, 7, 6, 5, 9, 12, 10, 8, 11, 13), (3, 1, 5, 2, 4, 8, 7, 6, 9, 10, 11, 12, 13)}
M(AUB) = 
[[1, 3, 2, 4, 5, 7, 6, 8, 9, 10, 12, 11, 13]]
Distance:151

(2)
A = 
{(1, 2, 3, 5, 4, 6, 7, 9, 8, 11, 10, 13, 12), (1, 3, 2, 5, 4, 7, 10, 6, 9, 8, 11, 12, 13), (3, 1, 2, 5, 6, 4, 9, 7, 8, 11, 10, 12, 13), (1, 4, 6, 3, 5, 2, 8, 10, 7, 9, 11, 13, 12), (2, 1, 4, 3, 5, 7, 6, 8, 9, 10, 12, 13, 11), (1, 4, 3, 7, 2, 5, 6, 8, 9, 10, 12, 13, 11), (1, 2, 5, 3, 8, 4, 10, 6, 11, 13, 7, 12, 9), (1, 3, 2, 4, 8, 6, 7, 5, 10, 9, 13, 11, 12)}
M(A) = 
[[1, 2, 3, 4, 5, 6, 7, 8, 9, 10, 11, 12, 13], [1, 2, 3, 4, 5, 6, 7, 9, 8, 10, 11, 12, 13]]
Distance: 63
B = 
{(2, 3, 1, 4, 7, 5, 6, 11, 8, 9, 13, 12, 10), (1, 7, 2, 4, 6, 5, 11, 3, 9, 8, 10, 12, 13), (3, 2, 4, 8, 1, 5, 7, 11, 9, 12, 6, 10, 13), (2, 1, 3, 4, 5, 6, 9, 8, 7, 10, 12, 11, 13), (2, 3, 4, 6, 1, 7, 5, 9, 10, 12, 8, 11, 13), (2, 1, 4, 3, 6, 8, 5, 7, 13, 9, 10, 12, 11), (1, 2, 5, 7, 4, 3, 6, 10, 9, 13, 12, 11, 8), (1, 4, 6, 2, 3, 5, 7, 9, 8, 10, 11, 12, 13)}
M(B) = 
[[1, 2, 3, 4, 5, 6, 7, 8, 9, 10, 11, 12, 13], [1, 2, 3, 4, 5, 6, 7, 9, 8, 10, 11, 12, 13]]
Distance: 81
M(A) inter A:
set()
M(B) inter B:
set()

AUB = 
{(1, 2, 3, 5, 4, 6, 7, 9, 8, 11, 10, 13, 12), (2, 3, 1, 4, 7, 5, 6, 11, 8, 9, 13, 12, 10), (1, 3, 2, 5, 4, 7, 10, 6, 9, 8, 11, 12, 13), (1, 7, 2, 4, 6, 5, 11, 3, 9, 8, 10, 12, 13), (3, 2, 4, 8, 1, 5, 7, 11, 9, 12, 6, 10, 13), (3, 1, 2, 5, 6, 4, 9, 7, 8, 11, 10, 12, 13), (1, 4, 6, 3, 5, 2, 8, 10, 7, 9, 11, 13, 12), (2, 1, 3, 4, 5, 6, 9, 8, 7, 10, 12, 11, 13), (2, 1, 4, 3, 5, 7, 6, 8, 9, 10, 12, 13, 11), (2, 3, 4, 6, 1, 7, 5, 9, 10, 12, 8, 11, 13), (1, 4, 3, 7, 2, 5, 6, 8, 9, 10, 12, 13, 11), (2, 1, 4, 3, 6, 8, 5, 7, 13, 9, 10, 12, 11), (1, 2, 5, 7, 4, 3, 6, 10, 9, 13, 12, 11, 8), (1, 2, 5, 3, 8, 4, 10, 6, 11, 13, 7, 12, 9), (1, 4, 6, 2, 3, 5, 7, 9, 8, 10, 11, 12, 13), (1, 3, 2, 4, 8, 6, 7, 5, 10, 9, 13, 11, 12)}
M(AUB) = 
[[1, 2, 3, 4, 5, 6, 7, 8, 9, 10, 11, 12, 13], [1, 2, 3, 4, 5, 6, 7, 9, 8, 10, 11, 12, 13]]
Distance:150

(3)
A = 
{(2, 1, 6, 4, 3, 8, 7, 9, 5, 12, 13, 10, 11), (1, 6, 2, 3, 4, 5, 8, 7, 11, 10, 12, 13, 9), (2, 1, 4, 3, 5, 6, 8, 7, 11, 9, 10, 12, 13), (1, 4, 2, 3, 11, 5, 8, 7, 6, 10, 9, 13, 12), (1, 2, 3, 4, 5, 6, 7, 8, 9, 10, 11, 12, 13), (2, 4, 3, 6, 5, 8, 7, 1, 10, 11, 9, 12, 13), (1, 2, 4, 3, 8, 6, 7, 9, 11, 5, 12, 10, 13), (4, 1, 6, 3, 2, 8, 10, 7, 5, 13, 11, 12, 9)}
M(A) = 
[[1, 2, 4, 3, 5, 6, 8, 7, 9, 10, 11, 12, 13], [1, 2, 4, 3, 6, 5, 8, 7, 9, 10, 11, 12, 13]]
Distance: 67
B = 
{(1, 2, 5, 4, 6, 3, 8, 7, 9, 10, 11, 12, 13), (1, 3, 2, 6, 4, 7, 8, 5, 10, 9, 12, 13, 11), (4, 3, 5, 1, 2, 7, 10, 6, 8, 13, 12, 9, 11), (3, 2, 1, 4, 10, 6, 9, 7, 5, 13, 11, 12, 8), (3, 1, 2, 5, 4, 6, 8, 9, 7, 10, 11, 13, 12), (1, 2, 3, 6, 4, 5, 8, 7, 9, 10, 11, 12, 13), (1, 3, 5, 2, 4, 8, 7, 9, 12, 6, 10, 11, 13), (1, 5, 4, 6, 3, 9, 2, 7, 11, 10, 8, 12, 13)}
M(B) = 
[[1, 2, 4, 3, 5, 6, 8, 7, 9, 10, 11, 12, 13], [1, 2, 4, 3, 6, 5, 8, 7, 9, 10, 11, 12, 13]]
Distance: 76
M(A) inter A:
set()
M(B) inter B:
set()

AUB = 
{(1, 2, 5, 4, 6, 3, 8, 7, 9, 10, 11, 12, 13), (2, 1, 6, 4, 3, 8, 7, 9, 5, 12, 13, 10, 11), (1, 6, 2, 3, 4, 5, 8, 7, 11, 10, 12, 13, 9), (2, 1, 4, 3, 5, 6, 8, 7, 11, 9, 10, 12, 13), (1, 3, 2, 6, 4, 7, 8, 5, 10, 9, 12, 13, 11), (1, 4, 2, 3, 11, 5, 8, 7, 6, 10, 9, 13, 12), (4, 3, 5, 1, 2, 7, 10, 6, 8, 13, 12, 9, 11), (1, 2, 3, 4, 5, 6, 7, 8, 9, 10, 11, 12, 13), (2, 4, 3, 6, 5, 8, 7, 1, 10, 11, 9, 12, 13), (3, 2, 1, 4, 10, 6, 9, 7, 5, 13, 11, 12, 8), (1, 2, 4, 3, 8, 6, 7, 9, 11, 5, 12, 10, 13), (3, 1, 2, 5, 4, 6, 8, 9, 7, 10, 11, 13, 12), (1, 2, 3, 6, 4, 5, 8, 7, 9, 10, 11, 12, 13), (4, 1, 6, 3, 2, 8, 10, 7, 5, 13, 11, 12, 9), (1, 3, 5, 2, 4, 8, 7, 9, 12, 6, 10, 11, 13), (1, 5, 4, 6, 3, 9, 2, 7, 11, 10, 8, 12, 13)}
M(AUB) = 
[[1, 2, 4, 3, 5, 6, 8, 7, 9, 10, 11, 12, 13], [1, 2, 4, 3, 6, 5, 8, 7, 9, 10, 11, 12, 13]]
Distance:153

(4)
A = 
{(4, 3, 1, 8, 6, 2, 7, 9, 5, 11, 10, 13, 12), (3, 2, 1, 5, 6, 4, 8, 9, 12, 7, 10, 11, 13), (2, 3, 1, 11, 6, 5, 4, 9, 7, 8, 12, 10, 13), (1, 2, 3, 4, 8, 5, 6, 7, 9, 10, 11, 12, 13), (1, 2, 4, 6, 3, 5, 8, 7, 9, 11, 10, 13, 12), (1, 3, 4, 2, 8, 5, 6, 11, 7, 10, 9, 13, 12), (2, 5, 3, 1, 4, 7, 6, 8, 10, 9, 11, 12, 13), (3, 2, 1, 4, 7, 6, 8, 5, 9, 11, 12, 10, 13)}
M(A) = 
[[1, 2, 3, 4, 5, 6, 8, 7, 9, 11, 10, 12, 13], [1, 2, 3, 4, 5, 6, 8, 7, 9, 11, 12, 10, 13]]
Distance: 69
B = 
{(2, 3, 1, 4, 8, 5, 9, 6, 7, 13, 12, 10, 11), (3, 2, 8, 4, 5, 1, 11, 6, 13, 12, 7, 10, 9), (1, 2, 3, 4, 6, 5, 8, 7, 9, 10, 11, 12, 13), (1, 4, 2, 5, 3, 7, 6, 9, 12, 11, 8, 13, 10), (7, 3, 1, 5, 9, 2, 4, 8, 11, 12, 10, 6, 13), (2, 1, 3, 4, 5, 6, 7, 12, 8, 9, 11, 10, 13), (1, 2, 3, 5, 6, 4, 8, 9, 7, 11, 10, 13, 12), (1, 3, 2, 4, 5, 7, 6, 8, 10, 9, 11, 12, 13)}
M(B) = 
[[1, 2, 3, 4, 5, 6, 8, 7, 9, 11, 10, 12, 13], [1, 2, 3, 4, 5, 6, 8, 7, 9, 11, 12, 10, 13]]
Distance: 78
M(A) inter A:
set()
M(B) inter B:
set()

AUB = 
{(2, 3, 1, 4, 8, 5, 9, 6, 7, 13, 12, 10, 11), (4, 3, 1, 8, 6, 2, 7, 9, 5, 11, 10, 13, 12), (3, 2, 1, 5, 6, 4, 8, 9, 12, 7, 10, 11, 13), (2, 3, 1, 11, 6, 5, 4, 9, 7, 8, 12, 10, 13), (1, 2, 3, 4, 8, 5, 6, 7, 9, 10, 11, 12, 13), (3, 2, 8, 4, 5, 1, 11, 6, 13, 12, 7, 10, 9), (1, 2, 4, 6, 3, 5, 8, 7, 9, 11, 10, 13, 12), (1, 3, 4, 2, 8, 5, 6, 11, 7, 10, 9, 13, 12), (2, 5, 3, 1, 4, 7, 6, 8, 10, 9, 11, 12, 13), (3, 2, 1, 4, 7, 6, 8, 5, 9, 11, 12, 10, 13), (1, 2, 3, 4, 6, 5, 8, 7, 9, 10, 11, 12, 13), (1, 4, 2, 5, 3, 7, 6, 9, 12, 11, 8, 13, 10), (7, 3, 1, 5, 9, 2, 4, 8, 11, 12, 10, 6, 13), (2, 1, 3, 4, 5, 6, 7, 12, 8, 9, 11, 10, 13), (1, 2, 3, 5, 6, 4, 8, 9, 7, 11, 10, 13, 12), (1, 3, 2, 4, 5, 7, 6, 8, 10, 9, 11, 12, 13)}
M(AUB) = 
[[1, 2, 3, 4, 5, 6, 8, 7, 9, 11, 10, 12, 13], [1, 2, 3, 4, 5, 6, 8, 7, 9, 11, 12, 10, 13]]
Distance:151

(5)
A = 
{(1, 6, 3, 5, 2, 4, 7, 9, 11, 8, 10, 13, 12), (1, 3, 2, 4, 6, 5, 8, 7, 10, 9, 11, 12, 13), (2, 1, 3, 4, 6, 5, 7, 9, 8, 10, 11, 13, 12), (1, 4, 3, 2, 5, 8, 7, 6, 9, 10, 11, 12, 13), (1, 5, 3, 4, 8, 2, 11, 10, 6, 7, 9, 12, 13), (1, 3, 5, 2, 4, 8, 9, 6, 7, 12, 10, 11, 13), (3, 2, 1, 5, 7, 11, 4, 8, 13, 6, 10, 9, 12), (3, 1, 2, 4, 5, 7, 8, 11, 6, 10, 9, 13, 12)}
M(A) = 
[[1, 3, 2, 4, 5, 6, 7, 8, 9, 10, 11, 12, 13], [1, 3, 2, 4, 5, 6, 7, 8, 9, 11, 10, 12, 13], [3, 1, 2, 4, 5, 6, 7, 8, 9, 10, 11, 12, 13], [3, 1, 2, 4, 5, 6, 7, 8, 9, 11, 10, 12, 13]]
Distance: 67
B = 
{(3, 1, 10, 7, 4, 2, 9, 5, 6, 11, 8, 12, 13), (2, 1, 3, 4, 6, 7, 5, 8, 9, 13, 12, 11, 10), (4, 2, 5, 3, 1, 7, 10, 6, 8, 9, 12, 11, 13), (2, 1, 5, 3, 7, 4, 9, 6, 10, 8, 13, 12, 11), (3, 5, 1, 2, 4, 6, 10, 8, 9, 7, 13, 12, 11), (3, 4, 1, 9, 2, 6, 5, 8, 11, 12, 7, 10, 13), (2, 3, 5, 1, 4, 6, 12, 7, 11, 9, 10, 8, 13), (2, 3, 4, 6, 1, 5, 8, 12, 11, 13, 7, 9, 10)}
M(B) = 
[[1, 3, 2, 4, 5, 6, 7, 8, 9, 10, 11, 12, 13], [1, 3, 2, 4, 5, 6, 7, 8, 9, 11, 10, 12, 13], [3, 1, 2, 4, 5, 6, 7, 8, 9, 10, 11, 12, 13], [3, 1, 2, 4, 5, 6, 7, 8, 9, 11, 10, 12, 13]]
Distance: 96
M(A) inter A:
set()
M(B) inter B:
set()

AUB = 
{(1, 6, 3, 5, 2, 4, 7, 9, 11, 8, 10, 13, 12), (1, 3, 2, 4, 6, 5, 8, 7, 10, 9, 11, 12, 13), (2, 1, 3, 4, 6, 5, 7, 9, 8, 10, 11, 13, 12), (3, 1, 10, 7, 4, 2, 9, 5, 6, 11, 8, 12, 13), (2, 1, 3, 4, 6, 7, 5, 8, 9, 13, 12, 11, 10), (4, 2, 5, 3, 1, 7, 10, 6, 8, 9, 12, 11, 13), (2, 1, 5, 3, 7, 4, 9, 6, 10, 8, 13, 12, 11), (1, 4, 3, 2, 5, 8, 7, 6, 9, 10, 11, 12, 13), (1, 5, 3, 4, 8, 2, 11, 10, 6, 7, 9, 12, 13), (1, 3, 5, 2, 4, 8, 9, 6, 7, 12, 10, 11, 13), (3, 5, 1, 2, 4, 6, 10, 8, 9, 7, 13, 12, 11), (3, 4, 1, 9, 2, 6, 5, 8, 11, 12, 7, 10, 13), (3, 2, 1, 5, 7, 11, 4, 8, 13, 6, 10, 9, 12), (2, 3, 5, 1, 4, 6, 12, 7, 11, 9, 10, 8, 13), (2, 3, 4, 6, 1, 5, 8, 12, 11, 13, 7, 9, 10), (3, 1, 2, 4, 5, 7, 8, 11, 6, 10, 9, 13, 12)}
M(AUB) = 
[[1, 3, 2, 4, 5, 6, 7, 8, 9, 10, 11, 12, 13], [1, 3, 2, 4, 5, 6, 7, 8, 9, 11, 10, 12, 13], [3, 1, 2, 4, 5, 6, 7, 8, 9, 10, 11, 12, 13], [3, 1, 2, 4, 5, 6, 7, 8, 9, 11, 10, 12, 13]]
Distance:179

(6)
A = 
{(2, 1, 3, 4, 5, 6, 7, 8, 9, 10, 11, 13, 12), (2, 3, 5, 6, 4, 1, 9, 7, 12, 11, 8, 10, 13), (2, 1, 7, 3, 5, 9, 4, 8, 6, 10, 11, 12, 13), (1, 3, 4, 2, 6, 5, 8, 7, 10, 9, 12, 11, 13), (4, 1, 2, 6, 7, 3, 5, 8, 9, 10, 12, 11, 13), (3, 1, 2, 6, 5, 4, 8, 7, 10, 11, 13, 9, 12), (2, 1, 3, 4, 5, 6, 7, 8, 9, 10, 11, 12, 13), (3, 1, 2, 4, 5, 6, 7, 8, 9, 11, 12, 10, 13)}
M(A) = 
[[1, 2, 3, 4, 5, 6, 7, 8, 9, 10, 11, 12, 13], [2, 1, 3, 4, 5, 6, 7, 8, 9, 10, 11, 12, 13]]
Distance: 55
B = 
{(1, 3, 2, 8, 4, 6, 7, 11, 5, 9, 13, 10, 12), (3, 2, 1, 4, 5, 7, 6, 8, 9, 10, 12, 11, 13), (1, 3, 4, 5, 2, 6, 8, 7, 10, 12, 11, 9, 13), (2, 1, 3, 4, 5, 7, 6, 8, 9, 11, 13, 10, 12), (1, 2, 3, 5, 4, 7, 6, 8, 9, 10, 11, 13, 12), (2, 4, 1, 5, 6, 7, 3, 12, 11, 8, 13, 9, 10), (2, 1, 3, 4, 5, 6, 7, 9, 8, 10, 12, 13, 11), (5, 1, 2, 4, 8, 3, 10, 6, 7, 11, 9, 12, 13)}
M(B) = 
[[1, 2, 3, 4, 5, 6, 7, 8, 9, 10, 11, 12, 13], [2, 1, 3, 4, 5, 6, 7, 8, 9, 10, 11, 12, 13]]
Distance: 64
M(A) inter A:
{(2, 1, 3, 4, 5, 6, 7, 8, 9, 10, 11, 12, 13)}
M(B) inter B:
set()

AUB = 
{(2, 1, 3, 4, 5, 6, 7, 8, 9, 10, 11, 13, 12), (2, 3, 5, 6, 4, 1, 9, 7, 12, 11, 8, 10, 13), (2, 1, 7, 3, 5, 9, 4, 8, 6, 10, 11, 12, 13), (1, 3, 2, 8, 4, 6, 7, 11, 5, 9, 13, 10, 12), (3, 2, 1, 4, 5, 7, 6, 8, 9, 10, 12, 11, 13), (1, 3, 4, 5, 2, 6, 8, 7, 10, 12, 11, 9, 13), (2, 1, 3, 4, 5, 7, 6, 8, 9, 11, 13, 10, 12), (1, 3, 4, 2, 6, 5, 8, 7, 10, 9, 12, 11, 13), (1, 2, 3, 5, 4, 7, 6, 8, 9, 10, 11, 13, 12), (2, 4, 1, 5, 6, 7, 3, 12, 11, 8, 13, 9, 10), (4, 1, 2, 6, 7, 3, 5, 8, 9, 10, 12, 11, 13), (2, 1, 3, 4, 5, 6, 7, 9, 8, 10, 12, 13, 11), (5, 1, 2, 4, 8, 3, 10, 6, 7, 11, 9, 12, 13), (3, 1, 2, 6, 5, 4, 8, 7, 10, 11, 13, 9, 12), (2, 1, 3, 4, 5, 6, 7, 8, 9, 10, 11, 12, 13), (3, 1, 2, 4, 5, 6, 7, 8, 9, 11, 12, 10, 13)}
M(AUB) = 
[[1, 2, 3, 4, 5, 6, 7, 8, 9, 10, 11, 12, 13], [2, 1, 3, 4, 5, 6, 7, 8, 9, 10, 11, 12, 13]]
Distance:119

(7)
A = 
{(1, 2, 3, 5, 4, 7, 6, 12, 9, 8, 13, 10, 11), (2, 1, 3, 4, 7, 9, 5, 10, 8, 6, 12, 13, 11), (2, 1, 3, 7, 4, 6, 8, 10, 9, 12, 5, 11, 13), (1, 2, 6, 3, 4, 7, 9, 11, 5, 8, 13, 10, 12), (5, 3, 1, 4, 8, 6, 2, 10, 7, 11, 9, 13, 12), (1, 2, 3, 4, 5, 6, 7, 8, 9, 10, 11, 13, 12), (1, 2, 4, 3, 5, 8, 6, 7, 9, 12, 10, 11, 13), (1, 2, 4, 3, 8, 9, 6, 7, 10, 5, 13, 11, 12)}
M(A) = 
[[1, 2, 3, 4, 5, 6, 7, 8, 9, 10, 11, 12, 13]]
Distance: 75
B = 
{(1, 3, 4, 2, 5, 6, 9, 10, 8, 11, 12, 7, 13), (1, 2, 4, 5, 3, 6, 7, 8, 9, 10, 11, 12, 13), (3, 2, 4, 6, 1, 5, 7, 8, 9, 11, 10, 13, 12), (2, 5, 1, 3, 8, 4, 6, 9, 7, 11, 10, 13, 12), (2, 3, 1, 6, 4, 5, 7, 8, 9, 10, 13, 11, 12), (1, 2, 3, 4, 5, 6, 7, 8, 9, 10, 11, 13, 12), (3, 2, 4, 1, 7, 6, 5, 8, 12, 10, 13, 9, 11), (1, 3, 2, 5, 4, 7, 6, 8, 11, 10, 9, 12, 13)}
M(B) = 
[[1, 2, 3, 4, 5, 6, 7, 8, 9, 10, 11, 12, 13]]
Distance: 55
M(A) inter A:
{(1, 2, 3, 4, 5, 6, 7, 8, 9, 10, 11, 13, 12)}
M(B) inter B:
{(1, 2, 3, 4, 5, 6, 7, 8, 9, 10, 11, 13, 12)}

AUB = 
{(1, 3, 4, 2, 5, 6, 9, 10, 8, 11, 12, 7, 13), (3, 2, 4, 1, 7, 6, 5, 8, 12, 10, 13, 9, 11), (1, 2, 4, 5, 3, 6, 7, 8, 9, 10, 11, 12, 13), (1, 3, 2, 5, 4, 7, 6, 8, 11, 10, 9, 12, 13), (3, 2, 4, 6, 1, 5, 7, 8, 9, 11, 10, 13, 12), (2, 5, 1, 3, 8, 4, 6, 9, 7, 11, 10, 13, 12), (1, 2, 3, 5, 4, 7, 6, 12, 9, 8, 13, 10, 11), (2, 1, 3, 4, 7, 9, 5, 10, 8, 6, 12, 13, 11), (2, 1, 3, 7, 4, 6, 8, 10, 9, 12, 5, 11, 13), (1, 2, 6, 3, 4, 7, 9, 11, 5, 8, 13, 10, 12), (5, 3, 1, 4, 8, 6, 2, 10, 7, 11, 9, 13, 12), (1, 2, 3, 4, 5, 6, 7, 8, 9, 10, 11, 13, 12), (2, 3, 1, 6, 4, 5, 7, 8, 9, 10, 13, 11, 12), (1, 2, 4, 3, 5, 8, 6, 7, 9, 12, 10, 11, 13), (1, 2, 4, 3, 8, 9, 6, 7, 10, 5, 13, 11, 12)}
M(AUB) = 
[[1, 2, 3, 4, 5, 6, 7, 8, 9, 10, 11, 12, 13]]
Distance:129

(8)
A = 
{(6, 1, 2, 3, 5, 7, 4, 11, 10, 12, 8, 13, 9), (1, 2, 3, 4, 5, 7, 6, 8, 10, 11, 9, 12, 13), (4, 2, 1, 8, 7, 5, 9, 3, 12, 10, 6, 11, 13), (1, 2, 3, 6, 4, 7, 5, 9, 8, 10, 12, 13, 11), (2, 3, 1, 6, 4, 5, 7, 9, 8, 12, 11, 10, 13), (1, 2, 4, 7, 3, 9, 13, 6, 5, 8, 11, 10, 12), (1, 3, 2, 6, 7, 4, 10, 5, 9, 8, 12, 11, 13), (1, 2, 3, 4, 5, 6, 8, 7, 9, 11, 10, 12, 13)}
M(A) = 
[[1, 2, 3, 4, 5, 6, 7, 8, 9, 11, 10, 12, 13]]
Distance: 75
B = 
{(1, 2, 3, 5, 4, 6, 7, 10, 8, 9, 11, 12, 13), (3, 1, 4, 2, 8, 5, 7, 6, 9, 13, 11, 10, 12), (2, 5, 4, 3, 6, 1, 8, 11, 13, 7, 9, 12, 10), (1, 2, 3, 4, 5, 6, 7, 8, 9, 10, 11, 12, 13), (1, 3, 2, 4, 5, 6, 7, 8, 9, 11, 10, 13, 12), (2, 3, 5, 4, 6, 1, 9, 8, 7, 11, 10, 12, 13), (1, 4, 6, 9, 3, 5, 2, 7, 8, 11, 13, 12, 10), (4, 1, 2, 6, 3, 5, 7, 8, 9, 10, 13, 11, 12)}
M(B) = 
[[1, 2, 3, 4, 5, 6, 7, 8, 9, 11, 10, 12, 13]]
Distance: 63
M(A) inter A:
set()
M(B) inter B:
set()

AUB = 
{(1, 2, 3, 5, 4, 6, 7, 10, 8, 9, 11, 12, 13), (3, 1, 4, 2, 8, 5, 7, 6, 9, 13, 11, 10, 12), (6, 1, 2, 3, 5, 7, 4, 11, 10, 12, 8, 13, 9), (1, 2, 3, 4, 5, 7, 6, 8, 10, 11, 9, 12, 13), (2, 5, 4, 3, 6, 1, 8, 11, 13, 7, 9, 12, 10), (1, 2, 3, 4, 5, 6, 7, 8, 9, 10, 11, 12, 13), (1, 3, 2, 4, 5, 6, 7, 8, 9, 11, 10, 13, 12), (4, 2, 1, 8, 7, 5, 9, 3, 12, 10, 6, 11, 13), (1, 2, 3, 6, 4, 7, 5, 9, 8, 10, 12, 13, 11), (2, 3, 5, 4, 6, 1, 9, 8, 7, 11, 10, 12, 13), (2, 3, 1, 6, 4, 5, 7, 9, 8, 12, 11, 10, 13), (1, 4, 6, 9, 3, 5, 2, 7, 8, 11, 13, 12, 10), (1, 2, 4, 7, 3, 9, 13, 6, 5, 8, 11, 10, 12), (1, 3, 2, 6, 7, 4, 10, 5, 9, 8, 12, 11, 13), (1, 2, 3, 4, 5, 6, 8, 7, 9, 11, 10, 12, 13), (4, 1, 2, 6, 3, 5, 7, 8, 9, 10, 13, 11, 12)}
M(AUB) = 
[[1, 2, 3, 4, 5, 6, 7, 8, 9, 11, 10, 12, 13]]
Distance:142

(9)
A = 
{(2, 8, 3, 5, 4, 1, 7, 9, 11, 10, 6, 12, 13), (3, 1, 2, 5, 6, 7, 4, 8, 11, 9, 10, 12, 13), (1, 3, 6, 2, 4, 5, 8, 7, 9, 11, 10, 13, 12), (2, 4, 1, 6, 8, 5, 9, 3, 7, 10, 13, 11, 12), (1, 2, 5, 4, 3, 6, 7, 8, 10, 9, 11, 12, 13), (2, 6, 1, 3, 5, 4, 9, 7, 11, 8, 12, 10, 13), (3, 1, 2, 4, 5, 6, 8, 7, 9, 10, 13, 11, 12), (3, 1, 4, 2, 5, 8, 6, 7, 9, 11, 10, 12, 13)}
M(A) = 
[[1, 2, 3, 4, 5, 6, 7, 8, 9, 10, 11, 12, 13]]
Distance: 65
B = 
{(1, 3, 4, 7, 2, 5, 6, 8, 10, 11, 12, 9, 13), (4, 3, 2, 8, 11, 6, 7, 12, 1, 10, 13, 5, 9), (1, 2, 3, 4, 5, 6, 7, 8, 9, 10, 11, 12, 13), (3, 4, 7, 1, 2, 5, 6, 9, 8, 10, 13, 11, 12), (4, 2, 7, 1, 5, 10, 3, 6, 9, 11, 8, 12, 13), (1, 5, 4, 2, 8, 6, 3, 11, 9, 10, 7, 13, 12), (2, 1, 3, 6, 5, 7, 4, 10, 8, 9, 13, 11, 12), (1, 2, 3, 5, 6, 4, 7, 10, 8, 11, 9, 12, 13)}
M(B) = 
[[1, 2, 3, 4, 5, 6, 7, 8, 9, 10, 11, 12, 13]]
Distance: 89
M(A) inter A:
set()
M(B) inter B:
set()

AUB = 
{(2, 8, 3, 5, 4, 1, 7, 9, 11, 10, 6, 12, 13), (3, 1, 2, 5, 6, 7, 4, 8, 11, 9, 10, 12, 13), (1, 3, 4, 7, 2, 5, 6, 8, 10, 11, 12, 9, 13), (4, 3, 2, 8, 11, 6, 7, 12, 1, 10, 13, 5, 9), (1, 3, 6, 2, 4, 5, 8, 7, 9, 11, 10, 13, 12), (2, 4, 1, 6, 8, 5, 9, 3, 7, 10, 13, 11, 12), (1, 2, 3, 4, 5, 6, 7, 8, 9, 10, 11, 12, 13), (1, 2, 5, 4, 3, 6, 7, 8, 10, 9, 11, 12, 13), (3, 4, 7, 1, 2, 5, 6, 9, 8, 10, 13, 11, 12), (2, 6, 1, 3, 5, 4, 9, 7, 11, 8, 12, 10, 13), (4, 2, 7, 1, 5, 10, 3, 6, 9, 11, 8, 12, 13), (1, 5, 4, 2, 8, 6, 3, 11, 9, 10, 7, 13, 12), (3, 1, 2, 4, 5, 6, 8, 7, 9, 10, 13, 11, 12), (2, 1, 3, 6, 5, 7, 4, 10, 8, 9, 13, 11, 12), (3, 1, 4, 2, 5, 8, 6, 7, 9, 11, 10, 12, 13), (1, 2, 3, 5, 6, 4, 7, 10, 8, 11, 9, 12, 13)}
M(AUB) = 
[[1, 2, 3, 4, 5, 6, 7, 8, 9, 10, 11, 12, 13]]
Distance:160

(10)
A = 
{(1, 2, 4, 5, 3, 6, 12, 7, 9, 11, 13, 8, 10), (1, 2, 3, 8, 5, 4, 12, 13, 7, 11, 6, 10, 9), (2, 5, 4, 7, 1, 6, 9, 11, 3, 8, 10, 13, 12), (1, 2, 4, 6, 7, 3, 5, 8, 10, 9, 13, 11, 12), (1, 3, 2, 4, 5, 6, 7, 9, 8, 10, 11, 13, 12), (1, 2, 3, 4, 5, 8, 10, 6, 7, 9, 12, 13, 11), (1, 2, 3, 4, 5, 8, 6, 7, 9, 11, 10, 12, 13), (1, 2, 3, 4, 5, 6, 8, 13, 7, 9, 12, 11, 10)}
M(A) = 
[[1, 2, 3, 4, 5, 6, 8, 7, 9, 11, 10, 12, 13]]
Distance: 76
B = 
{(2, 1, 3, 4, 5, 6, 8, 7, 9, 11, 10, 13, 12), (2, 1, 3, 4, 6, 5, 7, 10, 9, 8, 11, 12, 13), (5, 2, 3, 1, 11, 4, 6, 8, 9, 7, 12, 10, 13), (6, 1, 2, 3, 4, 8, 5, 9, 10, 7, 11, 12, 13), (4, 2, 3, 1, 7, 10, 5, 6, 11, 8, 13, 12, 9), (2, 5, 3, 4, 7, 1, 6, 11, 8, 12, 10, 13, 9), (1, 2, 4, 5, 3, 8, 6, 11, 10, 7, 9, 12, 13), (4, 3, 1, 2, 5, 8, 6, 7, 10, 9, 12, 13, 11)}
M(B) = 
[[1, 2, 3, 4, 5, 6, 8, 7, 9, 11, 10, 12, 13]]
Distance: 77
M(A) inter A:
set()
M(B) inter B:
set()

AUB = 
{(1, 2, 4, 5, 3, 6, 12, 7, 9, 11, 13, 8, 10), (2, 1, 3, 4, 5, 6, 8, 7, 9, 11, 10, 13, 12), (2, 1, 3, 4, 6, 5, 7, 10, 9, 8, 11, 12, 13), (5, 2, 3, 1, 11, 4, 6, 8, 9, 7, 12, 10, 13), (6, 1, 2, 3, 4, 8, 5, 9, 10, 7, 11, 12, 13), (4, 2, 3, 1, 7, 10, 5, 6, 11, 8, 13, 12, 9), (1, 2, 3, 8, 5, 4, 12, 13, 7, 11, 6, 10, 9), (2, 5, 4, 7, 1, 6, 9, 11, 3, 8, 10, 13, 12), (1, 2, 4, 6, 7, 3, 5, 8, 10, 9, 13, 11, 12), (2, 5, 3, 4, 7, 1, 6, 11, 8, 12, 10, 13, 9), (1, 3, 2, 4, 5, 6, 7, 9, 8, 10, 11, 13, 12), (1, 2, 3, 4, 5, 8, 10, 6, 7, 9, 12, 13, 11), (1, 2, 4, 5, 3, 8, 6, 11, 10, 7, 9, 12, 13), (1, 2, 3, 4, 5, 8, 6, 7, 9, 11, 10, 12, 13), (4, 3, 1, 2, 5, 8, 6, 7, 10, 9, 12, 13, 11), (1, 2, 3, 4, 5, 6, 8, 13, 7, 9, 12, 11, 10)}
M(AUB) = 
[[1, 2, 3, 4, 5, 6, 8, 7, 9, 11, 10, 12, 13]]
Distance:157

(11)
A = 
{(1, 3, 2, 5, 4, 6, 7, 8, 9, 10, 11, 13, 12), (1, 5, 4, 2, 3, 7, 6, 9, 8, 13, 11, 12, 10), (4, 2, 3, 8, 6, 1, 5, 9, 11, 13, 10, 7, 12), (3, 1, 4, 2, 6, 7, 5, 8, 12, 11, 9, 10, 13), (1, 3, 4, 5, 6, 2, 7, 8, 9, 10, 11, 12, 13), (2, 1, 5, 4, 8, 3, 9, 6, 10, 11, 13, 12, 7), (2, 1, 3, 4, 5, 6, 7, 9, 8, 11, 10, 12, 13), (2, 1, 4, 8, 3, 5, 6, 7, 9, 13, 11, 10, 12)}
M(A) = 
[[1, 2, 3, 4, 5, 6, 7, 8, 9, 10, 11, 12, 13], [1, 2, 4, 3, 5, 6, 7, 8, 9, 10, 11, 12, 13]]
Distance: 70
B = 
{(1, 4, 2, 3, 5, 6, 10, 9, 8, 7, 12, 11, 13), (1, 2, 3, 4, 5, 6, 8, 7, 9, 10, 11, 13, 12), (1, 2, 3, 4, 5, 6, 7, 8, 9, 10, 11, 12, 13), (1, 2, 4, 6, 3, 5, 7, 9, 8, 11, 13, 10, 12), (2, 1, 6, 3, 4, 5, 7, 8, 9, 12, 10, 13, 11), (1, 3, 2, 4, 5, 6, 7, 8, 10, 9, 11, 12, 13), (1, 2, 4, 6, 3, 8, 5, 7, 9, 10, 12, 13, 11), (2, 1, 4, 6, 3, 7, 5, 9, 8, 12, 13, 10, 11)}
M(B) = 
[[1, 2, 3, 4, 5, 6, 7, 8, 9, 10, 11, 12, 13], [1, 2, 4, 3, 5, 6, 7, 8, 9, 10, 11, 12, 13]]
Distance: 44
M(A) inter A:
set()
M(B) inter B:
{(1, 2, 3, 4, 5, 6, 7, 8, 9, 10, 11, 12, 13)}

AUB = 
{(1, 3, 2, 5, 4, 6, 7, 8, 9, 10, 11, 13, 12), (1, 5, 4, 2, 3, 7, 6, 9, 8, 13, 11, 12, 10), (1, 4, 2, 3, 5, 6, 10, 9, 8, 7, 12, 11, 13), (4, 2, 3, 8, 6, 1, 5, 9, 11, 13, 10, 7, 12), (1, 2, 3, 4, 5, 6, 8, 7, 9, 10, 11, 13, 12), (1, 2, 3, 4, 5, 6, 7, 8, 9, 10, 11, 12, 13), (3, 1, 4, 2, 6, 7, 5, 8, 12, 11, 9, 10, 13), (1, 3, 4, 5, 6, 2, 7, 8, 9, 10, 11, 12, 13), (1, 2, 4, 6, 3, 5, 7, 9, 8, 11, 13, 10, 12), (2, 1, 5, 4, 8, 3, 9, 6, 10, 11, 13, 12, 7), (2, 1, 6, 3, 4, 5, 7, 8, 9, 12, 10, 13, 11), (1, 3, 2, 4, 5, 6, 7, 8, 10, 9, 11, 12, 13), (1, 2, 4, 6, 3, 8, 5, 7, 9, 10, 12, 13, 11), (2, 1, 3, 4, 5, 6, 7, 9, 8, 11, 10, 12, 13), (2, 1, 4, 8, 3, 5, 6, 7, 9, 13, 11, 10, 12), (2, 1, 4, 6, 3, 7, 5, 9, 8, 12, 13, 10, 11)}
M(AUB) = 
[[1, 2, 3, 4, 5, 6, 7, 8, 9, 10, 11, 12, 13], [1, 2, 4, 3, 5, 6, 7, 8, 9, 10, 11, 12, 13]]
Distance:118

(12)
A = 
{(1, 3, 2, 4, 5, 6, 7, 10, 8, 9, 11, 12, 13), (1, 2, 3, 4, 5, 6, 8, 7, 10, 9, 11, 12, 13), (4, 1, 3, 2, 5, 7, 10, 9, 6, 13, 12, 8, 11), (1, 2, 4, 3, 6, 8, 5, 7, 9, 10, 13, 11, 12), (4, 1, 2, 7, 3, 5, 6, 10, 9, 12, 8, 13, 11), (2, 1, 3, 4, 5, 6, 8, 7, 11, 12, 9, 10, 13), (3, 1, 2, 4, 5, 8, 6, 7, 9, 10, 13, 11, 12), (1, 2, 3, 5, 4, 6, 8, 7, 9, 12, 13, 10, 11)}
M(A) = 
[[1, 2, 3, 4, 5, 6, 7, 8, 9, 10, 11, 12, 13]]
Distance: 54
B = 
{(1, 2, 4, 3, 5, 6, 7, 8, 9, 10, 11, 12, 13), (3, 2, 1, 6, 7, 5, 4, 9, 8, 10, 11, 13, 12), (1, 4, 2, 3, 6, 5, 7, 13, 9, 8, 10, 11, 12), (2, 3, 4, 5, 1, 8, 9, 10, 7, 6, 12, 11, 13), (2, 1, 4, 3, 5, 6, 9, 7, 10, 8, 12, 13, 11), (1, 2, 3, 4, 5, 7, 6, 8, 10, 9, 13, 12, 11), (1, 2, 3, 4, 6, 7, 5, 8, 9, 10, 11, 13, 12), (3, 1, 2, 5, 4, 6, 10, 8, 7, 9, 12, 11, 13)}
M(B) = 
[[1, 2, 3, 4, 5, 6, 7, 8, 9, 10, 11, 12, 13]]
Distance: 55
M(A) inter A:
set()
M(B) inter B:
set()

AUB = 
{(1, 3, 2, 4, 5, 6, 7, 10, 8, 9, 11, 12, 13), (1, 2, 4, 3, 5, 6, 7, 8, 9, 10, 11, 12, 13), (3, 2, 1, 6, 7, 5, 4, 9, 8, 10, 11, 13, 12), (1, 4, 2, 3, 6, 5, 7, 13, 9, 8, 10, 11, 12), (1, 2, 3, 4, 5, 6, 8, 7, 10, 9, 11, 12, 13), (4, 1, 3, 2, 5, 7, 10, 9, 6, 13, 12, 8, 11), (1, 2, 4, 3, 6, 8, 5, 7, 9, 10, 13, 11, 12), (4, 1, 2, 7, 3, 5, 6, 10, 9, 12, 8, 13, 11), (2, 3, 4, 5, 1, 8, 9, 10, 7, 6, 12, 11, 13), (2, 1, 4, 3, 5, 6, 9, 7, 10, 8, 12, 13, 11), (1, 2, 3, 4, 5, 7, 6, 8, 10, 9, 13, 12, 11), (1, 2, 3, 4, 6, 7, 5, 8, 9, 10, 11, 13, 12), (2, 1, 3, 4, 5, 6, 8, 7, 11, 12, 9, 10, 13), (3, 1, 2, 4, 5, 8, 6, 7, 9, 10, 13, 11, 12), (1, 2, 3, 5, 4, 6, 8, 7, 9, 12, 13, 10, 11), (3, 1, 2, 5, 4, 6, 10, 8, 7, 9, 12, 11, 13)}
M(AUB) = 
[[1, 2, 3, 4, 5, 6, 7, 8, 9, 10, 11, 12, 13]]
Distance:111

(13)
A = 
{(3, 1, 4, 6, 2, 5, 10, 7, 8, 9, 11, 13, 12), (2, 4, 1, 3, 5, 7, 8, 6, 9, 13, 12, 11, 10), (5, 2, 1, 6, 4, 3, 7, 8, 9, 12, 10, 13, 11), (3, 1, 2, 5, 8, 4, 7, 9, 6, 10, 13, 12, 11), (1, 3, 5, 4, 7, 6, 2, 9, 10, 8, 11, 12, 13), (2, 1, 3, 5, 6, 4, 10, 7, 8, 12, 13, 9, 11), (1, 4, 3, 8, 2, 6, 5, 7, 9, 10, 13, 11, 12), (1, 4, 3, 5, 7, 2, 6, 9, 8, 11, 13, 10, 12)}
M(A) = 
[[1, 3, 2, 4, 5, 6, 7, 8, 9, 10, 11, 12, 13]]
Distance: 75
B = 
{(2, 1, 5, 4, 6, 3, 7, 9, 10, 8, 12, 11, 13), (3, 2, 4, 1, 7, 6, 5, 10, 11, 13, 8, 9, 12), (3, 1, 8, 2, 4, 10, 5, 7, 11, 6, 12, 13, 9), (3, 1, 5, 4, 2, 6, 9, 8, 7, 10, 12, 13, 11), (1, 2, 3, 4, 5, 6, 7, 8, 9, 10, 11, 13, 12), (2, 1, 4, 6, 5, 7, 3, 9, 8, 11, 12, 10, 13), (1, 4, 10, 8, 3, 2, 5, 9, 6, 7, 11, 12, 13), (6, 1, 5, 2, 3, 8, 4, 7, 9, 11, 10, 12, 13)}
M(B) = 
[[1, 3, 2, 4, 5, 6, 7, 8, 9, 10, 11, 12, 13]]
Distance: 86
M(A) inter A:
set()
M(B) inter B:
set()

AUB = 
{(2, 1, 5, 4, 6, 3, 7, 9, 10, 8, 12, 11, 13), (3, 1, 4, 6, 2, 5, 10, 7, 8, 9, 11, 13, 12), (3, 2, 4, 1, 7, 6, 5, 10, 11, 13, 8, 9, 12), (2, 4, 1, 3, 5, 7, 8, 6, 9, 13, 12, 11, 10), (3, 1, 8, 2, 4, 10, 5, 7, 11, 6, 12, 13, 9), (5, 2, 1, 6, 4, 3, 7, 8, 9, 12, 10, 13, 11), (3, 1, 2, 5, 8, 4, 7, 9, 6, 10, 13, 12, 11), (3, 1, 5, 4, 2, 6, 9, 8, 7, 10, 12, 13, 11), (1, 2, 3, 4, 5, 6, 7, 8, 9, 10, 11, 13, 12), (1, 3, 5, 4, 7, 6, 2, 9, 10, 8, 11, 12, 13), (2, 1, 4, 6, 5, 7, 3, 9, 8, 11, 12, 10, 13), (2, 1, 3, 5, 6, 4, 10, 7, 8, 12, 13, 9, 11), (1, 4, 10, 8, 3, 2, 5, 9, 6, 7, 11, 12, 13), (1, 4, 3, 8, 2, 6, 5, 7, 9, 10, 13, 11, 12), (6, 1, 5, 2, 3, 8, 4, 7, 9, 11, 10, 12, 13), (1, 4, 3, 5, 7, 2, 6, 9, 8, 11, 13, 10, 12)}
M(AUB) = 
[[1, 3, 2, 4, 5, 6, 7, 8, 9, 10, 11, 12, 13]]
Distance:165

(14)
A = 
{(1, 2, 4, 5, 3, 6, 8, 7, 9, 10, 12, 11, 13), (2, 1, 4, 5, 3, 6, 7, 9, 10, 8, 11, 12, 13), (5, 1, 4, 6, 2, 7, 3, 10, 9, 8, 12, 11, 13), (1, 2, 6, 3, 5, 4, 8, 9, 7, 10, 13, 12, 11), (5, 1, 3, 2, 7, 4, 12, 10, 11, 8, 6, 9, 13), (2, 1, 3, 4, 5, 7, 8, 6, 11, 10, 9, 13, 12), (2, 1, 3, 4, 5, 6, 7, 8, 9, 10, 11, 12, 13), (1, 3, 2, 5, 4, 7, 6, 10, 8, 12, 9, 13, 11)}
M(A) = 
[[1, 2, 3, 4, 5, 6, 7, 8, 9, 10, 11, 12, 13], [1, 2, 3, 4, 5, 6, 7, 8, 9, 10, 12, 11, 13], [1, 2, 3, 4, 5, 6, 7, 9, 8, 10, 11, 12, 13], [1, 2, 3, 4, 5, 6, 7, 9, 8, 10, 12, 11, 13], [1, 2, 3, 4, 5, 6, 7, 9, 10, 8, 11, 12, 13], [1, 2, 3, 4, 5, 6, 7, 9, 10, 8, 12, 11, 13]]
Distance: 64
B = 
{(2, 1, 3, 4, 6, 5, 7, 8, 9, 12, 10, 11, 13), (3, 2, 6, 9, 1, 4, 5, 7, 11, 8, 10, 13, 12), (3, 1, 2, 5, 4, 8, 7, 6, 10, 12, 11, 9, 13), (1, 2, 5, 3, 4, 6, 7, 9, 8, 10, 11, 13, 12), (4, 1, 5, 2, 6, 3, 9, 7, 10, 8, 12, 11, 13), (2, 3, 1, 7, 6, 4, 10, 9, 8, 11, 13, 5, 12), (2, 1, 4, 5, 7, 6, 3, 9, 10, 13, 11, 8, 12), (1, 3, 2, 4, 6, 5, 7, 9, 10, 8, 11, 12, 13)}
M(B) = 
[[1, 2, 3, 4, 5, 6, 7, 8, 9, 10, 11, 12, 13], [1, 2, 3, 4, 5, 6, 7, 8, 9, 10, 12, 11, 13], [1, 2, 3, 4, 5, 6, 7, 9, 8, 10, 11, 12, 13], [1, 2, 3, 4, 5, 6, 7, 9, 8, 10, 12, 11, 13], [1, 2, 3, 4, 5, 6, 7, 9, 10, 8, 11, 12, 13], [1, 2, 3, 4, 5, 6, 7, 9, 10, 8, 12, 11, 13]]
Distance: 70
M(A) inter A:
set()
M(B) inter B:
set()

AUB = 
{(2, 1, 3, 4, 6, 5, 7, 8, 9, 12, 10, 11, 13), (1, 2, 4, 5, 3, 6, 8, 7, 9, 10, 12, 11, 13), (3, 2, 6, 9, 1, 4, 5, 7, 11, 8, 10, 13, 12), (3, 1, 2, 5, 4, 8, 7, 6, 10, 12, 11, 9, 13), (1, 2, 5, 3, 4, 6, 7, 9, 8, 10, 11, 13, 12), (4, 1, 5, 2, 6, 3, 9, 7, 10, 8, 12, 11, 13), (2, 1, 4, 5, 3, 6, 7, 9, 10, 8, 11, 12, 13), (2, 3, 1, 7, 6, 4, 10, 9, 8, 11, 13, 5, 12), (5, 1, 4, 6, 2, 7, 3, 10, 9, 8, 12, 11, 13), (1, 2, 6, 3, 5, 4, 8, 9, 7, 10, 13, 12, 11), (5, 1, 3, 2, 7, 4, 12, 10, 11, 8, 6, 9, 13), (2, 1, 4, 5, 7, 6, 3, 9, 10, 13, 11, 8, 12), (2, 1, 3, 4, 5, 7, 8, 6, 11, 10, 9, 13, 12), (2, 1, 3, 4, 5, 6, 7, 8, 9, 10, 11, 12, 13), (1, 3, 2, 5, 4, 7, 6, 10, 8, 12, 9, 13, 11), (1, 3, 2, 4, 6, 5, 7, 9, 10, 8, 11, 12, 13)}
M(AUB) = 
[[1, 2, 3, 4, 5, 6, 7, 8, 9, 10, 11, 12, 13], [1, 2, 3, 4, 5, 6, 7, 8, 9, 10, 12, 11, 13], [1, 2, 3, 4, 5, 6, 7, 9, 8, 10, 11, 12, 13], [1, 2, 3, 4, 5, 6, 7, 9, 8, 10, 12, 11, 13], [1, 2, 3, 4, 5, 6, 7, 9, 10, 8, 11, 12, 13], [1, 2, 3, 4, 5, 6, 7, 9, 10, 8, 12, 11, 13]]
Distance:140

(15)
A = 
{(1, 2, 3, 5, 4, 6, 7, 11, 8, 9, 10, 12, 13), (2, 4, 3, 1, 5, 6, 7, 13, 9, 11, 8, 10, 12), (1, 3, 7, 6, 2, 5, 9, 4, 8, 11, 12, 10, 13), (1, 3, 4, 2, 5, 8, 10, 6, 11, 7, 9, 12, 13), (3, 1, 2, 4, 5, 6, 7, 9, 11, 8, 10, 12, 13), (1, 2, 4, 3, 5, 7, 9, 8, 6, 12, 13, 11, 10), (1, 2, 3, 5, 4, 6, 7, 8, 10, 9, 12, 11, 13), (1, 2, 5, 3, 6, 4, 7, 10, 8, 12, 11, 9, 13)}
M(A) = 
[[1, 2, 3, 4, 5, 6, 7, 8, 9, 10, 11, 12, 13]]
Distance: 62
B = 
{(1, 2, 3, 4, 5, 6, 7, 8, 9, 10, 11, 13, 12), (1, 2, 3, 4, 6, 5, 9, 7, 8, 10, 11, 12, 13), (3, 6, 2, 8, 1, 5, 4, 7, 9, 10, 13, 12, 11), (1, 3, 2, 4, 5, 8, 6, 11, 10, 7, 9, 13, 12), (4, 1, 5, 7, 2, 3, 6, 10, 8, 11, 12, 9, 13), (1, 2, 3, 5, 6, 7, 4, 8, 11, 10, 9, 12, 13), (2, 4, 1, 5, 3, 6, 7, 10, 8, 11, 9, 13, 12), (3, 1, 5, 6, 2, 4, 8, 7, 13, 9, 12, 10, 11)}
M(B) = 
[[1, 2, 3, 4, 5, 6, 7, 8, 9, 10, 11, 12, 13]]
Distance: 65
M(A) inter A:
set()
M(B) inter B:
{(1, 2, 3, 4, 5, 6, 7, 8, 9, 10, 11, 13, 12)}

AUB = 
{(1, 2, 3, 5, 4, 6, 7, 11, 8, 9, 10, 12, 13), (2, 4, 3, 1, 5, 6, 7, 13, 9, 11, 8, 10, 12), (1, 3, 7, 6, 2, 5, 9, 4, 8, 11, 12, 10, 13), (1, 3, 4, 2, 5, 8, 10, 6, 11, 7, 9, 12, 13), (1, 2, 3, 4, 5, 6, 7, 8, 9, 10, 11, 13, 12), (3, 1, 2, 4, 5, 6, 7, 9, 11, 8, 10, 12, 13), (1, 2, 3, 4, 6, 5, 9, 7, 8, 10, 11, 12, 13), (3, 6, 2, 8, 1, 5, 4, 7, 9, 10, 13, 12, 11), (1, 3, 2, 4, 5, 8, 6, 11, 10, 7, 9, 13, 12), (1, 2, 4, 3, 5, 7, 9, 8, 6, 12, 13, 11, 10), (4, 1, 5, 7, 2, 3, 6, 10, 8, 11, 12, 9, 13), (1, 2, 3, 5, 6, 7, 4, 8, 11, 10, 9, 12, 13), (1, 2, 3, 5, 4, 6, 7, 8, 10, 9, 12, 11, 13), (2, 4, 1, 5, 3, 6, 7, 10, 8, 11, 9, 13, 12), (3, 1, 5, 6, 2, 4, 8, 7, 13, 9, 12, 10, 11), (1, 2, 5, 3, 6, 4, 7, 10, 8, 12, 11, 9, 13)}
M(AUB) = 
[[1, 2, 3, 4, 5, 6, 7, 8, 9, 10, 11, 12, 13]]
Distance:131

(16)
A = 
{(3, 1, 2, 5, 4, 7, 8, 11, 9, 6, 13, 12, 10), (2, 1, 3, 5, 8, 4, 6, 7, 9, 11, 10, 12, 13), (2, 3, 7, 4, 13, 1, 5, 6, 8, 10, 12, 9, 11), (3, 2, 5, 1, 6, 7, 4, 9, 8, 10, 11, 12, 13), (2, 1, 4, 5, 3, 6, 7, 9, 8, 10, 11, 12, 13), (2, 3, 1, 5, 8, 4, 7, 6, 9, 11, 12, 10, 13), (5, 3, 1, 4, 2, 6, 8, 10, 7, 12, 9, 11, 13), (2, 4, 3, 1, 6, 5, 9, 7, 11, 8, 12, 13, 10)}
M(A) = 
[[2, 1, 3, 5, 4, 6, 7, 8, 9, 10, 11, 12, 13], [2, 3, 1, 5, 4, 6, 7, 8, 9, 10, 11, 12, 13]]
Distance: 70
B = 
{(1, 2, 3, 5, 4, 6, 9, 7, 8, 10, 11, 12, 13), (1, 3, 2, 4, 5, 6, 7, 8, 9, 11, 10, 12, 13), (5, 1, 2, 7, 4, 3, 9, 10, 8, 13, 6, 12, 11), (3, 4, 1, 2, 7, 5, 8, 11, 10, 6, 13, 12, 9), (2, 1, 6, 4, 8, 3, 5, 7, 9, 11, 10, 12, 13), (2, 3, 6, 1, 5, 4, 7, 9, 10, 12, 8, 11, 13), (2, 1, 3, 5, 4, 6, 8, 9, 10, 7, 13, 11, 12), (1, 2, 3, 6, 5, 4, 8, 7, 10, 12, 13, 9, 11)}
M(B) = 
[[2, 1, 3, 5, 4, 6, 7, 8, 9, 10, 11, 12, 13], [2, 3, 1, 5, 4, 6, 7, 8, 9, 10, 11, 12, 13]]
Distance: 70
M(A) inter A:
set()
M(B) inter B:
set()

AUB = 
{(3, 1, 2, 5, 4, 7, 8, 11, 9, 6, 13, 12, 10), (1, 2, 3, 5, 4, 6, 9, 7, 8, 10, 11, 12, 13), (1, 3, 2, 4, 5, 6, 7, 8, 9, 11, 10, 12, 13), (5, 1, 2, 7, 4, 3, 9, 10, 8, 13, 6, 12, 11), (2, 1, 3, 5, 8, 4, 6, 7, 9, 11, 10, 12, 13), (2, 3, 7, 4, 13, 1, 5, 6, 8, 10, 12, 9, 11), (3, 2, 5, 1, 6, 7, 4, 9, 8, 10, 11, 12, 13), (2, 1, 4, 5, 3, 6, 7, 9, 8, 10, 11, 12, 13), (2, 3, 1, 5, 8, 4, 7, 6, 9, 11, 12, 10, 13), (5, 3, 1, 4, 2, 6, 8, 10, 7, 12, 9, 11, 13), (2, 4, 3, 1, 6, 5, 9, 7, 11, 8, 12, 13, 10), (3, 4, 1, 2, 7, 5, 8, 11, 10, 6, 13, 12, 9), (2, 1, 6, 4, 8, 3, 5, 7, 9, 11, 10, 12, 13), (2, 3, 6, 1, 5, 4, 7, 9, 10, 12, 8, 11, 13), (2, 1, 3, 5, 4, 6, 8, 9, 10, 7, 13, 11, 12), (1, 2, 3, 6, 5, 4, 8, 7, 10, 12, 13, 9, 11)}
M(AUB) = 
[[2, 1, 3, 5, 4, 6, 7, 8, 9, 10, 11, 12, 13], [2, 3, 1, 5, 4, 6, 7, 8, 9, 10, 11, 12, 13]]
Distance:146

(17)
A = 
{(2, 4, 1, 5, 6, 3, 7, 8, 10, 9, 11, 12, 13), (1, 3, 5, 4, 6, 8, 2, 7, 9, 12, 11, 10, 13), (2, 6, 1, 3, 4, 8, 7, 5, 10, 9, 13, 11, 12), (1, 2, 3, 4, 5, 11, 6, 10, 8, 7, 13, 9, 12), (3, 2, 9, 4, 1, 8, 7, 5, 6, 12, 11, 10, 13), (2, 1, 3, 5, 4, 6, 7, 9, 8, 10, 11, 12, 13), (3, 2, 1, 4, 7, 5, 9, 8, 11, 6, 10, 12, 13), (1, 2, 4, 3, 6, 7, 5, 8, 11, 9, 10, 12, 13)}
M(A) = 
[[1, 2, 3, 4, 5, 6, 7, 8, 9, 10, 11, 12, 13], [1, 2, 3, 4, 5, 6, 7, 8, 9, 11, 10, 12, 13], [2, 1, 3, 4, 5, 6, 7, 8, 9, 10, 11, 12, 13], [2, 1, 3, 4, 5, 6, 7, 8, 9, 11, 10, 12, 13]]
Distance: 70
B = 
{(6, 1, 3, 7, 9, 2, 4, 5, 12, 11, 10, 8, 13), (2, 1, 3, 4, 5, 6, 9, 7, 8, 10, 12, 11, 13), (3, 1, 2, 4, 5, 6, 8, 7, 11, 9, 10, 13, 12), (2, 1, 3, 4, 5, 6, 7, 8, 10, 9, 11, 12, 13), (1, 2, 4, 3, 5, 6, 7, 8, 9, 11, 10, 12, 13), (1, 5, 6, 2, 3, 4, 10, 8, 7, 9, 12, 13, 11), (3, 2, 6, 4, 1, 5, 7, 9, 12, 10, 13, 8, 11), (3, 4, 5, 1, 9, 2, 6, 10, 7, 8, 13, 11, 12)}
M(B) = 
[[1, 2, 3, 4, 5, 6, 7, 8, 9, 10, 11, 12, 13], [1, 2, 3, 4, 5, 6, 7, 8, 9, 11, 10, 12, 13], [2, 1, 3, 4, 5, 6, 7, 8, 9, 10, 11, 12, 13], [2, 1, 3, 4, 5, 6, 7, 8, 9, 11, 10, 12, 13]]
Distance: 73
M(A) inter A:
set()
M(B) inter B:
set()

AUB = 
{(6, 1, 3, 7, 9, 2, 4, 5, 12, 11, 10, 8, 13), (2, 1, 3, 4, 5, 6, 9, 7, 8, 10, 12, 11, 13), (2, 4, 1, 5, 6, 3, 7, 8, 10, 9, 11, 12, 13), (3, 1, 2, 4, 5, 6, 8, 7, 11, 9, 10, 13, 12), (1, 3, 5, 4, 6, 8, 2, 7, 9, 12, 11, 10, 13), (2, 6, 1, 3, 4, 8, 7, 5, 10, 9, 13, 11, 12), (1, 2, 3, 4, 5, 11, 6, 10, 8, 7, 13, 9, 12), (3, 2, 9, 4, 1, 8, 7, 5, 6, 12, 11, 10, 13), (2, 1, 3, 4, 5, 6, 7, 8, 10, 9, 11, 12, 13), (2, 1, 3, 5, 4, 6, 7, 9, 8, 10, 11, 12, 13), (3, 2, 1, 4, 7, 5, 9, 8, 11, 6, 10, 12, 13), (1, 2, 4, 3, 5, 6, 7, 8, 9, 11, 10, 12, 13), (1, 5, 6, 2, 3, 4, 10, 8, 7, 9, 12, 13, 11), (3, 2, 6, 4, 1, 5, 7, 9, 12, 10, 13, 8, 11), (1, 2, 4, 3, 6, 7, 5, 8, 11, 9, 10, 12, 13), (3, 4, 5, 1, 9, 2, 6, 10, 7, 8, 13, 11, 12)}
M(AUB) = 
[[1, 2, 3, 4, 5, 6, 7, 8, 9, 10, 11, 12, 13], [1, 2, 3, 4, 5, 6, 7, 8, 9, 11, 10, 12, 13], [2, 1, 3, 4, 5, 6, 7, 8, 9, 10, 11, 12, 13], [2, 1, 3, 4, 5, 6, 7, 8, 9, 11, 10, 12, 13]]
Distance:147

(18)
A = 
{(1, 2, 4, 3, 7, 6, 5, 10, 9, 8, 11, 13, 12), (1, 3, 2, 4, 5, 8, 7, 6, 9, 10, 13, 11, 12), (3, 2, 1, 4, 5, 6, 10, 8, 7, 11, 9, 13, 12), (2, 1, 3, 5, 4, 7, 8, 10, 9, 6, 12, 11, 13), (2, 1, 3, 5, 4, 6, 8, 10, 9, 7, 11, 13, 12), (2, 3, 1, 5, 4, 7, 8, 6, 9, 12, 10, 13, 11), (1, 3, 6, 4, 2, 8, 11, 5, 9, 7, 13, 10, 12), (4, 2, 1, 5, 8, 3, 7, 10, 9, 13, 6, 12, 11)}
M(A) = 
[[1, 2, 3, 4, 5, 6, 7, 8, 10, 9, 11, 12, 13], [1, 2, 3, 4, 5, 6, 7, 8, 10, 9, 12, 11, 13], [1, 2, 3, 4, 5, 6, 8, 7, 10, 9, 11, 12, 13], [1, 2, 3, 4, 5, 6, 8, 7, 10, 9, 12, 11, 13], [1, 2, 3, 4, 5, 7, 6, 8, 10, 9, 11, 12, 13], [1, 2, 3, 4, 5, 7, 6, 8, 10, 9, 12, 11, 13]]
Distance: 64
B = 
{(1, 4, 7, 3, 5, 2, 6, 8, 10, 11, 9, 12, 13), (3, 1, 2, 4, 5, 6, 8, 7, 9, 12, 10, 11, 13), (2, 3, 5, 1, 6, 8, 4, 7, 10, 9, 12, 13, 11), (1, 3, 5, 2, 6, 4, 7, 8, 12, 10, 9, 11, 13), (1, 2, 3, 4, 6, 8, 5, 9, 7, 10, 11, 13, 12), (1, 2, 3, 4, 5, 6, 7, 8, 9, 10, 12, 11, 13), (1, 2, 3, 4, 7, 5, 6, 8, 10, 11, 9, 12, 13), (1, 3, 2, 5, 4, 7, 6, 8, 9, 12, 10, 13, 11)}
M(B) = 
[[1, 2, 3, 4, 5, 6, 7, 8, 10, 9, 11, 12, 13], [1, 2, 3, 4, 5, 6, 7, 8, 10, 9, 12, 11, 13], [1, 2, 3, 4, 5, 6, 8, 7, 10, 9, 11, 12, 13], [1, 2, 3, 4, 5, 6, 8, 7, 10, 9, 12, 11, 13], [1, 2, 3, 4, 5, 7, 6, 8, 10, 9, 11, 12, 13], [1, 2, 3, 4, 5, 7, 6, 8, 10, 9, 12, 11, 13]]
Distance: 47
M(A) inter A:
set()
M(B) inter B:
{(1, 2, 3, 4, 5, 6, 7, 8, 9, 10, 12, 11, 13)}

AUB = 
{(1, 3, 2, 5, 4, 7, 6, 8, 9, 12, 10, 13, 11), (1, 4, 7, 3, 5, 2, 6, 8, 10, 11, 9, 12, 13), (1, 2, 4, 3, 7, 6, 5, 10, 9, 8, 11, 13, 12), (1, 3, 2, 4, 5, 8, 7, 6, 9, 10, 13, 11, 12), (3, 2, 1, 4, 5, 6, 10, 8, 7, 11, 9, 13, 12), (3, 1, 2, 4, 5, 6, 8, 7, 9, 12, 10, 11, 13), (2, 3, 5, 1, 6, 8, 4, 7, 10, 9, 12, 13, 11), (1, 3, 5, 2, 6, 4, 7, 8, 12, 10, 9, 11, 13), (2, 1, 3, 5, 4, 7, 8, 10, 9, 6, 12, 11, 13), (1, 2, 3, 4, 6, 8, 5, 9, 7, 10, 11, 13, 12), (1, 2, 3, 4, 5, 6, 7, 8, 9, 10, 12, 11, 13), (2, 1, 3, 5, 4, 6, 8, 10, 9, 7, 11, 13, 12), (1, 2, 3, 4, 7, 5, 6, 8, 10, 11, 9, 12, 13), (2, 3, 1, 5, 4, 7, 8, 6, 9, 12, 10, 13, 11), (1, 3, 6, 4, 2, 8, 11, 5, 9, 7, 13, 10, 12), (4, 2, 1, 5, 8, 3, 7, 10, 9, 13, 6, 12, 11)}
M(AUB) = 
[[1, 2, 3, 4, 5, 6, 7, 8, 10, 9, 11, 12, 13], [1, 2, 3, 4, 5, 6, 7, 8, 10, 9, 12, 11, 13], [1, 2, 3, 4, 5, 6, 8, 7, 10, 9, 11, 12, 13], [1, 2, 3, 4, 5, 6, 8, 7, 10, 9, 12, 11, 13], [1, 2, 3, 4, 5, 7, 6, 8, 10, 9, 11, 12, 13], [1, 2, 3, 4, 5, 7, 6, 8, 10, 9, 12, 11, 13]]
Distance:123

(19)
A = 
{(2, 1, 5, 6, 4, 7, 3, 8, 9, 11, 13, 10, 12), (2, 3, 1, 5, 6, 4, 7, 10, 8, 9, 11, 13, 12), (3, 7, 1, 2, 5, 4, 6, 9, 8, 10, 12, 13, 11), (1, 2, 4, 5, 3, 7, 9, 6, 8, 11, 12, 13, 10), (1, 3, 2, 4, 5, 7, 9, 8, 6, 10, 11, 13, 12), (1, 2, 4, 5, 3, 7, 8, 6, 10, 11, 9, 13, 12), (3, 1, 7, 4, 2, 6, 5, 9, 8, 10, 12, 11, 13), (1, 4, 3, 2, 6, 9, 5, 8, 7, 11, 13, 10, 12)}
M(A) = 
[[1, 2, 3, 4, 5, 7, 6, 8, 9, 10, 11, 13, 12], [1, 3, 2, 4, 5, 7, 6, 8, 9, 10, 11, 13, 12], [3, 1, 2, 4, 5, 7, 6, 8, 9, 10, 11, 13, 12]]
Distance: 64
B = 
{(1, 3, 2, 4, 5, 7, 6, 8, 9, 11, 10, 12, 13), (3, 1, 5, 2, 4, 8, 7, 6, 13, 9, 11, 12, 10), (2, 3, 1, 4, 6, 5, 7, 10, 8, 12, 9, 11, 13), (2, 4, 3, 1, 6, 8, 5, 10, 9, 7, 13, 12, 11), (6, 2, 1, 5, 3, 13, 7, 4, 11, 8, 10, 9, 12), (2, 3, 5, 1, 8, 12, 4, 7, 11, 6, 10, 13, 9), (1, 3, 2, 4, 5, 6, 7, 8, 10, 9, 11, 13, 12), (3, 1, 2, 7, 5, 4, 6, 9, 13, 12, 10, 8, 11)}
M(B) = 
[[1, 2, 3, 4, 5, 7, 6, 8, 9, 10, 11, 13, 12], [1, 3, 2, 4, 5, 7, 6, 8, 9, 10, 11, 13, 12], [3, 1, 2, 4, 5, 7, 6, 8, 9, 10, 11, 13, 12]]
Distance: 87
M(A) inter A:
set()
M(B) inter B:
set()

AUB = 
{(2, 1, 5, 6, 4, 7, 3, 8, 9, 11, 13, 10, 12), (1, 3, 2, 4, 5, 7, 6, 8, 9, 11, 10, 12, 13), (3, 1, 5, 2, 4, 8, 7, 6, 13, 9, 11, 12, 10), (2, 3, 1, 5, 6, 4, 7, 10, 8, 9, 11, 13, 12), (2, 3, 1, 4, 6, 5, 7, 10, 8, 12, 9, 11, 13), (2, 4, 3, 1, 6, 8, 5, 10, 9, 7, 13, 12, 11), (3, 7, 1, 2, 5, 4, 6, 9, 8, 10, 12, 13, 11), (6, 2, 1, 5, 3, 13, 7, 4, 11, 8, 10, 9, 12), (1, 2, 4, 5, 3, 7, 9, 6, 8, 11, 12, 13, 10), (2, 3, 5, 1, 8, 12, 4, 7, 11, 6, 10, 13, 9), (1, 3, 2, 4, 5, 6, 7, 8, 10, 9, 11, 13, 12), (1, 3, 2, 4, 5, 7, 9, 8, 6, 10, 11, 13, 12), (1, 2, 4, 5, 3, 7, 8, 6, 10, 11, 9, 13, 12), (3, 1, 7, 4, 2, 6, 5, 9, 8, 10, 12, 11, 13), (1, 4, 3, 2, 6, 9, 5, 8, 7, 11, 13, 10, 12), (3, 1, 2, 7, 5, 4, 6, 9, 13, 12, 10, 8, 11)}
M(AUB) = 
[[1, 2, 3, 4, 5, 7, 6, 8, 9, 10, 11, 13, 12], [1, 3, 2, 4, 5, 7, 6, 8, 9, 10, 11, 13, 12], [3, 1, 2, 4, 5, 7, 6, 8, 9, 10, 11, 13, 12]]
Distance:157

(20)
A = 
{(1, 3, 4, 5, 13, 2, 7, 11, 12, 6, 10, 9, 8), (1, 2, 3, 5, 8, 6, 9, 7, 11, 10, 4, 13, 12), (2, 3, 7, 5, 1, 6, 13, 4, 9, 10, 11, 8, 12), (2, 6, 5, 1, 4, 3, 10, 9, 7, 11, 8, 12, 13), (2, 1, 6, 4, 3, 9, 5, 7, 12, 8, 13, 10, 11), (2, 3, 6, 1, 10, 4, 8, 5, 7, 9, 12, 13, 11), (3, 2, 1, 6, 5, 4, 8, 7, 12, 11, 13, 10, 9), (1, 4, 3, 2, 5, 8, 9, 6, 11, 10, 7, 12, 13)}
M(A) = 
[[2, 1, 3, 4, 5, 6, 7, 10, 9, 8, 11, 12, 13], [2, 1, 3, 4, 5, 6, 7, 10, 9, 8, 12, 11, 13], [2, 1, 3, 5, 4, 6, 7, 10, 9, 8, 11, 12, 13], [2, 1, 3, 5, 4, 6, 7, 10, 9, 8, 12, 11, 13], [2, 1, 3, 5, 6, 4, 7, 10, 9, 8, 11, 12, 13], [2, 1, 3, 5, 6, 4, 7, 10, 9, 8, 12, 11, 13]]
Distance: 114
B = 
{(2, 1, 4, 3, 5, 7, 10, 6, 9, 8, 11, 12, 13), (3, 1, 2, 5, 4, 7, 8, 6, 10, 9, 12, 13, 11), (2, 5, 1, 3, 6, 4, 7, 11, 10, 9, 12, 13, 8), (2, 1, 7, 5, 3, 4, 6, 12, 11, 10, 9, 8, 13), (2, 3, 1, 4, 5, 6, 7, 8, 9, 11, 10, 12, 13), (4, 2, 3, 1, 9, 5, 8, 6, 10, 7, 12, 11, 13), (1, 4, 2, 6, 7, 3, 5, 10, 12, 8, 11, 13, 9), (6, 5, 1, 2, 7, 4, 9, 8, 12, 3, 11, 10, 13)}
M(B) = 
[[2, 1, 3, 4, 5, 6, 7, 10, 9, 8, 11, 12, 13], [2, 1, 3, 4, 5, 6, 7, 10, 9, 8, 12, 11, 13], [2, 1, 3, 5, 4, 6, 7, 10, 9, 8, 11, 12, 13], [2, 1, 3, 5, 4, 6, 7, 10, 9, 8, 12, 11, 13], [2, 1, 3, 5, 6, 4, 7, 10, 9, 8, 11, 12, 13], [2, 1, 3, 5, 6, 4, 7, 10, 9, 8, 12, 11, 13]]
Distance: 85
M(A) inter A:
set()
M(B) inter B:
set()

AUB = 
{(1, 3, 4, 5, 13, 2, 7, 11, 12, 6, 10, 9, 8), (1, 2, 3, 5, 8, 6, 9, 7, 11, 10, 4, 13, 12), (2, 1, 4, 3, 5, 7, 10, 6, 9, 8, 11, 12, 13), (2, 3, 7, 5, 1, 6, 13, 4, 9, 10, 11, 8, 12), (3, 1, 2, 5, 4, 7, 8, 6, 10, 9, 12, 13, 11), (2, 6, 5, 1, 4, 3, 10, 9, 7, 11, 8, 12, 13), (2, 1, 6, 4, 3, 9, 5, 7, 12, 8, 13, 10, 11), (2, 3, 6, 1, 10, 4, 8, 5, 7, 9, 12, 13, 11), (2, 5, 1, 3, 6, 4, 7, 11, 10, 9, 12, 13, 8), (2, 1, 7, 5, 3, 4, 6, 12, 11, 10, 9, 8, 13), (3, 2, 1, 6, 5, 4, 8, 7, 12, 11, 13, 10, 9), (1, 4, 3, 2, 5, 8, 9, 6, 11, 10, 7, 12, 13), (2, 3, 1, 4, 5, 6, 7, 8, 9, 11, 10, 12, 13), (4, 2, 3, 1, 9, 5, 8, 6, 10, 7, 12, 11, 13), (1, 4, 2, 6, 7, 3, 5, 10, 12, 8, 11, 13, 9), (6, 5, 1, 2, 7, 4, 9, 8, 12, 3, 11, 10, 13)}
M(AUB) = 
[[2, 1, 3, 4, 5, 6, 7, 10, 9, 8, 11, 12, 13], [2, 1, 3, 4, 5, 6, 7, 10, 9, 8, 12, 11, 13], [2, 1, 3, 5, 4, 6, 7, 10, 9, 8, 11, 12, 13], [2, 1, 3, 5, 4, 6, 7, 10, 9, 8, 12, 11, 13], [2, 1, 3, 5, 6, 4, 7, 10, 9, 8, 11, 12, 13], [2, 1, 3, 5, 6, 4, 7, 10, 9, 8, 12, 11, 13]]
Distance:205

(21)
A = 
{(1, 7, 5, 2, 3, 10, 9, 4, 13, 6, 8, 12, 11), (1, 4, 7, 3, 6, 5, 9, 10, 2, 8, 11, 13, 12), (4, 2, 1, 10, 3, 6, 8, 7, 5, 11, 9, 12, 13), (4, 1, 2, 5, 6, 8, 3, 9, 7, 10, 11, 12, 13), (1, 3, 2, 6, 4, 5, 7, 8, 10, 11, 12, 13, 9), (2, 4, 3, 1, 5, 9, 6, 7, 8, 10, 12, 11, 13), (1, 2, 5, 4, 3, 6, 8, 10, 7, 9, 13, 11, 12), (1, 2, 4, 7, 3, 6, 5, 9, 11, 10, 13, 12, 8)}
M(A) = 
[[1, 2, 4, 3, 5, 6, 7, 8, 9, 10, 11, 12, 13]]
Distance: 89
B = 
{(2, 6, 1, 3, 4, 8, 10, 9, 5, 7, 13, 11, 12), (2, 4, 1, 3, 5, 8, 6, 7, 9, 11, 10, 12, 13), (2, 1, 4, 5, 3, 6, 7, 8, 9, 10, 11, 12, 13), (3, 2, 1, 5, 6, 9, 4, 8, 10, 7, 13, 12, 11), (1, 2, 3, 4, 5, 6, 8, 7, 9, 10, 11, 12, 13), (1, 4, 3, 2, 7, 5, 6, 8, 9, 12, 10, 13, 11), (2, 1, 3, 4, 5, 7, 6, 9, 8, 12, 10, 11, 13), (1, 2, 6, 3, 5, 4, 7, 8, 11, 13, 9, 10, 12)}
M(B) = 
[[1, 2, 4, 3, 5, 6, 7, 8, 9, 10, 11, 12, 13]]
Distance: 57
M(A) inter A:
set()
M(B) inter B:
set()

AUB = 
{(1, 7, 5, 2, 3, 10, 9, 4, 13, 6, 8, 12, 11), (1, 4, 7, 3, 6, 5, 9, 10, 2, 8, 11, 13, 12), (2, 6, 1, 3, 4, 8, 10, 9, 5, 7, 13, 11, 12), (2, 4, 1, 3, 5, 8, 6, 7, 9, 11, 10, 12, 13), (2, 1, 4, 5, 3, 6, 7, 8, 9, 10, 11, 12, 13), (3, 2, 1, 5, 6, 9, 4, 8, 10, 7, 13, 12, 11), (1, 2, 3, 4, 5, 6, 8, 7, 9, 10, 11, 12, 13), (4, 2, 1, 10, 3, 6, 8, 7, 5, 11, 9, 12, 13), (4, 1, 2, 5, 6, 8, 3, 9, 7, 10, 11, 12, 13), (1, 4, 3, 2, 7, 5, 6, 8, 9, 12, 10, 13, 11), (2, 1, 3, 4, 5, 7, 6, 9, 8, 12, 10, 11, 13), (1, 3, 2, 6, 4, 5, 7, 8, 10, 11, 12, 13, 9), (2, 4, 3, 1, 5, 9, 6, 7, 8, 10, 12, 11, 13), (1, 2, 5, 4, 3, 6, 8, 10, 7, 9, 13, 11, 12), (1, 2, 4, 7, 3, 6, 5, 9, 11, 10, 13, 12, 8), (1, 2, 6, 3, 5, 4, 7, 8, 11, 13, 9, 10, 12)}
M(AUB) = 
[[1, 2, 4, 3, 5, 6, 7, 8, 9, 10, 11, 12, 13]]
Distance:150

(22)
A = 
{(1, 2, 4, 3, 7, 6, 9, 5, 8, 12, 11, 10, 13), (2, 1, 3, 4, 6, 5, 8, 7, 9, 11, 10, 12, 13), (1, 2, 3, 4, 6, 5, 7, 8, 11, 10, 9, 13, 12), (2, 8, 4, 3, 6, 1, 5, 10, 9, 13, 7, 11, 12), (1, 3, 2, 4, 5, 7, 8, 6, 9, 10, 11, 12, 13), (2, 1, 4, 3, 5, 9, 6, 7, 8, 12, 10, 13, 11), (2, 4, 1, 3, 7, 5, 6, 10, 8, 9, 13, 11, 12), (1, 2, 3, 4, 5, 6, 7, 8, 10, 9, 11, 12, 13)}
M(A) = 
[[1, 2, 3, 4, 5, 6, 7, 8, 9, 10, 11, 12, 13], [1, 2, 3, 4, 5, 6, 7, 8, 10, 9, 11, 12, 13]]
Distance: 57
B = 
{(3, 1, 2, 5, 7, 4, 6, 11, 8, 9, 13, 12, 10), (4, 2, 1, 3, 11, 6, 7, 8, 9, 5, 10, 13, 12), (2, 1, 3, 4, 6, 5, 8, 7, 10, 9, 12, 11, 13), (1, 2, 4, 6, 3, 7, 10, 5, 8, 11, 13, 12, 9), (1, 2, 3, 4, 5, 6, 7, 8, 9, 10, 11, 12, 13), (1, 2, 5, 3, 4, 6, 7, 8, 11, 10, 9, 12, 13), (3, 1, 2, 4, 5, 6, 7, 8, 10, 9, 11, 12, 13), (4, 3, 5, 6, 2, 7, 1, 9, 8, 10, 13, 11, 12)}
M(B) = 
[[1, 2, 3, 4, 5, 6, 7, 8, 9, 10, 11, 12, 13], [1, 2, 3, 4, 5, 6, 7, 8, 10, 9, 11, 12, 13]]
Distance: 64
M(A) inter A:
{(1, 2, 3, 4, 5, 6, 7, 8, 10, 9, 11, 12, 13)}
M(B) inter B:
{(1, 2, 3, 4, 5, 6, 7, 8, 9, 10, 11, 12, 13)}

AUB = 
{(1, 2, 4, 3, 7, 6, 9, 5, 8, 12, 11, 10, 13), (2, 1, 3, 4, 6, 5, 8, 7, 9, 11, 10, 12, 13), (1, 2, 3, 4, 6, 5, 7, 8, 11, 10, 9, 13, 12), (2, 8, 4, 3, 6, 1, 5, 10, 9, 13, 7, 11, 12), (3, 1, 2, 5, 7, 4, 6, 11, 8, 9, 13, 12, 10), (4, 2, 1, 3, 11, 6, 7, 8, 9, 5, 10, 13, 12), (2, 1, 3, 4, 6, 5, 8, 7, 10, 9, 12, 11, 13), (1, 3, 2, 4, 5, 7, 8, 6, 9, 10, 11, 12, 13), (2, 1, 4, 3, 5, 9, 6, 7, 8, 12, 10, 13, 11), (1, 2, 4, 6, 3, 7, 10, 5, 8, 11, 13, 12, 9), (1, 2, 3, 4, 5, 6, 7, 8, 9, 10, 11, 12, 13), (2, 4, 1, 3, 7, 5, 6, 10, 8, 9, 13, 11, 12), (1, 2, 3, 4, 5, 6, 7, 8, 10, 9, 11, 12, 13), (1, 2, 5, 3, 4, 6, 7, 8, 11, 10, 9, 12, 13), (3, 1, 2, 4, 5, 6, 7, 8, 10, 9, 11, 12, 13), (4, 3, 5, 6, 2, 7, 1, 9, 8, 10, 13, 11, 12)}
M(AUB) = 
[[1, 2, 3, 4, 5, 6, 7, 8, 9, 10, 11, 12, 13], [1, 2, 3, 4, 5, 6, 7, 8, 10, 9, 11, 12, 13]]
Distance:121

(23)
A = 
{(1, 2, 3, 4, 5, 6, 7, 8, 9, 10, 11, 12, 13), (1, 4, 2, 3, 5, 7, 6, 10, 9, 8, 12, 11, 13), (3, 1, 2, 4, 6, 5, 9, 7, 8, 10, 12, 11, 13), (2, 1, 5, 3, 6, 7, 4, 9, 8, 11, 13, 10, 12), (2, 6, 5, 1, 8, 3, 4, 7, 12, 10, 9, 11, 13), (1, 2, 4, 3, 6, 5, 7, 8, 12, 11, 10, 13, 9), (3, 2, 1, 4, 6, 5, 8, 10, 7, 9, 11, 13, 12), (5, 2, 3, 1, 6, 4, 7, 13, 8, 10, 11, 12, 9)}
M(A) = 
[[1, 2, 3, 4, 5, 6, 7, 8, 10, 9, 12, 11, 13], [2, 1, 3, 4, 5, 6, 7, 8, 10, 9, 12, 11, 13]]
Distance: 67
B = 
{(2, 1, 5, 3, 4, 6, 7, 9, 10, 8, 12, 11, 13), (2, 1, 4, 3, 5, 6, 7, 10, 8, 9, 12, 11, 13), (2, 6, 4, 1, 7, 8, 3, 10, 9, 12, 5, 11, 13), (3, 2, 1, 4, 6, 8, 5, 7, 10, 9, 11, 12, 13), (3, 1, 2, 4, 13, 5, 9, 6, 8, 12, 7, 11, 10), (1, 3, 5, 2, 9, 4, 6, 8, 7, 10, 12, 11, 13), (1, 3, 2, 4, 5, 6, 7, 8, 10, 12, 9, 13, 11), (8, 1, 2, 3, 4, 5, 7, 6, 10, 12, 9, 11, 13)}
M(B) = 
[[1, 2, 3, 4, 5, 6, 7, 8, 10, 9, 12, 11, 13], [2, 1, 3, 4, 5, 6, 7, 8, 10, 9, 12, 11, 13]]
Distance: 69
M(A) inter A:
set()
M(B) inter B:
set()

AUB = 
{(2, 1, 5, 3, 4, 6, 7, 9, 10, 8, 12, 11, 13), (2, 1, 4, 3, 5, 6, 7, 10, 8, 9, 12, 11, 13), (2, 6, 4, 1, 7, 8, 3, 10, 9, 12, 5, 11, 13), (3, 2, 1, 4, 6, 8, 5, 7, 10, 9, 11, 12, 13), (1, 2, 3, 4, 5, 6, 7, 8, 9, 10, 11, 12, 13), (1, 4, 2, 3, 5, 7, 6, 10, 9, 8, 12, 11, 13), (3, 1, 2, 4, 6, 5, 9, 7, 8, 10, 12, 11, 13), (3, 1, 2, 4, 13, 5, 9, 6, 8, 12, 7, 11, 10), (2, 1, 5, 3, 6, 7, 4, 9, 8, 11, 13, 10, 12), (2, 6, 5, 1, 8, 3, 4, 7, 12, 10, 9, 11, 13), (1, 3, 5, 2, 9, 4, 6, 8, 7, 10, 12, 11, 13), (1, 2, 4, 3, 6, 5, 7, 8, 12, 11, 10, 13, 9), (1, 3, 2, 4, 5, 6, 7, 8, 10, 12, 9, 13, 11), (3, 2, 1, 4, 6, 5, 8, 10, 7, 9, 11, 13, 12), (8, 1, 2, 3, 4, 5, 7, 6, 10, 12, 9, 11, 13), (5, 2, 3, 1, 6, 4, 7, 13, 8, 10, 11, 12, 9)}
M(AUB) = 
[[1, 2, 3, 4, 5, 6, 7, 8, 10, 9, 12, 11, 13], [2, 1, 3, 4, 5, 6, 7, 8, 10, 9, 12, 11, 13]]
Distance:136

(24)
A = 
{(3, 6, 1, 4, 5, 2, 11, 7, 8, 12, 9, 10, 13), (1, 2, 3, 4, 5, 6, 7, 8, 9, 10, 11, 12, 13), (2, 5, 1, 7, 6, 3, 8, 4, 9, 10, 12, 13, 11), (1, 3, 5, 4, 2, 7, 6, 11, 10, 8, 9, 12, 13), (1, 2, 4, 5, 6, 3, 8, 7, 11, 13, 10, 12, 9), (1, 5, 2, 4, 7, 6, 8, 3, 9, 11, 10, 12, 13), (4, 1, 6, 2, 7, 3, 13, 8, 5, 10, 9, 11, 12), (6, 1, 3, 4, 2, 5, 7, 13, 8, 10, 11, 9, 12)}
M(A) = 
[[1, 2, 3, 4, 5, 6, 7, 8, 9, 10, 11, 12, 13]]
Distance: 86
B = 
{(3, 2, 4, 1, 6, 7, 8, 5, 10, 11, 9, 13, 12), (2, 3, 4, 1, 8, 6, 5, 9, 7, 13, 12, 10, 11), (3, 2, 9, 1, 5, 7, 6, 4, 8, 12, 13, 11, 10), (1, 2, 3, 4, 5, 6, 8, 7, 9, 11, 10, 12, 13), (1, 2, 4, 5, 3, 8, 6, 10, 11, 7, 13, 12, 9), (2, 1, 3, 4, 6, 5, 7, 9, 10, 8, 11, 12, 13), (5, 1, 4, 8, 2, 11, 9, 3, 13, 6, 7, 10, 12), (2, 1, 3, 4, 6, 5, 7, 8, 9, 10, 11, 12, 13)}
M(B) = 
[[1, 2, 3, 4, 5, 6, 7, 8, 9, 10, 11, 12, 13]]
Distance: 80
M(A) inter A:
set()
M(B) inter B:
{(2, 1, 3, 4, 6, 5, 7, 8, 9, 10, 11, 12, 13)}

AUB = 
{(3, 2, 4, 1, 6, 7, 8, 5, 10, 11, 9, 13, 12), (3, 6, 1, 4, 5, 2, 11, 7, 8, 12, 9, 10, 13), (1, 2, 3, 4, 5, 6, 7, 8, 9, 10, 11, 12, 13), (2, 5, 1, 7, 6, 3, 8, 4, 9, 10, 12, 13, 11), (1, 3, 5, 4, 2, 7, 6, 11, 10, 8, 9, 12, 13), (1, 2, 4, 5, 6, 3, 8, 7, 11, 13, 10, 12, 9), (1, 5, 2, 4, 7, 6, 8, 3, 9, 11, 10, 12, 13), (4, 1, 6, 2, 7, 3, 13, 8, 5, 10, 9, 11, 12), (2, 3, 4, 1, 8, 6, 5, 9, 7, 13, 12, 10, 11), (3, 2, 9, 1, 5, 7, 6, 4, 8, 12, 13, 11, 10), (1, 2, 3, 4, 5, 6, 8, 7, 9, 11, 10, 12, 13), (1, 2, 4, 5, 3, 8, 6, 10, 11, 7, 13, 12, 9), (2, 1, 3, 4, 6, 5, 7, 9, 10, 8, 11, 12, 13), (5, 1, 4, 8, 2, 11, 9, 3, 13, 6, 7, 10, 12), (2, 1, 3, 4, 6, 5, 7, 8, 9, 10, 11, 12, 13), (6, 1, 3, 4, 2, 5, 7, 13, 8, 10, 11, 9, 12)}
M(AUB) = 
[[1, 2, 3, 4, 5, 6, 7, 8, 9, 10, 11, 12, 13]]
Distance:168

(25)
A = 
{(2, 3, 1, 4, 5, 8, 7, 6, 10, 9, 13, 11, 12), (1, 2, 4, 3, 5, 10, 9, 7, 8, 11, 13, 6, 12), (1, 2, 5, 3, 9, 4, 6, 7, 10, 8, 13, 12, 11), (1, 2, 3, 4, 5, 6, 8, 10, 7, 9, 11, 12, 13), (1, 2, 3, 4, 5, 6, 7, 8, 9, 10, 11, 13, 12), (2, 7, 1, 6, 4, 3, 5, 8, 12, 13, 9, 10, 11), (2, 1, 3, 5, 4, 6, 7, 9, 8, 13, 12, 10, 11), (1, 2, 4, 5, 3, 6, 10, 7, 9, 12, 13, 8, 11)}
M(A) = 
[[1, 2, 3, 4, 5, 6, 7, 8, 10, 9, 11, 13, 12], [1, 2, 3, 4, 5, 6, 7, 8, 10, 9, 13, 11, 12], [1, 2, 3, 4, 5, 7, 6, 8, 10, 9, 11, 13, 12], [1, 2, 3, 4, 5, 7, 6, 8, 10, 9, 13, 11, 12], [1, 2, 4, 3, 5, 6, 7, 8, 10, 9, 11, 13, 12], [1, 2, 4, 3, 5, 6, 7, 8, 10, 9, 13, 11, 12], [1, 2, 4, 3, 5, 7, 6, 8, 10, 9, 11, 13, 12], [1, 2, 4, 3, 5, 7, 6, 8, 10, 9, 13, 11, 12]]
Distance: 65
B = 
{(2, 1, 8, 4, 3, 10, 7, 5, 9, 6, 11, 12, 13), (2, 4, 1, 8, 5, 6, 7, 3, 10, 13, 9, 11, 12), (1, 2, 3, 10, 8, 5, 4, 9, 6, 12, 11, 13, 7), (1, 4, 5, 7, 6, 2, 10, 8, 3, 9, 11, 12, 13), (3, 1, 7, 5, 2, 4, 6, 8, 10, 9, 11, 13, 12), (4, 3, 5, 1, 7, 6, 8, 2, 9, 13, 11, 10, 12), (2, 3, 1, 9, 6, 5, 12, 8, 10, 4, 13, 11, 7), (2, 5, 4, 8, 3, 1, 7, 6, 9, 11, 13, 10, 12)}
M(B) = 
[[1, 2, 3, 4, 5, 6, 7, 8, 10, 9, 11, 13, 12], [1, 2, 3, 4, 5, 6, 7, 8, 10, 9, 13, 11, 12], [1, 2, 3, 4, 5, 7, 6, 8, 10, 9, 11, 13, 12], [1, 2, 3, 4, 5, 7, 6, 8, 10, 9, 13, 11, 12], [1, 2, 4, 3, 5, 6, 7, 8, 10, 9, 11, 13, 12], [1, 2, 4, 3, 5, 6, 7, 8, 10, 9, 13, 11, 12], [1, 2, 4, 3, 5, 7, 6, 8, 10, 9, 11, 13, 12], [1, 2, 4, 3, 5, 7, 6, 8, 10, 9, 13, 11, 12]]
Distance: 112
M(A) inter A:
set()
M(B) inter B:
set()

AUB = 
{(2, 1, 8, 4, 3, 10, 7, 5, 9, 6, 11, 12, 13), (2, 3, 1, 4, 5, 8, 7, 6, 10, 9, 13, 11, 12), (1, 2, 4, 3, 5, 10, 9, 7, 8, 11, 13, 6, 12), (2, 4, 1, 8, 5, 6, 7, 3, 10, 13, 9, 11, 12), (1, 2, 5, 3, 9, 4, 6, 7, 10, 8, 13, 12, 11), (1, 2, 3, 4, 5, 6, 8, 10, 7, 9, 11, 12, 13), (1, 2, 3, 10, 8, 5, 4, 9, 6, 12, 11, 13, 7), (1, 4, 5, 7, 6, 2, 10, 8, 3, 9, 11, 12, 13), (1, 2, 3, 4, 5, 6, 7, 8, 9, 10, 11, 13, 12), (3, 1, 7, 5, 2, 4, 6, 8, 10, 9, 11, 13, 12), (4, 3, 5, 1, 7, 6, 8, 2, 9, 13, 11, 10, 12), (2, 7, 1, 6, 4, 3, 5, 8, 12, 13, 9, 10, 11), (2, 1, 3, 5, 4, 6, 7, 9, 8, 13, 12, 10, 11), (2, 3, 1, 9, 6, 5, 12, 8, 10, 4, 13, 11, 7), (2, 5, 4, 8, 3, 1, 7, 6, 9, 11, 13, 10, 12), (1, 2, 4, 5, 3, 6, 10, 7, 9, 12, 13, 8, 11)}
M(AUB) = 
[[1, 2, 3, 4, 5, 6, 7, 8, 10, 9, 11, 13, 12], [1, 2, 3, 4, 5, 6, 7, 8, 10, 9, 13, 11, 12], [1, 2, 3, 4, 5, 7, 6, 8, 10, 9, 11, 13, 12], [1, 2, 3, 4, 5, 7, 6, 8, 10, 9, 13, 11, 12], [1, 2, 4, 3, 5, 6, 7, 8, 10, 9, 11, 13, 12], [1, 2, 4, 3, 5, 6, 7, 8, 10, 9, 13, 11, 12], [1, 2, 4, 3, 5, 7, 6, 8, 10, 9, 11, 13, 12], [1, 2, 4, 3, 5, 7, 6, 8, 10, 9, 13, 11, 12]]
Distance:185

(26)
A = 
{(2, 1, 5, 8, 3, 4, 6, 7, 10, 11, 12, 9, 13), (2, 1, 7, 3, 4, 6, 12, 9, 5, 8, 11, 10, 13), (2, 1, 4, 5, 3, 7, 8, 6, 13, 10, 9, 12, 11), (1, 4, 2, 3, 5, 7, 6, 10, 8, 13, 9, 12, 11), (2, 6, 1, 7, 4, 3, 8, 5, 13, 12, 9, 10, 11), (1, 2, 4, 3, 6, 7, 5, 10, 8, 9, 11, 13, 12), (1, 2, 7, 4, 5, 9, 3, 10, 8, 6, 13, 12, 11), (3, 2, 1, 5, 6, 7, 4, 9, 8, 12, 11, 10, 13)}
M(A) = 
[[1, 2, 3, 4, 5, 6, 7, 8, 9, 10, 11, 13, 12], [1, 2, 3, 4, 5, 6, 7, 8, 10, 9, 11, 13, 12], [1, 2, 3, 4, 5, 7, 6, 8, 9, 10, 11, 13, 12], [1, 2, 3, 4, 5, 7, 6, 8, 10, 9, 11, 13, 12], [1, 2, 3, 4, 7, 5, 6, 8, 9, 10, 11, 13, 12], [1, 2, 3, 4, 7, 5, 6, 8, 10, 9, 11, 13, 12], [1, 2, 3, 7, 4, 5, 6, 8, 9, 10, 11, 13, 12], [1, 2, 3, 7, 4, 5, 6, 8, 10, 9, 11, 13, 12]]
Distance: 82
B = 
{(2, 7, 5, 6, 1, 3, 4, 9, 8, 12, 11, 13, 10), (8, 1, 5, 2, 7, 3, 4, 9, 6, 13, 12, 10, 11), (3, 1, 8, 2, 10, 6, 7, 5, 4, 11, 9, 13, 12), (2, 3, 6, 1, 8, 5, 4, 9, 10, 13, 7, 11, 12), (4, 1, 2, 3, 6, 7, 5, 8, 10, 9, 11, 12, 13), (4, 1, 2, 6, 3, 5, 7, 10, 8, 12, 11, 9, 13), (1, 2, 3, 5, 7, 4, 6, 8, 11, 10, 13, 12, 9), (1, 3, 2, 4, 7, 5, 8, 9, 10, 6, 11, 13, 12)}
M(B) = 
[[1, 2, 3, 4, 5, 6, 7, 8, 9, 10, 11, 13, 12], [1, 2, 3, 4, 5, 6, 7, 8, 10, 9, 11, 13, 12], [1, 2, 3, 4, 5, 7, 6, 8, 9, 10, 11, 13, 12], [1, 2, 3, 4, 5, 7, 6, 8, 10, 9, 11, 13, 12], [1, 2, 3, 4, 7, 5, 6, 8, 9, 10, 11, 13, 12], [1, 2, 3, 4, 7, 5, 6, 8, 10, 9, 11, 13, 12], [1, 2, 3, 7, 4, 5, 6, 8, 9, 10, 11, 13, 12], [1, 2, 3, 7, 4, 5, 6, 8, 10, 9, 11, 13, 12]]
Distance: 97
M(A) inter A:
set()
M(B) inter B:
set()

AUB = 
{(2, 1, 5, 8, 3, 4, 6, 7, 10, 11, 12, 9, 13), (2, 1, 7, 3, 4, 6, 12, 9, 5, 8, 11, 10, 13), (2, 1, 4, 5, 3, 7, 8, 6, 13, 10, 9, 12, 11), (2, 7, 5, 6, 1, 3, 4, 9, 8, 12, 11, 13, 10), (8, 1, 5, 2, 7, 3, 4, 9, 6, 13, 12, 10, 11), (1, 4, 2, 3, 5, 7, 6, 10, 8, 13, 9, 12, 11), (2, 6, 1, 7, 4, 3, 8, 5, 13, 12, 9, 10, 11), (1, 2, 4, 3, 6, 7, 5, 10, 8, 9, 11, 13, 12), (3, 1, 8, 2, 10, 6, 7, 5, 4, 11, 9, 13, 12), (2, 3, 6, 1, 8, 5, 4, 9, 10, 13, 7, 11, 12), (4, 1, 2, 3, 6, 7, 5, 8, 10, 9, 11, 12, 13), (4, 1, 2, 6, 3, 5, 7, 10, 8, 12, 11, 9, 13), (1, 2, 7, 4, 5, 9, 3, 10, 8, 6, 13, 12, 11), (3, 2, 1, 5, 6, 7, 4, 9, 8, 12, 11, 10, 13), (1, 2, 3, 5, 7, 4, 6, 8, 11, 10, 13, 12, 9), (1, 3, 2, 4, 7, 5, 8, 9, 10, 6, 11, 13, 12)}
M(AUB) = 
[[1, 2, 3, 4, 5, 6, 7, 8, 9, 10, 11, 13, 12], [1, 2, 3, 4, 5, 6, 7, 8, 10, 9, 11, 13, 12], [1, 2, 3, 4, 5, 7, 6, 8, 9, 10, 11, 13, 12], [1, 2, 3, 4, 5, 7, 6, 8, 10, 9, 11, 13, 12], [1, 2, 3, 4, 7, 5, 6, 8, 9, 10, 11, 13, 12], [1, 2, 3, 4, 7, 5, 6, 8, 10, 9, 11, 13, 12], [1, 2, 3, 7, 4, 5, 6, 8, 9, 10, 11, 13, 12], [1, 2, 3, 7, 4, 5, 6, 8, 10, 9, 11, 13, 12]]
Distance:189

(27)
A = 
{(2, 3, 8, 5, 6, 11, 4, 9, 1, 7, 10, 13, 12), (2, 1, 3, 4, 5, 8, 6, 7, 9, 13, 12, 10, 11), (2, 1, 3, 4, 5, 6, 8, 11, 7, 9, 10, 13, 12), (1, 2, 3, 4, 5, 6, 7, 8, 9, 10, 11, 12, 13), (1, 3, 2, 5, 4, 6, 8, 9, 7, 12, 11, 13, 10), (4, 1, 3, 7, 2, 10, 5, 8, 9, 6, 13, 11, 12), (2, 3, 6, 4, 5, 1, 10, 7, 11, 8, 13, 12, 9), (1, 2, 3, 5, 4, 9, 8, 6, 7, 12, 13, 11, 10)}
M(A) = 
[[1, 3, 2, 4, 5, 6, 7, 8, 9, 10, 11, 12, 13]]
Distance: 79
B = 
{(1, 3, 4, 2, 7, 6, 8, 5, 9, 10, 12, 13, 11), (1, 3, 2, 4, 6, 7, 5, 8, 9, 10, 12, 11, 13), (1, 3, 2, 4, 6, 5, 9, 7, 12, 8, 13, 11, 10), (1, 3, 2, 4, 5, 7, 6, 11, 8, 9, 10, 12, 13), (1, 2, 3, 4, 5, 6, 7, 9, 8, 10, 11, 12, 13), (1, 4, 3, 5, 2, 7, 8, 11, 6, 9, 10, 12, 13), (1, 3, 4, 2, 5, 6, 9, 10, 13, 8, 11, 12, 7), (3, 2, 5, 1, 4, 6, 9, 8, 7, 12, 10, 13, 11)}
M(B) = 
[[1, 3, 2, 4, 5, 6, 7, 8, 9, 10, 11, 12, 13]]
Distance: 55
M(A) inter A:
set()
M(B) inter B:
set()

AUB = 
{(2, 3, 8, 5, 6, 11, 4, 9, 1, 7, 10, 13, 12), (2, 1, 3, 4, 5, 8, 6, 7, 9, 13, 12, 10, 11), (1, 3, 4, 2, 7, 6, 8, 5, 9, 10, 12, 13, 11), (1, 3, 2, 4, 6, 7, 5, 8, 9, 10, 12, 11, 13), (2, 1, 3, 4, 5, 6, 8, 11, 7, 9, 10, 13, 12), (1, 2, 3, 4, 5, 6, 7, 8, 9, 10, 11, 12, 13), (1, 3, 2, 5, 4, 6, 8, 9, 7, 12, 11, 13, 10), (1, 3, 2, 4, 6, 5, 9, 7, 12, 8, 13, 11, 10), (4, 1, 3, 7, 2, 10, 5, 8, 9, 6, 13, 11, 12), (1, 3, 2, 4, 5, 7, 6, 11, 8, 9, 10, 12, 13), (2, 3, 6, 4, 5, 1, 10, 7, 11, 8, 13, 12, 9), (1, 2, 3, 4, 5, 6, 7, 9, 8, 10, 11, 12, 13), (1, 4, 3, 5, 2, 7, 8, 11, 6, 9, 10, 12, 13), (1, 2, 3, 5, 4, 9, 8, 6, 7, 12, 13, 11, 10), (1, 3, 4, 2, 5, 6, 9, 10, 13, 8, 11, 12, 7), (3, 2, 5, 1, 4, 6, 9, 8, 7, 12, 10, 13, 11)}
M(AUB) = 
[[1, 3, 2, 4, 5, 6, 7, 8, 9, 10, 11, 12, 13]]
Distance:142

(28)
A = 
{(3, 1, 5, 7, 2, 4, 8, 11, 6, 9, 13, 10, 12), (1, 4, 2, 3, 5, 6, 7, 8, 10, 11, 12, 9, 13), (1, 4, 3, 5, 2, 8, 6, 12, 7, 10, 9, 11, 13), (2, 1, 3, 4, 5, 7, 6, 9, 10, 8, 11, 12, 13), (1, 3, 2, 5, 6, 4, 7, 9, 8, 10, 11, 12, 13), (1, 3, 2, 5, 4, 8, 6, 9, 11, 7, 10, 13, 12), (3, 1, 2, 6, 4, 5, 12, 9, 7, 8, 11, 10, 13), (1, 3, 2, 4, 5, 6, 8, 7, 9, 10, 11, 12, 13)}
M(A) = 
[[1, 3, 2, 4, 5, 6, 7, 8, 9, 10, 11, 12, 13]]
Distance: 55
B = 
{(7, 3, 4, 1, 2, 5, 6, 12, 9, 10, 8, 13, 11), (3, 4, 2, 1, 6, 7, 5, 12, 8, 10, 11, 13, 9), (1, 3, 2, 5, 4, 8, 9, 6, 12, 7, 13, 10, 11), (6, 2, 1, 3, 4, 8, 7, 5, 13, 11, 10, 12, 9), (1, 2, 6, 7, 4, 5, 3, 13, 11, 9, 12, 8, 10), (2, 1, 7, 3, 6, 4, 11, 5, 9, 13, 10, 12, 8), (2, 6, 3, 5, 1, 4, 8, 10, 11, 9, 13, 7, 12), (1, 2, 3, 4, 5, 6, 8, 7, 10, 9, 12, 11, 13)}
M(B) = 
[[1, 3, 2, 4, 5, 6, 7, 8, 9, 10, 11, 12, 13]]
Distance: 108
M(A) inter A:
set()
M(B) inter B:
set()

AUB = 
{(3, 1, 5, 7, 2, 4, 8, 11, 6, 9, 13, 10, 12), (7, 3, 4, 1, 2, 5, 6, 12, 9, 10, 8, 13, 11), (1, 4, 2, 3, 5, 6, 7, 8, 10, 11, 12, 9, 13), (3, 4, 2, 1, 6, 7, 5, 12, 8, 10, 11, 13, 9), (1, 4, 3, 5, 2, 8, 6, 12, 7, 10, 9, 11, 13), (1, 3, 2, 5, 4, 8, 9, 6, 12, 7, 13, 10, 11), (6, 2, 1, 3, 4, 8, 7, 5, 13, 11, 10, 12, 9), (2, 1, 3, 4, 5, 7, 6, 9, 10, 8, 11, 12, 13), (1, 2, 6, 7, 4, 5, 3, 13, 11, 9, 12, 8, 10), (2, 1, 7, 3, 6, 4, 11, 5, 9, 13, 10, 12, 8), (1, 3, 2, 5, 6, 4, 7, 9, 8, 10, 11, 12, 13), (2, 6, 3, 5, 1, 4, 8, 10, 11, 9, 13, 7, 12), (1, 2, 3, 4, 5, 6, 8, 7, 10, 9, 12, 11, 13), (1, 3, 2, 5, 4, 8, 6, 9, 11, 7, 10, 13, 12), (3, 1, 2, 6, 4, 5, 12, 9, 7, 8, 11, 10, 13), (1, 3, 2, 4, 5, 6, 8, 7, 9, 10, 11, 12, 13)}
M(AUB) = 
[[1, 3, 2, 4, 5, 6, 7, 8, 9, 10, 11, 12, 13]]
Distance:171

(29)
A = 
{(2, 1, 4, 5, 3, 6, 8, 7, 11, 12, 9, 10, 13), (1, 2, 3, 4, 5, 6, 7, 8, 10, 12, 9, 11, 13), (1, 3, 2, 4, 5, 7, 6, 9, 8, 10, 12, 11, 13), (2, 4, 1, 3, 7, 8, 5, 6, 10, 9, 11, 12, 13), (2, 1, 3, 4, 5, 6, 7, 9, 8, 10, 12, 11, 13), (1, 3, 4, 6, 2, 5, 7, 8, 11, 12, 10, 9, 13), (2, 3, 1, 4, 5, 7, 6, 10, 8, 11, 9, 12, 13), (3, 1, 5, 4, 2, 6, 8, 11, 7, 13, 9, 10, 12)}
M(A) = 
[[1, 2, 3, 4, 5, 6, 7, 8, 9, 10, 11, 12, 13]]
Distance: 53
B = 
{(2, 6, 1, 5, 3, 4, 7, 8, 10, 11, 12, 9, 13), (1, 2, 3, 6, 7, 5, 4, 8, 9, 10, 12, 11, 13), (3, 2, 1, 4, 5, 7, 6, 8, 9, 10, 13, 11, 12), (1, 2, 3, 5, 6, 4, 7, 8, 10, 9, 12, 13, 11), (1, 3, 4, 2, 5, 6, 7, 9, 8, 11, 10, 13, 12), (1, 4, 2, 3, 6, 9, 8, 7, 13, 5, 10, 11, 12), (1, 2, 4, 3, 5, 7, 6, 8, 11, 9, 10, 12, 13), (1, 2, 3, 4, 5, 6, 7, 8, 9, 10, 13, 11, 12)}
M(B) = 
[[1, 2, 3, 4, 5, 6, 7, 8, 9, 10, 11, 12, 13]]
Distance: 51
M(A) inter A:
set()
M(B) inter B:
{(1, 2, 3, 4, 5, 6, 7, 8, 9, 10, 13, 11, 12)}

AUB = 
{(2, 1, 4, 5, 3, 6, 8, 7, 11, 12, 9, 10, 13), (2, 6, 1, 5, 3, 4, 7, 8, 10, 11, 12, 9, 13), (1, 2, 3, 4, 5, 6, 7, 8, 10, 12, 9, 11, 13), (1, 3, 2, 4, 5, 7, 6, 9, 8, 10, 12, 11, 13), (1, 2, 3, 6, 7, 5, 4, 8, 9, 10, 12, 11, 13), (2, 4, 1, 3, 7, 8, 5, 6, 10, 9, 11, 12, 13), (2, 1, 3, 4, 5, 6, 7, 9, 8, 10, 12, 11, 13), (3, 2, 1, 4, 5, 7, 6, 8, 9, 10, 13, 11, 12), (1, 2, 3, 5, 6, 4, 7, 8, 10, 9, 12, 13, 11), (1, 3, 4, 2, 5, 6, 7, 9, 8, 11, 10, 13, 12), (1, 3, 4, 6, 2, 5, 7, 8, 11, 12, 10, 9, 13), (2, 3, 1, 4, 5, 7, 6, 10, 8, 11, 9, 12, 13), (3, 1, 5, 4, 2, 6, 8, 11, 7, 13, 9, 10, 12), (1, 4, 2, 3, 6, 9, 8, 7, 13, 5, 10, 11, 12), (1, 2, 4, 3, 5, 7, 6, 8, 11, 9, 10, 12, 13), (1, 2, 3, 4, 5, 6, 7, 8, 9, 10, 13, 11, 12)}
M(AUB) = 
[[1, 2, 3, 4, 5, 6, 7, 8, 9, 10, 11, 12, 13]]
Distance:104

(30)
A = 
{(2, 1, 4, 3, 5, 6, 7, 9, 8, 10, 11, 12, 13), (4, 1, 2, 6, 3, 5, 9, 13, 8, 10, 7, 11, 12), (1, 3, 6, 4, 2, 7, 8, 5, 9, 10, 12, 11, 13), (4, 3, 2, 1, 6, 7, 8, 9, 5, 11, 13, 10, 12), (2, 4, 1, 3, 6, 5, 7, 8, 9, 11, 12, 10, 13), (2, 5, 3, 11, 4, 6, 1, 8, 9, 7, 12, 10, 13), (2, 1, 3, 4, 5, 9, 8, 6, 7, 10, 11, 12, 13), (1, 6, 2, 4, 5, 9, 3, 12, 8, 10, 13, 7, 11)}
M(A) = 
[[1, 2, 3, 4, 5, 6, 7, 8, 9, 10, 11, 12, 13], [1, 2, 3, 4, 6, 5, 7, 8, 9, 10, 11, 12, 13]]
Distance: 78
B = 
{(1, 3, 2, 6, 4, 7, 10, 5, 12, 8, 9, 13, 11), (2, 1, 5, 7, 6, 3, 4, 10, 11, 8, 9, 13, 12), (1, 5, 7, 2, 3, 9, 4, 6, 11, 8, 12, 13, 10), (1, 2, 3, 4, 5, 6, 7, 8, 9, 10, 11, 12, 13), (1, 6, 4, 2, 3, 7, 11, 5, 9, 8, 10, 12, 13), (1, 3, 2, 7, 5, 6, 8, 4, 11, 10, 9, 13, 12), (3, 4, 5, 7, 1, 12, 6, 2, 8, 9, 11, 10, 13), (4, 7, 1, 2, 6, 3, 5, 8, 9, 10, 12, 11, 13)}
M(B) = 
[[1, 2, 3, 4, 5, 6, 7, 8, 9, 10, 11, 12, 13], [1, 2, 3, 4, 6, 5, 7, 8, 9, 10, 11, 12, 13]]
Distance: 87
M(A) inter A:
set()
M(B) inter B:
set()

AUB = 
{(1, 3, 2, 6, 4, 7, 10, 5, 12, 8, 9, 13, 11), (2, 1, 5, 7, 6, 3, 4, 10, 11, 8, 9, 13, 12), (2, 1, 4, 3, 5, 6, 7, 9, 8, 10, 11, 12, 13), (4, 1, 2, 6, 3, 5, 9, 13, 8, 10, 7, 11, 12), (1, 5, 7, 2, 3, 9, 4, 6, 11, 8, 12, 13, 10), (1, 3, 6, 4, 2, 7, 8, 5, 9, 10, 12, 11, 13), (1, 2, 3, 4, 5, 6, 7, 8, 9, 10, 11, 12, 13), (1, 6, 4, 2, 3, 7, 11, 5, 9, 8, 10, 12, 13), (4, 3, 2, 1, 6, 7, 8, 9, 5, 11, 13, 10, 12), (1, 3, 2, 7, 5, 6, 8, 4, 11, 10, 9, 13, 12), (2, 4, 1, 3, 6, 5, 7, 8, 9, 11, 12, 10, 13), (2, 5, 3, 11, 4, 6, 1, 8, 9, 7, 12, 10, 13), (2, 1, 3, 4, 5, 9, 8, 6, 7, 10, 11, 12, 13), (1, 6, 2, 4, 5, 9, 3, 12, 8, 10, 13, 7, 11), (3, 4, 5, 7, 1, 12, 6, 2, 8, 9, 11, 10, 13), (4, 7, 1, 2, 6, 3, 5, 8, 9, 10, 12, 11, 13)}
M(AUB) = 
[[1, 2, 3, 4, 5, 6, 7, 8, 9, 10, 11, 12, 13], [1, 2, 3, 4, 6, 5, 7, 8, 9, 10, 11, 12, 13]]
Distance:173

(31)
A = 
{(2, 1, 6, 5, 3, 4, 7, 8, 9, 10, 11, 13, 12), (2, 3, 6, 1, 4, 7, 5, 9, 8, 10, 11, 12, 13), (1, 2, 3, 4, 5, 7, 8, 6, 9, 10, 12, 13, 11), (4, 1, 5, 3, 2, 10, 8, 6, 9, 11, 7, 12, 13), (1, 2, 5, 3, 4, 6, 7, 9, 8, 10, 11, 13, 12), (1, 4, 2, 3, 6, 5, 7, 8, 11, 9, 10, 13, 12), (2, 1, 9, 5, 3, 7, 8, 6, 4, 10, 12, 13, 11), (1, 3, 4, 2, 8, 6, 5, 7, 9, 11, 10, 12, 13)}
M(A) = 
[[1, 2, 3, 4, 5, 6, 7, 8, 9, 10, 11, 12, 13]]
Distance: 65
B = 
{(4, 3, 5, 8, 1, 2, 9, 7, 10, 6, 11, 12, 13), (3, 1, 4, 2, 6, 7, 5, 9, 8, 12, 13, 11, 10), (3, 2, 4, 1, 7, 5, 9, 11, 6, 13, 10, 12, 8), (1, 2, 3, 4, 5, 6, 7, 8, 9, 10, 11, 12, 13), (1, 3, 2, 4, 5, 6, 8, 11, 7, 9, 12, 10, 13), (2, 1, 4, 6, 5, 3, 7, 8, 10, 11, 13, 12, 9), (1, 2, 3, 4, 6, 5, 7, 8, 9, 10, 12, 11, 13), (1, 2, 3, 4, 5, 6, 7, 8, 12, 9, 11, 10, 13)}
M(B) = 
[[1, 2, 3, 4, 5, 6, 7, 8, 9, 10, 11, 12, 13]]
Distance: 64
M(A) inter A:
set()
M(B) inter B:
{(1, 2, 3, 4, 5, 6, 7, 8, 9, 10, 11, 12, 13)}

AUB = 
{(2, 1, 6, 5, 3, 4, 7, 8, 9, 10, 11, 13, 12), (4, 3, 5, 8, 1, 2, 9, 7, 10, 6, 11, 12, 13), (2, 3, 6, 1, 4, 7, 5, 9, 8, 10, 11, 12, 13), (3, 1, 4, 2, 6, 7, 5, 9, 8, 12, 13, 11, 10), (1, 2, 3, 4, 5, 7, 8, 6, 9, 10, 12, 13, 11), (4, 1, 5, 3, 2, 10, 8, 6, 9, 11, 7, 12, 13), (3, 2, 4, 1, 7, 5, 9, 11, 6, 13, 10, 12, 8), (1, 2, 3, 4, 5, 6, 7, 8, 9, 10, 11, 12, 13), (1, 3, 2, 4, 5, 6, 8, 11, 7, 9, 12, 10, 13), (2, 1, 4, 6, 5, 3, 7, 8, 10, 11, 13, 12, 9), (1, 2, 5, 3, 4, 6, 7, 9, 8, 10, 11, 13, 12), (1, 4, 2, 3, 6, 5, 7, 8, 11, 9, 10, 13, 12), (2, 1, 9, 5, 3, 7, 8, 6, 4, 10, 12, 13, 11), (1, 3, 4, 2, 8, 6, 5, 7, 9, 11, 10, 12, 13), (1, 2, 3, 4, 6, 5, 7, 8, 9, 10, 12, 11, 13), (1, 2, 3, 4, 5, 6, 7, 8, 12, 9, 11, 10, 13)}
M(AUB) = 
[[1, 2, 3, 4, 5, 6, 7, 8, 9, 10, 11, 12, 13]]
Distance:129

(32)
A = 
{(1, 4, 3, 2, 5, 6, 7, 12, 8, 9, 13, 10, 11), (3, 1, 2, 6, 9, 5, 7, 4, 8, 13, 12, 10, 11), (3, 2, 1, 4, 7, 5, 6, 8, 9, 12, 10, 11, 13), (2, 3, 1, 8, 6, 9, 11, 7, 4, 5, 10, 13, 12), (1, 3, 2, 4, 5, 7, 6, 10, 8, 9, 12, 11, 13), (1, 2, 3, 4, 5, 7, 6, 8, 9, 10, 11, 12, 13), (1, 2, 4, 3, 6, 5, 11, 7, 9, 8, 12, 13, 10), (4, 1, 6, 3, 5, 2, 7, 9, 8, 11, 12, 10, 13)}
M(A) = 
[[1, 2, 3, 4, 5, 6, 7, 8, 9, 10, 11, 12, 13], [1, 2, 3, 4, 5, 6, 7, 8, 9, 10, 12, 11, 13], [1, 2, 3, 4, 6, 5, 7, 8, 9, 10, 11, 12, 13], [1, 2, 3, 4, 6, 5, 7, 8, 9, 10, 12, 11, 13]]
Distance: 71
B = 
{(3, 2, 4, 1, 6, 7, 12, 5, 8, 11, 10, 9, 13), (4, 2, 6, 1, 3, 8, 7, 13, 5, 10, 9, 12, 11), (1, 2, 4, 3, 5, 6, 10, 7, 9, 8, 11, 12, 13), (3, 1, 4, 6, 5, 2, 11, 8, 9, 7, 13, 12, 10), (4, 1, 2, 10, 3, 7, 6, 5, 9, 13, 12, 8, 11), (1, 2, 3, 4, 5, 6, 7, 8, 9, 11, 10, 12, 13), (1, 2, 4, 5, 3, 6, 8, 7, 10, 9, 12, 13, 11), (1, 2, 3, 5, 4, 7, 6, 8, 11, 10, 9, 12, 13)}
M(B) = 
[[1, 2, 3, 4, 5, 6, 7, 8, 9, 10, 11, 12, 13], [1, 2, 3, 4, 5, 6, 7, 8, 9, 10, 12, 11, 13], [1, 2, 3, 4, 6, 5, 7, 8, 9, 10, 11, 12, 13], [1, 2, 3, 4, 6, 5, 7, 8, 9, 10, 12, 11, 13]]
Distance: 77
M(A) inter A:
set()
M(B) inter B:
set()

AUB = 
{(1, 4, 3, 2, 5, 6, 7, 12, 8, 9, 13, 10, 11), (3, 1, 2, 6, 9, 5, 7, 4, 8, 13, 12, 10, 11), (3, 2, 4, 1, 6, 7, 12, 5, 8, 11, 10, 9, 13), (4, 2, 6, 1, 3, 8, 7, 13, 5, 10, 9, 12, 11), (1, 2, 4, 3, 5, 6, 10, 7, 9, 8, 11, 12, 13), (3, 1, 4, 6, 5, 2, 11, 8, 9, 7, 13, 12, 10), (3, 2, 1, 4, 7, 5, 6, 8, 9, 12, 10, 11, 13), (2, 3, 1, 8, 6, 9, 11, 7, 4, 5, 10, 13, 12), (1, 3, 2, 4, 5, 7, 6, 10, 8, 9, 12, 11, 13), (4, 1, 2, 10, 3, 7, 6, 5, 9, 13, 12, 8, 11), (1, 2, 3, 4, 5, 6, 7, 8, 9, 11, 10, 12, 13), (1, 2, 4, 5, 3, 6, 8, 7, 10, 9, 12, 13, 11), (1, 2, 3, 5, 4, 7, 6, 8, 11, 10, 9, 12, 13), (1, 2, 3, 4, 5, 7, 6, 8, 9, 10, 11, 12, 13), (1, 2, 4, 3, 6, 5, 11, 7, 9, 8, 12, 13, 10), (4, 1, 6, 3, 5, 2, 7, 9, 8, 11, 12, 10, 13)}
M(AUB) = 
[[1, 2, 3, 4, 5, 6, 7, 8, 9, 10, 11, 12, 13], [1, 2, 3, 4, 5, 6, 7, 8, 9, 10, 12, 11, 13], [1, 2, 3, 4, 6, 5, 7, 8, 9, 10, 11, 12, 13], [1, 2, 3, 4, 6, 5, 7, 8, 9, 10, 12, 11, 13]]
Distance:156

(33)
A = 
{(4, 2, 1, 6, 7, 10, 5, 3, 11, 8, 9, 12, 13), (4, 1, 2, 5, 6, 9, 3, 11, 10, 7, 13, 8, 12), (7, 2, 1, 3, 5, 4, 10, 8, 9, 11, 6, 13, 12), (1, 2, 3, 4, 5, 6, 7, 8, 9, 10, 11, 12, 13), (2, 1, 3, 4, 5, 7, 6, 8, 9, 10, 11, 12, 13), (4, 2, 3, 5, 6, 1, 7, 10, 8, 12, 9, 11, 13), (1, 2, 3, 8, 5, 4, 6, 7, 10, 9, 11, 13, 12), (1, 2, 3, 4, 6, 5, 7, 9, 8, 10, 11, 12, 13)}
M(A) = 
[[1, 2, 3, 4, 5, 6, 7, 8, 9, 10, 11, 12, 13]]
Distance: 67
B = 
{(1, 3, 4, 2, 5, 6, 8, 7, 9, 12, 11, 13, 10), (1, 2, 5, 4, 3, 6, 7, 9, 10, 8, 11, 12, 13), (3, 1, 4, 2, 9, 7, 6, 5, 11, 12, 13, 10, 8), (1, 3, 2, 4, 5, 6, 8, 7, 9, 12, 11, 10, 13), (5, 4, 1, 2, 3, 8, 6, 9, 10, 7, 13, 11, 12), (3, 1, 4, 5, 2, 7, 6, 11, 9, 13, 10, 12, 8), (1, 2, 3, 4, 7, 5, 6, 8, 10, 11, 9, 12, 13), (2, 3, 6, 1, 4, 7, 8, 13, 9, 10, 12, 5, 11)}
M(B) = 
[[1, 2, 3, 4, 5, 6, 7, 8, 9, 10, 11, 12, 13]]
Distance: 81
M(A) inter A:
{(1, 2, 3, 4, 5, 6, 7, 8, 9, 10, 11, 12, 13)}
M(B) inter B:
set()

AUB = 
{(1, 3, 4, 2, 5, 6, 8, 7, 9, 12, 11, 13, 10), (4, 2, 1, 6, 7, 10, 5, 3, 11, 8, 9, 12, 13), (1, 2, 5, 4, 3, 6, 7, 9, 10, 8, 11, 12, 13), (3, 1, 4, 2, 9, 7, 6, 5, 11, 12, 13, 10, 8), (4, 1, 2, 5, 6, 9, 3, 11, 10, 7, 13, 8, 12), (7, 2, 1, 3, 5, 4, 10, 8, 9, 11, 6, 13, 12), (1, 2, 3, 4, 5, 6, 7, 8, 9, 10, 11, 12, 13), (1, 3, 2, 4, 5, 6, 8, 7, 9, 12, 11, 10, 13), (2, 1, 3, 4, 5, 7, 6, 8, 9, 10, 11, 12, 13), (5, 4, 1, 2, 3, 8, 6, 9, 10, 7, 13, 11, 12), (4, 2, 3, 5, 6, 1, 7, 10, 8, 12, 9, 11, 13), (1, 2, 3, 8, 5, 4, 6, 7, 10, 9, 11, 13, 12), (3, 1, 4, 5, 2, 7, 6, 11, 9, 13, 10, 12, 8), (1, 2, 3, 4, 7, 5, 6, 8, 10, 11, 9, 12, 13), (1, 2, 3, 4, 6, 5, 7, 9, 8, 10, 11, 12, 13), (2, 3, 6, 1, 4, 7, 8, 13, 9, 10, 12, 5, 11)}
M(AUB) = 
[[1, 2, 3, 4, 5, 6, 7, 8, 9, 10, 11, 12, 13]]
Distance:148

(34)
A = 
{(2, 1, 3, 4, 6, 5, 7, 9, 8, 10, 11, 12, 13), (2, 1, 4, 3, 7, 6, 9, 8, 5, 13, 12, 10, 11), (1, 3, 4, 2, 6, 5, 7, 9, 8, 10, 11, 12, 13), (2, 1, 3, 4, 5, 6, 8, 9, 7, 10, 11, 12, 13), (2, 7, 1, 4, 3, 6, 10, 5, 8, 9, 12, 13, 11), (3, 4, 5, 1, 2, 7, 9, 10, 6, 8, 12, 13, 11), (1, 5, 2, 3, 4, 7, 9, 6, 8, 10, 13, 12, 11), (4, 3, 1, 5, 8, 2, 9, 6, 10, 13, 7, 11, 12)}
M(A) = 
[[1, 2, 3, 4, 5, 6, 7, 8, 9, 10, 11, 12, 13], [1, 2, 3, 4, 5, 6, 7, 8, 9, 10, 12, 11, 13], [1, 2, 3, 4, 6, 5, 7, 8, 9, 10, 11, 12, 13], [1, 2, 3, 4, 6, 5, 7, 8, 9, 10, 12, 11, 13]]
Distance: 69
B = 
{(1, 2, 3, 4, 6, 5, 8, 7, 9, 11, 10, 12, 13), (2, 1, 3, 4, 8, 6, 5, 7, 9, 12, 10, 11, 13), (1, 2, 5, 4, 3, 7, 6, 8, 9, 12, 13, 11, 10), (1, 2, 3, 4, 5, 6, 7, 8, 9, 10, 11, 12, 13), (5, 3, 2, 1, 6, 9, 13, 8, 12, 7, 4, 10, 11), (1, 3, 2, 5, 4, 6, 8, 7, 10, 9, 11, 13, 12), (6, 4, 1, 10, 3, 2, 12, 8, 11, 5, 9, 7, 13), (1, 3, 2, 4, 6, 7, 8, 5, 11, 9, 10, 13, 12)}
M(B) = 
[[1, 2, 3, 4, 5, 6, 7, 8, 9, 10, 11, 12, 13], [1, 2, 3, 4, 5, 6, 7, 8, 9, 10, 12, 11, 13], [1, 2, 3, 4, 6, 5, 7, 8, 9, 10, 11, 12, 13], [1, 2, 3, 4, 6, 5, 7, 8, 9, 10, 12, 11, 13]]
Distance: 79
M(A) inter A:
set()
M(B) inter B:
set()

AUB = 
{(2, 1, 3, 4, 6, 5, 7, 9, 8, 10, 11, 12, 13), (1, 2, 3, 4, 6, 5, 8, 7, 9, 11, 10, 12, 13), (2, 1, 3, 4, 8, 6, 5, 7, 9, 12, 10, 11, 13), (2, 1, 4, 3, 7, 6, 9, 8, 5, 13, 12, 10, 11), (1, 3, 4, 2, 6, 5, 7, 9, 8, 10, 11, 12, 13), (2, 1, 3, 4, 5, 6, 8, 9, 7, 10, 11, 12, 13), (1, 2, 5, 4, 3, 7, 6, 8, 9, 12, 13, 11, 10), (2, 7, 1, 4, 3, 6, 10, 5, 8, 9, 12, 13, 11), (1, 2, 3, 4, 5, 6, 7, 8, 9, 10, 11, 12, 13), (5, 3, 2, 1, 6, 9, 13, 8, 12, 7, 4, 10, 11), (1, 3, 2, 5, 4, 6, 8, 7, 10, 9, 11, 13, 12), (3, 4, 5, 1, 2, 7, 9, 10, 6, 8, 12, 13, 11), (1, 5, 2, 3, 4, 7, 9, 6, 8, 10, 13, 12, 11), (4, 3, 1, 5, 8, 2, 9, 6, 10, 13, 7, 11, 12), (6, 4, 1, 10, 3, 2, 12, 8, 11, 5, 9, 7, 13), (1, 3, 2, 4, 6, 7, 8, 5, 11, 9, 10, 13, 12)}
M(AUB) = 
[[1, 2, 3, 4, 5, 6, 7, 8, 9, 10, 11, 12, 13], [1, 2, 3, 4, 5, 6, 7, 8, 9, 10, 12, 11, 13], [1, 2, 3, 4, 6, 5, 7, 8, 9, 10, 11, 12, 13], [1, 2, 3, 4, 6, 5, 7, 8, 9, 10, 12, 11, 13]]
Distance:154

(35)
A = 
{(6, 2, 1, 4, 3, 8, 12, 7, 5, 9, 10, 13, 11), (2, 1, 5, 3, 4, 7, 10, 6, 8, 9, 11, 12, 13), (4, 6, 2, 1, 3, 5, 7, 8, 9, 11, 13, 10, 12), (1, 5, 9, 4, 3, 2, 6, 10, 8, 11, 7, 12, 13), (1, 2, 6, 4, 5, 7, 3, 8, 10, 11, 12, 9, 13), (1, 2, 3, 4, 5, 6, 8, 7, 9, 11, 10, 13, 12), (1, 2, 3, 4, 6, 5, 8, 7, 9, 12, 10, 13, 11), (1, 3, 2, 8, 5, 4, 6, 7, 9, 11, 13, 12, 10)}
M(A) = 
[[1, 2, 3, 4, 5, 6, 7, 8, 9, 10, 11, 12, 13], [1, 2, 4, 3, 5, 6, 7, 8, 9, 10, 11, 12, 13], [2, 1, 3, 4, 5, 6, 7, 8, 9, 10, 11, 12, 13], [2, 1, 4, 3, 5, 6, 7, 8, 9, 10, 11, 12, 13]]
Distance: 75
B = 
{(1, 4, 5, 3, 8, 2, 12, 9, 6, 13, 11, 7, 10), (2, 1, 6, 7, 4, 5, 3, 10, 11, 8, 13, 12, 9), (1, 2, 3, 4, 5, 6, 7, 8, 9, 10, 11, 12, 13), (2, 1, 4, 3, 5, 6, 9, 11, 10, 7, 13, 8, 12), (1, 4, 2, 3, 9, 5, 7, 10, 6, 8, 11, 12, 13), (2, 6, 1, 5, 3, 9, 7, 4, 8, 10, 12, 11, 13), (2, 1, 3, 4, 5, 6, 8, 7, 9, 10, 11, 12, 13), (2, 3, 4, 6, 1, 7, 5, 8, 13, 9, 11, 10, 12)}
M(B) = 
[[1, 2, 3, 4, 5, 6, 7, 8, 9, 10, 11, 12, 13], [1, 2, 4, 3, 5, 6, 7, 8, 9, 10, 11, 12, 13], [2, 1, 3, 4, 5, 6, 7, 8, 9, 10, 11, 12, 13], [2, 1, 4, 3, 5, 6, 7, 8, 9, 10, 11, 12, 13]]
Distance: 79
M(A) inter A:
set()
M(B) inter B:
set()

AUB = 
{(6, 2, 1, 4, 3, 8, 12, 7, 5, 9, 10, 13, 11), (1, 4, 5, 3, 8, 2, 12, 9, 6, 13, 11, 7, 10), (2, 1, 6, 7, 4, 5, 3, 10, 11, 8, 13, 12, 9), (2, 1, 5, 3, 4, 7, 10, 6, 8, 9, 11, 12, 13), (4, 6, 2, 1, 3, 5, 7, 8, 9, 11, 13, 10, 12), (1, 2, 3, 4, 5, 6, 7, 8, 9, 10, 11, 12, 13), (1, 5, 9, 4, 3, 2, 6, 10, 8, 11, 7, 12, 13), (1, 2, 6, 4, 5, 7, 3, 8, 10, 11, 12, 9, 13), (2, 1, 4, 3, 5, 6, 9, 11, 10, 7, 13, 8, 12), (1, 4, 2, 3, 9, 5, 7, 10, 6, 8, 11, 12, 13), (2, 6, 1, 5, 3, 9, 7, 4, 8, 10, 12, 11, 13), (1, 2, 3, 4, 5, 6, 8, 7, 9, 11, 10, 13, 12), (2, 1, 3, 4, 5, 6, 8, 7, 9, 10, 11, 12, 13), (1, 2, 3, 4, 6, 5, 8, 7, 9, 12, 10, 13, 11), (2, 3, 4, 6, 1, 7, 5, 8, 13, 9, 11, 10, 12), (1, 3, 2, 8, 5, 4, 6, 7, 9, 11, 13, 12, 10)}
M(AUB) = 
[[1, 2, 3, 4, 5, 6, 7, 8, 9, 10, 11, 12, 13], [1, 2, 4, 3, 5, 6, 7, 8, 9, 10, 11, 12, 13], [2, 1, 3, 4, 5, 6, 7, 8, 9, 10, 11, 12, 13], [2, 1, 4, 3, 5, 6, 7, 8, 9, 10, 11, 12, 13]]
Distance:158

(36)
A = 
{(1, 4, 2, 5, 3, 6, 7, 9, 8, 10, 13, 12, 11), (3, 1, 2, 4, 7, 6, 8, 5, 9, 12, 10, 11, 13), (1, 3, 4, 5, 7, 6, 2, 8, 9, 10, 11, 13, 12), (1, 2, 3, 4, 5, 6, 7, 8, 9, 10, 11, 12, 13), (4, 3, 2, 1, 6, 7, 5, 8, 11, 9, 10, 12, 13), (3, 5, 1, 2, 6, 7, 4, 10, 9, 8, 13, 11, 12), (3, 1, 5, 2, 6, 4, 8, 11, 7, 12, 9, 13, 10), (3, 1, 5, 2, 4, 8, 6, 11, 9, 10, 7, 13, 12)}
M(A) = 
[[1, 3, 2, 4, 5, 6, 7, 8, 9, 10, 11, 12, 13]]
Distance: 62
B = 
{(1, 6, 5, 3, 8, 2, 9, 4, 7, 11, 10, 13, 12), (2, 1, 5, 4, 3, 6, 7, 8, 9, 10, 11, 12, 13), (1, 3, 6, 2, 4, 5, 7, 10, 12, 9, 13, 11, 8), (1, 2, 4, 3, 5, 6, 7, 8, 9, 10, 11, 12, 13), (2, 1, 5, 3, 7, 6, 9, 10, 4, 8, 12, 11, 13), (10, 2, 1, 3, 7, 5, 6, 9, 4, 8, 11, 13, 12), (1, 2, 3, 4, 5, 6, 7, 8, 9, 11, 10, 12, 13), (3, 4, 8, 1, 2, 11, 5, 9, 12, 7, 6, 10, 13)}
M(B) = 
[[1, 3, 2, 4, 5, 6, 7, 8, 9, 10, 11, 12, 13]]
Distance: 83
M(A) inter A:
{(1, 2, 3, 4, 5, 6, 7, 8, 9, 10, 11, 12, 13)}
M(B) inter B:
set()

AUB = 
{(1, 6, 5, 3, 8, 2, 9, 4, 7, 11, 10, 13, 12), (1, 4, 2, 5, 3, 6, 7, 9, 8, 10, 13, 12, 11), (3, 1, 2, 4, 7, 6, 8, 5, 9, 12, 10, 11, 13), (1, 3, 4, 5, 7, 6, 2, 8, 9, 10, 11, 13, 12), (2, 1, 5, 4, 3, 6, 7, 8, 9, 10, 11, 12, 13), (1, 3, 6, 2, 4, 5, 7, 10, 12, 9, 13, 11, 8), (1, 2, 3, 4, 5, 6, 7, 8, 9, 10, 11, 12, 13), (1, 2, 4, 3, 5, 6, 7, 8, 9, 10, 11, 12, 13), (4, 3, 2, 1, 6, 7, 5, 8, 11, 9, 10, 12, 13), (3, 5, 1, 2, 6, 7, 4, 10, 9, 8, 13, 11, 12), (2, 1, 5, 3, 7, 6, 9, 10, 4, 8, 12, 11, 13), (10, 2, 1, 3, 7, 5, 6, 9, 4, 8, 11, 13, 12), (3, 1, 5, 2, 6, 4, 8, 11, 7, 12, 9, 13, 10), (3, 1, 5, 2, 4, 8, 6, 11, 9, 10, 7, 13, 12), (1, 2, 3, 4, 5, 6, 7, 8, 9, 11, 10, 12, 13), (3, 4, 8, 1, 2, 11, 5, 9, 12, 7, 6, 10, 13)}
M(AUB) = 
[[1, 3, 2, 4, 5, 6, 7, 8, 9, 10, 11, 12, 13]]
Distance:149

(37)
A = 
{(1, 3, 2, 4, 6, 5, 7, 9, 8, 10, 11, 12, 13), (1, 3, 2, 5, 4, 8, 6, 9, 7, 10, 11, 12, 13), (3, 2, 4, 1, 5, 8, 7, 6, 9, 10, 13, 12, 11), (3, 1, 2, 4, 6, 5, 12, 8, 7, 11, 9, 13, 10), (2, 7, 6, 1, 8, 4, 5, 3, 9, 11, 10, 12, 13), (3, 1, 5, 2, 7, 8, 6, 4, 12, 13, 9, 10, 11), (1, 2, 3, 4, 5, 7, 6, 9, 8, 13, 10, 11, 12), (2, 3, 1, 6, 4, 7, 5, 9, 10, 8, 11, 13, 12)}
M(A) = 
[[1, 2, 3, 4, 5, 6, 7, 8, 9, 10, 11, 12, 13]]
Distance: 72
B = 
{(3, 5, 1, 2, 8, 7, 9, 4, 12, 13, 10, 11, 6), (3, 1, 2, 4, 6, 7, 5, 8, 10, 9, 13, 11, 12), (1, 2, 3, 4, 5, 7, 10, 8, 6, 11, 9, 12, 13), (1, 4, 5, 2, 6, 11, 3, 9, 7, 8, 13, 12, 10), (2, 1, 3, 4, 6, 5, 7, 8, 9, 11, 10, 12, 13), (2, 3, 5, 4, 6, 1, 7, 10, 11, 13, 8, 9, 12), (2, 1, 3, 4, 5, 6, 7, 9, 10, 8, 11, 12, 13), (1, 2, 3, 5, 4, 8, 10, 7, 6, 11, 13, 9, 12)}
M(B) = 
[[1, 2, 3, 4, 5, 6, 7, 8, 9, 10, 11, 12, 13]]
Distance: 77
M(A) inter A:
set()
M(B) inter B:
set()

AUB = 
{(3, 5, 1, 2, 8, 7, 9, 4, 12, 13, 10, 11, 6), (3, 1, 2, 4, 6, 7, 5, 8, 10, 9, 13, 11, 12), (1, 3, 2, 4, 6, 5, 7, 9, 8, 10, 11, 12, 13), (1, 2, 3, 4, 5, 7, 10, 8, 6, 11, 9, 12, 13), (1, 3, 2, 5, 4, 8, 6, 9, 7, 10, 11, 12, 13), (1, 4, 5, 2, 6, 11, 3, 9, 7, 8, 13, 12, 10), (3, 2, 4, 1, 5, 8, 7, 6, 9, 10, 13, 12, 11), (2, 1, 3, 4, 6, 5, 7, 8, 9, 11, 10, 12, 13), (3, 1, 2, 4, 6, 5, 12, 8, 7, 11, 9, 13, 10), (2, 3, 5, 4, 6, 1, 7, 10, 11, 13, 8, 9, 12), (2, 7, 6, 1, 8, 4, 5, 3, 9, 11, 10, 12, 13), (2, 1, 3, 4, 5, 6, 7, 9, 10, 8, 11, 12, 13), (1, 2, 3, 5, 4, 8, 10, 7, 6, 11, 13, 9, 12), (3, 1, 5, 2, 7, 8, 6, 4, 12, 13, 9, 10, 11), (1, 2, 3, 4, 5, 7, 6, 9, 8, 13, 10, 11, 12), (2, 3, 1, 6, 4, 7, 5, 9, 10, 8, 11, 13, 12)}
M(AUB) = 
[[1, 2, 3, 4, 5, 6, 7, 8, 9, 10, 11, 12, 13]]
Distance:151

(38)
A = 
{(1, 2, 5, 4, 7, 3, 6, 8, 10, 11, 13, 9, 12), (4, 3, 2, 6, 5, 1, 7, 9, 10, 12, 8, 13, 11), (4, 3, 1, 7, 5, 2, 6, 8, 10, 11, 9, 13, 12), (1, 2, 3, 4, 5, 6, 8, 7, 9, 10, 11, 12, 13), (1, 3, 2, 4, 5, 6, 11, 8, 7, 13, 9, 12, 10), (1, 3, 5, 2, 7, 6, 8, 4, 10, 13, 9, 11, 12), (3, 1, 4, 2, 5, 10, 12, 6, 8, 7, 11, 13, 9), (1, 5, 2, 3, 4, 10, 6, 7, 12, 13, 9, 8, 11)}
M(A) = 
[[1, 2, 3, 4, 5, 6, 7, 8, 9, 10, 11, 12, 13], [1, 2, 3, 4, 5, 7, 6, 8, 9, 10, 11, 12, 13], [1, 3, 2, 4, 5, 6, 7, 8, 9, 10, 11, 12, 13], [1, 3, 2, 4, 5, 7, 6, 8, 9, 10, 11, 12, 13]]
Distance: 80
B = 
{(1, 2, 3, 5, 6, 4, 8, 10, 9, 11, 7, 12, 13), (1, 2, 3, 5, 4, 6, 8, 7, 9, 10, 11, 12, 13), (2, 3, 5, 1, 4, 7, 8, 6, 9, 10, 12, 11, 13), (2, 5, 1, 3, 7, 9, 4, 6, 8, 11, 13, 12, 10), (4, 1, 7, 6, 3, 5, 2, 9, 13, 8, 12, 10, 11), (1, 3, 2, 4, 5, 7, 8, 9, 11, 6, 12, 10, 13), (2, 1, 4, 3, 5, 10, 7, 6, 13, 8, 9, 11, 12), (1, 3, 4, 2, 5, 6, 7, 9, 8, 11, 12, 10, 13)}
M(B) = 
[[1, 2, 3, 4, 5, 6, 7, 8, 9, 10, 11, 12, 13], [1, 2, 3, 4, 5, 7, 6, 8, 9, 10, 11, 12, 13], [1, 3, 2, 4, 5, 6, 7, 8, 9, 10, 11, 12, 13], [1, 3, 2, 4, 5, 7, 6, 8, 9, 10, 11, 12, 13]]
Distance: 69
M(A) inter A:
set()
M(B) inter B:
set()

AUB = 
{(1, 2, 3, 5, 6, 4, 8, 10, 9, 11, 7, 12, 13), (1, 2, 5, 4, 7, 3, 6, 8, 10, 11, 13, 9, 12), (4, 3, 2, 6, 5, 1, 7, 9, 10, 12, 8, 13, 11), (1, 2, 3, 5, 4, 6, 8, 7, 9, 10, 11, 12, 13), (2, 3, 5, 1, 4, 7, 8, 6, 9, 10, 12, 11, 13), (4, 3, 1, 7, 5, 2, 6, 8, 10, 11, 9, 13, 12), (1, 2, 3, 4, 5, 6, 8, 7, 9, 10, 11, 12, 13), (1, 3, 2, 4, 5, 6, 11, 8, 7, 13, 9, 12, 10), (2, 5, 1, 3, 7, 9, 4, 6, 8, 11, 13, 12, 10), (4, 1, 7, 6, 3, 5, 2, 9, 13, 8, 12, 10, 11), (1, 3, 5, 2, 7, 6, 8, 4, 10, 13, 9, 11, 12), (1, 3, 2, 4, 5, 7, 8, 9, 11, 6, 12, 10, 13), (2, 1, 4, 3, 5, 10, 7, 6, 13, 8, 9, 11, 12), (3, 1, 4, 2, 5, 10, 12, 6, 8, 7, 11, 13, 9), (1, 5, 2, 3, 4, 10, 6, 7, 12, 13, 9, 8, 11), (1, 3, 4, 2, 5, 6, 7, 9, 8, 11, 12, 10, 13)}
M(AUB) = 
[[1, 2, 3, 4, 5, 6, 7, 8, 9, 10, 11, 12, 13], [1, 2, 3, 4, 5, 7, 6, 8, 9, 10, 11, 12, 13], [1, 3, 2, 4, 5, 6, 7, 8, 9, 10, 11, 12, 13], [1, 3, 2, 4, 5, 7, 6, 8, 9, 10, 11, 12, 13]]
Distance:157

(39)
A = 
{(4, 2, 1, 7, 3, 5, 6, 8, 9, 10, 12, 13, 11), (1, 3, 6, 2, 4, 5, 8, 7, 11, 9, 13, 12, 10), (1, 2, 3, 5, 7, 4, 6, 9, 8, 10, 11, 12, 13), (2, 1, 3, 5, 6, 9, 8, 4, 12, 11, 7, 13, 10), (1, 3, 2, 4, 7, 5, 9, 6, 13, 11, 8, 10, 12), (2, 4, 3, 5, 6, 7, 1, 8, 11, 9, 12, 10, 13), (1, 2, 3, 7, 4, 6, 8, 5, 9, 13, 11, 10, 12), (3, 1, 2, 5, 8, 6, 9, 4, 13, 12, 10, 7, 11)}
M(A) = 
[[1, 2, 3, 4, 5, 6, 7, 8, 9, 11, 13, 10, 12], [1, 2, 3, 4, 5, 7, 6, 8, 9, 11, 13, 10, 12]]
Distance: 80
B = 
{(4, 2, 1, 6, 5, 3, 7, 11, 8, 12, 13, 9, 10), (3, 1, 8, 4, 2, 5, 6, 7, 9, 11, 13, 12, 10), (2, 1, 3, 8, 5, 7, 6, 4, 11, 10, 13, 9, 12), (1, 3, 2, 7, 9, 6, 8, 4, 13, 5, 10, 11, 12), (1, 2, 4, 5, 3, 8, 6, 10, 9, 13, 7, 11, 12), (2, 4, 1, 3, 8, 7, 9, 6, 13, 11, 5, 10, 12), (3, 1, 6, 7, 2, 4, 8, 5, 9, 10, 11, 12, 13), (1, 5, 2, 3, 4, 7, 8, 6, 10, 12, 11, 13, 9)}
M(B) = 
[[1, 2, 3, 4, 5, 6, 7, 8, 9, 11, 13, 10, 12], [1, 2, 3, 4, 5, 7, 6, 8, 9, 11, 13, 10, 12]]
Distance: 96
M(A) inter A:
set()
M(B) inter B:
set()

AUB = 
{(4, 2, 1, 7, 3, 5, 6, 8, 9, 10, 12, 13, 11), (4, 2, 1, 6, 5, 3, 7, 11, 8, 12, 13, 9, 10), (3, 1, 8, 4, 2, 5, 6, 7, 9, 11, 13, 12, 10), (2, 1, 3, 8, 5, 7, 6, 4, 11, 10, 13, 9, 12), (1, 3, 6, 2, 4, 5, 8, 7, 11, 9, 13, 12, 10), (1, 2, 3, 5, 7, 4, 6, 9, 8, 10, 11, 12, 13), (2, 1, 3, 5, 6, 9, 8, 4, 12, 11, 7, 13, 10), (1, 3, 2, 4, 7, 5, 9, 6, 13, 11, 8, 10, 12), (2, 4, 3, 5, 6, 7, 1, 8, 11, 9, 12, 10, 13), (1, 3, 2, 7, 9, 6, 8, 4, 13, 5, 10, 11, 12), (1, 2, 4, 5, 3, 8, 6, 10, 9, 13, 7, 11, 12), (2, 4, 1, 3, 8, 7, 9, 6, 13, 11, 5, 10, 12), (1, 2, 3, 7, 4, 6, 8, 5, 9, 13, 11, 10, 12), (3, 1, 6, 7, 2, 4, 8, 5, 9, 10, 11, 12, 13), (1, 5, 2, 3, 4, 7, 8, 6, 10, 12, 11, 13, 9), (3, 1, 2, 5, 8, 6, 9, 4, 13, 12, 10, 7, 11)}
M(AUB) = 
[[1, 2, 3, 4, 5, 6, 7, 8, 9, 11, 13, 10, 12], [1, 2, 3, 4, 5, 7, 6, 8, 9, 11, 13, 10, 12]]
Distance:180

(40)
A = 
{(1, 2, 4, 3, 5, 6, 8, 10, 7, 9, 11, 12, 13), (1, 2, 3, 5, 4, 8, 6, 11, 7, 9, 10, 12, 13), (1, 2, 3, 4, 5, 6, 7, 8, 9, 10, 12, 13, 11), (1, 2, 5, 7, 4, 13, 3, 8, 6, 10, 11, 12, 9), (1, 2, 4, 7, 3, 8, 5, 6, 10, 9, 11, 12, 13), (3, 2, 1, 4, 6, 5, 9, 10, 7, 13, 12, 8, 11), (1, 2, 3, 6, 4, 5, 7, 8, 9, 12, 11, 10, 13), (1, 2, 3, 4, 5, 7, 8, 6, 9, 10, 12, 11, 13)}
M(A) = 
[[1, 2, 3, 4, 5, 6, 7, 8, 9, 10, 12, 11, 13]]
Distance: 57
B = 
{(5, 3, 2, 1, 4, 6, 8, 9, 7, 10, 12, 11, 13), (1, 2, 4, 5, 3, 8, 6, 7, 10, 11, 9, 12, 13), (5, 1, 3, 7, 2, 6, 8, 4, 9, 11, 10, 13, 12), (1, 6, 2, 3, 7, 4, 8, 12, 5, 10, 9, 13, 11), (2, 3, 5, 1, 4, 9, 10, 6, 7, 11, 13, 12, 8), (1, 2, 3, 4, 5, 8, 7, 6, 10, 13, 9, 12, 11), (5, 1, 3, 8, 6, 2, 9, 4, 13, 7, 12, 11, 10), (1, 6, 2, 4, 3, 5, 7, 8, 13, 9, 10, 12, 11)}
M(B) = 
[[1, 2, 3, 4, 5, 6, 7, 8, 9, 10, 12, 11, 13]]
Distance: 89
M(A) inter A:
set()
M(B) inter B:
set()

AUB = 
{(1, 6, 2, 4, 3, 5, 7, 8, 13, 9, 10, 12, 11), (1, 2, 4, 3, 5, 6, 8, 10, 7, 9, 11, 12, 13), (1, 2, 3, 5, 4, 8, 6, 11, 7, 9, 10, 12, 13), (1, 2, 3, 4, 5, 6, 7, 8, 9, 10, 12, 13, 11), (1, 2, 5, 7, 4, 13, 3, 8, 6, 10, 11, 12, 9), (1, 2, 4, 7, 3, 8, 5, 6, 10, 9, 11, 12, 13), (3, 2, 1, 4, 6, 5, 9, 10, 7, 13, 12, 8, 11), (5, 3, 2, 1, 4, 6, 8, 9, 7, 10, 12, 11, 13), (1, 2, 4, 5, 3, 8, 6, 7, 10, 11, 9, 12, 13), (1, 2, 3, 6, 4, 5, 7, 8, 9, 12, 11, 10, 13), (5, 1, 3, 7, 2, 6, 8, 4, 9, 11, 10, 13, 12), (1, 6, 2, 3, 7, 4, 8, 12, 5, 10, 9, 13, 11), (1, 2, 3, 4, 5, 7, 8, 6, 9, 10, 12, 11, 13), (2, 3, 5, 1, 4, 9, 10, 6, 7, 11, 13, 12, 8), (1, 2, 3, 4, 5, 8, 7, 6, 10, 13, 9, 12, 11), (5, 1, 3, 8, 6, 2, 9, 4, 13, 7, 12, 11, 10)}
M(AUB) = 
[[1, 2, 3, 4, 5, 6, 7, 8, 9, 10, 12, 11, 13]]
Distance:148

(41)
A = 
{(1, 3, 2, 4, 6, 5, 7, 8, 9, 10, 11, 13, 12), (1, 3, 4, 2, 6, 7, 5, 8, 11, 12, 9, 13, 10), (1, 3, 4, 2, 7, 5, 6, 10, 9, 8, 11, 12, 13), (2, 1, 3, 6, 5, 4, 11, 7, 9, 10, 12, 13, 8), (5, 1, 2, 7, 3, 9, 4, 13, 8, 6, 11, 12, 10), (3, 1, 2, 6, 5, 8, 4, 7, 9, 10, 12, 13, 11), (2, 4, 6, 1, 3, 5, 12, 8, 9, 10, 13, 7, 11), (2, 3, 1, 7, 4, 6, 5, 8, 9, 10, 11, 13, 12)}
M(A) = 
[[1, 2, 3, 5, 4, 6, 7, 8, 9, 10, 11, 12, 13], [1, 2, 3, 5, 4, 6, 7, 8, 9, 11, 10, 12, 13]]
Distance: 77
B = 
{(1, 2, 3, 9, 4, 8, 7, 11, 5, 13, 12, 6, 10), (2, 5, 4, 1, 9, 3, 6, 7, 11, 13, 12, 10, 8), (5, 4, 2, 7, 1, 12, 10, 3, 6, 8, 13, 11, 9), (3, 1, 6, 2, 10, 5, 4, 8, 12, 7, 9, 13, 11), (2, 3, 1, 5, 6, 4, 8, 7, 9, 10, 13, 11, 12), (3, 1, 5, 2, 6, 4, 7, 8, 11, 9, 10, 12, 13), (2, 1, 8, 3, 7, 4, 11, 6, 5, 10, 12, 9, 13), (5, 3, 1, 2, 7, 4, 6, 8, 11, 10, 9, 12, 13)}
M(B) = 
[[1, 2, 3, 5, 4, 6, 7, 8, 9, 10, 11, 12, 13], [1, 2, 3, 5, 4, 6, 7, 8, 9, 11, 10, 12, 13]]
Distance: 111
M(A) inter A:
set()
M(B) inter B:
set()

AUB = 
{(1, 2, 3, 9, 4, 8, 7, 11, 5, 13, 12, 6, 10), (2, 5, 4, 1, 9, 3, 6, 7, 11, 13, 12, 10, 8), (1, 3, 2, 4, 6, 5, 7, 8, 9, 10, 11, 13, 12), (1, 3, 4, 2, 6, 7, 5, 8, 11, 12, 9, 13, 10), (5, 4, 2, 7, 1, 12, 10, 3, 6, 8, 13, 11, 9), (1, 3, 4, 2, 7, 5, 6, 10, 9, 8, 11, 12, 13), (3, 1, 6, 2, 10, 5, 4, 8, 12, 7, 9, 13, 11), (2, 3, 1, 5, 6, 4, 8, 7, 9, 10, 13, 11, 12), (3, 1, 5, 2, 6, 4, 7, 8, 11, 9, 10, 12, 13), (2, 1, 3, 6, 5, 4, 11, 7, 9, 10, 12, 13, 8), (2, 1, 8, 3, 7, 4, 11, 6, 5, 10, 12, 9, 13), (5, 1, 2, 7, 3, 9, 4, 13, 8, 6, 11, 12, 10), (3, 1, 2, 6, 5, 8, 4, 7, 9, 10, 12, 13, 11), (2, 4, 6, 1, 3, 5, 12, 8, 9, 10, 13, 7, 11), (2, 3, 1, 7, 4, 6, 5, 8, 9, 10, 11, 13, 12), (5, 3, 1, 2, 7, 4, 6, 8, 11, 10, 9, 12, 13)}
M(AUB) = 
[[1, 2, 3, 5, 4, 6, 7, 8, 9, 10, 11, 12, 13], [1, 2, 3, 5, 4, 6, 7, 8, 9, 11, 10, 12, 13]]
Distance:196

(42)
A = 
{(4, 2, 1, 3, 6, 8, 5, 7, 9, 12, 10, 13, 11), (1, 2, 4, 3, 6, 7, 5, 8, 10, 9, 11, 13, 12), (1, 3, 2, 8, 6, 7, 5, 10, 4, 9, 12, 11, 13), (1, 2, 3, 5, 4, 7, 9, 6, 11, 8, 10, 12, 13), (3, 5, 1, 4, 6, 2, 7, 8, 9, 11, 13, 10, 12), (1, 2, 4, 3, 7, 5, 6, 8, 9, 10, 12, 11, 13), (2, 1, 5, 8, 3, 4, 9, 11, 6, 10, 13, 12, 7), (1, 5, 3, 6, 4, 2, 7, 9, 11, 8, 12, 10, 13)}
M(A) = 
[[1, 2, 3, 5, 4, 6, 7, 8, 9, 10, 11, 12, 13]]
Distance: 73
B = 
{(4, 1, 2, 12, 3, 7, 9, 6, 10, 5, 8, 13, 11), (3, 6, 4, 7, 5, 2, 1, 9, 10, 12, 8, 13, 11), (6, 1, 2, 5, 7, 9, 8, 3, 4, 10, 11, 12, 13), (2, 1, 5, 3, 6, 4, 7, 8, 10, 11, 9, 13, 12), (2, 1, 5, 3, 4, 10, 6, 7, 12, 9, 8, 11, 13), (1, 2, 3, 4, 5, 6, 7, 8, 9, 10, 11, 12, 13), (1, 2, 4, 3, 5, 6, 8, 7, 10, 9, 11, 13, 12), (2, 5, 1, 8, 3, 4, 6, 7, 9, 11, 13, 12, 10)}
M(B) = 
[[1, 2, 3, 5, 4, 6, 7, 8, 9, 10, 11, 12, 13]]
Distance: 87
M(A) inter A:
set()
M(B) inter B:
{(1, 2, 3, 4, 5, 6, 7, 8, 9, 10, 11, 12, 13)}

AUB = 
{(4, 1, 2, 12, 3, 7, 9, 6, 10, 5, 8, 13, 11), (4, 2, 1, 3, 6, 8, 5, 7, 9, 12, 10, 13, 11), (3, 6, 4, 7, 5, 2, 1, 9, 10, 12, 8, 13, 11), (1, 2, 4, 3, 6, 7, 5, 8, 10, 9, 11, 13, 12), (6, 1, 2, 5, 7, 9, 8, 3, 4, 10, 11, 12, 13), (1, 3, 2, 8, 6, 7, 5, 10, 4, 9, 12, 11, 13), (2, 1, 5, 3, 6, 4, 7, 8, 10, 11, 9, 13, 12), (2, 1, 5, 3, 4, 10, 6, 7, 12, 9, 8, 11, 13), (1, 2, 3, 4, 5, 6, 7, 8, 9, 10, 11, 12, 13), (1, 2, 3, 5, 4, 7, 9, 6, 11, 8, 10, 12, 13), (3, 5, 1, 4, 6, 2, 7, 8, 9, 11, 13, 10, 12), (1, 2, 4, 3, 7, 5, 6, 8, 9, 10, 12, 11, 13), (2, 1, 5, 8, 3, 4, 9, 11, 6, 10, 13, 12, 7), (1, 2, 4, 3, 5, 6, 8, 7, 10, 9, 11, 13, 12), (1, 5, 3, 6, 4, 2, 7, 9, 11, 8, 12, 10, 13), (2, 5, 1, 8, 3, 4, 6, 7, 9, 11, 13, 12, 10)}
M(AUB) = 
[[1, 2, 3, 5, 4, 6, 7, 8, 9, 10, 11, 12, 13]]
Distance:160

(43)
A = 
{(1, 2, 4, 6, 7, 8, 5, 9, 3, 10, 13, 12, 11), (1, 2, 4, 3, 6, 5, 8, 9, 7, 10, 12, 11, 13), (5, 2, 3, 4, 1, 6, 10, 9, 8, 12, 7, 13, 11), (1, 5, 3, 2, 6, 4, 7, 8, 10, 11, 9, 12, 13), (1, 4, 2, 6, 3, 5, 8, 7, 9, 10, 11, 13, 12), (1, 2, 3, 4, 8, 5, 6, 11, 7, 9, 10, 13, 12), (3, 5, 4, 2, 1, 7, 6, 8, 10, 13, 9, 12, 11), (1, 2, 3, 4, 11, 6, 13, 5, 7, 8, 9, 10, 12)}
M(A) = 
[[1, 2, 3, 4, 5, 6, 7, 8, 9, 10, 11, 12, 13]]
Distance: 78
B = 
{(2, 1, 6, 3, 5, 4, 7, 11, 9, 8, 10, 13, 12), (2, 1, 3, 4, 5, 8, 6, 9, 7, 11, 12, 13, 10), (2, 1, 3, 4, 5, 7, 9, 6, 8, 11, 10, 13, 12), (2, 3, 1, 4, 5, 8, 9, 6, 7, 10, 11, 12, 13), (1, 2, 3, 6, 4, 5, 7, 10, 8, 9, 11, 12, 13), (2, 1, 3, 5, 4, 7, 6, 9, 10, 8, 11, 12, 13), (5, 1, 4, 3, 2, 7, 8, 6, 10, 11, 9, 12, 13), (1, 2, 5, 3, 4, 6, 7, 8, 9, 12, 10, 11, 13)}
M(B) = 
[[1, 2, 3, 4, 5, 6, 7, 8, 9, 10, 11, 12, 13]]
Distance: 51
M(A) inter A:
set()
M(B) inter B:
set()

AUB = 
{(2, 1, 6, 3, 5, 4, 7, 11, 9, 8, 10, 13, 12), (1, 2, 5, 3, 4, 6, 7, 8, 9, 12, 10, 11, 13), (1, 2, 4, 6, 7, 8, 5, 9, 3, 10, 13, 12, 11), (2, 1, 3, 4, 5, 8, 6, 9, 7, 11, 12, 13, 10), (1, 2, 4, 3, 6, 5, 8, 9, 7, 10, 12, 11, 13), (2, 1, 3, 4, 5, 7, 9, 6, 8, 11, 10, 13, 12), (5, 2, 3, 4, 1, 6, 10, 9, 8, 12, 7, 13, 11), (1, 5, 3, 2, 6, 4, 7, 8, 10, 11, 9, 12, 13), (1, 4, 2, 6, 3, 5, 8, 7, 9, 10, 11, 13, 12), (2, 3, 1, 4, 5, 8, 9, 6, 7, 10, 11, 12, 13), (1, 2, 3, 4, 8, 5, 6, 11, 7, 9, 10, 13, 12), (1, 2, 3, 6, 4, 5, 7, 10, 8, 9, 11, 12, 13), (3, 5, 4, 2, 1, 7, 6, 8, 10, 13, 9, 12, 11), (2, 1, 3, 5, 4, 7, 6, 9, 10, 8, 11, 12, 13), (1, 2, 3, 4, 11, 6, 13, 5, 7, 8, 9, 10, 12), (5, 1, 4, 3, 2, 7, 8, 6, 10, 11, 9, 12, 13)}
M(AUB) = 
[[1, 2, 3, 4, 5, 6, 7, 8, 9, 10, 11, 12, 13]]
Distance:133

(44)
A = 
{(1, 2, 3, 7, 5, 4, 6, 8, 9, 10, 11, 12, 13), (3, 1, 5, 2, 7, 6, 8, 9, 4, 13, 11, 10, 12), (1, 4, 3, 2, 5, 6, 7, 9, 8, 11, 10, 12, 13), (1, 3, 6, 2, 5, 4, 7, 8, 12, 9, 11, 13, 10), (1, 3, 2, 4, 9, 6, 8, 7, 5, 10, 11, 12, 13), (1, 2, 3, 4, 6, 7, 5, 9, 8, 10, 11, 12, 13), (1, 2, 3, 7, 4, 11, 10, 5, 12, 8, 6, 13, 9), (6, 3, 2, 1, 4, 11, 13, 5, 7, 8, 12, 9, 10)}
M(A) = 
[[1, 2, 3, 4, 6, 5, 7, 8, 9, 10, 11, 12, 13], [1, 2, 3, 4, 6, 5, 7, 8, 9, 11, 10, 12, 13], [1, 3, 2, 4, 6, 5, 7, 8, 9, 10, 11, 12, 13], [1, 3, 2, 4, 6, 5, 7, 8, 9, 11, 10, 12, 13]]
Distance: 78
B = 
{(3, 1, 9, 11, 4, 6, 2, 7, 10, 8, 13, 5, 12), (2, 3, 6, 5, 4, 1, 7, 9, 12, 8, 10, 13, 11), (3, 4, 1, 2, 7, 6, 5, 8, 10, 9, 11, 13, 12), (2, 5, 1, 7, 3, 4, 8, 6, 9, 10, 13, 12, 11), (5, 3, 1, 2, 8, 11, 7, 10, 4, 6, 9, 13, 12), (1, 6, 5, 2, 3, 9, 4, 7, 8, 11, 10, 12, 13), (2, 1, 6, 4, 3, 8, 7, 5, 10, 12, 9, 11, 13), (4, 1, 2, 3, 5, 7, 6, 9, 8, 10, 13, 11, 12)}
M(B) = 
[[1, 2, 3, 4, 6, 5, 7, 8, 9, 10, 11, 12, 13], [1, 2, 3, 4, 6, 5, 7, 8, 9, 11, 10, 12, 13], [1, 3, 2, 4, 6, 5, 7, 8, 9, 10, 11, 12, 13], [1, 3, 2, 4, 6, 5, 7, 8, 9, 11, 10, 12, 13]]
Distance: 102
M(A) inter A:
set()
M(B) inter B:
set()

AUB = 
{(3, 1, 9, 11, 4, 6, 2, 7, 10, 8, 13, 5, 12), (2, 3, 6, 5, 4, 1, 7, 9, 12, 8, 10, 13, 11), (1, 2, 3, 7, 5, 4, 6, 8, 9, 10, 11, 12, 13), (3, 1, 5, 2, 7, 6, 8, 9, 4, 13, 11, 10, 12), (3, 4, 1, 2, 7, 6, 5, 8, 10, 9, 11, 13, 12), (2, 5, 1, 7, 3, 4, 8, 6, 9, 10, 13, 12, 11), (5, 3, 1, 2, 8, 11, 7, 10, 4, 6, 9, 13, 12), (1, 4, 3, 2, 5, 6, 7, 9, 8, 11, 10, 12, 13), (1, 3, 6, 2, 5, 4, 7, 8, 12, 9, 11, 13, 10), (1, 6, 5, 2, 3, 9, 4, 7, 8, 11, 10, 12, 13), (1, 3, 2, 4, 9, 6, 8, 7, 5, 10, 11, 12, 13), (1, 2, 3, 4, 6, 7, 5, 9, 8, 10, 11, 12, 13), (1, 2, 3, 7, 4, 11, 10, 5, 12, 8, 6, 13, 9), (2, 1, 6, 4, 3, 8, 7, 5, 10, 12, 9, 11, 13), (6, 3, 2, 1, 4, 11, 13, 5, 7, 8, 12, 9, 10), (4, 1, 2, 3, 5, 7, 6, 9, 8, 10, 13, 11, 12)}
M(AUB) = 
[[1, 2, 3, 4, 6, 5, 7, 8, 9, 10, 11, 12, 13], [1, 2, 3, 4, 6, 5, 7, 8, 9, 11, 10, 12, 13], [1, 3, 2, 4, 6, 5, 7, 8, 9, 10, 11, 12, 13], [1, 3, 2, 4, 6, 5, 7, 8, 9, 11, 10, 12, 13]]
Distance:186

(45)
A = 
{(6, 3, 1, 2, 4, 8, 10, 7, 5, 9, 11, 13, 12), (4, 3, 1, 2, 6, 5, 12, 10, 7, 8, 11, 9, 13), (2, 1, 3, 5, 4, 7, 8, 6, 9, 10, 11, 12, 13), (2, 1, 6, 5, 9, 4, 8, 10, 12, 3, 7, 11, 13), (5, 1, 3, 8, 2, 6, 7, 9, 4, 10, 11, 13, 12), (2, 1, 4, 3, 6, 7, 10, 5, 9, 11, 12, 8, 13), (1, 7, 3, 2, 6, 4, 5, 11, 9, 12, 10, 13, 8), (2, 3, 1, 6, 5, 4, 9, 8, 10, 12, 11, 7, 13)}
M(A) = 
[[2, 1, 4, 3, 6, 5, 7, 8, 9, 10, 11, 12, 13], [2, 1, 4, 3, 6, 5, 7, 8, 9, 10, 11, 13, 12]]
Distance: 96
B = 
{(2, 1, 4, 3, 7, 8, 5, 6, 13, 9, 10, 12, 11), (4, 3, 2, 9, 5, 6, 7, 1, 13, 10, 11, 8, 12), (2, 1, 4, 3, 8, 5, 6, 9, 10, 11, 13, 7, 12), (2, 1, 4, 6, 5, 3, 9, 12, 7, 10, 11, 13, 8), (1, 2, 3, 6, 5, 4, 7, 9, 8, 10, 11, 13, 12), (2, 1, 3, 4, 8, 6, 5, 7, 10, 13, 9, 12, 11), (2, 1, 4, 3, 6, 5, 8, 7, 11, 12, 9, 13, 10), (1, 2, 4, 3, 5, 6, 7, 8, 9, 11, 10, 13, 12)}
M(B) = 
[[2, 1, 4, 3, 6, 5, 7, 8, 9, 10, 11, 12, 13], [2, 1, 4, 3, 6, 5, 7, 8, 9, 10, 11, 13, 12]]
Distance: 70
M(A) inter A:
set()
M(B) inter B:
set()

AUB = 
{(2, 1, 4, 3, 7, 8, 5, 6, 13, 9, 10, 12, 11), (4, 3, 2, 9, 5, 6, 7, 1, 13, 10, 11, 8, 12), (6, 3, 1, 2, 4, 8, 10, 7, 5, 9, 11, 13, 12), (4, 3, 1, 2, 6, 5, 12, 10, 7, 8, 11, 9, 13), (2, 1, 4, 3, 8, 5, 6, 9, 10, 11, 13, 7, 12), (2, 1, 4, 6, 5, 3, 9, 12, 7, 10, 11, 13, 8), (1, 2, 3, 6, 5, 4, 7, 9, 8, 10, 11, 13, 12), (2, 1, 3, 4, 8, 6, 5, 7, 10, 13, 9, 12, 11), (2, 1, 3, 5, 4, 7, 8, 6, 9, 10, 11, 12, 13), (2, 1, 6, 5, 9, 4, 8, 10, 12, 3, 7, 11, 13), (5, 1, 3, 8, 2, 6, 7, 9, 4, 10, 11, 13, 12), (2, 1, 4, 3, 6, 7, 10, 5, 9, 11, 12, 8, 13), (1, 7, 3, 2, 6, 4, 5, 11, 9, 12, 10, 13, 8), (2, 1, 4, 3, 6, 5, 8, 7, 11, 12, 9, 13, 10), (2, 3, 1, 6, 5, 4, 9, 8, 10, 12, 11, 7, 13), (1, 2, 4, 3, 5, 6, 7, 8, 9, 11, 10, 13, 12)}
M(AUB) = 
[[2, 1, 4, 3, 6, 5, 7, 8, 9, 10, 11, 12, 13], [2, 1, 4, 3, 6, 5, 7, 8, 9, 10, 11, 13, 12]]
Distance:174

(46)
A = 
{(1, 7, 3, 4, 2, 6, 8, 9, 5, 12, 11, 10, 13), (2, 5, 3, 1, 6, 4, 7, 8, 9, 12, 11, 13, 10), (1, 2, 3, 4, 5, 6, 8, 7, 9, 10, 11, 12, 13), (1, 3, 4, 5, 6, 9, 7, 2, 8, 10, 12, 11, 13), (1, 4, 2, 6, 3, 9, 5, 7, 8, 11, 12, 13, 10), (3, 2, 1, 4, 5, 6, 8, 7, 10, 9, 11, 12, 13), (5, 1, 3, 4, 6, 7, 2, 11, 12, 8, 13, 10, 9), (1, 2, 4, 5, 3, 6, 7, 10, 9, 8, 12, 11, 13)}
M(A) = 
[[1, 2, 3, 4, 5, 6, 7, 8, 9, 10, 11, 12, 13]]
Distance: 71
B = 
{(1, 5, 2, 4, 3, 7, 6, 9, 13, 8, 10, 11, 12), (4, 1, 2, 3, 5, 7, 6, 8, 9, 10, 11, 12, 13), (2, 1, 3, 4, 5, 6, 7, 8, 9, 10, 12, 11, 13), (1, 5, 3, 7, 2, 4, 6, 11, 8, 9, 10, 13, 12), (1, 2, 5, 3, 4, 6, 8, 13, 9, 7, 10, 11, 12), (1, 2, 3, 4, 5, 6, 7, 8, 9, 10, 11, 12, 13), (1, 2, 5, 3, 4, 6, 8, 10, 7, 9, 12, 13, 11), (1, 4, 3, 2, 6, 5, 9, 8, 11, 10, 7, 13, 12)}
M(B) = 
[[1, 2, 3, 4, 5, 6, 7, 8, 9, 10, 11, 12, 13]]
Distance: 54
M(A) inter A:
set()
M(B) inter B:
{(1, 2, 3, 4, 5, 6, 7, 8, 9, 10, 11, 12, 13)}

AUB = 
{(1, 7, 3, 4, 2, 6, 8, 9, 5, 12, 11, 10, 13), (1, 5, 2, 4, 3, 7, 6, 9, 13, 8, 10, 11, 12), (4, 1, 2, 3, 5, 7, 6, 8, 9, 10, 11, 12, 13), (2, 5, 3, 1, 6, 4, 7, 8, 9, 12, 11, 13, 10), (2, 1, 3, 4, 5, 6, 7, 8, 9, 10, 12, 11, 13), (1, 2, 3, 4, 5, 6, 8, 7, 9, 10, 11, 12, 13), (1, 3, 4, 5, 6, 9, 7, 2, 8, 10, 12, 11, 13), (1, 5, 3, 7, 2, 4, 6, 11, 8, 9, 10, 13, 12), (1, 2, 5, 3, 4, 6, 8, 13, 9, 7, 10, 11, 12), (1, 2, 3, 4, 5, 6, 7, 8, 9, 10, 11, 12, 13), (1, 4, 2, 6, 3, 9, 5, 7, 8, 11, 12, 13, 10), (3, 2, 1, 4, 5, 6, 8, 7, 10, 9, 11, 12, 13), (5, 1, 3, 4, 6, 7, 2, 11, 12, 8, 13, 10, 9), (1, 2, 4, 5, 3, 6, 7, 10, 9, 8, 12, 11, 13), (1, 2, 5, 3, 4, 6, 8, 10, 7, 9, 12, 13, 11), (1, 4, 3, 2, 6, 5, 9, 8, 11, 10, 7, 13, 12)}
M(AUB) = 
[[1, 2, 3, 4, 5, 6, 7, 8, 9, 10, 11, 12, 13]]
Distance:125

(47)
A = 
{(1, 2, 4, 6, 3, 7, 5, 8, 10, 12, 9, 11, 13), (2, 1, 3, 4, 5, 6, 11, 7, 8, 9, 10, 12, 13), (1, 6, 3, 7, 5, 4, 2, 9, 8, 13, 11, 10, 12), (3, 2, 6, 1, 4, 5, 7, 10, 9, 8, 12, 11, 13), (3, 4, 1, 5, 2, 6, 10, 12, 8, 11, 7, 13, 9), (1, 3, 7, 2, 4, 5, 9, 8, 10, 12, 6, 13, 11), (2, 4, 3, 5, 1, 7, 9, 6, 8, 10, 13, 12, 11), (2, 1, 4, 5, 3, 7, 6, 8, 11, 9, 10, 12, 13)}
M(A) = 
[[1, 2, 3, 4, 5, 6, 7, 8, 9, 10, 11, 12, 13], [1, 2, 3, 4, 5, 6, 7, 8, 9, 10, 12, 11, 13], [1, 3, 2, 4, 5, 6, 7, 8, 9, 10, 11, 12, 13], [1, 3, 2, 4, 5, 6, 7, 8, 9, 10, 12, 11, 13]]
Distance: 81
B = 
{(5, 1, 3, 2, 4, 8, 7, 9, 12, 6, 10, 11, 13), (1, 3, 4, 2, 5, 8, 10, 6, 7, 11, 9, 12, 13), (1, 6, 4, 2, 3, 5, 7, 8, 10, 11, 9, 12, 13), (1, 3, 2, 8, 5, 4, 6, 7, 11, 9, 10, 12, 13), (2, 1, 3, 5, 4, 6, 7, 12, 8, 11, 10, 13, 9), (2, 1, 3, 7, 5, 4, 10, 13, 6, 8, 11, 9, 12), (5, 1, 2, 3, 4, 7, 6, 9, 8, 11, 12, 13, 10), (1, 4, 12, 3, 2, 5, 8, 9, 13, 6, 7, 11, 10)}
M(B) = 
[[1, 2, 3, 4, 5, 6, 7, 8, 9, 10, 11, 12, 13], [1, 2, 3, 4, 5, 6, 7, 8, 9, 10, 12, 11, 13], [1, 3, 2, 4, 5, 6, 7, 8, 9, 10, 11, 12, 13], [1, 3, 2, 4, 5, 6, 7, 8, 9, 10, 12, 11, 13]]
Distance: 86
M(A) inter A:
set()
M(B) inter B:
set()

AUB = 
{(5, 1, 3, 2, 4, 8, 7, 9, 12, 6, 10, 11, 13), (1, 2, 4, 6, 3, 7, 5, 8, 10, 12, 9, 11, 13), (1, 3, 4, 2, 5, 8, 10, 6, 7, 11, 9, 12, 13), (1, 6, 4, 2, 3, 5, 7, 8, 10, 11, 9, 12, 13), (1, 3, 2, 8, 5, 4, 6, 7, 11, 9, 10, 12, 13), (2, 1, 3, 5, 4, 6, 7, 12, 8, 11, 10, 13, 9), (2, 1, 3, 4, 5, 6, 11, 7, 8, 9, 10, 12, 13), (1, 6, 3, 7, 5, 4, 2, 9, 8, 13, 11, 10, 12), (2, 1, 3, 7, 5, 4, 10, 13, 6, 8, 11, 9, 12), (3, 2, 6, 1, 4, 5, 7, 10, 9, 8, 12, 11, 13), (3, 4, 1, 5, 2, 6, 10, 12, 8, 11, 7, 13, 9), (1, 3, 7, 2, 4, 5, 9, 8, 10, 12, 6, 13, 11), (2, 4, 3, 5, 1, 7, 9, 6, 8, 10, 13, 12, 11), (2, 1, 4, 5, 3, 7, 6, 8, 11, 9, 10, 12, 13), (5, 1, 2, 3, 4, 7, 6, 9, 8, 11, 12, 13, 10), (1, 4, 12, 3, 2, 5, 8, 9, 13, 6, 7, 11, 10)}
M(AUB) = 
[[1, 2, 3, 4, 5, 6, 7, 8, 9, 10, 11, 12, 13], [1, 2, 3, 4, 5, 6, 7, 8, 9, 10, 12, 11, 13], [1, 3, 2, 4, 5, 6, 7, 8, 9, 10, 11, 12, 13], [1, 3, 2, 4, 5, 6, 7, 8, 9, 10, 12, 11, 13]]
Distance:173

(48)
A = 
{(1, 3, 2, 6, 8, 4, 7, 10, 9, 5, 11, 13, 12), (1, 2, 5, 3, 4, 6, 8, 7, 9, 10, 11, 13, 12), (1, 4, 3, 2, 7, 5, 6, 9, 8, 10, 11, 13, 12), (3, 5, 1, 4, 2, 7, 9, 6, 10, 12, 8, 11, 13), (6, 3, 2, 4, 8, 5, 7, 1, 10, 11, 9, 13, 12), (1, 3, 2, 5, 6, 8, 4, 7, 13, 9, 11, 10, 12), (3, 2, 1, 4, 5, 6, 7, 8, 9, 11, 10, 12, 13), (1, 5, 2, 6, 3, 4, 7, 9, 8, 10, 12, 11, 13)}
M(A) = 
[[1, 3, 2, 4, 5, 6, 7, 8, 9, 10, 11, 13, 12], [1, 3, 2, 4, 5, 6, 7, 8, 9, 11, 10, 13, 12], [1, 3, 2, 4, 5, 6, 8, 7, 9, 10, 11, 13, 12], [1, 3, 2, 4, 5, 6, 8, 7, 9, 11, 10, 13, 12]]
Distance: 66
B = 
{(6, 3, 2, 1, 4, 8, 5, 9, 7, 11, 10, 13, 12), (4, 1, 5, 2, 6, 3, 7, 9, 8, 10, 13, 12, 11), (3, 1, 6, 5, 2, 4, 7, 10, 9, 8, 11, 12, 13), (4, 1, 2, 3, 7, 8, 6, 5, 11, 9, 10, 13, 12), (2, 4, 3, 1, 5, 6, 8, 9, 13, 7, 11, 12, 10), (1, 3, 5, 2, 6, 4, 9, 8, 7, 11, 13, 10, 12), (1, 3, 2, 4, 6, 5, 11, 8, 7, 9, 10, 13, 12), (3, 1, 2, 4, 7, 5, 9, 6, 8, 11, 10, 12, 13)}
M(B) = 
[[1, 3, 2, 4, 5, 6, 7, 8, 9, 10, 11, 13, 12], [1, 3, 2, 4, 5, 6, 7, 8, 9, 11, 10, 13, 12], [1, 3, 2, 4, 5, 6, 8, 7, 9, 10, 11, 13, 12], [1, 3, 2, 4, 5, 6, 8, 7, 9, 11, 10, 13, 12]]
Distance: 71
M(A) inter A:
set()
M(B) inter B:
set()

AUB = 
{(1, 3, 2, 6, 8, 4, 7, 10, 9, 5, 11, 13, 12), (6, 3, 2, 1, 4, 8, 5, 9, 7, 11, 10, 13, 12), (4, 1, 5, 2, 6, 3, 7, 9, 8, 10, 13, 12, 11), (3, 1, 6, 5, 2, 4, 7, 10, 9, 8, 11, 12, 13), (1, 2, 5, 3, 4, 6, 8, 7, 9, 10, 11, 13, 12), (4, 1, 2, 3, 7, 8, 6, 5, 11, 9, 10, 13, 12), (1, 4, 3, 2, 7, 5, 6, 9, 8, 10, 11, 13, 12), (3, 5, 1, 4, 2, 7, 9, 6, 10, 12, 8, 11, 13), (6, 3, 2, 4, 8, 5, 7, 1, 10, 11, 9, 13, 12), (1, 3, 2, 5, 6, 8, 4, 7, 13, 9, 11, 10, 12), (2, 4, 3, 1, 5, 6, 8, 9, 13, 7, 11, 12, 10), (1, 3, 5, 2, 6, 4, 9, 8, 7, 11, 13, 10, 12), (3, 2, 1, 4, 5, 6, 7, 8, 9, 11, 10, 12, 13), (1, 3, 2, 4, 6, 5, 11, 8, 7, 9, 10, 13, 12), (1, 5, 2, 6, 3, 4, 7, 9, 8, 10, 12, 11, 13), (3, 1, 2, 4, 7, 5, 9, 6, 8, 11, 10, 12, 13)}
M(AUB) = 
[[1, 3, 2, 4, 5, 6, 7, 8, 9, 10, 11, 13, 12], [1, 3, 2, 4, 5, 6, 7, 8, 9, 11, 10, 13, 12], [1, 3, 2, 4, 5, 6, 8, 7, 9, 10, 11, 13, 12], [1, 3, 2, 4, 5, 6, 8, 7, 9, 11, 10, 13, 12]]
Distance:141

(49)
A = 
{(3, 6, 2, 1, 5, 7, 4, 11, 9, 8, 10, 12, 13), (6, 1, 3, 2, 4, 8, 5, 7, 9, 11, 10, 12, 13), (1, 5, 2, 3, 4, 8, 6, 7, 12, 10, 11, 9, 13), (2, 1, 3, 7, 5, 6, 9, 4, 10, 8, 12, 11, 13), (1, 2, 3, 4, 5, 6, 7, 8, 9, 10, 11, 12, 13), (1, 5, 3, 2, 10, 8, 9, 4, 11, 6, 7, 13, 12), (1, 2, 3, 5, 9, 4, 6, 10, 7, 11, 8, 12, 13), (2, 3, 4, 1, 6, 10, 7, 9, 8, 5, 13, 12, 11)}
M(A) = 
[[1, 2, 3, 4, 5, 6, 7, 8, 9, 10, 11, 12, 13]]
Distance: 81
B = 
{(1, 6, 3, 10, 2, 4, 5, 8, 13, 7, 12, 9, 11), (1, 3, 4, 2, 5, 10, 8, 6, 7, 11, 9, 12, 13), (1, 2, 7, 5, 3, 4, 11, 6, 8, 9, 10, 13, 12), (2, 1, 4, 5, 3, 6, 7, 10, 9, 12, 11, 8, 13), (1, 2, 3, 4, 7, 5, 6, 9, 8, 10, 11, 12, 13), (1, 4, 2, 3, 8, 9, 7, 6, 12, 11, 5, 10, 13), (3, 1, 2, 4, 7, 5, 6, 11, 8, 13, 9, 12, 10), (1, 3, 2, 7, 4, 5, 6, 10, 8, 11, 9, 13, 12)}
M(B) = 
[[1, 2, 3, 4, 5, 6, 7, 8, 9, 10, 11, 12, 13]]
Distance: 81
M(A) inter A:
set()
M(B) inter B:
set()

AUB = 
{(3, 6, 2, 1, 5, 7, 4, 11, 9, 8, 10, 12, 13), (1, 6, 3, 10, 2, 4, 5, 8, 13, 7, 12, 9, 11), (6, 1, 3, 2, 4, 8, 5, 7, 9, 11, 10, 12, 13), (1, 3, 4, 2, 5, 10, 8, 6, 7, 11, 9, 12, 13), (1, 5, 2, 3, 4, 8, 6, 7, 12, 10, 11, 9, 13), (2, 1, 3, 7, 5, 6, 9, 4, 10, 8, 12, 11, 13), (1, 2, 3, 4, 5, 6, 7, 8, 9, 10, 11, 12, 13), (1, 5, 3, 2, 10, 8, 9, 4, 11, 6, 7, 13, 12), (1, 2, 7, 5, 3, 4, 11, 6, 8, 9, 10, 13, 12), (1, 2, 3, 5, 9, 4, 6, 10, 7, 11, 8, 12, 13), (2, 1, 4, 5, 3, 6, 7, 10, 9, 12, 11, 8, 13), (1, 2, 3, 4, 7, 5, 6, 9, 8, 10, 11, 12, 13), (1, 4, 2, 3, 8, 9, 7, 6, 12, 11, 5, 10, 13), (3, 1, 2, 4, 7, 5, 6, 11, 8, 13, 9, 12, 10), (1, 3, 2, 7, 4, 5, 6, 10, 8, 11, 9, 13, 12), (2, 3, 4, 1, 6, 10, 7, 9, 8, 5, 13, 12, 11)}
M(AUB) = 
[[1, 2, 3, 4, 5, 6, 7, 8, 9, 10, 11, 12, 13]]
Distance:168

