(0)
A = 
{(3, 1, 2, 5, 4, 10, 9, 6, 8, 7), (1, 2, 3, 4, 5, 7, 6, 8, 9, 10), (1, 2, 3, 4, 5, 6, 7, 8, 9, 10)}
M(A) = 
[[1, 2, 3, 4, 5, 6, 7, 8, 9, 10], [1, 2, 3, 4, 5, 6, 7, 8, 10, 9], [2, 1, 3, 4, 5, 6, 7, 8, 9, 10], [2, 1, 3, 4, 5, 6, 7, 8, 10, 9]]
Distance: 12
B = 
{(2, 3, 1, 4, 5, 6, 7, 8, 10, 9), (2, 1, 4, 3, 5, 6, 7, 9, 10, 8), (2, 1, 4, 3, 7, 5, 6, 8, 10, 9)}
M(B) = 
[[1, 2, 3, 4, 5, 6, 7, 8, 9, 10], [1, 2, 3, 4, 5, 6, 7, 8, 10, 9], [2, 1, 3, 4, 5, 6, 7, 8, 9, 10], [2, 1, 3, 4, 5, 6, 7, 8, 10, 9]]
Distance: 7
M(A) inter A:
set()
M(B) inter B:
set()

AUB = 
{(1, 2, 3, 4, 5, 7, 6, 8, 9, 10), (1, 2, 3, 4, 5, 6, 7, 8, 9, 10), (2, 1, 4, 3, 5, 6, 7, 9, 10, 8), (2, 1, 4, 3, 7, 5, 6, 8, 10, 9), (2, 3, 1, 4, 5, 6, 7, 8, 10, 9), (3, 1, 2, 5, 4, 10, 9, 6, 8, 7)}
M(AUB) = 
[[1, 2, 3, 4, 5, 6, 7, 8, 9, 10], [1, 2, 3, 4, 5, 6, 7, 8, 10, 9], [2, 1, 3, 4, 5, 6, 7, 8, 9, 10], [2, 1, 3, 4, 5, 6, 7, 8, 10, 9]]
Distance:24

(1)
A = 
{(2, 1, 9, 3, 8, 5, 6, 7, 4, 10), (2, 1, 3, 4, 5, 6, 7, 8, 9, 10), (1, 2, 3, 4, 5, 6, 8, 7, 9, 10)}
M(A) = 
[[1, 2, 3, 4, 5, 6, 8, 7, 9, 10], [1, 2, 3, 4, 5, 6, 7, 8, 9, 10], [1, 2, 3, 4, 6, 8, 5, 7, 9, 10], [1, 2, 3, 4, 6, 8, 7, 5, 9, 10], [1, 2, 3, 4, 6, 5, 8, 7, 9, 10], [1, 2, 3, 4, 6, 5, 7, 8, 9, 10], [1, 2, 3, 4, 6, 7, 8, 5, 9, 10], [1, 2, 3, 4, 6, 7, 5, 8, 9, 10], [2, 1, 3, 4, 5, 6, 8, 7, 9, 10], [2, 1, 3, 4, 5, 6, 7, 8, 9, 10], [2, 1, 3, 4, 6, 8, 5, 7, 9, 10], [2, 1, 3, 4, 6, 8, 7, 5, 9, 10], [2, 1, 3, 4, 6, 5, 8, 7, 9, 10], [2, 1, 3, 4, 6, 5, 7, 8, 9, 10], [2, 1, 3, 4, 6, 7, 8, 5, 9, 10], [2, 1, 3, 4, 6, 7, 5, 8, 9, 10]]
Distance: 14
B = 
{(2, 1, 4, 3, 6, 7, 5, 8, 9, 10), (3, 1, 2, 4, 6, 7, 8, 5, 9, 10), (3, 6, 1, 4, 2, 8, 9, 7, 5, 10)}
M(B) = 
[[1, 2, 3, 4, 5, 6, 8, 7, 9, 10], [1, 2, 3, 4, 5, 6, 7, 8, 9, 10], [1, 2, 3, 4, 6, 8, 5, 7, 9, 10], [1, 2, 3, 4, 6, 8, 7, 5, 9, 10], [1, 2, 3, 4, 6, 5, 8, 7, 9, 10], [1, 2, 3, 4, 6, 5, 7, 8, 9, 10], [1, 2, 3, 4, 6, 7, 8, 5, 9, 10], [1, 2, 3, 4, 6, 7, 5, 8, 9, 10], [2, 1, 3, 4, 5, 6, 8, 7, 9, 10], [2, 1, 3, 4, 5, 6, 7, 8, 9, 10], [2, 1, 3, 4, 6, 8, 5, 7, 9, 10], [2, 1, 3, 4, 6, 8, 7, 5, 9, 10], [2, 1, 3, 4, 6, 5, 8, 7, 9, 10], [2, 1, 3, 4, 6, 5, 7, 8, 9, 10], [2, 1, 3, 4, 6, 7, 8, 5, 9, 10], [2, 1, 3, 4, 6, 7, 5, 8, 9, 10]]
Distance: 12
M(A) inter A:
set()
M(B) inter B:
{(3, 1, 2, 4, 6, 7, 8, 5, 9, 10)}

AUB = 
{(2, 1, 9, 3, 8, 5, 6, 7, 4, 10), (1, 2, 3, 4, 5, 6, 8, 7, 9, 10), (3, 6, 1, 4, 2, 8, 9, 7, 5, 10), (2, 1, 4, 3, 6, 7, 5, 8, 9, 10), (2, 1, 3, 4, 5, 6, 7, 8, 9, 10), (3, 1, 2, 4, 6, 7, 8, 5, 9, 10)}
M(AUB) = 
[[1, 2, 3, 4, 5, 6, 8, 7, 9, 10], [1, 2, 3, 4, 5, 6, 7, 8, 9, 10], [1, 2, 3, 4, 6, 8, 5, 7, 9, 10], [1, 2, 3, 4, 6, 8, 7, 5, 9, 10], [1, 2, 3, 4, 6, 5, 8, 7, 9, 10], [1, 2, 3, 4, 6, 5, 7, 8, 9, 10], [1, 2, 3, 4, 6, 7, 8, 5, 9, 10], [1, 2, 3, 4, 6, 7, 5, 8, 9, 10], [2, 1, 3, 4, 5, 6, 8, 7, 9, 10], [2, 1, 3, 4, 5, 6, 7, 8, 9, 10], [2, 1, 3, 4, 6, 8, 5, 7, 9, 10], [2, 1, 3, 4, 6, 8, 7, 5, 9, 10], [2, 1, 3, 4, 6, 5, 8, 7, 9, 10], [2, 1, 3, 4, 6, 5, 7, 8, 9, 10], [2, 1, 3, 4, 6, 7, 8, 5, 9, 10], [2, 1, 3, 4, 6, 7, 5, 8, 9, 10]]
Distance:37

(2)
A = 
{(1, 5, 6, 4, 2, 3, 8, 7, 10, 9), (4, 1, 5, 9, 3, 6, 7, 2, 8, 10), (1, 2, 5, 3, 7, 4, 6, 8, 9, 10)}
M(A) = 
[[1, 2, 3, 4, 5, 6, 8, 7, 9, 10], [1, 2, 3, 4, 5, 6, 7, 8, 9, 10], [1, 2, 3, 4, 5, 7, 6, 8, 9, 10], [1, 2, 3, 5, 4, 6, 8, 7, 9, 10], [1, 2, 3, 5, 4, 6, 7, 8, 9, 10], [1, 2, 3, 5, 4, 7, 6, 8, 9, 10], [1, 2, 5, 3, 4, 6, 8, 7, 9, 10], [1, 2, 5, 3, 4, 6, 7, 8, 9, 10], [1, 2, 5, 3, 4, 7, 6, 8, 9, 10]]
Distance: 20
B = 
{(1, 2, 3, 4, 5, 6, 8, 10, 7, 9), (2, 1, 3, 4, 8, 5, 7, 6, 9, 10), (2, 1, 3, 5, 4, 7, 9, 10, 6, 8)}
M(B) = 
[[1, 2, 3, 4, 5, 6, 8, 7, 9, 10], [1, 2, 3, 4, 5, 6, 7, 8, 9, 10], [1, 2, 3, 4, 5, 7, 6, 8, 9, 10], [1, 2, 3, 5, 4, 6, 8, 7, 9, 10], [1, 2, 3, 5, 4, 6, 7, 8, 9, 10], [1, 2, 3, 5, 4, 7, 6, 8, 9, 10], [1, 2, 5, 3, 4, 6, 8, 7, 9, 10], [1, 2, 5, 3, 4, 6, 7, 8, 9, 10], [1, 2, 5, 3, 4, 7, 6, 8, 9, 10]]
Distance: 13
M(A) inter A:
set()
M(B) inter B:
set()

AUB = 
{(1, 5, 6, 4, 2, 3, 8, 7, 10, 9), (4, 1, 5, 9, 3, 6, 7, 2, 8, 10), (1, 2, 3, 4, 5, 6, 8, 10, 7, 9), (2, 1, 3, 4, 8, 5, 7, 6, 9, 10), (1, 2, 5, 3, 7, 4, 6, 8, 9, 10), (2, 1, 3, 5, 4, 7, 9, 10, 6, 8)}
M(AUB) = 
[[1, 2, 3, 4, 5, 6, 8, 7, 9, 10], [1, 2, 3, 4, 5, 6, 7, 8, 9, 10], [1, 2, 3, 4, 5, 7, 6, 8, 9, 10], [1, 2, 3, 5, 4, 6, 8, 7, 9, 10], [1, 2, 3, 5, 4, 6, 7, 8, 9, 10], [1, 2, 3, 5, 4, 7, 6, 8, 9, 10], [1, 2, 5, 3, 4, 6, 8, 7, 9, 10], [1, 2, 5, 3, 4, 6, 7, 8, 9, 10], [1, 2, 5, 3, 4, 7, 6, 8, 9, 10]]
Distance:42

(3)
A = 
{(2, 1, 3, 4, 5, 8, 9, 7, 6, 10), (1, 5, 3, 2, 4, 6, 8, 7, 9, 10), (3, 1, 4, 2, 5, 6, 7, 8, 10, 9)}
M(A) = 
[[1, 3, 2, 4, 5, 6, 8, 7, 9, 10], [1, 3, 2, 4, 5, 6, 8, 7, 10, 9], [1, 3, 2, 5, 4, 6, 8, 7, 9, 10], [1, 3, 2, 5, 4, 6, 8, 7, 10, 9]]
Distance: 13
B = 
{(1, 3, 6, 5, 4, 2, 8, 9, 10, 7), (3, 2, 6, 4, 1, 8, 5, 10, 7, 9), (1, 3, 2, 5, 4, 6, 7, 8, 10, 9)}
M(B) = 
[[1, 3, 2, 4, 5, 6, 8, 7, 9, 10], [1, 3, 2, 4, 5, 6, 8, 7, 10, 9], [1, 3, 2, 5, 4, 6, 8, 7, 9, 10], [1, 3, 2, 5, 4, 6, 8, 7, 10, 9]]
Distance: 15
M(A) inter A:
set()
M(B) inter B:
set()

AUB = 
{(1, 3, 6, 5, 4, 2, 8, 9, 10, 7), (3, 2, 6, 4, 1, 8, 5, 10, 7, 9), (1, 3, 2, 5, 4, 6, 7, 8, 10, 9), (1, 5, 3, 2, 4, 6, 8, 7, 9, 10), (2, 1, 3, 4, 5, 8, 9, 7, 6, 10), (3, 1, 4, 2, 5, 6, 7, 8, 10, 9)}
M(AUB) = 
[[1, 3, 2, 4, 5, 6, 8, 7, 9, 10], [1, 3, 2, 4, 5, 6, 8, 7, 10, 9], [1, 3, 2, 5, 4, 6, 8, 7, 9, 10], [1, 3, 2, 5, 4, 6, 8, 7, 10, 9]]
Distance:33

(4)
A = 
{(2, 3, 1, 5, 8, 9, 4, 7, 6, 10), (1, 2, 3, 5, 4, 8, 6, 7, 10, 9), (4, 2, 1, 8, 3, 5, 7, 10, 9, 6)}
M(A) = 
[[1, 2, 3, 5, 4, 8, 7, 6, 10, 9], [2, 1, 3, 5, 4, 8, 7, 6, 10, 9]]
Distance: 16
B = 
{(2, 1, 5, 3, 4, 6, 8, 9, 7, 10), (1, 3, 2, 4, 7, 5, 6, 8, 10, 9), (3, 1, 2, 8, 5, 7, 4, 10, 6, 9)}
M(B) = 
[[1, 2, 3, 5, 4, 8, 7, 6, 10, 9], [2, 1, 3, 5, 4, 8, 7, 6, 10, 9]]
Distance: 16
M(A) inter A:
set()
M(B) inter B:
set()

AUB = 
{(3, 1, 2, 8, 5, 7, 4, 10, 6, 9), (2, 1, 5, 3, 4, 6, 8, 9, 7, 10), (2, 3, 1, 5, 8, 9, 4, 7, 6, 10), (1, 2, 3, 5, 4, 8, 6, 7, 10, 9), (4, 2, 1, 8, 3, 5, 7, 10, 9, 6), (1, 3, 2, 4, 7, 5, 6, 8, 10, 9)}
M(AUB) = 
[[1, 2, 3, 5, 4, 8, 7, 6, 10, 9], [2, 1, 3, 5, 4, 8, 7, 6, 10, 9]]
Distance:34

(5)
A = 
{(1, 4, 2, 3, 6, 5, 9, 8, 10, 7), (4, 1, 2, 6, 3, 5, 8, 10, 7, 9), (2, 1, 4, 6, 3, 5, 7, 8, 9, 10)}
M(A) = 
[[1, 2, 4, 3, 5, 6, 8, 7, 9, 10], [1, 2, 4, 3, 5, 6, 7, 8, 9, 10], [1, 2, 4, 3, 6, 5, 8, 7, 9, 10], [1, 2, 4, 3, 6, 5, 7, 8, 9, 10]]
Distance: 10
B = 
{(1, 2, 4, 3, 5, 6, 8, 7, 9, 10), (2, 1, 3, 5, 4, 6, 7, 8, 9, 10), (1, 2, 5, 7, 3, 9, 4, 8, 6, 10)}
M(B) = 
[[1, 2, 4, 3, 5, 6, 8, 7, 9, 10], [1, 2, 4, 3, 5, 6, 7, 8, 9, 10], [1, 2, 4, 3, 6, 5, 8, 7, 9, 10], [1, 2, 4, 3, 6, 5, 7, 8, 9, 10]]
Distance: 12
M(A) inter A:
set()
M(B) inter B:
set()

AUB = 
{(1, 4, 2, 3, 6, 5, 9, 8, 10, 7), (2, 1, 4, 6, 3, 5, 7, 8, 9, 10), (1, 2, 5, 7, 3, 9, 4, 8, 6, 10), (1, 2, 4, 3, 5, 6, 8, 7, 9, 10), (4, 1, 2, 6, 3, 5, 8, 10, 7, 9), (2, 1, 3, 5, 4, 6, 7, 8, 9, 10)}
M(AUB) = 
[[1, 2, 4, 3, 5, 6, 8, 7, 9, 10], [1, 2, 4, 3, 5, 6, 7, 8, 9, 10], [1, 2, 4, 3, 6, 5, 8, 7, 9, 10], [1, 2, 4, 3, 6, 5, 7, 8, 9, 10]]
Distance:30

(6)
A = 
{(1, 2, 5, 3, 4, 6, 7, 10, 8, 9), (4, 2, 3, 7, 5, 9, 8, 1, 6, 10), (2, 3, 1, 6, 4, 10, 5, 7, 9, 8)}
M(A) = 
[[1, 2, 3, 4, 5, 6, 10, 7, 8, 9], [1, 2, 3, 4, 5, 6, 10, 7, 9, 8], [1, 2, 3, 4, 5, 6, 7, 10, 8, 9], [1, 2, 3, 4, 5, 6, 7, 10, 9, 8], [1, 2, 3, 5, 4, 6, 10, 7, 8, 9], [1, 2, 3, 5, 4, 6, 10, 7, 9, 8], [1, 2, 3, 5, 4, 6, 7, 10, 8, 9], [1, 2, 3, 5, 4, 6, 7, 10, 9, 8], [1, 2, 3, 5, 6, 4, 7, 10, 8, 9], [1, 2, 3, 5, 6, 4, 7, 10, 9, 8], [1, 2, 3, 5, 6, 4, 10, 7, 8, 9], [1, 2, 3, 5, 6, 4, 10, 7, 9, 8], [1, 2, 5, 3, 4, 6, 10, 7, 8, 9], [1, 2, 5, 3, 4, 6, 10, 7, 9, 8], [1, 2, 5, 3, 4, 6, 7, 10, 8, 9], [1, 2, 5, 3, 4, 6, 7, 10, 9, 8], [1, 2, 5, 3, 6, 4, 7, 10, 8, 9], [1, 2, 5, 3, 6, 4, 7, 10, 9, 8], [1, 2, 5, 3, 6, 4, 10, 7, 8, 9], [1, 2, 5, 3, 6, 4, 10, 7, 9, 8]]
Distance: 22
B = 
{(1, 2, 5, 3, 10, 4, 6, 8, 7, 9), (1, 5, 3, 2, 6, 4, 7, 8, 10, 9), (1, 6, 3, 4, 2, 5, 10, 9, 7, 8)}
M(B) = 
[[1, 2, 3, 4, 5, 6, 10, 7, 8, 9], [1, 2, 3, 4, 5, 6, 10, 7, 9, 8], [1, 2, 3, 4, 5, 6, 7, 10, 8, 9], [1, 2, 3, 4, 5, 6, 7, 10, 9, 8], [1, 2, 3, 5, 4, 6, 10, 7, 8, 9], [1, 2, 3, 5, 4, 6, 10, 7, 9, 8], [1, 2, 3, 5, 4, 6, 7, 10, 8, 9], [1, 2, 3, 5, 4, 6, 7, 10, 9, 8], [1, 2, 3, 5, 6, 4, 7, 10, 8, 9], [1, 2, 3, 5, 6, 4, 7, 10, 9, 8], [1, 2, 3, 5, 6, 4, 10, 7, 8, 9], [1, 2, 3, 5, 6, 4, 10, 7, 9, 8], [1, 2, 5, 3, 4, 6, 10, 7, 8, 9], [1, 2, 5, 3, 4, 6, 10, 7, 9, 8], [1, 2, 5, 3, 4, 6, 7, 10, 8, 9], [1, 2, 5, 3, 4, 6, 7, 10, 9, 8], [1, 2, 5, 3, 6, 4, 7, 10, 8, 9], [1, 2, 5, 3, 6, 4, 7, 10, 9, 8], [1, 2, 5, 3, 6, 4, 10, 7, 8, 9], [1, 2, 5, 3, 6, 4, 10, 7, 9, 8]]
Distance: 17
M(A) inter A:
set()
M(B) inter B:
set()

AUB = 
{(1, 2, 5, 3, 4, 6, 7, 10, 8, 9), (4, 2, 3, 7, 5, 9, 8, 1, 6, 10), (1, 2, 5, 3, 10, 4, 6, 8, 7, 9), (2, 3, 1, 6, 4, 10, 5, 7, 9, 8), (1, 5, 3, 2, 6, 4, 7, 8, 10, 9), (1, 6, 3, 4, 2, 5, 10, 9, 7, 8)}
M(AUB) = 
[[1, 2, 3, 4, 5, 6, 10, 7, 8, 9], [1, 2, 3, 4, 5, 6, 10, 7, 9, 8], [1, 2, 3, 4, 5, 6, 7, 10, 8, 9], [1, 2, 3, 4, 5, 6, 7, 10, 9, 8], [1, 2, 3, 5, 4, 6, 10, 7, 8, 9], [1, 2, 3, 5, 4, 6, 10, 7, 9, 8], [1, 2, 3, 5, 4, 6, 7, 10, 8, 9], [1, 2, 3, 5, 4, 6, 7, 10, 9, 8], [1, 2, 3, 5, 6, 4, 7, 10, 8, 9], [1, 2, 3, 5, 6, 4, 7, 10, 9, 8], [1, 2, 3, 5, 6, 4, 10, 7, 8, 9], [1, 2, 3, 5, 6, 4, 10, 7, 9, 8], [1, 2, 5, 3, 4, 6, 10, 7, 8, 9], [1, 2, 5, 3, 4, 6, 10, 7, 9, 8], [1, 2, 5, 3, 4, 6, 7, 10, 8, 9], [1, 2, 5, 3, 4, 6, 7, 10, 9, 8], [1, 2, 5, 3, 6, 4, 7, 10, 8, 9], [1, 2, 5, 3, 6, 4, 7, 10, 9, 8], [1, 2, 5, 3, 6, 4, 10, 7, 8, 9], [1, 2, 5, 3, 6, 4, 10, 7, 9, 8]]
Distance:46

(7)
A = 
{(2, 1, 6, 4, 8, 7, 9, 3, 5, 10), (2, 1, 3, 6, 4, 5, 7, 8, 9, 10), (2, 1, 4, 3, 9, 8, 6, 7, 10, 5)}
M(A) = 
[[2, 1, 3, 4, 5, 6, 8, 7, 9, 10], [2, 1, 3, 4, 6, 5, 8, 7, 9, 10], [2, 1, 3, 5, 4, 6, 8, 7, 9, 10], [2, 1, 4, 3, 5, 6, 8, 7, 9, 10], [2, 1, 4, 3, 6, 5, 8, 7, 9, 10]]
Distance: 16
B = 
{(2, 3, 5, 4, 8, 1, 6, 10, 7, 9), (2, 5, 4, 3, 1, 6, 8, 9, 10, 7), (1, 2, 3, 5, 4, 6, 7, 8, 10, 9)}
M(B) = 
[[2, 1, 3, 4, 5, 6, 8, 7, 9, 10], [2, 1, 3, 4, 6, 5, 8, 7, 9, 10], [2, 1, 3, 5, 4, 6, 8, 7, 9, 10], [2, 1, 4, 3, 5, 6, 8, 7, 9, 10], [2, 1, 4, 3, 6, 5, 8, 7, 9, 10]]
Distance: 12
M(A) inter A:
set()
M(B) inter B:
set()

AUB = 
{(2, 3, 5, 4, 8, 1, 6, 10, 7, 9), (2, 5, 4, 3, 1, 6, 8, 9, 10, 7), (2, 1, 6, 4, 8, 7, 9, 3, 5, 10), (2, 1, 3, 6, 4, 5, 7, 8, 9, 10), (2, 1, 4, 3, 9, 8, 6, 7, 10, 5), (1, 2, 3, 5, 4, 6, 7, 8, 10, 9)}
M(AUB) = 
[[2, 1, 3, 4, 5, 6, 8, 7, 9, 10], [2, 1, 3, 4, 6, 5, 8, 7, 9, 10], [2, 1, 3, 5, 4, 6, 8, 7, 9, 10], [2, 1, 4, 3, 5, 6, 8, 7, 9, 10], [2, 1, 4, 3, 6, 5, 8, 7, 9, 10]]
Distance:43

(8)
A = 
{(1, 3, 2, 4, 6, 5, 7, 8, 9, 10), (2, 1, 4, 3, 5, 6, 7, 9, 8, 10), (4, 5, 2, 7, 3, 1, 6, 10, 9, 8)}
M(A) = 
[[1, 2, 3, 4, 5, 6, 7, 8, 9, 10], [1, 2, 3, 4, 5, 6, 7, 8, 10, 9], [1, 2, 3, 4, 5, 6, 7, 9, 8, 10], [1, 2, 3, 4, 5, 6, 7, 9, 10, 8], [1, 2, 3, 4, 5, 6, 7, 10, 8, 9], [1, 2, 3, 4, 5, 6, 7, 10, 9, 8], [1, 2, 4, 3, 5, 6, 7, 8, 9, 10], [1, 2, 4, 3, 5, 6, 7, 8, 10, 9], [1, 2, 4, 3, 5, 6, 7, 9, 8, 10], [1, 2, 4, 3, 5, 6, 7, 9, 10, 8], [1, 2, 4, 3, 5, 6, 7, 10, 8, 9], [1, 2, 4, 3, 5, 6, 7, 10, 9, 8], [2, 1, 3, 4, 5, 6, 7, 8, 9, 10], [2, 1, 3, 4, 5, 6, 7, 8, 10, 9], [2, 1, 3, 4, 5, 6, 7, 9, 8, 10], [2, 1, 3, 4, 5, 6, 7, 9, 10, 8], [2, 1, 3, 4, 5, 6, 7, 10, 8, 9], [2, 1, 3, 4, 5, 6, 7, 10, 9, 8], [2, 1, 4, 3, 5, 6, 7, 8, 9, 10], [2, 1, 4, 3, 5, 6, 7, 8, 10, 9], [2, 1, 4, 3, 5, 6, 7, 9, 8, 10], [2, 1, 4, 3, 5, 6, 7, 9, 10, 8], [2, 1, 4, 3, 5, 6, 7, 10, 8, 9], [2, 1, 4, 3, 5, 6, 7, 10, 9, 8]]
Distance: 16
B = 
{(1, 2, 3, 4, 7, 5, 6, 10, 8, 9), (1, 3, 2, 4, 6, 7, 5, 10, 9, 8), (2, 1, 4, 3, 5, 6, 7, 8, 9, 10)}
M(B) = 
[[1, 2, 3, 4, 5, 6, 7, 8, 9, 10], [1, 2, 3, 4, 5, 6, 7, 8, 10, 9], [1, 2, 3, 4, 5, 6, 7, 9, 8, 10], [1, 2, 3, 4, 5, 6, 7, 9, 10, 8], [1, 2, 3, 4, 5, 6, 7, 10, 8, 9], [1, 2, 3, 4, 5, 6, 7, 10, 9, 8], [1, 2, 4, 3, 5, 6, 7, 8, 9, 10], [1, 2, 4, 3, 5, 6, 7, 8, 10, 9], [1, 2, 4, 3, 5, 6, 7, 9, 8, 10], [1, 2, 4, 3, 5, 6, 7, 9, 10, 8], [1, 2, 4, 3, 5, 6, 7, 10, 8, 9], [1, 2, 4, 3, 5, 6, 7, 10, 9, 8], [2, 1, 3, 4, 5, 6, 7, 8, 9, 10], [2, 1, 3, 4, 5, 6, 7, 8, 10, 9], [2, 1, 3, 4, 5, 6, 7, 9, 8, 10], [2, 1, 3, 4, 5, 6, 7, 9, 10, 8], [2, 1, 3, 4, 5, 6, 7, 10, 8, 9], [2, 1, 3, 4, 5, 6, 7, 10, 9, 8], [2, 1, 4, 3, 5, 6, 7, 8, 9, 10], [2, 1, 4, 3, 5, 6, 7, 8, 10, 9], [2, 1, 4, 3, 5, 6, 7, 9, 8, 10], [2, 1, 4, 3, 5, 6, 7, 9, 10, 8], [2, 1, 4, 3, 5, 6, 7, 10, 8, 9], [2, 1, 4, 3, 5, 6, 7, 10, 9, 8]]
Distance: 10
M(A) inter A:
set()
M(B) inter B:
{(1, 2, 3, 4, 7, 5, 6, 10, 8, 9)}

AUB = 
{(1, 3, 2, 4, 6, 5, 7, 8, 9, 10), (4, 5, 2, 7, 3, 1, 6, 10, 9, 8), (1, 3, 2, 4, 6, 7, 5, 10, 9, 8), (2, 1, 4, 3, 5, 6, 7, 9, 8, 10), (1, 2, 3, 4, 7, 5, 6, 10, 8, 9), (2, 1, 4, 3, 5, 6, 7, 8, 9, 10)}
M(AUB) = 
[[1, 2, 3, 4, 5, 6, 7, 8, 9, 10], [1, 2, 3, 4, 5, 6, 7, 8, 10, 9], [1, 2, 3, 4, 5, 6, 7, 9, 8, 10], [1, 2, 3, 4, 5, 6, 7, 9, 10, 8], [1, 2, 3, 4, 5, 6, 7, 10, 8, 9], [1, 2, 3, 4, 5, 6, 7, 10, 9, 8], [1, 2, 4, 3, 5, 6, 7, 8, 9, 10], [1, 2, 4, 3, 5, 6, 7, 8, 10, 9], [1, 2, 4, 3, 5, 6, 7, 9, 8, 10], [1, 2, 4, 3, 5, 6, 7, 9, 10, 8], [1, 2, 4, 3, 5, 6, 7, 10, 8, 9], [1, 2, 4, 3, 5, 6, 7, 10, 9, 8], [2, 1, 3, 4, 5, 6, 7, 8, 9, 10], [2, 1, 3, 4, 5, 6, 7, 8, 10, 9], [2, 1, 3, 4, 5, 6, 7, 9, 8, 10], [2, 1, 3, 4, 5, 6, 7, 9, 10, 8], [2, 1, 3, 4, 5, 6, 7, 10, 8, 9], [2, 1, 3, 4, 5, 6, 7, 10, 9, 8], [2, 1, 4, 3, 5, 6, 7, 8, 9, 10], [2, 1, 4, 3, 5, 6, 7, 8, 10, 9], [2, 1, 4, 3, 5, 6, 7, 9, 8, 10], [2, 1, 4, 3, 5, 6, 7, 9, 10, 8], [2, 1, 4, 3, 5, 6, 7, 10, 8, 9], [2, 1, 4, 3, 5, 6, 7, 10, 9, 8]]
Distance:31

(9)
A = 
{(2, 5, 1, 3, 9, 6, 10, 8, 7, 4), (1, 2, 3, 5, 4, 6, 7, 9, 8, 10), (3, 1, 2, 4, 6, 5, 8, 10, 7, 9)}
M(A) = 
[[1, 2, 3, 4, 5, 6, 8, 7, 9, 10], [1, 2, 3, 4, 5, 6, 7, 8, 9, 10], [1, 2, 3, 4, 5, 6, 7, 9, 8, 10], [1, 2, 3, 5, 4, 6, 8, 7, 9, 10], [1, 2, 3, 5, 4, 6, 7, 8, 9, 10], [1, 2, 3, 5, 4, 6, 7, 9, 8, 10], [2, 1, 3, 4, 5, 6, 8, 7, 9, 10], [2, 1, 3, 4, 5, 6, 7, 8, 9, 10], [2, 1, 3, 4, 5, 6, 7, 9, 8, 10], [2, 1, 3, 5, 4, 6, 8, 7, 9, 10], [2, 1, 3, 5, 4, 6, 7, 8, 9, 10], [2, 1, 3, 5, 4, 6, 7, 9, 8, 10]]
Distance: 20
B = 
{(4, 2, 1, 5, 7, 3, 9, 6, 8, 10), (7, 1, 2, 3, 4, 8, 10, 5, 9, 6), (3, 2, 1, 5, 6, 8, 9, 4, 10, 7)}
M(B) = 
[[1, 2, 3, 4, 5, 6, 8, 7, 9, 10], [1, 2, 3, 4, 5, 6, 7, 8, 9, 10], [1, 2, 3, 4, 5, 6, 7, 9, 8, 10], [1, 2, 3, 5, 4, 6, 8, 7, 9, 10], [1, 2, 3, 5, 4, 6, 7, 8, 9, 10], [1, 2, 3, 5, 4, 6, 7, 9, 8, 10], [2, 1, 3, 4, 5, 6, 8, 7, 9, 10], [2, 1, 3, 4, 5, 6, 7, 8, 9, 10], [2, 1, 3, 4, 5, 6, 7, 9, 8, 10], [2, 1, 3, 5, 4, 6, 8, 7, 9, 10], [2, 1, 3, 5, 4, 6, 7, 8, 9, 10], [2, 1, 3, 5, 4, 6, 7, 9, 8, 10]]
Distance: 29
M(A) inter A:
set()
M(B) inter B:
set()

AUB = 
{(2, 5, 1, 3, 9, 6, 10, 8, 7, 4), (1, 2, 3, 5, 4, 6, 7, 9, 8, 10), (3, 2, 1, 5, 6, 8, 9, 4, 10, 7), (4, 2, 1, 5, 7, 3, 9, 6, 8, 10), (7, 1, 2, 3, 4, 8, 10, 5, 9, 6), (3, 1, 2, 4, 6, 5, 8, 10, 7, 9)}
M(AUB) = 
[[1, 2, 3, 4, 5, 6, 8, 7, 9, 10], [1, 2, 3, 4, 5, 6, 7, 8, 9, 10], [1, 2, 3, 4, 5, 6, 7, 9, 8, 10], [1, 2, 3, 5, 4, 6, 8, 7, 9, 10], [1, 2, 3, 5, 4, 6, 7, 8, 9, 10], [1, 2, 3, 5, 4, 6, 7, 9, 8, 10], [2, 1, 3, 4, 5, 6, 8, 7, 9, 10], [2, 1, 3, 4, 5, 6, 7, 8, 9, 10], [2, 1, 3, 4, 5, 6, 7, 9, 8, 10], [2, 1, 3, 5, 4, 6, 8, 7, 9, 10], [2, 1, 3, 5, 4, 6, 7, 8, 9, 10], [2, 1, 3, 5, 4, 6, 7, 9, 8, 10]]
Distance:54

(10)
A = 
{(4, 3, 2, 1, 8, 6, 5, 10, 9, 7), (2, 1, 3, 5, 10, 6, 4, 7, 8, 9), (1, 2, 3, 7, 4, 5, 6, 8, 9, 10)}
M(A) = 
[[1, 2, 3, 4, 5, 6, 7, 8, 9, 10], [1, 2, 3, 4, 5, 6, 7, 8, 10, 9], [2, 1, 3, 4, 5, 6, 7, 8, 9, 10], [2, 1, 3, 4, 5, 6, 7, 8, 10, 9]]
Distance: 22
B = 
{(1, 2, 4, 3, 5, 6, 7, 8, 9, 10), (1, 2, 3, 4, 5, 6, 7, 9, 8, 10), (2, 3, 4, 5, 1, 7, 6, 8, 10, 9)}
M(B) = 
[[1, 2, 3, 4, 5, 6, 7, 8, 9, 10], [1, 2, 3, 4, 5, 6, 7, 8, 10, 9], [2, 1, 3, 4, 5, 6, 7, 8, 9, 10], [2, 1, 3, 4, 5, 6, 7, 8, 10, 9]]
Distance: 8
M(A) inter A:
set()
M(B) inter B:
set()

AUB = 
{(2, 1, 3, 5, 10, 6, 4, 7, 8, 9), (4, 3, 2, 1, 8, 6, 5, 10, 9, 7), (1, 2, 4, 3, 5, 6, 7, 8, 9, 10), (1, 2, 3, 4, 5, 6, 7, 9, 8, 10), (2, 3, 4, 5, 1, 7, 6, 8, 10, 9), (1, 2, 3, 7, 4, 5, 6, 8, 9, 10)}
M(AUB) = 
[[1, 2, 3, 4, 5, 6, 7, 8, 9, 10], [1, 2, 3, 4, 5, 6, 7, 8, 10, 9], [2, 1, 3, 4, 5, 6, 7, 8, 9, 10], [2, 1, 3, 4, 5, 6, 7, 8, 10, 9]]
Distance:32

(11)
A = 
{(1, 2, 8, 4, 6, 9, 3, 5, 10, 7), (7, 3, 8, 1, 4, 9, 2, 5, 10, 6), (2, 4, 9, 3, 6, 1, 5, 10, 8, 7)}
M(A) = 
[[1, 2, 3, 4, 5, 6, 8, 7, 9, 10], [1, 2, 3, 4, 5, 6, 7, 8, 9, 10], [1, 2, 3, 4, 6, 5, 8, 7, 9, 10], [1, 2, 3, 4, 6, 5, 7, 8, 9, 10], [1, 2, 4, 3, 5, 6, 8, 7, 9, 10], [1, 2, 4, 3, 5, 6, 7, 8, 9, 10], [1, 2, 4, 3, 6, 5, 8, 7, 9, 10], [1, 2, 4, 3, 6, 5, 7, 8, 9, 10], [2, 1, 3, 4, 5, 6, 8, 7, 9, 10], [2, 1, 3, 4, 5, 6, 7, 8, 9, 10], [2, 1, 3, 4, 6, 5, 8, 7, 9, 10], [2, 1, 3, 4, 6, 5, 7, 8, 9, 10], [2, 1, 4, 3, 5, 6, 8, 7, 9, 10], [2, 1, 4, 3, 5, 6, 7, 8, 9, 10], [2, 1, 4, 3, 6, 5, 8, 7, 9, 10], [2, 1, 4, 3, 6, 5, 7, 8, 9, 10], [2, 3, 1, 4, 5, 6, 8, 7, 9, 10], [2, 3, 1, 4, 5, 6, 7, 8, 9, 10], [2, 3, 1, 4, 6, 5, 8, 7, 9, 10], [2, 3, 1, 4, 6, 5, 7, 8, 9, 10]]
Distance: 33
B = 
{(1, 2, 3, 4, 6, 7, 5, 9, 8, 10), (2, 1, 4, 3, 5, 6, 8, 7, 10, 9), (3, 2, 5, 7, 1, 6, 4, 8, 10, 9)}
M(B) = 
[[1, 2, 3, 4, 5, 6, 8, 7, 9, 10], [1, 2, 3, 4, 5, 6, 7, 8, 9, 10], [1, 2, 3, 4, 6, 5, 8, 7, 9, 10], [1, 2, 3, 4, 6, 5, 7, 8, 9, 10], [1, 2, 4, 3, 5, 6, 8, 7, 9, 10], [1, 2, 4, 3, 5, 6, 7, 8, 9, 10], [1, 2, 4, 3, 6, 5, 8, 7, 9, 10], [1, 2, 4, 3, 6, 5, 7, 8, 9, 10], [2, 1, 3, 4, 5, 6, 8, 7, 9, 10], [2, 1, 3, 4, 5, 6, 7, 8, 9, 10], [2, 1, 3, 4, 6, 5, 8, 7, 9, 10], [2, 1, 3, 4, 6, 5, 7, 8, 9, 10], [2, 1, 4, 3, 5, 6, 8, 7, 9, 10], [2, 1, 4, 3, 5, 6, 7, 8, 9, 10], [2, 1, 4, 3, 6, 5, 8, 7, 9, 10], [2, 1, 4, 3, 6, 5, 7, 8, 9, 10], [2, 3, 1, 4, 5, 6, 8, 7, 9, 10], [2, 3, 1, 4, 5, 6, 7, 8, 9, 10], [2, 3, 1, 4, 6, 5, 8, 7, 9, 10], [2, 3, 1, 4, 6, 5, 7, 8, 9, 10]]
Distance: 15
M(A) inter A:
set()
M(B) inter B:
set()

AUB = 
{(2, 1, 4, 3, 5, 6, 8, 7, 10, 9), (3, 2, 5, 7, 1, 6, 4, 8, 10, 9), (1, 2, 8, 4, 6, 9, 3, 5, 10, 7), (7, 3, 8, 1, 4, 9, 2, 5, 10, 6), (1, 2, 3, 4, 6, 7, 5, 9, 8, 10), (2, 4, 9, 3, 6, 1, 5, 10, 8, 7)}
M(AUB) = 
[[1, 2, 3, 4, 5, 6, 8, 7, 9, 10], [1, 2, 3, 4, 5, 6, 7, 8, 9, 10], [1, 2, 3, 4, 6, 5, 8, 7, 9, 10], [1, 2, 3, 4, 6, 5, 7, 8, 9, 10], [1, 2, 4, 3, 5, 6, 8, 7, 9, 10], [1, 2, 4, 3, 5, 6, 7, 8, 9, 10], [1, 2, 4, 3, 6, 5, 8, 7, 9, 10], [1, 2, 4, 3, 6, 5, 7, 8, 9, 10], [2, 1, 3, 4, 5, 6, 8, 7, 9, 10], [2, 1, 3, 4, 5, 6, 7, 8, 9, 10], [2, 1, 3, 4, 6, 5, 8, 7, 9, 10], [2, 1, 3, 4, 6, 5, 7, 8, 9, 10], [2, 1, 4, 3, 5, 6, 8, 7, 9, 10], [2, 1, 4, 3, 5, 6, 7, 8, 9, 10], [2, 1, 4, 3, 6, 5, 8, 7, 9, 10], [2, 1, 4, 3, 6, 5, 7, 8, 9, 10], [2, 3, 1, 4, 5, 6, 8, 7, 9, 10], [2, 3, 1, 4, 5, 6, 7, 8, 9, 10], [2, 3, 1, 4, 6, 5, 8, 7, 9, 10], [2, 3, 1, 4, 6, 5, 7, 8, 9, 10]]
Distance:62

(12)
A = 
{(1, 3, 2, 4, 7, 6, 5, 8, 9, 10), (3, 2, 1, 4, 6, 5, 10, 8, 7, 9), (2, 1, 3, 4, 5, 6, 8, 7, 9, 10)}
M(A) = 
[[1, 2, 3, 4, 5, 6, 7, 8, 9, 10], [1, 2, 3, 4, 5, 7, 6, 8, 9, 10], [1, 3, 2, 4, 5, 6, 7, 8, 9, 10], [1, 3, 2, 4, 5, 7, 6, 8, 9, 10], [2, 1, 3, 4, 5, 6, 7, 8, 9, 10], [2, 1, 3, 4, 5, 7, 6, 8, 9, 10]]
Distance: 11
B = 
{(2, 1, 3, 4, 5, 7, 6, 9, 8, 10), (1, 3, 5, 4, 2, 7, 8, 9, 10, 6), (1, 2, 5, 3, 6, 7, 4, 9, 8, 10)}
M(B) = 
[[1, 2, 3, 4, 5, 6, 7, 8, 9, 10], [1, 2, 3, 4, 5, 7, 6, 8, 9, 10], [1, 3, 2, 4, 5, 6, 7, 8, 9, 10], [1, 3, 2, 4, 5, 7, 6, 8, 9, 10], [2, 1, 3, 4, 5, 6, 7, 8, 9, 10], [2, 1, 3, 4, 5, 7, 6, 8, 9, 10]]
Distance: 13
M(A) inter A:
set()
M(B) inter B:
set()

AUB = 
{(3, 2, 1, 4, 6, 5, 10, 8, 7, 9), (1, 3, 5, 4, 2, 7, 8, 9, 10, 6), (1, 3, 2, 4, 7, 6, 5, 8, 9, 10), (2, 1, 3, 4, 5, 7, 6, 9, 8, 10), (2, 1, 3, 4, 5, 6, 8, 7, 9, 10), (1, 2, 5, 3, 6, 7, 4, 9, 8, 10)}
M(AUB) = 
[[1, 2, 3, 4, 5, 6, 7, 8, 9, 10], [1, 2, 3, 4, 5, 7, 6, 8, 9, 10], [1, 3, 2, 4, 5, 6, 7, 8, 9, 10], [1, 3, 2, 4, 5, 7, 6, 8, 9, 10], [2, 1, 3, 4, 5, 6, 7, 8, 9, 10], [2, 1, 3, 4, 5, 7, 6, 8, 9, 10]]
Distance:30

(13)
A = 
{(3, 1, 2, 4, 6, 7, 5, 8, 10, 9), (1, 2, 3, 4, 7, 9, 5, 10, 8, 6), (1, 2, 3, 5, 8, 7, 10, 9, 4, 6)}
M(A) = 
[[1, 2, 3, 4, 5, 8, 6, 7, 9, 10], [1, 2, 3, 4, 5, 8, 6, 7, 10, 9], [1, 2, 3, 4, 5, 6, 8, 7, 9, 10], [1, 2, 3, 4, 5, 6, 8, 7, 10, 9], [1, 2, 3, 4, 5, 6, 7, 8, 9, 10], [1, 2, 3, 4, 5, 6, 7, 8, 10, 9], [1, 2, 3, 4, 6, 5, 8, 7, 9, 10], [1, 2, 3, 4, 6, 5, 8, 7, 10, 9], [1, 2, 3, 4, 6, 5, 7, 8, 9, 10], [1, 2, 3, 4, 6, 5, 7, 8, 10, 9], [1, 2, 3, 4, 6, 7, 5, 8, 9, 10], [1, 2, 3, 4, 6, 7, 5, 8, 10, 9]]
Distance: 18
B = 
{(1, 2, 8, 6, 7, 3, 10, 5, 9, 4), (4, 2, 3, 1, 6, 5, 7, 8, 9, 10), (4, 2, 5, 1, 9, 6, 3, 8, 10, 7)}
M(B) = 
[[1, 2, 3, 4, 5, 8, 6, 7, 9, 10], [1, 2, 3, 4, 5, 8, 6, 7, 10, 9], [1, 2, 3, 4, 5, 6, 8, 7, 9, 10], [1, 2, 3, 4, 5, 6, 8, 7, 10, 9], [1, 2, 3, 4, 5, 6, 7, 8, 9, 10], [1, 2, 3, 4, 5, 6, 7, 8, 10, 9], [1, 2, 3, 4, 6, 5, 8, 7, 9, 10], [1, 2, 3, 4, 6, 5, 8, 7, 10, 9], [1, 2, 3, 4, 6, 5, 7, 8, 9, 10], [1, 2, 3, 4, 6, 5, 7, 8, 10, 9], [1, 2, 3, 4, 6, 7, 5, 8, 9, 10], [1, 2, 3, 4, 6, 7, 5, 8, 10, 9]]
Distance: 28
M(A) inter A:
set()
M(B) inter B:
set()

AUB = 
{(3, 1, 2, 4, 6, 7, 5, 8, 10, 9), (1, 2, 8, 6, 7, 3, 10, 5, 9, 4), (1, 2, 3, 4, 7, 9, 5, 10, 8, 6), (4, 2, 5, 1, 9, 6, 3, 8, 10, 7), (4, 2, 3, 1, 6, 5, 7, 8, 9, 10), (1, 2, 3, 5, 8, 7, 10, 9, 4, 6)}
M(AUB) = 
[[1, 2, 3, 4, 5, 8, 6, 7, 9, 10], [1, 2, 3, 4, 5, 8, 6, 7, 10, 9], [1, 2, 3, 4, 5, 6, 8, 7, 9, 10], [1, 2, 3, 4, 5, 6, 8, 7, 10, 9], [1, 2, 3, 4, 5, 6, 7, 8, 9, 10], [1, 2, 3, 4, 5, 6, 7, 8, 10, 9], [1, 2, 3, 4, 6, 5, 8, 7, 9, 10], [1, 2, 3, 4, 6, 5, 8, 7, 10, 9], [1, 2, 3, 4, 6, 5, 7, 8, 9, 10], [1, 2, 3, 4, 6, 5, 7, 8, 10, 9], [1, 2, 3, 4, 6, 7, 5, 8, 9, 10], [1, 2, 3, 4, 6, 7, 5, 8, 10, 9]]
Distance:59

(14)
A = 
{(1, 10, 3, 4, 6, 2, 5, 7, 8, 9), (2, 4, 1, 5, 6, 8, 3, 10, 9, 7), (2, 1, 3, 4, 8, 5, 6, 9, 10, 7)}
M(A) = 
[[2, 1, 3, 4, 5, 6, 8, 10, 9, 7], [2, 1, 3, 4, 5, 6, 8, 10, 7, 9]]
Distance: 21
B = 
{(2, 1, 3, 4, 7, 5, 9, 8, 10, 6), (2, 3, 1, 5, 4, 10, 9, 6, 8, 7), (3, 1, 2, 4, 5, 6, 8, 7, 10, 9)}
M(B) = 
[[2, 1, 3, 4, 5, 6, 8, 10, 9, 7], [2, 1, 3, 4, 5, 6, 8, 10, 7, 9]]
Distance: 18
M(A) inter A:
set()
M(B) inter B:
set()

AUB = 
{(1, 10, 3, 4, 6, 2, 5, 7, 8, 9), (2, 1, 3, 4, 7, 5, 9, 8, 10, 6), (2, 3, 1, 5, 4, 10, 9, 6, 8, 7), (3, 1, 2, 4, 5, 6, 8, 7, 10, 9), (2, 4, 1, 5, 6, 8, 3, 10, 9, 7), (2, 1, 3, 4, 8, 5, 6, 9, 10, 7)}
M(AUB) = 
[[2, 1, 3, 4, 5, 6, 8, 10, 9, 7], [2, 1, 3, 4, 5, 6, 8, 10, 7, 9]]
Distance:42

(15)
A = 
{(1, 3, 5, 4, 6, 7, 2, 10, 8, 9), (3, 2, 5, 1, 6, 8, 4, 9, 7, 10), (6, 2, 3, 5, 1, 4, 8, 7, 9, 10)}
M(A) = 
[[2, 3, 1, 5, 6, 4, 7, 10, 8, 9], [2, 3, 1, 6, 5, 4, 7, 10, 8, 9], [3, 2, 1, 5, 6, 4, 7, 10, 8, 9], [3, 2, 1, 6, 5, 4, 7, 10, 8, 9]]
Distance: 18
B = 
{(2, 3, 1, 5, 7, 6, 10, 4, 8, 9), (3, 1, 2, 6, 4, 5, 9, 7, 10, 8), (2, 4, 1, 3, 6, 7, 5, 10, 8, 9)}
M(B) = 
[[2, 3, 1, 5, 6, 4, 7, 10, 8, 9], [2, 3, 1, 6, 5, 4, 7, 10, 8, 9], [3, 2, 1, 5, 6, 4, 7, 10, 8, 9], [3, 2, 1, 6, 5, 4, 7, 10, 8, 9]]
Distance: 15
M(A) inter A:
set()
M(B) inter B:
set()

AUB = 
{(1, 3, 5, 4, 6, 7, 2, 10, 8, 9), (2, 3, 1, 5, 7, 6, 10, 4, 8, 9), (2, 4, 1, 3, 6, 7, 5, 10, 8, 9), (3, 2, 5, 1, 6, 8, 4, 9, 7, 10), (3, 1, 2, 6, 4, 5, 9, 7, 10, 8), (6, 2, 3, 5, 1, 4, 8, 7, 9, 10)}
M(AUB) = 
[[2, 3, 1, 5, 6, 4, 7, 10, 8, 9], [2, 3, 1, 6, 5, 4, 7, 10, 8, 9], [3, 2, 1, 5, 6, 4, 7, 10, 8, 9], [3, 2, 1, 6, 5, 4, 7, 10, 8, 9]]
Distance:40

(16)
A = 
{(1, 4, 3, 7, 5, 6, 8, 10, 2, 9), (2, 1, 4, 5, 3, 6, 7, 8, 9, 10), (1, 3, 4, 2, 5, 6, 7, 9, 8, 10)}
M(A) = 
[[1, 2, 4, 3, 5, 7, 6, 8, 9, 10], [1, 2, 4, 3, 5, 7, 6, 8, 10, 9], [1, 4, 2, 3, 5, 7, 6, 8, 9, 10], [1, 4, 2, 3, 5, 7, 6, 8, 10, 9], [1, 4, 3, 2, 5, 7, 6, 8, 9, 10], [1, 4, 3, 2, 5, 7, 6, 8, 10, 9]]
Distance: 14
B = 
{(2, 1, 4, 3, 8, 7, 10, 6, 5, 9), (1, 4, 5, 7, 9, 6, 2, 3, 8, 10), (1, 3, 2, 4, 5, 7, 6, 8, 10, 9)}
M(B) = 
[[1, 2, 4, 3, 5, 7, 6, 8, 9, 10], [1, 2, 4, 3, 5, 7, 6, 8, 10, 9], [1, 4, 2, 3, 5, 7, 6, 8, 9, 10], [1, 4, 2, 3, 5, 7, 6, 8, 10, 9], [1, 4, 3, 2, 5, 7, 6, 8, 9, 10], [1, 4, 3, 2, 5, 7, 6, 8, 10, 9]]
Distance: 22
M(A) inter A:
set()
M(B) inter B:
set()

AUB = 
{(2, 1, 4, 3, 8, 7, 10, 6, 5, 9), (1, 4, 3, 7, 5, 6, 8, 10, 2, 9), (2, 1, 4, 5, 3, 6, 7, 8, 9, 10), (1, 3, 4, 2, 5, 6, 7, 9, 8, 10), (1, 4, 5, 7, 9, 6, 2, 3, 8, 10), (1, 3, 2, 4, 5, 7, 6, 8, 10, 9)}
M(AUB) = 
[[1, 2, 4, 3, 5, 7, 6, 8, 9, 10], [1, 2, 4, 3, 5, 7, 6, 8, 10, 9], [1, 4, 2, 3, 5, 7, 6, 8, 9, 10], [1, 4, 2, 3, 5, 7, 6, 8, 10, 9], [1, 4, 3, 2, 5, 7, 6, 8, 9, 10], [1, 4, 3, 2, 5, 7, 6, 8, 10, 9]]
Distance:40

(17)
A = 
{(5, 4, 1, 3, 6, 2, 8, 10, 7, 9), (3, 4, 1, 5, 6, 8, 9, 10, 2, 7), (5, 2, 1, 4, 3, 6, 9, 7, 10, 8)}
M(A) = 
[[1, 3, 4, 5, 2, 6, 8, 7, 9, 10], [1, 3, 4, 5, 2, 6, 8, 7, 10, 9], [1, 3, 4, 5, 2, 6, 7, 8, 9, 10], [1, 3, 4, 5, 2, 6, 7, 8, 10, 9], [1, 3, 5, 2, 4, 6, 8, 7, 9, 10], [1, 3, 5, 2, 4, 6, 8, 7, 10, 9], [1, 3, 5, 2, 4, 6, 7, 8, 9, 10], [1, 3, 5, 2, 4, 6, 7, 8, 10, 9], [1, 3, 5, 4, 2, 6, 8, 7, 9, 10], [1, 3, 5, 4, 2, 6, 8, 7, 10, 9], [1, 3, 5, 4, 2, 6, 7, 8, 9, 10], [1, 3, 5, 4, 2, 6, 7, 8, 10, 9], [1, 5, 2, 3, 4, 6, 8, 7, 9, 10], [1, 5, 2, 3, 4, 6, 8, 7, 10, 9], [1, 5, 2, 3, 4, 6, 7, 8, 9, 10], [1, 5, 2, 3, 4, 6, 7, 8, 10, 9], [1, 5, 3, 2, 4, 6, 8, 7, 9, 10], [1, 5, 3, 2, 4, 6, 8, 7, 10, 9], [1, 5, 3, 2, 4, 6, 7, 8, 9, 10], [1, 5, 3, 2, 4, 6, 7, 8, 10, 9], [1, 5, 3, 4, 2, 6, 8, 7, 9, 10], [1, 5, 3, 4, 2, 6, 8, 7, 10, 9], [1, 5, 3, 4, 2, 6, 7, 8, 9, 10], [1, 5, 3, 4, 2, 6, 7, 8, 10, 9]]
Distance: 19
B = 
{(1, 3, 4, 2, 5, 7, 6, 8, 9, 10), (1, 5, 2, 3, 4, 8, 6, 7, 10, 9), (1, 2, 3, 4, 5, 7, 6, 10, 8, 9)}
M(B) = 
[[1, 3, 4, 5, 2, 6, 8, 7, 9, 10], [1, 3, 4, 5, 2, 6, 8, 7, 10, 9], [1, 3, 4, 5, 2, 6, 7, 8, 9, 10], [1, 3, 4, 5, 2, 6, 7, 8, 10, 9], [1, 3, 5, 2, 4, 6, 8, 7, 9, 10], [1, 3, 5, 2, 4, 6, 8, 7, 10, 9], [1, 3, 5, 2, 4, 6, 7, 8, 9, 10], [1, 3, 5, 2, 4, 6, 7, 8, 10, 9], [1, 3, 5, 4, 2, 6, 8, 7, 9, 10], [1, 3, 5, 4, 2, 6, 8, 7, 10, 9], [1, 3, 5, 4, 2, 6, 7, 8, 9, 10], [1, 3, 5, 4, 2, 6, 7, 8, 10, 9], [1, 5, 2, 3, 4, 6, 8, 7, 9, 10], [1, 5, 2, 3, 4, 6, 8, 7, 10, 9], [1, 5, 2, 3, 4, 6, 7, 8, 9, 10], [1, 5, 2, 3, 4, 6, 7, 8, 10, 9], [1, 5, 3, 2, 4, 6, 8, 7, 9, 10], [1, 5, 3, 2, 4, 6, 8, 7, 10, 9], [1, 5, 3, 2, 4, 6, 7, 8, 9, 10], [1, 5, 3, 2, 4, 6, 7, 8, 10, 9], [1, 5, 3, 4, 2, 6, 8, 7, 9, 10], [1, 5, 3, 4, 2, 6, 8, 7, 10, 9], [1, 5, 3, 4, 2, 6, 7, 8, 9, 10], [1, 5, 3, 4, 2, 6, 7, 8, 10, 9]]
Distance: 10
M(A) inter A:
set()
M(B) inter B:
set()

AUB = 
{(1, 3, 4, 2, 5, 7, 6, 8, 9, 10), (1, 5, 2, 3, 4, 8, 6, 7, 10, 9), (5, 4, 1, 3, 6, 2, 8, 10, 7, 9), (3, 4, 1, 5, 6, 8, 9, 10, 2, 7), (5, 2, 1, 4, 3, 6, 9, 7, 10, 8), (1, 2, 3, 4, 5, 7, 6, 10, 8, 9)}
M(AUB) = 
[[1, 3, 4, 5, 2, 6, 8, 7, 9, 10], [1, 3, 4, 5, 2, 6, 8, 7, 10, 9], [1, 3, 4, 5, 2, 6, 7, 8, 9, 10], [1, 3, 4, 5, 2, 6, 7, 8, 10, 9], [1, 3, 5, 2, 4, 6, 8, 7, 9, 10], [1, 3, 5, 2, 4, 6, 8, 7, 10, 9], [1, 3, 5, 2, 4, 6, 7, 8, 9, 10], [1, 3, 5, 2, 4, 6, 7, 8, 10, 9], [1, 3, 5, 4, 2, 6, 8, 7, 9, 10], [1, 3, 5, 4, 2, 6, 8, 7, 10, 9], [1, 3, 5, 4, 2, 6, 7, 8, 9, 10], [1, 3, 5, 4, 2, 6, 7, 8, 10, 9], [1, 5, 2, 3, 4, 6, 8, 7, 9, 10], [1, 5, 2, 3, 4, 6, 8, 7, 10, 9], [1, 5, 2, 3, 4, 6, 7, 8, 9, 10], [1, 5, 2, 3, 4, 6, 7, 8, 10, 9], [1, 5, 3, 2, 4, 6, 8, 7, 9, 10], [1, 5, 3, 2, 4, 6, 8, 7, 10, 9], [1, 5, 3, 2, 4, 6, 7, 8, 9, 10], [1, 5, 3, 2, 4, 6, 7, 8, 10, 9], [1, 5, 3, 4, 2, 6, 8, 7, 9, 10], [1, 5, 3, 4, 2, 6, 8, 7, 10, 9], [1, 5, 3, 4, 2, 6, 7, 8, 9, 10], [1, 5, 3, 4, 2, 6, 7, 8, 10, 9]]
Distance:43

(18)
A = 
{(3, 5, 6, 1, 2, 8, 7, 9, 10, 4), (3, 1, 2, 4, 5, 7, 6, 8, 9, 10), (3, 4, 1, 5, 6, 7, 2, 8, 10, 9)}
M(A) = 
[[3, 1, 2, 4, 5, 6, 7, 8, 9, 10]]
Distance: 17
B = 
{(1, 2, 3, 4, 5, 6, 7, 9, 8, 10), (1, 3, 2, 5, 4, 6, 7, 8, 9, 10), (3, 1, 2, 4, 5, 6, 9, 7, 8, 10)}
M(B) = 
[[3, 1, 2, 4, 5, 6, 7, 8, 9, 10]]
Distance: 5
M(A) inter A:
set()
M(B) inter B:
set()

AUB = 
{(3, 1, 2, 4, 5, 7, 6, 8, 9, 10), (3, 4, 1, 5, 6, 7, 2, 8, 10, 9), (3, 1, 2, 4, 5, 6, 9, 7, 8, 10), (3, 5, 6, 1, 2, 8, 7, 9, 10, 4), (1, 2, 3, 4, 5, 6, 7, 9, 8, 10), (1, 3, 2, 5, 4, 6, 7, 8, 9, 10)}
M(AUB) = 
[[3, 1, 2, 4, 5, 6, 7, 8, 9, 10]]
Distance:25

(19)
A = 
{(1, 2, 3, 4, 7, 5, 6, 8, 10, 9), (2, 1, 4, 3, 7, 6, 5, 8, 10, 9), (1, 7, 2, 3, 10, 6, 5, 4, 9, 8)}
M(A) = 
[[1, 2, 3, 4, 7, 5, 6, 8, 10, 9], [1, 2, 3, 4, 7, 5, 6, 10, 8, 9], [1, 2, 3, 4, 7, 5, 6, 10, 9, 8]]
Distance: 13
B = 
{(1, 2, 3, 5, 4, 7, 6, 10, 9, 8), (1, 2, 3, 4, 5, 6, 7, 8, 9, 10), (1, 4, 2, 3, 7, 5, 10, 6, 9, 8)}
M(B) = 
[[1, 2, 3, 4, 7, 5, 6, 8, 10, 9], [1, 2, 3, 4, 7, 5, 6, 10, 8, 9], [1, 2, 3, 4, 7, 5, 6, 10, 9, 8]]
Distance: 9
M(A) inter A:
set()
M(B) inter B:
set()

AUB = 
{(2, 1, 4, 3, 7, 6, 5, 8, 10, 9), (1, 2, 3, 4, 5, 6, 7, 8, 9, 10), (1, 7, 2, 3, 10, 6, 5, 4, 9, 8), (1, 4, 2, 3, 7, 5, 10, 6, 9, 8), (1, 2, 3, 4, 7, 5, 6, 8, 10, 9), (1, 2, 3, 5, 4, 7, 6, 10, 9, 8)}
M(AUB) = 
[[1, 2, 3, 4, 7, 5, 6, 8, 10, 9], [1, 2, 3, 4, 7, 5, 6, 10, 8, 9], [1, 2, 3, 4, 7, 5, 6, 10, 9, 8]]
Distance:26

(20)
A = 
{(3, 2, 6, 4, 5, 1, 9, 8, 7, 10), (1, 8, 5, 3, 2, 6, 9, 4, 10, 7), (1, 2, 3, 4, 6, 7, 5, 9, 10, 8)}
M(A) = 
[[1, 3, 2, 4, 6, 5, 8, 7, 9, 10], [1, 3, 2, 6, 4, 5, 8, 7, 9, 10]]
Distance: 23
B = 
{(1, 3, 2, 4, 6, 7, 8, 5, 10, 9), (1, 3, 6, 4, 10, 5, 8, 7, 9, 2), (1, 2, 3, 4, 5, 6, 8, 7, 9, 10)}
M(B) = 
[[1, 3, 2, 4, 6, 5, 8, 7, 9, 10], [1, 3, 2, 6, 4, 5, 8, 7, 9, 10]]
Distance: 17
M(A) inter A:
set()
M(B) inter B:
set()

AUB = 
{(1, 3, 6, 4, 10, 5, 8, 7, 9, 2), (1, 8, 5, 3, 2, 6, 9, 4, 10, 7), (1, 2, 3, 4, 6, 7, 5, 9, 10, 8), (1, 2, 3, 4, 5, 6, 8, 7, 9, 10), (3, 2, 6, 4, 5, 1, 9, 8, 7, 10), (1, 3, 2, 4, 6, 7, 8, 5, 10, 9)}
M(AUB) = 
[[1, 3, 2, 4, 6, 5, 8, 7, 9, 10], [1, 3, 2, 6, 4, 5, 8, 7, 9, 10]]
Distance:44

(21)
A = 
{(2, 3, 1, 4, 6, 5, 8, 9, 7, 10), (3, 7, 1, 2, 4, 6, 5, 9, 8, 10), (1, 4, 2, 8, 3, 5, 7, 6, 10, 9)}
M(A) = 
[[1, 2, 3, 4, 5, 7, 6, 8, 9, 10], [1, 2, 3, 4, 5, 7, 6, 9, 8, 10], [1, 2, 4, 3, 5, 7, 6, 8, 9, 10], [1, 2, 4, 3, 5, 7, 6, 9, 8, 10]]
Distance: 20
B = 
{(4, 5, 1, 2, 3, 9, 7, 6, 8, 10), (1, 7, 3, 2, 8, 10, 6, 4, 5, 9), (1, 2, 5, 4, 3, 7, 6, 9, 10, 8)}
M(B) = 
[[1, 2, 3, 4, 5, 7, 6, 8, 9, 10], [1, 2, 3, 4, 5, 7, 6, 9, 8, 10], [1, 2, 4, 3, 5, 7, 6, 8, 9, 10], [1, 2, 4, 3, 5, 7, 6, 9, 8, 10]]
Distance: 25
M(A) inter A:
set()
M(B) inter B:
set()

AUB = 
{(2, 3, 1, 4, 6, 5, 8, 9, 7, 10), (1, 7, 3, 2, 8, 10, 6, 4, 5, 9), (4, 5, 1, 2, 3, 9, 7, 6, 8, 10), (3, 7, 1, 2, 4, 6, 5, 9, 8, 10), (1, 4, 2, 8, 3, 5, 7, 6, 10, 9), (1, 2, 5, 4, 3, 7, 6, 9, 10, 8)}
M(AUB) = 
[[1, 2, 3, 4, 5, 7, 6, 8, 9, 10], [1, 2, 3, 4, 5, 7, 6, 9, 8, 10], [1, 2, 4, 3, 5, 7, 6, 8, 9, 10], [1, 2, 4, 3, 5, 7, 6, 9, 8, 10]]
Distance:49

(22)
A = 
{(3, 2, 1, 4, 6, 9, 7, 5, 8, 10), (2, 1, 4, 3, 5, 7, 6, 8, 10, 9), (5, 2, 3, 4, 8, 1, 6, 10, 7, 9)}
M(A) = 
[[2, 3, 1, 4, 5, 6, 7, 9, 8, 10], [2, 3, 1, 4, 5, 7, 6, 9, 8, 10], [2, 3, 1, 5, 4, 6, 7, 9, 8, 10], [2, 3, 1, 5, 4, 7, 6, 9, 8, 10], [3, 2, 1, 4, 5, 6, 7, 9, 8, 10], [3, 2, 1, 4, 5, 7, 6, 9, 8, 10], [3, 2, 1, 5, 4, 6, 7, 9, 8, 10], [3, 2, 1, 5, 4, 7, 6, 9, 8, 10]]
Distance: 19
B = 
{(2, 3, 6, 1, 5, 9, 7, 4, 8, 10), (3, 2, 1, 5, 4, 7, 6, 9, 8, 10), (3, 1, 4, 2, 7, 5, 10, 9, 8, 6)}
M(B) = 
[[2, 3, 1, 4, 5, 6, 7, 9, 8, 10], [2, 3, 1, 4, 5, 7, 6, 9, 8, 10], [2, 3, 1, 5, 4, 6, 7, 9, 8, 10], [2, 3, 1, 5, 4, 7, 6, 9, 8, 10], [3, 2, 1, 4, 5, 6, 7, 9, 8, 10], [3, 2, 1, 4, 5, 7, 6, 9, 8, 10], [3, 2, 1, 5, 4, 6, 7, 9, 8, 10], [3, 2, 1, 5, 4, 7, 6, 9, 8, 10]]
Distance: 17
M(A) inter A:
set()
M(B) inter B:
{(3, 2, 1, 5, 4, 7, 6, 9, 8, 10)}

AUB = 
{(2, 1, 4, 3, 5, 7, 6, 8, 10, 9), (3, 2, 1, 5, 4, 7, 6, 9, 8, 10), (3, 1, 4, 2, 7, 5, 10, 9, 8, 6), (2, 3, 6, 1, 5, 9, 7, 4, 8, 10), (3, 2, 1, 4, 6, 9, 7, 5, 8, 10), (5, 2, 3, 4, 8, 1, 6, 10, 7, 9)}
M(AUB) = 
[[2, 3, 1, 4, 5, 6, 7, 9, 8, 10], [2, 3, 1, 4, 5, 7, 6, 9, 8, 10], [2, 3, 1, 5, 4, 6, 7, 9, 8, 10], [2, 3, 1, 5, 4, 7, 6, 9, 8, 10], [3, 2, 1, 4, 5, 6, 7, 9, 8, 10], [3, 2, 1, 4, 5, 7, 6, 9, 8, 10], [3, 2, 1, 5, 4, 6, 7, 9, 8, 10], [3, 2, 1, 5, 4, 7, 6, 9, 8, 10]]
Distance:41

(23)
A = 
{(1, 2, 5, 3, 4, 9, 6, 7, 8, 10), (2, 3, 4, 8, 1, 6, 5, 7, 10, 9), (1, 3, 2, 4, 9, 5, 6, 8, 7, 10)}
M(A) = 
[[1, 2, 3, 4, 5, 8, 9, 6, 7, 10], [1, 2, 3, 4, 5, 8, 6, 9, 7, 10], [1, 2, 3, 4, 5, 8, 6, 7, 9, 10], [1, 2, 3, 4, 5, 8, 6, 7, 10, 9], [1, 2, 3, 4, 5, 6, 8, 9, 7, 10], [1, 2, 3, 4, 5, 6, 8, 7, 9, 10], [1, 2, 3, 4, 5, 6, 8, 7, 10, 9], [1, 2, 3, 4, 8, 5, 9, 6, 7, 10], [1, 2, 3, 4, 8, 5, 6, 9, 7, 10], [1, 2, 3, 4, 8, 5, 6, 7, 9, 10], [1, 2, 3, 4, 8, 5, 6, 7, 10, 9], [2, 1, 3, 4, 5, 8, 9, 6, 7, 10], [2, 1, 3, 4, 5, 8, 6, 9, 7, 10], [2, 1, 3, 4, 5, 8, 6, 7, 9, 10], [2, 1, 3, 4, 5, 8, 6, 7, 10, 9], [2, 1, 3, 4, 5, 6, 8, 9, 7, 10], [2, 1, 3, 4, 5, 6, 8, 7, 9, 10], [2, 1, 3, 4, 5, 6, 8, 7, 10, 9], [2, 1, 3, 4, 8, 5, 9, 6, 7, 10], [2, 1, 3, 4, 8, 5, 6, 9, 7, 10], [2, 1, 3, 4, 8, 5, 6, 7, 9, 10], [2, 1, 3, 4, 8, 5, 6, 7, 10, 9]]
Distance: 16
B = 
{(3, 2, 4, 1, 6, 8, 5, 7, 10, 9), (2, 1, 8, 5, 3, 9, 10, 7, 6, 4), (1, 2, 4, 10, 3, 7, 5, 8, 6, 9)}
M(B) = 
[[1, 2, 3, 4, 5, 8, 9, 6, 7, 10], [1, 2, 3, 4, 5, 8, 6, 9, 7, 10], [1, 2, 3, 4, 5, 8, 6, 7, 9, 10], [1, 2, 3, 4, 5, 8, 6, 7, 10, 9], [1, 2, 3, 4, 5, 6, 8, 9, 7, 10], [1, 2, 3, 4, 5, 6, 8, 7, 9, 10], [1, 2, 3, 4, 5, 6, 8, 7, 10, 9], [1, 2, 3, 4, 8, 5, 9, 6, 7, 10], [1, 2, 3, 4, 8, 5, 6, 9, 7, 10], [1, 2, 3, 4, 8, 5, 6, 7, 9, 10], [1, 2, 3, 4, 8, 5, 6, 7, 10, 9], [2, 1, 3, 4, 5, 8, 9, 6, 7, 10], [2, 1, 3, 4, 5, 8, 6, 9, 7, 10], [2, 1, 3, 4, 5, 8, 6, 7, 9, 10], [2, 1, 3, 4, 5, 8, 6, 7, 10, 9], [2, 1, 3, 4, 5, 6, 8, 9, 7, 10], [2, 1, 3, 4, 5, 6, 8, 7, 9, 10], [2, 1, 3, 4, 5, 6, 8, 7, 10, 9], [2, 1, 3, 4, 8, 5, 9, 6, 7, 10], [2, 1, 3, 4, 8, 5, 6, 9, 7, 10], [2, 1, 3, 4, 8, 5, 6, 7, 9, 10], [2, 1, 3, 4, 8, 5, 6, 7, 10, 9]]
Distance: 27
M(A) inter A:
set()
M(B) inter B:
set()

AUB = 
{(3, 2, 4, 1, 6, 8, 5, 7, 10, 9), (1, 2, 4, 10, 3, 7, 5, 8, 6, 9), (2, 1, 8, 5, 3, 9, 10, 7, 6, 4), (1, 2, 5, 3, 4, 9, 6, 7, 8, 10), (2, 3, 4, 8, 1, 6, 5, 7, 10, 9), (1, 3, 2, 4, 9, 5, 6, 8, 7, 10)}
M(AUB) = 
[[1, 2, 3, 4, 5, 8, 9, 6, 7, 10], [1, 2, 3, 4, 5, 8, 6, 9, 7, 10], [1, 2, 3, 4, 5, 8, 6, 7, 9, 10], [1, 2, 3, 4, 5, 8, 6, 7, 10, 9], [1, 2, 3, 4, 5, 6, 8, 9, 7, 10], [1, 2, 3, 4, 5, 6, 8, 7, 9, 10], [1, 2, 3, 4, 5, 6, 8, 7, 10, 9], [1, 2, 3, 4, 8, 5, 9, 6, 7, 10], [1, 2, 3, 4, 8, 5, 6, 9, 7, 10], [1, 2, 3, 4, 8, 5, 6, 7, 9, 10], [1, 2, 3, 4, 8, 5, 6, 7, 10, 9], [2, 1, 3, 4, 5, 8, 9, 6, 7, 10], [2, 1, 3, 4, 5, 8, 6, 9, 7, 10], [2, 1, 3, 4, 5, 8, 6, 7, 9, 10], [2, 1, 3, 4, 5, 8, 6, 7, 10, 9], [2, 1, 3, 4, 5, 6, 8, 9, 7, 10], [2, 1, 3, 4, 5, 6, 8, 7, 9, 10], [2, 1, 3, 4, 5, 6, 8, 7, 10, 9], [2, 1, 3, 4, 8, 5, 9, 6, 7, 10], [2, 1, 3, 4, 8, 5, 6, 9, 7, 10], [2, 1, 3, 4, 8, 5, 6, 7, 9, 10], [2, 1, 3, 4, 8, 5, 6, 7, 10, 9]]
Distance:53

(24)
A = 
{(2, 3, 1, 4, 8, 5, 6, 7, 9, 10), (2, 1, 4, 3, 5, 6, 7, 8, 10, 9), (1, 2, 3, 5, 4, 6, 7, 8, 10, 9)}
M(A) = 
[[1, 2, 3, 4, 5, 6, 7, 8, 9, 10], [1, 2, 3, 4, 5, 6, 7, 8, 10, 9], [1, 2, 4, 3, 5, 6, 7, 8, 9, 10], [1, 2, 4, 3, 5, 6, 7, 8, 10, 9]]
Distance: 8
B = 
{(4, 1, 3, 2, 6, 5, 8, 7, 9, 10), (1, 5, 3, 4, 2, 7, 6, 8, 10, 9), (1, 2, 4, 3, 5, 9, 6, 7, 8, 10)}
M(B) = 
[[1, 2, 3, 4, 5, 6, 7, 8, 9, 10], [1, 2, 3, 4, 5, 6, 7, 8, 10, 9], [1, 2, 4, 3, 5, 6, 7, 8, 9, 10], [1, 2, 4, 3, 5, 6, 7, 8, 10, 9]]
Distance: 14
M(A) inter A:
set()
M(B) inter B:
set()

AUB = 
{(4, 1, 3, 2, 6, 5, 8, 7, 9, 10), (2, 1, 4, 3, 5, 6, 7, 8, 10, 9), (2, 3, 1, 4, 8, 5, 6, 7, 9, 10), (1, 2, 3, 5, 4, 6, 7, 8, 10, 9), (1, 5, 3, 4, 2, 7, 6, 8, 10, 9), (1, 2, 4, 3, 5, 9, 6, 7, 8, 10)}
M(AUB) = 
[[1, 2, 3, 4, 5, 6, 7, 8, 9, 10], [1, 2, 3, 4, 5, 6, 7, 8, 10, 9], [1, 2, 4, 3, 5, 6, 7, 8, 9, 10], [1, 2, 4, 3, 5, 6, 7, 8, 10, 9]]
Distance:27

(25)
A = 
{(7, 3, 1, 5, 2, 6, 8, 10, 4, 9), (1, 2, 3, 4, 5, 6, 7, 8, 9, 10), (1, 8, 2, 3, 6, 4, 10, 5, 7, 9)}
M(A) = 
[[1, 2, 3, 5, 6, 4, 7, 8, 9, 10], [1, 2, 3, 5, 6, 4, 7, 8, 10, 9], [1, 2, 3, 5, 6, 4, 7, 9, 8, 10]]
Distance: 24
B = 
{(6, 1, 5, 4, 2, 3, 10, 7, 9, 8), (2, 1, 5, 3, 6, 4, 9, 8, 7, 10), (3, 2, 1, 9, 4, 5, 10, 7, 8, 6)}
M(B) = 
[[1, 2, 3, 5, 6, 4, 7, 8, 9, 10], [1, 2, 3, 5, 6, 4, 7, 8, 10, 9], [1, 2, 3, 5, 6, 4, 7, 9, 8, 10]]
Distance: 24
M(A) inter A:
set()
M(B) inter B:
set()

AUB = 
{(7, 3, 1, 5, 2, 6, 8, 10, 4, 9), (6, 1, 5, 4, 2, 3, 10, 7, 9, 8), (1, 2, 3, 4, 5, 6, 7, 8, 9, 10), (3, 2, 1, 9, 4, 5, 10, 7, 8, 6), (2, 1, 5, 3, 6, 4, 9, 8, 7, 10), (1, 8, 2, 3, 6, 4, 10, 5, 7, 9)}
M(AUB) = 
[[1, 2, 3, 5, 6, 4, 7, 8, 9, 10], [1, 2, 3, 5, 6, 4, 7, 8, 10, 9], [1, 2, 3, 5, 6, 4, 7, 9, 8, 10]]
Distance:57

(26)
A = 
{(3, 1, 2, 5, 4, 7, 8, 10, 6, 9), (5, 1, 3, 2, 7, 4, 6, 9, 8, 10), (2, 1, 4, 3, 5, 8, 6, 7, 9, 10)}
M(A) = 
[[1, 3, 2, 5, 4, 8, 7, 6, 9, 10], [1, 3, 2, 5, 4, 7, 8, 6, 9, 10]]
Distance: 15
B = 
{(3, 8, 2, 4, 7, 1, 9, 6, 5, 10), (1, 5, 9, 3, 2, 4, 6, 7, 10, 8), (1, 2, 3, 5, 4, 8, 7, 10, 6, 9)}
M(B) = 
[[1, 3, 2, 5, 4, 8, 7, 6, 9, 10], [1, 3, 2, 5, 4, 7, 8, 6, 9, 10]]
Distance: 27
M(A) inter A:
set()
M(B) inter B:
set()

AUB = 
{(3, 8, 2, 4, 7, 1, 9, 6, 5, 10), (1, 5, 9, 3, 2, 4, 6, 7, 10, 8), (3, 1, 2, 5, 4, 7, 8, 10, 6, 9), (1, 2, 3, 5, 4, 8, 7, 10, 6, 9), (5, 1, 3, 2, 7, 4, 6, 9, 8, 10), (2, 1, 4, 3, 5, 8, 6, 7, 9, 10)}
M(AUB) = 
[[1, 3, 2, 5, 4, 8, 7, 6, 9, 10], [1, 3, 2, 5, 4, 7, 8, 6, 9, 10]]
Distance:44

(27)
A = 
{(1, 2, 3, 4, 5, 7, 6, 8, 10, 9), (2, 3, 1, 4, 5, 7, 6, 10, 8, 9), (1, 2, 3, 4, 5, 6, 7, 8, 9, 10)}
M(A) = 
[[1, 2, 3, 4, 5, 6, 7, 8, 9, 10], [1, 2, 3, 4, 5, 6, 7, 8, 10, 9], [1, 2, 3, 4, 5, 6, 7, 9, 8, 10], [1, 2, 3, 4, 5, 6, 7, 9, 10, 8], [1, 2, 3, 4, 5, 6, 7, 10, 8, 9], [1, 2, 3, 4, 5, 6, 7, 10, 9, 8]]
Distance: 5
B = 
{(2, 3, 1, 4, 6, 7, 5, 9, 10, 8), (4, 1, 6, 5, 3, 2, 9, 8, 10, 7), (4, 1, 2, 3, 5, 6, 10, 7, 9, 8)}
M(B) = 
[[1, 2, 3, 4, 5, 6, 7, 8, 9, 10], [1, 2, 3, 4, 5, 6, 7, 8, 10, 9], [1, 2, 3, 4, 5, 6, 7, 9, 8, 10], [1, 2, 3, 4, 5, 6, 7, 9, 10, 8], [1, 2, 3, 4, 5, 6, 7, 10, 8, 9], [1, 2, 3, 4, 5, 6, 7, 10, 9, 8]]
Distance: 18
M(A) inter A:
set()
M(B) inter B:
set()

AUB = 
{(2, 3, 1, 4, 5, 7, 6, 10, 8, 9), (1, 2, 3, 4, 5, 6, 7, 8, 9, 10), (4, 1, 2, 3, 5, 6, 10, 7, 9, 8), (1, 2, 3, 4, 5, 7, 6, 8, 10, 9), (2, 3, 1, 4, 6, 7, 5, 9, 10, 8), (4, 1, 6, 5, 3, 2, 9, 8, 10, 7)}
M(AUB) = 
[[1, 2, 3, 4, 5, 6, 7, 8, 9, 10], [1, 2, 3, 4, 5, 6, 7, 8, 10, 9], [1, 2, 3, 4, 5, 6, 7, 9, 8, 10], [1, 2, 3, 4, 5, 6, 7, 9, 10, 8], [1, 2, 3, 4, 5, 6, 7, 10, 8, 9], [1, 2, 3, 4, 5, 6, 7, 10, 9, 8]]
Distance:33

(28)
A = 
{(3, 2, 1, 8, 4, 10, 7, 5, 9, 6), (1, 2, 3, 4, 5, 6, 7, 8, 9, 10), (1, 8, 4, 10, 3, 5, 9, 7, 2, 6)}
M(A) = 
[[1, 2, 3, 4, 5, 6, 8, 10, 9, 7], [1, 2, 3, 4, 5, 6, 8, 10, 7, 9], [1, 2, 3, 4, 5, 6, 8, 7, 10, 9], [1, 2, 3, 4, 5, 6, 7, 8, 10, 9], [1, 2, 3, 4, 6, 5, 8, 10, 9, 7], [1, 2, 3, 4, 6, 5, 8, 10, 7, 9], [1, 2, 3, 4, 6, 5, 8, 7, 10, 9], [1, 2, 3, 4, 6, 5, 7, 8, 10, 9], [1, 3, 2, 4, 5, 6, 8, 10, 9, 7], [1, 3, 2, 4, 5, 6, 8, 10, 7, 9], [1, 3, 2, 4, 5, 6, 8, 7, 10, 9], [1, 3, 2, 4, 5, 6, 7, 8, 10, 9], [1, 3, 2, 4, 6, 5, 8, 10, 9, 7], [1, 3, 2, 4, 6, 5, 8, 10, 7, 9], [1, 3, 2, 4, 6, 5, 8, 7, 10, 9], [1, 3, 2, 4, 6, 5, 7, 8, 10, 9], [1, 3, 4, 2, 5, 6, 8, 10, 9, 7], [1, 3, 4, 2, 5, 6, 8, 10, 7, 9], [1, 3, 4, 2, 5, 6, 8, 7, 10, 9], [1, 3, 4, 2, 5, 6, 7, 8, 10, 9], [1, 3, 4, 2, 6, 5, 8, 10, 9, 7], [1, 3, 4, 2, 6, 5, 8, 10, 7, 9], [1, 3, 4, 2, 6, 5, 8, 7, 10, 9], [1, 3, 4, 2, 6, 5, 7, 8, 10, 9], [2, 1, 3, 4, 5, 6, 8, 10, 9, 7], [2, 1, 3, 4, 5, 6, 8, 10, 7, 9], [2, 1, 3, 4, 5, 6, 8, 7, 10, 9], [2, 1, 3, 4, 5, 6, 7, 8, 10, 9], [2, 1, 3, 4, 6, 5, 8, 10, 9, 7], [2, 1, 3, 4, 6, 5, 8, 10, 7, 9], [2, 1, 3, 4, 6, 5, 8, 7, 10, 9], [2, 1, 3, 4, 6, 5, 7, 8, 10, 9]]
Distance: 24
B = 
{(1, 3, 6, 4, 5, 10, 8, 2, 9, 7), (4, 2, 6, 9, 1, 3, 7, 5, 8, 10), (2, 1, 3, 4, 6, 5, 7, 8, 10, 9)}
M(B) = 
[[1, 2, 3, 4, 5, 6, 8, 10, 9, 7], [1, 2, 3, 4, 5, 6, 8, 10, 7, 9], [1, 2, 3, 4, 5, 6, 8, 7, 10, 9], [1, 2, 3, 4, 5, 6, 7, 8, 10, 9], [1, 2, 3, 4, 6, 5, 8, 10, 9, 7], [1, 2, 3, 4, 6, 5, 8, 10, 7, 9], [1, 2, 3, 4, 6, 5, 8, 7, 10, 9], [1, 2, 3, 4, 6, 5, 7, 8, 10, 9], [1, 3, 2, 4, 5, 6, 8, 10, 9, 7], [1, 3, 2, 4, 5, 6, 8, 10, 7, 9], [1, 3, 2, 4, 5, 6, 8, 7, 10, 9], [1, 3, 2, 4, 5, 6, 7, 8, 10, 9], [1, 3, 2, 4, 6, 5, 8, 10, 9, 7], [1, 3, 2, 4, 6, 5, 8, 10, 7, 9], [1, 3, 2, 4, 6, 5, 8, 7, 10, 9], [1, 3, 2, 4, 6, 5, 7, 8, 10, 9], [1, 3, 4, 2, 5, 6, 8, 10, 9, 7], [1, 3, 4, 2, 5, 6, 8, 10, 7, 9], [1, 3, 4, 2, 5, 6, 8, 7, 10, 9], [1, 3, 4, 2, 5, 6, 7, 8, 10, 9], [1, 3, 4, 2, 6, 5, 8, 10, 9, 7], [1, 3, 4, 2, 6, 5, 8, 10, 7, 9], [1, 3, 4, 2, 6, 5, 8, 7, 10, 9], [1, 3, 4, 2, 6, 5, 7, 8, 10, 9], [2, 1, 3, 4, 5, 6, 8, 10, 9, 7], [2, 1, 3, 4, 5, 6, 8, 10, 7, 9], [2, 1, 3, 4, 5, 6, 8, 7, 10, 9], [2, 1, 3, 4, 5, 6, 7, 8, 10, 9], [2, 1, 3, 4, 6, 5, 8, 10, 9, 7], [2, 1, 3, 4, 6, 5, 8, 10, 7, 9], [2, 1, 3, 4, 6, 5, 8, 7, 10, 9], [2, 1, 3, 4, 6, 5, 7, 8, 10, 9]]
Distance: 24
M(A) inter A:
set()
M(B) inter B:
{(2, 1, 3, 4, 6, 5, 7, 8, 10, 9)}

AUB = 
{(4, 2, 6, 9, 1, 3, 7, 5, 8, 10), (3, 2, 1, 8, 4, 10, 7, 5, 9, 6), (1, 2, 3, 4, 5, 6, 7, 8, 9, 10), (1, 8, 4, 10, 3, 5, 9, 7, 2, 6), (1, 3, 6, 4, 5, 10, 8, 2, 9, 7), (2, 1, 3, 4, 6, 5, 7, 8, 10, 9)}
M(AUB) = 
[[1, 2, 3, 4, 5, 6, 8, 10, 9, 7], [1, 2, 3, 4, 5, 6, 8, 10, 7, 9], [1, 2, 3, 4, 5, 6, 8, 7, 10, 9], [1, 2, 3, 4, 5, 6, 7, 8, 10, 9], [1, 2, 3, 4, 6, 5, 8, 10, 9, 7], [1, 2, 3, 4, 6, 5, 8, 10, 7, 9], [1, 2, 3, 4, 6, 5, 8, 7, 10, 9], [1, 2, 3, 4, 6, 5, 7, 8, 10, 9], [1, 3, 2, 4, 5, 6, 8, 10, 9, 7], [1, 3, 2, 4, 5, 6, 8, 10, 7, 9], [1, 3, 2, 4, 5, 6, 8, 7, 10, 9], [1, 3, 2, 4, 5, 6, 7, 8, 10, 9], [1, 3, 2, 4, 6, 5, 8, 10, 9, 7], [1, 3, 2, 4, 6, 5, 8, 10, 7, 9], [1, 3, 2, 4, 6, 5, 8, 7, 10, 9], [1, 3, 2, 4, 6, 5, 7, 8, 10, 9], [1, 3, 4, 2, 5, 6, 8, 10, 9, 7], [1, 3, 4, 2, 5, 6, 8, 10, 7, 9], [1, 3, 4, 2, 5, 6, 8, 7, 10, 9], [1, 3, 4, 2, 5, 6, 7, 8, 10, 9], [1, 3, 4, 2, 6, 5, 8, 10, 9, 7], [1, 3, 4, 2, 6, 5, 8, 10, 7, 9], [1, 3, 4, 2, 6, 5, 8, 7, 10, 9], [1, 3, 4, 2, 6, 5, 7, 8, 10, 9], [2, 1, 3, 4, 5, 6, 8, 10, 9, 7], [2, 1, 3, 4, 5, 6, 8, 10, 7, 9], [2, 1, 3, 4, 5, 6, 8, 7, 10, 9], [2, 1, 3, 4, 5, 6, 7, 8, 10, 9], [2, 1, 3, 4, 6, 5, 8, 10, 9, 7], [2, 1, 3, 4, 6, 5, 8, 10, 7, 9], [2, 1, 3, 4, 6, 5, 8, 7, 10, 9], [2, 1, 3, 4, 6, 5, 7, 8, 10, 9]]
Distance:62

(29)
A = 
{(2, 4, 3, 5, 9, 1, 10, 7, 6, 8), (3, 4, 5, 1, 6, 2, 8, 10, 7, 9), (4, 2, 3, 1, 6, 10, 9, 5, 8, 7)}
M(A) = 
[[2, 4, 3, 1, 5, 6, 10, 9, 7, 8], [2, 4, 3, 1, 5, 6, 10, 7, 9, 8], [2, 4, 3, 1, 5, 10, 6, 9, 7, 8], [2, 4, 3, 1, 5, 10, 6, 7, 9, 8], [2, 4, 3, 1, 5, 10, 7, 6, 9, 8], [2, 4, 3, 5, 1, 6, 10, 9, 7, 8], [2, 4, 3, 5, 1, 6, 10, 7, 9, 8], [2, 4, 3, 5, 1, 10, 6, 9, 7, 8], [2, 4, 3, 5, 1, 10, 6, 7, 9, 8], [2, 4, 3, 5, 1, 10, 7, 6, 9, 8], [2, 4, 5, 3, 1, 6, 10, 9, 7, 8], [2, 4, 5, 3, 1, 6, 10, 7, 9, 8], [2, 4, 5, 3, 1, 10, 6, 9, 7, 8], [2, 4, 5, 3, 1, 10, 6, 7, 9, 8], [2, 4, 5, 3, 1, 10, 7, 6, 9, 8], [4, 2, 3, 1, 5, 6, 10, 9, 7, 8], [4, 2, 3, 1, 5, 6, 10, 7, 9, 8], [4, 2, 3, 1, 5, 10, 6, 9, 7, 8], [4, 2, 3, 1, 5, 10, 6, 7, 9, 8], [4, 2, 3, 1, 5, 10, 7, 6, 9, 8], [4, 2, 3, 5, 1, 6, 10, 9, 7, 8], [4, 2, 3, 5, 1, 6, 10, 7, 9, 8], [4, 2, 3, 5, 1, 10, 6, 9, 7, 8], [4, 2, 3, 5, 1, 10, 6, 7, 9, 8], [4, 2, 3, 5, 1, 10, 7, 6, 9, 8], [4, 2, 5, 3, 1, 6, 10, 9, 7, 8], [4, 2, 5, 3, 1, 6, 10, 7, 9, 8], [4, 2, 5, 3, 1, 10, 6, 9, 7, 8], [4, 2, 5, 3, 1, 10, 6, 7, 9, 8], [4, 2, 5, 3, 1, 10, 7, 6, 9, 8]]
Distance: 19
B = 
{(1, 4, 5, 2, 10, 3, 7, 6, 8, 9), (1, 2, 9, 5, 7, 3, 10, 6, 8, 4), (2, 5, 4, 6, 3, 10, 7, 9, 8, 1)}
M(B) = 
[[2, 4, 3, 1, 5, 6, 10, 9, 7, 8], [2, 4, 3, 1, 5, 6, 10, 7, 9, 8], [2, 4, 3, 1, 5, 10, 6, 9, 7, 8], [2, 4, 3, 1, 5, 10, 6, 7, 9, 8], [2, 4, 3, 1, 5, 10, 7, 6, 9, 8], [2, 4, 3, 5, 1, 6, 10, 9, 7, 8], [2, 4, 3, 5, 1, 6, 10, 7, 9, 8], [2, 4, 3, 5, 1, 10, 6, 9, 7, 8], [2, 4, 3, 5, 1, 10, 6, 7, 9, 8], [2, 4, 3, 5, 1, 10, 7, 6, 9, 8], [2, 4, 5, 3, 1, 6, 10, 9, 7, 8], [2, 4, 5, 3, 1, 6, 10, 7, 9, 8], [2, 4, 5, 3, 1, 10, 6, 9, 7, 8], [2, 4, 5, 3, 1, 10, 6, 7, 9, 8], [2, 4, 5, 3, 1, 10, 7, 6, 9, 8], [4, 2, 3, 1, 5, 6, 10, 9, 7, 8], [4, 2, 3, 1, 5, 6, 10, 7, 9, 8], [4, 2, 3, 1, 5, 10, 6, 9, 7, 8], [4, 2, 3, 1, 5, 10, 6, 7, 9, 8], [4, 2, 3, 1, 5, 10, 7, 6, 9, 8], [4, 2, 3, 5, 1, 6, 10, 9, 7, 8], [4, 2, 3, 5, 1, 6, 10, 7, 9, 8], [4, 2, 3, 5, 1, 10, 6, 9, 7, 8], [4, 2, 3, 5, 1, 10, 6, 7, 9, 8], [4, 2, 3, 5, 1, 10, 7, 6, 9, 8], [4, 2, 5, 3, 1, 6, 10, 9, 7, 8], [4, 2, 5, 3, 1, 6, 10, 7, 9, 8], [4, 2, 5, 3, 1, 10, 6, 9, 7, 8], [4, 2, 5, 3, 1, 10, 6, 7, 9, 8], [4, 2, 5, 3, 1, 10, 7, 6, 9, 8]]
Distance: 30
M(A) inter A:
set()
M(B) inter B:
set()

AUB = 
{(1, 4, 5, 2, 10, 3, 7, 6, 8, 9), (3, 4, 5, 1, 6, 2, 8, 10, 7, 9), (2, 5, 4, 6, 3, 10, 7, 9, 8, 1), (2, 4, 3, 5, 9, 1, 10, 7, 6, 8), (4, 2, 3, 1, 6, 10, 9, 5, 8, 7), (1, 2, 9, 5, 7, 3, 10, 6, 8, 4)}
M(AUB) = 
[[2, 4, 3, 1, 5, 6, 10, 9, 7, 8], [2, 4, 3, 1, 5, 6, 10, 7, 9, 8], [2, 4, 3, 1, 5, 10, 6, 9, 7, 8], [2, 4, 3, 1, 5, 10, 6, 7, 9, 8], [2, 4, 3, 1, 5, 10, 7, 6, 9, 8], [2, 4, 3, 5, 1, 6, 10, 9, 7, 8], [2, 4, 3, 5, 1, 6, 10, 7, 9, 8], [2, 4, 3, 5, 1, 10, 6, 9, 7, 8], [2, 4, 3, 5, 1, 10, 6, 7, 9, 8], [2, 4, 3, 5, 1, 10, 7, 6, 9, 8], [2, 4, 5, 3, 1, 6, 10, 9, 7, 8], [2, 4, 5, 3, 1, 6, 10, 7, 9, 8], [2, 4, 5, 3, 1, 10, 6, 9, 7, 8], [2, 4, 5, 3, 1, 10, 6, 7, 9, 8], [2, 4, 5, 3, 1, 10, 7, 6, 9, 8], [4, 2, 3, 1, 5, 6, 10, 9, 7, 8], [4, 2, 3, 1, 5, 6, 10, 7, 9, 8], [4, 2, 3, 1, 5, 10, 6, 9, 7, 8], [4, 2, 3, 1, 5, 10, 6, 7, 9, 8], [4, 2, 3, 1, 5, 10, 7, 6, 9, 8], [4, 2, 3, 5, 1, 6, 10, 9, 7, 8], [4, 2, 3, 5, 1, 6, 10, 7, 9, 8], [4, 2, 3, 5, 1, 10, 6, 9, 7, 8], [4, 2, 3, 5, 1, 10, 6, 7, 9, 8], [4, 2, 3, 5, 1, 10, 7, 6, 9, 8], [4, 2, 5, 3, 1, 6, 10, 9, 7, 8], [4, 2, 5, 3, 1, 6, 10, 7, 9, 8], [4, 2, 5, 3, 1, 10, 6, 9, 7, 8], [4, 2, 5, 3, 1, 10, 6, 7, 9, 8], [4, 2, 5, 3, 1, 10, 7, 6, 9, 8]]
Distance:62

(30)
A = 
{(1, 2, 4, 3, 5, 6, 7, 8, 9, 10), (2, 6, 1, 3, 4, 10, 8, 7, 5, 9), (2, 3, 4, 1, 5, 6, 7, 8, 9, 10)}
M(A) = 
[[1, 2, 3, 4, 5, 6, 8, 7, 9, 10], [1, 2, 3, 4, 5, 6, 7, 8, 9, 10], [1, 3, 2, 4, 5, 6, 8, 7, 9, 10], [1, 3, 2, 4, 5, 6, 7, 8, 9, 10]]
Distance: 15
B = 
{(1, 3, 5, 2, 4, 6, 8, 9, 7, 10), (3, 5, 1, 4, 2, 6, 9, 7, 10, 8), (1, 4, 3, 2, 6, 8, 7, 5, 9, 10)}
M(B) = 
[[1, 2, 3, 4, 5, 6, 8, 7, 9, 10], [1, 2, 3, 4, 5, 6, 7, 8, 9, 10], [1, 3, 2, 4, 5, 6, 8, 7, 9, 10], [1, 3, 2, 4, 5, 6, 7, 8, 9, 10]]
Distance: 13
M(A) inter A:
set()
M(B) inter B:
set()

AUB = 
{(1, 3, 5, 2, 4, 6, 8, 9, 7, 10), (1, 4, 3, 2, 6, 8, 7, 5, 9, 10), (1, 2, 4, 3, 5, 6, 7, 8, 9, 10), (2, 6, 1, 3, 4, 10, 8, 7, 5, 9), (3, 5, 1, 4, 2, 6, 9, 7, 10, 8), (2, 3, 4, 1, 5, 6, 7, 8, 9, 10)}
M(AUB) = 
[[1, 2, 3, 4, 5, 6, 8, 7, 9, 10], [1, 2, 3, 4, 5, 6, 7, 8, 9, 10], [1, 3, 2, 4, 5, 6, 8, 7, 9, 10], [1, 3, 2, 4, 5, 6, 7, 8, 9, 10]]
Distance:37

(31)
A = 
{(1, 2, 3, 4, 5, 9, 7, 6, 8, 10), (2, 5, 4, 1, 9, 6, 10, 3, 8, 7), (4, 1, 6, 2, 3, 7, 8, 9, 5, 10)}
M(A) = 
[[1, 2, 3, 4, 5, 6, 8, 7, 9, 10], [1, 2, 3, 4, 5, 6, 7, 8, 9, 10], [1, 2, 3, 4, 5, 7, 6, 8, 9, 10], [1, 2, 3, 4, 7, 5, 6, 8, 9, 10]]
Distance: 24
B = 
{(1, 2, 3, 4, 5, 6, 8, 7, 10, 9), (3, 1, 2, 4, 8, 7, 6, 5, 10, 9), (3, 2, 7, 1, 4, 5, 6, 8, 9, 10)}
M(B) = 
[[1, 2, 3, 4, 5, 6, 8, 7, 9, 10], [1, 2, 3, 4, 5, 6, 7, 8, 9, 10], [1, 2, 3, 4, 5, 7, 6, 8, 9, 10], [1, 2, 3, 4, 7, 5, 6, 8, 9, 10]]
Distance: 13
M(A) inter A:
set()
M(B) inter B:
set()

AUB = 
{(3, 2, 7, 1, 4, 5, 6, 8, 9, 10), (1, 2, 3, 4, 5, 9, 7, 6, 8, 10), (1, 2, 3, 4, 5, 6, 8, 7, 10, 9), (2, 5, 4, 1, 9, 6, 10, 3, 8, 7), (3, 1, 2, 4, 8, 7, 6, 5, 10, 9), (4, 1, 6, 2, 3, 7, 8, 9, 5, 10)}
M(AUB) = 
[[1, 2, 3, 4, 5, 6, 8, 7, 9, 10], [1, 2, 3, 4, 5, 6, 7, 8, 9, 10], [1, 2, 3, 4, 5, 7, 6, 8, 9, 10], [1, 2, 3, 4, 7, 5, 6, 8, 9, 10]]
Distance:46

(32)
A = 
{(3, 1, 2, 5, 8, 4, 9, 6, 10, 7), (2, 1, 6, 4, 3, 9, 5, 10, 7, 8), (1, 3, 2, 6, 8, 4, 5, 10, 7, 9)}
M(A) = 
[[1, 2, 3, 5, 4, 6, 8, 10, 9, 7], [1, 2, 3, 5, 4, 6, 8, 10, 7, 9], [1, 3, 2, 5, 4, 6, 8, 10, 9, 7], [1, 3, 2, 5, 4, 6, 8, 10, 7, 9]]
Distance: 19
B = 
{(1, 2, 3, 5, 4, 6, 7, 8, 10, 9), (1, 5, 2, 4, 3, 8, 7, 10, 9, 6), (5, 1, 3, 4, 6, 8, 2, 10, 9, 7)}
M(B) = 
[[1, 2, 3, 5, 4, 6, 8, 10, 9, 7], [1, 2, 3, 5, 4, 6, 8, 10, 7, 9], [1, 3, 2, 5, 4, 6, 8, 10, 9, 7], [1, 3, 2, 5, 4, 6, 8, 10, 7, 9]]
Distance: 15
M(A) inter A:
set()
M(B) inter B:
set()

AUB = 
{(3, 1, 2, 5, 8, 4, 9, 6, 10, 7), (2, 1, 6, 4, 3, 9, 5, 10, 7, 8), (5, 1, 3, 4, 6, 8, 2, 10, 9, 7), (1, 3, 2, 6, 8, 4, 5, 10, 7, 9), (1, 2, 3, 5, 4, 6, 7, 8, 10, 9), (1, 5, 2, 4, 3, 8, 7, 10, 9, 6)}
M(AUB) = 
[[1, 2, 3, 5, 4, 6, 8, 10, 9, 7], [1, 2, 3, 5, 4, 6, 8, 10, 7, 9], [1, 3, 2, 5, 4, 6, 8, 10, 9, 7], [1, 3, 2, 5, 4, 6, 8, 10, 7, 9]]
Distance:43

(33)
A = 
{(1, 2, 3, 6, 7, 5, 8, 4, 9, 10), (1, 2, 3, 6, 5, 4, 7, 10, 9, 8), (2, 1, 4, 3, 6, 5, 7, 9, 10, 8)}
M(A) = 
[[1, 2, 3, 4, 6, 5, 7, 9, 8, 10], [1, 2, 3, 4, 6, 5, 7, 9, 10, 8], [1, 2, 3, 6, 4, 5, 7, 9, 8, 10], [1, 2, 3, 6, 4, 5, 7, 9, 10, 8]]
Distance: 10
B = 
{(1, 2, 6, 4, 7, 5, 3, 10, 9, 8), (2, 1, 3, 4, 5, 7, 6, 8, 9, 10), (1, 2, 3, 4, 5, 6, 7, 9, 8, 10)}
M(B) = 
[[1, 2, 3, 4, 6, 5, 7, 9, 8, 10], [1, 2, 3, 4, 6, 5, 7, 9, 10, 8], [1, 2, 3, 6, 4, 5, 7, 9, 8, 10], [1, 2, 3, 6, 4, 5, 7, 9, 10, 8]]
Distance: 12
M(A) inter A:
set()
M(B) inter B:
{(1, 2, 3, 4, 5, 6, 7, 9, 8, 10)}

AUB = 
{(1, 2, 3, 6, 7, 5, 8, 4, 9, 10), (1, 2, 6, 4, 7, 5, 3, 10, 9, 8), (2, 1, 4, 3, 6, 5, 7, 9, 10, 8), (2, 1, 3, 4, 5, 7, 6, 8, 9, 10), (1, 2, 3, 4, 5, 6, 7, 9, 8, 10), (1, 2, 3, 6, 5, 4, 7, 10, 9, 8)}
M(AUB) = 
[[1, 2, 3, 4, 6, 5, 7, 9, 8, 10], [1, 2, 3, 4, 6, 5, 7, 9, 10, 8], [1, 2, 3, 6, 4, 5, 7, 9, 8, 10], [1, 2, 3, 6, 4, 5, 7, 9, 10, 8]]
Distance:26

(34)
A = 
{(2, 1, 5, 7, 9, 3, 4, 6, 10, 8), (2, 4, 3, 5, 1, 7, 8, 9, 10, 6), (3, 1, 6, 4, 5, 10, 2, 7, 8, 9)}
M(A) = 
[[1, 2, 4, 3, 5, 6, 7, 8, 9, 10], [1, 2, 4, 3, 5, 7, 6, 8, 9, 10], [2, 1, 4, 3, 5, 6, 7, 8, 9, 10], [2, 1, 4, 3, 5, 7, 6, 8, 9, 10], [2, 4, 1, 3, 5, 6, 7, 8, 9, 10], [2, 4, 1, 3, 5, 7, 6, 8, 9, 10], [2, 4, 3, 1, 5, 6, 7, 8, 9, 10], [2, 4, 3, 1, 5, 7, 6, 8, 9, 10]]
Distance: 27
B = 
{(4, 3, 1, 2, 6, 5, 8, 7, 9, 10), (1, 2, 4, 3, 7, 5, 6, 10, 9, 8), (2, 5, 4, 6, 1, 8, 3, 7, 9, 10)}
M(B) = 
[[1, 2, 4, 3, 5, 6, 7, 8, 9, 10], [1, 2, 4, 3, 5, 7, 6, 8, 9, 10], [2, 1, 4, 3, 5, 6, 7, 8, 9, 10], [2, 1, 4, 3, 5, 7, 6, 8, 9, 10], [2, 4, 1, 3, 5, 6, 7, 8, 9, 10], [2, 4, 1, 3, 5, 7, 6, 8, 9, 10], [2, 4, 3, 1, 5, 6, 7, 8, 9, 10], [2, 4, 3, 1, 5, 7, 6, 8, 9, 10]]
Distance: 19
M(A) inter A:
set()
M(B) inter B:
set()

AUB = 
{(1, 2, 4, 3, 7, 5, 6, 10, 9, 8), (2, 5, 4, 6, 1, 8, 3, 7, 9, 10), (2, 1, 5, 7, 9, 3, 4, 6, 10, 8), (2, 4, 3, 5, 1, 7, 8, 9, 10, 6), (3, 1, 6, 4, 5, 10, 2, 7, 8, 9), (4, 3, 1, 2, 6, 5, 8, 7, 9, 10)}
M(AUB) = 
[[1, 2, 4, 3, 5, 6, 7, 8, 9, 10], [1, 2, 4, 3, 5, 7, 6, 8, 9, 10], [2, 1, 4, 3, 5, 6, 7, 8, 9, 10], [2, 1, 4, 3, 5, 7, 6, 8, 9, 10], [2, 4, 1, 3, 5, 6, 7, 8, 9, 10], [2, 4, 1, 3, 5, 7, 6, 8, 9, 10], [2, 4, 3, 1, 5, 6, 7, 8, 9, 10], [2, 4, 3, 1, 5, 7, 6, 8, 9, 10]]
Distance:52

(35)
A = 
{(1, 4, 2, 7, 3, 8, 6, 9, 5, 10), (3, 1, 2, 4, 6, 5, 9, 7, 8, 10), (5, 1, 2, 7, 4, 3, 8, 6, 9, 10)}
M(A) = 
[[1, 2, 3, 4, 5, 6, 7, 8, 9, 10], [1, 2, 3, 4, 5, 6, 7, 9, 8, 10], [1, 2, 3, 4, 6, 5, 7, 8, 9, 10], [1, 2, 3, 4, 6, 5, 7, 9, 8, 10], [1, 2, 3, 5, 4, 6, 7, 8, 9, 10], [1, 2, 3, 5, 4, 6, 7, 9, 8, 10]]
Distance: 20
B = 
{(1, 5, 2, 3, 6, 9, 4, 7, 8, 10), (3, 2, 1, 5, 4, 6, 10, 7, 9, 8), (2, 1, 3, 6, 7, 4, 5, 8, 10, 9)}
M(B) = 
[[1, 2, 3, 4, 5, 6, 7, 8, 9, 10], [1, 2, 3, 4, 5, 6, 7, 9, 8, 10], [1, 2, 3, 4, 6, 5, 7, 8, 9, 10], [1, 2, 3, 4, 6, 5, 7, 9, 8, 10], [1, 2, 3, 5, 4, 6, 7, 8, 9, 10], [1, 2, 3, 5, 4, 6, 7, 9, 8, 10]]
Distance: 17
M(A) inter A:
set()
M(B) inter B:
set()

AUB = 
{(1, 4, 2, 7, 3, 8, 6, 9, 5, 10), (2, 1, 3, 6, 7, 4, 5, 8, 10, 9), (3, 1, 2, 4, 6, 5, 9, 7, 8, 10), (1, 5, 2, 3, 6, 9, 4, 7, 8, 10), (5, 1, 2, 7, 4, 3, 8, 6, 9, 10), (3, 2, 1, 5, 4, 6, 10, 7, 9, 8)}
M(AUB) = 
[[1, 2, 3, 4, 5, 6, 7, 8, 9, 10], [1, 2, 3, 4, 5, 6, 7, 9, 8, 10], [1, 2, 3, 4, 6, 5, 7, 8, 9, 10], [1, 2, 3, 4, 6, 5, 7, 9, 8, 10], [1, 2, 3, 5, 4, 6, 7, 8, 9, 10], [1, 2, 3, 5, 4, 6, 7, 9, 8, 10]]
Distance:44

(36)
A = 
{(3, 8, 4, 1, 6, 2, 7, 9, 10, 5), (1, 4, 2, 3, 5, 7, 6, 8, 9, 10), (2, 1, 3, 4, 5, 6, 7, 8, 9, 10)}
M(A) = 
[[1, 3, 4, 2, 5, 6, 7, 8, 9, 10], [1, 3, 4, 2, 6, 5, 7, 8, 9, 10]]
Distance: 19
B = 
{(1, 3, 4, 2, 5, 6, 7, 8, 9, 10), (3, 1, 4, 8, 2, 6, 7, 5, 10, 9), (2, 4, 1, 6, 3, 5, 9, 10, 7, 8)}
M(B) = 
[[1, 3, 4, 2, 5, 6, 7, 8, 9, 10], [1, 3, 4, 2, 6, 5, 7, 8, 9, 10]]
Distance: 18
M(A) inter A:
set()
M(B) inter B:
set()

AUB = 
{(3, 8, 4, 1, 6, 2, 7, 9, 10, 5), (1, 3, 4, 2, 5, 6, 7, 8, 9, 10), (3, 1, 4, 8, 2, 6, 7, 5, 10, 9), (1, 4, 2, 3, 5, 7, 6, 8, 9, 10), (2, 1, 3, 4, 5, 6, 7, 8, 9, 10), (2, 4, 1, 6, 3, 5, 9, 10, 7, 8)}
M(AUB) = 
[[1, 3, 4, 2, 5, 6, 7, 8, 9, 10], [1, 3, 4, 2, 6, 5, 7, 8, 9, 10]]
Distance:38

(37)
A = 
{(4, 2, 1, 8, 3, 6, 7, 10, 5, 9), (4, 2, 3, 1, 5, 8, 6, 7, 10, 9), (3, 1, 2, 4, 5, 6, 9, 7, 8, 10)}
M(A) = 
[[2, 4, 1, 3, 6, 5, 7, 8, 10, 9], [2, 4, 1, 3, 6, 7, 8, 5, 10, 9], [2, 4, 1, 3, 6, 7, 5, 8, 10, 9], [4, 2, 1, 3, 6, 5, 7, 8, 10, 9], [4, 2, 1, 3, 6, 7, 8, 5, 10, 9], [4, 2, 1, 3, 6, 7, 5, 8, 10, 9]]
Distance: 16
B = 
{(2, 4, 6, 5, 1, 7, 10, 3, 9, 8), (4, 2, 1, 3, 6, 7, 8, 5, 10, 9), (1, 2, 6, 3, 4, 7, 8, 5, 9, 10)}
M(B) = 
[[2, 4, 1, 3, 6, 5, 7, 8, 10, 9], [2, 4, 1, 3, 6, 7, 8, 5, 10, 9], [2, 4, 1, 3, 6, 7, 5, 8, 10, 9], [4, 2, 1, 3, 6, 5, 7, 8, 10, 9], [4, 2, 1, 3, 6, 7, 8, 5, 10, 9], [4, 2, 1, 3, 6, 7, 5, 8, 10, 9]]
Distance: 16
M(A) inter A:
set()
M(B) inter B:
set()

AUB = 
{(4, 2, 3, 1, 5, 8, 6, 7, 10, 9), (3, 1, 2, 4, 5, 6, 9, 7, 8, 10), (4, 2, 1, 3, 6, 7, 8, 5, 10, 9), (1, 2, 6, 3, 4, 7, 8, 5, 9, 10), (4, 2, 1, 8, 3, 6, 7, 10, 5, 9), (2, 4, 6, 5, 1, 7, 10, 3, 9, 8)}
M(AUB) = 
[[2, 4, 1, 3, 6, 5, 7, 8, 10, 9], [2, 4, 1, 3, 6, 7, 8, 5, 10, 9], [2, 4, 1, 3, 6, 7, 5, 8, 10, 9], [4, 2, 1, 3, 6, 5, 7, 8, 10, 9], [4, 2, 1, 3, 6, 7, 8, 5, 10, 9], [4, 2, 1, 3, 6, 7, 5, 8, 10, 9]]
Distance:40

(38)
A = 
{(2, 5, 1, 3, 4, 7, 6, 8, 10, 9), (1, 3, 2, 8, 4, 6, 9, 5, 10, 7), (3, 2, 1, 4, 6, 5, 10, 8, 9, 7)}
M(A) = 
[[1, 3, 2, 4, 6, 5, 8, 9, 7, 10], [1, 3, 2, 4, 6, 5, 8, 7, 9, 10], [1, 3, 2, 4, 6, 5, 7, 8, 9, 10]]
Distance: 18
B = 
{(4, 1, 3, 6, 9, 2, 8, 5, 7, 10), (2, 1, 3, 4, 6, 5, 7, 9, 8, 10), (3, 1, 5, 2, 4, 7, 8, 9, 6, 10)}
M(B) = 
[[1, 3, 2, 4, 6, 5, 8, 9, 7, 10], [1, 3, 2, 4, 6, 5, 8, 7, 9, 10], [1, 3, 2, 4, 6, 5, 7, 8, 9, 10]]
Distance: 19
M(A) inter A:
set()
M(B) inter B:
set()

AUB = 
{(2, 5, 1, 3, 4, 7, 6, 8, 10, 9), (4, 1, 3, 6, 9, 2, 8, 5, 7, 10), (3, 1, 5, 2, 4, 7, 8, 9, 6, 10), (3, 2, 1, 4, 6, 5, 10, 8, 9, 7), (2, 1, 3, 4, 6, 5, 7, 9, 8, 10), (1, 3, 2, 8, 4, 6, 9, 5, 10, 7)}
M(AUB) = 
[[1, 3, 2, 4, 6, 5, 8, 9, 7, 10], [1, 3, 2, 4, 6, 5, 8, 7, 9, 10], [1, 3, 2, 4, 6, 5, 7, 8, 9, 10]]
Distance:42

(39)
A = 
{(2, 5, 3, 1, 4, 6, 7, 8, 10, 9), (1, 2, 3, 8, 5, 6, 7, 4, 9, 10), (1, 3, 2, 4, 5, 6, 7, 9, 10, 8)}
M(A) = 
[[1, 2, 3, 4, 5, 6, 8, 7, 9, 10], [1, 2, 3, 4, 5, 6, 8, 7, 10, 9], [1, 2, 3, 4, 5, 6, 7, 8, 9, 10], [1, 2, 3, 4, 5, 6, 7, 8, 10, 9], [1, 2, 3, 4, 5, 8, 6, 7, 9, 10], [1, 2, 3, 4, 5, 8, 6, 7, 10, 9], [1, 2, 3, 4, 8, 5, 6, 7, 9, 10], [1, 2, 3, 4, 8, 5, 6, 7, 10, 9], [1, 2, 3, 5, 4, 6, 8, 7, 9, 10], [1, 2, 3, 5, 4, 6, 8, 7, 10, 9], [1, 2, 3, 5, 4, 6, 7, 8, 9, 10], [1, 2, 3, 5, 4, 6, 7, 8, 10, 9], [1, 2, 3, 5, 4, 8, 6, 7, 9, 10], [1, 2, 3, 5, 4, 8, 6, 7, 10, 9], [1, 2, 3, 5, 8, 4, 6, 7, 9, 10], [1, 2, 3, 5, 8, 4, 6, 7, 10, 9], [1, 2, 3, 8, 4, 5, 6, 7, 9, 10], [1, 2, 3, 8, 4, 5, 6, 7, 10, 9], [1, 2, 3, 8, 5, 4, 6, 7, 9, 10], [1, 2, 3, 8, 5, 4, 6, 7, 10, 9]]
Distance: 15
B = 
{(1, 2, 8, 4, 3, 7, 5, 6, 9, 10), (1, 2, 3, 8, 5, 4, 10, 6, 9, 7), (1, 4, 3, 2, 5, 6, 7, 10, 8, 9)}
M(B) = 
[[1, 2, 3, 4, 5, 6, 8, 7, 9, 10], [1, 2, 3, 4, 5, 6, 8, 7, 10, 9], [1, 2, 3, 4, 5, 6, 7, 8, 9, 10], [1, 2, 3, 4, 5, 6, 7, 8, 10, 9], [1, 2, 3, 4, 5, 8, 6, 7, 9, 10], [1, 2, 3, 4, 5, 8, 6, 7, 10, 9], [1, 2, 3, 4, 8, 5, 6, 7, 9, 10], [1, 2, 3, 4, 8, 5, 6, 7, 10, 9], [1, 2, 3, 5, 4, 6, 8, 7, 9, 10], [1, 2, 3, 5, 4, 6, 8, 7, 10, 9], [1, 2, 3, 5, 4, 6, 7, 8, 9, 10], [1, 2, 3, 5, 4, 6, 7, 8, 10, 9], [1, 2, 3, 5, 4, 8, 6, 7, 9, 10], [1, 2, 3, 5, 4, 8, 6, 7, 10, 9], [1, 2, 3, 5, 8, 4, 6, 7, 9, 10], [1, 2, 3, 5, 8, 4, 6, 7, 10, 9], [1, 2, 3, 8, 4, 5, 6, 7, 9, 10], [1, 2, 3, 8, 4, 5, 6, 7, 10, 9], [1, 2, 3, 8, 5, 4, 6, 7, 9, 10], [1, 2, 3, 8, 5, 4, 6, 7, 10, 9]]
Distance: 17
M(A) inter A:
set()
M(B) inter B:
set()

AUB = 
{(1, 2, 8, 4, 3, 7, 5, 6, 9, 10), (1, 2, 3, 8, 5, 6, 7, 4, 9, 10), (1, 2, 3, 8, 5, 4, 10, 6, 9, 7), (1, 3, 2, 4, 5, 6, 7, 9, 10, 8), (1, 4, 3, 2, 5, 6, 7, 10, 8, 9), (2, 5, 3, 1, 4, 6, 7, 8, 10, 9)}
M(AUB) = 
[[1, 2, 3, 4, 5, 6, 8, 7, 9, 10], [1, 2, 3, 4, 5, 6, 8, 7, 10, 9], [1, 2, 3, 4, 5, 6, 7, 8, 9, 10], [1, 2, 3, 4, 5, 6, 7, 8, 10, 9], [1, 2, 3, 4, 5, 8, 6, 7, 9, 10], [1, 2, 3, 4, 5, 8, 6, 7, 10, 9], [1, 2, 3, 4, 8, 5, 6, 7, 9, 10], [1, 2, 3, 4, 8, 5, 6, 7, 10, 9], [1, 2, 3, 5, 4, 6, 8, 7, 9, 10], [1, 2, 3, 5, 4, 6, 8, 7, 10, 9], [1, 2, 3, 5, 4, 6, 7, 8, 9, 10], [1, 2, 3, 5, 4, 6, 7, 8, 10, 9], [1, 2, 3, 5, 4, 8, 6, 7, 9, 10], [1, 2, 3, 5, 4, 8, 6, 7, 10, 9], [1, 2, 3, 5, 8, 4, 6, 7, 9, 10], [1, 2, 3, 5, 8, 4, 6, 7, 10, 9], [1, 2, 3, 8, 4, 5, 6, 7, 9, 10], [1, 2, 3, 8, 4, 5, 6, 7, 10, 9], [1, 2, 3, 8, 5, 4, 6, 7, 9, 10], [1, 2, 3, 8, 5, 4, 6, 7, 10, 9]]
Distance:38

(40)
A = 
{(2, 1, 3, 5, 4, 7, 6, 10, 9, 8), (1, 3, 4, 5, 2, 6, 9, 7, 10, 8), (6, 3, 1, 5, 4, 2, 10, 8, 7, 9)}
M(A) = 
[[1, 3, 2, 4, 5, 6, 7, 9, 10, 8], [1, 3, 2, 4, 5, 6, 7, 10, 8, 9], [1, 3, 2, 4, 5, 6, 7, 10, 9, 8], [1, 3, 2, 4, 5, 6, 9, 7, 10, 8], [1, 3, 2, 4, 6, 5, 9, 7, 10, 8], [1, 3, 2, 4, 6, 5, 7, 9, 10, 8], [1, 3, 2, 4, 6, 5, 7, 10, 8, 9], [1, 3, 2, 4, 6, 5, 7, 10, 9, 8], [1, 3, 2, 6, 4, 5, 9, 7, 10, 8], [1, 3, 2, 6, 4, 5, 7, 9, 10, 8], [1, 3, 2, 6, 4, 5, 7, 10, 8, 9], [1, 3, 2, 6, 4, 5, 7, 10, 9, 8], [3, 1, 2, 4, 5, 6, 7, 9, 10, 8], [3, 1, 2, 4, 5, 6, 7, 10, 8, 9], [3, 1, 2, 4, 5, 6, 7, 10, 9, 8], [3, 1, 2, 4, 5, 6, 9, 7, 10, 8], [3, 1, 2, 4, 6, 5, 9, 7, 10, 8], [3, 1, 2, 4, 6, 5, 7, 9, 10, 8], [3, 1, 2, 4, 6, 5, 7, 10, 8, 9], [3, 1, 2, 4, 6, 5, 7, 10, 9, 8], [3, 1, 2, 6, 4, 5, 9, 7, 10, 8], [3, 1, 2, 6, 4, 5, 7, 9, 10, 8], [3, 1, 2, 6, 4, 5, 7, 10, 8, 9], [3, 1, 2, 6, 4, 5, 7, 10, 9, 8]]
Distance: 17
B = 
{(6, 3, 1, 2, 4, 9, 5, 10, 7, 8), (1, 2, 4, 5, 3, 6, 8, 9, 7, 10), (3, 1, 2, 6, 4, 7, 8, 5, 10, 9)}
M(B) = 
[[1, 3, 2, 4, 5, 6, 7, 9, 10, 8], [1, 3, 2, 4, 5, 6, 7, 10, 8, 9], [1, 3, 2, 4, 5, 6, 7, 10, 9, 8], [1, 3, 2, 4, 5, 6, 9, 7, 10, 8], [1, 3, 2, 4, 6, 5, 9, 7, 10, 8], [1, 3, 2, 4, 6, 5, 7, 9, 10, 8], [1, 3, 2, 4, 6, 5, 7, 10, 8, 9], [1, 3, 2, 4, 6, 5, 7, 10, 9, 8], [1, 3, 2, 6, 4, 5, 9, 7, 10, 8], [1, 3, 2, 6, 4, 5, 7, 9, 10, 8], [1, 3, 2, 6, 4, 5, 7, 10, 8, 9], [1, 3, 2, 6, 4, 5, 7, 10, 9, 8], [3, 1, 2, 4, 5, 6, 7, 9, 10, 8], [3, 1, 2, 4, 5, 6, 7, 10, 8, 9], [3, 1, 2, 4, 5, 6, 7, 10, 9, 8], [3, 1, 2, 4, 5, 6, 9, 7, 10, 8], [3, 1, 2, 4, 6, 5, 9, 7, 10, 8], [3, 1, 2, 4, 6, 5, 7, 9, 10, 8], [3, 1, 2, 4, 6, 5, 7, 10, 8, 9], [3, 1, 2, 4, 6, 5, 7, 10, 9, 8], [3, 1, 2, 6, 4, 5, 9, 7, 10, 8], [3, 1, 2, 6, 4, 5, 7, 9, 10, 8], [3, 1, 2, 6, 4, 5, 7, 10, 8, 9], [3, 1, 2, 6, 4, 5, 7, 10, 9, 8]]
Distance: 19
M(A) inter A:
set()
M(B) inter B:
set()

AUB = 
{(6, 3, 1, 5, 4, 2, 10, 8, 7, 9), (1, 2, 4, 5, 3, 6, 8, 9, 7, 10), (2, 1, 3, 5, 4, 7, 6, 10, 9, 8), (1, 3, 4, 5, 2, 6, 9, 7, 10, 8), (6, 3, 1, 2, 4, 9, 5, 10, 7, 8), (3, 1, 2, 6, 4, 7, 8, 5, 10, 9)}
M(AUB) = 
[[1, 3, 2, 4, 5, 6, 7, 9, 10, 8], [1, 3, 2, 4, 5, 6, 7, 10, 8, 9], [1, 3, 2, 4, 5, 6, 7, 10, 9, 8], [1, 3, 2, 4, 5, 6, 9, 7, 10, 8], [1, 3, 2, 4, 6, 5, 9, 7, 10, 8], [1, 3, 2, 4, 6, 5, 7, 9, 10, 8], [1, 3, 2, 4, 6, 5, 7, 10, 8, 9], [1, 3, 2, 4, 6, 5, 7, 10, 9, 8], [1, 3, 2, 6, 4, 5, 9, 7, 10, 8], [1, 3, 2, 6, 4, 5, 7, 9, 10, 8], [1, 3, 2, 6, 4, 5, 7, 10, 8, 9], [1, 3, 2, 6, 4, 5, 7, 10, 9, 8], [3, 1, 2, 4, 5, 6, 7, 9, 10, 8], [3, 1, 2, 4, 5, 6, 7, 10, 8, 9], [3, 1, 2, 4, 5, 6, 7, 10, 9, 8], [3, 1, 2, 4, 5, 6, 9, 7, 10, 8], [3, 1, 2, 4, 6, 5, 9, 7, 10, 8], [3, 1, 2, 4, 6, 5, 7, 9, 10, 8], [3, 1, 2, 4, 6, 5, 7, 10, 8, 9], [3, 1, 2, 4, 6, 5, 7, 10, 9, 8], [3, 1, 2, 6, 4, 5, 9, 7, 10, 8], [3, 1, 2, 6, 4, 5, 7, 9, 10, 8], [3, 1, 2, 6, 4, 5, 7, 10, 8, 9], [3, 1, 2, 6, 4, 5, 7, 10, 9, 8]]
Distance:45

(41)
A = 
{(2, 5, 9, 1, 4, 3, 7, 6, 10, 8), (3, 1, 2, 4, 5, 6, 7, 8, 10, 9), (1, 4, 3, 6, 2, 8, 10, 5, 9, 7)}
M(A) = 
[[2, 3, 1, 4, 5, 6, 9, 7, 8, 10], [2, 3, 1, 4, 5, 6, 9, 7, 10, 8], [2, 3, 1, 4, 5, 6, 7, 9, 8, 10], [2, 3, 1, 4, 5, 6, 7, 9, 10, 8], [2, 3, 1, 4, 5, 6, 7, 10, 9, 8], [2, 3, 1, 4, 6, 5, 9, 7, 8, 10], [2, 3, 1, 4, 6, 5, 9, 7, 10, 8], [2, 3, 1, 4, 6, 5, 7, 9, 8, 10], [2, 3, 1, 4, 6, 5, 7, 9, 10, 8], [2, 3, 1, 4, 6, 5, 7, 10, 9, 8], [3, 2, 1, 4, 5, 6, 9, 7, 8, 10], [3, 2, 1, 4, 5, 6, 9, 7, 10, 8], [3, 2, 1, 4, 5, 6, 7, 9, 8, 10], [3, 2, 1, 4, 5, 6, 7, 9, 10, 8], [3, 2, 1, 4, 5, 6, 7, 10, 9, 8], [3, 2, 1, 4, 6, 5, 9, 7, 8, 10], [3, 2, 1, 4, 6, 5, 9, 7, 10, 8], [3, 2, 1, 4, 6, 5, 7, 9, 8, 10], [3, 2, 1, 4, 6, 5, 7, 9, 10, 8], [3, 2, 1, 4, 6, 5, 7, 10, 9, 8]]
Distance: 25
B = 
{(2, 3, 1, 4, 9, 5, 6, 7, 8, 10), (2, 3, 6, 1, 4, 5, 7, 9, 10, 8), (3, 6, 2, 4, 7, 1, 10, 5, 9, 8)}
M(B) = 
[[2, 3, 1, 4, 5, 6, 9, 7, 8, 10], [2, 3, 1, 4, 5, 6, 9, 7, 10, 8], [2, 3, 1, 4, 5, 6, 7, 9, 8, 10], [2, 3, 1, 4, 5, 6, 7, 9, 10, 8], [2, 3, 1, 4, 5, 6, 7, 10, 9, 8], [2, 3, 1, 4, 6, 5, 9, 7, 8, 10], [2, 3, 1, 4, 6, 5, 9, 7, 10, 8], [2, 3, 1, 4, 6, 5, 7, 9, 8, 10], [2, 3, 1, 4, 6, 5, 7, 9, 10, 8], [2, 3, 1, 4, 6, 5, 7, 10, 9, 8], [3, 2, 1, 4, 5, 6, 9, 7, 8, 10], [3, 2, 1, 4, 5, 6, 9, 7, 10, 8], [3, 2, 1, 4, 5, 6, 7, 9, 8, 10], [3, 2, 1, 4, 5, 6, 7, 9, 10, 8], [3, 2, 1, 4, 5, 6, 7, 10, 9, 8], [3, 2, 1, 4, 6, 5, 9, 7, 8, 10], [3, 2, 1, 4, 6, 5, 9, 7, 10, 8], [3, 2, 1, 4, 6, 5, 7, 9, 8, 10], [3, 2, 1, 4, 6, 5, 7, 9, 10, 8], [3, 2, 1, 4, 6, 5, 7, 10, 9, 8]]
Distance: 14
M(A) inter A:
set()
M(B) inter B:
{(2, 3, 6, 1, 4, 5, 7, 9, 10, 8)}

AUB = 
{(2, 3, 1, 4, 9, 5, 6, 7, 8, 10), (2, 5, 9, 1, 4, 3, 7, 6, 10, 8), (2, 3, 6, 1, 4, 5, 7, 9, 10, 8), (3, 6, 2, 4, 7, 1, 10, 5, 9, 8), (3, 1, 2, 4, 5, 6, 7, 8, 10, 9), (1, 4, 3, 6, 2, 8, 10, 5, 9, 7)}
M(AUB) = 
[[2, 3, 1, 4, 5, 6, 9, 7, 8, 10], [2, 3, 1, 4, 5, 6, 9, 7, 10, 8], [2, 3, 1, 4, 5, 6, 7, 9, 8, 10], [2, 3, 1, 4, 5, 6, 7, 9, 10, 8], [2, 3, 1, 4, 5, 6, 7, 10, 9, 8], [2, 3, 1, 4, 6, 5, 9, 7, 8, 10], [2, 3, 1, 4, 6, 5, 9, 7, 10, 8], [2, 3, 1, 4, 6, 5, 7, 9, 8, 10], [2, 3, 1, 4, 6, 5, 7, 9, 10, 8], [2, 3, 1, 4, 6, 5, 7, 10, 9, 8], [3, 2, 1, 4, 5, 6, 9, 7, 8, 10], [3, 2, 1, 4, 5, 6, 9, 7, 10, 8], [3, 2, 1, 4, 5, 6, 7, 9, 8, 10], [3, 2, 1, 4, 5, 6, 7, 9, 10, 8], [3, 2, 1, 4, 5, 6, 7, 10, 9, 8], [3, 2, 1, 4, 6, 5, 9, 7, 8, 10], [3, 2, 1, 4, 6, 5, 9, 7, 10, 8], [3, 2, 1, 4, 6, 5, 7, 9, 8, 10], [3, 2, 1, 4, 6, 5, 7, 9, 10, 8], [3, 2, 1, 4, 6, 5, 7, 10, 9, 8]]
Distance:48

(42)
A = 
{(2, 1, 6, 4, 3, 5, 7, 9, 10, 8), (1, 2, 3, 5, 6, 4, 10, 7, 8, 9), (5, 3, 2, 1, 4, 7, 6, 9, 8, 10)}
M(A) = 
[[1, 2, 3, 5, 4, 6, 7, 8, 9, 10], [1, 2, 3, 5, 4, 6, 7, 9, 8, 10], [1, 2, 3, 5, 4, 6, 7, 9, 10, 8], [1, 2, 3, 5, 6, 4, 7, 8, 9, 10], [1, 2, 3, 5, 6, 4, 7, 9, 8, 10], [1, 2, 3, 5, 6, 4, 7, 9, 10, 8], [1, 2, 5, 3, 4, 6, 7, 8, 9, 10], [1, 2, 5, 3, 4, 6, 7, 9, 8, 10], [1, 2, 5, 3, 4, 6, 7, 9, 10, 8], [1, 2, 5, 3, 6, 4, 7, 8, 9, 10], [1, 2, 5, 3, 6, 4, 7, 9, 8, 10], [1, 2, 5, 3, 6, 4, 7, 9, 10, 8], [1, 2, 5, 4, 3, 6, 7, 8, 9, 10], [1, 2, 5, 4, 3, 6, 7, 9, 8, 10], [1, 2, 5, 4, 3, 6, 7, 9, 10, 8], [2, 1, 3, 5, 4, 6, 7, 8, 9, 10], [2, 1, 3, 5, 4, 6, 7, 9, 8, 10], [2, 1, 3, 5, 4, 6, 7, 9, 10, 8], [2, 1, 3, 5, 6, 4, 7, 8, 9, 10], [2, 1, 3, 5, 6, 4, 7, 9, 8, 10], [2, 1, 3, 5, 6, 4, 7, 9, 10, 8], [2, 1, 5, 3, 4, 6, 7, 8, 9, 10], [2, 1, 5, 3, 4, 6, 7, 9, 8, 10], [2, 1, 5, 3, 4, 6, 7, 9, 10, 8], [2, 1, 5, 3, 6, 4, 7, 8, 9, 10], [2, 1, 5, 3, 6, 4, 7, 9, 8, 10], [2, 1, 5, 3, 6, 4, 7, 9, 10, 8], [2, 1, 5, 4, 3, 6, 7, 8, 9, 10], [2, 1, 5, 4, 3, 6, 7, 9, 8, 10], [2, 1, 5, 4, 3, 6, 7, 9, 10, 8]]
Distance: 16
B = 
{(1, 2, 5, 4, 3, 6, 8, 7, 9, 10), (2, 5, 6, 1, 3, 9, 8, 10, 4, 7), (1, 2, 4, 3, 7, 10, 5, 8, 6, 9)}
M(B) = 
[[1, 2, 3, 5, 4, 6, 7, 8, 9, 10], [1, 2, 3, 5, 4, 6, 7, 9, 8, 10], [1, 2, 3, 5, 4, 6, 7, 9, 10, 8], [1, 2, 3, 5, 6, 4, 7, 8, 9, 10], [1, 2, 3, 5, 6, 4, 7, 9, 8, 10], [1, 2, 3, 5, 6, 4, 7, 9, 10, 8], [1, 2, 5, 3, 4, 6, 7, 8, 9, 10], [1, 2, 5, 3, 4, 6, 7, 9, 8, 10], [1, 2, 5, 3, 4, 6, 7, 9, 10, 8], [1, 2, 5, 3, 6, 4, 7, 8, 9, 10], [1, 2, 5, 3, 6, 4, 7, 9, 8, 10], [1, 2, 5, 3, 6, 4, 7, 9, 10, 8], [1, 2, 5, 4, 3, 6, 7, 8, 9, 10], [1, 2, 5, 4, 3, 6, 7, 9, 8, 10], [1, 2, 5, 4, 3, 6, 7, 9, 10, 8], [2, 1, 3, 5, 4, 6, 7, 8, 9, 10], [2, 1, 3, 5, 4, 6, 7, 9, 8, 10], [2, 1, 3, 5, 4, 6, 7, 9, 10, 8], [2, 1, 3, 5, 6, 4, 7, 8, 9, 10], [2, 1, 3, 5, 6, 4, 7, 9, 8, 10], [2, 1, 3, 5, 6, 4, 7, 9, 10, 8], [2, 1, 5, 3, 4, 6, 7, 8, 9, 10], [2, 1, 5, 3, 4, 6, 7, 9, 8, 10], [2, 1, 5, 3, 4, 6, 7, 9, 10, 8], [2, 1, 5, 3, 6, 4, 7, 8, 9, 10], [2, 1, 5, 3, 6, 4, 7, 9, 8, 10], [2, 1, 5, 3, 6, 4, 7, 9, 10, 8], [2, 1, 5, 4, 3, 6, 7, 8, 9, 10], [2, 1, 5, 4, 3, 6, 7, 9, 8, 10], [2, 1, 5, 4, 3, 6, 7, 9, 10, 8]]
Distance: 22
M(A) inter A:
set()
M(B) inter B:
{(1, 2, 5, 4, 3, 6, 8, 7, 9, 10)}

AUB = 
{(2, 1, 6, 4, 3, 5, 7, 9, 10, 8), (5, 3, 2, 1, 4, 7, 6, 9, 8, 10), (1, 2, 5, 4, 3, 6, 8, 7, 9, 10), (1, 2, 4, 3, 7, 10, 5, 8, 6, 9), (1, 2, 3, 5, 6, 4, 10, 7, 8, 9), (2, 5, 6, 1, 3, 9, 8, 10, 4, 7)}
M(AUB) = 
[[1, 2, 3, 5, 4, 6, 7, 8, 9, 10], [1, 2, 3, 5, 4, 6, 7, 9, 8, 10], [1, 2, 3, 5, 4, 6, 7, 9, 10, 8], [1, 2, 3, 5, 6, 4, 7, 8, 9, 10], [1, 2, 3, 5, 6, 4, 7, 9, 8, 10], [1, 2, 3, 5, 6, 4, 7, 9, 10, 8], [1, 2, 5, 3, 4, 6, 7, 8, 9, 10], [1, 2, 5, 3, 4, 6, 7, 9, 8, 10], [1, 2, 5, 3, 4, 6, 7, 9, 10, 8], [1, 2, 5, 3, 6, 4, 7, 8, 9, 10], [1, 2, 5, 3, 6, 4, 7, 9, 8, 10], [1, 2, 5, 3, 6, 4, 7, 9, 10, 8], [1, 2, 5, 4, 3, 6, 7, 8, 9, 10], [1, 2, 5, 4, 3, 6, 7, 9, 8, 10], [1, 2, 5, 4, 3, 6, 7, 9, 10, 8], [2, 1, 3, 5, 4, 6, 7, 8, 9, 10], [2, 1, 3, 5, 4, 6, 7, 9, 8, 10], [2, 1, 3, 5, 4, 6, 7, 9, 10, 8], [2, 1, 3, 5, 6, 4, 7, 8, 9, 10], [2, 1, 3, 5, 6, 4, 7, 9, 8, 10], [2, 1, 3, 5, 6, 4, 7, 9, 10, 8], [2, 1, 5, 3, 4, 6, 7, 8, 9, 10], [2, 1, 5, 3, 4, 6, 7, 9, 8, 10], [2, 1, 5, 3, 4, 6, 7, 9, 10, 8], [2, 1, 5, 3, 6, 4, 7, 8, 9, 10], [2, 1, 5, 3, 6, 4, 7, 9, 8, 10], [2, 1, 5, 3, 6, 4, 7, 9, 10, 8], [2, 1, 5, 4, 3, 6, 7, 8, 9, 10], [2, 1, 5, 4, 3, 6, 7, 9, 8, 10], [2, 1, 5, 4, 3, 6, 7, 9, 10, 8]]
Distance:45

(43)
A = 
{(1, 2, 4, 6, 3, 9, 5, 7, 8, 10), (2, 1, 7, 3, 4, 8, 5, 10, 6, 9), (1, 2, 4, 5, 3, 7, 6, 8, 9, 10)}
M(A) = 
[[1, 2, 3, 4, 5, 7, 6, 8, 9, 10], [1, 2, 3, 4, 5, 7, 6, 9, 8, 10], [1, 2, 4, 3, 5, 7, 6, 8, 9, 10], [1, 2, 4, 3, 5, 7, 6, 9, 8, 10], [2, 1, 3, 4, 5, 7, 6, 8, 9, 10], [2, 1, 3, 4, 5, 7, 6, 9, 8, 10], [2, 1, 4, 3, 5, 7, 6, 8, 9, 10], [2, 1, 4, 3, 5, 7, 6, 9, 8, 10]]
Distance: 16
B = 
{(5, 9, 2, 6, 4, 3, 1, 10, 8, 7), (3, 5, 2, 4, 1, 7, 6, 8, 10, 9), (1, 3, 4, 5, 7, 2, 9, 8, 6, 10)}
M(B) = 
[[1, 2, 3, 4, 5, 7, 6, 8, 9, 10], [1, 2, 3, 4, 5, 7, 6, 9, 8, 10], [1, 2, 4, 3, 5, 7, 6, 8, 9, 10], [1, 2, 4, 3, 5, 7, 6, 9, 8, 10], [2, 1, 3, 4, 5, 7, 6, 8, 9, 10], [2, 1, 3, 4, 5, 7, 6, 9, 8, 10], [2, 1, 4, 3, 5, 7, 6, 8, 9, 10], [2, 1, 4, 3, 5, 7, 6, 9, 8, 10]]
Distance: 26
M(A) inter A:
set()
M(B) inter B:
set()

AUB = 
{(5, 9, 2, 6, 4, 3, 1, 10, 8, 7), (1, 2, 4, 6, 3, 9, 5, 7, 8, 10), (2, 1, 7, 3, 4, 8, 5, 10, 6, 9), (3, 5, 2, 4, 1, 7, 6, 8, 10, 9), (1, 2, 4, 5, 3, 7, 6, 8, 9, 10), (1, 3, 4, 5, 7, 2, 9, 8, 6, 10)}
M(AUB) = 
[[1, 2, 3, 4, 5, 7, 6, 8, 9, 10], [1, 2, 3, 4, 5, 7, 6, 9, 8, 10], [1, 2, 4, 3, 5, 7, 6, 8, 9, 10], [1, 2, 4, 3, 5, 7, 6, 9, 8, 10], [2, 1, 3, 4, 5, 7, 6, 8, 9, 10], [2, 1, 3, 4, 5, 7, 6, 9, 8, 10], [2, 1, 4, 3, 5, 7, 6, 8, 9, 10], [2, 1, 4, 3, 5, 7, 6, 9, 8, 10]]
Distance:54

(44)
A = 
{(2, 1, 5, 9, 7, 4, 3, 8, 6, 10), (2, 1, 7, 3, 5, 4, 6, 8, 10, 9), (1, 5, 4, 6, 3, 9, 10, 2, 8, 7)}
M(A) = 
[[2, 1, 3, 5, 6, 7, 4, 9, 8, 10], [2, 1, 3, 5, 6, 7, 4, 9, 10, 8]]
Distance: 25
B = 
{(2, 1, 6, 4, 3, 7, 9, 5, 10, 8), (3, 1, 5, 2, 6, 7, 4, 9, 10, 8), (2, 6, 1, 3, 5, 7, 8, 9, 4, 10)}
M(B) = 
[[2, 1, 3, 5, 6, 7, 4, 9, 8, 10], [2, 1, 3, 5, 6, 7, 4, 9, 10, 8]]
Distance: 16
M(A) inter A:
set()
M(B) inter B:
set()

AUB = 
{(2, 1, 5, 9, 7, 4, 3, 8, 6, 10), (2, 1, 6, 4, 3, 7, 9, 5, 10, 8), (2, 1, 7, 3, 5, 4, 6, 8, 10, 9), (2, 6, 1, 3, 5, 7, 8, 9, 4, 10), (3, 1, 5, 2, 6, 7, 4, 9, 10, 8), (1, 5, 4, 6, 3, 9, 10, 2, 8, 7)}
M(AUB) = 
[[2, 1, 3, 5, 6, 7, 4, 9, 8, 10], [2, 1, 3, 5, 6, 7, 4, 9, 10, 8]]
Distance:51

(45)
A = 
{(5, 1, 3, 2, 10, 4, 9, 8, 7, 6), (1, 2, 3, 4, 5, 6, 7, 8, 9, 10), (2, 1, 4, 3, 6, 5, 7, 10, 9, 8)}
M(A) = 
[[1, 2, 3, 4, 5, 6, 8, 10, 9, 7], [1, 2, 3, 4, 5, 6, 8, 10, 7, 9], [1, 2, 3, 4, 5, 6, 10, 8, 9, 7], [1, 2, 3, 4, 5, 6, 10, 8, 7, 9], [1, 2, 3, 4, 5, 6, 10, 9, 8, 7], [1, 2, 3, 4, 5, 6, 10, 9, 7, 8], [1, 2, 3, 4, 5, 6, 10, 7, 8, 9], [1, 2, 3, 4, 5, 6, 10, 7, 9, 8], [1, 2, 3, 4, 5, 8, 6, 10, 9, 7], [1, 2, 3, 4, 5, 8, 6, 10, 7, 9]]
Distance: 19
B = 
{(3, 4, 5, 9, 2, 1, 8, 6, 10, 7), (5, 1, 2, 3, 4, 6, 10, 7, 8, 9), (1, 2, 3, 4, 5, 8, 6, 10, 9, 7)}
M(B) = 
[[1, 2, 3, 4, 5, 6, 8, 10, 9, 7], [1, 2, 3, 4, 5, 6, 8, 10, 7, 9], [1, 2, 3, 4, 5, 6, 10, 8, 9, 7], [1, 2, 3, 4, 5, 6, 10, 8, 7, 9], [1, 2, 3, 4, 5, 6, 10, 9, 8, 7], [1, 2, 3, 4, 5, 6, 10, 9, 7, 8], [1, 2, 3, 4, 5, 6, 10, 7, 8, 9], [1, 2, 3, 4, 5, 6, 10, 7, 9, 8], [1, 2, 3, 4, 5, 8, 6, 10, 9, 7], [1, 2, 3, 4, 5, 8, 6, 10, 7, 9]]
Distance: 20
M(A) inter A:
set()
M(B) inter B:
{(1, 2, 3, 4, 5, 8, 6, 10, 9, 7)}

AUB = 
{(5, 1, 3, 2, 10, 4, 9, 8, 7, 6), (1, 2, 3, 4, 5, 6, 7, 8, 9, 10), (2, 1, 4, 3, 6, 5, 7, 10, 9, 8), (5, 1, 2, 3, 4, 6, 10, 7, 8, 9), (1, 2, 3, 4, 5, 8, 6, 10, 9, 7), (3, 4, 5, 9, 2, 1, 8, 6, 10, 7)}
M(AUB) = 
[[1, 2, 3, 4, 5, 6, 8, 10, 9, 7], [1, 2, 3, 4, 5, 6, 8, 10, 7, 9], [1, 2, 3, 4, 5, 6, 10, 8, 9, 7], [1, 2, 3, 4, 5, 6, 10, 8, 7, 9], [1, 2, 3, 4, 5, 6, 10, 9, 8, 7], [1, 2, 3, 4, 5, 6, 10, 9, 7, 8], [1, 2, 3, 4, 5, 6, 10, 7, 8, 9], [1, 2, 3, 4, 5, 6, 10, 7, 9, 8], [1, 2, 3, 4, 5, 8, 6, 10, 9, 7], [1, 2, 3, 4, 5, 8, 6, 10, 7, 9]]
Distance:45

(46)
A = 
{(2, 7, 1, 4, 5, 3, 10, 6, 8, 9), (1, 5, 3, 6, 7, 2, 8, 4, 10, 9), (5, 4, 3, 7, 1, 2, 10, 6, 8, 9)}
M(A) = 
[[1, 2, 4, 5, 3, 6, 7, 8, 9, 10], [1, 2, 4, 5, 3, 6, 7, 8, 10, 9], [1, 2, 5, 4, 3, 6, 7, 8, 9, 10], [1, 2, 5, 4, 3, 6, 7, 8, 10, 9], [1, 4, 2, 5, 3, 6, 7, 8, 9, 10], [1, 4, 2, 5, 3, 6, 7, 8, 10, 9], [1, 4, 5, 2, 3, 6, 7, 8, 9, 10], [1, 4, 5, 2, 3, 6, 7, 8, 10, 9], [1, 4, 5, 3, 2, 6, 7, 8, 9, 10], [1, 4, 5, 3, 2, 6, 7, 8, 10, 9], [1, 5, 2, 4, 3, 6, 7, 8, 9, 10], [1, 5, 2, 4, 3, 6, 7, 8, 10, 9], [1, 5, 4, 2, 3, 6, 7, 8, 9, 10], [1, 5, 4, 2, 3, 6, 7, 8, 10, 9], [1, 5, 4, 3, 2, 6, 7, 8, 9, 10], [1, 5, 4, 3, 2, 6, 7, 8, 10, 9], [4, 1, 2, 5, 3, 6, 7, 8, 9, 10], [4, 1, 2, 5, 3, 6, 7, 8, 10, 9], [4, 1, 5, 2, 3, 6, 7, 8, 9, 10], [4, 1, 5, 2, 3, 6, 7, 8, 10, 9], [4, 1, 5, 3, 2, 6, 7, 8, 9, 10], [4, 1, 5, 3, 2, 6, 7, 8, 10, 9]]
Distance: 22
B = 
{(4, 3, 2, 1, 8, 5, 6, 7, 9, 10), (4, 1, 2, 3, 6, 5, 8, 9, 7, 10), (1, 5, 2, 4, 3, 6, 9, 7, 8, 10)}
M(B) = 
[[1, 2, 4, 5, 3, 6, 7, 8, 9, 10], [1, 2, 4, 5, 3, 6, 7, 8, 10, 9], [1, 2, 5, 4, 3, 6, 7, 8, 9, 10], [1, 2, 5, 4, 3, 6, 7, 8, 10, 9], [1, 4, 2, 5, 3, 6, 7, 8, 9, 10], [1, 4, 2, 5, 3, 6, 7, 8, 10, 9], [1, 4, 5, 2, 3, 6, 7, 8, 9, 10], [1, 4, 5, 2, 3, 6, 7, 8, 10, 9], [1, 4, 5, 3, 2, 6, 7, 8, 9, 10], [1, 4, 5, 3, 2, 6, 7, 8, 10, 9], [1, 5, 2, 4, 3, 6, 7, 8, 9, 10], [1, 5, 2, 4, 3, 6, 7, 8, 10, 9], [1, 5, 4, 2, 3, 6, 7, 8, 9, 10], [1, 5, 4, 2, 3, 6, 7, 8, 10, 9], [1, 5, 4, 3, 2, 6, 7, 8, 9, 10], [1, 5, 4, 3, 2, 6, 7, 8, 10, 9], [4, 1, 2, 5, 3, 6, 7, 8, 9, 10], [4, 1, 2, 5, 3, 6, 7, 8, 10, 9], [4, 1, 5, 2, 3, 6, 7, 8, 9, 10], [4, 1, 5, 2, 3, 6, 7, 8, 10, 9], [4, 1, 5, 3, 2, 6, 7, 8, 9, 10], [4, 1, 5, 3, 2, 6, 7, 8, 10, 9]]
Distance: 14
M(A) inter A:
set()
M(B) inter B:
set()

AUB = 
{(4, 1, 2, 3, 6, 5, 8, 9, 7, 10), (1, 5, 2, 4, 3, 6, 9, 7, 8, 10), (2, 7, 1, 4, 5, 3, 10, 6, 8, 9), (4, 3, 2, 1, 8, 5, 6, 7, 9, 10), (1, 5, 3, 6, 7, 2, 8, 4, 10, 9), (5, 4, 3, 7, 1, 2, 10, 6, 8, 9)}
M(AUB) = 
[[1, 2, 4, 5, 3, 6, 7, 8, 9, 10], [1, 2, 4, 5, 3, 6, 7, 8, 10, 9], [1, 2, 5, 4, 3, 6, 7, 8, 9, 10], [1, 2, 5, 4, 3, 6, 7, 8, 10, 9], [1, 4, 2, 5, 3, 6, 7, 8, 9, 10], [1, 4, 2, 5, 3, 6, 7, 8, 10, 9], [1, 4, 5, 2, 3, 6, 7, 8, 9, 10], [1, 4, 5, 2, 3, 6, 7, 8, 10, 9], [1, 4, 5, 3, 2, 6, 7, 8, 9, 10], [1, 4, 5, 3, 2, 6, 7, 8, 10, 9], [1, 5, 2, 4, 3, 6, 7, 8, 9, 10], [1, 5, 2, 4, 3, 6, 7, 8, 10, 9], [1, 5, 4, 2, 3, 6, 7, 8, 9, 10], [1, 5, 4, 2, 3, 6, 7, 8, 10, 9], [1, 5, 4, 3, 2, 6, 7, 8, 9, 10], [1, 5, 4, 3, 2, 6, 7, 8, 10, 9], [4, 1, 2, 5, 3, 6, 7, 8, 9, 10], [4, 1, 2, 5, 3, 6, 7, 8, 10, 9], [4, 1, 5, 2, 3, 6, 7, 8, 9, 10], [4, 1, 5, 2, 3, 6, 7, 8, 10, 9], [4, 1, 5, 3, 2, 6, 7, 8, 9, 10], [4, 1, 5, 3, 2, 6, 7, 8, 10, 9]]
Distance:51

(47)
A = 
{(3, 1, 2, 7, 4, 10, 5, 9, 8, 6), (1, 3, 5, 4, 2, 10, 8, 9, 7, 6), (2, 3, 4, 6, 1, 5, 7, 8, 9, 10)}
M(A) = 
[[1, 2, 3, 4, 6, 5, 9, 7, 8, 10], [1, 2, 3, 4, 6, 5, 7, 8, 9, 10], [1, 2, 3, 4, 6, 5, 7, 9, 8, 10], [1, 3, 2, 4, 6, 5, 9, 7, 8, 10], [1, 3, 2, 4, 6, 5, 7, 8, 9, 10], [1, 3, 2, 4, 6, 5, 7, 9, 8, 10], [1, 3, 4, 2, 6, 5, 9, 7, 8, 10], [1, 3, 4, 2, 6, 5, 7, 8, 9, 10], [1, 3, 4, 2, 6, 5, 7, 9, 8, 10], [3, 1, 2, 4, 6, 5, 9, 7, 8, 10], [3, 1, 2, 4, 6, 5, 7, 8, 9, 10], [3, 1, 2, 4, 6, 5, 7, 9, 8, 10], [3, 1, 4, 2, 6, 5, 9, 7, 8, 10], [3, 1, 4, 2, 6, 5, 7, 8, 9, 10], [3, 1, 4, 2, 6, 5, 7, 9, 8, 10]]
Distance: 22
B = 
{(1, 4, 2, 6, 3, 9, 7, 5, 8, 10), (6, 8, 4, 5, 3, 1, 2, 9, 10, 7), (1, 2, 3, 4, 6, 5, 7, 9, 8, 10)}
M(B) = 
[[1, 2, 3, 4, 6, 5, 9, 7, 8, 10], [1, 2, 3, 4, 6, 5, 7, 8, 9, 10], [1, 2, 3, 4, 6, 5, 7, 9, 8, 10], [1, 3, 2, 4, 6, 5, 9, 7, 8, 10], [1, 3, 2, 4, 6, 5, 7, 8, 9, 10], [1, 3, 2, 4, 6, 5, 7, 9, 8, 10], [1, 3, 4, 2, 6, 5, 9, 7, 8, 10], [1, 3, 4, 2, 6, 5, 7, 8, 9, 10], [1, 3, 4, 2, 6, 5, 7, 9, 8, 10], [3, 1, 2, 4, 6, 5, 9, 7, 8, 10], [3, 1, 2, 4, 6, 5, 7, 8, 9, 10], [3, 1, 2, 4, 6, 5, 7, 9, 8, 10], [3, 1, 4, 2, 6, 5, 9, 7, 8, 10], [3, 1, 4, 2, 6, 5, 7, 8, 9, 10], [3, 1, 4, 2, 6, 5, 7, 9, 8, 10]]
Distance: 23
M(A) inter A:
set()
M(B) inter B:
set()

AUB = 
{(3, 1, 2, 7, 4, 10, 5, 9, 8, 6), (1, 3, 5, 4, 2, 10, 8, 9, 7, 6), (1, 4, 2, 6, 3, 9, 7, 5, 8, 10), (6, 8, 4, 5, 3, 1, 2, 9, 10, 7), (2, 3, 4, 6, 1, 5, 7, 8, 9, 10), (1, 2, 3, 4, 6, 5, 7, 9, 8, 10)}
M(AUB) = 
[[1, 2, 3, 4, 6, 5, 9, 7, 8, 10], [1, 2, 3, 4, 6, 5, 7, 8, 9, 10], [1, 2, 3, 4, 6, 5, 7, 9, 8, 10], [1, 3, 2, 4, 6, 5, 9, 7, 8, 10], [1, 3, 2, 4, 6, 5, 7, 8, 9, 10], [1, 3, 2, 4, 6, 5, 7, 9, 8, 10], [1, 3, 4, 2, 6, 5, 9, 7, 8, 10], [1, 3, 4, 2, 6, 5, 7, 8, 9, 10], [1, 3, 4, 2, 6, 5, 7, 9, 8, 10], [3, 1, 2, 4, 6, 5, 9, 7, 8, 10], [3, 1, 2, 4, 6, 5, 7, 8, 9, 10], [3, 1, 2, 4, 6, 5, 7, 9, 8, 10], [3, 1, 4, 2, 6, 5, 9, 7, 8, 10], [3, 1, 4, 2, 6, 5, 7, 8, 9, 10], [3, 1, 4, 2, 6, 5, 7, 9, 8, 10]]
Distance:59

(48)
A = 
{(2, 1, 4, 5, 3, 6, 9, 8, 10, 7), (2, 1, 5, 7, 3, 4, 6, 9, 8, 10), (3, 4, 2, 5, 1, 7, 6, 9, 8, 10)}
M(A) = 
[[2, 1, 4, 5, 3, 6, 7, 9, 8, 10], [2, 1, 4, 5, 3, 7, 6, 9, 8, 10], [2, 1, 4, 5, 7, 3, 6, 9, 8, 10]]
Distance: 15
B = 
{(9, 5, 2, 4, 1, 6, 7, 8, 3, 10), (1, 4, 2, 5, 3, 6, 7, 9, 8, 10), (1, 2, 4, 5, 7, 3, 9, 8, 6, 10)}
M(B) = 
[[2, 1, 4, 5, 3, 6, 7, 9, 8, 10], [2, 1, 4, 5, 3, 7, 6, 9, 8, 10], [2, 1, 4, 5, 7, 3, 6, 9, 8, 10]]
Distance: 19
M(A) inter A:
set()
M(B) inter B:
set()

AUB = 
{(2, 1, 4, 5, 3, 6, 9, 8, 10, 7), (9, 5, 2, 4, 1, 6, 7, 8, 3, 10), (1, 4, 2, 5, 3, 6, 7, 9, 8, 10), (1, 2, 4, 5, 7, 3, 9, 8, 6, 10), (2, 1, 5, 7, 3, 4, 6, 9, 8, 10), (3, 4, 2, 5, 1, 7, 6, 9, 8, 10)}
M(AUB) = 
[[2, 1, 4, 5, 3, 6, 7, 9, 8, 10], [2, 1, 4, 5, 3, 7, 6, 9, 8, 10], [2, 1, 4, 5, 7, 3, 6, 9, 8, 10]]
Distance:37

(49)
A = 
{(1, 2, 3, 8, 10, 5, 6, 7, 4, 9), (5, 4, 8, 2, 10, 1, 6, 3, 9, 7), (1, 2, 5, 3, 10, 9, 6, 4, 7, 8)}
M(A) = 
[[1, 2, 5, 3, 4, 8, 10, 6, 9, 7], [1, 2, 5, 3, 4, 8, 10, 6, 7, 9], [1, 2, 5, 3, 6, 4, 8, 10, 9, 7], [1, 2, 5, 3, 6, 4, 8, 10, 7, 9], [1, 2, 5, 4, 3, 8, 10, 6, 9, 7], [1, 2, 5, 4, 3, 8, 10, 6, 7, 9], [1, 2, 5, 6, 3, 4, 8, 10, 9, 7], [1, 2, 5, 6, 3, 4, 8, 10, 7, 9], [1, 2, 5, 6, 4, 3, 8, 10, 9, 7], [1, 2, 5, 6, 4, 3, 8, 10, 7, 9]]
Distance: 27
B = 
{(6, 1, 4, 2, 5, 8, 3, 10, 7, 9), (1, 9, 2, 3, 5, 4, 8, 10, 7, 6), (6, 1, 5, 4, 3, 8, 7, 10, 9, 2)}
M(B) = 
[[1, 2, 5, 3, 4, 8, 10, 6, 9, 7], [1, 2, 5, 3, 4, 8, 10, 6, 7, 9], [1, 2, 5, 3, 6, 4, 8, 10, 9, 7], [1, 2, 5, 3, 6, 4, 8, 10, 7, 9], [1, 2, 5, 4, 3, 8, 10, 6, 9, 7], [1, 2, 5, 4, 3, 8, 10, 6, 7, 9], [1, 2, 5, 6, 3, 4, 8, 10, 9, 7], [1, 2, 5, 6, 3, 4, 8, 10, 7, 9], [1, 2, 5, 6, 4, 3, 8, 10, 9, 7], [1, 2, 5, 6, 4, 3, 8, 10, 7, 9]]
Distance: 29
M(A) inter A:
set()
M(B) inter B:
set()

AUB = 
{(5, 4, 8, 2, 10, 1, 6, 3, 9, 7), (6, 1, 4, 2, 5, 8, 3, 10, 7, 9), (1, 9, 2, 3, 5, 4, 8, 10, 7, 6), (1, 2, 5, 3, 10, 9, 6, 4, 7, 8), (1, 2, 3, 8, 10, 5, 6, 7, 4, 9), (6, 1, 5, 4, 3, 8, 7, 10, 9, 2)}
M(AUB) = 
[[1, 2, 5, 3, 4, 8, 10, 6, 9, 7], [1, 2, 5, 3, 4, 8, 10, 6, 7, 9], [1, 2, 5, 3, 6, 4, 8, 10, 9, 7], [1, 2, 5, 3, 6, 4, 8, 10, 7, 9], [1, 2, 5, 4, 3, 8, 10, 6, 9, 7], [1, 2, 5, 4, 3, 8, 10, 6, 7, 9], [1, 2, 5, 6, 3, 4, 8, 10, 9, 7], [1, 2, 5, 6, 3, 4, 8, 10, 7, 9], [1, 2, 5, 6, 4, 3, 8, 10, 9, 7], [1, 2, 5, 6, 4, 3, 8, 10, 7, 9]]
Distance:66

