(0)
A = 
{(2, 6, 3, 5, 8, 1, 7, 4, 9, 10, 12, 13, 11), (3, 6, 1, 7, 2, 4, 5, 12, 9, 8, 10, 13, 11), (1, 2, 3, 4, 6, 5, 7, 8, 9, 10, 11, 12, 13), (1, 2, 3, 5, 4, 7, 6, 9, 8, 10, 11, 12, 13), (3, 2, 4, 7, 1, 5, 8, 6, 10, 11, 13, 12, 9), (2, 6, 1, 5, 3, 4, 12, 8, 7, 11, 9, 13, 10), (2, 1, 6, 7, 3, 5, 9, 4, 13, 10, 8, 11, 12)}
M(A) = 
[[2, 1, 3, 4, 6, 5, 7, 8, 9, 10, 11, 12, 13], [2, 1, 3, 6, 4, 5, 7, 8, 9, 10, 11, 12, 13]]
Distance: 71
B = 
{(2, 1, 4, 3, 5, 6, 7, 8, 13, 9, 10, 11, 12), (1, 2, 3, 4, 6, 5, 9, 7, 8, 10, 11, 12, 13), (6, 2, 1, 3, 5, 8, 4, 9, 12, 10, 7, 11, 13), (1, 2, 7, 6, 3, 10, 4, 5, 8, 13, 12, 11, 9), (2, 3, 1, 6, 4, 8, 7, 5, 11, 12, 9, 10, 13), (4, 6, 2, 1, 3, 8, 9, 5, 12, 13, 7, 10, 11), (2, 1, 3, 4, 5, 6, 7, 8, 9, 10, 11, 12, 13)}
M(B) = 
[[2, 1, 3, 4, 6, 5, 7, 8, 9, 10, 11, 12, 13], [2, 1, 3, 6, 4, 5, 7, 8, 9, 10, 11, 12, 13]]
Distance: 64
M(A) inter A:
set()
M(B) inter B:
set()

AUB = 
{(2, 6, 3, 5, 8, 1, 7, 4, 9, 10, 12, 13, 11), (3, 6, 1, 7, 2, 4, 5, 12, 9, 8, 10, 13, 11), (2, 1, 4, 3, 5, 6, 7, 8, 13, 9, 10, 11, 12), (1, 2, 3, 4, 6, 5, 7, 8, 9, 10, 11, 12, 13), (1, 2, 3, 5, 4, 7, 6, 9, 8, 10, 11, 12, 13), (1, 2, 3, 4, 6, 5, 9, 7, 8, 10, 11, 12, 13), (3, 2, 4, 7, 1, 5, 8, 6, 10, 11, 13, 12, 9), (6, 2, 1, 3, 5, 8, 4, 9, 12, 10, 7, 11, 13), (1, 2, 7, 6, 3, 10, 4, 5, 8, 13, 12, 11, 9), (2, 3, 1, 6, 4, 8, 7, 5, 11, 12, 9, 10, 13), (4, 6, 2, 1, 3, 8, 9, 5, 12, 13, 7, 10, 11), (2, 6, 1, 5, 3, 4, 12, 8, 7, 11, 9, 13, 10), (2, 1, 3, 4, 5, 6, 7, 8, 9, 10, 11, 12, 13), (2, 1, 6, 7, 3, 5, 9, 4, 13, 10, 8, 11, 12)}
M(AUB) = 
[[2, 1, 3, 4, 6, 5, 7, 8, 9, 10, 11, 12, 13], [2, 1, 3, 6, 4, 5, 7, 8, 9, 10, 11, 12, 13]]
Distance:137

(1)
A = 
{(3, 5, 2, 6, 1, 4, 8, 7, 11, 9, 12, 10, 13), (2, 1, 4, 5, 6, 3, 8, 7, 9, 11, 10, 12, 13), (1, 3, 5, 2, 4, 7, 6, 8, 9, 10, 12, 13, 11), (7, 3, 2, 1, 5, 4, 12, 10, 6, 9, 8, 11, 13), (7, 8, 2, 1, 5, 4, 9, 6, 12, 3, 10, 11, 13), (1, 2, 3, 4, 5, 7, 6, 9, 8, 13, 10, 11, 12), (1, 2, 3, 4, 5, 8, 9, 6, 7, 10, 11, 12, 13)}
M(A) = 
[[1, 3, 2, 4, 5, 6, 7, 8, 9, 10, 11, 12, 13], [1, 3, 2, 4, 5, 6, 7, 8, 9, 10, 12, 11, 13]]
Distance: 71
B = 
{(1, 2, 3, 4, 6, 5, 8, 7, 11, 10, 9, 13, 12), (3, 5, 2, 1, 9, 6, 8, 7, 10, 4, 12, 11, 13), (4, 5, 1, 3, 2, 6, 7, 12, 9, 8, 11, 10, 13), (3, 2, 1, 4, 5, 6, 8, 10, 9, 7, 12, 11, 13), (1, 2, 3, 4, 5, 7, 10, 8, 9, 6, 12, 13, 11), (1, 3, 2, 4, 5, 7, 6, 8, 9, 10, 11, 13, 12), (1, 3, 2, 4, 6, 5, 7, 8, 9, 10, 11, 12, 13)}
M(B) = 
[[1, 3, 2, 4, 5, 6, 7, 8, 9, 10, 11, 12, 13], [1, 3, 2, 4, 5, 6, 7, 8, 9, 10, 12, 11, 13]]
Distance: 52
M(A) inter A:
set()
M(B) inter B:
set()

AUB = 
{(1, 2, 3, 4, 6, 5, 8, 7, 11, 10, 9, 13, 12), (3, 5, 2, 6, 1, 4, 8, 7, 11, 9, 12, 10, 13), (2, 1, 4, 5, 6, 3, 8, 7, 9, 11, 10, 12, 13), (3, 5, 2, 1, 9, 6, 8, 7, 10, 4, 12, 11, 13), (4, 5, 1, 3, 2, 6, 7, 12, 9, 8, 11, 10, 13), (1, 3, 5, 2, 4, 7, 6, 8, 9, 10, 12, 13, 11), (7, 3, 2, 1, 5, 4, 12, 10, 6, 9, 8, 11, 13), (7, 8, 2, 1, 5, 4, 9, 6, 12, 3, 10, 11, 13), (3, 2, 1, 4, 5, 6, 8, 10, 9, 7, 12, 11, 13), (1, 2, 3, 4, 5, 7, 10, 8, 9, 6, 12, 13, 11), (1, 3, 2, 4, 5, 7, 6, 8, 9, 10, 11, 13, 12), (1, 2, 3, 4, 5, 7, 6, 9, 8, 13, 10, 11, 12), (1, 2, 3, 4, 5, 8, 9, 6, 7, 10, 11, 12, 13), (1, 3, 2, 4, 6, 5, 7, 8, 9, 10, 11, 12, 13)}
M(AUB) = 
[[1, 3, 2, 4, 5, 6, 7, 8, 9, 10, 11, 12, 13], [1, 3, 2, 4, 5, 6, 7, 8, 9, 10, 12, 11, 13]]
Distance:128

(2)
A = 
{(3, 1, 2, 4, 5, 6, 7, 8, 9, 11, 12, 13, 10), (1, 3, 2, 5, 4, 8, 7, 9, 12, 6, 13, 11, 10), (2, 1, 4, 3, 7, 5, 8, 6, 11, 10, 9, 13, 12), (1, 2, 3, 6, 4, 10, 5, 9, 7, 8, 13, 12, 11), (4, 6, 1, 3, 2, 10, 5, 8, 7, 12, 13, 9, 11), (3, 2, 5, 6, 1, 8, 4, 9, 10, 7, 12, 11, 13), (2, 4, 1, 6, 3, 5, 7, 8, 9, 10, 12, 11, 13)}
M(A) = 
[[1, 2, 3, 4, 5, 6, 7, 8, 9, 10, 11, 12, 13], [1, 2, 3, 4, 5, 6, 7, 8, 9, 10, 12, 11, 13], [1, 2, 3, 4, 5, 6, 7, 8, 10, 9, 11, 12, 13], [1, 2, 3, 4, 5, 6, 7, 8, 10, 9, 12, 11, 13], [1, 3, 2, 4, 5, 6, 7, 8, 9, 10, 11, 12, 13], [1, 3, 2, 4, 5, 6, 7, 8, 9, 10, 12, 11, 13], [1, 3, 2, 4, 5, 6, 7, 8, 10, 9, 11, 12, 13], [1, 3, 2, 4, 5, 6, 7, 8, 10, 9, 12, 11, 13]]
Distance: 68
B = 
{(4, 2, 1, 3, 6, 5, 8, 10, 7, 12, 9, 13, 11), (3, 1, 4, 2, 6, 7, 8, 9, 5, 10, 12, 11, 13), (3, 1, 4, 5, 2, 8, 6, 10, 7, 13, 11, 9, 12), (1, 2, 4, 3, 5, 6, 7, 8, 9, 10, 11, 12, 13), (1, 2, 3, 5, 4, 7, 8, 6, 10, 11, 9, 13, 12), (1, 2, 4, 3, 6, 9, 8, 5, 11, 7, 12, 10, 13), (1, 3, 4, 2, 5, 6, 7, 8, 10, 11, 12, 13, 9)}
M(B) = 
[[1, 2, 3, 4, 5, 6, 7, 8, 9, 10, 11, 12, 13], [1, 2, 3, 4, 5, 6, 7, 8, 9, 10, 12, 11, 13], [1, 2, 3, 4, 5, 6, 7, 8, 10, 9, 11, 12, 13], [1, 2, 3, 4, 5, 6, 7, 8, 10, 9, 12, 11, 13], [1, 3, 2, 4, 5, 6, 7, 8, 9, 10, 11, 12, 13], [1, 3, 2, 4, 5, 6, 7, 8, 9, 10, 12, 11, 13], [1, 3, 2, 4, 5, 6, 7, 8, 10, 9, 11, 12, 13], [1, 3, 2, 4, 5, 6, 7, 8, 10, 9, 12, 11, 13]]
Distance: 53
M(A) inter A:
set()
M(B) inter B:
set()

AUB = 
{(4, 2, 1, 3, 6, 5, 8, 10, 7, 12, 9, 13, 11), (3, 1, 2, 4, 5, 6, 7, 8, 9, 11, 12, 13, 10), (3, 1, 4, 2, 6, 7, 8, 9, 5, 10, 12, 11, 13), (3, 1, 4, 5, 2, 8, 6, 10, 7, 13, 11, 9, 12), (1, 3, 2, 5, 4, 8, 7, 9, 12, 6, 13, 11, 10), (2, 1, 4, 3, 7, 5, 8, 6, 11, 10, 9, 13, 12), (1, 2, 3, 6, 4, 10, 5, 9, 7, 8, 13, 12, 11), (1, 2, 4, 3, 5, 6, 7, 8, 9, 10, 11, 12, 13), (4, 6, 1, 3, 2, 10, 5, 8, 7, 12, 13, 9, 11), (1, 2, 3, 5, 4, 7, 8, 6, 10, 11, 9, 13, 12), (1, 2, 4, 3, 6, 9, 8, 5, 11, 7, 12, 10, 13), (1, 3, 4, 2, 5, 6, 7, 8, 10, 11, 12, 13, 9), (3, 2, 5, 6, 1, 8, 4, 9, 10, 7, 12, 11, 13), (2, 4, 1, 6, 3, 5, 7, 8, 9, 10, 12, 11, 13)}
M(AUB) = 
[[1, 2, 3, 4, 5, 6, 7, 8, 9, 10, 11, 12, 13], [1, 2, 3, 4, 5, 6, 7, 8, 9, 10, 12, 11, 13], [1, 2, 3, 4, 5, 6, 7, 8, 10, 9, 11, 12, 13], [1, 2, 3, 4, 5, 6, 7, 8, 10, 9, 12, 11, 13], [1, 3, 2, 4, 5, 6, 7, 8, 9, 10, 11, 12, 13], [1, 3, 2, 4, 5, 6, 7, 8, 9, 10, 12, 11, 13], [1, 3, 2, 4, 5, 6, 7, 8, 10, 9, 11, 12, 13], [1, 3, 2, 4, 5, 6, 7, 8, 10, 9, 12, 11, 13]]
Distance:126

(3)
A = 
{(1, 3, 2, 5, 4, 8, 7, 6, 9, 13, 11, 12, 10), (2, 1, 5, 3, 8, 6, 11, 12, 4, 9, 7, 10, 13), (6, 2, 3, 11, 4, 1, 7, 5, 8, 12, 13, 10, 9), (6, 3, 1, 5, 2, 9, 4, 7, 10, 8, 12, 11, 13), (1, 7, 4, 10, 2, 5, 3, 11, 9, 6, 8, 12, 13), (1, 3, 2, 5, 4, 8, 6, 7, 9, 10, 11, 12, 13), (4, 2, 1, 3, 5, 6, 7, 8, 9, 11, 10, 12, 13)}
M(A) = 
[[1, 2, 3, 4, 5, 6, 7, 8, 9, 10, 11, 12, 13], [1, 2, 3, 4, 5, 6, 7, 8, 9, 11, 10, 12, 13]]
Distance: 87
B = 
{(1, 4, 2, 6, 3, 9, 7, 5, 8, 13, 11, 10, 12), (1, 2, 3, 5, 4, 6, 7, 9, 10, 8, 11, 13, 12), (2, 3, 1, 4, 6, 5, 7, 8, 10, 9, 11, 12, 13), (3, 1, 2, 5, 6, 4, 7, 8, 9, 11, 10, 13, 12), (1, 2, 4, 10, 7, 3, 6, 5, 8, 9, 12, 11, 13), (3, 1, 2, 4, 7, 5, 11, 6, 9, 8, 13, 12, 10), (1, 7, 2, 3, 4, 9, 6, 5, 10, 11, 8, 13, 12)}
M(B) = 
[[1, 2, 3, 4, 5, 6, 7, 8, 9, 10, 11, 12, 13], [1, 2, 3, 4, 5, 6, 7, 8, 9, 11, 10, 12, 13]]
Distance: 56
M(A) inter A:
set()
M(B) inter B:
set()

AUB = 
{(1, 3, 2, 5, 4, 8, 7, 6, 9, 13, 11, 12, 10), (2, 1, 5, 3, 8, 6, 11, 12, 4, 9, 7, 10, 13), (1, 4, 2, 6, 3, 9, 7, 5, 8, 13, 11, 10, 12), (1, 2, 3, 5, 4, 6, 7, 9, 10, 8, 11, 13, 12), (2, 3, 1, 4, 6, 5, 7, 8, 10, 9, 11, 12, 13), (3, 1, 2, 5, 6, 4, 7, 8, 9, 11, 10, 13, 12), (6, 2, 3, 11, 4, 1, 7, 5, 8, 12, 13, 10, 9), (6, 3, 1, 5, 2, 9, 4, 7, 10, 8, 12, 11, 13), (1, 7, 4, 10, 2, 5, 3, 11, 9, 6, 8, 12, 13), (1, 2, 4, 10, 7, 3, 6, 5, 8, 9, 12, 11, 13), (3, 1, 2, 4, 7, 5, 11, 6, 9, 8, 13, 12, 10), (1, 3, 2, 5, 4, 8, 6, 7, 9, 10, 11, 12, 13), (4, 2, 1, 3, 5, 6, 7, 8, 9, 11, 10, 12, 13), (1, 7, 2, 3, 4, 9, 6, 5, 10, 11, 8, 13, 12)}
M(AUB) = 
[[1, 2, 3, 4, 5, 6, 7, 8, 9, 10, 11, 12, 13], [1, 2, 3, 4, 5, 6, 7, 8, 9, 11, 10, 12, 13]]
Distance:151

(4)
A = 
{(1, 2, 3, 5, 7, 4, 8, 10, 6, 13, 9, 12, 11), (2, 5, 1, 3, 4, 6, 9, 8, 7, 10, 12, 11, 13), (2, 1, 3, 6, 4, 5, 8, 9, 10, 7, 13, 12, 11), (1, 2, 3, 6, 5, 7, 4, 8, 9, 11, 12, 10, 13), (1, 2, 3, 4, 5, 6, 7, 8, 9, 10, 11, 12, 13), (1, 4, 3, 2, 6, 5, 7, 8, 9, 10, 12, 13, 11), (2, 1, 3, 4, 5, 7, 6, 8, 9, 11, 10, 12, 13)}
M(A) = 
[[1, 2, 3, 4, 5, 6, 7, 8, 9, 10, 11, 12, 13], [1, 2, 3, 4, 5, 6, 7, 8, 9, 10, 12, 11, 13]]
Distance: 41
B = 
{(5, 1, 4, 2, 7, 6, 8, 3, 10, 12, 9, 11, 13), (2, 4, 1, 5, 3, 6, 7, 10, 9, 8, 13, 12, 11), (1, 2, 3, 5, 4, 6, 7, 8, 9, 11, 10, 12, 13), (2, 1, 4, 6, 3, 5, 9, 7, 8, 10, 12, 11, 13), (3, 2, 1, 5, 8, 4, 6, 9, 11, 10, 7, 13, 12), (1, 3, 6, 4, 2, 8, 5, 7, 9, 10, 11, 13, 12), (3, 1, 2, 4, 5, 6, 9, 7, 10, 11, 8, 12, 13)}
M(B) = 
[[1, 2, 3, 4, 5, 6, 7, 8, 9, 10, 11, 12, 13], [1, 2, 3, 4, 5, 6, 7, 8, 9, 10, 12, 11, 13]]
Distance: 58
M(A) inter A:
{(1, 2, 3, 4, 5, 6, 7, 8, 9, 10, 11, 12, 13)}
M(B) inter B:
set()

AUB = 
{(1, 2, 3, 5, 7, 4, 8, 10, 6, 13, 9, 12, 11), (2, 5, 1, 3, 4, 6, 9, 8, 7, 10, 12, 11, 13), (5, 1, 4, 2, 7, 6, 8, 3, 10, 12, 9, 11, 13), (2, 4, 1, 5, 3, 6, 7, 10, 9, 8, 13, 12, 11), (2, 1, 3, 6, 4, 5, 8, 9, 10, 7, 13, 12, 11), (1, 2, 3, 6, 5, 7, 4, 8, 9, 11, 12, 10, 13), (1, 2, 3, 4, 5, 6, 7, 8, 9, 10, 11, 12, 13), (1, 4, 3, 2, 6, 5, 7, 8, 9, 10, 12, 13, 11), (1, 2, 3, 5, 4, 6, 7, 8, 9, 11, 10, 12, 13), (2, 1, 4, 6, 3, 5, 9, 7, 8, 10, 12, 11, 13), (3, 2, 1, 5, 8, 4, 6, 9, 11, 10, 7, 13, 12), (1, 3, 6, 4, 2, 8, 5, 7, 9, 10, 11, 13, 12), (3, 1, 2, 4, 5, 6, 9, 7, 10, 11, 8, 12, 13), (2, 1, 3, 4, 5, 7, 6, 8, 9, 11, 10, 12, 13)}
M(AUB) = 
[[1, 2, 3, 4, 5, 6, 7, 8, 9, 10, 11, 12, 13], [1, 2, 3, 4, 5, 6, 7, 8, 9, 10, 12, 11, 13]]
Distance:100

(5)
A = 
{(3, 1, 2, 5, 4, 6, 7, 9, 11, 13, 8, 12, 10), (1, 2, 3, 4, 5, 6, 9, 7, 10, 12, 11, 8, 13), (4, 5, 2, 6, 3, 1, 8, 7, 13, 9, 10, 12, 11), (2, 1, 5, 3, 4, 7, 8, 6, 9, 10, 12, 11, 13), (2, 1, 3, 6, 5, 8, 4, 12, 7, 11, 9, 13, 10), (1, 2, 3, 4, 5, 6, 7, 8, 9, 13, 10, 12, 11), (1, 2, 4, 3, 5, 7, 10, 6, 8, 9, 11, 12, 13)}
M(A) = 
[[1, 2, 3, 4, 5, 6, 7, 8, 9, 10, 11, 12, 13], [1, 2, 3, 4, 5, 6, 7, 8, 9, 10, 12, 11, 13], [1, 2, 4, 3, 5, 6, 7, 8, 9, 10, 11, 12, 13], [1, 2, 4, 3, 5, 6, 7, 8, 9, 10, 12, 11, 13]]
Distance: 57
B = 
{(1, 2, 4, 5, 8, 3, 6, 7, 9, 10, 11, 13, 12), (2, 1, 4, 3, 8, 6, 9, 5, 7, 13, 10, 11, 12), (3, 4, 1, 5, 2, 7, 9, 8, 6, 10, 11, 12, 13), (2, 8, 1, 4, 3, 5, 9, 10, 6, 12, 7, 13, 11), (4, 1, 2, 5, 7, 3, 6, 9, 10, 11, 12, 13, 8), (4, 1, 2, 7, 3, 6, 5, 8, 9, 11, 10, 13, 12), (3, 1, 5, 6, 2, 4, 9, 7, 10, 12, 8, 13, 11)}
M(B) = 
[[1, 2, 3, 4, 5, 6, 7, 8, 9, 10, 11, 12, 13], [1, 2, 3, 4, 5, 6, 7, 8, 9, 10, 12, 11, 13], [1, 2, 4, 3, 5, 6, 7, 8, 9, 10, 11, 12, 13], [1, 2, 4, 3, 5, 6, 7, 8, 9, 10, 12, 11, 13]]
Distance: 70
M(A) inter A:
set()
M(B) inter B:
set()

AUB = 
{(3, 1, 2, 5, 4, 6, 7, 9, 11, 13, 8, 12, 10), (1, 2, 4, 5, 8, 3, 6, 7, 9, 10, 11, 13, 12), (1, 2, 3, 4, 5, 6, 9, 7, 10, 12, 11, 8, 13), (2, 1, 4, 3, 8, 6, 9, 5, 7, 13, 10, 11, 12), (3, 4, 1, 5, 2, 7, 9, 8, 6, 10, 11, 12, 13), (4, 5, 2, 6, 3, 1, 8, 7, 13, 9, 10, 12, 11), (2, 8, 1, 4, 3, 5, 9, 10, 6, 12, 7, 13, 11), (4, 1, 2, 5, 7, 3, 6, 9, 10, 11, 12, 13, 8), (2, 1, 5, 3, 4, 7, 8, 6, 9, 10, 12, 11, 13), (2, 1, 3, 6, 5, 8, 4, 12, 7, 11, 9, 13, 10), (1, 2, 3, 4, 5, 6, 7, 8, 9, 13, 10, 12, 11), (4, 1, 2, 7, 3, 6, 5, 8, 9, 11, 10, 13, 12), (1, 2, 4, 3, 5, 7, 10, 6, 8, 9, 11, 12, 13), (3, 1, 5, 6, 2, 4, 9, 7, 10, 12, 8, 13, 11)}
M(AUB) = 
[[1, 2, 3, 4, 5, 6, 7, 8, 9, 10, 11, 12, 13], [1, 2, 3, 4, 5, 6, 7, 8, 9, 10, 12, 11, 13], [1, 2, 4, 3, 5, 6, 7, 8, 9, 10, 11, 12, 13], [1, 2, 4, 3, 5, 6, 7, 8, 9, 10, 12, 11, 13]]
Distance:133

(6)
A = 
{(2, 1, 3, 4, 7, 5, 6, 8, 9, 10, 13, 12, 11), (3, 2, 1, 5, 4, 6, 9, 12, 7, 8, 11, 13, 10), (1, 3, 6, 2, 5, 10, 7, 11, 4, 9, 12, 13, 8), (1, 2, 6, 4, 7, 3, 5, 8, 11, 9, 12, 10, 13), (2, 4, 1, 5, 3, 7, 6, 8, 10, 9, 11, 12, 13), (4, 1, 6, 2, 5, 7, 10, 3, 11, 8, 12, 13, 9), (1, 3, 2, 5, 4, 6, 7, 8, 9, 10, 11, 12, 13)}
M(A) = 
[[1, 2, 3, 4, 5, 6, 7, 8, 9, 10, 11, 12, 13], [1, 2, 3, 4, 5, 6, 7, 9, 8, 10, 11, 12, 13], [1, 2, 3, 5, 4, 6, 7, 8, 9, 10, 11, 12, 13], [1, 2, 3, 5, 4, 6, 7, 9, 8, 10, 11, 12, 13], [1, 3, 2, 4, 5, 6, 7, 8, 9, 10, 11, 12, 13], [1, 3, 2, 4, 5, 6, 7, 9, 8, 10, 11, 12, 13], [1, 3, 2, 5, 4, 6, 7, 8, 9, 10, 11, 12, 13], [1, 3, 2, 5, 4, 6, 7, 9, 8, 10, 11, 12, 13]]
Distance: 66
B = 
{(3, 7, 2, 5, 1, 6, 9, 12, 8, 10, 11, 4, 13), (3, 4, 1, 2, 7, 5, 8, 6, 12, 10, 9, 11, 13), (1, 4, 3, 6, 2, 11, 5, 9, 7, 8, 10, 13, 12), (1, 2, 3, 5, 11, 4, 6, 8, 9, 10, 12, 13, 7), (5, 3, 1, 7, 4, 6, 2, 9, 8, 10, 11, 13, 12), (1, 2, 3, 5, 4, 11, 9, 13, 8, 7, 12, 6, 10), (1, 4, 2, 3, 6, 7, 9, 5, 10, 11, 8, 12, 13)}
M(B) = 
[[1, 2, 3, 4, 5, 6, 7, 8, 9, 10, 11, 12, 13], [1, 2, 3, 4, 5, 6, 7, 9, 8, 10, 11, 12, 13], [1, 2, 3, 5, 4, 6, 7, 8, 9, 10, 11, 12, 13], [1, 2, 3, 5, 4, 6, 7, 9, 8, 10, 11, 12, 13], [1, 3, 2, 4, 5, 6, 7, 8, 9, 10, 11, 12, 13], [1, 3, 2, 4, 5, 6, 7, 9, 8, 10, 11, 12, 13], [1, 3, 2, 5, 4, 6, 7, 8, 9, 10, 11, 12, 13], [1, 3, 2, 5, 4, 6, 7, 9, 8, 10, 11, 12, 13]]
Distance: 90
M(A) inter A:
set()
M(B) inter B:
set()

AUB = 
{(2, 1, 3, 4, 7, 5, 6, 8, 9, 10, 13, 12, 11), (3, 7, 2, 5, 1, 6, 9, 12, 8, 10, 11, 4, 13), (3, 4, 1, 2, 7, 5, 8, 6, 12, 10, 9, 11, 13), (3, 2, 1, 5, 4, 6, 9, 12, 7, 8, 11, 13, 10), (1, 4, 3, 6, 2, 11, 5, 9, 7, 8, 10, 13, 12), (1, 3, 6, 2, 5, 10, 7, 11, 4, 9, 12, 13, 8), (1, 2, 3, 5, 11, 4, 6, 8, 9, 10, 12, 13, 7), (5, 3, 1, 7, 4, 6, 2, 9, 8, 10, 11, 13, 12), (1, 2, 6, 4, 7, 3, 5, 8, 11, 9, 12, 10, 13), (1, 2, 3, 5, 4, 11, 9, 13, 8, 7, 12, 6, 10), (2, 4, 1, 5, 3, 7, 6, 8, 10, 9, 11, 12, 13), (4, 1, 6, 2, 5, 7, 10, 3, 11, 8, 12, 13, 9), (1, 4, 2, 3, 6, 7, 9, 5, 10, 11, 8, 12, 13), (1, 3, 2, 5, 4, 6, 7, 8, 9, 10, 11, 12, 13)}
M(AUB) = 
[[1, 2, 3, 4, 5, 6, 7, 8, 9, 10, 11, 12, 13], [1, 2, 3, 4, 5, 6, 7, 9, 8, 10, 11, 12, 13], [1, 2, 3, 5, 4, 6, 7, 8, 9, 10, 11, 12, 13], [1, 2, 3, 5, 4, 6, 7, 9, 8, 10, 11, 12, 13], [1, 3, 2, 4, 5, 6, 7, 8, 9, 10, 11, 12, 13], [1, 3, 2, 4, 5, 6, 7, 9, 8, 10, 11, 12, 13], [1, 3, 2, 5, 4, 6, 7, 8, 9, 10, 11, 12, 13], [1, 3, 2, 5, 4, 6, 7, 9, 8, 10, 11, 12, 13]]
Distance:162

(7)
A = 
{(1, 3, 2, 4, 5, 7, 6, 8, 11, 13, 9, 10, 12), (2, 4, 7, 1, 3, 5, 6, 10, 8, 12, 11, 9, 13), (2, 5, 1, 3, 4, 10, 7, 6, 8, 11, 13, 9, 12), (1, 2, 3, 5, 4, 6, 8, 7, 10, 11, 9, 12, 13), (2, 1, 3, 4, 7, 6, 5, 8, 11, 9, 13, 10, 12), (1, 2, 4, 5, 8, 6, 3, 7, 9, 11, 10, 12, 13), (2, 5, 1, 4, 3, 7, 9, 6, 12, 13, 8, 10, 11)}
M(A) = 
[[2, 1, 3, 4, 5, 7, 6, 8, 9, 10, 11, 12, 13], [2, 1, 3, 4, 5, 7, 6, 8, 9, 11, 10, 12, 13], [2, 1, 3, 4, 5, 7, 6, 8, 11, 9, 10, 12, 13]]
Distance: 58
B = 
{(5, 2, 1, 3, 6, 8, 4, 7, 12, 9, 11, 10, 13), (2, 4, 6, 1, 3, 5, 7, 9, 8, 12, 11, 10, 13), (2, 1, 4, 3, 7, 6, 5, 8, 9, 10, 11, 12, 13), (1, 2, 3, 5, 7, 4, 9, 6, 8, 11, 10, 12, 13), (2, 3, 1, 4, 5, 8, 7, 6, 11, 9, 13, 12, 10), (1, 3, 5, 2, 7, 4, 8, 6, 10, 9, 11, 12, 13), (4, 3, 1, 2, 13, 6, 7, 8, 5, 10, 11, 9, 12)}
M(B) = 
[[2, 1, 3, 4, 5, 7, 6, 8, 9, 10, 11, 12, 13], [2, 1, 3, 4, 5, 7, 6, 8, 9, 11, 10, 12, 13], [2, 1, 3, 4, 5, 7, 6, 8, 11, 9, 10, 12, 13]]
Distance: 65
M(A) inter A:
set()
M(B) inter B:
set()

AUB = 
{(5, 2, 1, 3, 6, 8, 4, 7, 12, 9, 11, 10, 13), (1, 3, 2, 4, 5, 7, 6, 8, 11, 13, 9, 10, 12), (2, 4, 7, 1, 3, 5, 6, 10, 8, 12, 11, 9, 13), (2, 5, 1, 3, 4, 10, 7, 6, 8, 11, 13, 9, 12), (2, 4, 6, 1, 3, 5, 7, 9, 8, 12, 11, 10, 13), (2, 1, 4, 3, 7, 6, 5, 8, 9, 10, 11, 12, 13), (1, 2, 3, 5, 7, 4, 9, 6, 8, 11, 10, 12, 13), (1, 2, 3, 5, 4, 6, 8, 7, 10, 11, 9, 12, 13), (2, 1, 3, 4, 7, 6, 5, 8, 11, 9, 13, 10, 12), (2, 3, 1, 4, 5, 8, 7, 6, 11, 9, 13, 12, 10), (1, 2, 4, 5, 8, 6, 3, 7, 9, 11, 10, 12, 13), (1, 3, 5, 2, 7, 4, 8, 6, 10, 9, 11, 12, 13), (2, 5, 1, 4, 3, 7, 9, 6, 12, 13, 8, 10, 11), (4, 3, 1, 2, 13, 6, 7, 8, 5, 10, 11, 9, 12)}
M(AUB) = 
[[2, 1, 3, 4, 5, 7, 6, 8, 9, 10, 11, 12, 13], [2, 1, 3, 4, 5, 7, 6, 8, 9, 11, 10, 12, 13], [2, 1, 3, 4, 5, 7, 6, 8, 11, 9, 10, 12, 13]]
Distance:126

(8)
A = 
{(1, 2, 3, 5, 4, 7, 8, 6, 10, 11, 9, 12, 13), (2, 1, 3, 4, 6, 5, 7, 9, 8, 11, 10, 12, 13), (1, 2, 3, 4, 5, 6, 7, 8, 9, 10, 12, 11, 13), (1, 3, 2, 5, 4, 6, 11, 7, 8, 12, 13, 9, 10), (3, 2, 1, 4, 7, 5, 6, 9, 8, 10, 11, 13, 12), (1, 2, 5, 4, 3, 9, 8, 7, 13, 12, 11, 6, 10), (2, 6, 1, 3, 7, 4, 8, 11, 10, 5, 13, 9, 12)}
M(A) = 
[[1, 2, 3, 4, 5, 7, 6, 8, 9, 10, 11, 12, 13]]
Distance: 59
B = 
{(1, 2, 3, 4, 5, 7, 6, 9, 8, 10, 11, 12, 13), (1, 2, 3, 5, 4, 7, 9, 6, 11, 12, 8, 13, 10), (2, 3, 1, 4, 7, 5, 8, 6, 11, 9, 12, 13, 10), (1, 2, 3, 4, 5, 6, 7, 8, 9, 10, 11, 12, 13), (2, 4, 3, 1, 7, 6, 5, 12, 8, 10, 9, 13, 11), (1, 7, 4, 5, 2, 9, 10, 3, 11, 6, 13, 12, 8), (3, 1, 6, 7, 2, 4, 5, 8, 10, 12, 9, 13, 11)}
M(B) = 
[[1, 2, 3, 4, 5, 7, 6, 8, 9, 10, 11, 12, 13]]
Distance: 61
M(A) inter A:
set()
M(B) inter B:
set()

AUB = 
{(1, 2, 3, 4, 5, 7, 6, 9, 8, 10, 11, 12, 13), (1, 2, 3, 5, 4, 7, 9, 6, 11, 12, 8, 13, 10), (2, 3, 1, 4, 7, 5, 8, 6, 11, 9, 12, 13, 10), (1, 2, 3, 5, 4, 7, 8, 6, 10, 11, 9, 12, 13), (1, 2, 3, 4, 5, 6, 7, 8, 9, 10, 11, 12, 13), (2, 4, 3, 1, 7, 6, 5, 12, 8, 10, 9, 13, 11), (2, 1, 3, 4, 6, 5, 7, 9, 8, 11, 10, 12, 13), (1, 2, 3, 4, 5, 6, 7, 8, 9, 10, 12, 11, 13), (1, 3, 2, 5, 4, 6, 11, 7, 8, 12, 13, 9, 10), (3, 2, 1, 4, 7, 5, 6, 9, 8, 10, 11, 13, 12), (1, 7, 4, 5, 2, 9, 10, 3, 11, 6, 13, 12, 8), (1, 2, 5, 4, 3, 9, 8, 7, 13, 12, 11, 6, 10), (2, 6, 1, 3, 7, 4, 8, 11, 10, 5, 13, 9, 12), (3, 1, 6, 7, 2, 4, 5, 8, 10, 12, 9, 13, 11)}
M(AUB) = 
[[1, 2, 3, 4, 5, 7, 6, 8, 9, 10, 11, 12, 13]]
Distance:123

(9)
A = 
{(1, 3, 5, 7, 6, 2, 4, 9, 8, 13, 11, 10, 12), (2, 3, 4, 6, 5, 1, 7, 8, 10, 12, 9, 11, 13), (1, 2, 3, 4, 7, 6, 10, 5, 8, 11, 12, 9, 13), (1, 2, 3, 4, 5, 6, 7, 8, 9, 12, 10, 11, 13), (2, 4, 6, 8, 3, 5, 1, 10, 7, 9, 12, 13, 11), (3, 1, 7, 2, 6, 8, 4, 5, 10, 9, 11, 13, 12), (2, 1, 4, 9, 6, 5, 3, 8, 10, 12, 7, 11, 13)}
M(A) = 
[[1, 2, 3, 4, 5, 6, 7, 8, 9, 10, 11, 12, 13], [1, 2, 3, 4, 6, 5, 7, 8, 9, 10, 11, 12, 13]]
Distance: 69
B = 
{(1, 2, 3, 5, 4, 8, 6, 7, 9, 10, 11, 12, 13), (1, 2, 7, 3, 5, 4, 10, 9, 6, 8, 11, 12, 13), (1, 2, 3, 4, 6, 5, 8, 7, 9, 11, 13, 10, 12), (3, 1, 2, 5, 4, 8, 6, 7, 11, 9, 10, 12, 13), (1, 2, 6, 3, 4, 7, 5, 8, 9, 11, 12, 13, 10), (1, 4, 3, 2, 5, 8, 6, 9, 7, 11, 10, 12, 13), (1, 2, 3, 4, 5, 6, 7, 8, 10, 9, 11, 12, 13)}
M(B) = 
[[1, 2, 3, 4, 5, 6, 7, 8, 9, 10, 11, 12, 13], [1, 2, 3, 4, 6, 5, 7, 8, 9, 10, 11, 12, 13]]
Distance: 38
M(A) inter A:
set()
M(B) inter B:
set()

AUB = 
{(1, 2, 3, 5, 4, 8, 6, 7, 9, 10, 11, 12, 13), (1, 2, 7, 3, 5, 4, 10, 9, 6, 8, 11, 12, 13), (1, 3, 5, 7, 6, 2, 4, 9, 8, 13, 11, 10, 12), (2, 3, 4, 6, 5, 1, 7, 8, 10, 12, 9, 11, 13), (1, 2, 3, 4, 6, 5, 8, 7, 9, 11, 13, 10, 12), (1, 2, 3, 4, 7, 6, 10, 5, 8, 11, 12, 9, 13), (3, 1, 2, 5, 4, 8, 6, 7, 11, 9, 10, 12, 13), (1, 2, 3, 4, 5, 6, 7, 8, 9, 12, 10, 11, 13), (2, 4, 6, 8, 3, 5, 1, 10, 7, 9, 12, 13, 11), (1, 2, 6, 3, 4, 7, 5, 8, 9, 11, 12, 13, 10), (1, 4, 3, 2, 5, 8, 6, 9, 7, 11, 10, 12, 13), (3, 1, 7, 2, 6, 8, 4, 5, 10, 9, 11, 13, 12), (2, 1, 4, 9, 6, 5, 3, 8, 10, 12, 7, 11, 13), (1, 2, 3, 4, 5, 6, 7, 8, 10, 9, 11, 12, 13)}
M(AUB) = 
[[1, 2, 3, 4, 5, 6, 7, 8, 9, 10, 11, 12, 13], [1, 2, 3, 4, 6, 5, 7, 8, 9, 10, 11, 12, 13]]
Distance:114

(10)
A = 
{(4, 1, 2, 3, 8, 7, 5, 9, 11, 10, 6, 13, 12), (1, 5, 4, 7, 3, 2, 6, 8, 11, 13, 9, 12, 10), (3, 1, 2, 5, 4, 6, 7, 8, 9, 10, 12, 11, 13), (3, 4, 6, 5, 1, 7, 2, 10, 13, 12, 9, 8, 11), (3, 2, 1, 6, 4, 5, 7, 10, 13, 9, 8, 12, 11), (1, 4, 3, 2, 7, 5, 10, 6, 9, 13, 11, 12, 8), (3, 2, 1, 4, 5, 6, 8, 9, 7, 10, 12, 11, 13)}
M(A) = 
[[1, 3, 2, 4, 5, 6, 7, 8, 9, 10, 11, 13, 12], [1, 3, 2, 4, 5, 6, 7, 8, 9, 10, 13, 11, 12], [1, 3, 2, 4, 5, 6, 7, 9, 8, 10, 11, 13, 12], [1, 3, 2, 4, 5, 6, 7, 9, 8, 10, 13, 11, 12]]
Distance: 75
B = 
{(3, 5, 6, 8, 2, 1, 10, 12, 9, 7, 13, 11, 4), (2, 4, 6, 1, 3, 8, 13, 5, 7, 10, 9, 11, 12), (1, 3, 2, 4, 8, 5, 6, 7, 9, 10, 13, 11, 12), (3, 1, 4, 7, 2, 9, 5, 11, 8, 10, 6, 13, 12), (1, 2, 3, 7, 4, 6, 5, 9, 11, 12, 13, 8, 10), (1, 2, 3, 4, 7, 5, 6, 9, 8, 10, 11, 12, 13), (1, 2, 3, 4, 5, 9, 8, 6, 13, 12, 11, 7, 10)}
M(B) = 
[[1, 3, 2, 4, 5, 6, 7, 8, 9, 10, 11, 13, 12], [1, 3, 2, 4, 5, 6, 7, 8, 9, 10, 13, 11, 12], [1, 3, 2, 4, 5, 6, 7, 9, 8, 10, 11, 13, 12], [1, 3, 2, 4, 5, 6, 7, 9, 8, 10, 13, 11, 12]]
Distance: 87
M(A) inter A:
set()
M(B) inter B:
set()

AUB = 
{(4, 1, 2, 3, 8, 7, 5, 9, 11, 10, 6, 13, 12), (3, 5, 6, 8, 2, 1, 10, 12, 9, 7, 13, 11, 4), (1, 5, 4, 7, 3, 2, 6, 8, 11, 13, 9, 12, 10), (2, 4, 6, 1, 3, 8, 13, 5, 7, 10, 9, 11, 12), (1, 3, 2, 4, 8, 5, 6, 7, 9, 10, 13, 11, 12), (3, 1, 2, 5, 4, 6, 7, 8, 9, 10, 12, 11, 13), (3, 4, 6, 5, 1, 7, 2, 10, 13, 12, 9, 8, 11), (3, 1, 4, 7, 2, 9, 5, 11, 8, 10, 6, 13, 12), (1, 2, 3, 7, 4, 6, 5, 9, 11, 12, 13, 8, 10), (1, 2, 3, 4, 7, 5, 6, 9, 8, 10, 11, 12, 13), (3, 2, 1, 6, 4, 5, 7, 10, 13, 9, 8, 12, 11), (1, 2, 3, 4, 5, 9, 8, 6, 13, 12, 11, 7, 10), (1, 4, 3, 2, 7, 5, 10, 6, 9, 13, 11, 12, 8), (3, 2, 1, 4, 5, 6, 8, 9, 7, 10, 12, 11, 13)}
M(AUB) = 
[[1, 3, 2, 4, 5, 6, 7, 8, 9, 10, 11, 13, 12], [1, 3, 2, 4, 5, 6, 7, 8, 9, 10, 13, 11, 12], [1, 3, 2, 4, 5, 6, 7, 9, 8, 10, 11, 13, 12], [1, 3, 2, 4, 5, 6, 7, 9, 8, 10, 13, 11, 12]]
Distance:167

(11)
A = 
{(5, 2, 1, 8, 4, 7, 9, 11, 3, 6, 13, 10, 12), (4, 1, 5, 2, 3, 7, 9, 6, 11, 10, 8, 12, 13), (1, 4, 2, 3, 7, 5, 9, 8, 6, 11, 10, 12, 13), (3, 4, 1, 10, 2, 6, 11, 5, 7, 8, 9, 12, 13), (2, 1, 3, 5, 4, 7, 6, 8, 11, 9, 13, 12, 10), (2, 3, 1, 6, 9, 12, 4, 5, 7, 10, 13, 8, 11), (1, 2, 3, 4, 5, 6, 7, 8, 9, 11, 10, 12, 13)}
M(A) = 
[[1, 2, 3, 4, 5, 6, 7, 8, 9, 10, 11, 12, 13], [1, 2, 3, 4, 5, 6, 7, 8, 9, 11, 10, 12, 13]]
Distance: 75
B = 
{(1, 3, 4, 6, 2, 5, 8, 12, 11, 7, 9, 10, 13), (1, 2, 5, 3, 4, 6, 8, 9, 10, 7, 11, 12, 13), (1, 4, 2, 7, 5, 3, 6, 8, 9, 11, 12, 10, 13), (1, 4, 5, 3, 6, 2, 7, 10, 9, 8, 12, 11, 13), (2, 4, 1, 3, 5, 6, 7, 8, 10, 9, 12, 11, 13), (1, 3, 4, 2, 5, 6, 7, 10, 8, 13, 9, 12, 11), (1, 2, 3, 4, 8, 5, 6, 7, 9, 10, 13, 11, 12)}
M(B) = 
[[1, 2, 3, 4, 5, 6, 7, 8, 9, 10, 11, 12, 13], [1, 2, 3, 4, 5, 6, 7, 8, 9, 11, 10, 12, 13]]
Distance: 52
M(A) inter A:
set()
M(B) inter B:
set()

AUB = 
{(5, 2, 1, 8, 4, 7, 9, 11, 3, 6, 13, 10, 12), (1, 3, 4, 6, 2, 5, 8, 12, 11, 7, 9, 10, 13), (4, 1, 5, 2, 3, 7, 9, 6, 11, 10, 8, 12, 13), (1, 2, 5, 3, 4, 6, 8, 9, 10, 7, 11, 12, 13), (1, 4, 2, 7, 5, 3, 6, 8, 9, 11, 12, 10, 13), (1, 4, 2, 3, 7, 5, 9, 8, 6, 11, 10, 12, 13), (1, 4, 5, 3, 6, 2, 7, 10, 9, 8, 12, 11, 13), (3, 4, 1, 10, 2, 6, 11, 5, 7, 8, 9, 12, 13), (2, 1, 3, 5, 4, 7, 6, 8, 11, 9, 13, 12, 10), (2, 4, 1, 3, 5, 6, 7, 8, 10, 9, 12, 11, 13), (2, 3, 1, 6, 9, 12, 4, 5, 7, 10, 13, 8, 11), (1, 3, 4, 2, 5, 6, 7, 10, 8, 13, 9, 12, 11), (1, 2, 3, 4, 5, 6, 7, 8, 9, 11, 10, 12, 13), (1, 2, 3, 4, 8, 5, 6, 7, 9, 10, 13, 11, 12)}
M(AUB) = 
[[1, 2, 3, 4, 5, 6, 7, 8, 9, 10, 11, 12, 13], [1, 2, 3, 4, 5, 6, 7, 8, 9, 11, 10, 12, 13]]
Distance:132

(12)
A = 
{(5, 2, 1, 3, 4, 8, 9, 7, 11, 6, 12, 10, 13), (1, 2, 4, 3, 6, 5, 7, 9, 10, 8, 11, 13, 12), (2, 1, 4, 5, 3, 7, 6, 9, 8, 10, 12, 11, 13), (3, 2, 5, 1, 4, 8, 6, 7, 11, 9, 10, 12, 13), (1, 2, 3, 4, 5, 6, 7, 8, 9, 10, 11, 12, 13), (2, 3, 1, 4, 5, 6, 7, 8, 9, 12, 10, 11, 13), (2, 4, 7, 5, 3, 6, 1, 10, 8, 9, 13, 12, 11)}
M(A) = 
[[1, 2, 3, 4, 5, 7, 6, 8, 9, 10, 11, 12, 13], [2, 1, 3, 4, 5, 7, 6, 8, 9, 10, 11, 12, 13]]
Distance: 50
B = 
{(1, 2, 3, 4, 5, 7, 6, 8, 10, 9, 13, 11, 12), (2, 1, 3, 4, 7, 6, 5, 8, 9, 11, 10, 13, 12), (3, 2, 1, 4, 6, 5, 7, 8, 9, 12, 10, 11, 13), (1, 3, 4, 2, 5, 10, 7, 6, 13, 9, 8, 11, 12), (5, 1, 3, 7, 6, 2, 8, 12, 4, 9, 10, 13, 11), (1, 2, 3, 6, 5, 9, 4, 11, 7, 8, 10, 13, 12), (1, 2, 3, 4, 5, 7, 6, 8, 9, 10, 11, 12, 13)}
M(B) = 
[[1, 2, 3, 4, 5, 7, 6, 8, 9, 10, 11, 12, 13], [2, 1, 3, 4, 5, 7, 6, 8, 9, 10, 11, 12, 13]]
Distance: 51
M(A) inter A:
set()
M(B) inter B:
set()

AUB = 
{(5, 2, 1, 3, 4, 8, 9, 7, 11, 6, 12, 10, 13), (1, 2, 3, 4, 5, 7, 6, 8, 10, 9, 13, 11, 12), (1, 2, 4, 3, 6, 5, 7, 9, 10, 8, 11, 13, 12), (2, 1, 4, 5, 3, 7, 6, 9, 8, 10, 12, 11, 13), (2, 1, 3, 4, 7, 6, 5, 8, 9, 11, 10, 13, 12), (3, 2, 5, 1, 4, 8, 6, 7, 11, 9, 10, 12, 13), (3, 2, 1, 4, 6, 5, 7, 8, 9, 12, 10, 11, 13), (1, 2, 3, 4, 5, 6, 7, 8, 9, 10, 11, 12, 13), (1, 3, 4, 2, 5, 10, 7, 6, 13, 9, 8, 11, 12), (2, 3, 1, 4, 5, 6, 7, 8, 9, 12, 10, 11, 13), (5, 1, 3, 7, 6, 2, 8, 12, 4, 9, 10, 13, 11), (1, 2, 3, 6, 5, 9, 4, 11, 7, 8, 10, 13, 12), (2, 4, 7, 5, 3, 6, 1, 10, 8, 9, 13, 12, 11), (1, 2, 3, 4, 5, 7, 6, 8, 9, 10, 11, 12, 13)}
M(AUB) = 
[[1, 2, 3, 4, 5, 7, 6, 8, 9, 10, 11, 12, 13], [2, 1, 3, 4, 5, 7, 6, 8, 9, 10, 11, 12, 13]]
Distance:106

(13)
A = 
{(2, 1, 4, 6, 5, 3, 7, 8, 10, 9, 12, 13, 11), (1, 3, 2, 4, 8, 5, 7, 10, 6, 11, 13, 9, 12), (1, 2, 6, 8, 3, 4, 5, 7, 11, 10, 9, 13, 12), (3, 2, 1, 4, 5, 6, 8, 7, 10, 12, 11, 13, 9), (2, 1, 4, 3, 6, 5, 10, 7, 8, 13, 11, 9, 12), (2, 3, 1, 7, 5, 4, 9, 8, 11, 6, 13, 10, 12), (3, 1, 7, 2, 8, 6, 4, 11, 5, 13, 10, 12, 9)}
M(A) = 
[[1, 2, 4, 3, 5, 6, 8, 7, 10, 9, 11, 12, 13], [1, 2, 4, 3, 5, 6, 8, 7, 10, 9, 11, 13, 12], [1, 2, 4, 3, 5, 6, 8, 7, 10, 11, 9, 12, 13], [1, 2, 4, 3, 5, 6, 8, 7, 10, 11, 9, 13, 12], [1, 2, 4, 3, 6, 5, 8, 7, 10, 9, 11, 12, 13], [1, 2, 4, 3, 6, 5, 8, 7, 10, 9, 11, 13, 12], [1, 2, 4, 3, 6, 5, 8, 7, 10, 11, 9, 12, 13], [1, 2, 4, 3, 6, 5, 8, 7, 10, 11, 9, 13, 12]]
Distance: 66
B = 
{(1, 2, 5, 4, 3, 8, 7, 12, 6, 10, 13, 11, 9), (1, 2, 3, 4, 5, 6, 7, 8, 9, 10, 11, 12, 13), (7, 5, 1, 8, 4, 2, 3, 9, 6, 13, 10, 12, 11), (2, 4, 3, 1, 6, 8, 5, 11, 9, 7, 12, 13, 10), (2, 1, 5, 4, 6, 3, 8, 7, 9, 10, 11, 12, 13), (1, 2, 8, 4, 3, 7, 6, 9, 5, 11, 10, 12, 13), (4, 1, 6, 2, 3, 5, 8, 7, 10, 9, 13, 11, 12)}
M(B) = 
[[1, 2, 4, 3, 5, 6, 8, 7, 10, 9, 11, 12, 13], [1, 2, 4, 3, 5, 6, 8, 7, 10, 9, 11, 13, 12], [1, 2, 4, 3, 5, 6, 8, 7, 10, 11, 9, 12, 13], [1, 2, 4, 3, 5, 6, 8, 7, 10, 11, 9, 13, 12], [1, 2, 4, 3, 6, 5, 8, 7, 10, 9, 11, 12, 13], [1, 2, 4, 3, 6, 5, 8, 7, 10, 9, 11, 13, 12], [1, 2, 4, 3, 6, 5, 8, 7, 10, 11, 9, 12, 13], [1, 2, 4, 3, 6, 5, 8, 7, 10, 11, 9, 13, 12]]
Distance: 67
M(A) inter A:
set()
M(B) inter B:
set()

AUB = 
{(2, 1, 4, 6, 5, 3, 7, 8, 10, 9, 12, 13, 11), (1, 2, 5, 4, 3, 8, 7, 12, 6, 10, 13, 11, 9), (1, 3, 2, 4, 8, 5, 7, 10, 6, 11, 13, 9, 12), (1, 2, 3, 4, 5, 6, 7, 8, 9, 10, 11, 12, 13), (1, 2, 6, 8, 3, 4, 5, 7, 11, 10, 9, 13, 12), (3, 2, 1, 4, 5, 6, 8, 7, 10, 12, 11, 13, 9), (2, 1, 4, 3, 6, 5, 10, 7, 8, 13, 11, 9, 12), (7, 5, 1, 8, 4, 2, 3, 9, 6, 13, 10, 12, 11), (2, 4, 3, 1, 6, 8, 5, 11, 9, 7, 12, 13, 10), (2, 1, 5, 4, 6, 3, 8, 7, 9, 10, 11, 12, 13), (1, 2, 8, 4, 3, 7, 6, 9, 5, 11, 10, 12, 13), (2, 3, 1, 7, 5, 4, 9, 8, 11, 6, 13, 10, 12), (4, 1, 6, 2, 3, 5, 8, 7, 10, 9, 13, 11, 12), (3, 1, 7, 2, 8, 6, 4, 11, 5, 13, 10, 12, 9)}
M(AUB) = 
[[1, 2, 4, 3, 5, 6, 8, 7, 10, 9, 11, 12, 13], [1, 2, 4, 3, 5, 6, 8, 7, 10, 9, 11, 13, 12], [1, 2, 4, 3, 5, 6, 8, 7, 10, 11, 9, 12, 13], [1, 2, 4, 3, 5, 6, 8, 7, 10, 11, 9, 13, 12], [1, 2, 4, 3, 6, 5, 8, 7, 10, 9, 11, 12, 13], [1, 2, 4, 3, 6, 5, 8, 7, 10, 9, 11, 13, 12], [1, 2, 4, 3, 6, 5, 8, 7, 10, 11, 9, 12, 13], [1, 2, 4, 3, 6, 5, 8, 7, 10, 11, 9, 13, 12]]
Distance:149

(14)
A = 
{(3, 1, 2, 6, 7, 5, 4, 8, 10, 9, 11, 12, 13), (2, 1, 3, 4, 6, 5, 7, 8, 9, 10, 12, 11, 13), (1, 4, 3, 2, 5, 7, 6, 10, 8, 11, 9, 12, 13), (1, 2, 3, 4, 5, 7, 12, 6, 8, 10, 9, 11, 13), (1, 2, 4, 3, 5, 7, 9, 8, 6, 11, 10, 13, 12), (2, 1, 6, 4, 3, 5, 7, 9, 8, 12, 10, 11, 13), (1, 5, 2, 3, 9, 4, 8, 6, 7, 11, 10, 12, 13)}
M(A) = 
[[1, 2, 3, 4, 5, 6, 7, 8, 9, 10, 11, 12, 13]]
Distance: 50
B = 
{(1, 2, 4, 3, 6, 9, 8, 5, 7, 10, 12, 11, 13), (1, 3, 2, 6, 5, 7, 4, 10, 8, 11, 13, 12, 9), (1, 2, 3, 4, 5, 7, 6, 8, 9, 11, 10, 12, 13), (1, 2, 3, 4, 5, 6, 7, 8, 10, 9, 11, 12, 13), (1, 4, 2, 3, 5, 7, 6, 9, 8, 10, 11, 12, 13), (2, 1, 3, 5, 4, 7, 6, 8, 9, 10, 11, 12, 13), (2, 1, 4, 11, 6, 7, 5, 9, 3, 8, 13, 12, 10)}
M(B) = 
[[1, 2, 3, 4, 5, 6, 7, 8, 9, 10, 11, 12, 13]]
Distance: 48
M(A) inter A:
set()
M(B) inter B:
set()

AUB = 
{(3, 1, 2, 6, 7, 5, 4, 8, 10, 9, 11, 12, 13), (2, 1, 3, 4, 6, 5, 7, 8, 9, 10, 12, 11, 13), (1, 4, 3, 2, 5, 7, 6, 10, 8, 11, 9, 12, 13), (1, 2, 3, 4, 5, 7, 12, 6, 8, 10, 9, 11, 13), (1, 2, 4, 3, 5, 7, 9, 8, 6, 11, 10, 13, 12), (1, 2, 4, 3, 6, 9, 8, 5, 7, 10, 12, 11, 13), (2, 1, 6, 4, 3, 5, 7, 9, 8, 12, 10, 11, 13), (1, 3, 2, 6, 5, 7, 4, 10, 8, 11, 13, 12, 9), (1, 2, 3, 4, 5, 7, 6, 8, 9, 11, 10, 12, 13), (1, 2, 3, 4, 5, 6, 7, 8, 10, 9, 11, 12, 13), (1, 4, 2, 3, 5, 7, 6, 9, 8, 10, 11, 12, 13), (1, 5, 2, 3, 9, 4, 8, 6, 7, 11, 10, 12, 13), (2, 1, 3, 5, 4, 7, 6, 8, 9, 10, 11, 12, 13), (2, 1, 4, 11, 6, 7, 5, 9, 3, 8, 13, 12, 10)}
M(AUB) = 
[[1, 2, 3, 4, 5, 6, 7, 8, 9, 10, 11, 12, 13]]
Distance:98

(15)
A = 
{(1, 2, 3, 4, 5, 6, 7, 8, 9, 10, 11, 12, 13), (1, 3, 2, 5, 6, 7, 4, 12, 11, 10, 8, 9, 13), (2, 1, 5, 4, 3, 6, 7, 8, 9, 10, 12, 11, 13), (5, 1, 4, 2, 8, 3, 7, 10, 9, 12, 6, 13, 11), (1, 2, 4, 5, 6, 7, 3, 8, 10, 9, 12, 13, 11), (3, 2, 1, 5, 4, 10, 8, 7, 9, 6, 11, 13, 12), (1, 2, 3, 4, 5, 8, 6, 9, 7, 10, 11, 12, 13)}
M(A) = 
[[1, 2, 3, 5, 4, 6, 7, 8, 9, 10, 11, 12, 13], [1, 2, 3, 5, 4, 6, 7, 8, 10, 9, 11, 12, 13]]
Distance: 54
B = 
{(3, 1, 2, 6, 4, 7, 10, 5, 8, 9, 12, 13, 11), (2, 3, 7, 1, 5, 4, 6, 8, 11, 9, 12, 13, 10), (2, 3, 1, 7, 5, 6, 4, 10, 9, 8, 11, 12, 13), (3, 1, 4, 6, 2, 7, 5, 9, 8, 12, 10, 11, 13), (2, 1, 5, 6, 9, 8, 4, 3, 10, 11, 13, 12, 7), (1, 9, 3, 6, 4, 2, 5, 7, 11, 12, 13, 8, 10), (3, 1, 2, 5, 4, 7, 6, 8, 11, 10, 12, 9, 13)}
M(B) = 
[[1, 2, 3, 5, 4, 6, 7, 8, 9, 10, 11, 12, 13], [1, 2, 3, 5, 4, 6, 7, 8, 10, 9, 11, 12, 13]]
Distance: 77
M(A) inter A:
set()
M(B) inter B:
set()

AUB = 
{(3, 1, 2, 6, 4, 7, 10, 5, 8, 9, 12, 13, 11), (1, 2, 3, 4, 5, 6, 7, 8, 9, 10, 11, 12, 13), (1, 3, 2, 5, 6, 7, 4, 12, 11, 10, 8, 9, 13), (2, 1, 5, 4, 3, 6, 7, 8, 9, 10, 12, 11, 13), (2, 3, 7, 1, 5, 4, 6, 8, 11, 9, 12, 13, 10), (2, 3, 1, 7, 5, 6, 4, 10, 9, 8, 11, 12, 13), (5, 1, 4, 2, 8, 3, 7, 10, 9, 12, 6, 13, 11), (1, 2, 4, 5, 6, 7, 3, 8, 10, 9, 12, 13, 11), (3, 2, 1, 5, 4, 10, 8, 7, 9, 6, 11, 13, 12), (1, 2, 3, 4, 5, 8, 6, 9, 7, 10, 11, 12, 13), (3, 1, 4, 6, 2, 7, 5, 9, 8, 12, 10, 11, 13), (2, 1, 5, 6, 9, 8, 4, 3, 10, 11, 13, 12, 7), (1, 9, 3, 6, 4, 2, 5, 7, 11, 12, 13, 8, 10), (3, 1, 2, 5, 4, 7, 6, 8, 11, 10, 12, 9, 13)}
M(AUB) = 
[[1, 2, 3, 5, 4, 6, 7, 8, 9, 10, 11, 12, 13], [1, 2, 3, 5, 4, 6, 7, 8, 10, 9, 11, 12, 13]]
Distance:139

(16)
A = 
{(1, 4, 2, 5, 3, 7, 8, 6, 9, 10, 11, 13, 12), (1, 7, 2, 5, 4, 6, 3, 9, 10, 8, 11, 13, 12), (2, 1, 9, 3, 5, 4, 8, 7, 6, 10, 13, 12, 11), (2, 1, 3, 5, 4, 6, 11, 8, 7, 12, 9, 10, 13), (2, 4, 1, 3, 5, 10, 9, 7, 11, 13, 8, 6, 12), (2, 6, 1, 5, 3, 4, 9, 7, 11, 8, 12, 10, 13), (3, 4, 2, 1, 6, 7, 9, 5, 8, 11, 10, 12, 13)}
M(A) = 
[[1, 2, 3, 4, 5, 6, 7, 8, 9, 10, 11, 12, 13], [1, 2, 3, 4, 5, 6, 7, 8, 9, 11, 10, 12, 13], [1, 2, 3, 5, 4, 6, 7, 8, 9, 10, 11, 12, 13], [1, 2, 3, 5, 4, 6, 7, 8, 9, 11, 10, 12, 13]]
Distance: 71
B = 
{(1, 3, 2, 5, 4, 6, 7, 8, 9, 10, 12, 11, 13), (2, 6, 1, 8, 4, 3, 5, 10, 11, 7, 13, 9, 12), (1, 2, 3, 5, 4, 6, 8, 7, 9, 12, 11, 10, 13), (1, 2, 3, 4, 5, 7, 6, 8, 9, 11, 10, 12, 13), (1, 2, 6, 4, 3, 5, 7, 9, 10, 11, 13, 12, 8), (1, 2, 3, 8, 5, 6, 4, 11, 7, 10, 9, 12, 13), (1, 3, 4, 6, 2, 5, 7, 8, 9, 11, 10, 12, 13)}
M(B) = 
[[1, 2, 3, 4, 5, 6, 7, 8, 9, 10, 11, 12, 13], [1, 2, 3, 4, 5, 6, 7, 8, 9, 11, 10, 12, 13], [1, 2, 3, 5, 4, 6, 7, 8, 9, 10, 11, 12, 13], [1, 2, 3, 5, 4, 6, 7, 8, 9, 11, 10, 12, 13]]
Distance: 50
M(A) inter A:
set()
M(B) inter B:
set()

AUB = 
{(1, 4, 2, 5, 3, 7, 8, 6, 9, 10, 11, 13, 12), (1, 7, 2, 5, 4, 6, 3, 9, 10, 8, 11, 13, 12), (1, 3, 2, 5, 4, 6, 7, 8, 9, 10, 12, 11, 13), (2, 6, 1, 8, 4, 3, 5, 10, 11, 7, 13, 9, 12), (2, 1, 9, 3, 5, 4, 8, 7, 6, 10, 13, 12, 11), (2, 1, 3, 5, 4, 6, 11, 8, 7, 12, 9, 10, 13), (2, 4, 1, 3, 5, 10, 9, 7, 11, 13, 8, 6, 12), (1, 2, 3, 5, 4, 6, 8, 7, 9, 12, 11, 10, 13), (1, 2, 3, 4, 5, 7, 6, 8, 9, 11, 10, 12, 13), (1, 2, 6, 4, 3, 5, 7, 9, 10, 11, 13, 12, 8), (2, 6, 1, 5, 3, 4, 9, 7, 11, 8, 12, 10, 13), (1, 2, 3, 8, 5, 6, 4, 11, 7, 10, 9, 12, 13), (1, 3, 4, 6, 2, 5, 7, 8, 9, 11, 10, 12, 13), (3, 4, 2, 1, 6, 7, 9, 5, 8, 11, 10, 12, 13)}
M(AUB) = 
[[1, 2, 3, 4, 5, 6, 7, 8, 9, 10, 11, 12, 13], [1, 2, 3, 4, 5, 6, 7, 8, 9, 11, 10, 12, 13], [1, 2, 3, 5, 4, 6, 7, 8, 9, 10, 11, 12, 13], [1, 2, 3, 5, 4, 6, 7, 8, 9, 11, 10, 12, 13]]
Distance:131

(17)
A = 
{(4, 1, 5, 7, 2, 3, 6, 8, 10, 11, 12, 9, 13), (1, 2, 5, 4, 3, 7, 9, 6, 10, 8, 12, 11, 13), (1, 2, 5, 3, 4, 6, 7, 8, 9, 10, 11, 13, 12), (3, 1, 4, 2, 10, 6, 9, 7, 5, 13, 11, 12, 8), (2, 3, 1, 4, 6, 5, 7, 9, 10, 11, 8, 12, 13), (1, 2, 4, 3, 5, 6, 7, 9, 10, 8, 13, 12, 11), (3, 2, 7, 1, 5, 6, 8, 4, 10, 9, 11, 12, 13)}
M(A) = 
[[1, 2, 3, 5, 4, 6, 7, 8, 9, 10, 11, 12, 13], [1, 2, 3, 5, 4, 6, 7, 8, 9, 10, 12, 11, 13], [1, 2, 3, 5, 4, 6, 7, 8, 10, 9, 11, 12, 13], [1, 2, 3, 5, 4, 6, 7, 8, 10, 9, 12, 11, 13], [1, 2, 5, 3, 4, 6, 7, 8, 9, 10, 11, 12, 13], [1, 2, 5, 3, 4, 6, 7, 8, 9, 10, 12, 11, 13], [1, 2, 5, 3, 4, 6, 7, 8, 10, 9, 11, 12, 13], [1, 2, 5, 3, 4, 6, 7, 8, 10, 9, 12, 11, 13]]
Distance: 61
B = 
{(1, 2, 3, 4, 5, 6, 8, 7, 9, 10, 12, 13, 11), (2, 5, 3, 6, 4, 8, 1, 7, 10, 9, 12, 11, 13), (5, 2, 1, 3, 4, 7, 11, 6, 9, 12, 8, 10, 13), (1, 5, 2, 3, 6, 4, 10, 7, 8, 13, 9, 12, 11), (2, 3, 5, 1, 8, 4, 6, 7, 10, 12, 9, 11, 13), (1, 3, 2, 4, 5, 7, 6, 8, 10, 9, 11, 12, 13), (1, 5, 2, 9, 3, 8, 7, 6, 4, 10, 13, 12, 11)}
M(B) = 
[[1, 2, 3, 5, 4, 6, 7, 8, 9, 10, 11, 12, 13], [1, 2, 3, 5, 4, 6, 7, 8, 9, 10, 12, 11, 13], [1, 2, 3, 5, 4, 6, 7, 8, 10, 9, 11, 12, 13], [1, 2, 3, 5, 4, 6, 7, 8, 10, 9, 12, 11, 13], [1, 2, 5, 3, 4, 6, 7, 8, 9, 10, 11, 12, 13], [1, 2, 5, 3, 4, 6, 7, 8, 9, 10, 12, 11, 13], [1, 2, 5, 3, 4, 6, 7, 8, 10, 9, 11, 12, 13], [1, 2, 5, 3, 4, 6, 7, 8, 10, 9, 12, 11, 13]]
Distance: 60
M(A) inter A:
set()
M(B) inter B:
set()

AUB = 
{(4, 1, 5, 7, 2, 3, 6, 8, 10, 11, 12, 9, 13), (1, 2, 3, 4, 5, 6, 8, 7, 9, 10, 12, 13, 11), (1, 2, 5, 4, 3, 7, 9, 6, 10, 8, 12, 11, 13), (1, 2, 5, 3, 4, 6, 7, 8, 9, 10, 11, 13, 12), (3, 1, 4, 2, 10, 6, 9, 7, 5, 13, 11, 12, 8), (2, 3, 1, 4, 6, 5, 7, 9, 10, 11, 8, 12, 13), (2, 5, 3, 6, 4, 8, 1, 7, 10, 9, 12, 11, 13), (5, 2, 1, 3, 4, 7, 11, 6, 9, 12, 8, 10, 13), (1, 5, 2, 3, 6, 4, 10, 7, 8, 13, 9, 12, 11), (1, 2, 4, 3, 5, 6, 7, 9, 10, 8, 13, 12, 11), (3, 2, 7, 1, 5, 6, 8, 4, 10, 9, 11, 12, 13), (2, 3, 5, 1, 8, 4, 6, 7, 10, 12, 9, 11, 13), (1, 3, 2, 4, 5, 7, 6, 8, 10, 9, 11, 12, 13), (1, 5, 2, 9, 3, 8, 7, 6, 4, 10, 13, 12, 11)}
M(AUB) = 
[[1, 2, 3, 5, 4, 6, 7, 8, 9, 10, 11, 12, 13], [1, 2, 3, 5, 4, 6, 7, 8, 9, 10, 12, 11, 13], [1, 2, 3, 5, 4, 6, 7, 8, 10, 9, 11, 12, 13], [1, 2, 3, 5, 4, 6, 7, 8, 10, 9, 12, 11, 13], [1, 2, 5, 3, 4, 6, 7, 8, 9, 10, 11, 12, 13], [1, 2, 5, 3, 4, 6, 7, 8, 9, 10, 12, 11, 13], [1, 2, 5, 3, 4, 6, 7, 8, 10, 9, 11, 12, 13], [1, 2, 5, 3, 4, 6, 7, 8, 10, 9, 12, 11, 13]]
Distance:130

(18)
A = 
{(2, 7, 1, 4, 3, 5, 8, 10, 9, 6, 13, 11, 12), (1, 3, 2, 4, 6, 5, 8, 12, 7, 9, 10, 11, 13), (3, 2, 1, 7, 5, 6, 8, 4, 9, 11, 12, 10, 13), (3, 1, 2, 4, 6, 5, 9, 7, 8, 10, 12, 11, 13), (4, 1, 2, 3, 5, 6, 8, 7, 9, 10, 12, 11, 13), (1, 2, 3, 4, 5, 7, 8, 9, 6, 11, 10, 13, 12), (3, 1, 4, 2, 9, 5, 8, 6, 11, 7, 13, 10, 12)}
M(A) = 
[[1, 2, 3, 4, 5, 6, 7, 8, 9, 10, 11, 12, 13], [1, 2, 3, 4, 5, 6, 7, 8, 9, 10, 12, 11, 13], [1, 3, 2, 4, 5, 6, 7, 8, 9, 10, 11, 12, 13], [1, 3, 2, 4, 5, 6, 7, 8, 9, 10, 12, 11, 13]]
Distance: 59
B = 
{(2, 1, 3, 5, 6, 8, 4, 10, 7, 9, 13, 12, 11), (3, 1, 2, 5, 4, 6, 8, 9, 7, 12, 10, 11, 13), (1, 7, 4, 3, 6, 2, 9, 5, 12, 13, 8, 11, 10), (1, 2, 4, 3, 5, 6, 7, 8, 9, 10, 11, 13, 12), (5, 2, 3, 6, 10, 1, 7, 4, 9, 12, 13, 11, 8), (1, 3, 2, 4, 7, 5, 6, 8, 10, 11, 9, 12, 13), (1, 2, 3, 4, 5, 7, 6, 8, 9, 11, 10, 13, 12)}
M(B) = 
[[1, 2, 3, 4, 5, 6, 7, 8, 9, 10, 11, 12, 13], [1, 2, 3, 4, 5, 6, 7, 8, 9, 10, 12, 11, 13], [1, 3, 2, 4, 5, 6, 7, 8, 9, 10, 11, 12, 13], [1, 3, 2, 4, 5, 6, 7, 8, 9, 10, 12, 11, 13]]
Distance: 65
M(A) inter A:
set()
M(B) inter B:
set()

AUB = 
{(2, 7, 1, 4, 3, 5, 8, 10, 9, 6, 13, 11, 12), (2, 1, 3, 5, 6, 8, 4, 10, 7, 9, 13, 12, 11), (1, 3, 2, 4, 6, 5, 8, 12, 7, 9, 10, 11, 13), (3, 2, 1, 7, 5, 6, 8, 4, 9, 11, 12, 10, 13), (3, 1, 2, 5, 4, 6, 8, 9, 7, 12, 10, 11, 13), (1, 7, 4, 3, 6, 2, 9, 5, 12, 13, 8, 11, 10), (3, 1, 2, 4, 6, 5, 9, 7, 8, 10, 12, 11, 13), (1, 2, 4, 3, 5, 6, 7, 8, 9, 10, 11, 13, 12), (5, 2, 3, 6, 10, 1, 7, 4, 9, 12, 13, 11, 8), (4, 1, 2, 3, 5, 6, 8, 7, 9, 10, 12, 11, 13), (1, 3, 2, 4, 7, 5, 6, 8, 10, 11, 9, 12, 13), (1, 2, 3, 4, 5, 7, 8, 9, 6, 11, 10, 13, 12), (1, 2, 3, 4, 5, 7, 6, 8, 9, 11, 10, 13, 12), (3, 1, 4, 2, 9, 5, 8, 6, 11, 7, 13, 10, 12)}
M(AUB) = 
[[1, 2, 3, 4, 5, 6, 7, 8, 9, 10, 11, 12, 13], [1, 2, 3, 4, 5, 6, 7, 8, 9, 10, 12, 11, 13], [1, 3, 2, 4, 5, 6, 7, 8, 9, 10, 11, 12, 13], [1, 3, 2, 4, 5, 6, 7, 8, 9, 10, 12, 11, 13]]
Distance:126

(19)
A = 
{(2, 1, 3, 6, 5, 4, 7, 8, 11, 9, 10, 13, 12), (3, 1, 2, 7, 5, 4, 6, 11, 10, 9, 12, 13, 8), (2, 1, 3, 5, 4, 6, 7, 8, 9, 13, 10, 11, 12), (3, 6, 4, 1, 2, 9, 5, 7, 11, 10, 13, 8, 12), (2, 1, 3, 4, 7, 5, 6, 8, 10, 9, 12, 11, 13), (1, 3, 2, 5, 4, 6, 7, 8, 9, 11, 10, 13, 12), (2, 1, 4, 3, 5, 10, 6, 7, 9, 13, 12, 8, 11)}
M(A) = 
[[2, 1, 3, 4, 5, 6, 7, 8, 9, 10, 11, 12, 13]]
Distance: 57
B = 
{(1, 4, 2, 3, 6, 9, 5, 7, 8, 10, 11, 12, 13), (2, 1, 4, 3, 5, 6, 8, 12, 7, 9, 13, 10, 11), (1, 6, 2, 3, 5, 7, 4, 9, 8, 10, 11, 12, 13), (1, 6, 2, 3, 5, 7, 4, 8, 10, 11, 9, 13, 12), (2, 1, 4, 3, 7, 5, 9, 8, 11, 10, 6, 12, 13), (3, 2, 4, 1, 6, 5, 8, 7, 10, 11, 9, 12, 13), (2, 1, 8, 4, 5, 6, 3, 7, 10, 9, 11, 12, 13)}
M(B) = 
[[2, 1, 3, 4, 5, 6, 7, 8, 9, 10, 11, 12, 13]]
Distance: 56
M(A) inter A:
set()
M(B) inter B:
set()

AUB = 
{(1, 4, 2, 3, 6, 9, 5, 7, 8, 10, 11, 12, 13), (2, 1, 3, 6, 5, 4, 7, 8, 11, 9, 10, 13, 12), (3, 1, 2, 7, 5, 4, 6, 11, 10, 9, 12, 13, 8), (2, 1, 3, 5, 4, 6, 7, 8, 9, 13, 10, 11, 12), (2, 1, 4, 3, 5, 6, 8, 12, 7, 9, 13, 10, 11), (3, 6, 4, 1, 2, 9, 5, 7, 11, 10, 13, 8, 12), (2, 1, 3, 4, 7, 5, 6, 8, 10, 9, 12, 11, 13), (1, 6, 2, 3, 5, 7, 4, 9, 8, 10, 11, 12, 13), (1, 3, 2, 5, 4, 6, 7, 8, 9, 11, 10, 13, 12), (2, 1, 4, 3, 5, 10, 6, 7, 9, 13, 12, 8, 11), (1, 6, 2, 3, 5, 7, 4, 8, 10, 11, 9, 13, 12), (2, 1, 4, 3, 7, 5, 9, 8, 11, 10, 6, 12, 13), (3, 2, 4, 1, 6, 5, 8, 7, 10, 11, 9, 12, 13), (2, 1, 8, 4, 5, 6, 3, 7, 10, 9, 11, 12, 13)}
M(AUB) = 
[[2, 1, 3, 4, 5, 6, 7, 8, 9, 10, 11, 12, 13]]
Distance:120

(20)
A = 
{(3, 1, 4, 2, 5, 7, 6, 8, 9, 10, 13, 12, 11), (2, 1, 4, 5, 3, 6, 7, 9, 8, 11, 10, 13, 12), (2, 3, 4, 1, 5, 9, 8, 10, 6, 12, 7, 13, 11), (2, 1, 5, 6, 8, 10, 4, 7, 3, 9, 12, 11, 13), (1, 2, 5, 3, 4, 6, 7, 8, 9, 11, 10, 12, 13), (2, 4, 3, 8, 1, 5, 10, 7, 6, 9, 13, 12, 11), (3, 6, 1, 8, 4, 7, 2, 5, 10, 9, 13, 12, 11)}
M(A) = 
[[1, 2, 3, 4, 5, 6, 7, 8, 9, 10, 12, 11, 13], [1, 2, 3, 4, 5, 6, 8, 7, 9, 10, 12, 11, 13], [2, 1, 3, 4, 5, 6, 7, 8, 9, 10, 12, 11, 13], [2, 1, 3, 4, 5, 6, 8, 7, 9, 10, 12, 11, 13]]
Distance: 68
B = 
{(2, 1, 4, 5, 6, 3, 10, 8, 9, 7, 12, 11, 13), (3, 2, 6, 1, 5, 7, 4, 8, 9, 10, 12, 13, 11), (1, 2, 4, 5, 3, 6, 8, 7, 11, 9, 10, 12, 13), (2, 1, 3, 9, 6, 5, 4, 8, 7, 11, 10, 12, 13), (1, 2, 4, 5, 3, 7, 6, 9, 8, 12, 10, 13, 11), (1, 3, 2, 4, 5, 6, 7, 9, 12, 8, 11, 13, 10), (1, 2, 3, 4, 5, 6, 7, 8, 11, 10, 9, 12, 13)}
M(B) = 
[[1, 2, 3, 4, 5, 6, 7, 8, 9, 10, 12, 11, 13], [1, 2, 3, 4, 5, 6, 8, 7, 9, 10, 12, 11, 13], [2, 1, 3, 4, 5, 6, 7, 8, 9, 10, 12, 11, 13], [2, 1, 3, 4, 5, 6, 8, 7, 9, 10, 12, 11, 13]]
Distance: 52
M(A) inter A:
set()
M(B) inter B:
set()

AUB = 
{(2, 1, 4, 5, 6, 3, 10, 8, 9, 7, 12, 11, 13), (3, 2, 6, 1, 5, 7, 4, 8, 9, 10, 12, 13, 11), (3, 1, 4, 2, 5, 7, 6, 8, 9, 10, 13, 12, 11), (1, 2, 4, 5, 3, 6, 8, 7, 11, 9, 10, 12, 13), (2, 1, 4, 5, 3, 6, 7, 9, 8, 11, 10, 13, 12), (2, 1, 3, 9, 6, 5, 4, 8, 7, 11, 10, 12, 13), (2, 3, 4, 1, 5, 9, 8, 10, 6, 12, 7, 13, 11), (2, 1, 5, 6, 8, 10, 4, 7, 3, 9, 12, 11, 13), (1, 2, 4, 5, 3, 7, 6, 9, 8, 12, 10, 13, 11), (1, 2, 5, 3, 4, 6, 7, 8, 9, 11, 10, 12, 13), (1, 3, 2, 4, 5, 6, 7, 9, 12, 8, 11, 13, 10), (2, 4, 3, 8, 1, 5, 10, 7, 6, 9, 13, 12, 11), (3, 6, 1, 8, 4, 7, 2, 5, 10, 9, 13, 12, 11), (1, 2, 3, 4, 5, 6, 7, 8, 11, 10, 9, 12, 13)}
M(AUB) = 
[[1, 2, 3, 4, 5, 6, 7, 8, 9, 10, 12, 11, 13], [1, 2, 3, 4, 5, 6, 8, 7, 9, 10, 12, 11, 13], [2, 1, 3, 4, 5, 6, 7, 8, 9, 10, 12, 11, 13], [2, 1, 3, 4, 5, 6, 8, 7, 9, 10, 12, 11, 13]]
Distance:125

(21)
A = 
{(4, 1, 3, 2, 9, 7, 6, 13, 5, 10, 12, 8, 11), (1, 2, 5, 3, 4, 6, 8, 11, 9, 7, 10, 12, 13), (4, 1, 2, 3, 5, 6, 7, 8, 9, 10, 11, 12, 13), (1, 2, 3, 5, 4, 6, 7, 8, 10, 9, 11, 12, 13), (3, 2, 1, 5, 9, 4, 10, 8, 12, 6, 11, 13, 7), (3, 1, 2, 4, 5, 6, 10, 7, 8, 9, 11, 13, 12), (1, 2, 3, 5, 4, 7, 8, 9, 6, 11, 13, 10, 12)}
M(A) = 
[[1, 2, 3, 4, 5, 6, 7, 8, 9, 10, 11, 12, 13], [1, 2, 3, 5, 4, 6, 7, 8, 9, 10, 11, 12, 13], [1, 2, 4, 3, 5, 6, 7, 8, 9, 10, 11, 12, 13]]
Distance: 61
B = 
{(1, 2, 5, 3, 4, 8, 6, 7, 9, 11, 12, 10, 13), (3, 1, 2, 5, 6, 4, 8, 7, 10, 9, 11, 12, 13), (4, 1, 2, 6, 3, 8, 5, 7, 11, 12, 13, 10, 9), (2, 5, 1, 4, 3, 6, 8, 9, 11, 7, 10, 13, 12), (2, 4, 1, 3, 6, 9, 7, 8, 5, 13, 11, 12, 10), (1, 4, 3, 2, 6, 7, 5, 9, 8, 10, 12, 11, 13), (1, 2, 4, 3, 5, 7, 6, 8, 9, 10, 11, 12, 13)}
M(B) = 
[[1, 2, 3, 4, 5, 6, 7, 8, 9, 10, 11, 12, 13], [1, 2, 3, 5, 4, 6, 7, 8, 9, 10, 11, 12, 13], [1, 2, 4, 3, 5, 6, 7, 8, 9, 10, 11, 12, 13]]
Distance: 54
M(A) inter A:
set()
M(B) inter B:
set()

AUB = 
{(1, 2, 5, 3, 4, 8, 6, 7, 9, 11, 12, 10, 13), (3, 1, 2, 5, 6, 4, 8, 7, 10, 9, 11, 12, 13), (4, 1, 3, 2, 9, 7, 6, 13, 5, 10, 12, 8, 11), (1, 2, 5, 3, 4, 6, 8, 11, 9, 7, 10, 12, 13), (4, 1, 2, 6, 3, 8, 5, 7, 11, 12, 13, 10, 9), (2, 5, 1, 4, 3, 6, 8, 9, 11, 7, 10, 13, 12), (2, 4, 1, 3, 6, 9, 7, 8, 5, 13, 11, 12, 10), (4, 1, 2, 3, 5, 6, 7, 8, 9, 10, 11, 12, 13), (1, 2, 3, 5, 4, 6, 7, 8, 10, 9, 11, 12, 13), (3, 2, 1, 5, 9, 4, 10, 8, 12, 6, 11, 13, 7), (3, 1, 2, 4, 5, 6, 10, 7, 8, 9, 11, 13, 12), (1, 4, 3, 2, 6, 7, 5, 9, 8, 10, 12, 11, 13), (1, 2, 3, 5, 4, 7, 8, 9, 6, 11, 13, 10, 12), (1, 2, 4, 3, 5, 7, 6, 8, 9, 10, 11, 12, 13)}
M(AUB) = 
[[1, 2, 3, 4, 5, 6, 7, 8, 9, 10, 11, 12, 13], [1, 2, 3, 5, 4, 6, 7, 8, 9, 10, 11, 12, 13], [1, 2, 4, 3, 5, 6, 7, 8, 9, 10, 11, 12, 13]]
Distance:121

(22)
A = 
{(1, 7, 2, 4, 3, 5, 6, 8, 9, 10, 11, 12, 13), (1, 3, 2, 6, 4, 7, 8, 5, 9, 10, 11, 13, 12), (7, 1, 3, 2, 5, 8, 6, 4, 9, 11, 10, 13, 12), (1, 3, 2, 5, 4, 9, 6, 8, 7, 10, 11, 12, 13), (1, 2, 3, 4, 6, 7, 5, 8, 9, 10, 11, 13, 12), (3, 1, 2, 6, 4, 5, 7, 11, 9, 8, 12, 13, 10), (2, 3, 1, 5, 4, 10, 6, 7, 8, 9, 12, 11, 13)}
M(A) = 
[[1, 2, 3, 4, 5, 7, 6, 8, 9, 10, 11, 12, 13], [1, 2, 3, 4, 7, 5, 6, 8, 9, 10, 11, 12, 13]]
Distance: 51
B = 
{(1, 4, 3, 9, 7, 2, 6, 5, 8, 10, 11, 12, 13), (1, 2, 3, 4, 5, 7, 6, 8, 9, 10, 12, 11, 13), (2, 1, 3, 7, 6, 4, 12, 8, 9, 5, 10, 13, 11), (5, 2, 4, 1, 3, 9, 7, 10, 6, 8, 11, 12, 13), (1, 2, 3, 5, 4, 7, 6, 8, 10, 9, 11, 12, 13), (2, 7, 6, 1, 4, 9, 5, 3, 12, 8, 10, 11, 13), (1, 5, 7, 2, 3, 4, 6, 10, 12, 9, 8, 11, 13)}
M(B) = 
[[1, 2, 3, 4, 5, 7, 6, 8, 9, 10, 11, 12, 13], [1, 2, 3, 4, 7, 5, 6, 8, 9, 10, 11, 12, 13]]
Distance: 66
M(A) inter A:
set()
M(B) inter B:
set()

AUB = 
{(1, 4, 3, 9, 7, 2, 6, 5, 8, 10, 11, 12, 13), (1, 2, 3, 4, 5, 7, 6, 8, 9, 10, 12, 11, 13), (1, 7, 2, 4, 3, 5, 6, 8, 9, 10, 11, 12, 13), (2, 1, 3, 7, 6, 4, 12, 8, 9, 5, 10, 13, 11), (5, 2, 4, 1, 3, 9, 7, 10, 6, 8, 11, 12, 13), (1, 3, 2, 6, 4, 7, 8, 5, 9, 10, 11, 13, 12), (7, 1, 3, 2, 5, 8, 6, 4, 9, 11, 10, 13, 12), (1, 3, 2, 5, 4, 9, 6, 8, 7, 10, 11, 12, 13), (1, 2, 3, 4, 6, 7, 5, 8, 9, 10, 11, 13, 12), (3, 1, 2, 6, 4, 5, 7, 11, 9, 8, 12, 13, 10), (1, 2, 3, 5, 4, 7, 6, 8, 10, 9, 11, 12, 13), (2, 7, 6, 1, 4, 9, 5, 3, 12, 8, 10, 11, 13), (1, 5, 7, 2, 3, 4, 6, 10, 12, 9, 8, 11, 13), (2, 3, 1, 5, 4, 10, 6, 7, 8, 9, 12, 11, 13)}
M(AUB) = 
[[1, 2, 3, 4, 5, 7, 6, 8, 9, 10, 11, 12, 13], [1, 2, 3, 4, 7, 5, 6, 8, 9, 10, 11, 12, 13]]
Distance:123

(23)
A = 
{(2, 1, 6, 3, 5, 7, 11, 8, 4, 9, 13, 12, 10), (2, 4, 1, 7, 3, 9, 5, 11, 6, 8, 10, 13, 12), (4, 3, 2, 1, 5, 8, 9, 7, 6, 13, 10, 11, 12), (2, 3, 1, 4, 6, 7, 8, 5, 9, 10, 12, 13, 11), (2, 1, 4, 5, 3, 7, 8, 6, 10, 9, 11, 12, 13), (2, 1, 5, 3, 6, 4, 9, 8, 10, 12, 11, 7, 13), (2, 4, 1, 6, 5, 3, 8, 7, 9, 10, 11, 12, 13)}
M(A) = 
[[2, 1, 3, 4, 5, 6, 7, 8, 9, 10, 11, 12, 13], [2, 1, 3, 4, 5, 6, 7, 8, 9, 10, 12, 11, 13], [2, 1, 3, 4, 5, 6, 7, 9, 8, 10, 11, 12, 13], [2, 1, 3, 4, 5, 6, 7, 9, 8, 10, 12, 11, 13], [2, 1, 3, 5, 4, 6, 7, 8, 9, 10, 11, 12, 13], [2, 1, 3, 5, 4, 6, 7, 8, 9, 10, 12, 11, 13], [2, 1, 3, 5, 4, 6, 7, 9, 8, 10, 11, 12, 13], [2, 1, 3, 5, 4, 6, 7, 9, 8, 10, 12, 11, 13]]
Distance: 64
B = 
{(3, 1, 2, 9, 5, 4, 6, 8, 7, 10, 13, 12, 11), (3, 1, 5, 4, 2, 6, 10, 8, 7, 9, 12, 11, 13), (2, 3, 5, 1, 7, 4, 9, 8, 6, 10, 13, 12, 11), (1, 2, 3, 4, 7, 9, 5, 6, 8, 12, 13, 11, 10), (6, 2, 1, 5, 3, 10, 7, 9, 4, 12, 11, 13, 8), (3, 1, 2, 5, 6, 9, 13, 8, 4, 11, 7, 10, 12), (2, 1, 3, 4, 5, 6, 7, 8, 9, 10, 11, 12, 13)}
M(B) = 
[[2, 1, 3, 4, 5, 6, 7, 8, 9, 10, 11, 12, 13], [2, 1, 3, 4, 5, 6, 7, 8, 9, 10, 12, 11, 13], [2, 1, 3, 4, 5, 6, 7, 9, 8, 10, 11, 12, 13], [2, 1, 3, 4, 5, 6, 7, 9, 8, 10, 12, 11, 13], [2, 1, 3, 5, 4, 6, 7, 8, 9, 10, 11, 12, 13], [2, 1, 3, 5, 4, 6, 7, 8, 9, 10, 12, 11, 13], [2, 1, 3, 5, 4, 6, 7, 9, 8, 10, 11, 12, 13], [2, 1, 3, 5, 4, 6, 7, 9, 8, 10, 12, 11, 13]]
Distance: 71
M(A) inter A:
set()
M(B) inter B:
set()

AUB = 
{(3, 1, 2, 9, 5, 4, 6, 8, 7, 10, 13, 12, 11), (3, 1, 5, 4, 2, 6, 10, 8, 7, 9, 12, 11, 13), (2, 3, 5, 1, 7, 4, 9, 8, 6, 10, 13, 12, 11), (1, 2, 3, 4, 7, 9, 5, 6, 8, 12, 13, 11, 10), (2, 1, 6, 3, 5, 7, 11, 8, 4, 9, 13, 12, 10), (6, 2, 1, 5, 3, 10, 7, 9, 4, 12, 11, 13, 8), (2, 4, 1, 7, 3, 9, 5, 11, 6, 8, 10, 13, 12), (4, 3, 2, 1, 5, 8, 9, 7, 6, 13, 10, 11, 12), (2, 3, 1, 4, 6, 7, 8, 5, 9, 10, 12, 13, 11), (2, 1, 4, 5, 3, 7, 8, 6, 10, 9, 11, 12, 13), (2, 1, 5, 3, 6, 4, 9, 8, 10, 12, 11, 7, 13), (3, 1, 2, 5, 6, 9, 13, 8, 4, 11, 7, 10, 12), (2, 4, 1, 6, 5, 3, 8, 7, 9, 10, 11, 12, 13), (2, 1, 3, 4, 5, 6, 7, 8, 9, 10, 11, 12, 13)}
M(AUB) = 
[[2, 1, 3, 4, 5, 6, 7, 8, 9, 10, 11, 12, 13], [2, 1, 3, 4, 5, 6, 7, 8, 9, 10, 12, 11, 13], [2, 1, 3, 4, 5, 6, 7, 9, 8, 10, 11, 12, 13], [2, 1, 3, 4, 5, 6, 7, 9, 8, 10, 12, 11, 13], [2, 1, 3, 5, 4, 6, 7, 8, 9, 10, 11, 12, 13], [2, 1, 3, 5, 4, 6, 7, 8, 9, 10, 12, 11, 13], [2, 1, 3, 5, 4, 6, 7, 9, 8, 10, 11, 12, 13], [2, 1, 3, 5, 4, 6, 7, 9, 8, 10, 12, 11, 13]]
Distance:147

(24)
A = 
{(3, 1, 2, 5, 4, 7, 9, 6, 8, 10, 12, 11, 13), (8, 4, 1, 3, 7, 10, 2, 5, 6, 9, 13, 11, 12), (1, 2, 3, 5, 4, 6, 7, 8, 9, 10, 11, 12, 13), (1, 3, 2, 5, 4, 6, 8, 7, 10, 9, 12, 13, 11), (1, 3, 4, 5, 2, 6, 8, 7, 9, 10, 12, 11, 13), (1, 2, 4, 3, 5, 6, 9, 7, 12, 8, 10, 11, 13), (2, 1, 3, 4, 5, 6, 7, 8, 9, 10, 11, 12, 13)}
M(A) = 
[[1, 3, 2, 4, 5, 6, 7, 8, 9, 10, 11, 12, 13], [1, 3, 2, 4, 5, 6, 7, 8, 9, 10, 12, 11, 13]]
Distance: 44
B = 
{(3, 4, 2, 1, 7, 6, 5, 10, 8, 13, 9, 11, 12), (3, 1, 2, 6, 4, 5, 8, 7, 9, 10, 12, 11, 13), (3, 1, 4, 2, 5, 10, 6, 9, 7, 8, 12, 13, 11), (7, 2, 1, 3, 4, 5, 6, 12, 10, 8, 13, 11, 9), (1, 2, 5, 3, 6, 4, 9, 7, 10, 11, 8, 12, 13), (1, 5, 2, 3, 6, 4, 7, 9, 13, 8, 11, 12, 10), (3, 2, 5, 4, 1, 7, 6, 9, 11, 8, 10, 12, 13)}
M(B) = 
[[1, 3, 2, 4, 5, 6, 7, 8, 9, 10, 11, 12, 13], [1, 3, 2, 4, 5, 6, 7, 8, 9, 10, 12, 11, 13]]
Distance: 70
M(A) inter A:
set()
M(B) inter B:
set()

AUB = 
{(3, 4, 2, 1, 7, 6, 5, 10, 8, 13, 9, 11, 12), (3, 1, 2, 5, 4, 7, 9, 6, 8, 10, 12, 11, 13), (3, 1, 2, 6, 4, 5, 8, 7, 9, 10, 12, 11, 13), (8, 4, 1, 3, 7, 10, 2, 5, 6, 9, 13, 11, 12), (3, 1, 4, 2, 5, 10, 6, 9, 7, 8, 12, 13, 11), (1, 2, 3, 5, 4, 6, 7, 8, 9, 10, 11, 12, 13), (7, 2, 1, 3, 4, 5, 6, 12, 10, 8, 13, 11, 9), (1, 2, 5, 3, 6, 4, 9, 7, 10, 11, 8, 12, 13), (1, 3, 2, 5, 4, 6, 8, 7, 10, 9, 12, 13, 11), (1, 5, 2, 3, 6, 4, 7, 9, 13, 8, 11, 12, 10), (1, 3, 4, 5, 2, 6, 8, 7, 9, 10, 12, 11, 13), (3, 2, 5, 4, 1, 7, 6, 9, 11, 8, 10, 12, 13), (1, 2, 4, 3, 5, 6, 9, 7, 12, 8, 10, 11, 13), (2, 1, 3, 4, 5, 6, 7, 8, 9, 10, 11, 12, 13)}
M(AUB) = 
[[1, 3, 2, 4, 5, 6, 7, 8, 9, 10, 11, 12, 13], [1, 3, 2, 4, 5, 6, 7, 8, 9, 10, 12, 11, 13]]
Distance:118

(25)
A = 
{(4, 2, 1, 3, 7, 10, 5, 6, 8, 13, 9, 11, 12), (1, 4, 2, 3, 8, 6, 9, 5, 11, 7, 13, 10, 12), (2, 5, 3, 1, 4, 8, 7, 6, 9, 10, 11, 13, 12), (3, 5, 1, 2, 4, 7, 6, 8, 9, 12, 11, 10, 13), (1, 2, 3, 5, 4, 6, 7, 8, 9, 10, 12, 11, 13), (4, 1, 3, 2, 5, 7, 6, 9, 8, 10, 13, 12, 11), (2, 1, 3, 5, 7, 4, 8, 11, 13, 10, 6, 12, 9)}
M(A) = 
[[1, 2, 3, 4, 5, 6, 7, 8, 9, 10, 11, 13, 12], [1, 2, 3, 4, 5, 7, 6, 8, 9, 10, 11, 13, 12], [1, 2, 3, 5, 4, 6, 7, 8, 9, 10, 11, 13, 12], [1, 2, 3, 5, 4, 7, 6, 8, 9, 10, 11, 13, 12]]
Distance: 62
B = 
{(3, 2, 1, 5, 4, 10, 7, 6, 9, 13, 11, 8, 12), (1, 3, 2, 4, 5, 7, 10, 6, 8, 11, 9, 12, 13), (5, 6, 1, 2, 4, 3, 9, 7, 8, 12, 10, 11, 13), (1, 2, 5, 4, 3, 6, 8, 9, 7, 10, 11, 12, 13), (1, 2, 4, 3, 5, 6, 7, 8, 9, 10, 11, 13, 12), (1, 3, 2, 6, 4, 5, 9, 7, 8, 11, 12, 10, 13), (2, 1, 3, 4, 6, 5, 7, 8, 9, 10, 11, 13, 12)}
M(B) = 
[[1, 2, 3, 4, 5, 6, 7, 8, 9, 10, 11, 13, 12], [1, 2, 3, 4, 5, 7, 6, 8, 9, 10, 11, 13, 12], [1, 2, 3, 5, 4, 6, 7, 8, 9, 10, 11, 13, 12], [1, 2, 3, 5, 4, 7, 6, 8, 9, 10, 11, 13, 12]]
Distance: 50
M(A) inter A:
set()
M(B) inter B:
set()

AUB = 
{(3, 2, 1, 5, 4, 10, 7, 6, 9, 13, 11, 8, 12), (4, 2, 1, 3, 7, 10, 5, 6, 8, 13, 9, 11, 12), (1, 4, 2, 3, 8, 6, 9, 5, 11, 7, 13, 10, 12), (1, 3, 2, 4, 5, 7, 10, 6, 8, 11, 9, 12, 13), (2, 5, 3, 1, 4, 8, 7, 6, 9, 10, 11, 13, 12), (5, 6, 1, 2, 4, 3, 9, 7, 8, 12, 10, 11, 13), (3, 5, 1, 2, 4, 7, 6, 8, 9, 12, 11, 10, 13), (1, 2, 3, 5, 4, 6, 7, 8, 9, 10, 12, 11, 13), (1, 2, 5, 4, 3, 6, 8, 9, 7, 10, 11, 12, 13), (1, 2, 4, 3, 5, 6, 7, 8, 9, 10, 11, 13, 12), (4, 1, 3, 2, 5, 7, 6, 9, 8, 10, 13, 12, 11), (1, 3, 2, 6, 4, 5, 9, 7, 8, 11, 12, 10, 13), (2, 1, 3, 5, 7, 4, 8, 11, 13, 10, 6, 12, 9), (2, 1, 3, 4, 6, 5, 7, 8, 9, 10, 11, 13, 12)}
M(AUB) = 
[[1, 2, 3, 4, 5, 6, 7, 8, 9, 10, 11, 13, 12], [1, 2, 3, 4, 5, 7, 6, 8, 9, 10, 11, 13, 12], [1, 2, 3, 5, 4, 6, 7, 8, 9, 10, 11, 13, 12], [1, 2, 3, 5, 4, 7, 6, 8, 9, 10, 11, 13, 12]]
Distance:117

(26)
A = 
{(1, 2, 5, 3, 4, 6, 7, 8, 12, 10, 13, 11, 9), (4, 2, 1, 3, 6, 7, 5, 8, 10, 9, 11, 12, 13), (1, 5, 3, 2, 4, 7, 8, 6, 10, 9, 11, 12, 13), (4, 1, 2, 3, 5, 6, 10, 7, 13, 12, 8, 9, 11), (4, 1, 2, 3, 5, 7, 11, 9, 10, 13, 6, 12, 8), (3, 6, 2, 1, 8, 4, 7, 9, 5, 12, 13, 10, 11), (2, 1, 3, 6, 4, 5, 8, 7, 11, 10, 9, 12, 13)}
M(A) = 
[[1, 2, 3, 4, 5, 6, 7, 8, 9, 10, 11, 12, 13], [1, 2, 3, 4, 5, 6, 7, 8, 9, 10, 12, 11, 13], [1, 2, 3, 4, 5, 6, 7, 8, 10, 9, 11, 12, 13], [1, 2, 3, 4, 5, 6, 7, 8, 10, 9, 12, 11, 13]]
Distance: 72
B = 
{(1, 2, 5, 6, 3, 4, 8, 7, 9, 13, 10, 11, 12), (3, 2, 5, 1, 8, 4, 6, 9, 7, 10, 13, 12, 11), (1, 6, 2, 3, 4, 8, 10, 12, 5, 9, 7, 13, 11), (1, 2, 3, 4, 5, 8, 7, 6, 12, 10, 9, 11, 13), (1, 2, 3, 4, 5, 6, 7, 8, 9, 10, 12, 11, 13), (1, 2, 3, 4, 6, 5, 7, 8, 9, 10, 11, 13, 12), (2, 1, 4, 7, 6, 3, 9, 10, 5, 11, 8, 13, 12)}
M(B) = 
[[1, 2, 3, 4, 5, 6, 7, 8, 9, 10, 11, 12, 13], [1, 2, 3, 4, 5, 6, 7, 8, 9, 10, 12, 11, 13], [1, 2, 3, 4, 5, 6, 7, 8, 10, 9, 11, 12, 13], [1, 2, 3, 4, 5, 6, 7, 8, 10, 9, 12, 11, 13]]
Distance: 56
M(A) inter A:
set()
M(B) inter B:
set()

AUB = 
{(1, 2, 5, 3, 4, 6, 7, 8, 12, 10, 13, 11, 9), (1, 2, 5, 6, 3, 4, 8, 7, 9, 13, 10, 11, 12), (4, 2, 1, 3, 6, 7, 5, 8, 10, 9, 11, 12, 13), (3, 2, 5, 1, 8, 4, 6, 9, 7, 10, 13, 12, 11), (1, 5, 3, 2, 4, 7, 8, 6, 10, 9, 11, 12, 13), (1, 6, 2, 3, 4, 8, 10, 12, 5, 9, 7, 13, 11), (1, 2, 3, 4, 5, 8, 7, 6, 12, 10, 9, 11, 13), (1, 2, 3, 4, 5, 6, 7, 8, 9, 10, 12, 11, 13), (4, 1, 2, 3, 5, 6, 10, 7, 13, 12, 8, 9, 11), (4, 1, 2, 3, 5, 7, 11, 9, 10, 13, 6, 12, 8), (1, 2, 3, 4, 6, 5, 7, 8, 9, 10, 11, 13, 12), (2, 1, 4, 7, 6, 3, 9, 10, 5, 11, 8, 13, 12), (3, 6, 2, 1, 8, 4, 7, 9, 5, 12, 13, 10, 11), (2, 1, 3, 6, 4, 5, 8, 7, 11, 10, 9, 12, 13)}
M(AUB) = 
[[1, 2, 3, 4, 5, 6, 7, 8, 9, 10, 11, 12, 13], [1, 2, 3, 4, 5, 6, 7, 8, 9, 10, 12, 11, 13], [1, 2, 3, 4, 5, 6, 7, 8, 10, 9, 11, 12, 13], [1, 2, 3, 4, 5, 6, 7, 8, 10, 9, 12, 11, 13]]
Distance:133

(27)
A = 
{(2, 1, 7, 4, 5, 3, 10, 8, 6, 9, 12, 11, 13), (3, 6, 7, 2, 1, 5, 11, 4, 9, 10, 8, 12, 13), (1, 3, 6, 2, 4, 5, 8, 9, 7, 10, 11, 13, 12), (1, 2, 5, 6, 7, 3, 4, 8, 11, 9, 10, 13, 12), (1, 2, 3, 4, 5, 6, 7, 8, 9, 10, 11, 12, 13), (1, 6, 3, 7, 4, 2, 5, 10, 12, 8, 9, 13, 11), (1, 2, 3, 6, 4, 7, 5, 8, 9, 11, 10, 12, 13)}
M(A) = 
[[1, 3, 2, 6, 4, 5, 7, 8, 9, 11, 10, 12, 13]]
Distance: 59
B = 
{(2, 3, 1, 5, 4, 6, 7, 9, 8, 11, 10, 13, 12), (3, 1, 5, 2, 6, 7, 4, 11, 8, 10, 9, 13, 12), (1, 3, 4, 6, 5, 7, 2, 10, 8, 13, 9, 11, 12), (1, 2, 3, 4, 5, 6, 7, 8, 9, 10, 11, 12, 13), (1, 6, 2, 5, 3, 4, 8, 7, 12, 10, 9, 11, 13), (5, 3, 4, 1, 2, 6, 7, 11, 13, 10, 9, 12, 8), (3, 2, 1, 6, 4, 7, 8, 11, 12, 9, 13, 10, 5)}
M(B) = 
[[1, 3, 2, 6, 4, 5, 7, 8, 9, 11, 10, 12, 13]]
Distance: 70
M(A) inter A:
set()
M(B) inter B:
set()

AUB = 
{(2, 1, 7, 4, 5, 3, 10, 8, 6, 9, 12, 11, 13), (3, 6, 7, 2, 1, 5, 11, 4, 9, 10, 8, 12, 13), (2, 3, 1, 5, 4, 6, 7, 9, 8, 11, 10, 13, 12), (1, 3, 6, 2, 4, 5, 8, 9, 7, 10, 11, 13, 12), (3, 1, 5, 2, 6, 7, 4, 11, 8, 10, 9, 13, 12), (1, 3, 4, 6, 5, 7, 2, 10, 8, 13, 9, 11, 12), (1, 2, 5, 6, 7, 3, 4, 8, 11, 9, 10, 13, 12), (1, 2, 3, 4, 5, 6, 7, 8, 9, 10, 11, 12, 13), (1, 6, 2, 5, 3, 4, 8, 7, 12, 10, 9, 11, 13), (1, 6, 3, 7, 4, 2, 5, 10, 12, 8, 9, 13, 11), (5, 3, 4, 1, 2, 6, 7, 11, 13, 10, 9, 12, 8), (1, 2, 3, 6, 4, 7, 5, 8, 9, 11, 10, 12, 13), (3, 2, 1, 6, 4, 7, 8, 11, 12, 9, 13, 10, 5)}
M(AUB) = 
[[1, 3, 2, 6, 4, 5, 7, 8, 9, 11, 10, 12, 13]]
Distance:134

(28)
A = 
{(1, 4, 2, 3, 7, 5, 10, 6, 11, 13, 9, 12, 8), (2, 4, 1, 3, 5, 10, 7, 6, 11, 9, 8, 12, 13), (6, 3, 1, 4, 5, 7, 9, 2, 12, 13, 10, 8, 11), (2, 3, 1, 4, 6, 5, 9, 8, 7, 10, 12, 13, 11), (1, 2, 3, 4, 5, 6, 7, 8, 9, 12, 10, 11, 13), (1, 2, 3, 4, 6, 5, 7, 8, 9, 11, 10, 12, 13), (1, 2, 3, 4, 5, 6, 7, 8, 9, 11, 10, 12, 13)}
M(A) = 
[[1, 2, 3, 4, 5, 6, 7, 8, 9, 10, 11, 12, 13], [1, 2, 3, 4, 5, 6, 7, 9, 8, 10, 11, 12, 13]]
Distance: 56
B = 
{(2, 1, 3, 8, 5, 4, 11, 12, 6, 9, 7, 10, 13), (2, 1, 3, 4, 5, 6, 7, 10, 8, 9, 11, 13, 12), (2, 1, 5, 3, 9, 4, 7, 10, 12, 6, 8, 11, 13), (3, 1, 4, 2, 5, 7, 9, 10, 6, 8, 12, 13, 11), (5, 3, 1, 4, 2, 6, 13, 9, 7, 11, 12, 8, 10), (2, 5, 1, 3, 4, 6, 8, 7, 9, 10, 11, 12, 13), (1, 3, 5, 2, 4, 7, 6, 8, 11, 12, 9, 10, 13)}
M(B) = 
[[1, 2, 3, 4, 5, 6, 7, 8, 9, 10, 11, 12, 13], [1, 2, 3, 4, 5, 6, 7, 9, 8, 10, 11, 12, 13]]
Distance: 70
M(A) inter A:
set()
M(B) inter B:
set()

AUB = 
{(1, 4, 2, 3, 7, 5, 10, 6, 11, 13, 9, 12, 8), (2, 1, 3, 8, 5, 4, 11, 12, 6, 9, 7, 10, 13), (2, 4, 1, 3, 5, 10, 7, 6, 11, 9, 8, 12, 13), (6, 3, 1, 4, 5, 7, 9, 2, 12, 13, 10, 8, 11), (2, 1, 3, 4, 5, 6, 7, 10, 8, 9, 11, 13, 12), (2, 1, 5, 3, 9, 4, 7, 10, 12, 6, 8, 11, 13), (3, 1, 4, 2, 5, 7, 9, 10, 6, 8, 12, 13, 11), (5, 3, 1, 4, 2, 6, 13, 9, 7, 11, 12, 8, 10), (2, 3, 1, 4, 6, 5, 9, 8, 7, 10, 12, 13, 11), (2, 5, 1, 3, 4, 6, 8, 7, 9, 10, 11, 12, 13), (1, 3, 5, 2, 4, 7, 6, 8, 11, 12, 9, 10, 13), (1, 2, 3, 4, 5, 6, 7, 8, 9, 12, 10, 11, 13), (1, 2, 3, 4, 6, 5, 7, 8, 9, 11, 10, 12, 13), (1, 2, 3, 4, 5, 6, 7, 8, 9, 11, 10, 12, 13)}
M(AUB) = 
[[1, 2, 3, 4, 5, 6, 7, 8, 9, 10, 11, 12, 13], [1, 2, 3, 4, 5, 6, 7, 9, 8, 10, 11, 12, 13]]
Distance:131

(29)
A = 
{(1, 4, 5, 2, 3, 6, 7, 8, 9, 11, 10, 12, 13), (1, 5, 3, 2, 4, 6, 7, 9, 8, 10, 11, 12, 13), (1, 5, 3, 2, 4, 8, 6, 9, 7, 10, 11, 12, 13), (1, 2, 3, 5, 4, 6, 8, 7, 9, 10, 12, 11, 13), (5, 2, 1, 3, 4, 6, 7, 9, 11, 8, 12, 10, 13), (2, 4, 1, 7, 5, 9, 3, 8, 11, 6, 12, 10, 13), (1, 7, 3, 2, 8, 6, 13, 5, 4, 11, 10, 9, 12)}
M(A) = 
[[1, 2, 3, 4, 5, 6, 7, 8, 9, 11, 10, 12, 13], [1, 3, 2, 4, 5, 6, 7, 8, 9, 11, 10, 12, 13]]
Distance: 56
B = 
{(3, 1, 5, 7, 2, 11, 6, 4, 9, 10, 8, 13, 12), (2, 1, 6, 3, 7, 4, 8, 11, 10, 9, 12, 5, 13), (4, 1, 3, 2, 6, 5, 9, 10, 8, 7, 13, 11, 12), (3, 2, 1, 9, 4, 6, 8, 11, 5, 7, 12, 13, 10), (2, 1, 3, 4, 5, 8, 6, 7, 9, 11, 12, 10, 13), (1, 2, 3, 4, 5, 6, 7, 8, 9, 10, 12, 11, 13), (4, 5, 1, 3, 2, 6, 12, 8, 10, 11, 7, 9, 13)}
M(B) = 
[[1, 2, 3, 4, 5, 6, 7, 8, 9, 11, 10, 12, 13], [1, 3, 2, 4, 5, 6, 7, 8, 9, 11, 10, 12, 13]]
Distance: 78
M(A) inter A:
set()
M(B) inter B:
set()

AUB = 
{(1, 4, 5, 2, 3, 6, 7, 8, 9, 11, 10, 12, 13), (1, 5, 3, 2, 4, 6, 7, 9, 8, 10, 11, 12, 13), (3, 1, 5, 7, 2, 11, 6, 4, 9, 10, 8, 13, 12), (1, 5, 3, 2, 4, 8, 6, 9, 7, 10, 11, 12, 13), (2, 1, 6, 3, 7, 4, 8, 11, 10, 9, 12, 5, 13), (4, 1, 3, 2, 6, 5, 9, 10, 8, 7, 13, 11, 12), (1, 2, 3, 5, 4, 6, 8, 7, 9, 10, 12, 11, 13), (3, 2, 1, 9, 4, 6, 8, 11, 5, 7, 12, 13, 10), (5, 2, 1, 3, 4, 6, 7, 9, 11, 8, 12, 10, 13), (2, 1, 3, 4, 5, 8, 6, 7, 9, 11, 12, 10, 13), (2, 4, 1, 7, 5, 9, 3, 8, 11, 6, 12, 10, 13), (1, 2, 3, 4, 5, 6, 7, 8, 9, 10, 12, 11, 13), (1, 7, 3, 2, 8, 6, 13, 5, 4, 11, 10, 9, 12), (4, 5, 1, 3, 2, 6, 12, 8, 10, 11, 7, 9, 13)}
M(AUB) = 
[[1, 2, 3, 4, 5, 6, 7, 8, 9, 11, 10, 12, 13], [1, 3, 2, 4, 5, 6, 7, 8, 9, 11, 10, 12, 13]]
Distance:143

(30)
A = 
{(1, 7, 2, 3, 4, 6, 5, 8, 9, 10, 12, 11, 13), (2, 1, 3, 4, 5, 7, 8, 6, 9, 10, 11, 12, 13), (1, 2, 3, 9, 5, 4, 6, 7, 11, 8, 13, 12, 10), (1, 2, 4, 3, 5, 6, 9, 7, 8, 10, 11, 13, 12), (3, 2, 1, 4, 5, 6, 7, 8, 12, 9, 10, 11, 13), (2, 1, 3, 4, 5, 6, 7, 8, 11, 9, 10, 12, 13), (5, 3, 4, 2, 7, 9, 11, 6, 1, 13, 8, 10, 12)}
M(A) = 
[[1, 2, 3, 4, 5, 6, 7, 8, 9, 10, 11, 12, 13]]
Distance: 55
B = 
{(3, 1, 4, 2, 10, 5, 6, 7, 9, 11, 13, 8, 12), (1, 2, 4, 3, 5, 7, 6, 12, 10, 9, 13, 8, 11), (4, 1, 2, 3, 7, 5, 6, 9, 8, 11, 13, 12, 10), (1, 2, 3, 5, 4, 6, 7, 8, 11, 10, 9, 12, 13), (2, 1, 3, 4, 6, 5, 7, 8, 9, 10, 11, 12, 13), (3, 5, 2, 4, 6, 1, 8, 9, 10, 12, 7, 13, 11), (1, 3, 4, 5, 8, 6, 2, 9, 7, 11, 10, 12, 13)}
M(B) = 
[[1, 2, 3, 4, 5, 6, 7, 8, 9, 10, 11, 12, 13]]
Distance: 62
M(A) inter A:
set()
M(B) inter B:
set()

AUB = 
{(3, 1, 4, 2, 10, 5, 6, 7, 9, 11, 13, 8, 12), (1, 7, 2, 3, 4, 6, 5, 8, 9, 10, 12, 11, 13), (2, 1, 3, 4, 5, 7, 8, 6, 9, 10, 11, 12, 13), (1, 2, 4, 3, 5, 7, 6, 12, 10, 9, 13, 8, 11), (1, 2, 3, 9, 5, 4, 6, 7, 11, 8, 13, 12, 10), (1, 2, 4, 3, 5, 6, 9, 7, 8, 10, 11, 13, 12), (3, 2, 1, 4, 5, 6, 7, 8, 12, 9, 10, 11, 13), (4, 1, 2, 3, 7, 5, 6, 9, 8, 11, 13, 12, 10), (1, 2, 3, 5, 4, 6, 7, 8, 11, 10, 9, 12, 13), (2, 1, 3, 4, 5, 6, 7, 8, 11, 9, 10, 12, 13), (2, 1, 3, 4, 6, 5, 7, 8, 9, 10, 11, 12, 13), (5, 3, 4, 2, 7, 9, 11, 6, 1, 13, 8, 10, 12), (3, 5, 2, 4, 6, 1, 8, 9, 10, 12, 7, 13, 11), (1, 3, 4, 5, 8, 6, 2, 9, 7, 11, 10, 12, 13)}
M(AUB) = 
[[1, 2, 3, 4, 5, 6, 7, 8, 9, 10, 11, 12, 13]]
Distance:118

(31)
A = 
{(4, 1, 5, 7, 3, 6, 2, 9, 11, 8, 10, 12, 13), (1, 2, 4, 3, 5, 6, 7, 8, 9, 10, 11, 13, 12), (4, 1, 2, 5, 3, 6, 8, 9, 12, 10, 11, 13, 7), (1, 3, 2, 4, 7, 6, 5, 10, 8, 9, 11, 12, 13), (1, 3, 2, 4, 7, 5, 6, 8, 10, 11, 9, 12, 13), (1, 2, 3, 4, 5, 8, 7, 9, 13, 6, 10, 11, 12), (1, 2, 5, 3, 4, 7, 6, 8, 9, 10, 13, 11, 12)}
M(A) = 
[[1, 2, 3, 4, 5, 7, 6, 8, 9, 10, 11, 12, 13]]
Distance: 48
B = 
{(1, 3, 2, 4, 5, 7, 6, 8, 9, 11, 10, 12, 13), (2, 1, 3, 5, 4, 7, 6, 11, 9, 10, 12, 8, 13), (4, 2, 3, 1, 5, 8, 10, 6, 7, 12, 9, 13, 11), (2, 3, 1, 8, 4, 5, 7, 6, 9, 11, 12, 10, 13), (2, 3, 1, 4, 9, 7, 6, 5, 12, 8, 11, 10, 13), (1, 2, 3, 6, 4, 5, 7, 8, 9, 10, 11, 12, 13), (2, 5, 1, 4, 6, 8, 7, 3, 10, 9, 11, 13, 12)}
M(B) = 
[[1, 2, 3, 4, 5, 7, 6, 8, 9, 10, 11, 12, 13]]
Distance: 55
M(A) inter A:
set()
M(B) inter B:
set()

AUB = 
{(4, 1, 5, 7, 3, 6, 2, 9, 11, 8, 10, 12, 13), (1, 3, 2, 4, 5, 7, 6, 8, 9, 11, 10, 12, 13), (2, 1, 3, 5, 4, 7, 6, 11, 9, 10, 12, 8, 13), (4, 2, 3, 1, 5, 8, 10, 6, 7, 12, 9, 13, 11), (1, 2, 4, 3, 5, 6, 7, 8, 9, 10, 11, 13, 12), (4, 1, 2, 5, 3, 6, 8, 9, 12, 10, 11, 13, 7), (1, 3, 2, 4, 7, 6, 5, 10, 8, 9, 11, 12, 13), (1, 3, 2, 4, 7, 5, 6, 8, 10, 11, 9, 12, 13), (2, 3, 1, 8, 4, 5, 7, 6, 9, 11, 12, 10, 13), (2, 3, 1, 4, 9, 7, 6, 5, 12, 8, 11, 10, 13), (1, 2, 3, 6, 4, 5, 7, 8, 9, 10, 11, 12, 13), (1, 2, 3, 4, 5, 8, 7, 9, 13, 6, 10, 11, 12), (1, 2, 5, 3, 4, 7, 6, 8, 9, 10, 13, 11, 12), (2, 5, 1, 4, 6, 8, 7, 3, 10, 9, 11, 13, 12)}
M(AUB) = 
[[1, 2, 3, 4, 5, 7, 6, 8, 9, 10, 11, 12, 13]]
Distance:107

(32)
A = 
{(2, 1, 5, 3, 4, 6, 8, 7, 9, 10, 11, 12, 13), (3, 1, 2, 5, 4, 7, 6, 8, 10, 11, 9, 12, 13), (1, 3, 5, 2, 4, 6, 7, 9, 8, 12, 10, 11, 13), (2, 3, 1, 4, 8, 11, 5, 10, 6, 7, 12, 13, 9), (4, 7, 3, 5, 2, 1, 10, 6, 8, 13, 9, 11, 12), (4, 5, 1, 3, 2, 6, 10, 11, 13, 8, 7, 9, 12), (1, 2, 3, 4, 5, 6, 7, 8, 9, 11, 10, 12, 13)}
M(A) = 
[[1, 2, 3, 4, 5, 6, 7, 8, 10, 9, 11, 12, 13]]
Distance: 67
B = 
{(2, 4, 3, 9, 5, 1, 6, 10, 7, 11, 8, 12, 13), (1, 3, 2, 7, 4, 5, 8, 6, 10, 11, 9, 13, 12), (1, 2, 4, 3, 6, 8, 5, 10, 7, 9, 11, 13, 12), (4, 2, 5, 1, 6, 9, 3, 8, 10, 7, 12, 13, 11), (1, 3, 2, 4, 5, 6, 7, 8, 10, 9, 13, 12, 11), (1, 2, 3, 4, 5, 7, 8, 6, 9, 10, 12, 11, 13), (1, 4, 7, 2, 5, 3, 6, 10, 8, 9, 12, 13, 11)}
M(B) = 
[[1, 2, 3, 4, 5, 6, 7, 8, 10, 9, 11, 12, 13]]
Distance: 58
M(A) inter A:
set()
M(B) inter B:
set()

AUB = 
{(2, 4, 3, 9, 5, 1, 6, 10, 7, 11, 8, 12, 13), (2, 1, 5, 3, 4, 6, 8, 7, 9, 10, 11, 12, 13), (1, 3, 2, 7, 4, 5, 8, 6, 10, 11, 9, 13, 12), (1, 2, 4, 3, 6, 8, 5, 10, 7, 9, 11, 13, 12), (3, 1, 2, 5, 4, 7, 6, 8, 10, 11, 9, 12, 13), (1, 3, 5, 2, 4, 6, 7, 9, 8, 12, 10, 11, 13), (2, 3, 1, 4, 8, 11, 5, 10, 6, 7, 12, 13, 9), (4, 7, 3, 5, 2, 1, 10, 6, 8, 13, 9, 11, 12), (4, 5, 1, 3, 2, 6, 10, 11, 13, 8, 7, 9, 12), (4, 2, 5, 1, 6, 9, 3, 8, 10, 7, 12, 13, 11), (1, 2, 3, 4, 5, 6, 7, 8, 9, 11, 10, 12, 13), (1, 3, 2, 4, 5, 6, 7, 8, 10, 9, 13, 12, 11), (1, 2, 3, 4, 5, 7, 8, 6, 9, 10, 12, 11, 13), (1, 4, 7, 2, 5, 3, 6, 10, 8, 9, 12, 13, 11)}
M(AUB) = 
[[1, 2, 3, 4, 5, 6, 7, 8, 10, 9, 11, 12, 13]]
Distance:128

(33)
A = 
{(5, 1, 3, 10, 7, 2, 8, 4, 12, 6, 11, 13, 9), (2, 1, 3, 4, 5, 8, 7, 9, 6, 11, 12, 10, 13), (1, 3, 2, 4, 5, 7, 6, 8, 10, 11, 9, 13, 12), (3, 2, 1, 4, 5, 6, 8, 10, 7, 9, 11, 13, 12), (1, 4, 2, 3, 5, 6, 9, 7, 8, 12, 13, 10, 11), (5, 4, 3, 1, 8, 2, 7, 11, 6, 10, 13, 12, 9), (3, 1, 10, 2, 7, 5, 4, 6, 9, 12, 8, 11, 13)}
M(A) = 
[[1, 2, 3, 4, 5, 6, 7, 8, 9, 10, 11, 12, 13], [1, 2, 4, 3, 5, 6, 7, 8, 9, 10, 11, 12, 13], [1, 3, 2, 4, 5, 6, 7, 8, 9, 10, 11, 12, 13]]
Distance: 75
B = 
{(2, 4, 1, 3, 5, 6, 7, 9, 8, 11, 12, 10, 13), (1, 3, 4, 2, 5, 6, 7, 8, 9, 11, 10, 12, 13), (1, 4, 2, 6, 7, 3, 9, 8, 5, 10, 13, 11, 12), (1, 2, 4, 3, 5, 6, 7, 8, 9, 10, 11, 12, 13), (6, 1, 9, 4, 5, 7, 2, 3, 8, 11, 13, 12, 10), (1, 2, 5, 4, 3, 6, 8, 10, 7, 9, 13, 11, 12), (3, 2, 8, 7, 1, 5, 9, 6, 11, 10, 12, 4, 13)}
M(B) = 
[[1, 2, 3, 4, 5, 6, 7, 8, 9, 10, 11, 12, 13], [1, 2, 4, 3, 5, 6, 7, 8, 9, 10, 11, 12, 13], [1, 3, 2, 4, 5, 6, 7, 8, 9, 10, 11, 12, 13]]
Distance: 66
M(A) inter A:
set()
M(B) inter B:
set()

AUB = 
{(5, 1, 3, 10, 7, 2, 8, 4, 12, 6, 11, 13, 9), (2, 4, 1, 3, 5, 6, 7, 9, 8, 11, 12, 10, 13), (2, 1, 3, 4, 5, 8, 7, 9, 6, 11, 12, 10, 13), (1, 3, 4, 2, 5, 6, 7, 8, 9, 11, 10, 12, 13), (1, 3, 2, 4, 5, 7, 6, 8, 10, 11, 9, 13, 12), (1, 4, 2, 6, 7, 3, 9, 8, 5, 10, 13, 11, 12), (1, 2, 4, 3, 5, 6, 7, 8, 9, 10, 11, 12, 13), (3, 2, 1, 4, 5, 6, 8, 10, 7, 9, 11, 13, 12), (1, 4, 2, 3, 5, 6, 9, 7, 8, 12, 13, 10, 11), (6, 1, 9, 4, 5, 7, 2, 3, 8, 11, 13, 12, 10), (1, 2, 5, 4, 3, 6, 8, 10, 7, 9, 13, 11, 12), (5, 4, 3, 1, 8, 2, 7, 11, 6, 10, 13, 12, 9), (3, 1, 10, 2, 7, 5, 4, 6, 9, 12, 8, 11, 13), (3, 2, 8, 7, 1, 5, 9, 6, 11, 10, 12, 4, 13)}
M(AUB) = 
[[1, 2, 3, 4, 5, 6, 7, 8, 9, 10, 11, 12, 13], [1, 2, 4, 3, 5, 6, 7, 8, 9, 10, 11, 12, 13], [1, 3, 2, 4, 5, 6, 7, 8, 9, 10, 11, 12, 13]]
Distance:154

(34)
A = 
{(1, 2, 3, 6, 7, 5, 9, 4, 8, 10, 13, 11, 12), (2, 6, 1, 3, 4, 5, 8, 7, 10, 13, 9, 12, 11), (2, 1, 5, 4, 3, 11, 7, 8, 6, 12, 9, 13, 10), (1, 2, 3, 4, 5, 7, 8, 6, 10, 9, 11, 12, 13), (2, 1, 6, 5, 7, 3, 10, 4, 8, 9, 13, 11, 12), (3, 1, 6, 2, 4, 8, 7, 5, 9, 11, 13, 10, 12), (4, 1, 5, 2, 3, 6, 8, 7, 10, 9, 13, 12, 11)}
M(A) = 
[[1, 2, 3, 4, 5, 6, 7, 8, 9, 10, 11, 12, 13], [1, 2, 3, 4, 6, 5, 7, 8, 9, 10, 11, 12, 13]]
Distance: 64
B = 
{(1, 2, 3, 5, 6, 4, 7, 8, 9, 11, 10, 12, 13), (1, 2, 3, 5, 4, 6, 7, 8, 9, 10, 11, 12, 13), (1, 2, 4, 3, 5, 6, 8, 7, 11, 9, 12, 13, 10), (3, 6, 2, 1, 4, 5, 9, 10, 7, 8, 11, 13, 12), (1, 3, 4, 7, 2, 8, 11, 6, 5, 10, 12, 9, 13), (1, 2, 3, 4, 5, 7, 6, 8, 9, 10, 11, 12, 13), (1, 3, 4, 2, 6, 5, 7, 8, 9, 10, 11, 12, 13)}
M(B) = 
[[1, 2, 3, 4, 5, 6, 7, 8, 9, 10, 11, 12, 13], [1, 2, 3, 4, 6, 5, 7, 8, 9, 10, 11, 12, 13]]
Distance: 40
M(A) inter A:
set()
M(B) inter B:
set()

AUB = 
{(1, 2, 3, 6, 7, 5, 9, 4, 8, 10, 13, 11, 12), (2, 6, 1, 3, 4, 5, 8, 7, 10, 13, 9, 12, 11), (1, 2, 3, 5, 6, 4, 7, 8, 9, 11, 10, 12, 13), (2, 1, 5, 4, 3, 11, 7, 8, 6, 12, 9, 13, 10), (1, 2, 3, 4, 5, 7, 8, 6, 10, 9, 11, 12, 13), (2, 1, 6, 5, 7, 3, 10, 4, 8, 9, 13, 11, 12), (1, 2, 3, 5, 4, 6, 7, 8, 9, 10, 11, 12, 13), (3, 1, 6, 2, 4, 8, 7, 5, 9, 11, 13, 10, 12), (4, 1, 5, 2, 3, 6, 8, 7, 10, 9, 13, 12, 11), (1, 2, 4, 3, 5, 6, 8, 7, 11, 9, 12, 13, 10), (3, 6, 2, 1, 4, 5, 9, 10, 7, 8, 11, 13, 12), (1, 3, 4, 7, 2, 8, 11, 6, 5, 10, 12, 9, 13), (1, 2, 3, 4, 5, 7, 6, 8, 9, 10, 11, 12, 13), (1, 3, 4, 2, 6, 5, 7, 8, 9, 10, 11, 12, 13)}
M(AUB) = 
[[1, 2, 3, 4, 5, 6, 7, 8, 9, 10, 11, 12, 13], [1, 2, 3, 4, 6, 5, 7, 8, 9, 10, 11, 12, 13]]
Distance:111

(35)
A = 
{(1, 2, 3, 4, 5, 6, 9, 7, 10, 8, 11, 13, 12), (2, 3, 4, 1, 6, 10, 5, 9, 7, 11, 8, 12, 13), (2, 5, 1, 6, 4, 3, 8, 7, 9, 10, 11, 12, 13), (2, 3, 1, 5, 4, 6, 7, 9, 11, 10, 13, 8, 12), (1, 2, 3, 5, 4, 7, 9, 6, 11, 10, 13, 8, 12), (2, 1, 3, 6, 5, 4, 10, 8, 9, 7, 11, 12, 13), (1, 3, 2, 9, 4, 5, 6, 7, 8, 12, 11, 13, 10)}
M(A) = 
[[1, 2, 3, 4, 5, 6, 7, 9, 8, 10, 11, 13, 12], [1, 2, 3, 4, 5, 6, 7, 9, 8, 11, 10, 13, 12], [1, 2, 3, 4, 5, 6, 7, 9, 10, 8, 11, 13, 12], [1, 2, 3, 4, 5, 6, 7, 9, 10, 11, 8, 13, 12], [1, 2, 3, 4, 5, 6, 7, 9, 11, 8, 10, 13, 12], [1, 2, 3, 4, 5, 6, 7, 9, 11, 10, 8, 13, 12], [1, 2, 3, 4, 5, 6, 9, 7, 8, 10, 11, 13, 12], [1, 2, 3, 4, 5, 6, 9, 7, 8, 11, 10, 13, 12], [1, 2, 3, 4, 5, 6, 9, 7, 10, 8, 11, 13, 12], [1, 2, 3, 4, 5, 6, 9, 7, 10, 11, 8, 13, 12], [1, 2, 3, 4, 5, 6, 9, 7, 11, 8, 10, 13, 12], [1, 2, 3, 4, 5, 6, 9, 7, 11, 10, 8, 13, 12], [2, 1, 3, 4, 5, 6, 7, 9, 8, 10, 11, 13, 12], [2, 1, 3, 4, 5, 6, 7, 9, 8, 11, 10, 13, 12], [2, 1, 3, 4, 5, 6, 7, 9, 10, 8, 11, 13, 12], [2, 1, 3, 4, 5, 6, 7, 9, 10, 11, 8, 13, 12], [2, 1, 3, 4, 5, 6, 7, 9, 11, 8, 10, 13, 12], [2, 1, 3, 4, 5, 6, 7, 9, 11, 10, 8, 13, 12], [2, 1, 3, 4, 5, 6, 9, 7, 8, 10, 11, 13, 12], [2, 1, 3, 4, 5, 6, 9, 7, 8, 11, 10, 13, 12], [2, 1, 3, 4, 5, 6, 9, 7, 10, 8, 11, 13, 12], [2, 1, 3, 4, 5, 6, 9, 7, 10, 11, 8, 13, 12], [2, 1, 3, 4, 5, 6, 9, 7, 11, 8, 10, 13, 12], [2, 1, 3, 4, 5, 6, 9, 7, 11, 10, 8, 13, 12]]
Distance: 51
B = 
{(4, 3, 1, 7, 11, 2, 6, 5, 13, 9, 8, 10, 12), (3, 5, 2, 4, 1, 11, 6, 8, 9, 7, 12, 10, 13), (4, 6, 3, 1, 2, 8, 5, 9, 7, 11, 13, 10, 12), (1, 7, 2, 4, 5, 3, 6, 11, 8, 13, 9, 10, 12), (2, 1, 7, 5, 3, 4, 6, 9, 10, 11, 8, 13, 12), (2, 7, 1, 4, 3, 6, 9, 10, 8, 5, 11, 12, 13), (6, 3, 1, 2, 8, 4, 5, 13, 9, 7, 10, 11, 12)}
M(B) = 
[[1, 2, 3, 4, 5, 6, 7, 9, 8, 10, 11, 13, 12], [1, 2, 3, 4, 5, 6, 7, 9, 8, 11, 10, 13, 12], [1, 2, 3, 4, 5, 6, 7, 9, 10, 8, 11, 13, 12], [1, 2, 3, 4, 5, 6, 7, 9, 10, 11, 8, 13, 12], [1, 2, 3, 4, 5, 6, 7, 9, 11, 8, 10, 13, 12], [1, 2, 3, 4, 5, 6, 7, 9, 11, 10, 8, 13, 12], [1, 2, 3, 4, 5, 6, 9, 7, 8, 10, 11, 13, 12], [1, 2, 3, 4, 5, 6, 9, 7, 8, 11, 10, 13, 12], [1, 2, 3, 4, 5, 6, 9, 7, 10, 8, 11, 13, 12], [1, 2, 3, 4, 5, 6, 9, 7, 10, 11, 8, 13, 12], [1, 2, 3, 4, 5, 6, 9, 7, 11, 8, 10, 13, 12], [1, 2, 3, 4, 5, 6, 9, 7, 11, 10, 8, 13, 12], [2, 1, 3, 4, 5, 6, 7, 9, 8, 10, 11, 13, 12], [2, 1, 3, 4, 5, 6, 7, 9, 8, 11, 10, 13, 12], [2, 1, 3, 4, 5, 6, 7, 9, 10, 8, 11, 13, 12], [2, 1, 3, 4, 5, 6, 7, 9, 10, 11, 8, 13, 12], [2, 1, 3, 4, 5, 6, 7, 9, 11, 8, 10, 13, 12], [2, 1, 3, 4, 5, 6, 7, 9, 11, 10, 8, 13, 12], [2, 1, 3, 4, 5, 6, 9, 7, 8, 10, 11, 13, 12], [2, 1, 3, 4, 5, 6, 9, 7, 8, 11, 10, 13, 12], [2, 1, 3, 4, 5, 6, 9, 7, 10, 8, 11, 13, 12], [2, 1, 3, 4, 5, 6, 9, 7, 10, 11, 8, 13, 12], [2, 1, 3, 4, 5, 6, 9, 7, 11, 8, 10, 13, 12], [2, 1, 3, 4, 5, 6, 9, 7, 11, 10, 8, 13, 12]]
Distance: 93
M(A) inter A:
set()
M(B) inter B:
set()

AUB = 
{(1, 2, 3, 4, 5, 6, 9, 7, 10, 8, 11, 13, 12), (2, 3, 4, 1, 6, 10, 5, 9, 7, 11, 8, 12, 13), (4, 3, 1, 7, 11, 2, 6, 5, 13, 9, 8, 10, 12), (3, 5, 2, 4, 1, 11, 6, 8, 9, 7, 12, 10, 13), (2, 5, 1, 6, 4, 3, 8, 7, 9, 10, 11, 12, 13), (4, 6, 3, 1, 2, 8, 5, 9, 7, 11, 13, 10, 12), (1, 7, 2, 4, 5, 3, 6, 11, 8, 13, 9, 10, 12), (2, 1, 7, 5, 3, 4, 6, 9, 10, 11, 8, 13, 12), (2, 3, 1, 5, 4, 6, 7, 9, 11, 10, 13, 8, 12), (1, 2, 3, 5, 4, 7, 9, 6, 11, 10, 13, 8, 12), (2, 1, 3, 6, 5, 4, 10, 8, 9, 7, 11, 12, 13), (1, 3, 2, 9, 4, 5, 6, 7, 8, 12, 11, 13, 10), (2, 7, 1, 4, 3, 6, 9, 10, 8, 5, 11, 12, 13), (6, 3, 1, 2, 8, 4, 5, 13, 9, 7, 10, 11, 12)}
M(AUB) = 
[[1, 2, 3, 4, 5, 6, 7, 9, 8, 10, 11, 13, 12], [1, 2, 3, 4, 5, 6, 7, 9, 8, 11, 10, 13, 12], [1, 2, 3, 4, 5, 6, 7, 9, 10, 8, 11, 13, 12], [1, 2, 3, 4, 5, 6, 7, 9, 10, 11, 8, 13, 12], [1, 2, 3, 4, 5, 6, 7, 9, 11, 8, 10, 13, 12], [1, 2, 3, 4, 5, 6, 7, 9, 11, 10, 8, 13, 12], [1, 2, 3, 4, 5, 6, 9, 7, 8, 10, 11, 13, 12], [1, 2, 3, 4, 5, 6, 9, 7, 8, 11, 10, 13, 12], [1, 2, 3, 4, 5, 6, 9, 7, 10, 8, 11, 13, 12], [1, 2, 3, 4, 5, 6, 9, 7, 10, 11, 8, 13, 12], [1, 2, 3, 4, 5, 6, 9, 7, 11, 8, 10, 13, 12], [1, 2, 3, 4, 5, 6, 9, 7, 11, 10, 8, 13, 12], [2, 1, 3, 4, 5, 6, 7, 9, 8, 10, 11, 13, 12], [2, 1, 3, 4, 5, 6, 7, 9, 8, 11, 10, 13, 12], [2, 1, 3, 4, 5, 6, 7, 9, 10, 8, 11, 13, 12], [2, 1, 3, 4, 5, 6, 7, 9, 10, 11, 8, 13, 12], [2, 1, 3, 4, 5, 6, 7, 9, 11, 8, 10, 13, 12], [2, 1, 3, 4, 5, 6, 7, 9, 11, 10, 8, 13, 12], [2, 1, 3, 4, 5, 6, 9, 7, 8, 10, 11, 13, 12], [2, 1, 3, 4, 5, 6, 9, 7, 8, 11, 10, 13, 12], [2, 1, 3, 4, 5, 6, 9, 7, 10, 8, 11, 13, 12], [2, 1, 3, 4, 5, 6, 9, 7, 10, 11, 8, 13, 12], [2, 1, 3, 4, 5, 6, 9, 7, 11, 8, 10, 13, 12], [2, 1, 3, 4, 5, 6, 9, 7, 11, 10, 8, 13, 12]]
Distance:159

(36)
A = 
{(2, 3, 4, 1, 5, 8, 6, 7, 13, 9, 11, 10, 12), (1, 2, 4, 6, 3, 7, 5, 9, 8, 11, 10, 13, 12), (2, 1, 3, 4, 5, 6, 7, 9, 8, 10, 11, 13, 12), (1, 2, 7, 3, 4, 5, 8, 6, 9, 10, 13, 12, 11), (3, 1, 2, 4, 5, 6, 9, 8, 11, 10, 13, 7, 12), (2, 5, 1, 3, 4, 9, 7, 11, 10, 8, 12, 6, 13), (3, 1, 2, 4, 9, 5, 6, 8, 11, 12, 10, 13, 7)}
M(A) = 
[[1, 2, 3, 4, 5, 6, 7, 9, 8, 11, 10, 13, 12]]
Distance: 57
B = 
{(1, 3, 2, 4, 6, 7, 5, 8, 9, 10, 12, 11, 13), (3, 4, 6, 1, 2, 8, 5, 9, 7, 13, 12, 11, 10), (1, 2, 3, 4, 6, 9, 5, 8, 7, 10, 13, 12, 11), (2, 1, 3, 4, 5, 6, 8, 7, 12, 9, 10, 11, 13), (7, 3, 1, 2, 5, 6, 8, 11, 4, 9, 10, 13, 12), (2, 1, 4, 6, 9, 3, 5, 7, 8, 12, 11, 10, 13), (1, 2, 3, 4, 5, 7, 6, 9, 13, 8, 10, 12, 11)}
M(B) = 
[[1, 2, 3, 4, 5, 6, 7, 9, 8, 11, 10, 13, 12]]
Distance: 60
M(A) inter A:
set()
M(B) inter B:
set()

AUB = 
{(2, 3, 4, 1, 5, 8, 6, 7, 13, 9, 11, 10, 12), (1, 2, 4, 6, 3, 7, 5, 9, 8, 11, 10, 13, 12), (2, 1, 3, 4, 5, 6, 7, 9, 8, 10, 11, 13, 12), (1, 3, 2, 4, 6, 7, 5, 8, 9, 10, 12, 11, 13), (3, 4, 6, 1, 2, 8, 5, 9, 7, 13, 12, 11, 10), (1, 2, 7, 3, 4, 5, 8, 6, 9, 10, 13, 12, 11), (1, 2, 3, 4, 6, 9, 5, 8, 7, 10, 13, 12, 11), (3, 1, 2, 4, 5, 6, 9, 8, 11, 10, 13, 7, 12), (2, 1, 3, 4, 5, 6, 8, 7, 12, 9, 10, 11, 13), (7, 3, 1, 2, 5, 6, 8, 11, 4, 9, 10, 13, 12), (2, 5, 1, 3, 4, 9, 7, 11, 10, 8, 12, 6, 13), (2, 1, 4, 6, 9, 3, 5, 7, 8, 12, 11, 10, 13), (1, 2, 3, 4, 5, 7, 6, 9, 13, 8, 10, 12, 11), (3, 1, 2, 4, 9, 5, 6, 8, 11, 12, 10, 13, 7)}
M(AUB) = 
[[1, 2, 3, 4, 5, 6, 7, 9, 8, 11, 10, 13, 12]]
Distance:124

(37)
A = 
{(1, 3, 2, 4, 7, 5, 6, 8, 9, 10, 11, 12, 13), (1, 2, 4, 9, 8, 7, 5, 3, 10, 6, 11, 12, 13), (1, 3, 2, 9, 4, 6, 5, 10, 12, 7, 8, 13, 11), (1, 2, 3, 4, 5, 6, 7, 8, 9, 10, 11, 12, 13), (3, 4, 8, 6, 1, 7, 2, 5, 9, 12, 13, 11, 10), (3, 1, 2, 7, 4, 5, 11, 6, 10, 9, 8, 13, 12), (3, 1, 4, 2, 5, 6, 11, 8, 7, 9, 10, 13, 12)}
M(A) = 
[[1, 2, 3, 4, 5, 6, 7, 8, 9, 10, 11, 12, 13], [1, 3, 2, 4, 5, 6, 7, 8, 9, 10, 11, 12, 13]]
Distance: 69
B = 
{(1, 2, 4, 5, 3, 6, 10, 8, 7, 13, 11, 9, 12), (2, 4, 1, 3, 7, 8, 9, 5, 6, 11, 12, 10, 13), (4, 2, 1, 5, 3, 8, 9, 6, 7, 10, 11, 13, 12), (1, 2, 3, 4, 5, 7, 6, 8, 9, 10, 11, 12, 13), (5, 2, 1, 3, 6, 7, 8, 11, 4, 12, 9, 10, 13), (3, 2, 1, 4, 7, 5, 8, 10, 6, 11, 13, 12, 9), (3, 2, 4, 6, 1, 9, 5, 7, 10, 8, 12, 11, 13)}
M(B) = 
[[1, 2, 3, 4, 5, 6, 7, 8, 9, 10, 11, 12, 13], [1, 3, 2, 4, 5, 6, 7, 8, 9, 10, 11, 12, 13]]
Distance: 65
M(A) inter A:
set()
M(B) inter B:
set()

AUB = 
{(1, 3, 2, 4, 7, 5, 6, 8, 9, 10, 11, 12, 13), (1, 2, 4, 5, 3, 6, 10, 8, 7, 13, 11, 9, 12), (1, 2, 4, 9, 8, 7, 5, 3, 10, 6, 11, 12, 13), (2, 4, 1, 3, 7, 8, 9, 5, 6, 11, 12, 10, 13), (1, 3, 2, 9, 4, 6, 5, 10, 12, 7, 8, 13, 11), (1, 2, 3, 4, 5, 6, 7, 8, 9, 10, 11, 12, 13), (3, 4, 8, 6, 1, 7, 2, 5, 9, 12, 13, 11, 10), (3, 1, 2, 7, 4, 5, 11, 6, 10, 9, 8, 13, 12), (3, 1, 4, 2, 5, 6, 11, 8, 7, 9, 10, 13, 12), (4, 2, 1, 5, 3, 8, 9, 6, 7, 10, 11, 13, 12), (1, 2, 3, 4, 5, 7, 6, 8, 9, 10, 11, 12, 13), (5, 2, 1, 3, 6, 7, 8, 11, 4, 12, 9, 10, 13), (3, 2, 1, 4, 7, 5, 8, 10, 6, 11, 13, 12, 9), (3, 2, 4, 6, 1, 9, 5, 7, 10, 8, 12, 11, 13)}
M(AUB) = 
[[1, 2, 3, 4, 5, 6, 7, 8, 9, 10, 11, 12, 13], [1, 3, 2, 4, 5, 6, 7, 8, 9, 10, 11, 12, 13]]
Distance:140

(38)
A = 
{(3, 1, 8, 5, 4, 7, 2, 11, 6, 13, 12, 10, 9), (1, 3, 4, 2, 6, 5, 8, 7, 9, 12, 10, 11, 13), (3, 1, 4, 2, 5, 6, 7, 8, 13, 10, 12, 9, 11), (4, 1, 2, 5, 6, 3, 8, 9, 11, 13, 10, 12, 7), (1, 2, 3, 4, 5, 6, 7, 8, 9, 10, 11, 12, 13), (1, 2, 3, 4, 6, 7, 5, 10, 9, 8, 11, 12, 13), (2, 1, 4, 3, 7, 5, 8, 9, 6, 11, 12, 10, 13)}
M(A) = 
[[1, 2, 3, 4, 5, 6, 7, 8, 9, 10, 11, 12, 13]]
Distance: 64
B = 
{(5, 4, 2, 6, 3, 1, 9, 7, 8, 11, 10, 12, 13), (4, 1, 3, 2, 5, 9, 6, 8, 10, 7, 11, 12, 13), (2, 3, 4, 1, 8, 5, 10, 6, 12, 9, 7, 11, 13), (2, 1, 3, 6, 5, 4, 7, 9, 8, 12, 11, 13, 10), (1, 5, 2, 4, 3, 8, 9, 10, 6, 11, 7, 12, 13), (2, 1, 4, 3, 6, 5, 7, 8, 9, 11, 13, 10, 12), (1, 2, 7, 3, 4, 6, 5, 10, 8, 9, 11, 12, 13)}
M(B) = 
[[1, 2, 3, 4, 5, 6, 7, 8, 9, 10, 11, 12, 13]]
Distance: 67
M(A) inter A:
set()
M(B) inter B:
set()

AUB = 
{(3, 1, 8, 5, 4, 7, 2, 11, 6, 13, 12, 10, 9), (1, 3, 4, 2, 6, 5, 8, 7, 9, 12, 10, 11, 13), (5, 4, 2, 6, 3, 1, 9, 7, 8, 11, 10, 12, 13), (4, 1, 3, 2, 5, 9, 6, 8, 10, 7, 11, 12, 13), (3, 1, 4, 2, 5, 6, 7, 8, 13, 10, 12, 9, 11), (4, 1, 2, 5, 6, 3, 8, 9, 11, 13, 10, 12, 7), (1, 2, 3, 4, 5, 6, 7, 8, 9, 10, 11, 12, 13), (1, 2, 3, 4, 6, 7, 5, 10, 9, 8, 11, 12, 13), (2, 3, 4, 1, 8, 5, 10, 6, 12, 9, 7, 11, 13), (2, 1, 3, 6, 5, 4, 7, 9, 8, 12, 11, 13, 10), (1, 5, 2, 4, 3, 8, 9, 10, 6, 11, 7, 12, 13), (2, 1, 4, 3, 6, 5, 7, 8, 9, 11, 13, 10, 12), (1, 2, 7, 3, 4, 6, 5, 10, 8, 9, 11, 12, 13), (2, 1, 4, 3, 7, 5, 8, 9, 6, 11, 12, 10, 13)}
M(AUB) = 
[[1, 2, 3, 4, 5, 6, 7, 8, 9, 10, 11, 12, 13]]
Distance:133

(39)
A = 
{(3, 5, 1, 6, 2, 10, 4, 7, 11, 9, 8, 12, 13), (6, 1, 4, 3, 2, 5, 8, 7, 10, 13, 9, 11, 12), (3, 1, 6, 5, 2, 8, 4, 9, 7, 11, 13, 12, 10), (2, 3, 1, 4, 5, 6, 9, 10, 7, 11, 8, 13, 12), (1, 2, 3, 6, 5, 8, 4, 7, 9, 10, 13, 11, 12), (4, 1, 2, 3, 5, 6, 7, 9, 8, 12, 11, 13, 10), (3, 2, 5, 4, 1, 8, 6, 10, 13, 12, 7, 11, 9)}
M(A) = 
[[1, 3, 2, 5, 4, 6, 7, 8, 9, 10, 11, 12, 13], [1, 3, 2, 5, 4, 6, 7, 8, 9, 10, 11, 13, 12]]
Distance: 74
B = 
{(2, 1, 3, 5, 4, 6, 7, 8, 10, 9, 12, 11, 13), (1, 3, 2, 5, 4, 6, 8, 9, 7, 10, 11, 13, 12), (2, 1, 3, 4, 5, 7, 8, 9, 6, 10, 11, 12, 13), (3, 5, 2, 1, 7, 8, 6, 4, 9, 10, 11, 12, 13), (1, 5, 7, 4, 3, 2, 10, 8, 6, 9, 13, 12, 11), (3, 7, 2, 1, 8, 4, 5, 9, 12, 6, 13, 10, 11), (1, 3, 2, 4, 9, 5, 7, 8, 11, 6, 12, 13, 10)}
M(B) = 
[[1, 3, 2, 5, 4, 6, 7, 8, 9, 10, 11, 12, 13], [1, 3, 2, 5, 4, 6, 7, 8, 9, 10, 11, 13, 12]]
Distance: 59
M(A) inter A:
set()
M(B) inter B:
set()

AUB = 
{(3, 5, 1, 6, 2, 10, 4, 7, 11, 9, 8, 12, 13), (2, 1, 3, 5, 4, 6, 7, 8, 10, 9, 12, 11, 13), (6, 1, 4, 3, 2, 5, 8, 7, 10, 13, 9, 11, 12), (3, 1, 6, 5, 2, 8, 4, 9, 7, 11, 13, 12, 10), (1, 3, 2, 5, 4, 6, 8, 9, 7, 10, 11, 13, 12), (2, 1, 3, 4, 5, 7, 8, 9, 6, 10, 11, 12, 13), (2, 3, 1, 4, 5, 6, 9, 10, 7, 11, 8, 13, 12), (1, 2, 3, 6, 5, 8, 4, 7, 9, 10, 13, 11, 12), (3, 5, 2, 1, 7, 8, 6, 4, 9, 10, 11, 12, 13), (1, 5, 7, 4, 3, 2, 10, 8, 6, 9, 13, 12, 11), (3, 7, 2, 1, 8, 4, 5, 9, 12, 6, 13, 10, 11), (1, 3, 2, 4, 9, 5, 7, 8, 11, 6, 12, 13, 10), (4, 1, 2, 3, 5, 6, 7, 9, 8, 12, 11, 13, 10), (3, 2, 5, 4, 1, 8, 6, 10, 13, 12, 7, 11, 9)}
M(AUB) = 
[[1, 3, 2, 5, 4, 6, 7, 8, 9, 10, 11, 12, 13], [1, 3, 2, 5, 4, 6, 7, 8, 9, 10, 11, 13, 12]]
Distance:145

(40)
A = 
{(1, 2, 7, 3, 4, 5, 6, 13, 11, 10, 8, 9, 12), (2, 1, 3, 5, 4, 7, 6, 9, 10, 13, 8, 11, 12), (1, 4, 5, 7, 2, 9, 3, 10, 6, 8, 11, 12, 13), (1, 2, 3, 5, 4, 6, 7, 8, 12, 10, 9, 13, 11), (2, 1, 5, 4, 3, 7, 9, 11, 10, 8, 13, 6, 12), (4, 2, 1, 6, 5, 3, 7, 9, 10, 8, 11, 12, 13), (4, 2, 1, 3, 8, 6, 9, 13, 5, 10, 7, 12, 11)}
M(A) = 
[[1, 2, 3, 4, 5, 6, 7, 8, 9, 10, 11, 12, 13], [1, 2, 3, 4, 5, 6, 7, 8, 9, 10, 11, 13, 12]]
Distance: 72
B = 
{(1, 4, 2, 5, 3, 6, 10, 7, 8, 9, 11, 13, 12), (1, 2, 3, 4, 5, 6, 7, 9, 8, 10, 13, 11, 12), (1, 2, 3, 4, 6, 5, 7, 8, 10, 9, 11, 13, 12), (5, 1, 2, 3, 4, 8, 10, 9, 6, 7, 12, 13, 11), (1, 2, 3, 4, 5, 6, 7, 8, 9, 10, 11, 12, 13), (1, 5, 2, 3, 4, 6, 9, 7, 8, 10, 11, 12, 13), (1, 3, 2, 4, 5, 6, 8, 7, 9, 10, 11, 12, 13)}
M(B) = 
[[1, 2, 3, 4, 5, 6, 7, 8, 9, 10, 11, 12, 13], [1, 2, 3, 4, 5, 6, 7, 8, 9, 10, 11, 13, 12]]
Distance: 33
M(A) inter A:
set()
M(B) inter B:
{(1, 2, 3, 4, 5, 6, 7, 8, 9, 10, 11, 12, 13)}

AUB = 
{(1, 2, 7, 3, 4, 5, 6, 13, 11, 10, 8, 9, 12), (2, 1, 3, 5, 4, 7, 6, 9, 10, 13, 8, 11, 12), (1, 4, 2, 5, 3, 6, 10, 7, 8, 9, 11, 13, 12), (1, 2, 3, 4, 5, 6, 7, 9, 8, 10, 13, 11, 12), (1, 2, 3, 4, 6, 5, 7, 8, 10, 9, 11, 13, 12), (1, 4, 5, 7, 2, 9, 3, 10, 6, 8, 11, 12, 13), (1, 2, 3, 5, 4, 6, 7, 8, 12, 10, 9, 13, 11), (5, 1, 2, 3, 4, 8, 10, 9, 6, 7, 12, 13, 11), (1, 2, 3, 4, 5, 6, 7, 8, 9, 10, 11, 12, 13), (2, 1, 5, 4, 3, 7, 9, 11, 10, 8, 13, 6, 12), (4, 2, 1, 6, 5, 3, 7, 9, 10, 8, 11, 12, 13), (1, 5, 2, 3, 4, 6, 9, 7, 8, 10, 11, 12, 13), (1, 3, 2, 4, 5, 6, 8, 7, 9, 10, 11, 12, 13), (4, 2, 1, 3, 8, 6, 9, 13, 5, 10, 7, 12, 11)}
M(AUB) = 
[[1, 2, 3, 4, 5, 6, 7, 8, 9, 10, 11, 12, 13], [1, 2, 3, 4, 5, 6, 7, 8, 9, 10, 11, 13, 12]]
Distance:114

(41)
A = 
{(3, 2, 4, 6, 7, 5, 1, 9, 8, 12, 10, 13, 11), (1, 3, 2, 4, 5, 6, 7, 8, 9, 10, 12, 11, 13), (2, 3, 6, 1, 11, 7, 4, 5, 10, 13, 12, 8, 9), (2, 3, 1, 7, 6, 8, 4, 9, 5, 12, 13, 10, 11), (1, 2, 3, 4, 6, 5, 7, 8, 9, 10, 12, 11, 13), (1, 2, 3, 4, 5, 7, 6, 8, 9, 10, 11, 12, 13), (5, 7, 1, 3, 6, 12, 11, 2, 10, 4, 9, 8, 13)}
M(A) = 
[[1, 2, 3, 4, 5, 6, 7, 8, 9, 10, 12, 11, 13], [1, 3, 2, 4, 5, 6, 7, 8, 9, 10, 12, 11, 13], [3, 1, 2, 4, 5, 6, 7, 8, 9, 10, 12, 11, 13]]
Distance: 75
B = 
{(2, 3, 4, 1, 8, 7, 5, 10, 6, 11, 12, 9, 13), (3, 1, 5, 2, 4, 6, 12, 7, 9, 13, 8, 10, 11), (3, 1, 4, 2, 6, 5, 8, 9, 12, 7, 11, 13, 10), (2, 1, 3, 5, 6, 10, 4, 7, 8, 11, 9, 13, 12), (3, 4, 2, 1, 5, 6, 7, 8, 9, 12, 11, 10, 13), (1, 2, 3, 4, 5, 6, 7, 8, 9, 11, 10, 13, 12), (1, 3, 2, 4, 5, 6, 8, 7, 9, 10, 11, 12, 13)}
M(B) = 
[[1, 2, 3, 4, 5, 6, 7, 8, 9, 10, 12, 11, 13], [1, 3, 2, 4, 5, 6, 7, 8, 9, 10, 12, 11, 13], [3, 1, 2, 4, 5, 6, 7, 8, 9, 10, 12, 11, 13]]
Distance: 55
M(A) inter A:
set()
M(B) inter B:
set()

AUB = 
{(3, 2, 4, 6, 7, 5, 1, 9, 8, 12, 10, 13, 11), (2, 3, 4, 1, 8, 7, 5, 10, 6, 11, 12, 9, 13), (3, 1, 5, 2, 4, 6, 12, 7, 9, 13, 8, 10, 11), (1, 3, 2, 4, 5, 6, 7, 8, 9, 10, 12, 11, 13), (2, 3, 6, 1, 11, 7, 4, 5, 10, 13, 12, 8, 9), (3, 1, 4, 2, 6, 5, 8, 9, 12, 7, 11, 13, 10), (2, 3, 1, 7, 6, 8, 4, 9, 5, 12, 13, 10, 11), (1, 2, 3, 4, 6, 5, 7, 8, 9, 10, 12, 11, 13), (2, 1, 3, 5, 6, 10, 4, 7, 8, 11, 9, 13, 12), (3, 4, 2, 1, 5, 6, 7, 8, 9, 12, 11, 10, 13), (1, 2, 3, 4, 5, 7, 6, 8, 9, 10, 11, 12, 13), (5, 7, 1, 3, 6, 12, 11, 2, 10, 4, 9, 8, 13), (1, 2, 3, 4, 5, 6, 7, 8, 9, 11, 10, 13, 12), (1, 3, 2, 4, 5, 6, 8, 7, 9, 10, 11, 12, 13)}
M(AUB) = 
[[1, 2, 3, 4, 5, 6, 7, 8, 9, 10, 12, 11, 13], [1, 3, 2, 4, 5, 6, 7, 8, 9, 10, 12, 11, 13], [3, 1, 2, 4, 5, 6, 7, 8, 9, 10, 12, 11, 13]]
Distance:134

(42)
A = 
{(3, 5, 4, 8, 2, 1, 6, 7, 9, 10, 11, 13, 12), (2, 4, 1, 3, 8, 5, 6, 7, 12, 11, 9, 10, 13), (1, 4, 5, 2, 3, 7, 8, 6, 9, 10, 13, 11, 12), (4, 1, 3, 7, 2, 5, 9, 6, 8, 10, 12, 11, 13), (1, 2, 3, 5, 4, 8, 6, 7, 9, 10, 13, 11, 12), (3, 1, 2, 4, 6, 8, 5, 7, 9, 12, 11, 10, 13), (3, 1, 2, 4, 7, 5, 6, 8, 9, 10, 13, 11, 12)}
M(A) = 
[[1, 2, 3, 4, 5, 6, 7, 8, 9, 10, 11, 12, 13], [1, 2, 3, 4, 5, 6, 7, 8, 9, 10, 12, 11, 13], [1, 2, 4, 3, 5, 6, 7, 8, 9, 10, 11, 12, 13], [1, 2, 4, 3, 5, 6, 7, 8, 9, 10, 12, 11, 13], [1, 3, 2, 4, 5, 6, 7, 8, 9, 10, 11, 12, 13], [1, 3, 2, 4, 5, 6, 7, 8, 9, 10, 12, 11, 13]]
Distance: 57
B = 
{(3, 1, 2, 4, 5, 7, 6, 10, 9, 8, 11, 12, 13), (2, 6, 1, 4, 3, 8, 7, 10, 5, 13, 12, 11, 9), (1, 2, 3, 4, 5, 6, 7, 8, 9, 10, 11, 13, 12), (1, 3, 4, 6, 5, 2, 9, 7, 12, 8, 10, 11, 13), (1, 2, 6, 4, 3, 5, 7, 12, 9, 8, 13, 11, 10), (1, 2, 4, 3, 5, 6, 7, 8, 10, 9, 11, 12, 13), (4, 3, 1, 2, 5, 6, 7, 9, 8, 10, 12, 11, 13)}
M(B) = 
[[1, 2, 3, 4, 5, 6, 7, 8, 9, 10, 11, 12, 13], [1, 2, 3, 4, 5, 6, 7, 8, 9, 10, 12, 11, 13], [1, 2, 4, 3, 5, 6, 7, 8, 9, 10, 11, 12, 13], [1, 2, 4, 3, 5, 6, 7, 8, 9, 10, 12, 11, 13], [1, 3, 2, 4, 5, 6, 7, 8, 9, 10, 11, 12, 13], [1, 3, 2, 4, 5, 6, 7, 8, 9, 10, 12, 11, 13]]
Distance: 52
M(A) inter A:
set()
M(B) inter B:
set()

AUB = 
{(3, 5, 4, 8, 2, 1, 6, 7, 9, 10, 11, 13, 12), (3, 1, 2, 4, 5, 7, 6, 10, 9, 8, 11, 12, 13), (2, 4, 1, 3, 8, 5, 6, 7, 12, 11, 9, 10, 13), (2, 6, 1, 4, 3, 8, 7, 10, 5, 13, 12, 11, 9), (1, 2, 3, 4, 5, 6, 7, 8, 9, 10, 11, 13, 12), (1, 4, 5, 2, 3, 7, 8, 6, 9, 10, 13, 11, 12), (1, 3, 4, 6, 5, 2, 9, 7, 12, 8, 10, 11, 13), (4, 1, 3, 7, 2, 5, 9, 6, 8, 10, 12, 11, 13), (1, 2, 6, 4, 3, 5, 7, 12, 9, 8, 13, 11, 10), (1, 2, 4, 3, 5, 6, 7, 8, 10, 9, 11, 12, 13), (1, 2, 3, 5, 4, 8, 6, 7, 9, 10, 13, 11, 12), (4, 3, 1, 2, 5, 6, 7, 9, 8, 10, 12, 11, 13), (3, 1, 2, 4, 6, 8, 5, 7, 9, 12, 11, 10, 13), (3, 1, 2, 4, 7, 5, 6, 8, 9, 10, 13, 11, 12)}
M(AUB) = 
[[1, 2, 3, 4, 5, 6, 7, 8, 9, 10, 11, 12, 13], [1, 2, 3, 4, 5, 6, 7, 8, 9, 10, 12, 11, 13], [1, 2, 4, 3, 5, 6, 7, 8, 9, 10, 11, 12, 13], [1, 2, 4, 3, 5, 6, 7, 8, 9, 10, 12, 11, 13], [1, 3, 2, 4, 5, 6, 7, 8, 9, 10, 11, 12, 13], [1, 3, 2, 4, 5, 6, 7, 8, 9, 10, 12, 11, 13]]
Distance:116

(43)
A = 
{(2, 1, 3, 4, 5, 6, 7, 10, 9, 11, 8, 13, 12), (1, 2, 4, 3, 5, 6, 7, 12, 11, 8, 9, 10, 13), (4, 2, 1, 8, 5, 7, 3, 11, 9, 12, 10, 6, 13), (1, 2, 4, 3, 6, 5, 7, 8, 9, 10, 11, 12, 13), (1, 5, 4, 3, 6, 7, 8, 2, 9, 11, 12, 10, 13), (2, 1, 4, 7, 8, 3, 5, 10, 6, 9, 13, 11, 12), (1, 3, 2, 5, 10, 6, 4, 9, 8, 7, 13, 12, 11)}
M(A) = 
[[1, 2, 4, 3, 5, 6, 8, 7, 9, 10, 11, 12, 13], [1, 2, 4, 3, 5, 6, 8, 7, 10, 9, 11, 12, 13], [2, 1, 4, 3, 5, 6, 8, 7, 9, 10, 11, 12, 13], [2, 1, 4, 3, 5, 6, 8, 7, 10, 9, 11, 12, 13]]
Distance: 68
B = 
{(2, 5, 4, 1, 3, 8, 6, 7, 11, 12, 10, 13, 9), (5, 1, 8, 2, 3, 6, 4, 10, 11, 9, 7, 12, 13), (2, 3, 1, 9, 4, 8, 6, 7, 12, 5, 10, 13, 11), (2, 1, 4, 5, 9, 6, 3, 12, 7, 8, 10, 11, 13), (1, 3, 6, 2, 4, 5, 8, 7, 9, 10, 11, 12, 13), (2, 1, 5, 4, 8, 3, 7, 11, 6, 10, 13, 12, 9), (1, 3, 6, 5, 4, 2, 8, 10, 7, 11, 9, 13, 12)}
M(B) = 
[[1, 2, 4, 3, 5, 6, 8, 7, 9, 10, 11, 12, 13], [1, 2, 4, 3, 5, 6, 8, 7, 10, 9, 11, 12, 13], [2, 1, 4, 3, 5, 6, 8, 7, 9, 10, 11, 12, 13], [2, 1, 4, 3, 5, 6, 8, 7, 10, 9, 11, 12, 13]]
Distance: 78
M(A) inter A:
set()
M(B) inter B:
set()

AUB = 
{(2, 5, 4, 1, 3, 8, 6, 7, 11, 12, 10, 13, 9), (2, 1, 3, 4, 5, 6, 7, 10, 9, 11, 8, 13, 12), (1, 2, 4, 3, 5, 6, 7, 12, 11, 8, 9, 10, 13), (5, 1, 8, 2, 3, 6, 4, 10, 11, 9, 7, 12, 13), (2, 3, 1, 9, 4, 8, 6, 7, 12, 5, 10, 13, 11), (4, 2, 1, 8, 5, 7, 3, 11, 9, 12, 10, 6, 13), (2, 1, 4, 5, 9, 6, 3, 12, 7, 8, 10, 11, 13), (1, 2, 4, 3, 6, 5, 7, 8, 9, 10, 11, 12, 13), (1, 5, 4, 3, 6, 7, 8, 2, 9, 11, 12, 10, 13), (1, 3, 6, 2, 4, 5, 8, 7, 9, 10, 11, 12, 13), (2, 1, 5, 4, 8, 3, 7, 11, 6, 10, 13, 12, 9), (1, 3, 6, 5, 4, 2, 8, 10, 7, 11, 9, 13, 12), (2, 1, 4, 7, 8, 3, 5, 10, 6, 9, 13, 11, 12), (1, 3, 2, 5, 10, 6, 4, 9, 8, 7, 13, 12, 11)}
M(AUB) = 
[[1, 2, 4, 3, 5, 6, 8, 7, 9, 10, 11, 12, 13], [1, 2, 4, 3, 5, 6, 8, 7, 10, 9, 11, 12, 13], [2, 1, 4, 3, 5, 6, 8, 7, 9, 10, 11, 12, 13], [2, 1, 4, 3, 5, 6, 8, 7, 10, 9, 11, 12, 13]]
Distance:156

(44)
A = 
{(1, 2, 3, 6, 4, 5, 8, 9, 10, 7, 13, 12, 11), (1, 2, 9, 3, 5, 8, 4, 6, 7, 13, 11, 12, 10), (4, 3, 2, 1, 5, 9, 6, 7, 12, 8, 10, 13, 11), (1, 2, 4, 3, 6, 9, 7, 5, 8, 12, 10, 11, 13), (1, 2, 3, 4, 5, 6, 7, 9, 10, 11, 8, 13, 12), (2, 5, 8, 1, 10, 4, 6, 7, 3, 9, 13, 11, 12), (1, 2, 6, 4, 3, 7, 5, 9, 11, 8, 12, 10, 13)}
M(A) = 
[[1, 2, 3, 4, 5, 6, 7, 8, 9, 10, 11, 13, 12], [1, 2, 3, 4, 5, 6, 7, 8, 9, 11, 10, 13, 12], [1, 2, 3, 4, 5, 6, 8, 7, 9, 10, 11, 13, 12], [1, 2, 3, 4, 5, 6, 8, 7, 9, 11, 10, 13, 12]]
Distance: 69
B = 
{(1, 4, 5, 7, 2, 6, 8, 3, 9, 13, 12, 11, 10), (2, 1, 3, 6, 4, 7, 5, 8, 10, 9, 11, 13, 12), (5, 1, 3, 4, 6, 8, 2, 7, 9, 11, 12, 10, 13), (1, 3, 2, 4, 6, 7, 11, 5, 10, 8, 9, 13, 12), (1, 2, 4, 5, 3, 8, 6, 7, 9, 11, 10, 12, 13), (3, 4, 1, 2, 5, 6, 11, 8, 7, 10, 9, 13, 12), (2, 5, 8, 1, 6, 3, 9, 4, 7, 10, 12, 13, 11)}
M(B) = 
[[1, 2, 3, 4, 5, 6, 7, 8, 9, 10, 11, 13, 12], [1, 2, 3, 4, 5, 6, 7, 8, 9, 11, 10, 13, 12], [1, 2, 3, 4, 5, 6, 8, 7, 9, 10, 11, 13, 12], [1, 2, 3, 4, 5, 6, 8, 7, 9, 11, 10, 13, 12]]
Distance: 68
M(A) inter A:
set()
M(B) inter B:
set()

AUB = 
{(1, 4, 5, 7, 2, 6, 8, 3, 9, 13, 12, 11, 10), (2, 1, 3, 6, 4, 7, 5, 8, 10, 9, 11, 13, 12), (1, 2, 3, 6, 4, 5, 8, 9, 10, 7, 13, 12, 11), (5, 1, 3, 4, 6, 8, 2, 7, 9, 11, 12, 10, 13), (1, 3, 2, 4, 6, 7, 11, 5, 10, 8, 9, 13, 12), (1, 2, 9, 3, 5, 8, 4, 6, 7, 13, 11, 12, 10), (1, 2, 4, 5, 3, 8, 6, 7, 9, 11, 10, 12, 13), (4, 3, 2, 1, 5, 9, 6, 7, 12, 8, 10, 13, 11), (3, 4, 1, 2, 5, 6, 11, 8, 7, 10, 9, 13, 12), (1, 2, 4, 3, 6, 9, 7, 5, 8, 12, 10, 11, 13), (1, 2, 3, 4, 5, 6, 7, 9, 10, 11, 8, 13, 12), (2, 5, 8, 1, 10, 4, 6, 7, 3, 9, 13, 11, 12), (1, 2, 6, 4, 3, 7, 5, 9, 11, 8, 12, 10, 13), (2, 5, 8, 1, 6, 3, 9, 4, 7, 10, 12, 13, 11)}
M(AUB) = 
[[1, 2, 3, 4, 5, 6, 7, 8, 9, 10, 11, 13, 12], [1, 2, 3, 4, 5, 6, 7, 8, 9, 11, 10, 13, 12], [1, 2, 3, 4, 5, 6, 8, 7, 9, 10, 11, 13, 12], [1, 2, 3, 4, 5, 6, 8, 7, 9, 11, 10, 13, 12]]
Distance:147

(45)
A = 
{(1, 2, 3, 4, 5, 6, 7, 8, 9, 10, 12, 13, 11), (4, 1, 5, 2, 3, 6, 9, 10, 7, 12, 11, 13, 8), (3, 2, 8, 1, 4, 5, 6, 9, 7, 10, 11, 13, 12), (1, 3, 2, 6, 7, 4, 8, 5, 10, 9, 12, 13, 11), (4, 2, 3, 6, 1, 7, 5, 10, 8, 9, 11, 12, 13), (2, 3, 1, 6, 7, 5, 9, 8, 10, 4, 13, 12, 11), (3, 2, 7, 4, 8, 5, 11, 1, 9, 13, 10, 6, 12)}
M(A) = 
[[1, 2, 3, 4, 5, 6, 7, 8, 9, 10, 11, 12, 13]]
Distance: 76
B = 
{(1, 3, 2, 4, 6, 7, 9, 5, 10, 12, 11, 8, 13), (1, 2, 3, 4, 9, 5, 8, 7, 10, 12, 6, 11, 13), (1, 2, 3, 6, 4, 5, 7, 8, 10, 9, 11, 12, 13), (1, 2, 4, 3, 5, 6, 7, 8, 9, 10, 11, 12, 13), (4, 7, 1, 10, 2, 5, 6, 9, 3, 13, 8, 11, 12), (4, 2, 1, 5, 3, 6, 7, 8, 9, 11, 13, 12, 10), (1, 2, 3, 4, 5, 6, 7, 8, 10, 9, 11, 12, 13)}
M(B) = 
[[1, 2, 3, 4, 5, 6, 7, 8, 9, 10, 11, 12, 13]]
Distance: 54
M(A) inter A:
set()
M(B) inter B:
set()

AUB = 
{(1, 3, 2, 4, 6, 7, 9, 5, 10, 12, 11, 8, 13), (1, 2, 3, 4, 9, 5, 8, 7, 10, 12, 6, 11, 13), (1, 2, 3, 4, 5, 6, 7, 8, 9, 10, 12, 13, 11), (1, 2, 3, 6, 4, 5, 7, 8, 10, 9, 11, 12, 13), (4, 1, 5, 2, 3, 6, 9, 10, 7, 12, 11, 13, 8), (3, 2, 8, 1, 4, 5, 6, 9, 7, 10, 11, 13, 12), (1, 3, 2, 6, 7, 4, 8, 5, 10, 9, 12, 13, 11), (1, 2, 4, 3, 5, 6, 7, 8, 9, 10, 11, 12, 13), (4, 7, 1, 10, 2, 5, 6, 9, 3, 13, 8, 11, 12), (4, 2, 1, 5, 3, 6, 7, 8, 9, 11, 13, 12, 10), (4, 2, 3, 6, 1, 7, 5, 10, 8, 9, 11, 12, 13), (1, 2, 3, 4, 5, 6, 7, 8, 10, 9, 11, 12, 13), (2, 3, 1, 6, 7, 5, 9, 8, 10, 4, 13, 12, 11), (3, 2, 7, 4, 8, 5, 11, 1, 9, 13, 10, 6, 12)}
M(AUB) = 
[[1, 2, 3, 4, 5, 6, 7, 8, 9, 10, 11, 12, 13]]
Distance:133

(46)
A = 
{(7, 2, 1, 3, 4, 6, 5, 8, 9, 13, 10, 12, 11), (2, 1, 3, 4, 5, 6, 7, 8, 9, 10, 11, 13, 12), (3, 2, 1, 5, 4, 7, 6, 8, 11, 9, 13, 10, 12), (1, 3, 2, 4, 7, 5, 10, 9, 8, 6, 13, 12, 11), (1, 2, 4, 3, 5, 6, 7, 8, 9, 10, 12, 11, 13), (4, 2, 5, 1, 8, 3, 10, 7, 9, 11, 6, 12, 13), (2, 3, 1, 7, 5, 10, 8, 9, 4, 11, 6, 13, 12)}
M(A) = 
[[2, 1, 3, 4, 5, 7, 6, 8, 9, 10, 11, 12, 13], [2, 1, 3, 4, 5, 7, 6, 8, 9, 10, 11, 13, 12]]
Distance: 59
B = 
{(2, 3, 1, 5, 7, 4, 9, 11, 8, 6, 12, 10, 13), (1, 4, 2, 3, 8, 6, 7, 5, 9, 10, 12, 13, 11), (1, 4, 3, 5, 2, 6, 7, 11, 10, 8, 13, 9, 12), (3, 2, 4, 5, 1, 8, 9, 6, 7, 12, 10, 13, 11), (1, 7, 4, 2, 3, 5, 6, 9, 8, 11, 13, 12, 10), (2, 7, 3, 1, 5, 9, 4, 6, 10, 11, 8, 12, 13), (2, 1, 3, 5, 4, 7, 6, 12, 9, 8, 13, 10, 11)}
M(B) = 
[[2, 1, 3, 4, 5, 7, 6, 8, 9, 10, 11, 12, 13], [2, 1, 3, 4, 5, 7, 6, 8, 9, 10, 11, 13, 12]]
Distance: 76
M(A) inter A:
set()
M(B) inter B:
set()

AUB = 
{(7, 2, 1, 3, 4, 6, 5, 8, 9, 13, 10, 12, 11), (2, 1, 3, 4, 5, 6, 7, 8, 9, 10, 11, 13, 12), (3, 2, 1, 5, 4, 7, 6, 8, 11, 9, 13, 10, 12), (2, 3, 1, 5, 7, 4, 9, 11, 8, 6, 12, 10, 13), (1, 4, 2, 3, 8, 6, 7, 5, 9, 10, 12, 13, 11), (1, 3, 2, 4, 7, 5, 10, 9, 8, 6, 13, 12, 11), (1, 4, 3, 5, 2, 6, 7, 11, 10, 8, 13, 9, 12), (3, 2, 4, 5, 1, 8, 9, 6, 7, 12, 10, 13, 11), (1, 7, 4, 2, 3, 5, 6, 9, 8, 11, 13, 12, 10), (1, 2, 4, 3, 5, 6, 7, 8, 9, 10, 12, 11, 13), (2, 7, 3, 1, 5, 9, 4, 6, 10, 11, 8, 12, 13), (2, 1, 3, 5, 4, 7, 6, 12, 9, 8, 13, 10, 11), (4, 2, 5, 1, 8, 3, 10, 7, 9, 11, 6, 12, 13), (2, 3, 1, 7, 5, 10, 8, 9, 4, 11, 6, 13, 12)}
M(AUB) = 
[[2, 1, 3, 4, 5, 7, 6, 8, 9, 10, 11, 12, 13], [2, 1, 3, 4, 5, 7, 6, 8, 9, 10, 11, 13, 12]]
Distance:139

(47)
A = 
{(1, 2, 4, 6, 8, 3, 5, 7, 11, 10, 9, 12, 13), (1, 3, 2, 4, 6, 8, 5, 9, 7, 11, 10, 12, 13), (1, 3, 5, 7, 2, 4, 6, 8, 13, 10, 11, 12, 9), (1, 3, 2, 4, 5, 6, 8, 7, 9, 11, 10, 12, 13), (1, 2, 3, 5, 6, 8, 4, 7, 9, 10, 11, 13, 12), (4, 3, 6, 2, 1, 7, 10, 8, 5, 12, 9, 13, 11), (4, 1, 2, 6, 3, 5, 7, 9, 12, 8, 10, 11, 13)}
M(A) = 
[[1, 2, 3, 4, 6, 5, 7, 8, 9, 10, 11, 12, 13], [1, 2, 3, 4, 6, 5, 7, 8, 10, 9, 11, 12, 13], [1, 2, 3, 4, 6, 5, 8, 7, 9, 10, 11, 12, 13], [1, 2, 3, 4, 6, 5, 8, 7, 10, 9, 11, 12, 13], [1, 3, 2, 4, 6, 5, 7, 8, 9, 10, 11, 12, 13], [1, 3, 2, 4, 6, 5, 7, 8, 10, 9, 11, 12, 13], [1, 3, 2, 4, 6, 5, 8, 7, 9, 10, 11, 12, 13], [1, 3, 2, 4, 6, 5, 8, 7, 10, 9, 11, 12, 13]]
Distance: 59
B = 
{(1, 2, 6, 3, 4, 5, 7, 9, 8, 12, 10, 13, 11), (2, 7, 1, 4, 6, 5, 3, 9, 12, 10, 8, 11, 13), (1, 3, 4, 2, 6, 5, 9, 8, 7, 10, 11, 13, 12), (3, 2, 7, 1, 4, 10, 6, 5, 8, 11, 13, 12, 9), (1, 2, 8, 4, 3, 7, 5, 6, 10, 9, 11, 13, 12), (1, 5, 4, 8, 7, 2, 10, 6, 11, 3, 9, 12, 13), (6, 1, 3, 2, 5, 7, 10, 4, 8, 9, 12, 11, 13)}
M(B) = 
[[1, 2, 3, 4, 6, 5, 7, 8, 9, 10, 11, 12, 13], [1, 2, 3, 4, 6, 5, 7, 8, 10, 9, 11, 12, 13], [1, 2, 3, 4, 6, 5, 8, 7, 9, 10, 11, 12, 13], [1, 2, 3, 4, 6, 5, 8, 7, 10, 9, 11, 12, 13], [1, 3, 2, 4, 6, 5, 7, 8, 9, 10, 11, 12, 13], [1, 3, 2, 4, 6, 5, 7, 8, 10, 9, 11, 12, 13], [1, 3, 2, 4, 6, 5, 8, 7, 9, 10, 11, 12, 13], [1, 3, 2, 4, 6, 5, 8, 7, 10, 9, 11, 12, 13]]
Distance: 81
M(A) inter A:
set()
M(B) inter B:
set()

AUB = 
{(1, 2, 6, 3, 4, 5, 7, 9, 8, 12, 10, 13, 11), (2, 7, 1, 4, 6, 5, 3, 9, 12, 10, 8, 11, 13), (1, 2, 4, 6, 8, 3, 5, 7, 11, 10, 9, 12, 13), (1, 3, 2, 4, 6, 8, 5, 9, 7, 11, 10, 12, 13), (1, 3, 4, 2, 6, 5, 9, 8, 7, 10, 11, 13, 12), (3, 2, 7, 1, 4, 10, 6, 5, 8, 11, 13, 12, 9), (1, 2, 8, 4, 3, 7, 5, 6, 10, 9, 11, 13, 12), (1, 3, 5, 7, 2, 4, 6, 8, 13, 10, 11, 12, 9), (1, 3, 2, 4, 5, 6, 8, 7, 9, 11, 10, 12, 13), (1, 2, 3, 5, 6, 8, 4, 7, 9, 10, 11, 13, 12), (4, 3, 6, 2, 1, 7, 10, 8, 5, 12, 9, 13, 11), (4, 1, 2, 6, 3, 5, 7, 9, 12, 8, 10, 11, 13), (1, 5, 4, 8, 7, 2, 10, 6, 11, 3, 9, 12, 13), (6, 1, 3, 2, 5, 7, 10, 4, 8, 9, 12, 11, 13)}
M(AUB) = 
[[1, 2, 3, 4, 6, 5, 7, 8, 9, 10, 11, 12, 13], [1, 2, 3, 4, 6, 5, 7, 8, 10, 9, 11, 12, 13], [1, 2, 3, 4, 6, 5, 8, 7, 9, 10, 11, 12, 13], [1, 2, 3, 4, 6, 5, 8, 7, 10, 9, 11, 12, 13], [1, 3, 2, 4, 6, 5, 7, 8, 9, 10, 11, 12, 13], [1, 3, 2, 4, 6, 5, 7, 8, 10, 9, 11, 12, 13], [1, 3, 2, 4, 6, 5, 8, 7, 9, 10, 11, 12, 13], [1, 3, 2, 4, 6, 5, 8, 7, 10, 9, 11, 12, 13]]
Distance:143

(48)
A = 
{(1, 2, 4, 3, 5, 6, 7, 9, 11, 8, 12, 10, 13), (2, 1, 5, 3, 7, 4, 8, 6, 9, 10, 11, 13, 12), (2, 1, 3, 5, 4, 7, 6, 8, 10, 9, 11, 12, 13), (2, 1, 4, 3, 6, 7, 5, 8, 9, 11, 10, 12, 13), (2, 1, 6, 3, 5, 8, 4, 9, 10, 7, 12, 11, 13), (1, 3, 2, 4, 5, 6, 7, 8, 10, 9, 11, 12, 13), (4, 1, 2, 3, 7, 6, 5, 9, 10, 11, 8, 12, 13)}
M(A) = 
[[1, 2, 3, 4, 5, 6, 7, 8, 9, 10, 11, 12, 13], [2, 1, 3, 4, 5, 6, 7, 8, 9, 10, 11, 12, 13]]
Distance: 41
B = 
{(2, 3, 1, 4, 5, 9, 10, 6, 8, 12, 11, 13, 7), (1, 2, 3, 4, 5, 6, 8, 7, 9, 10, 12, 11, 13), (5, 1, 2, 3, 7, 6, 4, 8, 10, 9, 13, 11, 12), (1, 3, 2, 4, 6, 7, 9, 5, 10, 8, 13, 12, 11), (1, 2, 6, 3, 4, 8, 5, 7, 10, 11, 13, 9, 12), (4, 2, 1, 5, 6, 3, 8, 10, 12, 9, 7, 11, 13), (2, 3, 1, 6, 7, 4, 9, 5, 8, 11, 10, 13, 12)}
M(B) = 
[[1, 2, 3, 4, 5, 6, 7, 8, 9, 10, 11, 12, 13], [2, 1, 3, 4, 5, 6, 7, 8, 9, 10, 11, 12, 13]]
Distance: 64
M(A) inter A:
set()
M(B) inter B:
{(1, 2, 3, 4, 5, 6, 8, 7, 9, 10, 12, 11, 13)}

AUB = 
{(1, 2, 4, 3, 5, 6, 7, 9, 11, 8, 12, 10, 13), (2, 3, 1, 4, 5, 9, 10, 6, 8, 12, 11, 13, 7), (2, 1, 5, 3, 7, 4, 8, 6, 9, 10, 11, 13, 12), (2, 1, 3, 5, 4, 7, 6, 8, 10, 9, 11, 12, 13), (2, 1, 4, 3, 6, 7, 5, 8, 9, 11, 10, 12, 13), (2, 1, 6, 3, 5, 8, 4, 9, 10, 7, 12, 11, 13), (1, 2, 3, 4, 5, 6, 8, 7, 9, 10, 12, 11, 13), (1, 3, 2, 4, 5, 6, 7, 8, 10, 9, 11, 12, 13), (5, 1, 2, 3, 7, 6, 4, 8, 10, 9, 13, 11, 12), (1, 3, 2, 4, 6, 7, 9, 5, 10, 8, 13, 12, 11), (4, 1, 2, 3, 7, 6, 5, 9, 10, 11, 8, 12, 13), (1, 2, 6, 3, 4, 8, 5, 7, 10, 11, 13, 9, 12), (4, 2, 1, 5, 6, 3, 8, 10, 12, 9, 7, 11, 13), (2, 3, 1, 6, 7, 4, 9, 5, 8, 11, 10, 13, 12)}
M(AUB) = 
[[1, 2, 3, 4, 5, 6, 7, 8, 9, 10, 11, 12, 13], [2, 1, 3, 4, 5, 6, 7, 8, 9, 10, 11, 12, 13]]
Distance:108

(49)
A = 
{(2, 1, 3, 4, 6, 5, 7, 10, 11, 8, 13, 9, 12), (1, 4, 2, 3, 7, 6, 11, 5, 9, 8, 12, 10, 13), (2, 1, 3, 4, 6, 8, 5, 9, 7, 11, 10, 13, 12), (1, 4, 3, 7, 2, 5, 8, 6, 9, 10, 11, 13, 12), (1, 3, 4, 6, 2, 5, 8, 7, 10, 9, 12, 11, 13), (3, 1, 2, 4, 6, 11, 5, 8, 9, 12, 10, 7, 13), (3, 1, 2, 6, 4, 7, 5, 9, 8, 12, 10, 11, 13)}
M(A) = 
[[1, 2, 3, 4, 5, 6, 7, 8, 9, 10, 11, 12, 13], [1, 2, 3, 4, 5, 6, 7, 8, 9, 10, 11, 13, 12], [1, 2, 3, 4, 5, 7, 6, 8, 9, 10, 11, 12, 13], [1, 2, 3, 4, 5, 7, 6, 8, 9, 10, 11, 13, 12], [1, 2, 3, 4, 6, 5, 7, 8, 9, 10, 11, 12, 13], [1, 2, 3, 4, 6, 5, 7, 8, 9, 10, 11, 13, 12], [1, 3, 2, 4, 5, 6, 7, 8, 9, 10, 11, 12, 13], [1, 3, 2, 4, 5, 6, 7, 8, 9, 10, 11, 13, 12], [1, 3, 2, 4, 5, 7, 6, 8, 9, 10, 11, 12, 13], [1, 3, 2, 4, 5, 7, 6, 8, 9, 10, 11, 13, 12], [1, 3, 2, 4, 6, 5, 7, 8, 9, 10, 11, 12, 13], [1, 3, 2, 4, 6, 5, 7, 8, 9, 10, 11, 13, 12]]
Distance: 56
B = 
{(3, 1, 5, 2, 11, 4, 7, 8, 6, 9, 10, 13, 12), (1, 2, 3, 4, 5, 6, 8, 10, 7, 9, 12, 11, 13), (3, 2, 1, 10, 7, 4, 5, 6, 8, 9, 11, 13, 12), (7, 1, 5, 9, 3, 4, 8, 10, 11, 2, 12, 13, 6), (1, 2, 7, 5, 6, 3, 9, 12, 4, 10, 8, 13, 11), (2, 4, 3, 6, 1, 5, 7, 10, 9, 8, 11, 13, 12), (1, 2, 3, 4, 5, 10, 8, 7, 9, 6, 11, 13, 12)}
M(B) = 
[[1, 2, 3, 4, 5, 6, 7, 8, 9, 10, 11, 12, 13], [1, 2, 3, 4, 5, 6, 7, 8, 9, 10, 11, 13, 12], [1, 2, 3, 4, 5, 7, 6, 8, 9, 10, 11, 12, 13], [1, 2, 3, 4, 5, 7, 6, 8, 9, 10, 11, 13, 12], [1, 2, 3, 4, 6, 5, 7, 8, 9, 10, 11, 12, 13], [1, 2, 3, 4, 6, 5, 7, 8, 9, 10, 11, 13, 12], [1, 3, 2, 4, 5, 6, 7, 8, 9, 10, 11, 12, 13], [1, 3, 2, 4, 5, 6, 7, 8, 9, 10, 11, 13, 12], [1, 3, 2, 4, 5, 7, 6, 8, 9, 10, 11, 12, 13], [1, 3, 2, 4, 5, 7, 6, 8, 9, 10, 11, 13, 12], [1, 3, 2, 4, 6, 5, 7, 8, 9, 10, 11, 12, 13], [1, 3, 2, 4, 6, 5, 7, 8, 9, 10, 11, 13, 12]]
Distance: 83
M(A) inter A:
set()
M(B) inter B:
set()

AUB = 
{(3, 1, 5, 2, 11, 4, 7, 8, 6, 9, 10, 13, 12), (2, 1, 3, 4, 6, 5, 7, 10, 11, 8, 13, 9, 12), (1, 4, 2, 3, 7, 6, 11, 5, 9, 8, 12, 10, 13), (2, 1, 3, 4, 6, 8, 5, 9, 7, 11, 10, 13, 12), (1, 2, 3, 4, 5, 6, 8, 10, 7, 9, 12, 11, 13), (3, 2, 1, 10, 7, 4, 5, 6, 8, 9, 11, 13, 12), (7, 1, 5, 9, 3, 4, 8, 10, 11, 2, 12, 13, 6), (1, 2, 7, 5, 6, 3, 9, 12, 4, 10, 8, 13, 11), (2, 4, 3, 6, 1, 5, 7, 10, 9, 8, 11, 13, 12), (1, 2, 3, 4, 5, 10, 8, 7, 9, 6, 11, 13, 12), (1, 4, 3, 7, 2, 5, 8, 6, 9, 10, 11, 13, 12), (1, 3, 4, 6, 2, 5, 8, 7, 10, 9, 12, 11, 13), (3, 1, 2, 4, 6, 11, 5, 8, 9, 12, 10, 7, 13), (3, 1, 2, 6, 4, 7, 5, 9, 8, 12, 10, 11, 13)}
M(AUB) = 
[[1, 2, 3, 4, 5, 6, 7, 8, 9, 10, 11, 12, 13], [1, 2, 3, 4, 5, 6, 7, 8, 9, 10, 11, 13, 12], [1, 2, 3, 4, 5, 7, 6, 8, 9, 10, 11, 12, 13], [1, 2, 3, 4, 5, 7, 6, 8, 9, 10, 11, 13, 12], [1, 2, 3, 4, 6, 5, 7, 8, 9, 10, 11, 12, 13], [1, 2, 3, 4, 6, 5, 7, 8, 9, 10, 11, 13, 12], [1, 3, 2, 4, 5, 6, 7, 8, 9, 10, 11, 12, 13], [1, 3, 2, 4, 5, 6, 7, 8, 9, 10, 11, 13, 12], [1, 3, 2, 4, 5, 7, 6, 8, 9, 10, 11, 12, 13], [1, 3, 2, 4, 5, 7, 6, 8, 9, 10, 11, 13, 12], [1, 3, 2, 4, 6, 5, 7, 8, 9, 10, 11, 12, 13], [1, 3, 2, 4, 6, 5, 7, 8, 9, 10, 11, 13, 12]]
Distance:151

