(0)
A = 
{(1, 2, 3, 4, 5, 6, 7, 10, 8, 9, 11, 13, 12), (1, 2, 3, 5, 4, 7, 8, 6, 9, 12, 10, 13, 11), (4, 2, 1, 6, 8, 7, 11, 3, 12, 5, 9, 10, 13), (2, 5, 7, 4, 3, 8, 10, 1, 6, 13, 11, 12, 9), (2, 1, 4, 5, 3, 6, 9, 7, 8, 10, 11, 12, 13)}
M(A) = 
[[2, 1, 3, 4, 5, 7, 6, 8, 9, 10, 11, 12, 13]]
Distance: 51
B = 
{(3, 2, 1, 5, 7, 4, 10, 6, 8, 13, 11, 12, 9), (2, 4, 1, 7, 3, 6, 8, 9, 5, 10, 11, 13, 12), (2, 1, 3, 4, 5, 6, 7, 8, 9, 10, 11, 12, 13), (2, 5, 3, 7, 1, 6, 4, 9, 8, 10, 11, 12, 13), (2, 3, 1, 4, 7, 9, 12, 5, 8, 6, 11, 10, 13)}
M(B) = 
[[2, 1, 3, 4, 5, 7, 6, 8, 9, 10, 11, 12, 13]]
Distance: 40
M(A) inter A:
set()
M(B) inter B:
set()

AUB = 
{(1, 2, 3, 5, 4, 7, 8, 6, 9, 12, 10, 13, 11), (3, 2, 1, 5, 7, 4, 10, 6, 8, 13, 11, 12, 9), (2, 1, 4, 5, 3, 6, 9, 7, 8, 10, 11, 12, 13), (2, 5, 3, 7, 1, 6, 4, 9, 8, 10, 11, 12, 13), (1, 2, 3, 4, 5, 6, 7, 10, 8, 9, 11, 13, 12), (2, 3, 1, 4, 7, 9, 12, 5, 8, 6, 11, 10, 13), (4, 2, 1, 6, 8, 7, 11, 3, 12, 5, 9, 10, 13), (2, 5, 7, 4, 3, 8, 10, 1, 6, 13, 11, 12, 9), (2, 4, 1, 7, 3, 6, 8, 9, 5, 10, 11, 13, 12), (2, 1, 3, 4, 5, 6, 7, 8, 9, 10, 11, 12, 13)}
M(AUB) = 
[[2, 1, 3, 4, 5, 7, 6, 8, 9, 10, 11, 12, 13]]
Distance:94

(1)
A = 
{(1, 2, 3, 5, 4, 8, 7, 6, 12, 10, 13, 11, 9), (1, 2, 3, 5, 4, 6, 7, 8, 9, 10, 11, 13, 12), (1, 2, 3, 5, 4, 8, 10, 13, 7, 12, 9, 6, 11), (2, 1, 4, 8, 7, 6, 3, 5, 10, 9, 13, 11, 12), (1, 2, 3, 5, 4, 6, 7, 8, 9, 10, 11, 12, 13)}
M(A) = 
[[1, 2, 3, 5, 4, 7, 6, 8, 9, 10, 13, 11, 12], [1, 2, 3, 5, 4, 7, 6, 8, 10, 9, 13, 11, 12]]
Distance: 35
B = 
{(2, 5, 1, 6, 4, 3, 7, 9, 13, 11, 12, 8, 10), (1, 2, 3, 10, 4, 5, 7, 6, 8, 13, 9, 11, 12), (3, 2, 5, 4, 1, 6, 7, 10, 8, 9, 13, 12, 11), (1, 3, 2, 4, 7, 8, 5, 6, 9, 11, 10, 12, 13), (2, 3, 4, 5, 1, 7, 6, 8, 9, 10, 12, 11, 13)}
M(B) = 
[[1, 2, 3, 5, 4, 7, 6, 8, 9, 10, 13, 11, 12], [1, 2, 3, 5, 4, 7, 6, 8, 10, 9, 13, 11, 12]]
Distance: 45
M(A) inter A:
set()
M(B) inter B:
set()

AUB = 
{(1, 2, 3, 5, 4, 8, 10, 13, 7, 12, 9, 6, 11), (1, 2, 3, 5, 4, 6, 7, 8, 9, 10, 11, 12, 13), (2, 5, 1, 6, 4, 3, 7, 9, 13, 11, 12, 8, 10), (1, 2, 3, 5, 4, 6, 7, 8, 9, 10, 11, 13, 12), (3, 2, 5, 4, 1, 6, 7, 10, 8, 9, 13, 12, 11), (1, 3, 2, 4, 7, 8, 5, 6, 9, 11, 10, 12, 13), (2, 3, 4, 5, 1, 7, 6, 8, 9, 10, 12, 11, 13), (2, 1, 4, 8, 7, 6, 3, 5, 10, 9, 13, 11, 12), (1, 2, 3, 10, 4, 5, 7, 6, 8, 13, 9, 11, 12), (1, 2, 3, 5, 4, 8, 7, 6, 12, 10, 13, 11, 9)}
M(AUB) = 
[[1, 2, 3, 5, 4, 7, 6, 8, 9, 10, 13, 11, 12], [1, 2, 3, 5, 4, 7, 6, 8, 10, 9, 13, 11, 12]]
Distance:85

(2)
A = 
{(4, 1, 2, 5, 3, 13, 10, 9, 7, 11, 6, 12, 8), (3, 6, 2, 4, 1, 5, 9, 7, 8, 12, 10, 11, 13), (3, 4, 7, 1, 2, 5, 8, 6, 12, 10, 11, 13, 9), (1, 2, 3, 4, 6, 7, 5, 9, 8, 10, 11, 13, 12), (1, 3, 4, 2, 5, 6, 8, 7, 9, 10, 11, 12, 13)}
M(A) = 
[[1, 2, 3, 4, 5, 6, 7, 8, 9, 10, 11, 12, 13], [1, 2, 3, 4, 5, 6, 7, 9, 8, 10, 11, 12, 13], [1, 3, 2, 4, 5, 6, 7, 8, 9, 10, 11, 12, 13], [1, 3, 2, 4, 5, 6, 7, 9, 8, 10, 11, 12, 13], [1, 3, 4, 2, 5, 6, 7, 8, 9, 10, 11, 12, 13], [1, 3, 4, 2, 5, 6, 7, 9, 8, 10, 11, 12, 13]]
Distance: 53
B = 
{(1, 2, 3, 4, 5, 6, 7, 8, 9, 10, 11, 12, 13), (1, 2, 4, 3, 5, 6, 7, 8, 9, 10, 11, 12, 13), (1, 2, 4, 3, 5, 6, 7, 9, 8, 10, 11, 12, 13), (4, 3, 2, 1, 8, 5, 11, 12, 10, 6, 7, 13, 9), (3, 1, 4, 2, 9, 7, 6, 8, 5, 10, 13, 11, 12)}
M(B) = 
[[1, 2, 3, 4, 5, 6, 7, 8, 9, 10, 11, 12, 13], [1, 2, 3, 4, 5, 6, 7, 9, 8, 10, 11, 12, 13], [1, 3, 2, 4, 5, 6, 7, 8, 9, 10, 11, 12, 13], [1, 3, 2, 4, 5, 6, 7, 9, 8, 10, 11, 12, 13], [1, 3, 4, 2, 5, 6, 7, 8, 9, 10, 11, 12, 13], [1, 3, 4, 2, 5, 6, 7, 9, 8, 10, 11, 12, 13]]
Distance: 36
M(A) inter A:
set()
M(B) inter B:
{(1, 2, 4, 3, 5, 6, 7, 8, 9, 10, 11, 12, 13)}

AUB = 
{(1, 2, 3, 4, 5, 6, 7, 8, 9, 10, 11, 12, 13), (1, 2, 4, 3, 5, 6, 7, 8, 9, 10, 11, 12, 13), (3, 6, 2, 4, 1, 5, 9, 7, 8, 12, 10, 11, 13), (3, 1, 4, 2, 9, 7, 6, 8, 5, 10, 13, 11, 12), (1, 2, 4, 3, 5, 6, 7, 9, 8, 10, 11, 12, 13), (4, 3, 2, 1, 8, 5, 11, 12, 10, 6, 7, 13, 9), (4, 1, 2, 5, 3, 13, 10, 9, 7, 11, 6, 12, 8), (3, 4, 7, 1, 2, 5, 8, 6, 12, 10, 11, 13, 9), (1, 2, 3, 4, 6, 7, 5, 9, 8, 10, 11, 13, 12), (1, 3, 4, 2, 5, 6, 8, 7, 9, 10, 11, 12, 13)}
M(AUB) = 
[[1, 2, 3, 4, 5, 6, 7, 8, 9, 10, 11, 12, 13], [1, 2, 3, 4, 5, 6, 7, 9, 8, 10, 11, 12, 13], [1, 3, 2, 4, 5, 6, 7, 8, 9, 10, 11, 12, 13], [1, 3, 2, 4, 5, 6, 7, 9, 8, 10, 11, 12, 13], [1, 3, 4, 2, 5, 6, 7, 8, 9, 10, 11, 12, 13], [1, 3, 4, 2, 5, 6, 7, 9, 8, 10, 11, 12, 13]]
Distance:93

(3)
A = 
{(6, 2, 1, 3, 4, 5, 8, 10, 9, 12, 11, 7, 13), (1, 5, 3, 8, 2, 9, 4, 6, 11, 13, 7, 12, 10), (1, 3, 2, 5, 4, 7, 6, 8, 9, 11, 12, 10, 13), (2, 4, 3, 1, 6, 5, 13, 10, 8, 7, 11, 12, 9), (1, 2, 4, 7, 3, 11, 6, 12, 9, 5, 8, 10, 13)}
M(A) = 
[[1, 2, 3, 4, 5, 6, 7, 8, 10, 9, 11, 12, 13], [1, 2, 3, 4, 5, 6, 7, 8, 10, 11, 9, 12, 13], [1, 2, 3, 4, 5, 6, 8, 7, 10, 9, 11, 12, 13], [1, 2, 3, 4, 5, 6, 8, 7, 10, 11, 9, 12, 13], [1, 2, 3, 4, 5, 7, 6, 8, 10, 9, 11, 12, 13], [1, 2, 3, 4, 5, 7, 6, 8, 10, 11, 9, 12, 13], [1, 3, 2, 4, 5, 6, 7, 8, 10, 9, 11, 12, 13], [1, 3, 2, 4, 5, 6, 7, 8, 10, 11, 9, 12, 13], [1, 3, 2, 4, 5, 6, 8, 7, 10, 9, 11, 12, 13], [1, 3, 2, 4, 5, 6, 8, 7, 10, 11, 9, 12, 13], [1, 3, 2, 4, 5, 7, 6, 8, 10, 9, 11, 12, 13], [1, 3, 2, 4, 5, 7, 6, 8, 10, 11, 9, 12, 13]]
Distance: 64
B = 
{(1, 8, 2, 4, 3, 5, 7, 10, 6, 11, 9, 12, 13), (4, 1, 3, 2, 6, 8, 5, 7, 10, 11, 13, 9, 12), (3, 1, 2, 10, 4, 7, 5, 11, 6, 13, 9, 12, 8), (3, 4, 1, 5, 6, 10, 7, 2, 8, 12, 13, 9, 11), (2, 3, 1, 4, 7, 5, 10, 6, 9, 12, 8, 13, 11)}
M(B) = 
[[1, 2, 3, 4, 5, 6, 7, 8, 10, 9, 11, 12, 13], [1, 2, 3, 4, 5, 6, 7, 8, 10, 11, 9, 12, 13], [1, 2, 3, 4, 5, 6, 8, 7, 10, 9, 11, 12, 13], [1, 2, 3, 4, 5, 6, 8, 7, 10, 11, 9, 12, 13], [1, 2, 3, 4, 5, 7, 6, 8, 10, 9, 11, 12, 13], [1, 2, 3, 4, 5, 7, 6, 8, 10, 11, 9, 12, 13], [1, 3, 2, 4, 5, 6, 7, 8, 10, 9, 11, 12, 13], [1, 3, 2, 4, 5, 6, 7, 8, 10, 11, 9, 12, 13], [1, 3, 2, 4, 5, 6, 8, 7, 10, 9, 11, 12, 13], [1, 3, 2, 4, 5, 6, 8, 7, 10, 11, 9, 12, 13], [1, 3, 2, 4, 5, 7, 6, 8, 10, 9, 11, 12, 13], [1, 3, 2, 4, 5, 7, 6, 8, 10, 11, 9, 12, 13]]
Distance: 55
M(A) inter A:
set()
M(B) inter B:
set()

AUB = 
{(6, 2, 1, 3, 4, 5, 8, 10, 9, 12, 11, 7, 13), (4, 1, 3, 2, 6, 8, 5, 7, 10, 11, 13, 9, 12), (1, 5, 3, 8, 2, 9, 4, 6, 11, 13, 7, 12, 10), (1, 3, 2, 5, 4, 7, 6, 8, 9, 11, 12, 10, 13), (3, 1, 2, 10, 4, 7, 5, 11, 6, 13, 9, 12, 8), (1, 2, 4, 7, 3, 11, 6, 12, 9, 5, 8, 10, 13), (2, 4, 3, 1, 6, 5, 13, 10, 8, 7, 11, 12, 9), (3, 4, 1, 5, 6, 10, 7, 2, 8, 12, 13, 9, 11), (2, 3, 1, 4, 7, 5, 10, 6, 9, 12, 8, 13, 11), (1, 8, 2, 4, 3, 5, 7, 10, 6, 11, 9, 12, 13)}
M(AUB) = 
[[1, 2, 3, 4, 5, 6, 7, 8, 10, 9, 11, 12, 13], [1, 2, 3, 4, 5, 6, 7, 8, 10, 11, 9, 12, 13], [1, 2, 3, 4, 5, 6, 8, 7, 10, 9, 11, 12, 13], [1, 2, 3, 4, 5, 6, 8, 7, 10, 11, 9, 12, 13], [1, 2, 3, 4, 5, 7, 6, 8, 10, 9, 11, 12, 13], [1, 2, 3, 4, 5, 7, 6, 8, 10, 11, 9, 12, 13], [1, 3, 2, 4, 5, 6, 7, 8, 10, 9, 11, 12, 13], [1, 3, 2, 4, 5, 6, 7, 8, 10, 11, 9, 12, 13], [1, 3, 2, 4, 5, 6, 8, 7, 10, 9, 11, 12, 13], [1, 3, 2, 4, 5, 6, 8, 7, 10, 11, 9, 12, 13], [1, 3, 2, 4, 5, 7, 6, 8, 10, 9, 11, 12, 13], [1, 3, 2, 4, 5, 7, 6, 8, 10, 11, 9, 12, 13]]
Distance:130

(4)
A = 
{(2, 1, 3, 4, 5, 6, 8, 10, 7, 12, 13, 11, 9), (1, 2, 4, 3, 5, 6, 7, 8, 9, 10, 12, 11, 13), (3, 4, 2, 1, 6, 7, 11, 5, 8, 9, 10, 13, 12), (6, 2, 5, 1, 9, 3, 8, 12, 4, 10, 7, 13, 11), (3, 2, 6, 1, 5, 4, 9, 8, 10, 7, 13, 11, 12)}
M(A) = 
[[2, 1, 3, 5, 4, 6, 8, 7, 9, 10, 11, 12, 13], [2, 1, 3, 5, 4, 6, 8, 7, 9, 10, 12, 11, 13], [2, 1, 5, 3, 4, 6, 8, 7, 9, 10, 11, 12, 13], [2, 1, 5, 3, 4, 6, 8, 7, 9, 10, 12, 11, 13]]
Distance: 50
B = 
{(1, 5, 2, 3, 4, 6, 9, 10, 7, 8, 12, 11, 13), (2, 1, 5, 4, 3, 6, 8, 7, 11, 12, 10, 13, 9), (2, 1, 5, 8, 3, 4, 6, 9, 12, 11, 7, 10, 13), (5, 2, 1, 3, 4, 6, 8, 7, 9, 11, 13, 10, 12), (2, 3, 5, 8, 4, 7, 6, 9, 1, 10, 11, 13, 12)}
M(B) = 
[[2, 1, 3, 5, 4, 6, 8, 7, 9, 10, 11, 12, 13], [2, 1, 3, 5, 4, 6, 8, 7, 9, 10, 12, 11, 13], [2, 1, 5, 3, 4, 6, 8, 7, 9, 10, 11, 12, 13], [2, 1, 5, 3, 4, 6, 8, 7, 9, 10, 12, 11, 13]]
Distance: 40
M(A) inter A:
set()
M(B) inter B:
set()

AUB = 
{(1, 5, 2, 3, 4, 6, 9, 10, 7, 8, 12, 11, 13), (2, 1, 5, 8, 3, 4, 6, 9, 12, 11, 7, 10, 13), (3, 2, 6, 1, 5, 4, 9, 8, 10, 7, 13, 11, 12), (2, 1, 3, 4, 5, 6, 8, 10, 7, 12, 13, 11, 9), (1, 2, 4, 3, 5, 6, 7, 8, 9, 10, 12, 11, 13), (3, 4, 2, 1, 6, 7, 11, 5, 8, 9, 10, 13, 12), (6, 2, 5, 1, 9, 3, 8, 12, 4, 10, 7, 13, 11), (2, 1, 5, 4, 3, 6, 8, 7, 11, 12, 10, 13, 9), (5, 2, 1, 3, 4, 6, 8, 7, 9, 11, 13, 10, 12), (2, 3, 5, 8, 4, 7, 6, 9, 1, 10, 11, 13, 12)}
M(AUB) = 
[[2, 1, 3, 5, 4, 6, 8, 7, 9, 10, 11, 12, 13], [2, 1, 3, 5, 4, 6, 8, 7, 9, 10, 12, 11, 13], [2, 1, 5, 3, 4, 6, 8, 7, 9, 10, 11, 12, 13], [2, 1, 5, 3, 4, 6, 8, 7, 9, 10, 12, 11, 13]]
Distance:98

(5)
A = 
{(1, 2, 3, 4, 6, 5, 7, 8, 9, 10, 11, 12, 13), (2, 3, 4, 5, 1, 7, 9, 6, 12, 8, 10, 13, 11), (2, 1, 3, 9, 5, 6, 4, 10, 7, 8, 12, 13, 11), (2, 4, 3, 1, 5, 7, 13, 6, 8, 10, 9, 11, 12), (1, 2, 3, 4, 5, 7, 6, 8, 9, 11, 10, 13, 12)}
M(A) = 
[[1, 2, 3, 4, 5, 6, 7, 8, 9, 10, 11, 12, 13], [1, 2, 3, 4, 5, 6, 7, 8, 9, 10, 12, 11, 13], [1, 2, 3, 4, 5, 6, 7, 8, 9, 10, 12, 13, 11], [1, 2, 3, 4, 5, 7, 6, 8, 9, 10, 11, 12, 13], [1, 2, 3, 4, 5, 7, 6, 8, 9, 10, 12, 11, 13], [1, 2, 3, 4, 5, 7, 6, 8, 9, 10, 12, 13, 11], [2, 1, 3, 4, 5, 6, 7, 8, 9, 10, 11, 12, 13], [2, 1, 3, 4, 5, 6, 7, 8, 9, 10, 12, 11, 13], [2, 1, 3, 4, 5, 6, 7, 8, 9, 10, 12, 13, 11], [2, 1, 3, 4, 5, 7, 6, 8, 9, 10, 11, 12, 13], [2, 1, 3, 4, 5, 7, 6, 8, 9, 10, 12, 11, 13], [2, 1, 3, 4, 5, 7, 6, 8, 9, 10, 12, 13, 11]]
Distance: 37
B = 
{(1, 3, 2, 4, 5, 8, 7, 6, 9, 10, 13, 12, 11), (1, 5, 4, 3, 2, 7, 9, 6, 10, 13, 11, 12, 8), (1, 2, 3, 4, 5, 6, 7, 8, 9, 10, 11, 12, 13), (2, 3, 4, 1, 5, 6, 8, 9, 7, 10, 12, 11, 13), (2, 1, 3, 4, 5, 6, 7, 8, 9, 10, 12, 11, 13)}
M(B) = 
[[1, 2, 3, 4, 5, 6, 7, 8, 9, 10, 11, 12, 13], [1, 2, 3, 4, 5, 6, 7, 8, 9, 10, 12, 11, 13], [1, 2, 3, 4, 5, 6, 7, 8, 9, 10, 12, 13, 11], [1, 2, 3, 4, 5, 7, 6, 8, 9, 10, 11, 12, 13], [1, 2, 3, 4, 5, 7, 6, 8, 9, 10, 12, 11, 13], [1, 2, 3, 4, 5, 7, 6, 8, 9, 10, 12, 13, 11], [2, 1, 3, 4, 5, 6, 7, 8, 9, 10, 11, 12, 13], [2, 1, 3, 4, 5, 6, 7, 8, 9, 10, 12, 11, 13], [2, 1, 3, 4, 5, 6, 7, 8, 9, 10, 12, 13, 11], [2, 1, 3, 4, 5, 7, 6, 8, 9, 10, 11, 12, 13], [2, 1, 3, 4, 5, 7, 6, 8, 9, 10, 12, 11, 13], [2, 1, 3, 4, 5, 7, 6, 8, 9, 10, 12, 13, 11]]
Distance: 29
M(A) inter A:
set()
M(B) inter B:
set()

AUB = 
{(1, 5, 4, 3, 2, 7, 9, 6, 10, 13, 11, 12, 8), (2, 1, 3, 9, 5, 6, 4, 10, 7, 8, 12, 13, 11), (2, 1, 3, 4, 5, 6, 7, 8, 9, 10, 12, 11, 13), (1, 2, 3, 4, 5, 6, 7, 8, 9, 10, 11, 12, 13), (2, 4, 3, 1, 5, 7, 13, 6, 8, 10, 9, 11, 12), (1, 2, 3, 4, 6, 5, 7, 8, 9, 10, 11, 12, 13), (1, 3, 2, 4, 5, 8, 7, 6, 9, 10, 13, 12, 11), (2, 3, 4, 5, 1, 7, 9, 6, 12, 8, 10, 13, 11), (1, 2, 3, 4, 5, 7, 6, 8, 9, 11, 10, 13, 12), (2, 3, 4, 1, 5, 6, 8, 9, 7, 10, 12, 11, 13)}
M(AUB) = 
[[1, 2, 3, 4, 5, 6, 7, 8, 9, 10, 11, 12, 13], [1, 2, 3, 4, 5, 6, 7, 8, 9, 10, 12, 11, 13], [1, 2, 3, 4, 5, 6, 7, 8, 9, 10, 12, 13, 11], [1, 2, 3, 4, 5, 7, 6, 8, 9, 10, 11, 12, 13], [1, 2, 3, 4, 5, 7, 6, 8, 9, 10, 12, 11, 13], [1, 2, 3, 4, 5, 7, 6, 8, 9, 10, 12, 13, 11], [2, 1, 3, 4, 5, 6, 7, 8, 9, 10, 11, 12, 13], [2, 1, 3, 4, 5, 6, 7, 8, 9, 10, 12, 11, 13], [2, 1, 3, 4, 5, 6, 7, 8, 9, 10, 12, 13, 11], [2, 1, 3, 4, 5, 7, 6, 8, 9, 10, 11, 12, 13], [2, 1, 3, 4, 5, 7, 6, 8, 9, 10, 12, 11, 13], [2, 1, 3, 4, 5, 7, 6, 8, 9, 10, 12, 13, 11]]
Distance:69

(6)
A = 
{(2, 1, 3, 4, 6, 5, 7, 9, 10, 8, 11, 13, 12), (1, 4, 3, 6, 7, 8, 2, 5, 11, 9, 12, 10, 13), (2, 1, 5, 6, 3, 4, 7, 9, 10, 12, 8, 13, 11), (3, 1, 5, 9, 8, 2, 4, 6, 11, 7, 12, 13, 10), (1, 4, 2, 3, 5, 6, 8, 7, 10, 9, 13, 11, 12)}
M(A) = 
[[1, 2, 3, 4, 5, 6, 7, 8, 9, 10, 11, 12, 13], [1, 2, 3, 4, 5, 6, 7, 8, 9, 10, 11, 13, 12], [1, 2, 3, 4, 5, 6, 7, 9, 8, 10, 11, 12, 13], [1, 2, 3, 4, 5, 6, 7, 9, 8, 10, 11, 13, 12], [1, 2, 4, 3, 5, 6, 7, 8, 9, 10, 11, 12, 13], [1, 2, 4, 3, 5, 6, 7, 8, 9, 10, 11, 13, 12], [1, 2, 4, 3, 5, 6, 7, 9, 8, 10, 11, 12, 13], [1, 2, 4, 3, 5, 6, 7, 9, 8, 10, 11, 13, 12], [2, 1, 3, 4, 5, 6, 7, 8, 9, 10, 11, 12, 13], [2, 1, 3, 4, 5, 6, 7, 8, 9, 10, 11, 13, 12], [2, 1, 3, 4, 5, 6, 7, 9, 8, 10, 11, 12, 13], [2, 1, 3, 4, 5, 6, 7, 9, 8, 10, 11, 13, 12], [2, 1, 4, 3, 5, 6, 7, 8, 9, 10, 11, 12, 13], [2, 1, 4, 3, 5, 6, 7, 8, 9, 10, 11, 13, 12], [2, 1, 4, 3, 5, 6, 7, 9, 8, 10, 11, 12, 13], [2, 1, 4, 3, 5, 6, 7, 9, 8, 10, 11, 13, 12]]
Distance: 49
B = 
{(4, 2, 6, 5, 3, 7, 1, 10, 9, 8, 12, 11, 13), (2, 1, 4, 3, 6, 5, 8, 7, 9, 10, 11, 13, 12), (1, 2, 3, 4, 5, 6, 7, 8, 9, 11, 10, 13, 12), (1, 5, 2, 4, 3, 7, 8, 6, 9, 10, 11, 12, 13), (2, 1, 3, 5, 4, 9, 7, 6, 11, 8, 13, 10, 12)}
M(B) = 
[[1, 2, 3, 4, 5, 6, 7, 8, 9, 10, 11, 12, 13], [1, 2, 3, 4, 5, 6, 7, 8, 9, 10, 11, 13, 12], [1, 2, 3, 4, 5, 6, 7, 9, 8, 10, 11, 12, 13], [1, 2, 3, 4, 5, 6, 7, 9, 8, 10, 11, 13, 12], [1, 2, 4, 3, 5, 6, 7, 8, 9, 10, 11, 12, 13], [1, 2, 4, 3, 5, 6, 7, 8, 9, 10, 11, 13, 12], [1, 2, 4, 3, 5, 6, 7, 9, 8, 10, 11, 12, 13], [1, 2, 4, 3, 5, 6, 7, 9, 8, 10, 11, 13, 12], [2, 1, 3, 4, 5, 6, 7, 8, 9, 10, 11, 12, 13], [2, 1, 3, 4, 5, 6, 7, 8, 9, 10, 11, 13, 12], [2, 1, 3, 4, 5, 6, 7, 9, 8, 10, 11, 12, 13], [2, 1, 3, 4, 5, 6, 7, 9, 8, 10, 11, 13, 12], [2, 1, 4, 3, 5, 6, 7, 8, 9, 10, 11, 12, 13], [2, 1, 4, 3, 5, 6, 7, 8, 9, 10, 11, 13, 12], [2, 1, 4, 3, 5, 6, 7, 9, 8, 10, 11, 12, 13], [2, 1, 4, 3, 5, 6, 7, 9, 8, 10, 11, 13, 12]]
Distance: 35
M(A) inter A:
set()
M(B) inter B:
set()

AUB = 
{(4, 2, 6, 5, 3, 7, 1, 10, 9, 8, 12, 11, 13), (1, 4, 3, 6, 7, 8, 2, 5, 11, 9, 12, 10, 13), (1, 4, 2, 3, 5, 6, 8, 7, 10, 9, 13, 11, 12), (2, 1, 5, 6, 3, 4, 7, 9, 10, 12, 8, 13, 11), (3, 1, 5, 9, 8, 2, 4, 6, 11, 7, 12, 13, 10), (2, 1, 3, 5, 4, 9, 7, 6, 11, 8, 13, 10, 12), (2, 1, 4, 3, 6, 5, 8, 7, 9, 10, 11, 13, 12), (1, 2, 3, 4, 5, 6, 7, 8, 9, 11, 10, 13, 12), (2, 1, 3, 4, 6, 5, 7, 9, 10, 8, 11, 13, 12), (1, 5, 2, 4, 3, 7, 8, 6, 9, 10, 11, 12, 13)}
M(AUB) = 
[[1, 2, 3, 4, 5, 6, 7, 8, 9, 10, 11, 12, 13], [1, 2, 3, 4, 5, 6, 7, 8, 9, 10, 11, 13, 12], [1, 2, 3, 4, 5, 6, 7, 9, 8, 10, 11, 12, 13], [1, 2, 3, 4, 5, 6, 7, 9, 8, 10, 11, 13, 12], [1, 2, 4, 3, 5, 6, 7, 8, 9, 10, 11, 12, 13], [1, 2, 4, 3, 5, 6, 7, 8, 9, 10, 11, 13, 12], [1, 2, 4, 3, 5, 6, 7, 9, 8, 10, 11, 12, 13], [1, 2, 4, 3, 5, 6, 7, 9, 8, 10, 11, 13, 12], [2, 1, 3, 4, 5, 6, 7, 8, 9, 10, 11, 12, 13], [2, 1, 3, 4, 5, 6, 7, 8, 9, 10, 11, 13, 12], [2, 1, 3, 4, 5, 6, 7, 9, 8, 10, 11, 12, 13], [2, 1, 3, 4, 5, 6, 7, 9, 8, 10, 11, 13, 12], [2, 1, 4, 3, 5, 6, 7, 8, 9, 10, 11, 12, 13], [2, 1, 4, 3, 5, 6, 7, 8, 9, 10, 11, 13, 12], [2, 1, 4, 3, 5, 6, 7, 9, 8, 10, 11, 12, 13], [2, 1, 4, 3, 5, 6, 7, 9, 8, 10, 11, 13, 12]]
Distance:88

(7)
A = 
{(5, 2, 1, 6, 4, 10, 7, 3, 8, 9, 11, 13, 12), (3, 2, 4, 1, 8, 5, 6, 9, 12, 11, 10, 13, 7), (1, 3, 2, 4, 11, 5, 8, 7, 6, 13, 10, 9, 12), (2, 10, 5, 4, 1, 3, 7, 8, 13, 6, 12, 11, 9), (8, 3, 7, 1, 4, 6, 9, 2, 10, 13, 12, 5, 11)}
M(A) = 
[[1, 4, 3, 2, 5, 8, 6, 7, 9, 10, 11, 12, 13], [1, 4, 3, 2, 5, 8, 6, 7, 9, 10, 12, 11, 13], [1, 4, 3, 2, 5, 8, 6, 7, 9, 11, 10, 12, 13], [1, 4, 3, 2, 5, 8, 6, 9, 7, 10, 11, 12, 13], [1, 4, 3, 2, 5, 8, 6, 9, 7, 10, 12, 11, 13], [1, 4, 3, 2, 5, 8, 6, 9, 7, 11, 10, 12, 13], [1, 4, 3, 2, 8, 5, 6, 7, 9, 10, 11, 12, 13], [1, 4, 3, 2, 8, 5, 6, 7, 9, 10, 12, 11, 13], [1, 4, 3, 2, 8, 5, 6, 7, 9, 11, 10, 12, 13], [1, 4, 3, 2, 8, 5, 6, 9, 7, 10, 11, 12, 13], [1, 4, 3, 2, 8, 5, 6, 9, 7, 10, 12, 11, 13], [1, 4, 3, 2, 8, 5, 6, 9, 7, 11, 10, 12, 13]]
Distance: 81
B = 
{(4, 2, 1, 8, 3, 10, 9, 5, 6, 7, 12, 13, 11), (4, 2, 1, 3, 5, 11, 8, 6, 9, 7, 12, 13, 10), (1, 4, 3, 7, 9, 2, 6, 8, 5, 10, 12, 11, 13), (1, 4, 3, 2, 9, 6, 7, 11, 8, 5, 12, 13, 10), (1, 3, 2, 4, 5, 6, 9, 11, 7, 10, 12, 8, 13)}
M(B) = 
[[1, 4, 3, 2, 5, 8, 6, 7, 9, 10, 11, 12, 13], [1, 4, 3, 2, 5, 8, 6, 7, 9, 10, 12, 11, 13], [1, 4, 3, 2, 5, 8, 6, 7, 9, 11, 10, 12, 13], [1, 4, 3, 2, 5, 8, 6, 9, 7, 10, 11, 12, 13], [1, 4, 3, 2, 5, 8, 6, 9, 7, 10, 12, 11, 13], [1, 4, 3, 2, 5, 8, 6, 9, 7, 11, 10, 12, 13], [1, 4, 3, 2, 8, 5, 6, 7, 9, 10, 11, 12, 13], [1, 4, 3, 2, 8, 5, 6, 7, 9, 10, 12, 11, 13], [1, 4, 3, 2, 8, 5, 6, 7, 9, 11, 10, 12, 13], [1, 4, 3, 2, 8, 5, 6, 9, 7, 10, 11, 12, 13], [1, 4, 3, 2, 8, 5, 6, 9, 7, 10, 12, 11, 13], [1, 4, 3, 2, 8, 5, 6, 9, 7, 11, 10, 12, 13]]
Distance: 52
M(A) inter A:
set()
M(B) inter B:
set()

AUB = 
{(4, 2, 1, 8, 3, 10, 9, 5, 6, 7, 12, 13, 11), (4, 2, 1, 3, 5, 11, 8, 6, 9, 7, 12, 13, 10), (1, 4, 3, 7, 9, 2, 6, 8, 5, 10, 12, 11, 13), (1, 4, 3, 2, 9, 6, 7, 11, 8, 5, 12, 13, 10), (8, 3, 7, 1, 4, 6, 9, 2, 10, 13, 12, 5, 11), (2, 10, 5, 4, 1, 3, 7, 8, 13, 6, 12, 11, 9), (1, 3, 2, 4, 5, 6, 9, 11, 7, 10, 12, 8, 13), (3, 2, 4, 1, 8, 5, 6, 9, 12, 11, 10, 13, 7), (1, 3, 2, 4, 11, 5, 8, 7, 6, 13, 10, 9, 12), (5, 2, 1, 6, 4, 10, 7, 3, 8, 9, 11, 13, 12)}
M(AUB) = 
[[1, 4, 3, 2, 5, 8, 6, 7, 9, 10, 11, 12, 13], [1, 4, 3, 2, 5, 8, 6, 7, 9, 10, 12, 11, 13], [1, 4, 3, 2, 5, 8, 6, 7, 9, 11, 10, 12, 13], [1, 4, 3, 2, 5, 8, 6, 9, 7, 10, 11, 12, 13], [1, 4, 3, 2, 5, 8, 6, 9, 7, 10, 12, 11, 13], [1, 4, 3, 2, 5, 8, 6, 9, 7, 11, 10, 12, 13], [1, 4, 3, 2, 8, 5, 6, 7, 9, 10, 11, 12, 13], [1, 4, 3, 2, 8, 5, 6, 7, 9, 10, 12, 11, 13], [1, 4, 3, 2, 8, 5, 6, 7, 9, 11, 10, 12, 13], [1, 4, 3, 2, 8, 5, 6, 9, 7, 10, 11, 12, 13], [1, 4, 3, 2, 8, 5, 6, 9, 7, 10, 12, 11, 13], [1, 4, 3, 2, 8, 5, 6, 9, 7, 11, 10, 12, 13]]
Distance:152

(8)
A = 
{(5, 1, 3, 2, 6, 9, 8, 4, 11, 7, 10, 12, 13), (1, 2, 3, 5, 4, 6, 7, 9, 10, 8, 11, 13, 12), (1, 2, 3, 4, 5, 6, 7, 8, 10, 9, 11, 12, 13), (2, 3, 1, 6, 5, 4, 9, 7, 13, 11, 12, 10, 8), (5, 3, 4, 12, 1, 9, 8, 7, 11, 2, 10, 6, 13)}
M(A) = 
[[1, 2, 3, 5, 4, 6, 7, 8, 9, 11, 10, 12, 13], [1, 2, 3, 5, 4, 6, 7, 8, 9, 11, 10, 13, 12], [1, 2, 3, 5, 4, 6, 7, 9, 8, 11, 10, 12, 13], [1, 2, 3, 5, 4, 6, 7, 9, 8, 11, 10, 13, 12], [1, 2, 3, 5, 6, 4, 7, 8, 9, 11, 10, 12, 13], [1, 2, 3, 5, 6, 4, 7, 8, 9, 11, 10, 13, 12], [1, 2, 3, 5, 6, 4, 7, 9, 8, 11, 10, 12, 13], [1, 2, 3, 5, 6, 4, 7, 9, 8, 11, 10, 13, 12]]
Distance: 55
B = 
{(1, 2, 5, 6, 4, 3, 9, 7, 10, 8, 12, 13, 11), (3, 7, 4, 6, 2, 1, 5, 8, 12, 11, 10, 9, 13), (2, 3, 6, 1, 4, 11, 7, 8, 5, 9, 10, 13, 12), (1, 2, 3, 4, 5, 7, 6, 8, 11, 9, 10, 13, 12), (1, 2, 5, 6, 4, 3, 7, 8, 9, 11, 13, 10, 12)}
M(B) = 
[[1, 2, 3, 5, 4, 6, 7, 8, 9, 11, 10, 12, 13], [1, 2, 3, 5, 4, 6, 7, 8, 9, 11, 10, 13, 12], [1, 2, 3, 5, 4, 6, 7, 9, 8, 11, 10, 12, 13], [1, 2, 3, 5, 4, 6, 7, 9, 8, 11, 10, 13, 12], [1, 2, 3, 5, 6, 4, 7, 8, 9, 11, 10, 12, 13], [1, 2, 3, 5, 6, 4, 7, 8, 9, 11, 10, 13, 12], [1, 2, 3, 5, 6, 4, 7, 9, 8, 11, 10, 12, 13], [1, 2, 3, 5, 6, 4, 7, 9, 8, 11, 10, 13, 12]]
Distance: 49
M(A) inter A:
set()
M(B) inter B:
set()

AUB = 
{(1, 2, 3, 5, 4, 6, 7, 9, 10, 8, 11, 13, 12), (2, 3, 6, 1, 4, 11, 7, 8, 5, 9, 10, 13, 12), (2, 3, 1, 6, 5, 4, 9, 7, 13, 11, 12, 10, 8), (5, 3, 4, 12, 1, 9, 8, 7, 11, 2, 10, 6, 13), (5, 1, 3, 2, 6, 9, 8, 4, 11, 7, 10, 12, 13), (1, 2, 3, 4, 5, 6, 7, 8, 10, 9, 11, 12, 13), (1, 2, 5, 6, 4, 3, 9, 7, 10, 8, 12, 13, 11), (3, 7, 4, 6, 2, 1, 5, 8, 12, 11, 10, 9, 13), (1, 2, 3, 4, 5, 7, 6, 8, 11, 9, 10, 13, 12), (1, 2, 5, 6, 4, 3, 7, 8, 9, 11, 13, 10, 12)}
M(AUB) = 
[[1, 2, 3, 5, 4, 6, 7, 8, 9, 11, 10, 12, 13], [1, 2, 3, 5, 4, 6, 7, 8, 9, 11, 10, 13, 12], [1, 2, 3, 5, 4, 6, 7, 9, 8, 11, 10, 12, 13], [1, 2, 3, 5, 4, 6, 7, 9, 8, 11, 10, 13, 12], [1, 2, 3, 5, 6, 4, 7, 8, 9, 11, 10, 12, 13], [1, 2, 3, 5, 6, 4, 7, 8, 9, 11, 10, 13, 12], [1, 2, 3, 5, 6, 4, 7, 9, 8, 11, 10, 12, 13], [1, 2, 3, 5, 6, 4, 7, 9, 8, 11, 10, 13, 12]]
Distance:111

(9)
A = 
{(1, 2, 5, 3, 4, 8, 6, 7, 9, 11, 10, 12, 13), (1, 3, 2, 6, 4, 5, 8, 7, 12, 9, 10, 13, 11), (1, 2, 5, 4, 3, 8, 7, 6, 10, 11, 9, 13, 12), (1, 2, 3, 5, 4, 8, 9, 6, 10, 7, 12, 11, 13), (1, 3, 2, 5, 8, 4, 7, 6, 11, 12, 10, 13, 9)}
M(A) = 
[[1, 2, 3, 4, 5, 8, 6, 7, 9, 11, 10, 12, 13]]
Distance: 30
B = 
{(2, 1, 3, 4, 5, 6, 8, 7, 9, 10, 11, 12, 13), (1, 2, 3, 9, 6, 4, 7, 11, 5, 12, 10, 13, 8), (1, 3, 2, 4, 6, 7, 9, 5, 8, 11, 10, 12, 13), (1, 2, 3, 4, 5, 8, 11, 6, 7, 9, 12, 13, 10), (1, 2, 3, 4, 5, 8, 6, 9, 7, 11, 10, 12, 13)}
M(B) = 
[[1, 2, 3, 4, 5, 8, 6, 7, 9, 11, 10, 12, 13]]
Distance: 31
M(A) inter A:
set()
M(B) inter B:
set()

AUB = 
{(1, 3, 2, 6, 4, 5, 8, 7, 12, 9, 10, 13, 11), (1, 2, 3, 9, 6, 4, 7, 11, 5, 12, 10, 13, 8), (1, 3, 2, 4, 6, 7, 9, 5, 8, 11, 10, 12, 13), (1, 2, 3, 4, 5, 8, 6, 9, 7, 11, 10, 12, 13), (1, 2, 3, 5, 4, 8, 9, 6, 10, 7, 12, 11, 13), (1, 3, 2, 5, 8, 4, 7, 6, 11, 12, 10, 13, 9), (1, 2, 5, 3, 4, 8, 6, 7, 9, 11, 10, 12, 13), (1, 2, 5, 4, 3, 8, 7, 6, 10, 11, 9, 13, 12), (2, 1, 3, 4, 5, 6, 8, 7, 9, 10, 11, 12, 13), (1, 2, 3, 4, 5, 8, 11, 6, 7, 9, 12, 13, 10)}
M(AUB) = 
[[1, 2, 3, 4, 5, 8, 6, 7, 9, 11, 10, 12, 13]]
Distance:66

(10)
A = 
{(2, 1, 3, 5, 4, 6, 7, 9, 11, 8, 12, 10, 13), (1, 3, 4, 2, 5, 7, 6, 8, 9, 10, 11, 12, 13), (1, 7, 2, 4, 5, 3, 6, 9, 8, 13, 10, 12, 11), (2, 4, 1, 9, 6, 3, 5, 8, 7, 11, 13, 10, 12), (1, 3, 2, 4, 6, 5, 7, 8, 9, 10, 11, 12, 13)}
M(A) = 
[[1, 2, 3, 4, 5, 6, 7, 8, 9, 10, 11, 12, 13], [1, 2, 3, 4, 5, 6, 7, 8, 9, 10, 11, 13, 12], [1, 2, 3, 4, 5, 6, 7, 8, 9, 11, 10, 12, 13], [1, 2, 3, 4, 5, 6, 7, 8, 9, 11, 10, 13, 12], [1, 2, 3, 4, 5, 6, 7, 9, 8, 10, 11, 12, 13], [1, 2, 3, 4, 5, 6, 7, 9, 8, 10, 11, 13, 12], [1, 2, 3, 4, 5, 6, 7, 9, 8, 11, 10, 12, 13], [1, 2, 3, 4, 5, 6, 7, 9, 8, 11, 10, 13, 12], [2, 1, 3, 4, 5, 6, 7, 8, 9, 10, 11, 12, 13], [2, 1, 3, 4, 5, 6, 7, 8, 9, 10, 11, 13, 12], [2, 1, 3, 4, 5, 6, 7, 8, 9, 11, 10, 12, 13], [2, 1, 3, 4, 5, 6, 7, 8, 9, 11, 10, 13, 12], [2, 1, 3, 4, 5, 6, 7, 9, 8, 10, 11, 12, 13], [2, 1, 3, 4, 5, 6, 7, 9, 8, 10, 11, 13, 12], [2, 1, 3, 4, 5, 6, 7, 9, 8, 11, 10, 12, 13], [2, 1, 3, 4, 5, 6, 7, 9, 8, 11, 10, 13, 12]]
Distance: 36
B = 
{(4, 2, 3, 6, 1, 7, 5, 9, 11, 10, 8, 13, 12), (2, 3, 4, 1, 6, 5, 8, 7, 11, 13, 9, 12, 10), (2, 5, 6, 3, 4, 1, 11, 13, 7, 9, 8, 10, 12), (1, 5, 3, 2, 6, 8, 4, 7, 10, 11, 12, 13, 9), (5, 1, 4, 3, 2, 6, 8, 10, 7, 9, 11, 12, 13)}
M(B) = 
[[1, 2, 3, 4, 5, 6, 7, 8, 9, 10, 11, 12, 13], [1, 2, 3, 4, 5, 6, 7, 8, 9, 10, 11, 13, 12], [1, 2, 3, 4, 5, 6, 7, 8, 9, 11, 10, 12, 13], [1, 2, 3, 4, 5, 6, 7, 8, 9, 11, 10, 13, 12], [1, 2, 3, 4, 5, 6, 7, 9, 8, 10, 11, 12, 13], [1, 2, 3, 4, 5, 6, 7, 9, 8, 10, 11, 13, 12], [1, 2, 3, 4, 5, 6, 7, 9, 8, 11, 10, 12, 13], [1, 2, 3, 4, 5, 6, 7, 9, 8, 11, 10, 13, 12], [2, 1, 3, 4, 5, 6, 7, 8, 9, 10, 11, 12, 13], [2, 1, 3, 4, 5, 6, 7, 8, 9, 10, 11, 13, 12], [2, 1, 3, 4, 5, 6, 7, 8, 9, 11, 10, 12, 13], [2, 1, 3, 4, 5, 6, 7, 8, 9, 11, 10, 13, 12], [2, 1, 3, 4, 5, 6, 7, 9, 8, 10, 11, 12, 13], [2, 1, 3, 4, 5, 6, 7, 9, 8, 10, 11, 13, 12], [2, 1, 3, 4, 5, 6, 7, 9, 8, 11, 10, 12, 13], [2, 1, 3, 4, 5, 6, 7, 9, 8, 11, 10, 13, 12]]
Distance: 56
M(A) inter A:
set()
M(B) inter B:
set()

AUB = 
{(2, 1, 3, 5, 4, 6, 7, 9, 11, 8, 12, 10, 13), (5, 1, 4, 3, 2, 6, 8, 10, 7, 9, 11, 12, 13), (1, 3, 4, 2, 5, 7, 6, 8, 9, 10, 11, 12, 13), (1, 7, 2, 4, 5, 3, 6, 9, 8, 13, 10, 12, 11), (2, 4, 1, 9, 6, 3, 5, 8, 7, 11, 13, 10, 12), (1, 5, 3, 2, 6, 8, 4, 7, 10, 11, 12, 13, 9), (4, 2, 3, 6, 1, 7, 5, 9, 11, 10, 8, 13, 12), (2, 3, 4, 1, 6, 5, 8, 7, 11, 13, 9, 12, 10), (2, 5, 6, 3, 4, 1, 11, 13, 7, 9, 8, 10, 12), (1, 3, 2, 4, 6, 5, 7, 8, 9, 10, 11, 12, 13)}
M(AUB) = 
[[1, 2, 3, 4, 5, 6, 7, 8, 9, 10, 11, 12, 13], [1, 2, 3, 4, 5, 6, 7, 8, 9, 10, 11, 13, 12], [1, 2, 3, 4, 5, 6, 7, 8, 9, 11, 10, 12, 13], [1, 2, 3, 4, 5, 6, 7, 8, 9, 11, 10, 13, 12], [1, 2, 3, 4, 5, 6, 7, 9, 8, 10, 11, 12, 13], [1, 2, 3, 4, 5, 6, 7, 9, 8, 10, 11, 13, 12], [1, 2, 3, 4, 5, 6, 7, 9, 8, 11, 10, 12, 13], [1, 2, 3, 4, 5, 6, 7, 9, 8, 11, 10, 13, 12], [2, 1, 3, 4, 5, 6, 7, 8, 9, 10, 11, 12, 13], [2, 1, 3, 4, 5, 6, 7, 8, 9, 10, 11, 13, 12], [2, 1, 3, 4, 5, 6, 7, 8, 9, 11, 10, 12, 13], [2, 1, 3, 4, 5, 6, 7, 8, 9, 11, 10, 13, 12], [2, 1, 3, 4, 5, 6, 7, 9, 8, 10, 11, 12, 13], [2, 1, 3, 4, 5, 6, 7, 9, 8, 10, 11, 13, 12], [2, 1, 3, 4, 5, 6, 7, 9, 8, 11, 10, 12, 13], [2, 1, 3, 4, 5, 6, 7, 9, 8, 11, 10, 13, 12]]
Distance:101

(11)
A = 
{(3, 2, 4, 1, 6, 7, 9, 5, 8, 10, 12, 11, 13), (1, 3, 6, 2, 8, 4, 5, 7, 12, 11, 9, 10, 13), (2, 3, 1, 6, 7, 4, 8, 5, 11, 10, 9, 13, 12), (1, 2, 6, 4, 3, 5, 7, 9, 8, 12, 10, 11, 13), (6, 1, 2, 3, 5, 4, 8, 9, 7, 13, 11, 10, 12)}
M(A) = 
[[1, 2, 3, 6, 4, 5, 7, 8, 9, 11, 10, 12, 13], [1, 2, 3, 6, 4, 5, 7, 8, 9, 11, 10, 13, 12], [1, 2, 3, 6, 4, 5, 7, 9, 8, 11, 10, 12, 13], [1, 2, 3, 6, 4, 5, 7, 9, 8, 11, 10, 13, 12], [1, 2, 3, 6, 4, 7, 5, 8, 9, 11, 10, 12, 13], [1, 2, 3, 6, 4, 7, 5, 8, 9, 11, 10, 13, 12], [1, 2, 3, 6, 4, 7, 5, 9, 8, 11, 10, 12, 13], [1, 2, 3, 6, 4, 7, 5, 9, 8, 11, 10, 13, 12], [2, 1, 3, 6, 4, 5, 7, 8, 9, 11, 10, 12, 13], [2, 1, 3, 6, 4, 5, 7, 8, 9, 11, 10, 13, 12], [2, 1, 3, 6, 4, 5, 7, 9, 8, 11, 10, 12, 13], [2, 1, 3, 6, 4, 5, 7, 9, 8, 11, 10, 13, 12], [2, 1, 3, 6, 4, 7, 5, 8, 9, 11, 10, 12, 13], [2, 1, 3, 6, 4, 7, 5, 8, 9, 11, 10, 13, 12], [2, 1, 3, 6, 4, 7, 5, 9, 8, 11, 10, 12, 13], [2, 1, 3, 6, 4, 7, 5, 9, 8, 11, 10, 13, 12]]
Distance: 42
B = 
{(5, 2, 1, 6, 4, 3, 7, 9, 10, 11, 8, 13, 12), (4, 2, 3, 7, 1, 9, 8, 6, 5, 12, 13, 11, 10), (1, 7, 5, 2, 6, 3, 8, 4, 9, 11, 10, 13, 12), (3, 4, 1, 2, 7, 10, 5, 8, 9, 6, 13, 11, 12), (5, 2, 1, 3, 7, 4, 6, 11, 9, 8, 12, 10, 13)}
M(B) = 
[[1, 2, 3, 6, 4, 5, 7, 8, 9, 11, 10, 12, 13], [1, 2, 3, 6, 4, 5, 7, 8, 9, 11, 10, 13, 12], [1, 2, 3, 6, 4, 5, 7, 9, 8, 11, 10, 12, 13], [1, 2, 3, 6, 4, 5, 7, 9, 8, 11, 10, 13, 12], [1, 2, 3, 6, 4, 7, 5, 8, 9, 11, 10, 12, 13], [1, 2, 3, 6, 4, 7, 5, 8, 9, 11, 10, 13, 12], [1, 2, 3, 6, 4, 7, 5, 9, 8, 11, 10, 12, 13], [1, 2, 3, 6, 4, 7, 5, 9, 8, 11, 10, 13, 12], [2, 1, 3, 6, 4, 5, 7, 8, 9, 11, 10, 12, 13], [2, 1, 3, 6, 4, 5, 7, 8, 9, 11, 10, 13, 12], [2, 1, 3, 6, 4, 5, 7, 9, 8, 11, 10, 12, 13], [2, 1, 3, 6, 4, 5, 7, 9, 8, 11, 10, 13, 12], [2, 1, 3, 6, 4, 7, 5, 8, 9, 11, 10, 12, 13], [2, 1, 3, 6, 4, 7, 5, 8, 9, 11, 10, 13, 12], [2, 1, 3, 6, 4, 7, 5, 9, 8, 11, 10, 12, 13], [2, 1, 3, 6, 4, 7, 5, 9, 8, 11, 10, 13, 12]]
Distance: 61
M(A) inter A:
set()
M(B) inter B:
set()

AUB = 
{(3, 2, 4, 1, 6, 7, 9, 5, 8, 10, 12, 11, 13), (1, 7, 5, 2, 6, 3, 8, 4, 9, 11, 10, 13, 12), (6, 1, 2, 3, 5, 4, 8, 9, 7, 13, 11, 10, 12), (1, 3, 6, 2, 8, 4, 5, 7, 12, 11, 9, 10, 13), (2, 3, 1, 6, 7, 4, 8, 5, 11, 10, 9, 13, 12), (1, 2, 6, 4, 3, 5, 7, 9, 8, 12, 10, 11, 13), (3, 4, 1, 2, 7, 10, 5, 8, 9, 6, 13, 11, 12), (5, 2, 1, 3, 7, 4, 6, 11, 9, 8, 12, 10, 13), (5, 2, 1, 6, 4, 3, 7, 9, 10, 11, 8, 13, 12), (4, 2, 3, 7, 1, 9, 8, 6, 5, 12, 13, 11, 10)}
M(AUB) = 
[[1, 2, 3, 6, 4, 5, 7, 8, 9, 11, 10, 12, 13], [1, 2, 3, 6, 4, 5, 7, 8, 9, 11, 10, 13, 12], [1, 2, 3, 6, 4, 5, 7, 9, 8, 11, 10, 12, 13], [1, 2, 3, 6, 4, 5, 7, 9, 8, 11, 10, 13, 12], [1, 2, 3, 6, 4, 7, 5, 8, 9, 11, 10, 12, 13], [1, 2, 3, 6, 4, 7, 5, 8, 9, 11, 10, 13, 12], [1, 2, 3, 6, 4, 7, 5, 9, 8, 11, 10, 12, 13], [1, 2, 3, 6, 4, 7, 5, 9, 8, 11, 10, 13, 12], [2, 1, 3, 6, 4, 5, 7, 8, 9, 11, 10, 12, 13], [2, 1, 3, 6, 4, 5, 7, 8, 9, 11, 10, 13, 12], [2, 1, 3, 6, 4, 5, 7, 9, 8, 11, 10, 12, 13], [2, 1, 3, 6, 4, 5, 7, 9, 8, 11, 10, 13, 12], [2, 1, 3, 6, 4, 7, 5, 8, 9, 11, 10, 12, 13], [2, 1, 3, 6, 4, 7, 5, 8, 9, 11, 10, 13, 12], [2, 1, 3, 6, 4, 7, 5, 9, 8, 11, 10, 12, 13], [2, 1, 3, 6, 4, 7, 5, 9, 8, 11, 10, 13, 12]]
Distance:115

(12)
A = 
{(4, 1, 2, 10, 3, 5, 6, 8, 7, 11, 12, 13, 9), (1, 2, 3, 8, 6, 5, 9, 4, 7, 11, 10, 13, 12), (1, 2, 3, 4, 5, 6, 8, 7, 9, 11, 10, 12, 13), (3, 2, 1, 5, 6, 4, 7, 11, 9, 10, 13, 12, 8), (1, 3, 2, 4, 6, 5, 8, 7, 9, 10, 13, 11, 12)}
M(A) = 
[[1, 2, 3, 4, 5, 6, 7, 8, 9, 11, 10, 12, 13], [1, 2, 3, 4, 5, 6, 7, 8, 9, 11, 10, 13, 12], [1, 2, 3, 4, 5, 6, 8, 7, 9, 11, 10, 12, 13], [1, 2, 3, 4, 5, 6, 8, 7, 9, 11, 10, 13, 12], [1, 2, 3, 4, 6, 5, 7, 8, 9, 11, 10, 12, 13], [1, 2, 3, 4, 6, 5, 7, 8, 9, 11, 10, 13, 12], [1, 2, 3, 4, 6, 5, 8, 7, 9, 11, 10, 12, 13], [1, 2, 3, 4, 6, 5, 8, 7, 9, 11, 10, 13, 12], [1, 3, 2, 4, 5, 6, 7, 8, 9, 11, 10, 12, 13], [1, 3, 2, 4, 5, 6, 7, 8, 9, 11, 10, 13, 12], [1, 3, 2, 4, 5, 6, 8, 7, 9, 11, 10, 12, 13], [1, 3, 2, 4, 5, 6, 8, 7, 9, 11, 10, 13, 12], [1, 3, 2, 4, 6, 5, 7, 8, 9, 11, 10, 12, 13], [1, 3, 2, 4, 6, 5, 7, 8, 9, 11, 10, 13, 12], [1, 3, 2, 4, 6, 5, 8, 7, 9, 11, 10, 12, 13], [1, 3, 2, 4, 6, 5, 8, 7, 9, 11, 10, 13, 12]]
Distance: 39
B = 
{(1, 3, 4, 2, 9, 8, 6, 12, 5, 7, 10, 11, 13), (2, 1, 4, 3, 6, 7, 5, 9, 8, 11, 13, 12, 10), (1, 3, 2, 5, 4, 6, 10, 7, 9, 8, 11, 13, 12), (1, 2, 4, 3, 6, 5, 7, 8, 9, 11, 10, 12, 13), (1, 3, 2, 4, 5, 6, 7, 8, 9, 11, 10, 12, 13)}
M(B) = 
[[1, 2, 3, 4, 5, 6, 7, 8, 9, 11, 10, 12, 13], [1, 2, 3, 4, 5, 6, 7, 8, 9, 11, 10, 13, 12], [1, 2, 3, 4, 5, 6, 8, 7, 9, 11, 10, 12, 13], [1, 2, 3, 4, 5, 6, 8, 7, 9, 11, 10, 13, 12], [1, 2, 3, 4, 6, 5, 7, 8, 9, 11, 10, 12, 13], [1, 2, 3, 4, 6, 5, 7, 8, 9, 11, 10, 13, 12], [1, 2, 3, 4, 6, 5, 8, 7, 9, 11, 10, 12, 13], [1, 2, 3, 4, 6, 5, 8, 7, 9, 11, 10, 13, 12], [1, 3, 2, 4, 5, 6, 7, 8, 9, 11, 10, 12, 13], [1, 3, 2, 4, 5, 6, 7, 8, 9, 11, 10, 13, 12], [1, 3, 2, 4, 5, 6, 8, 7, 9, 11, 10, 12, 13], [1, 3, 2, 4, 5, 6, 8, 7, 9, 11, 10, 13, 12], [1, 3, 2, 4, 6, 5, 7, 8, 9, 11, 10, 12, 13], [1, 3, 2, 4, 6, 5, 7, 8, 9, 11, 10, 13, 12], [1, 3, 2, 4, 6, 5, 8, 7, 9, 11, 10, 12, 13], [1, 3, 2, 4, 6, 5, 8, 7, 9, 11, 10, 13, 12]]
Distance: 31
M(A) inter A:
set()
M(B) inter B:
set()

AUB = 
{(1, 2, 3, 8, 6, 5, 9, 4, 7, 11, 10, 13, 12), (3, 2, 1, 5, 6, 4, 7, 11, 9, 10, 13, 12, 8), (1, 3, 2, 4, 5, 6, 7, 8, 9, 11, 10, 12, 13), (1, 3, 2, 4, 6, 5, 8, 7, 9, 10, 13, 11, 12), (1, 2, 3, 4, 5, 6, 8, 7, 9, 11, 10, 12, 13), (1, 3, 4, 2, 9, 8, 6, 12, 5, 7, 10, 11, 13), (1, 2, 4, 3, 6, 5, 7, 8, 9, 11, 10, 12, 13), (4, 1, 2, 10, 3, 5, 6, 8, 7, 11, 12, 13, 9), (2, 1, 4, 3, 6, 7, 5, 9, 8, 11, 13, 12, 10), (1, 3, 2, 5, 4, 6, 10, 7, 9, 8, 11, 13, 12)}
M(AUB) = 
[[1, 2, 3, 4, 5, 6, 7, 8, 9, 11, 10, 12, 13], [1, 2, 3, 4, 5, 6, 7, 8, 9, 11, 10, 13, 12], [1, 2, 3, 4, 5, 6, 8, 7, 9, 11, 10, 12, 13], [1, 2, 3, 4, 5, 6, 8, 7, 9, 11, 10, 13, 12], [1, 2, 3, 4, 6, 5, 7, 8, 9, 11, 10, 12, 13], [1, 2, 3, 4, 6, 5, 7, 8, 9, 11, 10, 13, 12], [1, 2, 3, 4, 6, 5, 8, 7, 9, 11, 10, 12, 13], [1, 2, 3, 4, 6, 5, 8, 7, 9, 11, 10, 13, 12], [1, 3, 2, 4, 5, 6, 7, 8, 9, 11, 10, 12, 13], [1, 3, 2, 4, 5, 6, 7, 8, 9, 11, 10, 13, 12], [1, 3, 2, 4, 5, 6, 8, 7, 9, 11, 10, 12, 13], [1, 3, 2, 4, 5, 6, 8, 7, 9, 11, 10, 13, 12], [1, 3, 2, 4, 6, 5, 7, 8, 9, 11, 10, 12, 13], [1, 3, 2, 4, 6, 5, 7, 8, 9, 11, 10, 13, 12], [1, 3, 2, 4, 6, 5, 8, 7, 9, 11, 10, 12, 13], [1, 3, 2, 4, 6, 5, 8, 7, 9, 11, 10, 13, 12]]
Distance:77

(13)
A = 
{(1, 3, 4, 2, 6, 5, 7, 8, 10, 9, 12, 11, 13), (1, 4, 3, 6, 2, 5, 7, 9, 10, 11, 8, 12, 13), (1, 2, 3, 5, 4, 7, 6, 8, 12, 11, 13, 9, 10), (3, 1, 4, 2, 5, 8, 7, 9, 6, 13, 12, 10, 11), (1, 6, 5, 2, 8, 3, 11, 4, 7, 9, 10, 12, 13)}
M(A) = 
[[1, 2, 3, 4, 5, 6, 7, 8, 9, 10, 11, 12, 13], [1, 2, 3, 4, 6, 5, 7, 8, 9, 10, 11, 12, 13], [1, 2, 3, 5, 4, 6, 7, 8, 9, 10, 11, 12, 13], [1, 3, 2, 4, 5, 6, 7, 8, 9, 10, 11, 12, 13], [1, 3, 2, 4, 6, 5, 7, 8, 9, 10, 11, 12, 13], [1, 3, 2, 5, 4, 6, 7, 8, 9, 10, 11, 12, 13]]
Distance: 44
B = 
{(1, 3, 2, 4, 7, 8, 5, 11, 6, 10, 12, 9, 13), (2, 1, 3, 5, 4, 6, 7, 8, 9, 10, 11, 12, 13), (2, 1, 3, 6, 7, 5, 4, 10, 9, 8, 11, 12, 13), (1, 2, 3, 4, 6, 5, 7, 8, 9, 10, 11, 12, 13), (3, 1, 2, 5, 4, 7, 6, 11, 8, 10, 9, 13, 12)}
M(B) = 
[[1, 2, 3, 4, 5, 6, 7, 8, 9, 10, 11, 12, 13], [1, 2, 3, 4, 6, 5, 7, 8, 9, 10, 11, 12, 13], [1, 2, 3, 5, 4, 6, 7, 8, 9, 10, 11, 12, 13], [1, 3, 2, 4, 5, 6, 7, 8, 9, 10, 11, 12, 13], [1, 3, 2, 4, 6, 5, 7, 8, 9, 10, 11, 12, 13], [1, 3, 2, 5, 4, 6, 7, 8, 9, 10, 11, 12, 13]]
Distance: 29
M(A) inter A:
set()
M(B) inter B:
set()

AUB = 
{(2, 1, 3, 6, 7, 5, 4, 10, 9, 8, 11, 12, 13), (3, 1, 2, 5, 4, 7, 6, 11, 8, 10, 9, 13, 12), (1, 3, 2, 4, 7, 8, 5, 11, 6, 10, 12, 9, 13), (2, 1, 3, 5, 4, 6, 7, 8, 9, 10, 11, 12, 13), (1, 4, 3, 6, 2, 5, 7, 9, 10, 11, 8, 12, 13), (1, 6, 5, 2, 8, 3, 11, 4, 7, 9, 10, 12, 13), (1, 3, 4, 2, 6, 5, 7, 8, 10, 9, 12, 11, 13), (1, 2, 3, 4, 6, 5, 7, 8, 9, 10, 11, 12, 13), (3, 1, 4, 2, 5, 8, 7, 9, 6, 13, 12, 10, 11), (1, 2, 3, 5, 4, 7, 6, 8, 12, 11, 13, 9, 10)}
M(AUB) = 
[[1, 2, 3, 4, 5, 6, 7, 8, 9, 10, 11, 12, 13], [1, 2, 3, 4, 6, 5, 7, 8, 9, 10, 11, 12, 13], [1, 2, 3, 5, 4, 6, 7, 8, 9, 10, 11, 12, 13], [1, 3, 2, 4, 5, 6, 7, 8, 9, 10, 11, 12, 13], [1, 3, 2, 4, 6, 5, 7, 8, 9, 10, 11, 12, 13], [1, 3, 2, 5, 4, 6, 7, 8, 9, 10, 11, 12, 13]]
Distance:79

(14)
A = 
{(2, 5, 1, 3, 6, 4, 8, 11, 7, 9, 13, 10, 12), (2, 3, 1, 4, 5, 7, 8, 6, 10, 13, 9, 11, 12), (3, 1, 4, 5, 2, 7, 10, 6, 9, 13, 12, 8, 11), (2, 1, 3, 5, 4, 6, 8, 7, 9, 10, 12, 11, 13), (1, 3, 2, 5, 6, 4, 11, 7, 9, 8, 12, 10, 13)}
M(A) = 
[[2, 1, 3, 4, 5, 6, 7, 8, 9, 10, 11, 12, 13], [2, 1, 3, 4, 5, 6, 7, 8, 9, 10, 11, 13, 12], [2, 1, 3, 4, 5, 6, 7, 9, 8, 10, 11, 12, 13], [2, 1, 3, 4, 5, 6, 7, 9, 8, 10, 11, 13, 12], [2, 1, 3, 5, 4, 6, 7, 8, 9, 10, 11, 12, 13], [2, 1, 3, 5, 4, 6, 7, 8, 9, 10, 11, 13, 12], [2, 1, 3, 5, 4, 6, 7, 9, 8, 10, 11, 12, 13], [2, 1, 3, 5, 4, 6, 7, 9, 8, 10, 11, 13, 12]]
Distance: 43
B = 
{(2, 4, 1, 3, 6, 5, 7, 9, 13, 8, 10, 12, 11), (2, 3, 1, 5, 4, 6, 7, 10, 8, 12, 11, 9, 13), (2, 6, 3, 5, 1, 7, 13, 4, 9, 11, 8, 12, 10), (4, 1, 2, 3, 7, 5, 6, 8, 10, 11, 9, 12, 13), (2, 1, 3, 4, 7, 5, 6, 9, 8, 10, 11, 12, 13)}
M(B) = 
[[2, 1, 3, 4, 5, 6, 7, 8, 9, 10, 11, 12, 13], [2, 1, 3, 4, 5, 6, 7, 8, 9, 10, 11, 13, 12], [2, 1, 3, 4, 5, 6, 7, 9, 8, 10, 11, 12, 13], [2, 1, 3, 4, 5, 6, 7, 9, 8, 10, 11, 13, 12], [2, 1, 3, 5, 4, 6, 7, 8, 9, 10, 11, 12, 13], [2, 1, 3, 5, 4, 6, 7, 8, 9, 10, 11, 13, 12], [2, 1, 3, 5, 4, 6, 7, 9, 8, 10, 11, 12, 13], [2, 1, 3, 5, 4, 6, 7, 9, 8, 10, 11, 13, 12]]
Distance: 44
M(A) inter A:
set()
M(B) inter B:
set()

AUB = 
{(2, 3, 1, 5, 4, 6, 7, 10, 8, 12, 11, 9, 13), (4, 1, 2, 3, 7, 5, 6, 8, 10, 11, 9, 12, 13), (2, 5, 1, 3, 6, 4, 8, 11, 7, 9, 13, 10, 12), (2, 1, 3, 4, 7, 5, 6, 9, 8, 10, 11, 12, 13), (2, 1, 3, 5, 4, 6, 8, 7, 9, 10, 12, 11, 13), (2, 4, 1, 3, 6, 5, 7, 9, 13, 8, 10, 12, 11), (1, 3, 2, 5, 6, 4, 11, 7, 9, 8, 12, 10, 13), (2, 3, 1, 4, 5, 7, 8, 6, 10, 13, 9, 11, 12), (2, 6, 3, 5, 1, 7, 13, 4, 9, 11, 8, 12, 10), (3, 1, 4, 5, 2, 7, 10, 6, 9, 13, 12, 8, 11)}
M(AUB) = 
[[2, 1, 3, 4, 5, 6, 7, 8, 9, 10, 11, 12, 13], [2, 1, 3, 4, 5, 6, 7, 8, 9, 10, 11, 13, 12], [2, 1, 3, 4, 5, 6, 7, 9, 8, 10, 11, 12, 13], [2, 1, 3, 4, 5, 6, 7, 9, 8, 10, 11, 13, 12], [2, 1, 3, 5, 4, 6, 7, 8, 9, 10, 11, 12, 13], [2, 1, 3, 5, 4, 6, 7, 8, 9, 10, 11, 13, 12], [2, 1, 3, 5, 4, 6, 7, 9, 8, 10, 11, 12, 13], [2, 1, 3, 5, 4, 6, 7, 9, 8, 10, 11, 13, 12]]
Distance:90

(15)
A = 
{(1, 2, 4, 5, 3, 7, 6, 8, 10, 9, 13, 11, 12), (3, 8, 1, 2, 4, 5, 9, 7, 6, 11, 10, 12, 13), (5, 1, 2, 7, 3, 4, 6, 9, 13, 8, 11, 10, 12), (4, 1, 2, 3, 5, 6, 9, 7, 12, 8, 11, 13, 10), (2, 1, 4, 5, 3, 8, 6, 9, 12, 11, 7, 13, 10)}
M(A) = 
[[1, 2, 3, 4, 5, 6, 7, 8, 9, 10, 11, 12, 13], [1, 2, 3, 4, 5, 6, 7, 8, 9, 11, 10, 12, 13], [1, 2, 3, 4, 5, 6, 7, 8, 10, 9, 11, 12, 13]]
Distance: 47
B = 
{(2, 1, 5, 3, 6, 7, 4, 8, 10, 11, 9, 12, 13), (1, 3, 4, 5, 6, 8, 7, 2, 10, 9, 11, 13, 12), (1, 2, 3, 6, 4, 5, 7, 8, 9, 12, 13, 11, 10), (3, 1, 2, 7, 5, 4, 6, 10, 12, 8, 9, 11, 13), (4, 1, 2, 6, 3, 8, 7, 5, 10, 11, 13, 9, 12)}
M(B) = 
[[1, 2, 3, 4, 5, 6, 7, 8, 9, 10, 11, 12, 13], [1, 2, 3, 4, 5, 6, 7, 8, 9, 11, 10, 12, 13], [1, 2, 3, 4, 5, 6, 7, 8, 10, 9, 11, 12, 13]]
Distance: 43
M(A) inter A:
set()
M(B) inter B:
set()

AUB = 
{(2, 1, 5, 3, 6, 7, 4, 8, 10, 11, 9, 12, 13), (1, 3, 4, 5, 6, 8, 7, 2, 10, 9, 11, 13, 12), (5, 1, 2, 7, 3, 4, 6, 9, 13, 8, 11, 10, 12), (1, 2, 3, 6, 4, 5, 7, 8, 9, 12, 13, 11, 10), (4, 1, 2, 6, 3, 8, 7, 5, 10, 11, 13, 9, 12), (3, 8, 1, 2, 4, 5, 9, 7, 6, 11, 10, 12, 13), (3, 1, 2, 7, 5, 4, 6, 10, 12, 8, 9, 11, 13), (1, 2, 4, 5, 3, 7, 6, 8, 10, 9, 13, 11, 12), (4, 1, 2, 3, 5, 6, 9, 7, 12, 8, 11, 13, 10), (2, 1, 4, 5, 3, 8, 6, 9, 12, 11, 7, 13, 10)}
M(AUB) = 
[[1, 2, 3, 4, 5, 6, 7, 8, 9, 10, 11, 12, 13], [1, 2, 3, 4, 5, 6, 7, 8, 9, 11, 10, 12, 13], [1, 2, 3, 4, 5, 6, 7, 8, 10, 9, 11, 12, 13]]
Distance:99

(16)
A = 
{(4, 1, 2, 6, 8, 3, 7, 5, 9, 10, 12, 11, 13), (3, 2, 1, 6, 7, 4, 9, 8, 10, 5, 11, 12, 13), (2, 4, 3, 1, 6, 5, 7, 11, 8, 10, 9, 13, 12), (2, 1, 5, 4, 3, 6, 7, 10, 11, 8, 12, 13, 9), (7, 1, 2, 4, 5, 10, 6, 12, 3, 8, 9, 13, 11)}
M(A) = 
[[1, 2, 4, 3, 5, 6, 7, 8, 10, 9, 11, 12, 13], [1, 2, 4, 3, 5, 6, 7, 8, 10, 9, 12, 11, 13], [1, 4, 2, 3, 5, 6, 7, 8, 10, 9, 11, 12, 13], [1, 4, 2, 3, 5, 6, 7, 8, 10, 9, 12, 11, 13], [2, 1, 4, 3, 5, 6, 7, 8, 10, 9, 11, 12, 13], [2, 1, 4, 3, 5, 6, 7, 8, 10, 9, 12, 11, 13], [2, 4, 1, 3, 5, 6, 7, 8, 10, 9, 11, 12, 13], [2, 4, 1, 3, 5, 6, 7, 8, 10, 9, 12, 11, 13], [4, 1, 2, 3, 5, 6, 7, 8, 10, 9, 11, 12, 13], [4, 1, 2, 3, 5, 6, 7, 8, 10, 9, 12, 11, 13], [4, 2, 1, 3, 5, 6, 7, 8, 10, 9, 11, 12, 13], [4, 2, 1, 3, 5, 6, 7, 8, 10, 9, 12, 11, 13]]
Distance: 52
B = 
{(2, 1, 3, 4, 5, 7, 6, 8, 10, 9, 11, 12, 13), (3, 4, 1, 6, 2, 7, 5, 11, 10, 8, 12, 9, 13), (7, 1, 3, 5, 6, 8, 4, 2, 13, 9, 12, 10, 11), (4, 2, 3, 1, 5, 7, 6, 10, 8, 12, 9, 13, 11), (4, 1, 3, 2, 5, 8, 6, 9, 7, 13, 10, 12, 11)}
M(B) = 
[[1, 2, 4, 3, 5, 6, 7, 8, 10, 9, 11, 12, 13], [1, 2, 4, 3, 5, 6, 7, 8, 10, 9, 12, 11, 13], [1, 4, 2, 3, 5, 6, 7, 8, 10, 9, 11, 12, 13], [1, 4, 2, 3, 5, 6, 7, 8, 10, 9, 12, 11, 13], [2, 1, 4, 3, 5, 6, 7, 8, 10, 9, 11, 12, 13], [2, 1, 4, 3, 5, 6, 7, 8, 10, 9, 12, 11, 13], [2, 4, 1, 3, 5, 6, 7, 8, 10, 9, 11, 12, 13], [2, 4, 1, 3, 5, 6, 7, 8, 10, 9, 12, 11, 13], [4, 1, 2, 3, 5, 6, 7, 8, 10, 9, 11, 12, 13], [4, 1, 2, 3, 5, 6, 7, 8, 10, 9, 12, 11, 13], [4, 2, 1, 3, 5, 6, 7, 8, 10, 9, 11, 12, 13], [4, 2, 1, 3, 5, 6, 7, 8, 10, 9, 12, 11, 13]]
Distance: 50
M(A) inter A:
set()
M(B) inter B:
set()

AUB = 
{(4, 1, 2, 6, 8, 3, 7, 5, 9, 10, 12, 11, 13), (2, 1, 5, 4, 3, 6, 7, 10, 11, 8, 12, 13, 9), (4, 1, 3, 2, 5, 8, 6, 9, 7, 13, 10, 12, 11), (7, 1, 3, 5, 6, 8, 4, 2, 13, 9, 12, 10, 11), (3, 2, 1, 6, 7, 4, 9, 8, 10, 5, 11, 12, 13), (2, 4, 3, 1, 6, 5, 7, 11, 8, 10, 9, 13, 12), (2, 1, 3, 4, 5, 7, 6, 8, 10, 9, 11, 12, 13), (3, 4, 1, 6, 2, 7, 5, 11, 10, 8, 12, 9, 13), (4, 2, 3, 1, 5, 7, 6, 10, 8, 12, 9, 13, 11), (7, 1, 2, 4, 5, 10, 6, 12, 3, 8, 9, 13, 11)}
M(AUB) = 
[[1, 2, 4, 3, 5, 6, 7, 8, 10, 9, 11, 12, 13], [1, 2, 4, 3, 5, 6, 7, 8, 10, 9, 12, 11, 13], [1, 4, 2, 3, 5, 6, 7, 8, 10, 9, 11, 12, 13], [1, 4, 2, 3, 5, 6, 7, 8, 10, 9, 12, 11, 13], [2, 1, 4, 3, 5, 6, 7, 8, 10, 9, 11, 12, 13], [2, 1, 4, 3, 5, 6, 7, 8, 10, 9, 12, 11, 13], [2, 4, 1, 3, 5, 6, 7, 8, 10, 9, 11, 12, 13], [2, 4, 1, 3, 5, 6, 7, 8, 10, 9, 12, 11, 13], [4, 1, 2, 3, 5, 6, 7, 8, 10, 9, 11, 12, 13], [4, 1, 2, 3, 5, 6, 7, 8, 10, 9, 12, 11, 13], [4, 2, 1, 3, 5, 6, 7, 8, 10, 9, 11, 12, 13], [4, 2, 1, 3, 5, 6, 7, 8, 10, 9, 12, 11, 13]]
Distance:113

(17)
A = 
{(1, 2, 4, 6, 7, 8, 5, 3, 9, 13, 11, 10, 12), (1, 3, 4, 5, 6, 2, 7, 10, 9, 8, 13, 11, 12), (1, 3, 4, 5, 2, 7, 9, 8, 6, 11, 10, 12, 13), (1, 4, 3, 2, 5, 8, 6, 9, 7, 12, 10, 11, 13), (3, 2, 1, 5, 4, 9, 7, 8, 6, 13, 10, 11, 12)}
M(A) = 
[[1, 3, 2, 4, 5, 6, 7, 8, 9, 10, 11, 12, 13], [1, 3, 2, 4, 5, 6, 7, 8, 9, 11, 10, 12, 13]]
Distance: 42
B = 
{(1, 2, 3, 4, 6, 5, 7, 8, 9, 12, 10, 11, 13), (1, 2, 4, 5, 6, 3, 8, 7, 9, 11, 12, 13, 10), (1, 3, 2, 4, 5, 6, 7, 8, 9, 11, 10, 13, 12), (1, 8, 3, 4, 2, 5, 11, 10, 6, 12, 9, 7, 13), (1, 2, 3, 6, 4, 5, 9, 7, 10, 11, 8, 12, 13)}
M(B) = 
[[1, 3, 2, 4, 5, 6, 7, 8, 9, 10, 11, 12, 13], [1, 3, 2, 4, 5, 6, 7, 8, 9, 11, 10, 12, 13]]
Distance: 36
M(A) inter A:
set()
M(B) inter B:
set()

AUB = 
{(1, 8, 3, 4, 2, 5, 11, 10, 6, 12, 9, 7, 13), (1, 2, 3, 4, 6, 5, 7, 8, 9, 12, 10, 11, 13), (1, 3, 2, 4, 5, 6, 7, 8, 9, 11, 10, 13, 12), (1, 2, 3, 6, 4, 5, 9, 7, 10, 11, 8, 12, 13), (1, 2, 4, 6, 7, 8, 5, 3, 9, 13, 11, 10, 12), (1, 3, 4, 5, 2, 7, 9, 8, 6, 11, 10, 12, 13), (1, 3, 4, 5, 6, 2, 7, 10, 9, 8, 13, 11, 12), (1, 2, 4, 5, 6, 3, 8, 7, 9, 11, 12, 13, 10), (1, 4, 3, 2, 5, 8, 6, 9, 7, 12, 10, 11, 13), (3, 2, 1, 5, 4, 9, 7, 8, 6, 13, 10, 11, 12)}
M(AUB) = 
[[1, 3, 2, 4, 5, 6, 7, 8, 9, 10, 11, 12, 13], [1, 3, 2, 4, 5, 6, 7, 8, 9, 11, 10, 12, 13]]
Distance:84

(18)
A = 
{(1, 3, 2, 5, 4, 6, 8, 7, 9, 10, 11, 12, 13), (1, 2, 3, 6, 4, 5, 9, 7, 8, 10, 12, 11, 13), (3, 1, 2, 4, 5, 7, 8, 6, 9, 10, 11, 12, 13), (3, 2, 1, 5, 4, 7, 6, 10, 8, 9, 13, 12, 11), (4, 1, 2, 8, 3, 5, 7, 10, 6, 9, 13, 11, 12)}
M(A) = 
[[1, 2, 3, 4, 5, 7, 6, 8, 9, 10, 11, 12, 13], [1, 2, 3, 4, 5, 7, 6, 8, 9, 11, 10, 12, 13], [1, 3, 2, 4, 5, 7, 6, 8, 9, 10, 11, 12, 13], [1, 3, 2, 4, 5, 7, 6, 8, 9, 11, 10, 12, 13]]
Distance: 32
B = 
{(3, 4, 5, 1, 2, 6, 9, 8, 12, 7, 11, 10, 13), (2, 1, 6, 3, 4, 7, 8, 9, 11, 13, 5, 10, 12), (2, 1, 7, 5, 3, 8, 9, 4, 6, 11, 10, 12, 13), (2, 4, 1, 5, 3, 7, 6, 8, 9, 12, 11, 10, 13), (3, 1, 5, 2, 4, 7, 9, 11, 10, 8, 13, 6, 12)}
M(B) = 
[[1, 2, 3, 4, 5, 7, 6, 8, 9, 10, 11, 12, 13], [1, 2, 3, 4, 5, 7, 6, 8, 9, 11, 10, 12, 13], [1, 3, 2, 4, 5, 7, 6, 8, 9, 10, 11, 12, 13], [1, 3, 2, 4, 5, 7, 6, 8, 9, 11, 10, 12, 13]]
Distance: 53
M(A) inter A:
set()
M(B) inter B:
set()

AUB = 
{(1, 2, 3, 6, 4, 5, 9, 7, 8, 10, 12, 11, 13), (2, 1, 6, 3, 4, 7, 8, 9, 11, 13, 5, 10, 12), (3, 4, 5, 1, 2, 6, 9, 8, 12, 7, 11, 10, 13), (3, 1, 5, 2, 4, 7, 9, 11, 10, 8, 13, 6, 12), (3, 1, 2, 4, 5, 7, 8, 6, 9, 10, 11, 12, 13), (3, 2, 1, 5, 4, 7, 6, 10, 8, 9, 13, 12, 11), (4, 1, 2, 8, 3, 5, 7, 10, 6, 9, 13, 11, 12), (2, 4, 1, 5, 3, 7, 6, 8, 9, 12, 11, 10, 13), (1, 3, 2, 5, 4, 6, 8, 7, 9, 10, 11, 12, 13), (2, 1, 7, 5, 3, 8, 9, 4, 6, 11, 10, 12, 13)}
M(AUB) = 
[[1, 2, 3, 4, 5, 7, 6, 8, 9, 10, 11, 12, 13], [1, 2, 3, 4, 5, 7, 6, 8, 9, 11, 10, 12, 13], [1, 3, 2, 4, 5, 7, 6, 8, 9, 10, 11, 12, 13], [1, 3, 2, 4, 5, 7, 6, 8, 9, 11, 10, 12, 13]]
Distance:92

(19)
A = 
{(1, 3, 2, 4, 5, 6, 7, 8, 9, 10, 11, 12, 13), (2, 1, 5, 7, 3, 4, 8, 6, 9, 10, 13, 12, 11), (1, 2, 4, 5, 6, 3, 8, 12, 10, 13, 7, 9, 11), (2, 1, 3, 4, 6, 5, 7, 11, 8, 10, 9, 12, 13), (2, 1, 3, 5, 4, 7, 9, 6, 8, 10, 11, 12, 13)}
M(A) = 
[[1, 2, 3, 4, 5, 6, 7, 8, 10, 9, 11, 12, 13]]
Distance: 34
B = 
{(3, 2, 1, 5, 4, 6, 10, 7, 12, 13, 9, 11, 8), (1, 2, 3, 4, 5, 6, 8, 11, 10, 9, 7, 12, 13), (1, 6, 2, 7, 3, 4, 9, 5, 11, 8, 12, 10, 13), (1, 2, 3, 4, 6, 5, 10, 8, 7, 9, 11, 13, 12), (1, 2, 3, 5, 6, 4, 8, 7, 11, 10, 9, 13, 12)}
M(B) = 
[[1, 2, 3, 4, 5, 6, 7, 8, 10, 9, 11, 12, 13]]
Distance: 42
M(A) inter A:
set()
M(B) inter B:
set()

AUB = 
{(1, 3, 2, 4, 5, 6, 7, 8, 9, 10, 11, 12, 13), (2, 1, 5, 7, 3, 4, 8, 6, 9, 10, 13, 12, 11), (2, 1, 3, 4, 6, 5, 7, 11, 8, 10, 9, 12, 13), (1, 6, 2, 7, 3, 4, 9, 5, 11, 8, 12, 10, 13), (1, 2, 3, 4, 6, 5, 10, 8, 7, 9, 11, 13, 12), (1, 2, 3, 5, 6, 4, 8, 7, 11, 10, 9, 13, 12), (1, 2, 4, 5, 6, 3, 8, 12, 10, 13, 7, 9, 11), (3, 2, 1, 5, 4, 6, 10, 7, 12, 13, 9, 11, 8), (1, 2, 3, 4, 5, 6, 8, 11, 10, 9, 7, 12, 13), (2, 1, 3, 5, 4, 7, 9, 6, 8, 10, 11, 12, 13)}
M(AUB) = 
[[1, 2, 3, 4, 5, 6, 7, 8, 10, 9, 11, 12, 13]]
Distance:80

(20)
A = 
{(2, 5, 1, 8, 3, 4, 13, 7, 6, 10, 11, 9, 12), (4, 2, 1, 3, 6, 8, 5, 9, 7, 11, 13, 12, 10), (2, 6, 1, 3, 7, 5, 4, 10, 9, 8, 13, 12, 11), (1, 2, 3, 4, 6, 5, 8, 7, 9, 10, 11, 12, 13), (1, 3, 2, 4, 6, 5, 10, 7, 9, 8, 11, 13, 12)}
M(A) = 
[[1, 2, 3, 4, 5, 6, 7, 8, 9, 10, 11, 13, 12], [1, 2, 3, 4, 6, 5, 7, 8, 9, 10, 11, 13, 12], [1, 3, 2, 4, 5, 6, 7, 8, 9, 10, 11, 13, 12], [1, 3, 2, 4, 6, 5, 7, 8, 9, 10, 11, 13, 12], [2, 1, 3, 4, 5, 6, 7, 8, 9, 10, 11, 13, 12], [2, 1, 3, 4, 6, 5, 7, 8, 9, 10, 11, 13, 12]]
Distance: 43
B = 
{(3, 7, 1, 2, 6, 4, 9, 8, 5, 12, 10, 13, 11), (5, 3, 6, 2, 8, 4, 1, 9, 12, 10, 7, 11, 13), (3, 1, 2, 4, 5, 7, 6, 10, 8, 12, 9, 11, 13), (3, 2, 1, 7, 4, 5, 8, 9, 6, 10, 11, 13, 12), (1, 2, 3, 4, 5, 6, 7, 8, 9, 11, 13, 10, 12)}
M(B) = 
[[1, 2, 3, 4, 5, 6, 7, 8, 9, 10, 11, 13, 12], [1, 2, 3, 4, 6, 5, 7, 8, 9, 10, 11, 13, 12], [1, 3, 2, 4, 5, 6, 7, 8, 9, 10, 11, 13, 12], [1, 3, 2, 4, 6, 5, 7, 8, 9, 10, 11, 13, 12], [2, 1, 3, 4, 5, 6, 7, 8, 9, 10, 11, 13, 12], [2, 1, 3, 4, 6, 5, 7, 8, 9, 10, 11, 13, 12]]
Distance: 45
M(A) inter A:
set()
M(B) inter B:
set()

AUB = 
{(3, 1, 2, 4, 5, 7, 6, 10, 8, 12, 9, 11, 13), (3, 2, 1, 7, 4, 5, 8, 9, 6, 10, 11, 13, 12), (1, 2, 3, 4, 5, 6, 7, 8, 9, 11, 13, 10, 12), (5, 3, 6, 2, 8, 4, 1, 9, 12, 10, 7, 11, 13), (4, 2, 1, 3, 6, 8, 5, 9, 7, 11, 13, 12, 10), (1, 2, 3, 4, 6, 5, 8, 7, 9, 10, 11, 12, 13), (2, 5, 1, 8, 3, 4, 13, 7, 6, 10, 11, 9, 12), (3, 7, 1, 2, 6, 4, 9, 8, 5, 12, 10, 13, 11), (2, 6, 1, 3, 7, 5, 4, 10, 9, 8, 13, 12, 11), (1, 3, 2, 4, 6, 5, 10, 7, 9, 8, 11, 13, 12)}
M(AUB) = 
[[1, 2, 3, 4, 5, 6, 7, 8, 9, 10, 11, 13, 12], [1, 2, 3, 4, 6, 5, 7, 8, 9, 10, 11, 13, 12], [1, 3, 2, 4, 5, 6, 7, 8, 9, 10, 11, 13, 12], [1, 3, 2, 4, 6, 5, 7, 8, 9, 10, 11, 13, 12], [2, 1, 3, 4, 5, 6, 7, 8, 9, 10, 11, 13, 12], [2, 1, 3, 4, 6, 5, 7, 8, 9, 10, 11, 13, 12]]
Distance:103

(21)
A = 
{(5, 2, 1, 8, 7, 10, 4, 3, 6, 9, 11, 12, 13), (1, 4, 2, 5, 7, 8, 3, 6, 9, 13, 10, 11, 12), (6, 1, 4, 2, 5, 11, 3, 10, 8, 12, 9, 13, 7), (2, 4, 1, 5, 11, 3, 8, 7, 13, 6, 10, 9, 12), (1, 2, 3, 4, 5, 6, 7, 8, 9, 10, 11, 13, 12)}
M(A) = 
[[1, 2, 3, 4, 5, 6, 8, 7, 10, 9, 11, 12, 13], [1, 2, 3, 4, 5, 6, 8, 7, 10, 9, 11, 13, 12], [1, 2, 4, 3, 5, 6, 8, 7, 10, 9, 11, 12, 13], [1, 2, 4, 3, 5, 6, 8, 7, 10, 9, 11, 13, 12], [2, 1, 3, 4, 5, 6, 8, 7, 10, 9, 11, 12, 13], [2, 1, 3, 4, 5, 6, 8, 7, 10, 9, 11, 13, 12], [2, 1, 4, 3, 5, 6, 8, 7, 10, 9, 11, 12, 13], [2, 1, 4, 3, 5, 6, 8, 7, 10, 9, 11, 13, 12]]
Distance: 56
B = 
{(2, 1, 3, 6, 4, 11, 5, 7, 10, 8, 12, 9, 13), (1, 6, 2, 3, 5, 8, 4, 10, 7, 9, 11, 13, 12), (1, 4, 2, 3, 8, 5, 7, 6, 9, 12, 10, 13, 11), (3, 5, 6, 2, 4, 8, 1, 7, 10, 9, 12, 11, 13), (3, 2, 5, 4, 1, 7, 6, 8, 9, 11, 10, 13, 12)}
M(B) = 
[[1, 2, 3, 4, 5, 6, 8, 7, 10, 9, 11, 12, 13], [1, 2, 3, 4, 5, 6, 8, 7, 10, 9, 11, 13, 12], [1, 2, 4, 3, 5, 6, 8, 7, 10, 9, 11, 12, 13], [1, 2, 4, 3, 5, 6, 8, 7, 10, 9, 11, 13, 12], [2, 1, 3, 4, 5, 6, 8, 7, 10, 9, 11, 12, 13], [2, 1, 3, 4, 5, 6, 8, 7, 10, 9, 11, 13, 12], [2, 1, 4, 3, 5, 6, 8, 7, 10, 9, 11, 12, 13], [2, 1, 4, 3, 5, 6, 8, 7, 10, 9, 11, 13, 12]]
Distance: 48
M(A) inter A:
set()
M(B) inter B:
set()

AUB = 
{(6, 1, 4, 2, 5, 11, 3, 10, 8, 12, 9, 13, 7), (1, 4, 2, 3, 8, 5, 7, 6, 9, 12, 10, 13, 11), (3, 2, 5, 4, 1, 7, 6, 8, 9, 11, 10, 13, 12), (2, 1, 3, 6, 4, 11, 5, 7, 10, 8, 12, 9, 13), (1, 2, 3, 4, 5, 6, 7, 8, 9, 10, 11, 13, 12), (3, 5, 6, 2, 4, 8, 1, 7, 10, 9, 12, 11, 13), (5, 2, 1, 8, 7, 10, 4, 3, 6, 9, 11, 12, 13), (1, 4, 2, 5, 7, 8, 3, 6, 9, 13, 10, 11, 12), (2, 4, 1, 5, 11, 3, 8, 7, 13, 6, 10, 9, 12), (1, 6, 2, 3, 5, 8, 4, 10, 7, 9, 11, 13, 12)}
M(AUB) = 
[[1, 2, 3, 4, 5, 6, 8, 7, 10, 9, 11, 12, 13], [1, 2, 3, 4, 5, 6, 8, 7, 10, 9, 11, 13, 12], [1, 2, 4, 3, 5, 6, 8, 7, 10, 9, 11, 12, 13], [1, 2, 4, 3, 5, 6, 8, 7, 10, 9, 11, 13, 12], [2, 1, 3, 4, 5, 6, 8, 7, 10, 9, 11, 12, 13], [2, 1, 3, 4, 5, 6, 8, 7, 10, 9, 11, 13, 12], [2, 1, 4, 3, 5, 6, 8, 7, 10, 9, 11, 12, 13], [2, 1, 4, 3, 5, 6, 8, 7, 10, 9, 11, 13, 12]]
Distance:116

(22)
A = 
{(1, 2, 3, 4, 7, 6, 5, 8, 9, 11, 10, 12, 13), (2, 3, 1, 4, 5, 8, 7, 6, 11, 13, 10, 12, 9), (1, 2, 6, 3, 5, 7, 4, 8, 9, 11, 12, 13, 10), (3, 2, 4, 6, 1, 7, 5, 8, 11, 10, 9, 12, 13), (2, 4, 5, 1, 3, 7, 9, 8, 11, 12, 6, 13, 10)}
M(A) = 
[[1, 2, 3, 4, 6, 5, 7, 8, 9, 11, 10, 12, 13], [2, 1, 3, 4, 6, 5, 7, 8, 9, 11, 10, 12, 13]]
Distance: 41
B = 
{(2, 1, 3, 4, 6, 5, 7, 8, 9, 10, 11, 13, 12), (2, 1, 4, 5, 3, 7, 6, 8, 9, 11, 10, 12, 13), (3, 1, 2, 5, 4, 7, 6, 11, 8, 9, 12, 10, 13), (1, 2, 3, 4, 6, 5, 7, 8, 9, 11, 10, 12, 13), (1, 3, 2, 6, 5, 4, 9, 7, 11, 13, 10, 12, 8)}
M(B) = 
[[1, 2, 3, 4, 6, 5, 7, 8, 9, 11, 10, 12, 13], [2, 1, 3, 4, 6, 5, 7, 8, 9, 11, 10, 12, 13]]
Distance: 27
M(A) inter A:
set()
M(B) inter B:
{(1, 2, 3, 4, 6, 5, 7, 8, 9, 11, 10, 12, 13)}

AUB = 
{(2, 1, 4, 5, 3, 7, 6, 8, 9, 11, 10, 12, 13), (3, 1, 2, 5, 4, 7, 6, 11, 8, 9, 12, 10, 13), (1, 3, 2, 6, 5, 4, 9, 7, 11, 13, 10, 12, 8), (1, 2, 3, 4, 7, 6, 5, 8, 9, 11, 10, 12, 13), (1, 2, 6, 3, 5, 7, 4, 8, 9, 11, 12, 13, 10), (1, 2, 3, 4, 6, 5, 7, 8, 9, 11, 10, 12, 13), (2, 3, 1, 4, 5, 8, 7, 6, 11, 13, 10, 12, 9), (3, 2, 4, 6, 1, 7, 5, 8, 11, 10, 9, 12, 13), (2, 4, 5, 1, 3, 7, 9, 8, 11, 12, 6, 13, 10), (2, 1, 3, 4, 6, 5, 7, 8, 9, 10, 11, 13, 12)}
M(AUB) = 
[[1, 2, 3, 4, 6, 5, 7, 8, 9, 11, 10, 12, 13], [2, 1, 3, 4, 6, 5, 7, 8, 9, 11, 10, 12, 13]]
Distance:69

(23)
A = 
{(1, 2, 3, 4, 5, 7, 6, 9, 8, 10, 11, 13, 12), (1, 5, 2, 3, 7, 6, 8, 4, 9, 10, 11, 12, 13), (1, 3, 2, 4, 7, 5, 6, 10, 8, 9, 13, 12, 11), (4, 1, 2, 3, 5, 6, 8, 7, 10, 13, 12, 11, 9), (5, 1, 2, 6, 4, 3, 11, 8, 12, 7, 10, 13, 9)}
M(A) = 
[[1, 2, 3, 4, 5, 6, 7, 8, 9, 10, 11, 12, 13], [1, 2, 3, 4, 5, 6, 7, 8, 9, 10, 11, 13, 12], [1, 2, 3, 5, 4, 6, 7, 8, 9, 10, 11, 12, 13], [1, 2, 3, 5, 4, 6, 7, 8, 9, 10, 11, 13, 12]]
Distance: 43
B = 
{(1, 3, 2, 4, 5, 6, 7, 8, 9, 10, 11, 12, 13), (1, 2, 3, 5, 4, 6, 7, 8, 9, 10, 11, 13, 12), (2, 3, 5, 1, 4, 6, 8, 7, 9, 13, 11, 12, 10), (1, 2, 3, 4, 5, 6, 9, 7, 8, 10, 12, 11, 13), (1, 5, 2, 8, 3, 4, 6, 11, 7, 9, 12, 10, 13)}
M(B) = 
[[1, 2, 3, 4, 5, 6, 7, 8, 9, 10, 11, 12, 13], [1, 2, 3, 4, 5, 6, 7, 8, 9, 10, 11, 13, 12], [1, 2, 3, 5, 4, 6, 7, 8, 9, 10, 11, 12, 13], [1, 2, 3, 5, 4, 6, 7, 8, 9, 10, 11, 13, 12]]
Distance: 26
M(A) inter A:
set()
M(B) inter B:
set()

AUB = 
{(1, 3, 2, 4, 5, 6, 7, 8, 9, 10, 11, 12, 13), (1, 5, 2, 3, 7, 6, 8, 4, 9, 10, 11, 12, 13), (1, 2, 3, 4, 5, 7, 6, 9, 8, 10, 11, 13, 12), (1, 2, 3, 5, 4, 6, 7, 8, 9, 10, 11, 13, 12), (4, 1, 2, 3, 5, 6, 8, 7, 10, 13, 12, 11, 9), (1, 5, 2, 8, 3, 4, 6, 11, 7, 9, 12, 10, 13), (1, 2, 3, 4, 5, 6, 9, 7, 8, 10, 12, 11, 13), (1, 3, 2, 4, 7, 5, 6, 10, 8, 9, 13, 12, 11), (5, 1, 2, 6, 4, 3, 11, 8, 12, 7, 10, 13, 9), (2, 3, 5, 1, 4, 6, 8, 7, 9, 13, 11, 12, 10)}
M(AUB) = 
[[1, 2, 3, 4, 5, 6, 7, 8, 9, 10, 11, 12, 13], [1, 2, 3, 4, 5, 6, 7, 8, 9, 10, 11, 13, 12], [1, 2, 3, 5, 4, 6, 7, 8, 9, 10, 11, 12, 13], [1, 2, 3, 5, 4, 6, 7, 8, 9, 10, 11, 13, 12]]
Distance:73

(24)
A = 
{(4, 1, 2, 6, 8, 5, 12, 7, 9, 13, 11, 3, 10), (1, 2, 4, 3, 5, 6, 7, 8, 9, 10, 11, 12, 13), (1, 2, 3, 4, 5, 6, 7, 9, 8, 10, 11, 12, 13), (1, 4, 2, 5, 6, 3, 7, 9, 12, 10, 8, 11, 13), (2, 1, 4, 5, 7, 3, 6, 9, 11, 12, 8, 10, 13)}
M(A) = 
[[1, 2, 3, 4, 5, 6, 7, 8, 9, 11, 12, 10, 13], [1, 2, 3, 4, 5, 6, 7, 8, 9, 12, 10, 11, 13], [1, 2, 3, 4, 5, 6, 7, 8, 9, 12, 11, 10, 13], [1, 2, 3, 4, 5, 6, 8, 7, 9, 11, 12, 10, 13], [1, 2, 3, 4, 5, 6, 8, 7, 9, 12, 10, 11, 13], [1, 2, 3, 4, 5, 6, 8, 7, 9, 12, 11, 10, 13], [1, 2, 4, 3, 5, 6, 7, 8, 9, 11, 12, 10, 13], [1, 2, 4, 3, 5, 6, 7, 8, 9, 12, 10, 11, 13], [1, 2, 4, 3, 5, 6, 7, 8, 9, 12, 11, 10, 13], [1, 2, 4, 3, 5, 6, 8, 7, 9, 11, 12, 10, 13], [1, 2, 4, 3, 5, 6, 8, 7, 9, 12, 10, 11, 13], [1, 2, 4, 3, 5, 6, 8, 7, 9, 12, 11, 10, 13]]
Distance: 37
B = 
{(1, 4, 3, 5, 7, 2, 6, 12, 8, 11, 13, 10, 9), (1, 2, 3, 5, 4, 8, 6, 7, 9, 10, 11, 12, 13), (3, 2, 1, 6, 4, 5, 12, 8, 9, 7, 13, 11, 10), (1, 2, 3, 4, 6, 5, 8, 7, 9, 10, 11, 12, 13), (1, 5, 2, 3, 8, 4, 7, 6, 9, 13, 12, 11, 10)}
M(B) = 
[[1, 2, 3, 4, 5, 6, 7, 8, 9, 11, 12, 10, 13], [1, 2, 3, 4, 5, 6, 7, 8, 9, 12, 10, 11, 13], [1, 2, 3, 4, 5, 6, 7, 8, 9, 12, 11, 10, 13], [1, 2, 3, 4, 5, 6, 8, 7, 9, 11, 12, 10, 13], [1, 2, 3, 4, 5, 6, 8, 7, 9, 12, 10, 11, 13], [1, 2, 3, 4, 5, 6, 8, 7, 9, 12, 11, 10, 13], [1, 2, 4, 3, 5, 6, 7, 8, 9, 11, 12, 10, 13], [1, 2, 4, 3, 5, 6, 7, 8, 9, 12, 10, 11, 13], [1, 2, 4, 3, 5, 6, 7, 8, 9, 12, 11, 10, 13], [1, 2, 4, 3, 5, 6, 8, 7, 9, 11, 12, 10, 13], [1, 2, 4, 3, 5, 6, 8, 7, 9, 12, 10, 11, 13], [1, 2, 4, 3, 5, 6, 8, 7, 9, 12, 11, 10, 13]]
Distance: 41
M(A) inter A:
set()
M(B) inter B:
set()

AUB = 
{(4, 1, 2, 6, 8, 5, 12, 7, 9, 13, 11, 3, 10), (1, 2, 3, 5, 4, 8, 6, 7, 9, 10, 11, 12, 13), (1, 5, 2, 3, 8, 4, 7, 6, 9, 13, 12, 11, 10), (1, 2, 4, 3, 5, 6, 7, 8, 9, 10, 11, 12, 13), (3, 2, 1, 6, 4, 5, 12, 8, 9, 7, 13, 11, 10), (1, 2, 3, 4, 6, 5, 8, 7, 9, 10, 11, 12, 13), (2, 1, 4, 5, 7, 3, 6, 9, 11, 12, 8, 10, 13), (1, 4, 3, 5, 7, 2, 6, 12, 8, 11, 13, 10, 9), (1, 2, 3, 4, 5, 6, 7, 9, 8, 10, 11, 12, 13), (1, 4, 2, 5, 6, 3, 7, 9, 12, 10, 8, 11, 13)}
M(AUB) = 
[[1, 2, 3, 4, 5, 6, 7, 8, 9, 11, 12, 10, 13], [1, 2, 3, 4, 5, 6, 7, 8, 9, 12, 10, 11, 13], [1, 2, 3, 4, 5, 6, 7, 8, 9, 12, 11, 10, 13], [1, 2, 3, 4, 5, 6, 8, 7, 9, 11, 12, 10, 13], [1, 2, 3, 4, 5, 6, 8, 7, 9, 12, 10, 11, 13], [1, 2, 3, 4, 5, 6, 8, 7, 9, 12, 11, 10, 13], [1, 2, 4, 3, 5, 6, 7, 8, 9, 11, 12, 10, 13], [1, 2, 4, 3, 5, 6, 7, 8, 9, 12, 10, 11, 13], [1, 2, 4, 3, 5, 6, 7, 8, 9, 12, 11, 10, 13], [1, 2, 4, 3, 5, 6, 8, 7, 9, 11, 12, 10, 13], [1, 2, 4, 3, 5, 6, 8, 7, 9, 12, 10, 11, 13], [1, 2, 4, 3, 5, 6, 8, 7, 9, 12, 11, 10, 13]]
Distance:88

(25)
A = 
{(4, 2, 1, 6, 8, 5, 7, 3, 13, 10, 9, 11, 12), (2, 1, 5, 3, 4, 7, 6, 8, 9, 11, 10, 13, 12), (2, 6, 3, 4, 1, 5, 7, 8, 9, 10, 11, 13, 12), (2, 1, 3, 4, 5, 6, 8, 10, 7, 11, 9, 13, 12), (1, 3, 2, 5, 4, 7, 6, 8, 9, 10, 11, 12, 13)}
M(A) = 
[[1, 2, 3, 4, 5, 6, 7, 8, 9, 10, 11, 13, 12], [1, 2, 3, 4, 5, 6, 7, 8, 9, 11, 10, 13, 12], [1, 2, 3, 4, 5, 6, 8, 7, 9, 10, 11, 13, 12], [1, 2, 3, 4, 5, 6, 8, 7, 9, 11, 10, 13, 12], [1, 2, 3, 4, 5, 7, 6, 8, 9, 10, 11, 13, 12], [1, 2, 3, 4, 5, 7, 6, 8, 9, 11, 10, 13, 12], [1, 2, 3, 4, 6, 5, 7, 8, 9, 10, 11, 13, 12], [1, 2, 3, 4, 6, 5, 7, 8, 9, 11, 10, 13, 12], [1, 2, 3, 4, 6, 5, 8, 7, 9, 10, 11, 13, 12], [1, 2, 3, 4, 6, 5, 8, 7, 9, 11, 10, 13, 12], [2, 1, 3, 4, 5, 6, 7, 8, 9, 10, 11, 13, 12], [2, 1, 3, 4, 5, 6, 7, 8, 9, 11, 10, 13, 12], [2, 1, 3, 4, 5, 6, 8, 7, 9, 10, 11, 13, 12], [2, 1, 3, 4, 5, 6, 8, 7, 9, 11, 10, 13, 12], [2, 1, 3, 4, 5, 7, 6, 8, 9, 10, 11, 13, 12], [2, 1, 3, 4, 5, 7, 6, 8, 9, 11, 10, 13, 12], [2, 1, 3, 4, 6, 5, 7, 8, 9, 10, 11, 13, 12], [2, 1, 3, 4, 6, 5, 7, 8, 9, 11, 10, 13, 12], [2, 1, 3, 4, 6, 5, 8, 7, 9, 10, 11, 13, 12], [2, 1, 3, 4, 6, 5, 8, 7, 9, 11, 10, 13, 12]]
Distance: 33
B = 
{(1, 2, 3, 4, 7, 6, 8, 11, 5, 12, 9, 13, 10), (1, 5, 3, 4, 2, 7, 10, 13, 8, 6, 9, 12, 11), (3, 1, 2, 6, 8, 4, 7, 9, 12, 5, 11, 10, 13), (3, 1, 2, 4, 6, 8, 7, 5, 9, 11, 10, 12, 13), (2, 1, 3, 5, 4, 11, 8, 7, 9, 6, 13, 12, 10)}
M(B) = 
[[1, 2, 3, 4, 5, 6, 7, 8, 9, 10, 11, 13, 12], [1, 2, 3, 4, 5, 6, 7, 8, 9, 11, 10, 13, 12], [1, 2, 3, 4, 5, 6, 8, 7, 9, 10, 11, 13, 12], [1, 2, 3, 4, 5, 6, 8, 7, 9, 11, 10, 13, 12], [1, 2, 3, 4, 5, 7, 6, 8, 9, 10, 11, 13, 12], [1, 2, 3, 4, 5, 7, 6, 8, 9, 11, 10, 13, 12], [1, 2, 3, 4, 6, 5, 7, 8, 9, 10, 11, 13, 12], [1, 2, 3, 4, 6, 5, 7, 8, 9, 11, 10, 13, 12], [1, 2, 3, 4, 6, 5, 8, 7, 9, 10, 11, 13, 12], [1, 2, 3, 4, 6, 5, 8, 7, 9, 11, 10, 13, 12], [2, 1, 3, 4, 5, 6, 7, 8, 9, 10, 11, 13, 12], [2, 1, 3, 4, 5, 6, 7, 8, 9, 11, 10, 13, 12], [2, 1, 3, 4, 5, 6, 8, 7, 9, 10, 11, 13, 12], [2, 1, 3, 4, 5, 6, 8, 7, 9, 11, 10, 13, 12], [2, 1, 3, 4, 5, 7, 6, 8, 9, 10, 11, 13, 12], [2, 1, 3, 4, 5, 7, 6, 8, 9, 11, 10, 13, 12], [2, 1, 3, 4, 6, 5, 7, 8, 9, 10, 11, 13, 12], [2, 1, 3, 4, 6, 5, 7, 8, 9, 11, 10, 13, 12], [2, 1, 3, 4, 6, 5, 8, 7, 9, 10, 11, 13, 12], [2, 1, 3, 4, 6, 5, 8, 7, 9, 11, 10, 13, 12]]
Distance: 51
M(A) inter A:
set()
M(B) inter B:
set()

AUB = 
{(1, 2, 3, 4, 7, 6, 8, 11, 5, 12, 9, 13, 10), (1, 5, 3, 4, 2, 7, 10, 13, 8, 6, 9, 12, 11), (4, 2, 1, 6, 8, 5, 7, 3, 13, 10, 9, 11, 12), (3, 1, 2, 4, 6, 8, 7, 5, 9, 11, 10, 12, 13), (2, 1, 3, 5, 4, 11, 8, 7, 9, 6, 13, 12, 10), (2, 1, 5, 3, 4, 7, 6, 8, 9, 11, 10, 13, 12), (1, 3, 2, 5, 4, 7, 6, 8, 9, 10, 11, 12, 13), (3, 1, 2, 6, 8, 4, 7, 9, 12, 5, 11, 10, 13), (2, 6, 3, 4, 1, 5, 7, 8, 9, 10, 11, 13, 12), (2, 1, 3, 4, 5, 6, 8, 10, 7, 11, 9, 13, 12)}
M(AUB) = 
[[1, 2, 3, 4, 5, 6, 7, 8, 9, 10, 11, 13, 12], [1, 2, 3, 4, 5, 6, 7, 8, 9, 11, 10, 13, 12], [1, 2, 3, 4, 5, 6, 8, 7, 9, 10, 11, 13, 12], [1, 2, 3, 4, 5, 6, 8, 7, 9, 11, 10, 13, 12], [1, 2, 3, 4, 5, 7, 6, 8, 9, 10, 11, 13, 12], [1, 2, 3, 4, 5, 7, 6, 8, 9, 11, 10, 13, 12], [1, 2, 3, 4, 6, 5, 7, 8, 9, 10, 11, 13, 12], [1, 2, 3, 4, 6, 5, 7, 8, 9, 11, 10, 13, 12], [1, 2, 3, 4, 6, 5, 8, 7, 9, 10, 11, 13, 12], [1, 2, 3, 4, 6, 5, 8, 7, 9, 11, 10, 13, 12], [2, 1, 3, 4, 5, 6, 7, 8, 9, 10, 11, 13, 12], [2, 1, 3, 4, 5, 6, 7, 8, 9, 11, 10, 13, 12], [2, 1, 3, 4, 5, 6, 8, 7, 9, 10, 11, 13, 12], [2, 1, 3, 4, 5, 6, 8, 7, 9, 11, 10, 13, 12], [2, 1, 3, 4, 5, 7, 6, 8, 9, 10, 11, 13, 12], [2, 1, 3, 4, 5, 7, 6, 8, 9, 11, 10, 13, 12], [2, 1, 3, 4, 6, 5, 7, 8, 9, 10, 11, 13, 12], [2, 1, 3, 4, 6, 5, 7, 8, 9, 11, 10, 13, 12], [2, 1, 3, 4, 6, 5, 8, 7, 9, 10, 11, 13, 12], [2, 1, 3, 4, 6, 5, 8, 7, 9, 11, 10, 13, 12]]
Distance:97

(26)
A = 
{(4, 1, 2, 5, 6, 3, 8, 9, 7, 11, 10, 13, 12), (3, 2, 1, 4, 10, 5, 8, 6, 7, 9, 11, 13, 12), (1, 3, 5, 4, 2, 7, 6, 12, 8, 13, 11, 10, 9), (3, 2, 1, 5, 8, 9, 4, 7, 10, 6, 13, 12, 11), (2, 1, 3, 4, 5, 7, 6, 9, 8, 10, 11, 12, 13)}
M(A) = 
[[1, 3, 2, 4, 5, 7, 6, 8, 9, 10, 11, 12, 13], [1, 3, 2, 4, 5, 7, 6, 8, 9, 10, 11, 13, 12], [1, 3, 2, 4, 5, 7, 6, 8, 9, 10, 13, 11, 12]]
Distance: 50
B = 
{(3, 1, 5, 4, 2, 9, 7, 6, 8, 12, 10, 13, 11), (2, 1, 3, 6, 5, 7, 4, 8, 9, 10, 11, 13, 12), (1, 3, 2, 4, 5, 7, 6, 8, 9, 10, 11, 12, 13), (3, 1, 10, 2, 6, 4, 5, 8, 9, 7, 13, 11, 12), (2, 1, 3, 4, 8, 5, 7, 6, 10, 12, 9, 13, 11)}
M(B) = 
[[1, 3, 2, 4, 5, 7, 6, 8, 9, 10, 11, 12, 13], [1, 3, 2, 4, 5, 7, 6, 8, 9, 10, 11, 13, 12], [1, 3, 2, 4, 5, 7, 6, 8, 9, 10, 13, 11, 12]]
Distance: 42
M(A) inter A:
set()
M(B) inter B:
{(1, 3, 2, 4, 5, 7, 6, 8, 9, 10, 11, 12, 13)}

AUB = 
{(3, 2, 1, 4, 10, 5, 8, 6, 7, 9, 11, 13, 12), (1, 3, 5, 4, 2, 7, 6, 12, 8, 13, 11, 10, 9), (3, 2, 1, 5, 8, 9, 4, 7, 10, 6, 13, 12, 11), (2, 1, 3, 6, 5, 7, 4, 8, 9, 10, 11, 13, 12), (2, 1, 3, 4, 8, 5, 7, 6, 10, 12, 9, 13, 11), (4, 1, 2, 5, 6, 3, 8, 9, 7, 11, 10, 13, 12), (1, 3, 2, 4, 5, 7, 6, 8, 9, 10, 11, 12, 13), (2, 1, 3, 4, 5, 7, 6, 9, 8, 10, 11, 12, 13), (3, 1, 5, 4, 2, 9, 7, 6, 8, 12, 10, 13, 11), (3, 1, 10, 2, 6, 4, 5, 8, 9, 7, 13, 11, 12)}
M(AUB) = 
[[1, 3, 2, 4, 5, 7, 6, 8, 9, 10, 11, 12, 13], [1, 3, 2, 4, 5, 7, 6, 8, 9, 10, 11, 13, 12], [1, 3, 2, 4, 5, 7, 6, 8, 9, 10, 13, 11, 12]]
Distance:93

(27)
A = 
{(3, 4, 2, 1, 5, 6, 10, 8, 11, 7, 9, 12, 13), (1, 3, 5, 2, 4, 7, 10, 6, 9, 13, 12, 11, 8), (1, 3, 6, 2, 7, 4, 8, 9, 5, 11, 12, 10, 13), (1, 4, 2, 3, 5, 7, 6, 9, 8, 11, 12, 10, 13), (1, 2, 3, 4, 6, 5, 7, 8, 9, 10, 11, 13, 12)}
M(A) = 
[[1, 2, 3, 4, 5, 6, 7, 8, 9, 10, 11, 12, 13], [1, 2, 3, 4, 5, 6, 7, 8, 9, 11, 10, 12, 13], [1, 2, 3, 4, 5, 6, 8, 7, 9, 10, 11, 12, 13], [1, 2, 3, 4, 5, 6, 8, 7, 9, 11, 10, 12, 13], [1, 2, 3, 4, 6, 5, 7, 8, 9, 10, 11, 12, 13], [1, 2, 3, 4, 6, 5, 7, 8, 9, 11, 10, 12, 13], [1, 2, 3, 4, 6, 5, 8, 7, 9, 10, 11, 12, 13], [1, 2, 3, 4, 6, 5, 8, 7, 9, 11, 10, 12, 13]]
Distance: 42
B = 
{(4, 2, 1, 6, 3, 8, 12, 5, 7, 9, 11, 10, 13), (4, 1, 2, 6, 3, 5, 9, 8, 7, 11, 10, 12, 13), (1, 2, 3, 7, 5, 4, 8, 9, 11, 6, 12, 10, 13), (4, 2, 1, 6, 8, 3, 5, 7, 10, 9, 12, 11, 13), (1, 2, 3, 5, 6, 4, 8, 7, 10, 12, 9, 13, 11)}
M(B) = 
[[1, 2, 3, 4, 5, 6, 7, 8, 9, 10, 11, 12, 13], [1, 2, 3, 4, 5, 6, 7, 8, 9, 11, 10, 12, 13], [1, 2, 3, 4, 5, 6, 8, 7, 9, 10, 11, 12, 13], [1, 2, 3, 4, 5, 6, 8, 7, 9, 11, 10, 12, 13], [1, 2, 3, 4, 6, 5, 7, 8, 9, 10, 11, 12, 13], [1, 2, 3, 4, 6, 5, 7, 8, 9, 11, 10, 12, 13], [1, 2, 3, 4, 6, 5, 8, 7, 9, 10, 11, 12, 13], [1, 2, 3, 4, 6, 5, 8, 7, 9, 11, 10, 12, 13]]
Distance: 41
M(A) inter A:
set()
M(B) inter B:
set()

AUB = 
{(1, 3, 6, 2, 7, 4, 8, 9, 5, 11, 12, 10, 13), (4, 2, 1, 6, 8, 3, 5, 7, 10, 9, 12, 11, 13), (1, 2, 3, 5, 6, 4, 8, 7, 10, 12, 9, 13, 11), (3, 4, 2, 1, 5, 6, 10, 8, 11, 7, 9, 12, 13), (1, 2, 3, 4, 6, 5, 7, 8, 9, 10, 11, 13, 12), (1, 3, 5, 2, 4, 7, 10, 6, 9, 13, 12, 11, 8), (4, 2, 1, 6, 3, 8, 12, 5, 7, 9, 11, 10, 13), (1, 4, 2, 3, 5, 7, 6, 9, 8, 11, 12, 10, 13), (4, 1, 2, 6, 3, 5, 9, 8, 7, 11, 10, 12, 13), (1, 2, 3, 7, 5, 4, 8, 9, 11, 6, 12, 10, 13)}
M(AUB) = 
[[1, 2, 3, 4, 5, 6, 7, 8, 9, 10, 11, 12, 13], [1, 2, 3, 4, 5, 6, 7, 8, 9, 11, 10, 12, 13], [1, 2, 3, 4, 5, 6, 8, 7, 9, 10, 11, 12, 13], [1, 2, 3, 4, 5, 6, 8, 7, 9, 11, 10, 12, 13], [1, 2, 3, 4, 6, 5, 7, 8, 9, 10, 11, 12, 13], [1, 2, 3, 4, 6, 5, 7, 8, 9, 11, 10, 12, 13], [1, 2, 3, 4, 6, 5, 8, 7, 9, 10, 11, 12, 13], [1, 2, 3, 4, 6, 5, 8, 7, 9, 11, 10, 12, 13]]
Distance:93

(28)
A = 
{(4, 1, 3, 5, 6, 2, 11, 7, 9, 8, 13, 10, 12), (2, 3, 1, 4, 6, 5, 7, 8, 9, 10, 12, 13, 11), (3, 4, 2, 6, 5, 10, 1, 8, 12, 11, 9, 13, 7), (1, 2, 3, 4, 6, 5, 8, 7, 9, 12, 10, 11, 13), (1, 2, 3, 5, 4, 6, 7, 9, 8, 10, 12, 11, 13)}
M(A) = 
[[1, 2, 3, 4, 5, 6, 7, 8, 9, 10, 12, 11, 13], [1, 2, 3, 4, 6, 5, 7, 8, 9, 10, 12, 11, 13], [2, 1, 3, 4, 5, 6, 7, 8, 9, 10, 12, 11, 13], [2, 1, 3, 4, 6, 5, 7, 8, 9, 10, 12, 11, 13]]
Distance: 41
B = 
{(2, 4, 1, 3, 6, 5, 7, 9, 8, 12, 10, 11, 13), (1, 2, 3, 6, 5, 4, 7, 8, 9, 10, 12, 11, 13), (1, 3, 2, 5, 7, 4, 12, 6, 8, 9, 10, 13, 11), (4, 2, 3, 1, 5, 8, 7, 6, 10, 11, 9, 13, 12), (3, 4, 2, 1, 8, 5, 6, 7, 10, 9, 13, 11, 12)}
M(B) = 
[[1, 2, 3, 4, 5, 6, 7, 8, 9, 10, 12, 11, 13], [1, 2, 3, 4, 6, 5, 7, 8, 9, 10, 12, 11, 13], [2, 1, 3, 4, 5, 6, 7, 8, 9, 10, 12, 11, 13], [2, 1, 3, 4, 6, 5, 7, 8, 9, 10, 12, 11, 13]]
Distance: 41
M(A) inter A:
set()
M(B) inter B:
set()

AUB = 
{(4, 1, 3, 5, 6, 2, 11, 7, 9, 8, 13, 10, 12), (2, 4, 1, 3, 6, 5, 7, 9, 8, 12, 10, 11, 13), (2, 3, 1, 4, 6, 5, 7, 8, 9, 10, 12, 13, 11), (1, 2, 3, 6, 5, 4, 7, 8, 9, 10, 12, 11, 13), (3, 4, 2, 6, 5, 10, 1, 8, 12, 11, 9, 13, 7), (3, 4, 2, 1, 8, 5, 6, 7, 10, 9, 13, 11, 12), (1, 2, 3, 4, 6, 5, 8, 7, 9, 12, 10, 11, 13), (1, 2, 3, 5, 4, 6, 7, 9, 8, 10, 12, 11, 13), (1, 3, 2, 5, 7, 4, 12, 6, 8, 9, 10, 13, 11), (4, 2, 3, 1, 5, 8, 7, 6, 10, 11, 9, 13, 12)}
M(AUB) = 
[[1, 2, 3, 4, 5, 6, 7, 8, 9, 10, 12, 11, 13], [1, 2, 3, 4, 6, 5, 7, 8, 9, 10, 12, 11, 13], [2, 1, 3, 4, 5, 6, 7, 8, 9, 10, 12, 11, 13], [2, 1, 3, 4, 6, 5, 7, 8, 9, 10, 12, 11, 13]]
Distance:84

(29)
A = 
{(3, 1, 6, 9, 2, 7, 4, 5, 8, 10, 13, 12, 11), (1, 2, 3, 5, 6, 7, 4, 12, 9, 13, 8, 11, 10), (2, 4, 1, 3, 7, 6, 5, 8, 11, 13, 10, 9, 12), (1, 2, 3, 7, 6, 5, 10, 4, 9, 12, 8, 13, 11), (1, 2, 3, 4, 7, 5, 6, 9, 10, 13, 8, 11, 12)}
M(A) = 
[[1, 2, 3, 4, 5, 6, 7, 9, 8, 10, 13, 11, 12], [1, 2, 3, 4, 5, 7, 6, 9, 8, 10, 13, 11, 12], [1, 2, 3, 4, 6, 5, 7, 9, 8, 10, 13, 11, 12], [1, 2, 3, 4, 6, 7, 5, 9, 8, 10, 13, 11, 12], [1, 2, 3, 4, 7, 5, 6, 9, 8, 10, 13, 11, 12], [1, 2, 3, 4, 7, 6, 5, 9, 8, 10, 13, 11, 12]]
Distance: 44
B = 
{(1, 3, 4, 6, 2, 5, 8, 7, 13, 9, 11, 12, 10), (3, 2, 4, 1, 7, 11, 8, 6, 10, 5, 12, 9, 13), (1, 2, 4, 3, 5, 9, 8, 6, 7, 11, 10, 13, 12), (3, 1, 2, 4, 5, 6, 8, 7, 10, 9, 12, 11, 13), (2, 1, 4, 3, 5, 7, 9, 6, 10, 8, 13, 11, 12)}
M(B) = 
[[1, 2, 3, 4, 5, 6, 7, 9, 8, 10, 13, 11, 12], [1, 2, 3, 4, 5, 7, 6, 9, 8, 10, 13, 11, 12], [1, 2, 3, 4, 6, 5, 7, 9, 8, 10, 13, 11, 12], [1, 2, 3, 4, 6, 7, 5, 9, 8, 10, 13, 11, 12], [1, 2, 3, 4, 7, 5, 6, 9, 8, 10, 13, 11, 12], [1, 2, 3, 4, 7, 6, 5, 9, 8, 10, 13, 11, 12]]
Distance: 45
M(A) inter A:
set()
M(B) inter B:
set()

AUB = 
{(2, 1, 4, 3, 5, 7, 9, 6, 10, 8, 13, 11, 12), (3, 1, 6, 9, 2, 7, 4, 5, 8, 10, 13, 12, 11), (1, 3, 4, 6, 2, 5, 8, 7, 13, 9, 11, 12, 10), (1, 2, 3, 5, 6, 7, 4, 12, 9, 13, 8, 11, 10), (1, 2, 4, 3, 5, 9, 8, 6, 7, 11, 10, 13, 12), (1, 2, 3, 7, 6, 5, 10, 4, 9, 12, 8, 13, 11), (1, 2, 3, 4, 7, 5, 6, 9, 10, 13, 8, 11, 12), (2, 4, 1, 3, 7, 6, 5, 8, 11, 13, 10, 9, 12), (3, 2, 4, 1, 7, 11, 8, 6, 10, 5, 12, 9, 13), (3, 1, 2, 4, 5, 6, 8, 7, 10, 9, 12, 11, 13)}
M(AUB) = 
[[1, 2, 3, 4, 5, 6, 7, 9, 8, 10, 13, 11, 12], [1, 2, 3, 4, 5, 7, 6, 9, 8, 10, 13, 11, 12], [1, 2, 3, 4, 6, 5, 7, 9, 8, 10, 13, 11, 12], [1, 2, 3, 4, 6, 7, 5, 9, 8, 10, 13, 11, 12], [1, 2, 3, 4, 7, 5, 6, 9, 8, 10, 13, 11, 12], [1, 2, 3, 4, 7, 6, 5, 9, 8, 10, 13, 11, 12]]
Distance:102

(30)
A = 
{(2, 4, 1, 3, 5, 6, 7, 8, 13, 9, 12, 11, 10), (1, 4, 2, 5, 8, 7, 9, 3, 6, 10, 12, 13, 11), (3, 2, 4, 1, 6, 5, 8, 7, 11, 10, 9, 13, 12), (4, 3, 2, 1, 6, 5, 9, 7, 8, 13, 10, 11, 12), (1, 5, 4, 6, 3, 2, 10, 8, 7, 11, 9, 13, 12)}
M(A) = 
[[1, 2, 4, 3, 5, 6, 8, 7, 9, 10, 11, 13, 12], [1, 2, 4, 3, 6, 5, 8, 7, 9, 10, 11, 13, 12]]
Distance: 47
B = 
{(1, 2, 5, 3, 4, 6, 8, 7, 9, 11, 12, 10, 13), (3, 5, 1, 2, 6, 4, 8, 7, 9, 13, 10, 12, 11), (4, 1, 3, 2, 6, 5, 7, 8, 9, 10, 11, 13, 12), (1, 2, 3, 4, 6, 11, 5, 8, 7, 10, 13, 9, 12), (1, 2, 6, 4, 3, 5, 7, 8, 10, 9, 12, 11, 13)}
M(B) = 
[[1, 2, 4, 3, 5, 6, 8, 7, 9, 10, 11, 13, 12], [1, 2, 4, 3, 6, 5, 8, 7, 9, 10, 11, 13, 12]]
Distance: 35
M(A) inter A:
set()
M(B) inter B:
set()

AUB = 
{(1, 4, 2, 5, 8, 7, 9, 3, 6, 10, 12, 13, 11), (3, 2, 4, 1, 6, 5, 8, 7, 11, 10, 9, 13, 12), (1, 2, 5, 3, 4, 6, 8, 7, 9, 11, 12, 10, 13), (3, 5, 1, 2, 6, 4, 8, 7, 9, 13, 10, 12, 11), (4, 3, 2, 1, 6, 5, 9, 7, 8, 13, 10, 11, 12), (1, 2, 3, 4, 6, 11, 5, 8, 7, 10, 13, 9, 12), (1, 5, 4, 6, 3, 2, 10, 8, 7, 11, 9, 13, 12), (2, 4, 1, 3, 5, 6, 7, 8, 13, 9, 12, 11, 10), (4, 1, 3, 2, 6, 5, 7, 8, 9, 10, 11, 13, 12), (1, 2, 6, 4, 3, 5, 7, 8, 10, 9, 12, 11, 13)}
M(AUB) = 
[[1, 2, 4, 3, 5, 6, 8, 7, 9, 10, 11, 13, 12], [1, 2, 4, 3, 6, 5, 8, 7, 9, 10, 11, 13, 12]]
Distance:88

(31)
A = 
{(3, 2, 5, 6, 1, 4, 8, 7, 10, 9, 12, 13, 11), (1, 2, 3, 5, 4, 6, 7, 8, 9, 10, 11, 13, 12), (1, 2, 3, 4, 5, 6, 7, 8, 9, 10, 11, 12, 13), (3, 1, 5, 2, 4, 7, 10, 13, 12, 8, 6, 9, 11), (2, 1, 3, 5, 4, 6, 8, 7, 10, 9, 12, 11, 13)}
M(A) = 
[[1, 2, 3, 4, 5, 6, 7, 8, 9, 10, 11, 12, 13], [1, 2, 3, 4, 5, 6, 7, 8, 9, 10, 11, 13, 12], [1, 2, 3, 4, 5, 6, 7, 8, 9, 10, 12, 11, 13], [1, 2, 3, 4, 5, 6, 7, 8, 10, 9, 11, 12, 13], [1, 2, 3, 4, 5, 6, 7, 8, 10, 9, 11, 13, 12], [1, 2, 3, 4, 5, 6, 7, 8, 10, 9, 12, 11, 13], [1, 2, 3, 5, 4, 6, 7, 8, 9, 10, 11, 12, 13], [1, 2, 3, 5, 4, 6, 7, 8, 9, 10, 11, 13, 12], [1, 2, 3, 5, 4, 6, 7, 8, 9, 10, 12, 11, 13], [1, 2, 3, 5, 4, 6, 7, 8, 10, 9, 11, 12, 13], [1, 2, 3, 5, 4, 6, 7, 8, 10, 9, 11, 13, 12], [1, 2, 3, 5, 4, 6, 7, 8, 10, 9, 12, 11, 13]]
Distance: 31
B = 
{(1, 2, 3, 6, 4, 5, 9, 7, 8, 11, 13, 12, 10), (2, 1, 4, 3, 6, 7, 5, 8, 9, 10, 13, 12, 11), (4, 1, 5, 6, 2, 8, 3, 10, 7, 9, 13, 11, 12), (2, 1, 3, 5, 4, 6, 9, 10, 8, 7, 11, 12, 13), (1, 3, 2, 6, 7, 4, 8, 5, 10, 9, 12, 11, 13)}
M(B) = 
[[1, 2, 3, 4, 5, 6, 7, 8, 9, 10, 11, 12, 13], [1, 2, 3, 4, 5, 6, 7, 8, 9, 10, 11, 13, 12], [1, 2, 3, 4, 5, 6, 7, 8, 9, 10, 12, 11, 13], [1, 2, 3, 4, 5, 6, 7, 8, 10, 9, 11, 12, 13], [1, 2, 3, 4, 5, 6, 7, 8, 10, 9, 11, 13, 12], [1, 2, 3, 4, 5, 6, 7, 8, 10, 9, 12, 11, 13], [1, 2, 3, 5, 4, 6, 7, 8, 9, 10, 11, 12, 13], [1, 2, 3, 5, 4, 6, 7, 8, 9, 10, 11, 13, 12], [1, 2, 3, 5, 4, 6, 7, 8, 9, 10, 12, 11, 13], [1, 2, 3, 5, 4, 6, 7, 8, 10, 9, 11, 12, 13], [1, 2, 3, 5, 4, 6, 7, 8, 10, 9, 11, 13, 12], [1, 2, 3, 5, 4, 6, 7, 8, 10, 9, 12, 11, 13]]
Distance: 41
M(A) inter A:
set()
M(B) inter B:
set()

AUB = 
{(2, 1, 4, 3, 6, 7, 5, 8, 9, 10, 13, 12, 11), (3, 2, 5, 6, 1, 4, 8, 7, 10, 9, 12, 13, 11), (1, 2, 3, 5, 4, 6, 7, 8, 9, 10, 11, 13, 12), (1, 2, 3, 4, 5, 6, 7, 8, 9, 10, 11, 12, 13), (1, 2, 3, 6, 4, 5, 9, 7, 8, 11, 13, 12, 10), (4, 1, 5, 6, 2, 8, 3, 10, 7, 9, 13, 11, 12), (3, 1, 5, 2, 4, 7, 10, 13, 12, 8, 6, 9, 11), (2, 1, 3, 5, 4, 6, 9, 10, 8, 7, 11, 12, 13), (1, 3, 2, 6, 7, 4, 8, 5, 10, 9, 12, 11, 13), (2, 1, 3, 5, 4, 6, 8, 7, 10, 9, 12, 11, 13)}
M(AUB) = 
[[1, 2, 3, 4, 5, 6, 7, 8, 9, 10, 11, 12, 13], [1, 2, 3, 4, 5, 6, 7, 8, 9, 10, 11, 13, 12], [1, 2, 3, 4, 5, 6, 7, 8, 9, 10, 12, 11, 13], [1, 2, 3, 4, 5, 6, 7, 8, 10, 9, 11, 12, 13], [1, 2, 3, 4, 5, 6, 7, 8, 10, 9, 11, 13, 12], [1, 2, 3, 4, 5, 6, 7, 8, 10, 9, 12, 11, 13], [1, 2, 3, 5, 4, 6, 7, 8, 9, 10, 11, 12, 13], [1, 2, 3, 5, 4, 6, 7, 8, 9, 10, 11, 13, 12], [1, 2, 3, 5, 4, 6, 7, 8, 9, 10, 12, 11, 13], [1, 2, 3, 5, 4, 6, 7, 8, 10, 9, 11, 12, 13], [1, 2, 3, 5, 4, 6, 7, 8, 10, 9, 11, 13, 12], [1, 2, 3, 5, 4, 6, 7, 8, 10, 9, 12, 11, 13]]
Distance:79

(32)
A = 
{(2, 1, 5, 3, 4, 6, 7, 10, 13, 8, 12, 9, 11), (4, 1, 3, 2, 5, 8, 6, 9, 7, 10, 13, 11, 12), (3, 2, 5, 1, 4, 6, 8, 11, 13, 10, 9, 12, 7), (1, 2, 3, 4, 5, 6, 7, 9, 8, 11, 10, 12, 13), (2, 1, 3, 4, 12, 6, 7, 5, 11, 8, 13, 10, 9)}
M(A) = 
[[2, 1, 3, 4, 5, 6, 7, 8, 10, 9, 11, 12, 13]]
Distance: 51
B = 
{(2, 1, 3, 4, 6, 9, 5, 10, 8, 7, 12, 13, 11), (3, 7, 2, 6, 4, 1, 5, 10, 11, 8, 9, 13, 12), (1, 2, 3, 4, 5, 6, 7, 8, 10, 9, 11, 12, 13), (1, 7, 8, 4, 2, 3, 10, 5, 9, 12, 11, 6, 13), (2, 5, 1, 4, 7, 6, 3, 8, 10, 9, 11, 12, 13)}
M(B) = 
[[2, 1, 3, 4, 5, 6, 7, 8, 10, 9, 11, 12, 13]]
Distance: 51
M(A) inter A:
set()
M(B) inter B:
set()

AUB = 
{(2, 1, 5, 3, 4, 6, 7, 10, 13, 8, 12, 9, 11), (1, 2, 3, 4, 5, 6, 7, 9, 8, 11, 10, 12, 13), (3, 2, 5, 1, 4, 6, 8, 11, 13, 10, 9, 12, 7), (3, 7, 2, 6, 4, 1, 5, 10, 11, 8, 9, 13, 12), (4, 1, 3, 2, 5, 8, 6, 9, 7, 10, 13, 11, 12), (2, 1, 3, 4, 6, 9, 5, 10, 8, 7, 12, 13, 11), (1, 2, 3, 4, 5, 6, 7, 8, 10, 9, 11, 12, 13), (1, 7, 8, 4, 2, 3, 10, 5, 9, 12, 11, 6, 13), (2, 1, 3, 4, 12, 6, 7, 5, 11, 8, 13, 10, 9), (2, 5, 1, 4, 7, 6, 3, 8, 10, 9, 11, 12, 13)}
M(AUB) = 
[[2, 1, 3, 4, 5, 6, 7, 8, 10, 9, 11, 12, 13]]
Distance:105

(33)
A = 
{(1, 3, 2, 5, 4, 7, 8, 6, 11, 10, 9, 13, 12), (1, 2, 3, 4, 5, 6, 7, 8, 9, 10, 11, 12, 13), (1, 2, 3, 4, 5, 6, 7, 8, 10, 9, 11, 12, 13), (1, 2, 3, 5, 4, 6, 11, 9, 7, 8, 12, 10, 13), (5, 7, 1, 3, 4, 8, 2, 12, 6, 9, 10, 11, 13)}
M(A) = 
[[1, 2, 3, 4, 5, 6, 7, 8, 9, 10, 11, 12, 13], [1, 2, 3, 4, 5, 6, 7, 8, 9, 10, 11, 13, 12], [1, 2, 3, 4, 5, 6, 7, 8, 10, 9, 11, 12, 13], [1, 2, 3, 4, 5, 6, 7, 8, 10, 9, 11, 13, 12], [1, 2, 3, 4, 5, 7, 6, 8, 9, 10, 11, 12, 13], [1, 2, 3, 4, 5, 7, 6, 8, 9, 10, 11, 13, 12], [1, 2, 3, 4, 5, 7, 6, 8, 10, 9, 11, 12, 13], [1, 2, 3, 4, 5, 7, 6, 8, 10, 9, 11, 13, 12]]
Distance: 33
B = 
{(1, 2, 4, 3, 5, 6, 8, 7, 11, 9, 10, 13, 12), (2, 4, 1, 7, 5, 3, 8, 9, 6, 10, 11, 13, 12), (2, 4, 1, 3, 5, 7, 6, 8, 10, 9, 11, 13, 12), (1, 3, 4, 7, 2, 5, 6, 8, 10, 11, 9, 12, 13), (1, 4, 3, 10, 2, 9, 6, 7, 13, 5, 8, 12, 11)}
M(B) = 
[[1, 2, 3, 4, 5, 6, 7, 8, 9, 10, 11, 12, 13], [1, 2, 3, 4, 5, 6, 7, 8, 9, 10, 11, 13, 12], [1, 2, 3, 4, 5, 6, 7, 8, 10, 9, 11, 12, 13], [1, 2, 3, 4, 5, 6, 7, 8, 10, 9, 11, 13, 12], [1, 2, 3, 4, 5, 7, 6, 8, 9, 10, 11, 12, 13], [1, 2, 3, 4, 5, 7, 6, 8, 9, 10, 11, 13, 12], [1, 2, 3, 4, 5, 7, 6, 8, 10, 9, 11, 12, 13], [1, 2, 3, 4, 5, 7, 6, 8, 10, 9, 11, 13, 12]]
Distance: 39
M(A) inter A:
set()
M(B) inter B:
set()

AUB = 
{(2, 4, 1, 7, 5, 3, 8, 9, 6, 10, 11, 13, 12), (2, 4, 1, 3, 5, 7, 6, 8, 10, 9, 11, 13, 12), (5, 7, 1, 3, 4, 8, 2, 12, 6, 9, 10, 11, 13), (1, 3, 4, 7, 2, 5, 6, 8, 10, 11, 9, 12, 13), (1, 2, 3, 4, 5, 6, 7, 8, 9, 10, 11, 12, 13), (1, 2, 3, 5, 4, 6, 11, 9, 7, 8, 12, 10, 13), (1, 2, 4, 3, 5, 6, 8, 7, 11, 9, 10, 13, 12), (1, 4, 3, 10, 2, 9, 6, 7, 13, 5, 8, 12, 11), (1, 2, 3, 4, 5, 6, 7, 8, 10, 9, 11, 12, 13), (1, 3, 2, 5, 4, 7, 8, 6, 11, 10, 9, 13, 12)}
M(AUB) = 
[[1, 2, 3, 4, 5, 6, 7, 8, 9, 10, 11, 12, 13], [1, 2, 3, 4, 5, 6, 7, 8, 9, 10, 11, 13, 12], [1, 2, 3, 4, 5, 6, 7, 8, 10, 9, 11, 12, 13], [1, 2, 3, 4, 5, 6, 7, 8, 10, 9, 11, 13, 12], [1, 2, 3, 4, 5, 7, 6, 8, 9, 10, 11, 12, 13], [1, 2, 3, 4, 5, 7, 6, 8, 9, 10, 11, 13, 12], [1, 2, 3, 4, 5, 7, 6, 8, 10, 9, 11, 12, 13], [1, 2, 3, 4, 5, 7, 6, 8, 10, 9, 11, 13, 12]]
Distance:82

(34)
A = 
{(2, 1, 3, 6, 5, 7, 10, 4, 9, 8, 12, 13, 11), (1, 2, 6, 5, 3, 7, 8, 4, 11, 9, 12, 13, 10), (1, 3, 2, 7, 5, 4, 8, 6, 10, 9, 11, 13, 12), (1, 3, 2, 5, 6, 4, 7, 8, 9, 11, 12, 10, 13), (2, 1, 4, 5, 6, 3, 10, 9, 7, 8, 11, 13, 12)}
M(A) = 
[[1, 2, 3, 4, 5, 6, 7, 8, 9, 11, 10, 12, 13], [1, 2, 3, 4, 5, 6, 7, 8, 9, 11, 10, 13, 12], [1, 2, 3, 4, 5, 6, 7, 8, 9, 11, 13, 10, 12], [1, 2, 3, 5, 4, 6, 7, 8, 9, 11, 10, 12, 13], [1, 2, 3, 5, 4, 6, 7, 8, 9, 11, 10, 13, 12], [1, 2, 3, 5, 4, 6, 7, 8, 9, 11, 13, 10, 12], [1, 2, 3, 5, 6, 4, 7, 8, 9, 11, 10, 12, 13], [1, 2, 3, 5, 6, 4, 7, 8, 9, 11, 10, 13, 12], [1, 2, 3, 5, 6, 4, 7, 8, 9, 11, 13, 10, 12]]
Distance: 39
B = 
{(1, 2, 3, 4, 5, 6, 7, 13, 8, 11, 10, 12, 9), (1, 3, 2, 4, 11, 5, 8, 9, 13, 6, 10, 7, 12), (2, 1, 3, 9, 6, 4, 7, 8, 5, 11, 12, 13, 10), (4, 2, 1, 6, 7, 5, 3, 8, 9, 12, 11, 13, 10), (1, 3, 2, 5, 6, 4, 10, 7, 8, 9, 11, 13, 12)}
M(B) = 
[[1, 2, 3, 4, 5, 6, 7, 8, 9, 11, 10, 12, 13], [1, 2, 3, 4, 5, 6, 7, 8, 9, 11, 10, 13, 12], [1, 2, 3, 4, 5, 6, 7, 8, 9, 11, 13, 10, 12], [1, 2, 3, 5, 4, 6, 7, 8, 9, 11, 10, 12, 13], [1, 2, 3, 5, 4, 6, 7, 8, 9, 11, 10, 13, 12], [1, 2, 3, 5, 4, 6, 7, 8, 9, 11, 13, 10, 12], [1, 2, 3, 5, 6, 4, 7, 8, 9, 11, 10, 12, 13], [1, 2, 3, 5, 6, 4, 7, 8, 9, 11, 10, 13, 12], [1, 2, 3, 5, 6, 4, 7, 8, 9, 11, 13, 10, 12]]
Distance: 51
M(A) inter A:
set()
M(B) inter B:
set()

AUB = 
{(1, 2, 3, 4, 5, 6, 7, 13, 8, 11, 10, 12, 9), (2, 1, 3, 6, 5, 7, 10, 4, 9, 8, 12, 13, 11), (4, 2, 1, 6, 7, 5, 3, 8, 9, 12, 11, 13, 10), (2, 1, 4, 5, 6, 3, 10, 9, 7, 8, 11, 13, 12), (1, 3, 2, 7, 5, 4, 8, 6, 10, 9, 11, 13, 12), (1, 3, 2, 5, 6, 4, 7, 8, 9, 11, 12, 10, 13), (1, 3, 2, 5, 6, 4, 10, 7, 8, 9, 11, 13, 12), (1, 2, 6, 5, 3, 7, 8, 4, 11, 9, 12, 13, 10), (1, 3, 2, 4, 11, 5, 8, 9, 13, 6, 10, 7, 12), (2, 1, 3, 9, 6, 4, 7, 8, 5, 11, 12, 13, 10)}
M(AUB) = 
[[1, 2, 3, 4, 5, 6, 7, 8, 9, 11, 10, 12, 13], [1, 2, 3, 4, 5, 6, 7, 8, 9, 11, 10, 13, 12], [1, 2, 3, 4, 5, 6, 7, 8, 9, 11, 13, 10, 12], [1, 2, 3, 5, 4, 6, 7, 8, 9, 11, 10, 12, 13], [1, 2, 3, 5, 4, 6, 7, 8, 9, 11, 10, 13, 12], [1, 2, 3, 5, 4, 6, 7, 8, 9, 11, 13, 10, 12], [1, 2, 3, 5, 6, 4, 7, 8, 9, 11, 10, 12, 13], [1, 2, 3, 5, 6, 4, 7, 8, 9, 11, 10, 13, 12], [1, 2, 3, 5, 6, 4, 7, 8, 9, 11, 13, 10, 12]]
Distance:101

(35)
A = 
{(2, 1, 3, 4, 6, 5, 7, 8, 9, 10, 11, 12, 13), (1, 2, 3, 4, 7, 5, 6, 11, 9, 13, 10, 8, 12), (2, 1, 4, 5, 3, 7, 10, 9, 6, 11, 13, 12, 8), (1, 4, 3, 6, 2, 8, 11, 5, 7, 10, 12, 9, 13), (1, 2, 3, 4, 5, 6, 8, 7, 9, 10, 11, 12, 13)}
M(A) = 
[[1, 2, 3, 4, 5, 6, 7, 8, 9, 10, 11, 12, 13], [1, 2, 3, 4, 5, 6, 7, 8, 10, 9, 11, 12, 13], [1, 2, 3, 4, 5, 6, 7, 10, 8, 9, 11, 12, 13], [1, 2, 3, 4, 5, 7, 6, 8, 9, 10, 11, 12, 13], [1, 2, 3, 4, 5, 7, 6, 8, 10, 9, 11, 12, 13], [1, 2, 3, 4, 5, 7, 6, 10, 8, 9, 11, 12, 13], [1, 2, 3, 4, 6, 5, 7, 8, 9, 10, 11, 12, 13], [1, 2, 3, 4, 6, 5, 7, 8, 10, 9, 11, 12, 13], [1, 2, 3, 4, 6, 5, 7, 10, 8, 9, 11, 12, 13], [1, 2, 3, 4, 6, 7, 5, 8, 9, 10, 11, 12, 13], [1, 2, 3, 4, 6, 7, 5, 8, 10, 9, 11, 12, 13], [1, 2, 3, 4, 6, 7, 5, 10, 8, 9, 11, 12, 13], [1, 2, 3, 4, 7, 5, 6, 8, 9, 10, 11, 12, 13], [1, 2, 3, 4, 7, 5, 6, 8, 10, 9, 11, 12, 13], [1, 2, 3, 4, 7, 5, 6, 10, 8, 9, 11, 12, 13], [1, 2, 3, 4, 7, 6, 5, 8, 9, 10, 11, 12, 13], [1, 2, 3, 4, 7, 6, 5, 8, 10, 9, 11, 12, 13], [1, 2, 3, 4, 7, 6, 5, 10, 8, 9, 11, 12, 13], [1, 2, 4, 3, 5, 6, 7, 8, 9, 10, 11, 12, 13], [1, 2, 4, 3, 5, 6, 7, 8, 10, 9, 11, 12, 13], [1, 2, 4, 3, 5, 6, 7, 10, 8, 9, 11, 12, 13], [1, 2, 4, 3, 5, 7, 6, 8, 9, 10, 11, 12, 13], [1, 2, 4, 3, 5, 7, 6, 8, 10, 9, 11, 12, 13], [1, 2, 4, 3, 5, 7, 6, 10, 8, 9, 11, 12, 13], [1, 2, 4, 3, 6, 5, 7, 8, 9, 10, 11, 12, 13], [1, 2, 4, 3, 6, 5, 7, 8, 10, 9, 11, 12, 13], [1, 2, 4, 3, 6, 5, 7, 10, 8, 9, 11, 12, 13], [1, 2, 4, 3, 6, 7, 5, 8, 9, 10, 11, 12, 13], [1, 2, 4, 3, 6, 7, 5, 8, 10, 9, 11, 12, 13], [1, 2, 4, 3, 6, 7, 5, 10, 8, 9, 11, 12, 13], [1, 2, 4, 3, 7, 5, 6, 8, 9, 10, 11, 12, 13], [1, 2, 4, 3, 7, 5, 6, 8, 10, 9, 11, 12, 13], [1, 2, 4, 3, 7, 5, 6, 10, 8, 9, 11, 12, 13], [1, 2, 4, 3, 7, 6, 5, 8, 9, 10, 11, 12, 13], [1, 2, 4, 3, 7, 6, 5, 8, 10, 9, 11, 12, 13], [1, 2, 4, 3, 7, 6, 5, 10, 8, 9, 11, 12, 13]]
Distance: 39
B = 
{(3, 1, 2, 6, 4, 7, 5, 8, 11, 10, 12, 13, 9), (2, 1, 4, 3, 7, 5, 6, 8, 9, 11, 10, 13, 12), (1, 4, 2, 3, 7, 9, 6, 10, 5, 8, 12, 11, 13), (1, 2, 4, 6, 3, 5, 10, 8, 7, 9, 13, 11, 12), (1, 3, 2, 7, 4, 5, 10, 6, 8, 12, 9, 13, 11)}
M(B) = 
[[1, 2, 3, 4, 5, 6, 7, 8, 9, 10, 11, 12, 13], [1, 2, 3, 4, 5, 6, 7, 8, 10, 9, 11, 12, 13], [1, 2, 3, 4, 5, 6, 7, 10, 8, 9, 11, 12, 13], [1, 2, 3, 4, 5, 7, 6, 8, 9, 10, 11, 12, 13], [1, 2, 3, 4, 5, 7, 6, 8, 10, 9, 11, 12, 13], [1, 2, 3, 4, 5, 7, 6, 10, 8, 9, 11, 12, 13], [1, 2, 3, 4, 6, 5, 7, 8, 9, 10, 11, 12, 13], [1, 2, 3, 4, 6, 5, 7, 8, 10, 9, 11, 12, 13], [1, 2, 3, 4, 6, 5, 7, 10, 8, 9, 11, 12, 13], [1, 2, 3, 4, 6, 7, 5, 8, 9, 10, 11, 12, 13], [1, 2, 3, 4, 6, 7, 5, 8, 10, 9, 11, 12, 13], [1, 2, 3, 4, 6, 7, 5, 10, 8, 9, 11, 12, 13], [1, 2, 3, 4, 7, 5, 6, 8, 9, 10, 11, 12, 13], [1, 2, 3, 4, 7, 5, 6, 8, 10, 9, 11, 12, 13], [1, 2, 3, 4, 7, 5, 6, 10, 8, 9, 11, 12, 13], [1, 2, 3, 4, 7, 6, 5, 8, 9, 10, 11, 12, 13], [1, 2, 3, 4, 7, 6, 5, 8, 10, 9, 11, 12, 13], [1, 2, 3, 4, 7, 6, 5, 10, 8, 9, 11, 12, 13], [1, 2, 4, 3, 5, 6, 7, 8, 9, 10, 11, 12, 13], [1, 2, 4, 3, 5, 6, 7, 8, 10, 9, 11, 12, 13], [1, 2, 4, 3, 5, 6, 7, 10, 8, 9, 11, 12, 13], [1, 2, 4, 3, 5, 7, 6, 8, 9, 10, 11, 12, 13], [1, 2, 4, 3, 5, 7, 6, 8, 10, 9, 11, 12, 13], [1, 2, 4, 3, 5, 7, 6, 10, 8, 9, 11, 12, 13], [1, 2, 4, 3, 6, 5, 7, 8, 9, 10, 11, 12, 13], [1, 2, 4, 3, 6, 5, 7, 8, 10, 9, 11, 12, 13], [1, 2, 4, 3, 6, 5, 7, 10, 8, 9, 11, 12, 13], [1, 2, 4, 3, 6, 7, 5, 8, 9, 10, 11, 12, 13], [1, 2, 4, 3, 6, 7, 5, 8, 10, 9, 11, 12, 13], [1, 2, 4, 3, 6, 7, 5, 10, 8, 9, 11, 12, 13], [1, 2, 4, 3, 7, 5, 6, 8, 9, 10, 11, 12, 13], [1, 2, 4, 3, 7, 5, 6, 8, 10, 9, 11, 12, 13], [1, 2, 4, 3, 7, 5, 6, 10, 8, 9, 11, 12, 13], [1, 2, 4, 3, 7, 6, 5, 8, 9, 10, 11, 12, 13], [1, 2, 4, 3, 7, 6, 5, 8, 10, 9, 11, 12, 13], [1, 2, 4, 3, 7, 6, 5, 10, 8, 9, 11, 12, 13]]
Distance: 38
M(A) inter A:
set()
M(B) inter B:
set()

AUB = 
{(1, 4, 2, 3, 7, 9, 6, 10, 5, 8, 12, 11, 13), (1, 4, 3, 6, 2, 8, 11, 5, 7, 10, 12, 9, 13), (1, 2, 3, 4, 5, 6, 8, 7, 9, 10, 11, 12, 13), (1, 2, 4, 6, 3, 5, 10, 8, 7, 9, 13, 11, 12), (1, 2, 3, 4, 7, 5, 6, 11, 9, 13, 10, 8, 12), (2, 1, 4, 3, 7, 5, 6, 8, 9, 11, 10, 13, 12), (2, 1, 4, 5, 3, 7, 10, 9, 6, 11, 13, 12, 8), (3, 1, 2, 6, 4, 7, 5, 8, 11, 10, 12, 13, 9), (1, 3, 2, 7, 4, 5, 10, 6, 8, 12, 9, 13, 11), (2, 1, 3, 4, 6, 5, 7, 8, 9, 10, 11, 12, 13)}
M(AUB) = 
[[1, 2, 3, 4, 5, 6, 7, 8, 9, 10, 11, 12, 13], [1, 2, 3, 4, 5, 6, 7, 8, 10, 9, 11, 12, 13], [1, 2, 3, 4, 5, 6, 7, 10, 8, 9, 11, 12, 13], [1, 2, 3, 4, 5, 7, 6, 8, 9, 10, 11, 12, 13], [1, 2, 3, 4, 5, 7, 6, 8, 10, 9, 11, 12, 13], [1, 2, 3, 4, 5, 7, 6, 10, 8, 9, 11, 12, 13], [1, 2, 3, 4, 6, 5, 7, 8, 9, 10, 11, 12, 13], [1, 2, 3, 4, 6, 5, 7, 8, 10, 9, 11, 12, 13], [1, 2, 3, 4, 6, 5, 7, 10, 8, 9, 11, 12, 13], [1, 2, 3, 4, 6, 7, 5, 8, 9, 10, 11, 12, 13], [1, 2, 3, 4, 6, 7, 5, 8, 10, 9, 11, 12, 13], [1, 2, 3, 4, 6, 7, 5, 10, 8, 9, 11, 12, 13], [1, 2, 3, 4, 7, 5, 6, 8, 9, 10, 11, 12, 13], [1, 2, 3, 4, 7, 5, 6, 8, 10, 9, 11, 12, 13], [1, 2, 3, 4, 7, 5, 6, 10, 8, 9, 11, 12, 13], [1, 2, 3, 4, 7, 6, 5, 8, 9, 10, 11, 12, 13], [1, 2, 3, 4, 7, 6, 5, 8, 10, 9, 11, 12, 13], [1, 2, 3, 4, 7, 6, 5, 10, 8, 9, 11, 12, 13], [1, 2, 4, 3, 5, 6, 7, 8, 9, 10, 11, 12, 13], [1, 2, 4, 3, 5, 6, 7, 8, 10, 9, 11, 12, 13], [1, 2, 4, 3, 5, 6, 7, 10, 8, 9, 11, 12, 13], [1, 2, 4, 3, 5, 7, 6, 8, 9, 10, 11, 12, 13], [1, 2, 4, 3, 5, 7, 6, 8, 10, 9, 11, 12, 13], [1, 2, 4, 3, 5, 7, 6, 10, 8, 9, 11, 12, 13], [1, 2, 4, 3, 6, 5, 7, 8, 9, 10, 11, 12, 13], [1, 2, 4, 3, 6, 5, 7, 8, 10, 9, 11, 12, 13], [1, 2, 4, 3, 6, 5, 7, 10, 8, 9, 11, 12, 13], [1, 2, 4, 3, 6, 7, 5, 8, 9, 10, 11, 12, 13], [1, 2, 4, 3, 6, 7, 5, 8, 10, 9, 11, 12, 13], [1, 2, 4, 3, 6, 7, 5, 10, 8, 9, 11, 12, 13], [1, 2, 4, 3, 7, 5, 6, 8, 9, 10, 11, 12, 13], [1, 2, 4, 3, 7, 5, 6, 8, 10, 9, 11, 12, 13], [1, 2, 4, 3, 7, 5, 6, 10, 8, 9, 11, 12, 13], [1, 2, 4, 3, 7, 6, 5, 8, 9, 10, 11, 12, 13], [1, 2, 4, 3, 7, 6, 5, 8, 10, 9, 11, 12, 13], [1, 2, 4, 3, 7, 6, 5, 10, 8, 9, 11, 12, 13]]
Distance:85

(36)
A = 
{(1, 2, 4, 3, 5, 7, 9, 11, 6, 10, 8, 13, 12), (1, 2, 3, 4, 5, 6, 7, 9, 10, 8, 11, 12, 13), (3, 6, 5, 2, 8, 7, 1, 4, 10, 9, 11, 12, 13), (2, 5, 1, 3, 6, 7, 4, 8, 9, 13, 10, 11, 12), (2, 3, 1, 4, 5, 6, 7, 8, 10, 11, 9, 12, 13)}
M(A) = 
[[1, 2, 3, 5, 4, 6, 7, 8, 9, 10, 11, 12, 13], [2, 1, 3, 5, 4, 6, 7, 8, 9, 10, 11, 12, 13], [2, 3, 1, 5, 4, 6, 7, 8, 9, 10, 11, 12, 13]]
Distance: 39
B = 
{(1, 2, 5, 3, 4, 7, 6, 8, 9, 12, 10, 13, 11), (3, 1, 2, 5, 4, 8, 6, 10, 7, 9, 11, 12, 13), (2, 5, 3, 4, 1, 8, 6, 7, 11, 9, 13, 10, 12), (2, 5, 3, 1, 4, 7, 6, 11, 9, 12, 10, 8, 13), (1, 2, 3, 7, 8, 11, 5, 6, 12, 13, 4, 10, 9)}
M(B) = 
[[1, 2, 3, 5, 4, 6, 7, 8, 9, 10, 11, 12, 13], [2, 1, 3, 5, 4, 6, 7, 8, 9, 10, 11, 12, 13], [2, 3, 1, 5, 4, 6, 7, 8, 9, 10, 11, 12, 13]]
Distance: 47
M(A) inter A:
set()
M(B) inter B:
set()

AUB = 
{(1, 2, 5, 3, 4, 7, 6, 8, 9, 12, 10, 13, 11), (1, 2, 3, 4, 5, 6, 7, 9, 10, 8, 11, 12, 13), (3, 1, 2, 5, 4, 8, 6, 10, 7, 9, 11, 12, 13), (2, 5, 3, 4, 1, 8, 6, 7, 11, 9, 13, 10, 12), (2, 5, 3, 1, 4, 7, 6, 11, 9, 12, 10, 8, 13), (2, 3, 1, 4, 5, 6, 7, 8, 10, 11, 9, 12, 13), (1, 2, 3, 7, 8, 11, 5, 6, 12, 13, 4, 10, 9), (3, 6, 5, 2, 8, 7, 1, 4, 10, 9, 11, 12, 13), (2, 5, 1, 3, 6, 7, 4, 8, 9, 13, 10, 11, 12), (1, 2, 4, 3, 5, 7, 9, 11, 6, 10, 8, 13, 12)}
M(AUB) = 
[[1, 2, 3, 5, 4, 6, 7, 8, 9, 10, 11, 12, 13], [2, 1, 3, 5, 4, 6, 7, 8, 9, 10, 11, 12, 13], [2, 3, 1, 5, 4, 6, 7, 8, 9, 10, 11, 12, 13]]
Distance:94

(37)
A = 
{(2, 4, 3, 1, 6, 7, 5, 10, 9, 8, 11, 12, 13), (1, 5, 4, 8, 2, 3, 7, 9, 13, 6, 11, 10, 12), (1, 4, 3, 2, 7, 5, 6, 8, 9, 12, 10, 13, 11), (2, 1, 3, 4, 5, 6, 7, 8, 9, 12, 10, 11, 13), (6, 2, 1, 9, 3, 5, 4, 10, 8, 13, 7, 12, 11)}
M(A) = 
[[1, 2, 3, 4, 5, 6, 7, 8, 9, 10, 11, 12, 13], [1, 2, 3, 4, 5, 6, 7, 8, 9, 10, 12, 11, 13], [1, 2, 3, 4, 6, 5, 7, 8, 9, 10, 11, 12, 13], [1, 2, 3, 4, 6, 5, 7, 8, 9, 10, 12, 11, 13], [1, 2, 3, 5, 4, 6, 7, 8, 9, 10, 11, 12, 13], [1, 2, 3, 5, 4, 6, 7, 8, 9, 10, 12, 11, 13]]
Distance: 51
B = 
{(1, 2, 4, 3, 5, 7, 6, 8, 10, 11, 9, 12, 13), (1, 2, 8, 6, 3, 4, 9, 5, 7, 11, 10, 12, 13), (6, 1, 2, 5, 7, 3, 9, 8, 4, 12, 10, 11, 13), (1, 2, 3, 5, 4, 6, 7, 8, 9, 10, 12, 11, 13), (6, 3, 2, 1, 5, 7, 4, 11, 8, 12, 9, 13, 10)}
M(B) = 
[[1, 2, 3, 4, 5, 6, 7, 8, 9, 10, 11, 12, 13], [1, 2, 3, 4, 5, 6, 7, 8, 9, 10, 12, 11, 13], [1, 2, 3, 4, 6, 5, 7, 8, 9, 10, 11, 12, 13], [1, 2, 3, 4, 6, 5, 7, 8, 9, 10, 12, 11, 13], [1, 2, 3, 5, 4, 6, 7, 8, 9, 10, 11, 12, 13], [1, 2, 3, 5, 4, 6, 7, 8, 9, 10, 12, 11, 13]]
Distance: 43
M(A) inter A:
set()
M(B) inter B:
set()

AUB = 
{(2, 1, 3, 4, 5, 6, 7, 8, 9, 12, 10, 11, 13), (1, 2, 4, 3, 5, 7, 6, 8, 10, 11, 9, 12, 13), (6, 3, 2, 1, 5, 7, 4, 11, 8, 12, 9, 13, 10), (1, 4, 3, 2, 7, 5, 6, 8, 9, 12, 10, 13, 11), (1, 2, 3, 5, 4, 6, 7, 8, 9, 10, 12, 11, 13), (1, 2, 8, 6, 3, 4, 9, 5, 7, 11, 10, 12, 13), (1, 5, 4, 8, 2, 3, 7, 9, 13, 6, 11, 10, 12), (2, 4, 3, 1, 6, 7, 5, 10, 9, 8, 11, 12, 13), (6, 2, 1, 9, 3, 5, 4, 10, 8, 13, 7, 12, 11), (6, 1, 2, 5, 7, 3, 9, 8, 4, 12, 10, 11, 13)}
M(AUB) = 
[[1, 2, 3, 4, 5, 6, 7, 8, 9, 10, 11, 12, 13], [1, 2, 3, 4, 5, 6, 7, 8, 9, 10, 12, 11, 13], [1, 2, 3, 4, 6, 5, 7, 8, 9, 10, 11, 12, 13], [1, 2, 3, 4, 6, 5, 7, 8, 9, 10, 12, 11, 13], [1, 2, 3, 5, 4, 6, 7, 8, 9, 10, 11, 12, 13], [1, 2, 3, 5, 4, 6, 7, 8, 9, 10, 12, 11, 13]]
Distance:102

(38)
A = 
{(3, 1, 2, 4, 5, 6, 7, 9, 8, 10, 11, 12, 13), (2, 1, 4, 6, 8, 3, 7, 5, 10, 9, 12, 11, 13), (2, 3, 1, 6, 4, 5, 7, 8, 9, 11, 12, 10, 13), (3, 2, 1, 6, 7, 5, 4, 9, 8, 12, 13, 11, 10), (1, 4, 3, 2, 5, 6, 8, 7, 9, 10, 12, 13, 11)}
M(A) = 
[[1, 2, 3, 4, 5, 6, 7, 8, 9, 10, 11, 12, 13], [1, 2, 3, 4, 6, 5, 7, 8, 9, 10, 11, 12, 13], [1, 3, 2, 4, 5, 6, 7, 8, 9, 10, 11, 12, 13], [1, 3, 2, 4, 6, 5, 7, 8, 9, 10, 11, 12, 13], [2, 1, 3, 4, 5, 6, 7, 8, 9, 10, 11, 12, 13], [2, 1, 3, 4, 6, 5, 7, 8, 9, 10, 11, 12, 13], [2, 3, 1, 4, 5, 6, 7, 8, 9, 10, 11, 12, 13], [2, 3, 1, 4, 6, 5, 7, 8, 9, 10, 11, 12, 13], [3, 1, 2, 4, 5, 6, 7, 8, 9, 10, 11, 12, 13], [3, 1, 2, 4, 6, 5, 7, 8, 9, 10, 11, 12, 13], [3, 2, 1, 4, 5, 6, 7, 8, 9, 10, 11, 12, 13], [3, 2, 1, 4, 6, 5, 7, 8, 9, 10, 11, 12, 13]]
Distance: 34
B = 
{(5, 3, 1, 2, 4, 6, 8, 9, 11, 7, 13, 12, 10), (1, 2, 4, 5, 3, 6, 7, 8, 9, 10, 11, 12, 13), (2, 3, 5, 1, 4, 12, 6, 7, 9, 8, 10, 13, 11), (2, 1, 3, 4, 7, 6, 9, 5, 10, 8, 11, 12, 13), (1, 6, 3, 5, 4, 2, 7, 8, 10, 13, 9, 11, 12)}
M(B) = 
[[1, 2, 3, 4, 5, 6, 7, 8, 9, 10, 11, 12, 13], [1, 2, 3, 4, 6, 5, 7, 8, 9, 10, 11, 12, 13], [1, 3, 2, 4, 5, 6, 7, 8, 9, 10, 11, 12, 13], [1, 3, 2, 4, 6, 5, 7, 8, 9, 10, 11, 12, 13], [2, 1, 3, 4, 5, 6, 7, 8, 9, 10, 11, 12, 13], [2, 1, 3, 4, 6, 5, 7, 8, 9, 10, 11, 12, 13], [2, 3, 1, 4, 5, 6, 7, 8, 9, 10, 11, 12, 13], [2, 3, 1, 4, 6, 5, 7, 8, 9, 10, 11, 12, 13], [3, 1, 2, 4, 5, 6, 7, 8, 9, 10, 11, 12, 13], [3, 1, 2, 4, 6, 5, 7, 8, 9, 10, 11, 12, 13], [3, 2, 1, 4, 5, 6, 7, 8, 9, 10, 11, 12, 13], [3, 2, 1, 4, 6, 5, 7, 8, 9, 10, 11, 12, 13]]
Distance: 45
M(A) inter A:
set()
M(B) inter B:
set()

AUB = 
{(5, 3, 1, 2, 4, 6, 8, 9, 11, 7, 13, 12, 10), (1, 2, 4, 5, 3, 6, 7, 8, 9, 10, 11, 12, 13), (3, 1, 2, 4, 5, 6, 7, 9, 8, 10, 11, 12, 13), (1, 4, 3, 2, 5, 6, 8, 7, 9, 10, 12, 13, 11), (2, 1, 4, 6, 8, 3, 7, 5, 10, 9, 12, 11, 13), (2, 3, 1, 6, 4, 5, 7, 8, 9, 11, 12, 10, 13), (3, 2, 1, 6, 7, 5, 4, 9, 8, 12, 13, 11, 10), (2, 3, 5, 1, 4, 12, 6, 7, 9, 8, 10, 13, 11), (2, 1, 3, 4, 7, 6, 9, 5, 10, 8, 11, 12, 13), (1, 6, 3, 5, 4, 2, 7, 8, 10, 13, 9, 11, 12)}
M(AUB) = 
[[1, 2, 3, 4, 5, 6, 7, 8, 9, 10, 11, 12, 13], [1, 2, 3, 4, 6, 5, 7, 8, 9, 10, 11, 12, 13], [1, 3, 2, 4, 5, 6, 7, 8, 9, 10, 11, 12, 13], [1, 3, 2, 4, 6, 5, 7, 8, 9, 10, 11, 12, 13], [2, 1, 3, 4, 5, 6, 7, 8, 9, 10, 11, 12, 13], [2, 1, 3, 4, 6, 5, 7, 8, 9, 10, 11, 12, 13], [2, 3, 1, 4, 5, 6, 7, 8, 9, 10, 11, 12, 13], [2, 3, 1, 4, 6, 5, 7, 8, 9, 10, 11, 12, 13], [3, 1, 2, 4, 5, 6, 7, 8, 9, 10, 11, 12, 13], [3, 1, 2, 4, 6, 5, 7, 8, 9, 10, 11, 12, 13], [3, 2, 1, 4, 5, 6, 7, 8, 9, 10, 11, 12, 13], [3, 2, 1, 4, 6, 5, 7, 8, 9, 10, 11, 12, 13]]
Distance:85

(39)
A = 
{(2, 1, 7, 4, 3, 6, 9, 8, 5, 13, 10, 12, 11), (1, 2, 3, 5, 6, 4, 7, 8, 11, 9, 13, 12, 10), (1, 3, 4, 2, 5, 6, 7, 8, 9, 11, 13, 10, 12), (6, 1, 4, 3, 7, 9, 2, 12, 11, 8, 5, 10, 13), (2, 3, 1, 7, 4, 5, 9, 6, 8, 12, 11, 10, 13)}
M(A) = 
[[2, 1, 3, 4, 5, 6, 7, 8, 9, 10, 11, 12, 13], [2, 1, 3, 4, 5, 6, 7, 8, 9, 10, 11, 13, 12], [2, 1, 3, 4, 5, 6, 7, 8, 9, 11, 10, 12, 13], [2, 1, 3, 4, 5, 6, 7, 8, 9, 11, 10, 13, 12], [2, 1, 3, 4, 6, 5, 7, 8, 9, 10, 11, 12, 13], [2, 1, 3, 4, 6, 5, 7, 8, 9, 10, 11, 13, 12], [2, 1, 3, 4, 6, 5, 7, 8, 9, 11, 10, 12, 13], [2, 1, 3, 4, 6, 5, 7, 8, 9, 11, 10, 13, 12]]
Distance: 50
B = 
{(4, 1, 6, 2, 10, 5, 3, 8, 9, 11, 7, 12, 13), (2, 1, 4, 6, 5, 3, 8, 7, 10, 9, 11, 12, 13), (2, 5, 3, 4, 1, 10, 7, 6, 8, 11, 13, 9, 12), (2, 1, 3, 4, 6, 5, 7, 11, 8, 13, 9, 12, 10), (3, 2, 5, 1, 10, 4, 7, 8, 6, 12, 13, 11, 9)}
M(B) = 
[[2, 1, 3, 4, 5, 6, 7, 8, 9, 10, 11, 12, 13], [2, 1, 3, 4, 5, 6, 7, 8, 9, 10, 11, 13, 12], [2, 1, 3, 4, 5, 6, 7, 8, 9, 11, 10, 12, 13], [2, 1, 3, 4, 5, 6, 7, 8, 9, 11, 10, 13, 12], [2, 1, 3, 4, 6, 5, 7, 8, 9, 10, 11, 12, 13], [2, 1, 3, 4, 6, 5, 7, 8, 9, 10, 11, 13, 12], [2, 1, 3, 4, 6, 5, 7, 8, 9, 11, 10, 12, 13], [2, 1, 3, 4, 6, 5, 7, 8, 9, 11, 10, 13, 12]]
Distance: 52
M(A) inter A:
set()
M(B) inter B:
set()

AUB = 
{(2, 1, 7, 4, 3, 6, 9, 8, 5, 13, 10, 12, 11), (2, 1, 3, 4, 6, 5, 7, 11, 8, 13, 9, 12, 10), (2, 3, 1, 7, 4, 5, 9, 6, 8, 12, 11, 10, 13), (6, 1, 4, 3, 7, 9, 2, 12, 11, 8, 5, 10, 13), (2, 1, 4, 6, 5, 3, 8, 7, 10, 9, 11, 12, 13), (3, 2, 5, 1, 10, 4, 7, 8, 6, 12, 13, 11, 9), (1, 3, 4, 2, 5, 6, 7, 8, 9, 11, 13, 10, 12), (2, 5, 3, 4, 1, 10, 7, 6, 8, 11, 13, 9, 12), (1, 2, 3, 5, 6, 4, 7, 8, 11, 9, 13, 12, 10), (4, 1, 6, 2, 10, 5, 3, 8, 9, 11, 7, 12, 13)}
M(AUB) = 
[[2, 1, 3, 4, 5, 6, 7, 8, 9, 10, 11, 12, 13], [2, 1, 3, 4, 5, 6, 7, 8, 9, 10, 11, 13, 12], [2, 1, 3, 4, 5, 6, 7, 8, 9, 11, 10, 12, 13], [2, 1, 3, 4, 5, 6, 7, 8, 9, 11, 10, 13, 12], [2, 1, 3, 4, 6, 5, 7, 8, 9, 10, 11, 12, 13], [2, 1, 3, 4, 6, 5, 7, 8, 9, 10, 11, 13, 12], [2, 1, 3, 4, 6, 5, 7, 8, 9, 11, 10, 12, 13], [2, 1, 3, 4, 6, 5, 7, 8, 9, 11, 10, 13, 12]]
Distance:117

(40)
A = 
{(1, 2, 3, 5, 4, 7, 6, 8, 9, 11, 10, 13, 12), (6, 3, 1, 4, 11, 2, 10, 5, 12, 9, 8, 13, 7), (1, 3, 2, 4, 5, 6, 7, 8, 9, 10, 11, 13, 12), (1, 3, 5, 6, 2, 4, 8, 10, 7, 11, 9, 13, 12), (1, 3, 4, 2, 5, 6, 8, 9, 11, 7, 13, 12, 10)}
M(A) = 
[[1, 2, 3, 4, 5, 6, 7, 8, 9, 10, 11, 12, 13], [1, 2, 3, 4, 5, 6, 8, 7, 9, 10, 11, 12, 13]]
Distance: 42
B = 
{(1, 2, 3, 4, 5, 6, 7, 8, 9, 10, 11, 12, 13), (1, 2, 4, 5, 7, 8, 3, 6, 9, 12, 11, 10, 13), (1, 2, 4, 6, 3, 5, 7, 8, 9, 10, 11, 12, 13), (2, 5, 1, 3, 4, 6, 8, 10, 9, 12, 7, 11, 13), (2, 5, 3, 1, 6, 8, 4, 10, 7, 9, 11, 12, 13)}
M(B) = 
[[1, 2, 3, 4, 5, 6, 7, 8, 9, 10, 11, 12, 13], [1, 2, 3, 4, 5, 6, 8, 7, 9, 10, 11, 12, 13]]
Distance: 32
M(A) inter A:
set()
M(B) inter B:
{(1, 2, 3, 4, 5, 6, 7, 8, 9, 10, 11, 12, 13)}

AUB = 
{(1, 3, 2, 4, 5, 6, 7, 8, 9, 10, 11, 13, 12), (1, 2, 4, 6, 3, 5, 7, 8, 9, 10, 11, 12, 13), (1, 3, 5, 6, 2, 4, 8, 10, 7, 11, 9, 13, 12), (1, 3, 4, 2, 5, 6, 8, 9, 11, 7, 13, 12, 10), (2, 5, 3, 1, 6, 8, 4, 10, 7, 9, 11, 12, 13), (1, 2, 3, 4, 5, 6, 7, 8, 9, 10, 11, 12, 13), (1, 2, 4, 5, 7, 8, 3, 6, 9, 12, 11, 10, 13), (1, 2, 3, 5, 4, 7, 6, 8, 9, 11, 10, 13, 12), (6, 3, 1, 4, 11, 2, 10, 5, 12, 9, 8, 13, 7), (2, 5, 1, 3, 4, 6, 8, 10, 9, 12, 7, 11, 13)}
M(AUB) = 
[[1, 2, 3, 4, 5, 6, 7, 8, 9, 10, 11, 12, 13], [1, 2, 3, 4, 5, 6, 8, 7, 9, 10, 11, 12, 13]]
Distance:82

(41)
A = 
{(2, 1, 4, 3, 5, 6, 7, 9, 13, 10, 8, 12, 11), (1, 3, 5, 6, 2, 4, 7, 8, 9, 10, 12, 11, 13), (5, 4, 3, 2, 1, 7, 13, 8, 9, 6, 10, 12, 11), (3, 1, 4, 8, 2, 5, 9, 6, 7, 10, 11, 13, 12), (4, 1, 8, 3, 2, 6, 5, 10, 12, 11, 7, 13, 9)}
M(A) = 
[[1, 3, 2, 4, 5, 6, 7, 8, 9, 10, 12, 11, 13]]
Distance: 55
B = 
{(2, 1, 4, 5, 6, 3, 7, 10, 12, 13, 8, 9, 11), (4, 1, 2, 5, 6, 3, 8, 9, 10, 7, 13, 11, 12), (1, 3, 2, 6, 4, 5, 7, 10, 11, 8, 9, 13, 12), (5, 2, 3, 1, 4, 7, 6, 12, 11, 8, 9, 13, 10), (1, 3, 2, 4, 8, 6, 7, 5, 11, 9, 12, 10, 13)}
M(B) = 
[[1, 3, 2, 4, 5, 6, 7, 8, 9, 10, 12, 11, 13]]
Distance: 54
M(A) inter A:
set()
M(B) inter B:
set()

AUB = 
{(4, 1, 2, 5, 6, 3, 8, 9, 10, 7, 13, 11, 12), (1, 3, 2, 6, 4, 5, 7, 10, 11, 8, 9, 13, 12), (1, 3, 5, 6, 2, 4, 7, 8, 9, 10, 12, 11, 13), (3, 1, 4, 8, 2, 5, 9, 6, 7, 10, 11, 13, 12), (5, 2, 3, 1, 4, 7, 6, 12, 11, 8, 9, 13, 10), (1, 3, 2, 4, 8, 6, 7, 5, 11, 9, 12, 10, 13), (2, 1, 4, 3, 5, 6, 7, 9, 13, 10, 8, 12, 11), (2, 1, 4, 5, 6, 3, 7, 10, 12, 13, 8, 9, 11), (5, 4, 3, 2, 1, 7, 13, 8, 9, 6, 10, 12, 11), (4, 1, 8, 3, 2, 6, 5, 10, 12, 11, 7, 13, 9)}
M(AUB) = 
[[1, 3, 2, 4, 5, 6, 7, 8, 9, 10, 12, 11, 13]]
Distance:113

(42)
A = 
{(3, 1, 2, 4, 7, 6, 5, 10, 12, 8, 9, 11, 13), (1, 2, 5, 4, 3, 6, 9, 8, 7, 12, 11, 10, 13), (1, 2, 5, 4, 3, 7, 6, 9, 8, 11, 10, 12, 13), (1, 3, 5, 2, 7, 4, 6, 8, 11, 9, 12, 10, 13), (1, 2, 3, 5, 6, 8, 7, 4, 9, 10, 11, 12, 13)}
M(A) = 
[[1, 2, 3, 5, 4, 6, 7, 8, 9, 10, 11, 12, 13], [1, 2, 3, 5, 4, 6, 7, 8, 9, 11, 10, 12, 13], [1, 3, 2, 5, 4, 6, 7, 8, 9, 10, 11, 12, 13], [1, 3, 2, 5, 4, 6, 7, 8, 9, 11, 10, 12, 13]]
Distance: 33
B = 
{(3, 2, 1, 5, 7, 9, 10, 4, 6, 8, 11, 12, 13), (3, 2, 1, 6, 5, 7, 10, 8, 11, 4, 12, 9, 13), (2, 3, 1, 6, 4, 8, 11, 5, 9, 7, 12, 13, 10), (1, 2, 3, 4, 5, 6, 7, 10, 8, 9, 11, 12, 13), (4, 1, 3, 2, 5, 6, 9, 7, 12, 11, 8, 10, 13)}
M(B) = 
[[1, 2, 3, 5, 4, 6, 7, 8, 9, 10, 11, 12, 13], [1, 2, 3, 5, 4, 6, 7, 8, 9, 11, 10, 12, 13], [1, 3, 2, 5, 4, 6, 7, 8, 9, 10, 11, 12, 13], [1, 3, 2, 5, 4, 6, 7, 8, 9, 11, 10, 12, 13]]
Distance: 49
M(A) inter A:
set()
M(B) inter B:
set()

AUB = 
{(3, 1, 2, 4, 7, 6, 5, 10, 12, 8, 9, 11, 13), (3, 2, 1, 6, 5, 7, 10, 8, 11, 4, 12, 9, 13), (1, 2, 3, 4, 5, 6, 7, 10, 8, 9, 11, 12, 13), (1, 2, 3, 5, 6, 8, 7, 4, 9, 10, 11, 12, 13), (3, 2, 1, 5, 7, 9, 10, 4, 6, 8, 11, 12, 13), (1, 2, 5, 4, 3, 7, 6, 9, 8, 11, 10, 12, 13), (2, 3, 1, 6, 4, 8, 11, 5, 9, 7, 12, 13, 10), (1, 2, 5, 4, 3, 6, 9, 8, 7, 12, 11, 10, 13), (1, 3, 5, 2, 7, 4, 6, 8, 11, 9, 12, 10, 13), (4, 1, 3, 2, 5, 6, 9, 7, 12, 11, 8, 10, 13)}
M(AUB) = 
[[1, 2, 3, 5, 4, 6, 7, 8, 9, 10, 11, 12, 13], [1, 2, 3, 5, 4, 6, 7, 8, 9, 11, 10, 12, 13], [1, 3, 2, 5, 4, 6, 7, 8, 9, 10, 11, 12, 13], [1, 3, 2, 5, 4, 6, 7, 8, 9, 11, 10, 12, 13]]
Distance:88

(43)
A = 
{(4, 1, 2, 10, 3, 6, 7, 11, 5, 8, 13, 9, 12), (4, 3, 5, 1, 2, 7, 6, 9, 11, 8, 13, 10, 12), (2, 1, 3, 4, 5, 8, 7, 6, 9, 12, 10, 11, 13), (1, 2, 3, 4, 5, 6, 7, 8, 10, 9, 11, 12, 13), (3, 2, 4, 1, 5, 8, 6, 10, 7, 12, 13, 9, 11)}
M(A) = 
[[1, 2, 3, 4, 5, 6, 7, 8, 10, 9, 11, 12, 13], [1, 3, 2, 4, 5, 6, 7, 8, 10, 9, 11, 12, 13]]
Distance: 47
B = 
{(3, 1, 2, 4, 5, 10, 7, 6, 9, 8, 11, 12, 13), (1, 3, 5, 4, 6, 2, 8, 7, 10, 9, 12, 11, 13), (1, 2, 3, 4, 6, 7, 9, 8, 5, 10, 13, 11, 12), (1, 2, 3, 4, 8, 6, 7, 5, 12, 10, 13, 9, 11), (1, 3, 2, 5, 6, 4, 10, 11, 7, 9, 13, 12, 8)}
M(B) = 
[[1, 2, 3, 4, 5, 6, 7, 8, 10, 9, 11, 12, 13], [1, 3, 2, 4, 5, 6, 7, 8, 10, 9, 11, 12, 13]]
Distance: 43
M(A) inter A:
set()
M(B) inter B:
set()

AUB = 
{(3, 1, 2, 4, 5, 10, 7, 6, 9, 8, 11, 12, 13), (1, 3, 5, 4, 6, 2, 8, 7, 10, 9, 12, 11, 13), (1, 2, 3, 4, 6, 7, 9, 8, 5, 10, 13, 11, 12), (4, 1, 2, 10, 3, 6, 7, 11, 5, 8, 13, 9, 12), (4, 3, 5, 1, 2, 7, 6, 9, 11, 8, 13, 10, 12), (1, 3, 2, 5, 6, 4, 10, 11, 7, 9, 13, 12, 8), (1, 2, 3, 4, 5, 6, 7, 8, 10, 9, 11, 12, 13), (1, 2, 3, 4, 8, 6, 7, 5, 12, 10, 13, 9, 11), (2, 1, 3, 4, 5, 8, 7, 6, 9, 12, 10, 11, 13), (3, 2, 4, 1, 5, 8, 6, 10, 7, 12, 13, 9, 11)}
M(AUB) = 
[[1, 2, 3, 4, 5, 6, 7, 8, 10, 9, 11, 12, 13], [1, 3, 2, 4, 5, 6, 7, 8, 10, 9, 11, 12, 13]]
Distance:91

(44)
A = 
{(4, 2, 1, 5, 7, 3, 12, 9, 10, 8, 6, 11, 13), (6, 2, 7, 3, 8, 1, 5, 12, 9, 10, 13, 4, 11), (1, 2, 3, 4, 5, 6, 7, 9, 8, 10, 12, 11, 13), (1, 2, 3, 4, 5, 7, 6, 8, 9, 10, 11, 12, 13), (3, 6, 2, 1, 5, 10, 11, 4, 8, 7, 12, 13, 9)}
M(A) = 
[[2, 1, 3, 4, 5, 7, 6, 8, 9, 10, 12, 11, 13]]
Distance: 60
B = 
{(2, 5, 1, 3, 7, 8, 9, 10, 4, 6, 13, 11, 12), (2, 1, 3, 4, 5, 7, 6, 10, 8, 9, 13, 12, 11), (1, 3, 2, 4, 7, 5, 6, 9, 8, 12, 10, 11, 13), (1, 2, 3, 4, 5, 7, 6, 8, 9, 11, 10, 12, 13), (2, 3, 7, 1, 6, 5, 8, 4, 9, 12, 10, 13, 11)}
M(B) = 
[[2, 1, 3, 4, 5, 7, 6, 8, 9, 10, 12, 11, 13]]
Distance: 34
M(A) inter A:
set()
M(B) inter B:
set()

AUB = 
{(2, 5, 1, 3, 7, 8, 9, 10, 4, 6, 13, 11, 12), (2, 1, 3, 4, 5, 7, 6, 10, 8, 9, 13, 12, 11), (1, 3, 2, 4, 7, 5, 6, 9, 8, 12, 10, 11, 13), (1, 2, 3, 4, 5, 7, 6, 8, 9, 11, 10, 12, 13), (4, 2, 1, 5, 7, 3, 12, 9, 10, 8, 6, 11, 13), (6, 2, 7, 3, 8, 1, 5, 12, 9, 10, 13, 4, 11), (1, 2, 3, 4, 5, 6, 7, 9, 8, 10, 12, 11, 13), (1, 2, 3, 4, 5, 7, 6, 8, 9, 10, 11, 12, 13), (3, 6, 2, 1, 5, 10, 11, 4, 8, 7, 12, 13, 9), (2, 3, 7, 1, 6, 5, 8, 4, 9, 12, 10, 13, 11)}
M(AUB) = 
[[2, 1, 3, 4, 5, 7, 6, 8, 9, 10, 12, 11, 13]]
Distance:96

(45)
A = 
{(3, 1, 4, 6, 2, 7, 5, 11, 8, 9, 12, 13, 10), (1, 2, 4, 3, 6, 5, 8, 9, 7, 11, 10, 12, 13), (3, 4, 1, 8, 2, 9, 7, 5, 10, 13, 6, 11, 12), (4, 1, 3, 7, 2, 5, 9, 13, 6, 11, 8, 10, 12), (2, 6, 1, 3, 4, 7, 5, 9, 8, 12, 11, 10, 13)}
M(A) = 
[[1, 2, 3, 4, 6, 7, 5, 8, 9, 10, 11, 12, 13], [1, 2, 4, 3, 6, 7, 5, 8, 9, 10, 11, 12, 13], [1, 4, 2, 3, 6, 7, 5, 8, 9, 10, 11, 12, 13]]
Distance: 50
B = 
{(1, 2, 4, 3, 7, 5, 6, 8, 10, 11, 9, 12, 13), (4, 1, 2, 6, 5, 3, 7, 9, 8, 10, 12, 13, 11), (2, 3, 1, 6, 7, 4, 8, 5, 12, 10, 11, 9, 13), (4, 1, 3, 2, 5, 6, 8, 10, 7, 9, 11, 12, 13), (2, 1, 3, 5, 4, 6, 10, 7, 8, 9, 12, 11, 13)}
M(B) = 
[[1, 2, 3, 4, 6, 7, 5, 8, 9, 10, 11, 12, 13], [1, 2, 4, 3, 6, 7, 5, 8, 9, 10, 11, 12, 13], [1, 4, 2, 3, 6, 7, 5, 8, 9, 10, 11, 12, 13]]
Distance: 34
M(A) inter A:
set()
M(B) inter B:
set()

AUB = 
{(2, 3, 1, 6, 7, 4, 8, 5, 12, 10, 11, 9, 13), (4, 1, 2, 6, 5, 3, 7, 9, 8, 10, 12, 13, 11), (1, 2, 4, 3, 6, 5, 8, 9, 7, 11, 10, 12, 13), (4, 1, 3, 7, 2, 5, 9, 13, 6, 11, 8, 10, 12), (1, 2, 4, 3, 7, 5, 6, 8, 10, 11, 9, 12, 13), (4, 1, 3, 2, 5, 6, 8, 10, 7, 9, 11, 12, 13), (3, 1, 4, 6, 2, 7, 5, 11, 8, 9, 12, 13, 10), (2, 1, 3, 5, 4, 6, 10, 7, 8, 9, 12, 11, 13), (3, 4, 1, 8, 2, 9, 7, 5, 10, 13, 6, 11, 12), (2, 6, 1, 3, 4, 7, 5, 9, 8, 12, 11, 10, 13)}
M(AUB) = 
[[1, 2, 3, 4, 6, 7, 5, 8, 9, 10, 11, 12, 13], [1, 2, 4, 3, 6, 7, 5, 8, 9, 10, 11, 12, 13], [1, 4, 2, 3, 6, 7, 5, 8, 9, 10, 11, 12, 13]]
Distance:96

(46)
A = 
{(1, 2, 3, 4, 5, 6, 9, 7, 8, 11, 10, 12, 13), (2, 1, 6, 3, 4, 7, 5, 8, 9, 10, 13, 12, 11), (4, 1, 2, 6, 3, 5, 9, 11, 7, 8, 12, 10, 13), (1, 4, 2, 3, 7, 6, 5, 8, 12, 10, 9, 11, 13), (4, 1, 2, 3, 6, 5, 10, 7, 9, 8, 11, 13, 12)}
M(A) = 
[[1, 4, 2, 3, 5, 6, 7, 8, 9, 10, 11, 12, 13], [1, 4, 2, 3, 6, 5, 7, 8, 9, 10, 11, 12, 13]]
Distance: 34
B = 
{(4, 1, 2, 6, 3, 7, 9, 5, 8, 13, 11, 10, 12), (1, 3, 2, 4, 5, 7, 8, 6, 13, 10, 9, 12, 11), (1, 2, 3, 4, 5, 6, 7, 8, 9, 10, 11, 12, 13), (1, 4, 2, 5, 6, 3, 7, 8, 11, 10, 9, 12, 13), (1, 3, 4, 2, 5, 6, 7, 8, 12, 9, 10, 11, 13)}
M(B) = 
[[1, 4, 2, 3, 5, 6, 7, 8, 9, 10, 11, 12, 13], [1, 4, 2, 3, 6, 5, 7, 8, 9, 10, 11, 12, 13]]
Distance: 33
M(A) inter A:
set()
M(B) inter B:
{(1, 2, 3, 4, 5, 6, 7, 8, 9, 10, 11, 12, 13)}

AUB = 
{(4, 1, 2, 6, 3, 7, 9, 5, 8, 13, 11, 10, 12), (4, 1, 2, 6, 3, 5, 9, 11, 7, 8, 12, 10, 13), (1, 3, 2, 4, 5, 7, 8, 6, 13, 10, 9, 12, 11), (1, 4, 2, 5, 6, 3, 7, 8, 11, 10, 9, 12, 13), (1, 2, 3, 4, 5, 6, 7, 8, 9, 10, 11, 12, 13), (4, 1, 2, 3, 6, 5, 10, 7, 9, 8, 11, 13, 12), (1, 4, 2, 3, 7, 6, 5, 8, 12, 10, 9, 11, 13), (1, 2, 3, 4, 5, 6, 9, 7, 8, 11, 10, 12, 13), (2, 1, 6, 3, 4, 7, 5, 8, 9, 10, 13, 12, 11), (1, 3, 4, 2, 5, 6, 7, 8, 12, 9, 10, 11, 13)}
M(AUB) = 
[[1, 4, 2, 3, 5, 6, 7, 8, 9, 10, 11, 12, 13], [1, 4, 2, 3, 6, 5, 7, 8, 9, 10, 11, 12, 13]]
Distance:71

(47)
A = 
{(2, 4, 1, 3, 5, 9, 6, 8, 7, 10, 12, 11, 13), (3, 1, 2, 4, 7, 5, 6, 8, 9, 10, 12, 13, 11), (1, 2, 3, 4, 5, 6, 7, 10, 8, 9, 11, 12, 13), (3, 1, 2, 4, 5, 7, 10, 8, 6, 11, 12, 9, 13), (1, 3, 2, 4, 6, 7, 5, 8, 9, 10, 11, 12, 13)}
M(A) = 
[[1, 3, 2, 4, 5, 6, 7, 8, 9, 10, 11, 12, 13], [1, 3, 2, 4, 5, 6, 7, 8, 10, 9, 11, 12, 13]]
Distance: 27
B = 
{(1, 3, 4, 2, 5, 8, 6, 7, 12, 10, 9, 13, 11), (6, 1, 5, 3, 4, 9, 2, 7, 11, 8, 10, 13, 12), (2, 1, 6, 4, 5, 3, 7, 8, 10, 9, 11, 12, 13), (3, 1, 2, 5, 6, 4, 13, 8, 7, 12, 11, 10, 9), (3, 6, 1, 2, 5, 7, 11, 9, 4, 8, 12, 10, 13)}
M(B) = 
[[1, 3, 2, 4, 5, 6, 7, 8, 9, 10, 11, 12, 13], [1, 3, 2, 4, 5, 6, 7, 8, 10, 9, 11, 12, 13]]
Distance: 54
M(A) inter A:
set()
M(B) inter B:
set()

AUB = 
{(6, 1, 5, 3, 4, 9, 2, 7, 11, 8, 10, 13, 12), (1, 2, 3, 4, 5, 6, 7, 10, 8, 9, 11, 12, 13), (3, 6, 1, 2, 5, 7, 11, 9, 4, 8, 12, 10, 13), (1, 3, 4, 2, 5, 8, 6, 7, 12, 10, 9, 13, 11), (3, 1, 2, 4, 7, 5, 6, 8, 9, 10, 12, 13, 11), (3, 1, 2, 5, 6, 4, 13, 8, 7, 12, 11, 10, 9), (3, 1, 2, 4, 5, 7, 10, 8, 6, 11, 12, 9, 13), (2, 1, 6, 4, 5, 3, 7, 8, 10, 9, 11, 12, 13), (2, 4, 1, 3, 5, 9, 6, 8, 7, 10, 12, 11, 13), (1, 3, 2, 4, 6, 7, 5, 8, 9, 10, 11, 12, 13)}
M(AUB) = 
[[1, 3, 2, 4, 5, 6, 7, 8, 9, 10, 11, 12, 13], [1, 3, 2, 4, 5, 6, 7, 8, 10, 9, 11, 12, 13]]
Distance:88

(48)
A = 
{(1, 6, 3, 2, 7, 5, 4, 10, 12, 9, 8, 11, 13), (1, 2, 4, 6, 7, 9, 5, 12, 10, 3, 8, 13, 11), (1, 2, 3, 4, 5, 6, 7, 8, 10, 9, 11, 12, 13), (2, 1, 5, 3, 4, 7, 6, 8, 9, 10, 11, 12, 13), (1, 2, 4, 5, 3, 6, 10, 8, 7, 9, 11, 13, 12)}
M(A) = 
[[1, 2, 3, 4, 5, 6, 7, 8, 9, 10, 11, 12, 13]]
Distance: 40
B = 
{(2, 1, 3, 4, 6, 5, 7, 10, 8, 9, 11, 13, 12), (1, 4, 3, 2, 5, 6, 7, 9, 8, 11, 12, 10, 13), (4, 1, 3, 5, 2, 6, 7, 8, 11, 9, 10, 12, 13), (2, 1, 3, 4, 5, 7, 6, 8, 9, 11, 13, 10, 12), (3, 2, 1, 4, 7, 6, 5, 8, 9, 13, 10, 12, 11)}
M(B) = 
[[1, 2, 3, 4, 5, 6, 7, 8, 9, 10, 11, 12, 13]]
Distance: 30
M(A) inter A:
set()
M(B) inter B:
set()

AUB = 
{(1, 4, 3, 2, 5, 6, 7, 9, 8, 11, 12, 10, 13), (2, 1, 3, 4, 5, 7, 6, 8, 9, 11, 13, 10, 12), (3, 2, 1, 4, 7, 6, 5, 8, 9, 13, 10, 12, 11), (1, 6, 3, 2, 7, 5, 4, 10, 12, 9, 8, 11, 13), (1, 2, 3, 4, 5, 6, 7, 8, 10, 9, 11, 12, 13), (2, 1, 3, 4, 6, 5, 7, 10, 8, 9, 11, 13, 12), (1, 2, 4, 6, 7, 9, 5, 12, 10, 3, 8, 13, 11), (2, 1, 5, 3, 4, 7, 6, 8, 9, 10, 11, 12, 13), (1, 2, 4, 5, 3, 6, 10, 8, 7, 9, 11, 13, 12), (4, 1, 3, 5, 2, 6, 7, 8, 11, 9, 10, 12, 13)}
M(AUB) = 
[[1, 2, 3, 4, 5, 6, 7, 8, 9, 10, 11, 12, 13]]
Distance:75

(49)
A = 
{(1, 4, 2, 5, 6, 3, 10, 9, 7, 13, 8, 11, 12), (1, 2, 4, 3, 5, 6, 7, 9, 10, 8, 11, 12, 13), (1, 4, 8, 3, 5, 7, 6, 11, 2, 13, 9, 10, 12), (1, 2, 3, 5, 7, 4, 6, 8, 9, 10, 11, 13, 12), (3, 2, 1, 5, 4, 6, 7, 9, 11, 8, 12, 10, 13)}
M(A) = 
[[1, 2, 3, 4, 5, 6, 7, 8, 9, 10, 11, 12, 13], [1, 2, 3, 4, 5, 6, 7, 8, 9, 10, 11, 13, 12], [1, 3, 2, 4, 5, 6, 7, 8, 9, 10, 11, 12, 13], [1, 3, 2, 4, 5, 6, 7, 8, 9, 10, 11, 13, 12]]
Distance: 42
B = 
{(3, 2, 1, 4, 6, 7, 5, 8, 11, 9, 13, 10, 12), (1, 2, 3, 4, 6, 5, 10, 13, 7, 8, 11, 12, 9), (3, 6, 1, 2, 4, 10, 5, 8, 11, 7, 12, 9, 13), (1, 2, 6, 7, 4, 5, 3, 9, 8, 11, 12, 10, 13), (1, 3, 2, 7, 4, 5, 8, 9, 6, 10, 12, 13, 11)}
M(B) = 
[[1, 2, 3, 4, 5, 6, 7, 8, 9, 10, 11, 12, 13], [1, 2, 3, 4, 5, 6, 7, 8, 9, 10, 11, 13, 12], [1, 3, 2, 4, 5, 6, 7, 8, 9, 10, 11, 12, 13], [1, 3, 2, 4, 5, 6, 7, 8, 9, 10, 11, 13, 12]]
Distance: 48
M(A) inter A:
set()
M(B) inter B:
set()

AUB = 
{(1, 2, 3, 5, 7, 4, 6, 8, 9, 10, 11, 13, 12), (3, 6, 1, 2, 4, 10, 5, 8, 11, 7, 12, 9, 13), (1, 2, 6, 7, 4, 5, 3, 9, 8, 11, 12, 10, 13), (1, 4, 2, 5, 6, 3, 10, 9, 7, 13, 8, 11, 12), (1, 2, 4, 3, 5, 6, 7, 9, 10, 8, 11, 12, 13), (1, 4, 8, 3, 5, 7, 6, 11, 2, 13, 9, 10, 12), (3, 2, 1, 4, 6, 7, 5, 8, 11, 9, 13, 10, 12), (3, 2, 1, 5, 4, 6, 7, 9, 11, 8, 12, 10, 13), (1, 3, 2, 7, 4, 5, 8, 9, 6, 10, 12, 13, 11), (1, 2, 3, 4, 6, 5, 10, 13, 7, 8, 11, 12, 9)}
M(AUB) = 
[[1, 2, 3, 4, 5, 6, 7, 8, 9, 10, 11, 12, 13], [1, 2, 3, 4, 5, 6, 7, 8, 9, 10, 11, 13, 12], [1, 3, 2, 4, 5, 6, 7, 8, 9, 10, 11, 12, 13], [1, 3, 2, 4, 5, 6, 7, 8, 9, 10, 11, 13, 12]]
Distance:98

