(0)
A = 
{(3, 1, 4, 5, 2, 12, 8, 7, 6, 13, 9, 10, 14, 11), (1, 4, 2, 5, 3, 7, 6, 8, 11, 14, 9, 12, 13, 10), (2, 1, 7, 3, 9, 4, 5, 8, 11, 6, 10, 12, 14, 13), (2, 5, 3, 1, 8, 7, 11, 10, 6, 4, 9, 13, 14, 12), (1, 2, 6, 7, 3, 5, 4, 9, 8, 11, 12, 14, 10, 13)}
M(A) = 
[[1, 2, 3, 4, 5, 7, 6, 8, 9, 11, 10, 12, 13, 14], [1, 2, 3, 4, 5, 7, 6, 8, 9, 11, 10, 12, 14, 13], [1, 2, 3, 4, 5, 7, 6, 8, 9, 11, 10, 14, 12, 13], [1, 2, 3, 4, 5, 7, 6, 8, 11, 9, 10, 12, 13, 14], [1, 2, 3, 4, 5, 7, 6, 8, 11, 9, 10, 12, 14, 13], [1, 2, 3, 4, 5, 7, 6, 8, 11, 9, 10, 14, 12, 13], [1, 2, 3, 4, 5, 7, 8, 6, 9, 11, 10, 12, 13, 14], [1, 2, 3, 4, 5, 7, 8, 6, 9, 11, 10, 12, 14, 13], [1, 2, 3, 4, 5, 7, 8, 6, 9, 11, 10, 14, 12, 13], [1, 2, 3, 4, 5, 7, 8, 6, 11, 9, 10, 12, 13, 14], [1, 2, 3, 4, 5, 7, 8, 6, 11, 9, 10, 12, 14, 13], [1, 2, 3, 4, 5, 7, 8, 6, 11, 9, 10, 14, 12, 13], [2, 1, 3, 4, 5, 7, 6, 8, 9, 11, 10, 12, 13, 14], [2, 1, 3, 4, 5, 7, 6, 8, 9, 11, 10, 12, 14, 13], [2, 1, 3, 4, 5, 7, 6, 8, 9, 11, 10, 14, 12, 13], [2, 1, 3, 4, 5, 7, 6, 8, 11, 9, 10, 12, 13, 14], [2, 1, 3, 4, 5, 7, 6, 8, 11, 9, 10, 12, 14, 13], [2, 1, 3, 4, 5, 7, 6, 8, 11, 9, 10, 14, 12, 13], [2, 1, 3, 4, 5, 7, 8, 6, 9, 11, 10, 12, 13, 14], [2, 1, 3, 4, 5, 7, 8, 6, 9, 11, 10, 12, 14, 13], [2, 1, 3, 4, 5, 7, 8, 6, 9, 11, 10, 14, 12, 13], [2, 1, 3, 4, 5, 7, 8, 6, 11, 9, 10, 12, 13, 14], [2, 1, 3, 4, 5, 7, 8, 6, 11, 9, 10, 12, 14, 13], [2, 1, 3, 4, 5, 7, 8, 6, 11, 9, 10, 14, 12, 13]]
Distance: 65
B = 
{(3, 2, 1, 5, 6, 7, 8, 4, 9, 10, 11, 14, 12, 13), (2, 1, 3, 4, 7, 5, 8, 6, 14, 13, 11, 10, 9, 12), (2, 1, 3, 4, 8, 5, 6, 7, 10, 11, 9, 12, 13, 14), (5, 1, 2, 3, 4, 9, 7, 6, 10, 11, 8, 13, 14, 12), (1, 2, 4, 5, 7, 3, 11, 6, 9, 10, 12, 13, 14, 8)}
M(B) = 
[[1, 2, 3, 4, 5, 7, 6, 8, 9, 11, 10, 12, 13, 14], [1, 2, 3, 4, 5, 7, 6, 8, 9, 11, 10, 12, 14, 13], [1, 2, 3, 4, 5, 7, 6, 8, 9, 11, 10, 14, 12, 13], [1, 2, 3, 4, 5, 7, 6, 8, 11, 9, 10, 12, 13, 14], [1, 2, 3, 4, 5, 7, 6, 8, 11, 9, 10, 12, 14, 13], [1, 2, 3, 4, 5, 7, 6, 8, 11, 9, 10, 14, 12, 13], [1, 2, 3, 4, 5, 7, 8, 6, 9, 11, 10, 12, 13, 14], [1, 2, 3, 4, 5, 7, 8, 6, 9, 11, 10, 12, 14, 13], [1, 2, 3, 4, 5, 7, 8, 6, 9, 11, 10, 14, 12, 13], [1, 2, 3, 4, 5, 7, 8, 6, 11, 9, 10, 12, 13, 14], [1, 2, 3, 4, 5, 7, 8, 6, 11, 9, 10, 12, 14, 13], [1, 2, 3, 4, 5, 7, 8, 6, 11, 9, 10, 14, 12, 13], [2, 1, 3, 4, 5, 7, 6, 8, 9, 11, 10, 12, 13, 14], [2, 1, 3, 4, 5, 7, 6, 8, 9, 11, 10, 12, 14, 13], [2, 1, 3, 4, 5, 7, 6, 8, 9, 11, 10, 14, 12, 13], [2, 1, 3, 4, 5, 7, 6, 8, 11, 9, 10, 12, 13, 14], [2, 1, 3, 4, 5, 7, 6, 8, 11, 9, 10, 12, 14, 13], [2, 1, 3, 4, 5, 7, 6, 8, 11, 9, 10, 14, 12, 13], [2, 1, 3, 4, 5, 7, 8, 6, 9, 11, 10, 12, 13, 14], [2, 1, 3, 4, 5, 7, 8, 6, 9, 11, 10, 12, 14, 13], [2, 1, 3, 4, 5, 7, 8, 6, 9, 11, 10, 14, 12, 13], [2, 1, 3, 4, 5, 7, 8, 6, 11, 9, 10, 12, 13, 14], [2, 1, 3, 4, 5, 7, 8, 6, 11, 9, 10, 12, 14, 13], [2, 1, 3, 4, 5, 7, 8, 6, 11, 9, 10, 14, 12, 13]]
Distance: 54
M(A) inter A:
set()
M(B) inter B:
set()

AUB = 
{(1, 4, 2, 5, 3, 7, 6, 8, 11, 14, 9, 12, 13, 10), (1, 2, 4, 5, 7, 3, 11, 6, 9, 10, 12, 13, 14, 8), (1, 2, 6, 7, 3, 5, 4, 9, 8, 11, 12, 14, 10, 13), (3, 1, 4, 5, 2, 12, 8, 7, 6, 13, 9, 10, 14, 11), (2, 1, 7, 3, 9, 4, 5, 8, 11, 6, 10, 12, 14, 13), (3, 2, 1, 5, 6, 7, 8, 4, 9, 10, 11, 14, 12, 13), (2, 1, 3, 4, 8, 5, 6, 7, 10, 11, 9, 12, 13, 14), (2, 5, 3, 1, 8, 7, 11, 10, 6, 4, 9, 13, 14, 12), (2, 1, 3, 4, 7, 5, 8, 6, 14, 13, 11, 10, 9, 12), (5, 1, 2, 3, 4, 9, 7, 6, 10, 11, 8, 13, 14, 12)}
M(AUB) = 
[[1, 2, 3, 4, 5, 7, 6, 8, 9, 11, 10, 12, 13, 14], [1, 2, 3, 4, 5, 7, 6, 8, 9, 11, 10, 12, 14, 13], [1, 2, 3, 4, 5, 7, 6, 8, 9, 11, 10, 14, 12, 13], [1, 2, 3, 4, 5, 7, 6, 8, 11, 9, 10, 12, 13, 14], [1, 2, 3, 4, 5, 7, 6, 8, 11, 9, 10, 12, 14, 13], [1, 2, 3, 4, 5, 7, 6, 8, 11, 9, 10, 14, 12, 13], [1, 2, 3, 4, 5, 7, 8, 6, 9, 11, 10, 12, 13, 14], [1, 2, 3, 4, 5, 7, 8, 6, 9, 11, 10, 12, 14, 13], [1, 2, 3, 4, 5, 7, 8, 6, 9, 11, 10, 14, 12, 13], [1, 2, 3, 4, 5, 7, 8, 6, 11, 9, 10, 12, 13, 14], [1, 2, 3, 4, 5, 7, 8, 6, 11, 9, 10, 12, 14, 13], [1, 2, 3, 4, 5, 7, 8, 6, 11, 9, 10, 14, 12, 13], [2, 1, 3, 4, 5, 7, 6, 8, 9, 11, 10, 12, 13, 14], [2, 1, 3, 4, 5, 7, 6, 8, 9, 11, 10, 12, 14, 13], [2, 1, 3, 4, 5, 7, 6, 8, 9, 11, 10, 14, 12, 13], [2, 1, 3, 4, 5, 7, 6, 8, 11, 9, 10, 12, 13, 14], [2, 1, 3, 4, 5, 7, 6, 8, 11, 9, 10, 12, 14, 13], [2, 1, 3, 4, 5, 7, 6, 8, 11, 9, 10, 14, 12, 13], [2, 1, 3, 4, 5, 7, 8, 6, 9, 11, 10, 12, 13, 14], [2, 1, 3, 4, 5, 7, 8, 6, 9, 11, 10, 12, 14, 13], [2, 1, 3, 4, 5, 7, 8, 6, 9, 11, 10, 14, 12, 13], [2, 1, 3, 4, 5, 7, 8, 6, 11, 9, 10, 12, 13, 14], [2, 1, 3, 4, 5, 7, 8, 6, 11, 9, 10, 12, 14, 13], [2, 1, 3, 4, 5, 7, 8, 6, 11, 9, 10, 14, 12, 13]]
Distance:124

(1)
A = 
{(2, 4, 3, 1, 8, 7, 9, 5, 10, 11, 6, 13, 12, 14), (1, 2, 3, 4, 6, 5, 7, 8, 9, 10, 11, 12, 13, 14), (4, 1, 2, 3, 6, 5, 10, 8, 9, 7, 13, 11, 14, 12), (2, 4, 1, 7, 3, 5, 8, 6, 9, 11, 12, 13, 10, 14), (1, 4, 3, 2, 5, 9, 8, 7, 6, 13, 14, 11, 10, 12)}
M(A) = 
[[2, 1, 4, 3, 5, 6, 7, 8, 9, 10, 11, 13, 12, 14], [2, 1, 4, 3, 5, 7, 6, 8, 9, 10, 11, 13, 12, 14], [2, 1, 4, 3, 5, 7, 8, 6, 9, 10, 11, 13, 12, 14], [2, 1, 4, 3, 6, 5, 7, 8, 9, 10, 11, 13, 12, 14]]
Distance: 46
B = 
{(2, 1, 4, 3, 6, 5, 7, 8, 9, 10, 11, 14, 13, 12), (1, 3, 6, 2, 7, 4, 5, 9, 13, 10, 11, 8, 12, 14), (5, 7, 2, 1, 3, 4, 8, 9, 12, 10, 6, 11, 13, 14), (2, 3, 1, 8, 6, 5, 4, 7, 11, 9, 13, 10, 12, 14), (2, 1, 4, 5, 3, 7, 6, 9, 10, 11, 8, 13, 14, 12)}
M(B) = 
[[2, 1, 4, 3, 5, 6, 7, 8, 9, 10, 11, 13, 12, 14], [2, 1, 4, 3, 5, 7, 6, 8, 9, 10, 11, 13, 12, 14], [2, 1, 4, 3, 5, 7, 8, 6, 9, 10, 11, 13, 12, 14], [2, 1, 4, 3, 6, 5, 7, 8, 9, 10, 11, 13, 12, 14]]
Distance: 50
M(A) inter A:
set()
M(B) inter B:
set()

AUB = 
{(2, 4, 3, 1, 8, 7, 9, 5, 10, 11, 6, 13, 12, 14), (5, 7, 2, 1, 3, 4, 8, 9, 12, 10, 6, 11, 13, 14), (2, 3, 1, 8, 6, 5, 4, 7, 11, 9, 13, 10, 12, 14), (1, 2, 3, 4, 6, 5, 7, 8, 9, 10, 11, 12, 13, 14), (2, 1, 4, 5, 3, 7, 6, 9, 10, 11, 8, 13, 14, 12), (2, 4, 1, 7, 3, 5, 8, 6, 9, 11, 12, 13, 10, 14), (4, 1, 2, 3, 6, 5, 10, 8, 9, 7, 13, 11, 14, 12), (1, 3, 6, 2, 7, 4, 5, 9, 13, 10, 11, 8, 12, 14), (1, 4, 3, 2, 5, 9, 8, 7, 6, 13, 14, 11, 10, 12), (2, 1, 4, 3, 6, 5, 7, 8, 9, 10, 11, 14, 13, 12)}
M(AUB) = 
[[2, 1, 4, 3, 5, 6, 7, 8, 9, 10, 11, 13, 12, 14], [2, 1, 4, 3, 5, 7, 6, 8, 9, 10, 11, 13, 12, 14], [2, 1, 4, 3, 5, 7, 8, 6, 9, 10, 11, 13, 12, 14], [2, 1, 4, 3, 6, 5, 7, 8, 9, 10, 11, 13, 12, 14]]
Distance:102

(2)
A = 
{(1, 2, 3, 4, 5, 6, 7, 8, 9, 10, 11, 12, 13, 14), (2, 1, 6, 5, 7, 4, 3, 9, 8, 12, 11, 14, 10, 13), (5, 2, 1, 6, 4, 3, 8, 7, 12, 9, 11, 10, 14, 13), (3, 1, 2, 5, 4, 6, 7, 9, 10, 8, 11, 12, 13, 14), (4, 1, 2, 5, 3, 7, 6, 8, 10, 12, 9, 11, 14, 13)}
M(A) = 
[[1, 2, 3, 5, 6, 4, 7, 8, 9, 10, 12, 11, 13, 14], [1, 2, 3, 5, 6, 4, 7, 9, 8, 10, 12, 11, 13, 14], [1, 2, 3, 6, 4, 5, 7, 8, 9, 10, 12, 11, 13, 14], [1, 2, 3, 6, 4, 5, 7, 9, 8, 10, 12, 11, 13, 14], [1, 2, 3, 6, 5, 4, 7, 8, 9, 10, 12, 11, 13, 14], [1, 2, 3, 6, 5, 4, 7, 9, 8, 10, 12, 11, 13, 14], [1, 2, 5, 3, 6, 4, 7, 8, 9, 10, 12, 11, 13, 14], [1, 2, 5, 3, 6, 4, 7, 9, 8, 10, 12, 11, 13, 14]]
Distance: 38
B = 
{(1, 3, 8, 2, 9, 7, 6, 4, 5, 12, 11, 13, 10, 14), (2, 1, 3, 7, 6, 4, 10, 5, 9, 13, 14, 12, 8, 11), (5, 1, 2, 4, 9, 3, 7, 6, 13, 10, 8, 12, 11, 14), (1, 3, 2, 6, 4, 5, 7, 9, 8, 10, 11, 12, 13, 14), (1, 2, 6, 5, 3, 4, 7, 10, 8, 12, 11, 9, 14, 13)}
M(B) = 
[[1, 2, 3, 5, 6, 4, 7, 8, 9, 10, 12, 11, 13, 14], [1, 2, 3, 5, 6, 4, 7, 9, 8, 10, 12, 11, 13, 14], [1, 2, 3, 6, 4, 5, 7, 8, 9, 10, 12, 11, 13, 14], [1, 2, 3, 6, 4, 5, 7, 9, 8, 10, 12, 11, 13, 14], [1, 2, 3, 6, 5, 4, 7, 8, 9, 10, 12, 11, 13, 14], [1, 2, 3, 6, 5, 4, 7, 9, 8, 10, 12, 11, 13, 14], [1, 2, 5, 3, 6, 4, 7, 8, 9, 10, 12, 11, 13, 14], [1, 2, 5, 3, 6, 4, 7, 9, 8, 10, 12, 11, 13, 14]]
Distance: 57
M(A) inter A:
set()
M(B) inter B:
set()

AUB = 
{(1, 3, 8, 2, 9, 7, 6, 4, 5, 12, 11, 13, 10, 14), (5, 1, 2, 4, 9, 3, 7, 6, 13, 10, 8, 12, 11, 14), (1, 3, 2, 6, 4, 5, 7, 9, 8, 10, 11, 12, 13, 14), (2, 1, 6, 5, 7, 4, 3, 9, 8, 12, 11, 14, 10, 13), (2, 1, 3, 7, 6, 4, 10, 5, 9, 13, 14, 12, 8, 11), (3, 1, 2, 5, 4, 6, 7, 9, 10, 8, 11, 12, 13, 14), (1, 2, 6, 5, 3, 4, 7, 10, 8, 12, 11, 9, 14, 13), (1, 2, 3, 4, 5, 6, 7, 8, 9, 10, 11, 12, 13, 14), (5, 2, 1, 6, 4, 3, 8, 7, 12, 9, 11, 10, 14, 13), (4, 1, 2, 5, 3, 7, 6, 8, 10, 12, 9, 11, 14, 13)}
M(AUB) = 
[[1, 2, 3, 5, 6, 4, 7, 8, 9, 10, 12, 11, 13, 14], [1, 2, 3, 5, 6, 4, 7, 9, 8, 10, 12, 11, 13, 14], [1, 2, 3, 6, 4, 5, 7, 8, 9, 10, 12, 11, 13, 14], [1, 2, 3, 6, 4, 5, 7, 9, 8, 10, 12, 11, 13, 14], [1, 2, 3, 6, 5, 4, 7, 8, 9, 10, 12, 11, 13, 14], [1, 2, 3, 6, 5, 4, 7, 9, 8, 10, 12, 11, 13, 14], [1, 2, 5, 3, 6, 4, 7, 8, 9, 10, 12, 11, 13, 14], [1, 2, 5, 3, 6, 4, 7, 9, 8, 10, 12, 11, 13, 14]]
Distance:105

(3)
A = 
{(1, 2, 4, 3, 6, 5, 7, 8, 9, 10, 11, 12, 13, 14), (1, 5, 3, 7, 6, 2, 4, 8, 9, 10, 12, 11, 14, 13), (1, 2, 3, 4, 5, 6, 7, 8, 9, 10, 11, 12, 13, 14), (1, 2, 3, 5, 4, 7, 6, 11, 8, 12, 9, 10, 13, 14), (2, 1, 3, 4, 6, 5, 12, 8, 9, 7, 10, 13, 11, 14)}
M(A) = 
[[1, 2, 3, 4, 5, 6, 7, 8, 9, 10, 11, 12, 13, 14], [1, 2, 3, 4, 5, 6, 7, 8, 9, 11, 10, 12, 13, 14], [1, 2, 3, 5, 4, 6, 7, 8, 9, 10, 11, 12, 13, 14], [1, 2, 3, 5, 4, 6, 7, 8, 9, 11, 10, 12, 13, 14], [2, 1, 3, 4, 5, 6, 7, 8, 9, 10, 11, 12, 13, 14], [2, 1, 3, 4, 5, 6, 7, 8, 9, 11, 10, 12, 13, 14], [2, 1, 3, 5, 4, 6, 7, 8, 9, 10, 11, 12, 13, 14], [2, 1, 3, 5, 4, 6, 7, 8, 9, 11, 10, 12, 13, 14]]
Distance: 30
B = 
{(1, 2, 5, 3, 4, 6, 7, 8, 9, 11, 10, 12, 13, 14), (2, 3, 1, 4, 5, 6, 11, 8, 7, 9, 10, 14, 12, 13), (6, 2, 3, 5, 1, 10, 4, 13, 7, 9, 12, 8, 14, 11), (2, 1, 3, 4, 5, 6, 7, 9, 8, 11, 10, 12, 13, 14), (5, 3, 6, 2, 4, 1, 7, 9, 11, 8, 14, 12, 13, 10)}
M(B) = 
[[1, 2, 3, 4, 5, 6, 7, 8, 9, 10, 11, 12, 13, 14], [1, 2, 3, 4, 5, 6, 7, 8, 9, 11, 10, 12, 13, 14], [1, 2, 3, 5, 4, 6, 7, 8, 9, 10, 11, 12, 13, 14], [1, 2, 3, 5, 4, 6, 7, 8, 9, 11, 10, 12, 13, 14], [2, 1, 3, 4, 5, 6, 7, 8, 9, 10, 11, 12, 13, 14], [2, 1, 3, 4, 5, 6, 7, 8, 9, 11, 10, 12, 13, 14], [2, 1, 3, 5, 4, 6, 7, 8, 9, 10, 11, 12, 13, 14], [2, 1, 3, 5, 4, 6, 7, 8, 9, 11, 10, 12, 13, 14]]
Distance: 47
M(A) inter A:
set()
M(B) inter B:
set()

AUB = 
{(1, 2, 5, 3, 4, 6, 7, 8, 9, 11, 10, 12, 13, 14), (1, 5, 3, 7, 6, 2, 4, 8, 9, 10, 12, 11, 14, 13), (2, 3, 1, 4, 5, 6, 11, 8, 7, 9, 10, 14, 12, 13), (6, 2, 3, 5, 1, 10, 4, 13, 7, 9, 12, 8, 14, 11), (5, 3, 6, 2, 4, 1, 7, 9, 11, 8, 14, 12, 13, 10), (1, 2, 4, 3, 6, 5, 7, 8, 9, 10, 11, 12, 13, 14), (1, 2, 3, 5, 4, 7, 6, 11, 8, 12, 9, 10, 13, 14), (2, 1, 3, 4, 6, 5, 12, 8, 9, 7, 10, 13, 11, 14), (1, 2, 3, 4, 5, 6, 7, 8, 9, 10, 11, 12, 13, 14), (2, 1, 3, 4, 5, 6, 7, 9, 8, 11, 10, 12, 13, 14)}
M(AUB) = 
[[1, 2, 3, 4, 5, 6, 7, 8, 9, 10, 11, 12, 13, 14], [1, 2, 3, 4, 5, 6, 7, 8, 9, 11, 10, 12, 13, 14], [1, 2, 3, 5, 4, 6, 7, 8, 9, 10, 11, 12, 13, 14], [1, 2, 3, 5, 4, 6, 7, 8, 9, 11, 10, 12, 13, 14], [2, 1, 3, 4, 5, 6, 7, 8, 9, 10, 11, 12, 13, 14], [2, 1, 3, 4, 5, 6, 7, 8, 9, 11, 10, 12, 13, 14], [2, 1, 3, 5, 4, 6, 7, 8, 9, 10, 11, 12, 13, 14], [2, 1, 3, 5, 4, 6, 7, 8, 9, 11, 10, 12, 13, 14]]
Distance:86

(4)
A = 
{(2, 1, 8, 3, 4, 5, 10, 7, 6, 9, 11, 13, 12, 14), (1, 2, 3, 4, 5, 6, 7, 8, 9, 10, 11, 12, 13, 14), (2, 1, 6, 5, 3, 4, 8, 7, 9, 10, 11, 14, 12, 13), (1, 2, 3, 4, 5, 6, 7, 9, 10, 12, 8, 11, 13, 14), (1, 2, 3, 4, 11, 5, 6, 8, 9, 7, 10, 12, 13, 14)}
M(A) = 
[[1, 2, 3, 4, 5, 6, 8, 7, 9, 10, 11, 12, 13, 14], [1, 2, 3, 4, 5, 6, 8, 7, 9, 10, 11, 13, 12, 14], [1, 2, 3, 4, 5, 6, 8, 9, 7, 10, 11, 12, 13, 14], [1, 2, 3, 4, 5, 6, 8, 9, 7, 10, 11, 13, 12, 14]]
Distance: 31
B = 
{(2, 4, 1, 3, 9, 6, 5, 7, 8, 11, 13, 12, 14, 10), (2, 5, 1, 3, 9, 4, 6, 8, 11, 7, 12, 13, 14, 10), (6, 1, 2, 3, 4, 5, 9, 8, 10, 11, 7, 13, 12, 14), (3, 1, 2, 4, 5, 8, 6, 9, 7, 10, 11, 13, 14, 12), (1, 3, 2, 6, 5, 4, 8, 7, 9, 10, 13, 11, 12, 14)}
M(B) = 
[[1, 2, 3, 4, 5, 6, 8, 7, 9, 10, 11, 12, 13, 14], [1, 2, 3, 4, 5, 6, 8, 7, 9, 10, 11, 13, 12, 14], [1, 2, 3, 4, 5, 6, 8, 9, 7, 10, 11, 12, 13, 14], [1, 2, 3, 4, 5, 6, 8, 9, 7, 10, 11, 13, 12, 14]]
Distance: 41
M(A) inter A:
set()
M(B) inter B:
set()

AUB = 
{(2, 4, 1, 3, 9, 6, 5, 7, 8, 11, 13, 12, 14, 10), (2, 1, 6, 5, 3, 4, 8, 7, 9, 10, 11, 14, 12, 13), (6, 1, 2, 3, 4, 5, 9, 8, 10, 11, 7, 13, 12, 14), (3, 1, 2, 4, 5, 8, 6, 9, 7, 10, 11, 13, 14, 12), (1, 2, 3, 4, 5, 6, 7, 9, 10, 12, 8, 11, 13, 14), (1, 3, 2, 6, 5, 4, 8, 7, 9, 10, 13, 11, 12, 14), (1, 2, 3, 4, 11, 5, 6, 8, 9, 7, 10, 12, 13, 14), (2, 1, 8, 3, 4, 5, 10, 7, 6, 9, 11, 13, 12, 14), (1, 2, 3, 4, 5, 6, 7, 8, 9, 10, 11, 12, 13, 14), (2, 5, 1, 3, 9, 4, 6, 8, 11, 7, 12, 13, 14, 10)}
M(AUB) = 
[[1, 2, 3, 4, 5, 6, 8, 7, 9, 10, 11, 12, 13, 14], [1, 2, 3, 4, 5, 6, 8, 7, 9, 10, 11, 13, 12, 14], [1, 2, 3, 4, 5, 6, 8, 9, 7, 10, 11, 12, 13, 14], [1, 2, 3, 4, 5, 6, 8, 9, 7, 10, 11, 13, 12, 14]]
Distance:80

(5)
A = 
{(4, 1, 2, 3, 6, 5, 10, 9, 8, 7, 12, 11, 13, 14), (2, 3, 1, 4, 5, 7, 8, 6, 10, 9, 13, 11, 12, 14), (2, 3, 1, 9, 7, 5, 6, 13, 4, 12, 10, 8, 14, 11), (3, 4, 1, 2, 6, 5, 7, 9, 8, 10, 11, 12, 14, 13), (3, 1, 2, 4, 7, 5, 10, 8, 6, 11, 14, 9, 13, 12)}
M(A) = 
[[1, 2, 3, 4, 6, 5, 7, 9, 8, 10, 11, 12, 14, 13], [1, 2, 3, 4, 6, 5, 9, 7, 8, 10, 11, 12, 14, 13], [2, 1, 3, 4, 6, 5, 7, 9, 8, 10, 11, 12, 14, 13], [2, 1, 3, 4, 6, 5, 9, 7, 8, 10, 11, 12, 14, 13]]
Distance: 53
B = 
{(1, 3, 2, 4, 5, 7, 8, 9, 6, 11, 10, 13, 12, 14), (1, 6, 2, 4, 3, 9, 10, 7, 5, 8, 12, 11, 14, 13), (7, 4, 2, 1, 3, 8, 9, 6, 5, 10, 11, 14, 12, 13), (2, 1, 4, 6, 3, 9, 11, 8, 10, 5, 12, 14, 7, 13), (2, 1, 3, 4, 6, 5, 9, 8, 7, 14, 10, 11, 13, 12)}
M(B) = 
[[1, 2, 3, 4, 6, 5, 7, 9, 8, 10, 11, 12, 14, 13], [1, 2, 3, 4, 6, 5, 9, 7, 8, 10, 11, 12, 14, 13], [2, 1, 3, 4, 6, 5, 7, 9, 8, 10, 11, 12, 14, 13], [2, 1, 3, 4, 6, 5, 9, 7, 8, 10, 11, 12, 14, 13]]
Distance: 54
M(A) inter A:
set()
M(B) inter B:
set()

AUB = 
{(2, 3, 1, 4, 5, 7, 8, 6, 10, 9, 13, 11, 12, 14), (1, 3, 2, 4, 5, 7, 8, 9, 6, 11, 10, 13, 12, 14), (4, 1, 2, 3, 6, 5, 10, 9, 8, 7, 12, 11, 13, 14), (3, 4, 1, 2, 6, 5, 7, 9, 8, 10, 11, 12, 14, 13), (3, 1, 2, 4, 7, 5, 10, 8, 6, 11, 14, 9, 13, 12), (1, 6, 2, 4, 3, 9, 10, 7, 5, 8, 12, 11, 14, 13), (7, 4, 2, 1, 3, 8, 9, 6, 5, 10, 11, 14, 12, 13), (2, 3, 1, 9, 7, 5, 6, 13, 4, 12, 10, 8, 14, 11), (2, 1, 4, 6, 3, 9, 11, 8, 10, 5, 12, 14, 7, 13), (2, 1, 3, 4, 6, 5, 9, 8, 7, 14, 10, 11, 13, 12)}
M(AUB) = 
[[1, 2, 3, 4, 6, 5, 7, 9, 8, 10, 11, 12, 14, 13], [1, 2, 3, 4, 6, 5, 9, 7, 8, 10, 11, 12, 14, 13], [2, 1, 3, 4, 6, 5, 7, 9, 8, 10, 11, 12, 14, 13], [2, 1, 3, 4, 6, 5, 9, 7, 8, 10, 11, 12, 14, 13]]
Distance:119

(6)
A = 
{(1, 7, 2, 5, 3, 9, 6, 10, 8, 4, 13, 11, 14, 12), (1, 3, 2, 5, 7, 4, 6, 9, 11, 8, 12, 10, 13, 14), (2, 4, 1, 3, 8, 6, 5, 9, 7, 10, 11, 13, 12, 14), (1, 4, 6, 3, 2, 7, 5, 8, 9, 10, 11, 12, 14, 13), (3, 1, 2, 5, 6, 9, 4, 7, 10, 11, 8, 14, 13, 12)}
M(A) = 
[[1, 2, 3, 4, 5, 7, 6, 8, 9, 10, 11, 13, 12, 14], [1, 2, 3, 4, 5, 7, 6, 9, 8, 10, 11, 13, 12, 14], [1, 2, 3, 5, 4, 7, 6, 8, 9, 10, 11, 13, 12, 14], [1, 2, 3, 5, 4, 7, 6, 9, 8, 10, 11, 13, 12, 14], [1, 2, 4, 3, 5, 7, 6, 8, 9, 10, 11, 13, 12, 14], [1, 2, 4, 3, 5, 7, 6, 9, 8, 10, 11, 13, 12, 14]]
Distance: 50
B = 
{(1, 2, 4, 7, 3, 6, 5, 10, 9, 8, 11, 12, 13, 14), (2, 3, 1, 4, 6, 5, 7, 8, 10, 9, 11, 13, 12, 14), (1, 2, 4, 3, 7, 5, 10, 6, 9, 8, 11, 13, 12, 14), (1, 5, 4, 2, 3, 7, 8, 6, 9, 12, 11, 14, 10, 13), (2, 1, 5, 3, 4, 8, 11, 7, 6, 9, 10, 13, 12, 14)}
M(B) = 
[[1, 2, 3, 4, 5, 7, 6, 8, 9, 10, 11, 13, 12, 14], [1, 2, 3, 4, 5, 7, 6, 9, 8, 10, 11, 13, 12, 14], [1, 2, 3, 5, 4, 7, 6, 8, 9, 10, 11, 13, 12, 14], [1, 2, 3, 5, 4, 7, 6, 9, 8, 10, 11, 13, 12, 14], [1, 2, 4, 3, 5, 7, 6, 8, 9, 10, 11, 13, 12, 14], [1, 2, 4, 3, 5, 7, 6, 9, 8, 10, 11, 13, 12, 14]]
Distance: 38
M(A) inter A:
set()
M(B) inter B:
set()

AUB = 
{(1, 7, 2, 5, 3, 9, 6, 10, 8, 4, 13, 11, 14, 12), (1, 3, 2, 5, 7, 4, 6, 9, 11, 8, 12, 10, 13, 14), (1, 5, 4, 2, 3, 7, 8, 6, 9, 12, 11, 14, 10, 13), (2, 1, 5, 3, 4, 8, 11, 7, 6, 9, 10, 13, 12, 14), (2, 3, 1, 4, 6, 5, 7, 8, 10, 9, 11, 13, 12, 14), (2, 4, 1, 3, 8, 6, 5, 9, 7, 10, 11, 13, 12, 14), (1, 2, 4, 3, 7, 5, 10, 6, 9, 8, 11, 13, 12, 14), (1, 4, 6, 3, 2, 7, 5, 8, 9, 10, 11, 12, 14, 13), (1, 2, 4, 7, 3, 6, 5, 10, 9, 8, 11, 12, 13, 14), (3, 1, 2, 5, 6, 9, 4, 7, 10, 11, 8, 14, 13, 12)}
M(AUB) = 
[[1, 2, 3, 4, 5, 7, 6, 8, 9, 10, 11, 13, 12, 14], [1, 2, 3, 4, 5, 7, 6, 9, 8, 10, 11, 13, 12, 14], [1, 2, 3, 5, 4, 7, 6, 8, 9, 10, 11, 13, 12, 14], [1, 2, 3, 5, 4, 7, 6, 9, 8, 10, 11, 13, 12, 14], [1, 2, 4, 3, 5, 7, 6, 8, 9, 10, 11, 13, 12, 14], [1, 2, 4, 3, 5, 7, 6, 9, 8, 10, 11, 13, 12, 14]]
Distance:94

(7)
A = 
{(4, 3, 6, 1, 5, 7, 2, 8, 9, 12, 10, 14, 11, 13), (4, 1, 2, 3, 7, 6, 5, 10, 9, 12, 8, 11, 13, 14), (2, 1, 10, 4, 8, 3, 5, 7, 6, 11, 9, 14, 12, 13), (1, 5, 3, 4, 2, 6, 7, 8, 9, 12, 11, 10, 14, 13), (1, 4, 3, 8, 6, 2, 5, 10, 11, 7, 9, 14, 12, 13)}
M(A) = 
[[1, 3, 2, 4, 5, 6, 8, 7, 9, 10, 11, 12, 14, 13]]
Distance: 53
B = 
{(3, 2, 1, 5, 6, 4, 8, 9, 7, 14, 13, 10, 11, 12), (1, 2, 3, 4, 6, 8, 7, 10, 9, 11, 5, 12, 13, 14), (5, 1, 3, 2, 4, 6, 8, 7, 9, 11, 12, 13, 10, 14), (1, 2, 4, 7, 3, 5, 9, 8, 6, 12, 11, 10, 14, 13), (3, 1, 5, 2, 4, 6, 8, 7, 11, 12, 9, 13, 10, 14)}
M(B) = 
[[1, 3, 2, 4, 5, 6, 8, 7, 9, 10, 11, 12, 14, 13]]
Distance: 44
M(A) inter A:
set()
M(B) inter B:
set()

AUB = 
{(1, 4, 3, 8, 6, 2, 5, 10, 11, 7, 9, 14, 12, 13), (3, 1, 5, 2, 4, 6, 8, 7, 11, 12, 9, 13, 10, 14), (1, 2, 3, 4, 6, 8, 7, 10, 9, 11, 5, 12, 13, 14), (2, 1, 10, 4, 8, 3, 5, 7, 6, 11, 9, 14, 12, 13), (4, 1, 2, 3, 7, 6, 5, 10, 9, 12, 8, 11, 13, 14), (3, 2, 1, 5, 6, 4, 8, 9, 7, 14, 13, 10, 11, 12), (1, 5, 3, 4, 2, 6, 7, 8, 9, 12, 11, 10, 14, 13), (4, 3, 6, 1, 5, 7, 2, 8, 9, 12, 10, 14, 11, 13), (5, 1, 3, 2, 4, 6, 8, 7, 9, 11, 12, 13, 10, 14), (1, 2, 4, 7, 3, 5, 9, 8, 6, 12, 11, 10, 14, 13)}
M(AUB) = 
[[1, 3, 2, 4, 5, 6, 8, 7, 9, 10, 11, 12, 14, 13]]
Distance:112

(8)
A = 
{(4, 3, 2, 5, 1, 7, 6, 9, 11, 10, 8, 12, 14, 13), (1, 4, 2, 3, 5, 6, 8, 7, 9, 11, 10, 13, 12, 14), (2, 3, 1, 4, 5, 6, 8, 7, 9, 10, 11, 14, 13, 12), (1, 2, 4, 5, 6, 3, 7, 8, 10, 11, 12, 14, 9, 13), (1, 2, 3, 6, 4, 11, 5, 8, 12, 9, 10, 7, 13, 14)}
M(A) = 
[[1, 2, 3, 4, 5, 6, 7, 8, 9, 11, 10, 12, 13, 14], [1, 2, 3, 4, 5, 6, 8, 7, 9, 11, 10, 12, 13, 14]]
Distance: 41
B = 
{(1, 2, 3, 4, 5, 6, 7, 9, 8, 10, 11, 12, 13, 14), (3, 1, 5, 4, 2, 6, 8, 7, 9, 11, 10, 12, 13, 14), (1, 3, 2, 4, 5, 6, 7, 8, 9, 11, 12, 10, 13, 14), (1, 3, 4, 10, 2, 8, 6, 5, 7, 9, 13, 14, 11, 12), (1, 2, 3, 4, 5, 6, 7, 8, 9, 11, 10, 12, 13, 14)}
M(B) = 
[[1, 2, 3, 4, 5, 6, 7, 8, 9, 11, 10, 12, 13, 14], [1, 2, 3, 4, 5, 6, 8, 7, 9, 11, 10, 12, 13, 14]]
Distance: 26
M(A) inter A:
set()
M(B) inter B:
set()

AUB = 
{(3, 1, 5, 4, 2, 6, 8, 7, 9, 11, 10, 12, 13, 14), (1, 3, 2, 4, 5, 6, 7, 8, 9, 11, 12, 10, 13, 14), (1, 2, 3, 4, 5, 6, 7, 9, 8, 10, 11, 12, 13, 14), (4, 3, 2, 5, 1, 7, 6, 9, 11, 10, 8, 12, 14, 13), (1, 3, 4, 10, 2, 8, 6, 5, 7, 9, 13, 14, 11, 12), (1, 4, 2, 3, 5, 6, 8, 7, 9, 11, 10, 13, 12, 14), (2, 3, 1, 4, 5, 6, 8, 7, 9, 10, 11, 14, 13, 12), (1, 2, 4, 5, 6, 3, 7, 8, 10, 11, 12, 14, 9, 13), (1, 2, 3, 4, 5, 6, 7, 8, 9, 11, 10, 12, 13, 14), (1, 2, 3, 6, 4, 11, 5, 8, 12, 9, 10, 7, 13, 14)}
M(AUB) = 
[[1, 2, 3, 4, 5, 6, 7, 8, 9, 11, 10, 12, 13, 14], [1, 2, 3, 4, 5, 6, 8, 7, 9, 11, 10, 12, 13, 14]]
Distance:71

(9)
A = 
{(3, 2, 5, 4, 1, 6, 7, 8, 10, 11, 9, 12, 13, 14), (1, 4, 2, 3, 6, 5, 7, 12, 8, 9, 10, 13, 14, 11), (3, 4, 1, 2, 6, 5, 8, 10, 7, 9, 11, 12, 14, 13), (1, 4, 3, 2, 5, 8, 6, 9, 7, 13, 10, 11, 14, 12), (3, 2, 1, 5, 4, 6, 7, 8, 11, 9, 13, 14, 12, 10)}
M(A) = 
[[1, 3, 2, 4, 5, 6, 7, 8, 9, 10, 11, 12, 13, 14], [1, 3, 2, 4, 5, 6, 7, 8, 9, 10, 11, 13, 12, 14], [1, 3, 2, 5, 4, 6, 7, 8, 9, 10, 11, 12, 13, 14], [1, 3, 2, 5, 4, 6, 7, 8, 9, 10, 11, 13, 12, 14]]
Distance: 42
B = 
{(2, 1, 4, 3, 5, 6, 7, 8, 11, 9, 10, 13, 12, 14), (1, 3, 5, 2, 8, 4, 6, 7, 9, 11, 12, 13, 10, 14), (3, 2, 5, 1, 4, 7, 13, 8, 6, 9, 11, 14, 10, 12), (2, 1, 3, 5, 8, 4, 7, 6, 9, 10, 14, 11, 13, 12), (1, 2, 3, 4, 6, 5, 7, 8, 10, 9, 12, 11, 13, 14)}
M(B) = 
[[1, 3, 2, 4, 5, 6, 7, 8, 9, 10, 11, 12, 13, 14], [1, 3, 2, 4, 5, 6, 7, 8, 9, 10, 11, 13, 12, 14], [1, 3, 2, 5, 4, 6, 7, 8, 9, 10, 11, 12, 13, 14], [1, 3, 2, 5, 4, 6, 7, 8, 9, 10, 11, 13, 12, 14]]
Distance: 39
M(A) inter A:
set()
M(B) inter B:
set()

AUB = 
{(3, 2, 1, 5, 4, 6, 7, 8, 11, 9, 13, 14, 12, 10), (3, 2, 5, 4, 1, 6, 7, 8, 10, 11, 9, 12, 13, 14), (2, 1, 3, 5, 8, 4, 7, 6, 9, 10, 14, 11, 13, 12), (3, 2, 5, 1, 4, 7, 13, 8, 6, 9, 11, 14, 10, 12), (3, 4, 1, 2, 6, 5, 8, 10, 7, 9, 11, 12, 14, 13), (1, 4, 2, 3, 6, 5, 7, 12, 8, 9, 10, 13, 14, 11), (2, 1, 4, 3, 5, 6, 7, 8, 11, 9, 10, 13, 12, 14), (1, 3, 5, 2, 8, 4, 6, 7, 9, 11, 12, 13, 10, 14), (1, 4, 3, 2, 5, 8, 6, 9, 7, 13, 10, 11, 14, 12), (1, 2, 3, 4, 6, 5, 7, 8, 10, 9, 12, 11, 13, 14)}
M(AUB) = 
[[1, 3, 2, 4, 5, 6, 7, 8, 9, 10, 11, 12, 13, 14], [1, 3, 2, 4, 5, 6, 7, 8, 9, 10, 11, 13, 12, 14], [1, 3, 2, 5, 4, 6, 7, 8, 9, 10, 11, 12, 13, 14], [1, 3, 2, 5, 4, 6, 7, 8, 9, 10, 11, 13, 12, 14]]
Distance:88

(10)
A = 
{(1, 2, 3, 4, 5, 6, 7, 8, 9, 11, 10, 12, 14, 13), (1, 2, 3, 5, 4, 6, 11, 9, 7, 8, 10, 14, 13, 12), (2, 1, 4, 3, 5, 7, 6, 8, 11, 10, 9, 12, 13, 14), (1, 2, 4, 3, 5, 6, 7, 8, 10, 9, 11, 12, 13, 14), (1, 3, 5, 8, 9, 7, 2, 6, 12, 4, 11, 10, 13, 14)}
M(A) = 
[[1, 2, 3, 4, 5, 6, 7, 8, 9, 11, 10, 12, 13, 14]]
Distance: 36
B = 
{(1, 7, 2, 4, 3, 5, 6, 8, 9, 13, 11, 10, 12, 14), (2, 1, 3, 5, 4, 6, 8, 7, 9, 10, 11, 12, 13, 14), (2, 3, 5, 1, 7, 4, 8, 6, 11, 9, 12, 10, 14, 13), (2, 1, 3, 4, 5, 6, 8, 7, 11, 9, 10, 12, 13, 14), (3, 1, 4, 6, 2, 7, 5, 8, 10, 12, 9, 11, 13, 14)}
M(B) = 
[[1, 2, 3, 4, 5, 6, 7, 8, 9, 11, 10, 12, 13, 14]]
Distance: 35
M(A) inter A:
set()
M(B) inter B:
set()

AUB = 
{(1, 7, 2, 4, 3, 5, 6, 8, 9, 13, 11, 10, 12, 14), (1, 3, 5, 8, 9, 7, 2, 6, 12, 4, 11, 10, 13, 14), (1, 2, 3, 5, 4, 6, 11, 9, 7, 8, 10, 14, 13, 12), (3, 1, 4, 6, 2, 7, 5, 8, 10, 12, 9, 11, 13, 14), (2, 3, 5, 1, 7, 4, 8, 6, 11, 9, 12, 10, 14, 13), (2, 1, 4, 3, 5, 7, 6, 8, 11, 10, 9, 12, 13, 14), (2, 1, 3, 4, 5, 6, 8, 7, 11, 9, 10, 12, 13, 14), (1, 2, 3, 4, 5, 6, 7, 8, 9, 11, 10, 12, 14, 13), (2, 1, 3, 5, 4, 6, 8, 7, 9, 10, 11, 12, 13, 14), (1, 2, 4, 3, 5, 6, 7, 8, 10, 9, 11, 12, 13, 14)}
M(AUB) = 
[[1, 2, 3, 4, 5, 6, 7, 8, 9, 11, 10, 12, 13, 14]]
Distance:72

(11)
A = 
{(2, 1, 7, 3, 4, 6, 5, 10, 11, 9, 13, 8, 12, 14), (2, 4, 1, 3, 5, 7, 6, 8, 9, 10, 14, 11, 12, 13), (6, 1, 3, 8, 2, 4, 5, 9, 11, 7, 12, 10, 14, 13), (2, 1, 3, 5, 4, 6, 8, 9, 7, 11, 10, 13, 12, 14), (1, 2, 3, 6, 4, 5, 7, 8, 10, 9, 12, 13, 11, 14)}
M(A) = 
[[2, 1, 3, 4, 6, 5, 7, 8, 9, 11, 10, 12, 13, 14], [2, 1, 3, 4, 6, 5, 7, 8, 9, 11, 10, 13, 12, 14], [2, 1, 3, 4, 6, 5, 7, 8, 9, 11, 10, 13, 14, 12]]
Distance: 44
B = 
{(1, 2, 4, 3, 6, 7, 9, 8, 5, 11, 10, 13, 14, 12), (1, 2, 5, 7, 3, 4, 6, 8, 14, 11, 12, 9, 10, 13), (2, 1, 3, 4, 6, 8, 5, 7, 11, 9, 10, 14, 12, 13), (5, 2, 4, 1, 7, 3, 10, 6, 8, 9, 11, 13, 14, 12), (2, 1, 4, 3, 7, 6, 5, 8, 13, 9, 11, 12, 10, 14)}
M(B) = 
[[2, 1, 3, 4, 6, 5, 7, 8, 9, 11, 10, 12, 13, 14], [2, 1, 3, 4, 6, 5, 7, 8, 9, 11, 10, 13, 12, 14], [2, 1, 3, 4, 6, 5, 7, 8, 9, 11, 10, 13, 14, 12]]
Distance: 46
M(A) inter A:
set()
M(B) inter B:
set()

AUB = 
{(2, 1, 7, 3, 4, 6, 5, 10, 11, 9, 13, 8, 12, 14), (6, 1, 3, 8, 2, 4, 5, 9, 11, 7, 12, 10, 14, 13), (2, 4, 1, 3, 5, 7, 6, 8, 9, 10, 14, 11, 12, 13), (1, 2, 5, 7, 3, 4, 6, 8, 14, 11, 12, 9, 10, 13), (2, 1, 3, 4, 6, 8, 5, 7, 11, 9, 10, 14, 12, 13), (1, 2, 4, 3, 6, 7, 9, 8, 5, 11, 10, 13, 14, 12), (2, 1, 3, 5, 4, 6, 8, 9, 7, 11, 10, 13, 12, 14), (2, 1, 4, 3, 7, 6, 5, 8, 13, 9, 11, 12, 10, 14), (1, 2, 3, 6, 4, 5, 7, 8, 10, 9, 12, 13, 11, 14), (5, 2, 4, 1, 7, 3, 10, 6, 8, 9, 11, 13, 14, 12)}
M(AUB) = 
[[2, 1, 3, 4, 6, 5, 7, 8, 9, 11, 10, 12, 13, 14], [2, 1, 3, 4, 6, 5, 7, 8, 9, 11, 10, 13, 12, 14], [2, 1, 3, 4, 6, 5, 7, 8, 9, 11, 10, 13, 14, 12]]
Distance:96

(12)
A = 
{(2, 1, 3, 4, 7, 10, 5, 6, 8, 9, 12, 13, 14, 11), (1, 2, 3, 5, 4, 6, 7, 8, 10, 9, 11, 14, 12, 13), (1, 2, 4, 3, 6, 8, 7, 9, 5, 10, 11, 14, 13, 12), (1, 3, 2, 4, 6, 5, 9, 8, 10, 7, 11, 12, 13, 14), (1, 7, 2, 5, 11, 3, 6, 9, 10, 4, 8, 12, 14, 13)}
M(A) = 
[[1, 2, 3, 4, 5, 6, 7, 8, 9, 10, 11, 12, 13, 14]]
Distance: 47
B = 
{(1, 5, 3, 4, 7, 2, 6, 8, 13, 9, 10, 11, 12, 14), (2, 1, 4, 3, 5, 7, 6, 8, 9, 10, 12, 13, 14, 11), (2, 1, 3, 4, 5, 6, 7, 8, 9, 10, 11, 13, 12, 14), (2, 1, 3, 4, 6, 5, 9, 7, 10, 8, 13, 12, 14, 11), (1, 2, 3, 6, 4, 8, 5, 7, 10, 9, 11, 12, 13, 14)}
M(B) = 
[[1, 2, 3, 4, 5, 6, 7, 8, 9, 10, 11, 12, 13, 14]]
Distance: 30
M(A) inter A:
set()
M(B) inter B:
set()

AUB = 
{(1, 2, 3, 5, 4, 6, 7, 8, 10, 9, 11, 14, 12, 13), (1, 3, 2, 4, 6, 5, 9, 8, 10, 7, 11, 12, 13, 14), (1, 5, 3, 4, 7, 2, 6, 8, 13, 9, 10, 11, 12, 14), (2, 1, 4, 3, 5, 7, 6, 8, 9, 10, 12, 13, 14, 11), (2, 1, 3, 4, 6, 5, 9, 7, 10, 8, 13, 12, 14, 11), (1, 2, 3, 6, 4, 8, 5, 7, 10, 9, 11, 12, 13, 14), (2, 1, 3, 4, 7, 10, 5, 6, 8, 9, 12, 13, 14, 11), (2, 1, 3, 4, 5, 6, 7, 8, 9, 10, 11, 13, 12, 14), (1, 2, 4, 3, 6, 8, 7, 9, 5, 10, 11, 14, 13, 12), (1, 7, 2, 5, 11, 3, 6, 9, 10, 4, 8, 12, 14, 13)}
M(AUB) = 
[[1, 2, 3, 4, 5, 6, 7, 8, 9, 10, 11, 12, 13, 14]]
Distance:81

(13)
A = 
{(2, 1, 5, 3, 6, 12, 7, 8, 10, 4, 9, 14, 13, 11), (1, 2, 5, 4, 3, 7, 6, 9, 11, 8, 10, 12, 14, 13), (3, 2, 1, 4, 5, 6, 9, 8, 10, 7, 14, 11, 12, 13), (1, 5, 2, 4, 7, 3, 10, 12, 6, 8, 13, 9, 11, 14), (1, 3, 2, 5, 4, 9, 6, 7, 10, 8, 12, 13, 11, 14)}
M(A) = 
[[1, 2, 3, 5, 4, 6, 7, 8, 9, 10, 11, 12, 13, 14]]
Distance: 51
B = 
{(2, 4, 1, 3, 7, 5, 6, 8, 9, 11, 10, 12, 13, 14), (1, 2, 3, 4, 5, 6, 7, 8, 9, 10, 11, 13, 12, 14), (1, 3, 6, 2, 5, 11, 4, 8, 10, 14, 7, 12, 9, 13), (1, 2, 3, 5, 4, 6, 8, 9, 7, 11, 10, 12, 13, 14), (1, 2, 4, 3, 5, 6, 7, 8, 9, 10, 11, 12, 13, 14)}
M(B) = 
[[1, 2, 3, 5, 4, 6, 7, 8, 9, 10, 11, 12, 13, 14]]
Distance: 29
M(A) inter A:
set()
M(B) inter B:
set()

AUB = 
{(1, 2, 5, 4, 3, 7, 6, 9, 11, 8, 10, 12, 14, 13), (1, 2, 3, 5, 4, 6, 8, 9, 7, 11, 10, 12, 13, 14), (1, 2, 4, 3, 5, 6, 7, 8, 9, 10, 11, 12, 13, 14), (3, 2, 1, 4, 5, 6, 9, 8, 10, 7, 14, 11, 12, 13), (1, 2, 3, 4, 5, 6, 7, 8, 9, 10, 11, 13, 12, 14), (1, 3, 2, 5, 4, 9, 6, 7, 10, 8, 12, 13, 11, 14), (2, 1, 5, 3, 6, 12, 7, 8, 10, 4, 9, 14, 13, 11), (2, 4, 1, 3, 7, 5, 6, 8, 9, 11, 10, 12, 13, 14), (1, 5, 2, 4, 7, 3, 10, 12, 6, 8, 13, 9, 11, 14), (1, 3, 6, 2, 5, 11, 4, 8, 10, 14, 7, 12, 9, 13)}
M(AUB) = 
[[1, 2, 3, 5, 4, 6, 7, 8, 9, 10, 11, 12, 13, 14]]
Distance:86

(14)
A = 
{(1, 2, 3, 4, 5, 6, 7, 9, 8, 10, 11, 12, 13, 14), (4, 2, 3, 1, 8, 6, 5, 9, 13, 7, 11, 12, 10, 14), (3, 1, 2, 6, 4, 8, 7, 11, 10, 5, 14, 9, 12, 13), (2, 1, 3, 5, 4, 7, 8, 6, 9, 10, 11, 13, 12, 14), (4, 1, 5, 2, 3, 7, 8, 6, 9, 11, 10, 12, 14, 13)}
M(A) = 
[[1, 2, 3, 4, 5, 6, 7, 8, 9, 10, 11, 12, 14, 13], [1, 2, 3, 4, 5, 6, 7, 8, 9, 11, 10, 12, 14, 13], [1, 2, 3, 4, 6, 5, 7, 8, 9, 10, 11, 12, 14, 13], [1, 2, 3, 4, 6, 5, 7, 8, 9, 11, 10, 12, 14, 13]]
Distance: 45
B = 
{(3, 2, 8, 4, 9, 7, 1, 5, 6, 10, 14, 13, 11, 12), (1, 4, 6, 2, 5, 3, 7, 12, 10, 8, 9, 13, 11, 14), (4, 3, 8, 1, 6, 2, 10, 9, 5, 7, 12, 14, 11, 13), (1, 7, 2, 3, 5, 9, 14, 6, 12, 4, 13, 11, 10, 8), (2, 3, 6, 1, 4, 7, 9, 5, 8, 12, 14, 11, 13, 10)}
M(B) = 
[[1, 2, 3, 4, 5, 6, 7, 8, 9, 10, 11, 12, 14, 13], [1, 2, 3, 4, 5, 6, 7, 8, 9, 11, 10, 12, 14, 13], [1, 2, 3, 4, 6, 5, 7, 8, 9, 10, 11, 12, 14, 13], [1, 2, 3, 4, 6, 5, 7, 8, 9, 11, 10, 12, 14, 13]]
Distance: 83
M(A) inter A:
set()
M(B) inter B:
set()

AUB = 
{(1, 4, 6, 2, 5, 3, 7, 12, 10, 8, 9, 13, 11, 14), (1, 7, 2, 3, 5, 9, 14, 6, 12, 4, 13, 11, 10, 8), (2, 1, 3, 5, 4, 7, 8, 6, 9, 10, 11, 13, 12, 14), (1, 2, 3, 4, 5, 6, 7, 9, 8, 10, 11, 12, 13, 14), (4, 2, 3, 1, 8, 6, 5, 9, 13, 7, 11, 12, 10, 14), (3, 1, 2, 6, 4, 8, 7, 11, 10, 5, 14, 9, 12, 13), (4, 1, 5, 2, 3, 7, 8, 6, 9, 11, 10, 12, 14, 13), (3, 2, 8, 4, 9, 7, 1, 5, 6, 10, 14, 13, 11, 12), (4, 3, 8, 1, 6, 2, 10, 9, 5, 7, 12, 14, 11, 13), (2, 3, 6, 1, 4, 7, 9, 5, 8, 12, 14, 11, 13, 10)}
M(AUB) = 
[[1, 2, 3, 4, 5, 6, 7, 8, 9, 10, 11, 12, 14, 13], [1, 2, 3, 4, 5, 6, 7, 8, 9, 11, 10, 12, 14, 13], [1, 2, 3, 4, 6, 5, 7, 8, 9, 10, 11, 12, 14, 13], [1, 2, 3, 4, 6, 5, 7, 8, 9, 11, 10, 12, 14, 13]]
Distance:140

(15)
A = 
{(3, 2, 1, 6, 4, 5, 8, 7, 11, 9, 14, 10, 13, 12), (2, 1, 3, 4, 5, 8, 7, 6, 9, 10, 11, 12, 13, 14), (1, 2, 3, 4, 6, 7, 11, 8, 5, 10, 14, 9, 13, 12), (1, 3, 4, 2, 6, 5, 9, 8, 10, 7, 11, 14, 12, 13), (3, 5, 2, 1, 4, 7, 9, 6, 11, 10, 8, 14, 12, 13)}
M(A) = 
[[1, 2, 3, 4, 5, 6, 7, 8, 9, 10, 11, 12, 14, 13], [1, 2, 3, 4, 5, 6, 7, 8, 9, 10, 11, 14, 12, 13], [1, 2, 3, 4, 5, 6, 8, 7, 9, 10, 11, 12, 14, 13], [1, 2, 3, 4, 5, 6, 8, 7, 9, 10, 11, 14, 12, 13], [1, 2, 3, 5, 4, 6, 7, 8, 9, 10, 11, 12, 14, 13], [1, 2, 3, 5, 4, 6, 7, 8, 9, 10, 11, 14, 12, 13], [1, 2, 3, 5, 4, 6, 8, 7, 9, 10, 11, 12, 14, 13], [1, 2, 3, 5, 4, 6, 8, 7, 9, 10, 11, 14, 12, 13], [1, 3, 2, 4, 5, 6, 7, 8, 9, 10, 11, 12, 14, 13], [1, 3, 2, 4, 5, 6, 7, 8, 9, 10, 11, 14, 12, 13], [1, 3, 2, 4, 5, 6, 8, 7, 9, 10, 11, 12, 14, 13], [1, 3, 2, 4, 5, 6, 8, 7, 9, 10, 11, 14, 12, 13], [1, 3, 2, 5, 4, 6, 7, 8, 9, 10, 11, 12, 14, 13], [1, 3, 2, 5, 4, 6, 7, 8, 9, 10, 11, 14, 12, 13], [1, 3, 2, 5, 4, 6, 8, 7, 9, 10, 11, 12, 14, 13], [1, 3, 2, 5, 4, 6, 8, 7, 9, 10, 11, 14, 12, 13], [2, 1, 3, 4, 5, 6, 7, 8, 9, 10, 11, 12, 14, 13], [2, 1, 3, 4, 5, 6, 7, 8, 9, 10, 11, 14, 12, 13], [2, 1, 3, 4, 5, 6, 8, 7, 9, 10, 11, 12, 14, 13], [2, 1, 3, 4, 5, 6, 8, 7, 9, 10, 11, 14, 12, 13], [2, 1, 3, 5, 4, 6, 7, 8, 9, 10, 11, 12, 14, 13], [2, 1, 3, 5, 4, 6, 7, 8, 9, 10, 11, 14, 12, 13], [2, 1, 3, 5, 4, 6, 8, 7, 9, 10, 11, 12, 14, 13], [2, 1, 3, 5, 4, 6, 8, 7, 9, 10, 11, 14, 12, 13]]
Distance: 41
B = 
{(3, 2, 5, 1, 4, 9, 6, 8, 7, 10, 11, 12, 13, 14), (1, 2, 3, 4, 5, 6, 7, 8, 9, 10, 12, 11, 13, 14), (2, 1, 3, 5, 4, 6, 8, 7, 10, 11, 9, 12, 14, 13), (3, 1, 2, 5, 4, 7, 10, 6, 8, 12, 9, 13, 11, 14), (1, 2, 3, 5, 6, 9, 4, 7, 8, 10, 11, 14, 13, 12)}
M(B) = 
[[1, 2, 3, 4, 5, 6, 7, 8, 9, 10, 11, 12, 14, 13], [1, 2, 3, 4, 5, 6, 7, 8, 9, 10, 11, 14, 12, 13], [1, 2, 3, 4, 5, 6, 8, 7, 9, 10, 11, 12, 14, 13], [1, 2, 3, 4, 5, 6, 8, 7, 9, 10, 11, 14, 12, 13], [1, 2, 3, 5, 4, 6, 7, 8, 9, 10, 11, 12, 14, 13], [1, 2, 3, 5, 4, 6, 7, 8, 9, 10, 11, 14, 12, 13], [1, 2, 3, 5, 4, 6, 8, 7, 9, 10, 11, 12, 14, 13], [1, 2, 3, 5, 4, 6, 8, 7, 9, 10, 11, 14, 12, 13], [1, 3, 2, 4, 5, 6, 7, 8, 9, 10, 11, 12, 14, 13], [1, 3, 2, 4, 5, 6, 7, 8, 9, 10, 11, 14, 12, 13], [1, 3, 2, 4, 5, 6, 8, 7, 9, 10, 11, 12, 14, 13], [1, 3, 2, 4, 5, 6, 8, 7, 9, 10, 11, 14, 12, 13], [1, 3, 2, 5, 4, 6, 7, 8, 9, 10, 11, 12, 14, 13], [1, 3, 2, 5, 4, 6, 7, 8, 9, 10, 11, 14, 12, 13], [1, 3, 2, 5, 4, 6, 8, 7, 9, 10, 11, 12, 14, 13], [1, 3, 2, 5, 4, 6, 8, 7, 9, 10, 11, 14, 12, 13], [2, 1, 3, 4, 5, 6, 7, 8, 9, 10, 11, 12, 14, 13], [2, 1, 3, 4, 5, 6, 7, 8, 9, 10, 11, 14, 12, 13], [2, 1, 3, 4, 5, 6, 8, 7, 9, 10, 11, 12, 14, 13], [2, 1, 3, 4, 5, 6, 8, 7, 9, 10, 11, 14, 12, 13], [2, 1, 3, 5, 4, 6, 7, 8, 9, 10, 11, 12, 14, 13], [2, 1, 3, 5, 4, 6, 7, 8, 9, 10, 11, 14, 12, 13], [2, 1, 3, 5, 4, 6, 8, 7, 9, 10, 11, 12, 14, 13], [2, 1, 3, 5, 4, 6, 8, 7, 9, 10, 11, 14, 12, 13]]
Distance: 31
M(A) inter A:
set()
M(B) inter B:
set()

AUB = 
{(2, 1, 3, 4, 5, 8, 7, 6, 9, 10, 11, 12, 13, 14), (3, 2, 5, 1, 4, 9, 6, 8, 7, 10, 11, 12, 13, 14), (2, 1, 3, 5, 4, 6, 8, 7, 10, 11, 9, 12, 14, 13), (1, 2, 3, 5, 6, 9, 4, 7, 8, 10, 11, 14, 13, 12), (1, 2, 3, 4, 6, 7, 11, 8, 5, 10, 14, 9, 13, 12), (3, 5, 2, 1, 4, 7, 9, 6, 11, 10, 8, 14, 12, 13), (1, 2, 3, 4, 5, 6, 7, 8, 9, 10, 12, 11, 13, 14), (3, 2, 1, 6, 4, 5, 8, 7, 11, 9, 14, 10, 13, 12), (3, 1, 2, 5, 4, 7, 10, 6, 8, 12, 9, 13, 11, 14), (1, 3, 4, 2, 6, 5, 9, 8, 10, 7, 11, 14, 12, 13)}
M(AUB) = 
[[1, 2, 3, 4, 5, 6, 7, 8, 9, 10, 11, 12, 14, 13], [1, 2, 3, 4, 5, 6, 7, 8, 9, 10, 11, 14, 12, 13], [1, 2, 3, 4, 5, 6, 8, 7, 9, 10, 11, 12, 14, 13], [1, 2, 3, 4, 5, 6, 8, 7, 9, 10, 11, 14, 12, 13], [1, 2, 3, 5, 4, 6, 7, 8, 9, 10, 11, 12, 14, 13], [1, 2, 3, 5, 4, 6, 7, 8, 9, 10, 11, 14, 12, 13], [1, 2, 3, 5, 4, 6, 8, 7, 9, 10, 11, 12, 14, 13], [1, 2, 3, 5, 4, 6, 8, 7, 9, 10, 11, 14, 12, 13], [1, 3, 2, 4, 5, 6, 7, 8, 9, 10, 11, 12, 14, 13], [1, 3, 2, 4, 5, 6, 7, 8, 9, 10, 11, 14, 12, 13], [1, 3, 2, 4, 5, 6, 8, 7, 9, 10, 11, 12, 14, 13], [1, 3, 2, 4, 5, 6, 8, 7, 9, 10, 11, 14, 12, 13], [1, 3, 2, 5, 4, 6, 7, 8, 9, 10, 11, 12, 14, 13], [1, 3, 2, 5, 4, 6, 7, 8, 9, 10, 11, 14, 12, 13], [1, 3, 2, 5, 4, 6, 8, 7, 9, 10, 11, 12, 14, 13], [1, 3, 2, 5, 4, 6, 8, 7, 9, 10, 11, 14, 12, 13], [2, 1, 3, 4, 5, 6, 7, 8, 9, 10, 11, 12, 14, 13], [2, 1, 3, 4, 5, 6, 7, 8, 9, 10, 11, 14, 12, 13], [2, 1, 3, 4, 5, 6, 8, 7, 9, 10, 11, 12, 14, 13], [2, 1, 3, 4, 5, 6, 8, 7, 9, 10, 11, 14, 12, 13], [2, 1, 3, 5, 4, 6, 7, 8, 9, 10, 11, 12, 14, 13], [2, 1, 3, 5, 4, 6, 7, 8, 9, 10, 11, 14, 12, 13], [2, 1, 3, 5, 4, 6, 8, 7, 9, 10, 11, 12, 14, 13], [2, 1, 3, 5, 4, 6, 8, 7, 9, 10, 11, 14, 12, 13]]
Distance:83

(16)
A = 
{(1, 2, 4, 3, 7, 5, 6, 8, 10, 9, 14, 11, 12, 13), (1, 3, 5, 2, 4, 6, 8, 10, 14, 9, 7, 12, 11, 13), (1, 2, 3, 5, 4, 6, 7, 8, 9, 10, 11, 12, 13, 14), (5, 1, 2, 8, 4, 3, 6, 7, 9, 10, 11, 13, 14, 12), (5, 2, 1, 4, 3, 7, 9, 6, 8, 10, 13, 11, 12, 14)}
M(A) = 
[[1, 2, 3, 5, 4, 6, 7, 8, 9, 10, 11, 12, 13, 14]]
Distance: 39
B = 
{(2, 5, 4, 1, 3, 7, 6, 8, 9, 10, 12, 13, 11, 14), (1, 4, 3, 6, 2, 5, 7, 9, 12, 11, 10, 8, 14, 13), (2, 5, 1, 8, 3, 11, 4, 7, 6, 14, 12, 10, 13, 9), (2, 3, 5, 6, 1, 4, 9, 7, 10, 8, 11, 12, 13, 14), (1, 2, 3, 4, 5, 6, 7, 8, 9, 10, 11, 12, 13, 14)}
M(B) = 
[[1, 2, 3, 5, 4, 6, 7, 8, 9, 10, 11, 12, 13, 14]]
Distance: 51
M(A) inter A:
set()
M(B) inter B:
set()

AUB = 
{(5, 2, 1, 4, 3, 7, 9, 6, 8, 10, 13, 11, 12, 14), (1, 4, 3, 6, 2, 5, 7, 9, 12, 11, 10, 8, 14, 13), (1, 2, 3, 5, 4, 6, 7, 8, 9, 10, 11, 12, 13, 14), (2, 5, 4, 1, 3, 7, 6, 8, 9, 10, 12, 13, 11, 14), (5, 1, 2, 8, 4, 3, 6, 7, 9, 10, 11, 13, 14, 12), (1, 2, 4, 3, 7, 5, 6, 8, 10, 9, 14, 11, 12, 13), (2, 5, 1, 8, 3, 11, 4, 7, 6, 14, 12, 10, 13, 9), (2, 3, 5, 6, 1, 4, 9, 7, 10, 8, 11, 12, 13, 14), (1, 2, 3, 4, 5, 6, 7, 8, 9, 10, 11, 12, 13, 14), (1, 3, 5, 2, 4, 6, 8, 10, 14, 9, 7, 12, 11, 13)}
M(AUB) = 
[[1, 2, 3, 5, 4, 6, 7, 8, 9, 10, 11, 12, 13, 14]]
Distance:92

(17)
A = 
{(2, 1, 5, 8, 3, 4, 10, 7, 6, 13, 9, 14, 12, 11), (4, 1, 6, 3, 2, 8, 5, 9, 7, 10, 14, 11, 12, 13), (1, 6, 2, 4, 5, 7, 3, 8, 9, 12, 11, 13, 10, 14), (3, 1, 4, 6, 7, 5, 2, 9, 13, 8, 11, 10, 14, 12), (1, 5, 3, 2, 6, 8, 4, 7, 9, 12, 13, 14, 11, 10)}
M(A) = 
[[1, 2, 3, 4, 6, 5, 7, 8, 9, 10, 12, 13, 11, 14], [1, 2, 3, 4, 6, 5, 8, 7, 9, 10, 12, 13, 11, 14], [1, 2, 4, 3, 6, 5, 7, 8, 9, 10, 12, 13, 11, 14], [1, 2, 4, 3, 6, 5, 8, 7, 9, 10, 12, 13, 11, 14], [1, 3, 2, 4, 6, 5, 7, 8, 9, 10, 12, 13, 11, 14], [1, 3, 2, 4, 6, 5, 8, 7, 9, 10, 12, 13, 11, 14]]
Distance: 63
B = 
{(4, 1, 3, 5, 6, 11, 2, 8, 7, 13, 9, 10, 14, 12), (2, 3, 1, 4, 6, 5, 8, 9, 7, 11, 10, 12, 14, 13), (1, 3, 6, 2, 10, 4, 5, 9, 12, 7, 13, 11, 14, 8), (2, 4, 1, 3, 5, 6, 7, 9, 10, 8, 12, 13, 11, 14), (1, 4, 2, 6, 5, 3, 12, 7, 10, 8, 9, 13, 14, 11)}
M(B) = 
[[1, 2, 3, 4, 6, 5, 7, 8, 9, 10, 12, 13, 11, 14], [1, 2, 3, 4, 6, 5, 8, 7, 9, 10, 12, 13, 11, 14], [1, 2, 4, 3, 6, 5, 7, 8, 9, 10, 12, 13, 11, 14], [1, 2, 4, 3, 6, 5, 8, 7, 9, 10, 12, 13, 11, 14], [1, 3, 2, 4, 6, 5, 7, 8, 9, 10, 12, 13, 11, 14], [1, 3, 2, 4, 6, 5, 8, 7, 9, 10, 12, 13, 11, 14]]
Distance: 58
M(A) inter A:
set()
M(B) inter B:
set()

AUB = 
{(1, 5, 3, 2, 6, 8, 4, 7, 9, 12, 13, 14, 11, 10), (1, 3, 6, 2, 10, 4, 5, 9, 12, 7, 13, 11, 14, 8), (4, 1, 6, 3, 2, 8, 5, 9, 7, 10, 14, 11, 12, 13), (1, 6, 2, 4, 5, 7, 3, 8, 9, 12, 11, 13, 10, 14), (2, 4, 1, 3, 5, 6, 7, 9, 10, 8, 12, 13, 11, 14), (1, 4, 2, 6, 5, 3, 12, 7, 10, 8, 9, 13, 14, 11), (2, 1, 5, 8, 3, 4, 10, 7, 6, 13, 9, 14, 12, 11), (3, 1, 4, 6, 7, 5, 2, 9, 13, 8, 11, 10, 14, 12), (4, 1, 3, 5, 6, 11, 2, 8, 7, 13, 9, 10, 14, 12), (2, 3, 1, 4, 6, 5, 8, 9, 7, 11, 10, 12, 14, 13)}
M(AUB) = 
[[1, 2, 3, 4, 6, 5, 7, 8, 9, 10, 12, 13, 11, 14], [1, 2, 3, 4, 6, 5, 8, 7, 9, 10, 12, 13, 11, 14], [1, 2, 4, 3, 6, 5, 7, 8, 9, 10, 12, 13, 11, 14], [1, 2, 4, 3, 6, 5, 8, 7, 9, 10, 12, 13, 11, 14], [1, 3, 2, 4, 6, 5, 7, 8, 9, 10, 12, 13, 11, 14], [1, 3, 2, 4, 6, 5, 8, 7, 9, 10, 12, 13, 11, 14]]
Distance:126

(18)
A = 
{(1, 3, 2, 4, 7, 9, 5, 8, 6, 10, 12, 11, 13, 14), (2, 1, 7, 5, 4, 3, 6, 9, 8, 10, 14, 13, 12, 11), (1, 2, 5, 3, 4, 6, 7, 8, 10, 13, 9, 12, 14, 11), (1, 4, 3, 2, 5, 6, 8, 7, 12, 9, 11, 14, 10, 13), (1, 2, 5, 3, 4, 7, 9, 6, 8, 10, 12, 11, 13, 14)}
M(A) = 
[[1, 2, 4, 3, 5, 6, 7, 8, 9, 10, 12, 11, 13, 14], [1, 2, 4, 5, 3, 6, 7, 8, 9, 10, 12, 11, 13, 14]]
Distance: 38
B = 
{(4, 1, 3, 2, 8, 5, 6, 11, 9, 7, 12, 10, 14, 13), (5, 2, 1, 4, 7, 3, 6, 8, 11, 9, 13, 12, 10, 14), (1, 2, 4, 3, 6, 5, 7, 8, 9, 10, 11, 13, 12, 14), (2, 4, 5, 3, 1, 6, 7, 10, 12, 8, 9, 11, 13, 14), (1, 2, 3, 4, 5, 6, 7, 9, 11, 8, 10, 12, 14, 13)}
M(B) = 
[[1, 2, 4, 3, 5, 6, 7, 8, 9, 10, 12, 11, 13, 14], [1, 2, 4, 5, 3, 6, 7, 8, 9, 10, 12, 11, 13, 14]]
Distance: 40
M(A) inter A:
set()
M(B) inter B:
set()

AUB = 
{(1, 2, 4, 3, 6, 5, 7, 8, 9, 10, 11, 13, 12, 14), (1, 2, 5, 3, 4, 6, 7, 8, 10, 13, 9, 12, 14, 11), (1, 3, 2, 4, 7, 9, 5, 8, 6, 10, 12, 11, 13, 14), (1, 4, 3, 2, 5, 6, 8, 7, 12, 9, 11, 14, 10, 13), (5, 2, 1, 4, 7, 3, 6, 8, 11, 9, 13, 12, 10, 14), (1, 2, 3, 4, 5, 6, 7, 9, 11, 8, 10, 12, 14, 13), (4, 1, 3, 2, 8, 5, 6, 11, 9, 7, 12, 10, 14, 13), (2, 1, 7, 5, 4, 3, 6, 9, 8, 10, 14, 13, 12, 11), (2, 4, 5, 3, 1, 6, 7, 10, 12, 8, 9, 11, 13, 14), (1, 2, 5, 3, 4, 7, 9, 6, 8, 10, 12, 11, 13, 14)}
M(AUB) = 
[[1, 2, 4, 3, 5, 6, 7, 8, 9, 10, 12, 11, 13, 14], [1, 2, 4, 5, 3, 6, 7, 8, 9, 10, 12, 11, 13, 14]]
Distance:87

(19)
A = 
{(2, 3, 1, 6, 12, 4, 5, 8, 7, 9, 11, 10, 14, 13), (3, 1, 4, 2, 7, 5, 8, 6, 9, 10, 11, 12, 14, 13), (1, 2, 4, 5, 3, 9, 6, 7, 10, 11, 8, 12, 13, 14), (4, 2, 1, 3, 8, 6, 7, 5, 9, 12, 10, 14, 13, 11), (4, 1, 2, 3, 6, 7, 11, 10, 5, 14, 13, 8, 9, 12)}
M(A) = 
[[1, 2, 3, 4, 5, 6, 7, 8, 9, 10, 11, 12, 14, 13]]
Distance: 54
B = 
{(1, 3, 4, 2, 8, 6, 5, 11, 7, 9, 12, 10, 14, 13), (1, 2, 3, 4, 5, 6, 7, 8, 9, 10, 11, 12, 13, 14), (3, 1, 2, 5, 4, 7, 6, 12, 8, 9, 13, 11, 10, 14), (3, 5, 4, 1, 2, 7, 6, 9, 8, 10, 12, 11, 14, 13), (2, 4, 1, 8, 5, 7, 3, 6, 9, 10, 11, 12, 14, 13)}
M(B) = 
[[1, 2, 3, 4, 5, 6, 7, 8, 9, 10, 11, 12, 14, 13]]
Distance: 41
M(A) inter A:
set()
M(B) inter B:
set()

AUB = 
{(1, 2, 4, 5, 3, 9, 6, 7, 10, 11, 8, 12, 13, 14), (3, 1, 4, 2, 7, 5, 8, 6, 9, 10, 11, 12, 14, 13), (1, 3, 4, 2, 8, 6, 5, 11, 7, 9, 12, 10, 14, 13), (3, 1, 2, 5, 4, 7, 6, 12, 8, 9, 13, 11, 10, 14), (4, 2, 1, 3, 8, 6, 7, 5, 9, 12, 10, 14, 13, 11), (2, 4, 1, 8, 5, 7, 3, 6, 9, 10, 11, 12, 14, 13), (4, 1, 2, 3, 6, 7, 11, 10, 5, 14, 13, 8, 9, 12), (2, 3, 1, 6, 12, 4, 5, 8, 7, 9, 11, 10, 14, 13), (1, 2, 3, 4, 5, 6, 7, 8, 9, 10, 11, 12, 13, 14), (3, 5, 4, 1, 2, 7, 6, 9, 8, 10, 12, 11, 14, 13)}
M(AUB) = 
[[1, 2, 3, 4, 5, 6, 7, 8, 9, 10, 11, 12, 14, 13]]
Distance:101

(20)
A = 
{(1, 2, 5, 4, 3, 7, 10, 6, 8, 11, 13, 9, 14, 12), (2, 1, 3, 5, 4, 6, 7, 8, 9, 10, 11, 12, 13, 14), (1, 2, 4, 3, 5, 7, 8, 12, 10, 6, 14, 11, 9, 13), (1, 2, 3, 4, 7, 6, 5, 8, 9, 11, 13, 10, 14, 12), (1, 3, 5, 4, 6, 8, 10, 2, 7, 11, 13, 9, 14, 12)}
M(A) = 
[[1, 2, 3, 5, 4, 6, 7, 8, 10, 9, 11, 13, 14, 12], [1, 2, 3, 5, 4, 6, 7, 8, 10, 9, 11, 14, 12, 13], [1, 2, 3, 5, 4, 6, 7, 8, 10, 9, 11, 14, 13, 12], [1, 3, 2, 5, 4, 6, 7, 8, 10, 9, 11, 13, 14, 12], [1, 3, 2, 5, 4, 6, 7, 8, 10, 9, 11, 14, 12, 13], [1, 3, 2, 5, 4, 6, 7, 8, 10, 9, 11, 14, 13, 12]]
Distance: 41
B = 
{(5, 2, 1, 3, 4, 6, 7, 8, 10, 9, 11, 14, 13, 12), (3, 2, 6, 1, 4, 5, 9, 8, 7, 10, 11, 13, 12, 14), (5, 3, 1, 4, 2, 7, 6, 10, 8, 9, 11, 14, 12, 13), (3, 1, 2, 4, 5, 6, 8, 7, 10, 9, 14, 11, 12, 13), (1, 3, 5, 2, 4, 6, 8, 7, 9, 10, 14, 11, 12, 13)}
M(B) = 
[[1, 2, 3, 5, 4, 6, 7, 8, 10, 9, 11, 13, 14, 12], [1, 2, 3, 5, 4, 6, 7, 8, 10, 9, 11, 14, 12, 13], [1, 2, 3, 5, 4, 6, 7, 8, 10, 9, 11, 14, 13, 12], [1, 3, 2, 5, 4, 6, 7, 8, 10, 9, 11, 13, 14, 12], [1, 3, 2, 5, 4, 6, 7, 8, 10, 9, 11, 14, 12, 13], [1, 3, 2, 5, 4, 6, 7, 8, 10, 9, 11, 14, 13, 12]]
Distance: 31
M(A) inter A:
set()
M(B) inter B:
set()

AUB = 
{(1, 3, 5, 4, 6, 8, 10, 2, 7, 11, 13, 9, 14, 12), (5, 2, 1, 3, 4, 6, 7, 8, 10, 9, 11, 14, 13, 12), (1, 2, 5, 4, 3, 7, 10, 6, 8, 11, 13, 9, 14, 12), (2, 1, 3, 5, 4, 6, 7, 8, 9, 10, 11, 12, 13, 14), (1, 2, 4, 3, 5, 7, 8, 12, 10, 6, 14, 11, 9, 13), (1, 2, 3, 4, 7, 6, 5, 8, 9, 11, 13, 10, 14, 12), (3, 2, 6, 1, 4, 5, 9, 8, 7, 10, 11, 13, 12, 14), (5, 3, 1, 4, 2, 7, 6, 10, 8, 9, 11, 14, 12, 13), (3, 1, 2, 4, 5, 6, 8, 7, 10, 9, 14, 11, 12, 13), (1, 3, 5, 2, 4, 6, 8, 7, 9, 10, 14, 11, 12, 13)}
M(AUB) = 
[[1, 2, 3, 5, 4, 6, 7, 8, 10, 9, 11, 13, 14, 12], [1, 2, 3, 5, 4, 6, 7, 8, 10, 9, 11, 14, 12, 13], [1, 2, 3, 5, 4, 6, 7, 8, 10, 9, 11, 14, 13, 12], [1, 3, 2, 5, 4, 6, 7, 8, 10, 9, 11, 13, 14, 12], [1, 3, 2, 5, 4, 6, 7, 8, 10, 9, 11, 14, 12, 13], [1, 3, 2, 5, 4, 6, 7, 8, 10, 9, 11, 14, 13, 12]]
Distance:84

(21)
A = 
{(1, 3, 5, 2, 7, 4, 6, 11, 9, 8, 14, 13, 10, 12), (1, 2, 3, 4, 5, 6, 7, 8, 9, 10, 11, 12, 13, 14), (4, 1, 2, 5, 3, 6, 9, 7, 8, 10, 11, 12, 14, 13), (1, 4, 5, 2, 7, 3, 6, 8, 10, 9, 14, 11, 12, 13), (1, 5, 4, 2, 6, 11, 3, 9, 7, 10, 8, 14, 12, 13)}
M(A) = 
[[1, 2, 3, 4, 5, 6, 7, 8, 9, 10, 11, 12, 14, 13], [1, 2, 3, 4, 5, 6, 7, 8, 9, 10, 11, 14, 12, 13], [1, 2, 3, 4, 5, 6, 7, 8, 9, 11, 10, 12, 14, 13], [1, 2, 3, 4, 5, 6, 7, 8, 9, 11, 10, 14, 12, 13]]
Distance: 38
B = 
{(1, 2, 5, 3, 4, 6, 10, 8, 7, 9, 11, 12, 14, 13), (1, 5, 3, 2, 4, 8, 9, 6, 11, 12, 7, 10, 14, 13), (2, 1, 3, 4, 5, 7, 8, 6, 9, 11, 10, 12, 13, 14), (2, 1, 4, 3, 5, 8, 6, 11, 10, 7, 13, 14, 9, 12), (2, 1, 3, 7, 4, 5, 10, 6, 9, 8, 13, 14, 11, 12)}
M(B) = 
[[1, 2, 3, 4, 5, 6, 7, 8, 9, 10, 11, 12, 14, 13], [1, 2, 3, 4, 5, 6, 7, 8, 9, 10, 11, 14, 12, 13], [1, 2, 3, 4, 5, 6, 7, 8, 9, 11, 10, 12, 14, 13], [1, 2, 3, 4, 5, 6, 7, 8, 9, 11, 10, 14, 12, 13]]
Distance: 45
M(A) inter A:
set()
M(B) inter B:
set()

AUB = 
{(1, 3, 5, 2, 7, 4, 6, 11, 9, 8, 14, 13, 10, 12), (1, 5, 4, 2, 6, 11, 3, 9, 7, 10, 8, 14, 12, 13), (2, 1, 4, 3, 5, 8, 6, 11, 10, 7, 13, 14, 9, 12), (2, 1, 3, 7, 4, 5, 10, 6, 9, 8, 13, 14, 11, 12), (1, 2, 5, 3, 4, 6, 10, 8, 7, 9, 11, 12, 14, 13), (1, 5, 3, 2, 4, 8, 9, 6, 11, 12, 7, 10, 14, 13), (4, 1, 2, 5, 3, 6, 9, 7, 8, 10, 11, 12, 14, 13), (2, 1, 3, 4, 5, 7, 8, 6, 9, 11, 10, 12, 13, 14), (1, 4, 5, 2, 7, 3, 6, 8, 10, 9, 14, 11, 12, 13), (1, 2, 3, 4, 5, 6, 7, 8, 9, 10, 11, 12, 13, 14)}
M(AUB) = 
[[1, 2, 3, 4, 5, 6, 7, 8, 9, 10, 11, 12, 14, 13], [1, 2, 3, 4, 5, 6, 7, 8, 9, 10, 11, 14, 12, 13], [1, 2, 3, 4, 5, 6, 7, 8, 9, 11, 10, 12, 14, 13], [1, 2, 3, 4, 5, 6, 7, 8, 9, 11, 10, 14, 12, 13]]
Distance:94

(22)
A = 
{(2, 3, 1, 4, 5, 6, 9, 7, 8, 10, 13, 12, 14, 11), (2, 4, 3, 1, 6, 5, 7, 8, 11, 9, 10, 12, 14, 13), (1, 3, 2, 5, 4, 6, 7, 8, 9, 10, 11, 12, 13, 14), (3, 1, 4, 2, 7, 6, 5, 8, 9, 14, 10, 12, 11, 13), (1, 3, 4, 2, 5, 6, 7, 8, 10, 9, 11, 13, 12, 14)}
M(A) = 
[[1, 2, 3, 4, 5, 6, 7, 8, 9, 10, 11, 12, 13, 14], [1, 2, 3, 4, 5, 6, 7, 8, 9, 10, 12, 11, 13, 14], [1, 2, 3, 4, 5, 6, 7, 9, 8, 10, 11, 12, 13, 14], [1, 2, 3, 4, 5, 6, 7, 9, 8, 10, 12, 11, 13, 14], [1, 3, 2, 4, 5, 6, 7, 8, 9, 10, 11, 12, 13, 14], [1, 3, 2, 4, 5, 6, 7, 8, 9, 10, 12, 11, 13, 14], [1, 3, 2, 4, 5, 6, 7, 9, 8, 10, 11, 12, 13, 14], [1, 3, 2, 4, 5, 6, 7, 9, 8, 10, 12, 11, 13, 14]]
Distance: 31
B = 
{(2, 3, 1, 4, 6, 7, 9, 5, 8, 10, 12, 13, 11, 14), (1, 2, 5, 4, 3, 6, 7, 9, 11, 10, 8, 12, 14, 13), (1, 5, 3, 4, 2, 6, 9, 7, 8, 13, 10, 12, 11, 14), (1, 2, 5, 3, 10, 4, 6, 8, 7, 9, 13, 12, 11, 14), (1, 3, 2, 4, 5, 6, 7, 9, 8, 10, 11, 12, 13, 14)}
M(B) = 
[[1, 2, 3, 4, 5, 6, 7, 8, 9, 10, 11, 12, 13, 14], [1, 2, 3, 4, 5, 6, 7, 8, 9, 10, 12, 11, 13, 14], [1, 2, 3, 4, 5, 6, 7, 9, 8, 10, 11, 12, 13, 14], [1, 2, 3, 4, 5, 6, 7, 9, 8, 10, 12, 11, 13, 14], [1, 3, 2, 4, 5, 6, 7, 8, 9, 10, 11, 12, 13, 14], [1, 3, 2, 4, 5, 6, 7, 8, 9, 10, 12, 11, 13, 14], [1, 3, 2, 4, 5, 6, 7, 9, 8, 10, 11, 12, 13, 14], [1, 3, 2, 4, 5, 6, 7, 9, 8, 10, 12, 11, 13, 14]]
Distance: 33
M(A) inter A:
set()
M(B) inter B:
set()

AUB = 
{(2, 3, 1, 4, 5, 6, 9, 7, 8, 10, 13, 12, 14, 11), (1, 3, 2, 5, 4, 6, 7, 8, 9, 10, 11, 12, 13, 14), (2, 4, 3, 1, 6, 5, 7, 8, 11, 9, 10, 12, 14, 13), (1, 5, 3, 4, 2, 6, 9, 7, 8, 13, 10, 12, 11, 14), (1, 2, 5, 3, 10, 4, 6, 8, 7, 9, 13, 12, 11, 14), (1, 3, 2, 4, 5, 6, 7, 9, 8, 10, 11, 12, 13, 14), (2, 3, 1, 4, 6, 7, 9, 5, 8, 10, 12, 13, 11, 14), (1, 2, 5, 4, 3, 6, 7, 9, 11, 10, 8, 12, 14, 13), (3, 1, 4, 2, 7, 6, 5, 8, 9, 14, 10, 12, 11, 13), (1, 3, 4, 2, 5, 6, 7, 8, 10, 9, 11, 13, 12, 14)}
M(AUB) = 
[[1, 2, 3, 4, 5, 6, 7, 8, 9, 10, 11, 12, 13, 14], [1, 2, 3, 4, 5, 6, 7, 8, 9, 10, 12, 11, 13, 14], [1, 2, 3, 4, 5, 6, 7, 9, 8, 10, 11, 12, 13, 14], [1, 2, 3, 4, 5, 6, 7, 9, 8, 10, 12, 11, 13, 14], [1, 3, 2, 4, 5, 6, 7, 8, 9, 10, 11, 12, 13, 14], [1, 3, 2, 4, 5, 6, 7, 8, 9, 10, 12, 11, 13, 14], [1, 3, 2, 4, 5, 6, 7, 9, 8, 10, 11, 12, 13, 14], [1, 3, 2, 4, 5, 6, 7, 9, 8, 10, 12, 11, 13, 14]]
Distance:73

(23)
A = 
{(1, 2, 4, 5, 3, 6, 7, 8, 11, 9, 10, 13, 14, 12), (1, 3, 2, 4, 5, 7, 6, 8, 11, 9, 12, 10, 13, 14), (2, 1, 5, 4, 3, 7, 6, 8, 9, 14, 10, 12, 11, 13), (6, 2, 1, 3, 5, 4, 7, 8, 9, 10, 13, 12, 14, 11), (1, 3, 2, 6, 4, 7, 5, 9, 10, 11, 8, 12, 13, 14)}
M(A) = 
[[1, 2, 3, 5, 4, 6, 7, 8, 9, 10, 11, 12, 13, 14]]
Distance: 39
B = 
{(2, 5, 1, 3, 6, 8, 4, 7, 9, 10, 12, 11, 14, 13), (1, 2, 3, 5, 4, 6, 7, 9, 8, 11, 10, 12, 13, 14), (1, 5, 4, 11, 6, 9, 2, 7, 3, 13, 8, 10, 14, 12), (1, 3, 2, 5, 4, 7, 6, 8, 10, 14, 12, 9, 11, 13), (1, 4, 3, 2, 5, 6, 10, 11, 7, 8, 9, 12, 13, 14)}
M(B) = 
[[1, 2, 3, 5, 4, 6, 7, 8, 9, 10, 11, 12, 13, 14]]
Distance: 51
M(A) inter A:
set()
M(B) inter B:
set()

AUB = 
{(2, 5, 1, 3, 6, 8, 4, 7, 9, 10, 12, 11, 14, 13), (1, 5, 4, 11, 6, 9, 2, 7, 3, 13, 8, 10, 14, 12), (1, 3, 2, 6, 4, 7, 5, 9, 10, 11, 8, 12, 13, 14), (1, 3, 2, 4, 5, 7, 6, 8, 11, 9, 12, 10, 13, 14), (2, 1, 5, 4, 3, 7, 6, 8, 9, 14, 10, 12, 11, 13), (1, 2, 3, 5, 4, 6, 7, 9, 8, 11, 10, 12, 13, 14), (1, 4, 3, 2, 5, 6, 10, 11, 7, 8, 9, 12, 13, 14), (1, 2, 4, 5, 3, 6, 7, 8, 11, 9, 10, 13, 14, 12), (6, 2, 1, 3, 5, 4, 7, 8, 9, 10, 13, 12, 14, 11), (1, 3, 2, 5, 4, 7, 6, 8, 10, 14, 12, 9, 11, 13)}
M(AUB) = 
[[1, 2, 3, 5, 4, 6, 7, 8, 9, 10, 11, 12, 13, 14]]
Distance:91

(24)
A = 
{(1, 2, 5, 3, 4, 6, 8, 9, 10, 7, 12, 11, 14, 13), (1, 3, 4, 2, 6, 5, 8, 7, 10, 9, 11, 13, 12, 14), (1, 2, 6, 3, 4, 5, 7, 8, 11, 9, 10, 13, 12, 14), (1, 2, 6, 5, 8, 3, 4, 11, 7, 9, 10, 12, 13, 14), (1, 3, 2, 4, 5, 6, 7, 8, 9, 10, 11, 12, 13, 14)}
M(A) = 
[[1, 2, 3, 4, 6, 5, 7, 8, 9, 10, 11, 12, 13, 14], [1, 2, 3, 4, 6, 5, 7, 8, 9, 10, 11, 13, 12, 14], [1, 2, 3, 4, 6, 5, 8, 7, 9, 10, 11, 12, 13, 14], [1, 2, 3, 4, 6, 5, 8, 7, 9, 10, 11, 13, 12, 14], [1, 3, 2, 4, 6, 5, 7, 8, 9, 10, 11, 12, 13, 14], [1, 3, 2, 4, 6, 5, 7, 8, 9, 10, 11, 13, 12, 14], [1, 3, 2, 4, 6, 5, 8, 7, 9, 10, 11, 12, 13, 14], [1, 3, 2, 4, 6, 5, 8, 7, 9, 10, 11, 13, 12, 14]]
Distance: 29
B = 
{(1, 4, 2, 3, 6, 8, 5, 9, 10, 7, 11, 13, 14, 12), (1, 6, 3, 8, 2, 4, 5, 10, 12, 7, 14, 9, 11, 13), (1, 2, 4, 3, 6, 5, 7, 8, 12, 11, 9, 10, 14, 13), (3, 1, 2, 4, 6, 5, 7, 9, 10, 11, 8, 13, 12, 14), (3, 1, 2, 5, 6, 4, 7, 9, 13, 11, 8, 10, 14, 12)}
M(B) = 
[[1, 2, 3, 4, 6, 5, 7, 8, 9, 10, 11, 12, 13, 14], [1, 2, 3, 4, 6, 5, 7, 8, 9, 10, 11, 13, 12, 14], [1, 2, 3, 4, 6, 5, 8, 7, 9, 10, 11, 12, 13, 14], [1, 2, 3, 4, 6, 5, 8, 7, 9, 10, 11, 13, 12, 14], [1, 3, 2, 4, 6, 5, 7, 8, 9, 10, 11, 12, 13, 14], [1, 3, 2, 4, 6, 5, 7, 8, 9, 10, 11, 13, 12, 14], [1, 3, 2, 4, 6, 5, 8, 7, 9, 10, 11, 12, 13, 14], [1, 3, 2, 4, 6, 5, 8, 7, 9, 10, 11, 13, 12, 14]]
Distance: 48
M(A) inter A:
set()
M(B) inter B:
set()

AUB = 
{(1, 6, 3, 8, 2, 4, 5, 10, 12, 7, 14, 9, 11, 13), (1, 3, 4, 2, 6, 5, 8, 7, 10, 9, 11, 13, 12, 14), (1, 3, 2, 4, 5, 6, 7, 8, 9, 10, 11, 12, 13, 14), (1, 2, 5, 3, 4, 6, 8, 9, 10, 7, 12, 11, 14, 13), (1, 2, 6, 3, 4, 5, 7, 8, 11, 9, 10, 13, 12, 14), (1, 2, 4, 3, 6, 5, 7, 8, 12, 11, 9, 10, 14, 13), (3, 1, 2, 4, 6, 5, 7, 9, 10, 11, 8, 13, 12, 14), (1, 2, 6, 5, 8, 3, 4, 11, 7, 9, 10, 12, 13, 14), (1, 4, 2, 3, 6, 8, 5, 9, 10, 7, 11, 13, 14, 12), (3, 1, 2, 5, 6, 4, 7, 9, 13, 11, 8, 10, 14, 12)}
M(AUB) = 
[[1, 2, 3, 4, 6, 5, 7, 8, 9, 10, 11, 12, 13, 14], [1, 2, 3, 4, 6, 5, 7, 8, 9, 10, 11, 13, 12, 14], [1, 2, 3, 4, 6, 5, 8, 7, 9, 10, 11, 12, 13, 14], [1, 2, 3, 4, 6, 5, 8, 7, 9, 10, 11, 13, 12, 14], [1, 3, 2, 4, 6, 5, 7, 8, 9, 10, 11, 12, 13, 14], [1, 3, 2, 4, 6, 5, 7, 8, 9, 10, 11, 13, 12, 14], [1, 3, 2, 4, 6, 5, 8, 7, 9, 10, 11, 12, 13, 14], [1, 3, 2, 4, 6, 5, 8, 7, 9, 10, 11, 13, 12, 14]]
Distance:80

(25)
A = 
{(2, 6, 4, 1, 3, 5, 9, 7, 12, 8, 13, 11, 14, 10), (4, 2, 1, 3, 6, 5, 7, 10, 9, 8, 12, 11, 14, 13), (3, 1, 2, 7, 6, 5, 9, 4, 12, 8, 10, 11, 13, 14), (1, 3, 2, 7, 4, 5, 6, 10, 8, 9, 13, 11, 14, 12), (2, 1, 4, 3, 6, 9, 5, 10, 11, 8, 12, 7, 14, 13)}
M(A) = 
[[1, 2, 3, 4, 6, 5, 7, 8, 9, 10, 12, 11, 13, 14], [1, 2, 3, 4, 6, 5, 7, 8, 10, 9, 12, 11, 13, 14], [1, 2, 3, 4, 6, 5, 7, 9, 8, 10, 12, 11, 13, 14], [1, 2, 4, 3, 6, 5, 7, 8, 9, 10, 12, 11, 13, 14], [1, 2, 4, 3, 6, 5, 7, 8, 10, 9, 12, 11, 13, 14], [1, 2, 4, 3, 6, 5, 7, 9, 8, 10, 12, 11, 13, 14], [2, 1, 3, 4, 6, 5, 7, 8, 9, 10, 12, 11, 13, 14], [2, 1, 3, 4, 6, 5, 7, 8, 10, 9, 12, 11, 13, 14], [2, 1, 3, 4, 6, 5, 7, 9, 8, 10, 12, 11, 13, 14], [2, 1, 4, 3, 6, 5, 7, 8, 9, 10, 12, 11, 13, 14], [2, 1, 4, 3, 6, 5, 7, 8, 10, 9, 12, 11, 13, 14], [2, 1, 4, 3, 6, 5, 7, 9, 8, 10, 12, 11, 13, 14]]
Distance: 51
B = 
{(1, 4, 2, 3, 9, 5, 10, 7, 6, 14, 8, 12, 13, 11), (1, 2, 3, 4, 6, 5, 7, 8, 10, 9, 11, 12, 13, 14), (2, 4, 1, 3, 5, 7, 6, 8, 12, 10, 9, 11, 13, 14), (2, 3, 4, 1, 5, 7, 8, 6, 14, 9, 10, 13, 12, 11), (3, 1, 4, 6, 5, 2, 8, 7, 11, 12, 10, 9, 13, 14)}
M(B) = 
[[1, 2, 3, 4, 6, 5, 7, 8, 9, 10, 12, 11, 13, 14], [1, 2, 3, 4, 6, 5, 7, 8, 10, 9, 12, 11, 13, 14], [1, 2, 3, 4, 6, 5, 7, 9, 8, 10, 12, 11, 13, 14], [1, 2, 4, 3, 6, 5, 7, 8, 9, 10, 12, 11, 13, 14], [1, 2, 4, 3, 6, 5, 7, 8, 10, 9, 12, 11, 13, 14], [1, 2, 4, 3, 6, 5, 7, 9, 8, 10, 12, 11, 13, 14], [2, 1, 3, 4, 6, 5, 7, 8, 9, 10, 12, 11, 13, 14], [2, 1, 3, 4, 6, 5, 7, 8, 10, 9, 12, 11, 13, 14], [2, 1, 3, 4, 6, 5, 7, 9, 8, 10, 12, 11, 13, 14], [2, 1, 4, 3, 6, 5, 7, 8, 9, 10, 12, 11, 13, 14], [2, 1, 4, 3, 6, 5, 7, 8, 10, 9, 12, 11, 13, 14], [2, 1, 4, 3, 6, 5, 7, 9, 8, 10, 12, 11, 13, 14]]
Distance: 48
M(A) inter A:
set()
M(B) inter B:
set()

AUB = 
{(2, 6, 4, 1, 3, 5, 9, 7, 12, 8, 13, 11, 14, 10), (1, 2, 3, 4, 6, 5, 7, 8, 10, 9, 11, 12, 13, 14), (3, 1, 4, 6, 5, 2, 8, 7, 11, 12, 10, 9, 13, 14), (1, 3, 2, 7, 4, 5, 6, 10, 8, 9, 13, 11, 14, 12), (4, 2, 1, 3, 6, 5, 7, 10, 9, 8, 12, 11, 14, 13), (3, 1, 2, 7, 6, 5, 9, 4, 12, 8, 10, 11, 13, 14), (2, 4, 1, 3, 5, 7, 6, 8, 12, 10, 9, 11, 13, 14), (2, 1, 4, 3, 6, 9, 5, 10, 11, 8, 12, 7, 14, 13), (2, 3, 4, 1, 5, 7, 8, 6, 14, 9, 10, 13, 12, 11), (1, 4, 2, 3, 9, 5, 10, 7, 6, 14, 8, 12, 13, 11)}
M(AUB) = 
[[1, 2, 3, 4, 6, 5, 7, 8, 9, 10, 12, 11, 13, 14], [1, 2, 3, 4, 6, 5, 7, 8, 10, 9, 12, 11, 13, 14], [1, 2, 3, 4, 6, 5, 7, 9, 8, 10, 12, 11, 13, 14], [1, 2, 4, 3, 6, 5, 7, 8, 9, 10, 12, 11, 13, 14], [1, 2, 4, 3, 6, 5, 7, 8, 10, 9, 12, 11, 13, 14], [1, 2, 4, 3, 6, 5, 7, 9, 8, 10, 12, 11, 13, 14], [2, 1, 3, 4, 6, 5, 7, 8, 9, 10, 12, 11, 13, 14], [2, 1, 3, 4, 6, 5, 7, 8, 10, 9, 12, 11, 13, 14], [2, 1, 3, 4, 6, 5, 7, 9, 8, 10, 12, 11, 13, 14], [2, 1, 4, 3, 6, 5, 7, 8, 9, 10, 12, 11, 13, 14], [2, 1, 4, 3, 6, 5, 7, 8, 10, 9, 12, 11, 13, 14], [2, 1, 4, 3, 6, 5, 7, 9, 8, 10, 12, 11, 13, 14]]
Distance:108

(26)
A = 
{(1, 2, 5, 3, 4, 8, 7, 6, 10, 9, 11, 12, 13, 14), (2, 1, 5, 3, 8, 4, 9, 7, 6, 10, 11, 12, 14, 13), (1, 2, 3, 4, 5, 6, 7, 8, 9, 10, 11, 13, 12, 14), (1, 2, 6, 8, 4, 5, 7, 3, 11, 9, 10, 12, 14, 13), (1, 2, 5, 7, 8, 3, 6, 9, 10, 4, 13, 12, 11, 14)}
M(A) = 
[[1, 2, 3, 4, 5, 6, 7, 8, 9, 10, 11, 12, 13, 14]]
Distance: 36
B = 
{(1, 2, 4, 3, 7, 6, 5, 8, 9, 10, 12, 13, 11, 14), (1, 2, 3, 4, 5, 6, 7, 8, 10, 9, 11, 12, 13, 14), (2, 3, 4, 1, 6, 5, 7, 8, 9, 10, 11, 14, 12, 13), (1, 5, 2, 4, 3, 6, 9, 10, 8, 13, 11, 7, 12, 14), (2, 3, 1, 4, 6, 7, 5, 9, 8, 11, 12, 13, 10, 14)}
M(B) = 
[[1, 2, 3, 4, 5, 6, 7, 8, 9, 10, 11, 12, 13, 14]]
Distance: 33
M(A) inter A:
set()
M(B) inter B:
set()

AUB = 
{(1, 2, 5, 3, 4, 8, 7, 6, 10, 9, 11, 12, 13, 14), (2, 1, 5, 3, 8, 4, 9, 7, 6, 10, 11, 12, 14, 13), (1, 2, 3, 4, 5, 6, 7, 8, 9, 10, 11, 13, 12, 14), (2, 3, 1, 4, 6, 7, 5, 9, 8, 11, 12, 13, 10, 14), (1, 2, 3, 4, 5, 6, 7, 8, 10, 9, 11, 12, 13, 14), (1, 2, 6, 8, 4, 5, 7, 3, 11, 9, 10, 12, 14, 13), (1, 2, 5, 7, 8, 3, 6, 9, 10, 4, 13, 12, 11, 14), (1, 2, 4, 3, 7, 6, 5, 8, 9, 10, 12, 13, 11, 14), (2, 3, 4, 1, 6, 5, 7, 8, 9, 10, 11, 14, 12, 13), (1, 5, 2, 4, 3, 6, 9, 10, 8, 13, 11, 7, 12, 14)}
M(AUB) = 
[[1, 2, 3, 4, 5, 6, 7, 8, 9, 10, 11, 12, 13, 14]]
Distance:78

(27)
A = 
{(2, 3, 4, 1, 7, 6, 10, 12, 13, 8, 11, 9, 5, 14), (6, 2, 4, 1, 3, 8, 7, 9, 5, 13, 14, 10, 12, 11), (1, 2, 5, 4, 3, 7, 8, 6, 9, 10, 12, 11, 13, 14), (1, 2, 4, 3, 5, 7, 6, 8, 9, 10, 12, 11, 13, 14), (4, 3, 7, 1, 9, 2, 6, 12, 8, 5, 10, 11, 14, 13)}
M(A) = 
[[1, 2, 4, 3, 5, 7, 6, 8, 9, 10, 12, 11, 13, 14], [1, 2, 4, 3, 5, 7, 8, 6, 9, 10, 12, 11, 13, 14], [2, 1, 4, 3, 5, 7, 6, 8, 9, 10, 12, 11, 13, 14], [2, 1, 4, 3, 5, 7, 8, 6, 9, 10, 12, 11, 13, 14], [2, 4, 1, 3, 5, 7, 6, 8, 9, 10, 12, 11, 13, 14], [2, 4, 1, 3, 5, 7, 8, 6, 9, 10, 12, 11, 13, 14]]
Distance: 54
B = 
{(2, 4, 3, 1, 5, 8, 9, 7, 6, 13, 11, 12, 14, 10), (2, 1, 3, 5, 4, 8, 6, 7, 9, 10, 11, 12, 14, 13), (1, 2, 3, 4, 11, 8, 6, 10, 5, 9, 7, 14, 12, 13), (1, 2, 4, 5, 3, 6, 7, 8, 9, 12, 10, 11, 13, 14), (3, 5, 2, 4, 1, 7, 13, 9, 8, 6, 10, 12, 14, 11)}
M(B) = 
[[1, 2, 4, 3, 5, 7, 6, 8, 9, 10, 12, 11, 13, 14], [1, 2, 4, 3, 5, 7, 8, 6, 9, 10, 12, 11, 13, 14], [2, 1, 4, 3, 5, 7, 6, 8, 9, 10, 12, 11, 13, 14], [2, 1, 4, 3, 5, 7, 8, 6, 9, 10, 12, 11, 13, 14], [2, 4, 1, 3, 5, 7, 6, 8, 9, 10, 12, 11, 13, 14], [2, 4, 1, 3, 5, 7, 8, 6, 9, 10, 12, 11, 13, 14]]
Distance: 54
M(A) inter A:
set()
M(B) inter B:
set()

AUB = 
{(2, 4, 3, 1, 5, 8, 9, 7, 6, 13, 11, 12, 14, 10), (4, 3, 7, 1, 9, 2, 6, 12, 8, 5, 10, 11, 14, 13), (1, 2, 4, 5, 3, 6, 7, 8, 9, 12, 10, 11, 13, 14), (3, 5, 2, 4, 1, 7, 13, 9, 8, 6, 10, 12, 14, 11), (6, 2, 4, 1, 3, 8, 7, 9, 5, 13, 14, 10, 12, 11), (1, 2, 5, 4, 3, 7, 8, 6, 9, 10, 12, 11, 13, 14), (1, 2, 3, 4, 11, 8, 6, 10, 5, 9, 7, 14, 12, 13), (1, 2, 4, 3, 5, 7, 6, 8, 9, 10, 12, 11, 13, 14), (2, 3, 4, 1, 7, 6, 10, 12, 13, 8, 11, 9, 5, 14), (2, 1, 3, 5, 4, 8, 6, 7, 9, 10, 11, 12, 14, 13)}
M(AUB) = 
[[1, 2, 4, 3, 5, 7, 6, 8, 9, 10, 12, 11, 13, 14], [1, 2, 4, 3, 5, 7, 8, 6, 9, 10, 12, 11, 13, 14], [2, 1, 4, 3, 5, 7, 6, 8, 9, 10, 12, 11, 13, 14], [2, 1, 4, 3, 5, 7, 8, 6, 9, 10, 12, 11, 13, 14], [2, 4, 1, 3, 5, 7, 6, 8, 9, 10, 12, 11, 13, 14], [2, 4, 1, 3, 5, 7, 8, 6, 9, 10, 12, 11, 13, 14]]
Distance:120

(28)
A = 
{(1, 2, 4, 7, 6, 3, 12, 8, 9, 5, 10, 13, 11, 14), (2, 1, 3, 4, 5, 7, 8, 11, 6, 12, 9, 10, 14, 13), (2, 4, 5, 3, 7, 8, 1, 9, 6, 10, 12, 14, 13, 11), (1, 2, 5, 3, 6, 4, 8, 7, 9, 10, 11, 12, 13, 14), (2, 3, 5, 1, 4, 7, 6, 10, 9, 8, 12, 11, 14, 13)}
M(A) = 
[[1, 2, 3, 4, 5, 7, 6, 8, 9, 10, 11, 12, 13, 14], [1, 2, 3, 4, 5, 7, 6, 8, 9, 10, 11, 12, 14, 13], [1, 2, 3, 4, 5, 7, 6, 8, 9, 11, 10, 12, 13, 14], [1, 2, 3, 4, 5, 7, 6, 8, 9, 11, 10, 12, 14, 13], [1, 2, 4, 3, 5, 7, 6, 8, 9, 10, 11, 12, 13, 14], [1, 2, 4, 3, 5, 7, 6, 8, 9, 10, 11, 12, 14, 13], [1, 2, 4, 3, 5, 7, 6, 8, 9, 11, 10, 12, 13, 14], [1, 2, 4, 3, 5, 7, 6, 8, 9, 11, 10, 12, 14, 13]]
Distance: 46
B = 
{(1, 4, 2, 3, 5, 6, 8, 7, 11, 13, 9, 10, 14, 12), (1, 2, 3, 4, 6, 5, 7, 9, 8, 10, 12, 11, 14, 13), (1, 4, 3, 2, 5, 7, 6, 8, 9, 11, 14, 10, 12, 13), (1, 3, 2, 5, 4, 6, 7, 8, 9, 11, 10, 12, 13, 14), (2, 5, 1, 4, 3, 7, 6, 11, 8, 12, 10, 13, 9, 14)}
M(B) = 
[[1, 2, 3, 4, 5, 7, 6, 8, 9, 10, 11, 12, 13, 14], [1, 2, 3, 4, 5, 7, 6, 8, 9, 10, 11, 12, 14, 13], [1, 2, 3, 4, 5, 7, 6, 8, 9, 11, 10, 12, 13, 14], [1, 2, 3, 4, 5, 7, 6, 8, 9, 11, 10, 12, 14, 13], [1, 2, 4, 3, 5, 7, 6, 8, 9, 10, 11, 12, 13, 14], [1, 2, 4, 3, 5, 7, 6, 8, 9, 10, 11, 12, 14, 13], [1, 2, 4, 3, 5, 7, 6, 8, 9, 11, 10, 12, 13, 14], [1, 2, 4, 3, 5, 7, 6, 8, 9, 11, 10, 12, 14, 13]]
Distance: 33
M(A) inter A:
set()
M(B) inter B:
set()

AUB = 
{(1, 3, 2, 5, 4, 6, 7, 8, 9, 11, 10, 12, 13, 14), (2, 5, 1, 4, 3, 7, 6, 11, 8, 12, 10, 13, 9, 14), (2, 1, 3, 4, 5, 7, 8, 11, 6, 12, 9, 10, 14, 13), (1, 4, 2, 3, 5, 6, 8, 7, 11, 13, 9, 10, 14, 12), (1, 2, 3, 4, 6, 5, 7, 9, 8, 10, 12, 11, 14, 13), (1, 2, 5, 3, 6, 4, 8, 7, 9, 10, 11, 12, 13, 14), (2, 3, 5, 1, 4, 7, 6, 10, 9, 8, 12, 11, 14, 13), (1, 2, 4, 7, 6, 3, 12, 8, 9, 5, 10, 13, 11, 14), (2, 4, 5, 3, 7, 8, 1, 9, 6, 10, 12, 14, 13, 11), (1, 4, 3, 2, 5, 7, 6, 8, 9, 11, 14, 10, 12, 13)}
M(AUB) = 
[[1, 2, 3, 4, 5, 7, 6, 8, 9, 10, 11, 12, 13, 14], [1, 2, 3, 4, 5, 7, 6, 8, 9, 10, 11, 12, 14, 13], [1, 2, 3, 4, 5, 7, 6, 8, 9, 11, 10, 12, 13, 14], [1, 2, 3, 4, 5, 7, 6, 8, 9, 11, 10, 12, 14, 13], [1, 2, 4, 3, 5, 7, 6, 8, 9, 10, 11, 12, 13, 14], [1, 2, 4, 3, 5, 7, 6, 8, 9, 10, 11, 12, 14, 13], [1, 2, 4, 3, 5, 7, 6, 8, 9, 11, 10, 12, 13, 14], [1, 2, 4, 3, 5, 7, 6, 8, 9, 11, 10, 12, 14, 13]]
Distance:87

(29)
A = 
{(3, 1, 4, 2, 5, 8, 6, 9, 7, 12, 10, 11, 14, 13), (1, 2, 3, 5, 6, 8, 4, 7, 9, 11, 10, 12, 14, 13), (2, 3, 1, 6, 4, 5, 7, 9, 10, 11, 8, 13, 14, 12), (4, 3, 1, 2, 6, 8, 9, 5, 7, 12, 10, 11, 13, 14), (1, 2, 3, 6, 4, 7, 5, 8, 11, 9, 12, 13, 10, 14)}
M(A) = 
[[1, 2, 3, 4, 5, 6, 8, 7, 9, 10, 11, 12, 13, 14], [1, 2, 3, 4, 5, 6, 8, 7, 9, 11, 10, 12, 13, 14], [1, 2, 4, 3, 5, 6, 8, 7, 9, 10, 11, 12, 13, 14], [1, 2, 4, 3, 5, 6, 8, 7, 9, 11, 10, 12, 13, 14], [1, 4, 2, 3, 5, 6, 8, 7, 9, 10, 11, 12, 13, 14], [1, 4, 2, 3, 5, 6, 8, 7, 9, 11, 10, 12, 13, 14]]
Distance: 40
B = 
{(4, 3, 1, 5, 11, 9, 7, 6, 8, 2, 13, 10, 12, 14), (4, 2, 1, 6, 3, 8, 11, 7, 5, 10, 12, 13, 9, 14), (1, 2, 4, 3, 5, 6, 9, 8, 7, 11, 10, 13, 12, 14), (3, 2, 4, 1, 5, 7, 6, 8, 10, 9, 12, 11, 13, 14), (1, 4, 2, 3, 5, 8, 7, 10, 6, 11, 9, 13, 12, 14)}
M(B) = 
[[1, 2, 3, 4, 5, 6, 8, 7, 9, 10, 11, 12, 13, 14], [1, 2, 3, 4, 5, 6, 8, 7, 9, 11, 10, 12, 13, 14], [1, 2, 4, 3, 5, 6, 8, 7, 9, 10, 11, 12, 13, 14], [1, 2, 4, 3, 5, 6, 8, 7, 9, 11, 10, 12, 13, 14], [1, 4, 2, 3, 5, 6, 8, 7, 9, 10, 11, 12, 13, 14], [1, 4, 2, 3, 5, 6, 8, 7, 9, 11, 10, 12, 13, 14]]
Distance: 50
M(A) inter A:
set()
M(B) inter B:
set()

AUB = 
{(1, 2, 4, 3, 5, 6, 9, 8, 7, 11, 10, 13, 12, 14), (1, 4, 2, 3, 5, 8, 7, 10, 6, 11, 9, 13, 12, 14), (3, 1, 4, 2, 5, 8, 6, 9, 7, 12, 10, 11, 14, 13), (3, 2, 4, 1, 5, 7, 6, 8, 10, 9, 12, 11, 13, 14), (1, 2, 3, 5, 6, 8, 4, 7, 9, 11, 10, 12, 14, 13), (2, 3, 1, 6, 4, 5, 7, 9, 10, 11, 8, 13, 14, 12), (1, 2, 3, 6, 4, 7, 5, 8, 11, 9, 12, 13, 10, 14), (4, 3, 1, 5, 11, 9, 7, 6, 8, 2, 13, 10, 12, 14), (4, 2, 1, 6, 3, 8, 11, 7, 5, 10, 12, 13, 9, 14), (4, 3, 1, 2, 6, 8, 9, 5, 7, 12, 10, 11, 13, 14)}
M(AUB) = 
[[1, 2, 3, 4, 5, 6, 8, 7, 9, 10, 11, 12, 13, 14], [1, 2, 3, 4, 5, 6, 8, 7, 9, 11, 10, 12, 13, 14], [1, 2, 4, 3, 5, 6, 8, 7, 9, 10, 11, 12, 13, 14], [1, 2, 4, 3, 5, 6, 8, 7, 9, 11, 10, 12, 13, 14], [1, 4, 2, 3, 5, 6, 8, 7, 9, 10, 11, 12, 13, 14], [1, 4, 2, 3, 5, 6, 8, 7, 9, 11, 10, 12, 13, 14]]
Distance:101

(30)
A = 
{(1, 2, 3, 7, 4, 9, 8, 5, 6, 10, 12, 11, 14, 13), (3, 2, 1, 4, 5, 7, 6, 9, 11, 8, 13, 10, 14, 12), (2, 1, 4, 3, 6, 5, 7, 8, 9, 10, 12, 11, 13, 14), (1, 2, 4, 3, 5, 8, 12, 9, 7, 6, 10, 14, 11, 13), (1, 2, 5, 4, 3, 6, 7, 11, 8, 13, 9, 10, 12, 14)}
M(A) = 
[[1, 2, 3, 4, 5, 6, 7, 8, 9, 10, 12, 11, 13, 14], [1, 2, 3, 4, 5, 6, 7, 9, 8, 10, 12, 11, 13, 14]]
Distance: 43
B = 
{(2, 3, 4, 6, 7, 1, 9, 5, 11, 14, 10, 8, 13, 12), (1, 2, 3, 4, 5, 6, 7, 8, 9, 10, 11, 12, 13, 14), (1, 3, 2, 4, 5, 6, 8, 7, 9, 10, 12, 11, 13, 14), (1, 3, 2, 4, 6, 5, 7, 9, 8, 13, 10, 12, 14, 11), (2, 3, 1, 4, 6, 5, 9, 8, 7, 12, 14, 11, 10, 13)}
M(B) = 
[[1, 2, 3, 4, 5, 6, 7, 8, 9, 10, 12, 11, 13, 14], [1, 2, 3, 4, 5, 6, 7, 9, 8, 10, 12, 11, 13, 14]]
Distance: 37
M(A) inter A:
set()
M(B) inter B:
set()

AUB = 
{(3, 2, 1, 4, 5, 7, 6, 9, 11, 8, 13, 10, 14, 12), (1, 3, 2, 4, 5, 6, 8, 7, 9, 10, 12, 11, 13, 14), (2, 3, 4, 6, 7, 1, 9, 5, 11, 14, 10, 8, 13, 12), (1, 3, 2, 4, 6, 5, 7, 9, 8, 13, 10, 12, 14, 11), (2, 3, 1, 4, 6, 5, 9, 8, 7, 12, 14, 11, 10, 13), (1, 2, 4, 3, 5, 8, 12, 9, 7, 6, 10, 14, 11, 13), (1, 2, 3, 7, 4, 9, 8, 5, 6, 10, 12, 11, 14, 13), (2, 1, 4, 3, 6, 5, 7, 8, 9, 10, 12, 11, 13, 14), (1, 2, 3, 4, 5, 6, 7, 8, 9, 10, 11, 12, 13, 14), (1, 2, 5, 4, 3, 6, 7, 11, 8, 13, 9, 10, 12, 14)}
M(AUB) = 
[[1, 2, 3, 4, 5, 6, 7, 8, 9, 10, 12, 11, 13, 14], [1, 2, 3, 4, 5, 6, 7, 9, 8, 10, 12, 11, 13, 14]]
Distance:84

(31)
A = 
{(2, 1, 4, 3, 5, 6, 7, 8, 9, 10, 12, 11, 13, 14), (2, 1, 7, 3, 5, 8, 4, 9, 10, 6, 12, 11, 14, 13), (3, 1, 5, 2, 6, 4, 9, 10, 8, 13, 7, 12, 11, 14), (1, 2, 3, 4, 5, 6, 7, 8, 9, 10, 11, 12, 14, 13), (1, 3, 2, 6, 4, 5, 8, 7, 9, 10, 11, 12, 14, 13)}
M(A) = 
[[1, 2, 3, 4, 5, 6, 7, 8, 9, 10, 11, 12, 14, 13], [1, 2, 3, 4, 6, 5, 7, 8, 9, 10, 11, 12, 14, 13], [1, 2, 3, 6, 4, 5, 7, 8, 9, 10, 11, 12, 14, 13]]
Distance: 33
B = 
{(2, 1, 3, 5, 6, 4, 7, 8, 9, 11, 10, 13, 14, 12), (1, 2, 4, 6, 7, 3, 9, 8, 5, 10, 11, 12, 14, 13), (3, 6, 1, 4, 5, 2, 8, 10, 11, 7, 12, 9, 14, 13), (1, 2, 4, 3, 6, 7, 5, 8, 9, 10, 12, 11, 14, 13), (3, 2, 6, 1, 4, 5, 9, 7, 11, 12, 8, 10, 14, 13)}
M(B) = 
[[1, 2, 3, 4, 5, 6, 7, 8, 9, 10, 11, 12, 14, 13], [1, 2, 3, 4, 6, 5, 7, 8, 9, 10, 11, 12, 14, 13], [1, 2, 3, 6, 4, 5, 7, 8, 9, 10, 11, 12, 14, 13]]
Distance: 41
M(A) inter A:
set()
M(B) inter B:
set()

AUB = 
{(1, 2, 4, 6, 7, 3, 9, 8, 5, 10, 11, 12, 14, 13), (2, 1, 7, 3, 5, 8, 4, 9, 10, 6, 12, 11, 14, 13), (2, 1, 3, 5, 6, 4, 7, 8, 9, 11, 10, 13, 14, 12), (3, 1, 5, 2, 6, 4, 9, 10, 8, 13, 7, 12, 11, 14), (1, 3, 2, 6, 4, 5, 8, 7, 9, 10, 11, 12, 14, 13), (2, 1, 4, 3, 5, 6, 7, 8, 9, 10, 12, 11, 13, 14), (1, 2, 4, 3, 6, 7, 5, 8, 9, 10, 12, 11, 14, 13), (1, 2, 3, 4, 5, 6, 7, 8, 9, 10, 11, 12, 14, 13), (3, 6, 1, 4, 5, 2, 8, 10, 11, 7, 12, 9, 14, 13), (3, 2, 6, 1, 4, 5, 9, 7, 11, 12, 8, 10, 14, 13)}
M(AUB) = 
[[1, 2, 3, 4, 5, 6, 7, 8, 9, 10, 11, 12, 14, 13], [1, 2, 3, 4, 6, 5, 7, 8, 9, 10, 11, 12, 14, 13], [1, 2, 3, 6, 4, 5, 7, 8, 9, 10, 11, 12, 14, 13]]
Distance:79

(32)
A = 
{(1, 2, 4, 7, 3, 5, 10, 6, 8, 9, 11, 12, 14, 13), (1, 2, 3, 4, 5, 6, 7, 8, 9, 10, 11, 12, 13, 14), (1, 3, 5, 2, 6, 4, 10, 9, 8, 7, 12, 11, 13, 14), (1, 3, 2, 4, 5, 6, 7, 8, 10, 9, 11, 12, 13, 14), (3, 2, 1, 5, 4, 7, 6, 8, 11, 9, 10, 13, 12, 14)}
M(A) = 
[[1, 2, 3, 4, 5, 6, 7, 8, 9, 10, 11, 12, 13, 14], [1, 2, 3, 4, 5, 7, 6, 8, 9, 10, 11, 12, 13, 14], [2, 1, 3, 4, 5, 6, 7, 8, 9, 10, 11, 12, 13, 14], [2, 1, 3, 4, 5, 7, 6, 8, 9, 10, 11, 12, 13, 14]]
Distance: 27
B = 
{(4, 2, 1, 3, 7, 6, 5, 10, 8, 13, 9, 11, 12, 14), (2, 1, 3, 4, 5, 6, 7, 8, 9, 10, 11, 12, 13, 14), (2, 1, 3, 4, 6, 5, 8, 7, 9, 10, 11, 12, 13, 14), (3, 5, 4, 9, 1, 2, 10, 7, 6, 8, 13, 12, 14, 11), (2, 4, 5, 1, 3, 8, 7, 12, 11, 14, 6, 13, 9, 10)}
M(B) = 
[[1, 2, 3, 4, 5, 6, 7, 8, 9, 10, 11, 12, 13, 14], [1, 2, 3, 4, 5, 7, 6, 8, 9, 10, 11, 12, 13, 14], [2, 1, 3, 4, 5, 6, 7, 8, 9, 10, 11, 12, 13, 14], [2, 1, 3, 4, 5, 7, 6, 8, 9, 10, 11, 12, 13, 14]]
Distance: 53
M(A) inter A:
set()
M(B) inter B:
set()

AUB = 
{(2, 1, 3, 4, 5, 6, 7, 8, 9, 10, 11, 12, 13, 14), (1, 3, 2, 4, 5, 6, 7, 8, 10, 9, 11, 12, 13, 14), (2, 4, 5, 1, 3, 8, 7, 12, 11, 14, 6, 13, 9, 10), (1, 2, 4, 7, 3, 5, 10, 6, 8, 9, 11, 12, 14, 13), (2, 1, 3, 4, 6, 5, 8, 7, 9, 10, 11, 12, 13, 14), (3, 5, 4, 9, 1, 2, 10, 7, 6, 8, 13, 12, 14, 11), (4, 2, 1, 3, 7, 6, 5, 10, 8, 13, 9, 11, 12, 14), (3, 2, 1, 5, 4, 7, 6, 8, 11, 9, 10, 13, 12, 14), (1, 2, 3, 4, 5, 6, 7, 8, 9, 10, 11, 12, 13, 14), (1, 3, 5, 2, 6, 4, 10, 9, 8, 7, 12, 11, 13, 14)}
M(AUB) = 
[[1, 2, 3, 4, 5, 6, 7, 8, 9, 10, 11, 12, 13, 14], [1, 2, 3, 4, 5, 7, 6, 8, 9, 10, 11, 12, 13, 14], [2, 1, 3, 4, 5, 6, 7, 8, 9, 10, 11, 12, 13, 14], [2, 1, 3, 4, 5, 7, 6, 8, 9, 10, 11, 12, 13, 14]]
Distance:86

(33)
A = 
{(1, 2, 3, 4, 5, 6, 7, 8, 10, 9, 11, 12, 13, 14), (1, 3, 2, 4, 6, 5, 7, 8, 9, 12, 13, 11, 10, 14), (2, 1, 3, 4, 5, 10, 6, 7, 9, 8, 12, 11, 14, 13), (2, 1, 5, 3, 4, 6, 7, 10, 8, 11, 9, 12, 14, 13), (1, 2, 3, 5, 6, 4, 8, 7, 9, 10, 11, 13, 14, 12)}
M(A) = 
[[1, 2, 3, 4, 5, 6, 7, 8, 9, 10, 11, 12, 13, 14], [1, 2, 3, 4, 5, 6, 7, 8, 9, 10, 12, 11, 13, 14], [1, 2, 3, 4, 5, 6, 7, 8, 10, 9, 11, 12, 13, 14], [1, 2, 3, 4, 5, 6, 7, 8, 10, 9, 12, 11, 13, 14]]
Distance: 27
B = 
{(4, 1, 2, 3, 6, 5, 7, 8, 10, 12, 11, 9, 13, 14), (1, 4, 3, 10, 2, 7, 5, 6, 12, 8, 13, 9, 14, 11), (1, 2, 3, 5, 4, 6, 9, 7, 8, 11, 10, 14, 13, 12), (1, 4, 3, 2, 5, 6, 8, 7, 9, 10, 11, 13, 12, 14), (3, 2, 1, 4, 5, 7, 8, 9, 6, 12, 10, 14, 13, 11)}
M(B) = 
[[1, 2, 3, 4, 5, 6, 7, 8, 9, 10, 11, 12, 13, 14], [1, 2, 3, 4, 5, 6, 7, 8, 9, 10, 12, 11, 13, 14], [1, 2, 3, 4, 5, 6, 7, 8, 10, 9, 11, 12, 13, 14], [1, 2, 3, 4, 5, 6, 7, 8, 10, 9, 12, 11, 13, 14]]
Distance: 44
M(A) inter A:
set()
M(B) inter B:
set()

AUB = 
{(4, 1, 2, 3, 6, 5, 7, 8, 10, 12, 11, 9, 13, 14), (1, 2, 3, 5, 6, 4, 8, 7, 9, 10, 11, 13, 14, 12), (1, 3, 2, 4, 6, 5, 7, 8, 9, 12, 13, 11, 10, 14), (2, 1, 3, 4, 5, 10, 6, 7, 9, 8, 12, 11, 14, 13), (3, 2, 1, 4, 5, 7, 8, 9, 6, 12, 10, 14, 13, 11), (1, 2, 3, 4, 5, 6, 7, 8, 10, 9, 11, 12, 13, 14), (1, 4, 3, 10, 2, 7, 5, 6, 12, 8, 13, 9, 14, 11), (1, 4, 3, 2, 5, 6, 8, 7, 9, 10, 11, 13, 12, 14), (2, 1, 5, 3, 4, 6, 7, 10, 8, 11, 9, 12, 14, 13), (1, 2, 3, 5, 4, 6, 9, 7, 8, 11, 10, 14, 13, 12)}
M(AUB) = 
[[1, 2, 3, 4, 5, 6, 7, 8, 9, 10, 11, 12, 13, 14], [1, 2, 3, 4, 5, 6, 7, 8, 9, 10, 12, 11, 13, 14], [1, 2, 3, 4, 5, 6, 7, 8, 10, 9, 11, 12, 13, 14], [1, 2, 3, 4, 5, 6, 7, 8, 10, 9, 12, 11, 13, 14]]
Distance:76

(34)
A = 
{(6, 3, 2, 5, 1, 4, 7, 8, 10, 12, 9, 14, 11, 13), (2, 1, 3, 5, 4, 6, 7, 9, 8, 10, 11, 13, 12, 14), (1, 3, 4, 2, 5, 8, 6, 10, 7, 11, 13, 9, 12, 14), (3, 1, 2, 4, 6, 9, 10, 5, 8, 7, 11, 12, 14, 13), (1, 3, 2, 4, 5, 6, 8, 7, 9, 10, 12, 11, 14, 13)}
M(A) = 
[[1, 3, 2, 4, 5, 6, 7, 8, 9, 10, 11, 12, 13, 14], [1, 3, 2, 4, 5, 6, 7, 8, 9, 10, 11, 12, 14, 13], [1, 3, 2, 5, 4, 6, 7, 8, 9, 10, 11, 12, 13, 14], [1, 3, 2, 5, 4, 6, 7, 8, 9, 10, 11, 12, 14, 13]]
Distance: 38
B = 
{(1, 3, 2, 4, 5, 8, 6, 7, 9, 10, 11, 13, 12, 14), (1, 2, 3, 5, 4, 10, 7, 6, 8, 11, 14, 9, 12, 13), (3, 5, 1, 4, 2, 7, 8, 6, 10, 14, 13, 9, 11, 12), (2, 3, 4, 5, 1, 7, 9, 8, 6, 10, 12, 13, 11, 14), (2, 6, 1, 3, 5, 7, 4, 8, 9, 10, 11, 12, 13, 14)}
M(B) = 
[[1, 3, 2, 4, 5, 6, 7, 8, 9, 10, 11, 12, 13, 14], [1, 3, 2, 4, 5, 6, 7, 8, 9, 10, 11, 12, 14, 13], [1, 3, 2, 5, 4, 6, 7, 8, 9, 10, 11, 12, 13, 14], [1, 3, 2, 5, 4, 6, 7, 8, 9, 10, 11, 12, 14, 13]]
Distance: 44
M(A) inter A:
set()
M(B) inter B:
set()

AUB = 
{(1, 2, 3, 5, 4, 10, 7, 6, 8, 11, 14, 9, 12, 13), (3, 5, 1, 4, 2, 7, 8, 6, 10, 14, 13, 9, 11, 12), (1, 3, 2, 4, 5, 6, 8, 7, 9, 10, 12, 11, 14, 13), (2, 6, 1, 3, 5, 7, 4, 8, 9, 10, 11, 12, 13, 14), (2, 3, 4, 5, 1, 7, 9, 8, 6, 10, 12, 13, 11, 14), (1, 3, 2, 4, 5, 8, 6, 7, 9, 10, 11, 13, 12, 14), (2, 1, 3, 5, 4, 6, 7, 9, 8, 10, 11, 13, 12, 14), (3, 1, 2, 4, 6, 9, 10, 5, 8, 7, 11, 12, 14, 13), (6, 3, 2, 5, 1, 4, 7, 8, 10, 12, 9, 14, 11, 13), (1, 3, 4, 2, 5, 8, 6, 10, 7, 11, 13, 9, 12, 14)}
M(AUB) = 
[[1, 3, 2, 4, 5, 6, 7, 8, 9, 10, 11, 12, 13, 14], [1, 3, 2, 4, 5, 6, 7, 8, 9, 10, 11, 12, 14, 13], [1, 3, 2, 5, 4, 6, 7, 8, 9, 10, 11, 12, 13, 14], [1, 3, 2, 5, 4, 6, 7, 8, 9, 10, 11, 12, 14, 13]]
Distance:88

(35)
A = 
{(5, 4, 2, 3, 6, 7, 1, 8, 11, 9, 10, 12, 14, 13), (3, 4, 2, 1, 6, 5, 7, 8, 14, 10, 11, 9, 12, 13), (2, 1, 4, 5, 3, 6, 7, 8, 11, 10, 12, 9, 13, 14), (2, 4, 1, 5, 3, 8, 6, 9, 11, 10, 7, 14, 13, 12), (5, 4, 2, 1, 6, 3, 7, 8, 10, 9, 12, 13, 14, 11)}
M(A) = 
[[2, 4, 1, 5, 3, 6, 7, 8, 10, 9, 11, 12, 13, 14], [4, 2, 1, 5, 3, 6, 7, 8, 10, 9, 11, 12, 13, 14]]
Distance: 41
B = 
{(2, 1, 5, 7, 4, 3, 8, 6, 10, 9, 12, 13, 11, 14), (2, 4, 3, 1, 5, 9, 6, 7, 8, 10, 13, 12, 11, 14), (1, 4, 2, 6, 3, 7, 5, 8, 9, 10, 11, 12, 13, 14), (2, 7, 1, 4, 5, 6, 3, 10, 8, 13, 11, 12, 14, 9), (4, 1, 6, 2, 3, 5, 12, 7, 10, 14, 9, 8, 11, 13)}
M(B) = 
[[2, 4, 1, 5, 3, 6, 7, 8, 10, 9, 11, 12, 13, 14], [4, 2, 1, 5, 3, 6, 7, 8, 10, 9, 11, 12, 13, 14]]
Distance: 52
M(A) inter A:
set()
M(B) inter B:
set()

AUB = 
{(2, 4, 3, 1, 5, 9, 6, 7, 8, 10, 13, 12, 11, 14), (5, 4, 2, 1, 6, 3, 7, 8, 10, 9, 12, 13, 14, 11), (5, 4, 2, 3, 6, 7, 1, 8, 11, 9, 10, 12, 14, 13), (2, 7, 1, 4, 5, 6, 3, 10, 8, 13, 11, 12, 14, 9), (3, 4, 2, 1, 6, 5, 7, 8, 14, 10, 11, 9, 12, 13), (2, 1, 4, 5, 3, 6, 7, 8, 11, 10, 12, 9, 13, 14), (2, 4, 1, 5, 3, 8, 6, 9, 11, 10, 7, 14, 13, 12), (4, 1, 6, 2, 3, 5, 12, 7, 10, 14, 9, 8, 11, 13), (2, 1, 5, 7, 4, 3, 8, 6, 10, 9, 12, 13, 11, 14), (1, 4, 2, 6, 3, 7, 5, 8, 9, 10, 11, 12, 13, 14)}
M(AUB) = 
[[2, 4, 1, 5, 3, 6, 7, 8, 10, 9, 11, 12, 13, 14], [4, 2, 1, 5, 3, 6, 7, 8, 10, 9, 11, 12, 13, 14]]
Distance:101

(36)
A = 
{(3, 1, 2, 4, 5, 7, 6, 8, 9, 11, 14, 10, 12, 13), (1, 4, 2, 3, 6, 5, 7, 8, 9, 10, 11, 13, 12, 14), (1, 2, 3, 4, 5, 6, 7, 8, 9, 10, 11, 12, 13, 14), (1, 3, 4, 2, 7, 6, 9, 5, 11, 8, 10, 14, 12, 13), (1, 2, 3, 5, 4, 6, 9, 10, 8, 7, 12, 13, 11, 14)}
M(A) = 
[[1, 2, 3, 4, 5, 6, 7, 8, 9, 10, 11, 12, 13, 14], [1, 2, 3, 4, 5, 6, 7, 9, 8, 10, 11, 12, 13, 14]]
Distance: 30
B = 
{(2, 1, 3, 5, 4, 6, 9, 10, 7, 8, 12, 13, 14, 11), (2, 1, 3, 5, 4, 6, 8, 9, 7, 10, 13, 11, 14, 12), (2, 1, 4, 3, 5, 6, 7, 8, 9, 11, 10, 13, 14, 12), (2, 1, 9, 6, 4, 12, 11, 5, 8, 7, 3, 14, 13, 10), (5, 1, 2, 3, 4, 7, 9, 6, 10, 13, 12, 8, 11, 14)}
M(B) = 
[[1, 2, 3, 4, 5, 6, 7, 8, 9, 10, 11, 12, 13, 14], [1, 2, 3, 4, 5, 6, 7, 9, 8, 10, 11, 12, 13, 14]]
Distance: 54
M(A) inter A:
set()
M(B) inter B:
set()

AUB = 
{(3, 1, 2, 4, 5, 7, 6, 8, 9, 11, 14, 10, 12, 13), (2, 1, 3, 5, 4, 6, 8, 9, 7, 10, 13, 11, 14, 12), (1, 4, 2, 3, 6, 5, 7, 8, 9, 10, 11, 13, 12, 14), (1, 3, 4, 2, 7, 6, 9, 5, 11, 8, 10, 14, 12, 13), (2, 1, 9, 6, 4, 12, 11, 5, 8, 7, 3, 14, 13, 10), (2, 1, 3, 5, 4, 6, 9, 10, 7, 8, 12, 13, 14, 11), (2, 1, 4, 3, 5, 6, 7, 8, 9, 11, 10, 13, 14, 12), (1, 2, 3, 5, 4, 6, 9, 10, 8, 7, 12, 13, 11, 14), (5, 1, 2, 3, 4, 7, 9, 6, 10, 13, 12, 8, 11, 14), (1, 2, 3, 4, 5, 6, 7, 8, 9, 10, 11, 12, 13, 14)}
M(AUB) = 
[[1, 2, 3, 4, 5, 6, 7, 8, 9, 10, 11, 12, 13, 14], [1, 2, 3, 4, 5, 6, 7, 9, 8, 10, 11, 12, 13, 14]]
Distance:93

(37)
A = 
{(1, 3, 5, 4, 7, 6, 2, 9, 8, 10, 11, 12, 13, 14), (4, 2, 7, 1, 5, 3, 10, 11, 8, 9, 12, 6, 14, 13), (1, 5, 3, 6, 4, 8, 2, 11, 12, 10, 9, 7, 14, 13), (1, 2, 5, 3, 4, 6, 7, 9, 11, 8, 10, 14, 12, 13), (3, 1, 4, 5, 2, 12, 6, 7, 10, 9, 8, 13, 14, 11)}
M(A) = 
[[1, 3, 4, 2, 5, 6, 7, 8, 9, 10, 11, 12, 13, 14], [1, 3, 4, 2, 5, 6, 7, 8, 9, 10, 11, 12, 14, 13], [1, 3, 4, 2, 5, 6, 7, 8, 10, 9, 11, 12, 13, 14], [1, 3, 4, 2, 5, 6, 7, 8, 10, 9, 11, 12, 14, 13], [1, 3, 4, 2, 5, 6, 8, 7, 9, 10, 11, 12, 13, 14], [1, 3, 4, 2, 5, 6, 8, 7, 9, 10, 11, 12, 14, 13], [1, 3, 4, 2, 5, 6, 8, 7, 10, 9, 11, 12, 13, 14], [1, 3, 4, 2, 5, 6, 8, 7, 10, 9, 11, 12, 14, 13], [1, 3, 4, 2, 5, 8, 6, 7, 9, 10, 11, 12, 13, 14], [1, 3, 4, 2, 5, 8, 6, 7, 9, 10, 11, 12, 14, 13], [1, 3, 4, 2, 5, 8, 6, 7, 10, 9, 11, 12, 13, 14], [1, 3, 4, 2, 5, 8, 6, 7, 10, 9, 11, 12, 14, 13]]
Distance: 59
B = 
{(2, 5, 4, 1, 8, 7, 3, 12, 6, 10, 11, 13, 9, 14), (1, 3, 4, 2, 8, 9, 6, 7, 11, 13, 5, 12, 14, 10), (1, 3, 2, 4, 5, 6, 9, 7, 8, 10, 11, 12, 13, 14), (5, 4, 2, 1, 8, 6, 10, 3, 11, 7, 12, 9, 14, 13), (1, 3, 8, 2, 4, 6, 5, 9, 7, 10, 11, 14, 12, 13)}
M(B) = 
[[1, 3, 4, 2, 5, 6, 7, 8, 9, 10, 11, 12, 13, 14], [1, 3, 4, 2, 5, 6, 7, 8, 9, 10, 11, 12, 14, 13], [1, 3, 4, 2, 5, 6, 7, 8, 10, 9, 11, 12, 13, 14], [1, 3, 4, 2, 5, 6, 7, 8, 10, 9, 11, 12, 14, 13], [1, 3, 4, 2, 5, 6, 8, 7, 9, 10, 11, 12, 13, 14], [1, 3, 4, 2, 5, 6, 8, 7, 9, 10, 11, 12, 14, 13], [1, 3, 4, 2, 5, 6, 8, 7, 10, 9, 11, 12, 13, 14], [1, 3, 4, 2, 5, 6, 8, 7, 10, 9, 11, 12, 14, 13], [1, 3, 4, 2, 5, 8, 6, 7, 9, 10, 11, 12, 13, 14], [1, 3, 4, 2, 5, 8, 6, 7, 9, 10, 11, 12, 14, 13], [1, 3, 4, 2, 5, 8, 6, 7, 10, 9, 11, 12, 13, 14], [1, 3, 4, 2, 5, 8, 6, 7, 10, 9, 11, 12, 14, 13]]
Distance: 59
M(A) inter A:
set()
M(B) inter B:
set()

AUB = 
{(4, 2, 7, 1, 5, 3, 10, 11, 8, 9, 12, 6, 14, 13), (1, 5, 3, 6, 4, 8, 2, 11, 12, 10, 9, 7, 14, 13), (2, 5, 4, 1, 8, 7, 3, 12, 6, 10, 11, 13, 9, 14), (1, 3, 4, 2, 8, 9, 6, 7, 11, 13, 5, 12, 14, 10), (1, 2, 5, 3, 4, 6, 7, 9, 11, 8, 10, 14, 12, 13), (1, 3, 2, 4, 5, 6, 9, 7, 8, 10, 11, 12, 13, 14), (1, 3, 5, 4, 7, 6, 2, 9, 8, 10, 11, 12, 13, 14), (3, 1, 4, 5, 2, 12, 6, 7, 10, 9, 8, 13, 14, 11), (5, 4, 2, 1, 8, 6, 10, 3, 11, 7, 12, 9, 14, 13), (1, 3, 8, 2, 4, 6, 5, 9, 7, 10, 11, 14, 12, 13)}
M(AUB) = 
[[1, 3, 4, 2, 5, 6, 7, 8, 9, 10, 11, 12, 13, 14], [1, 3, 4, 2, 5, 6, 7, 8, 9, 10, 11, 12, 14, 13], [1, 3, 4, 2, 5, 6, 7, 8, 10, 9, 11, 12, 13, 14], [1, 3, 4, 2, 5, 6, 7, 8, 10, 9, 11, 12, 14, 13], [1, 3, 4, 2, 5, 6, 8, 7, 9, 10, 11, 12, 13, 14], [1, 3, 4, 2, 5, 6, 8, 7, 9, 10, 11, 12, 14, 13], [1, 3, 4, 2, 5, 6, 8, 7, 10, 9, 11, 12, 13, 14], [1, 3, 4, 2, 5, 6, 8, 7, 10, 9, 11, 12, 14, 13], [1, 3, 4, 2, 5, 8, 6, 7, 9, 10, 11, 12, 13, 14], [1, 3, 4, 2, 5, 8, 6, 7, 9, 10, 11, 12, 14, 13], [1, 3, 4, 2, 5, 8, 6, 7, 10, 9, 11, 12, 13, 14], [1, 3, 4, 2, 5, 8, 6, 7, 10, 9, 11, 12, 14, 13]]
Distance:131

(38)
A = 
{(1, 2, 3, 4, 11, 9, 6, 7, 5, 14, 12, 10, 8, 13), (2, 4, 1, 11, 6, 3, 9, 5, 10, 8, 7, 12, 13, 14), (4, 5, 1, 6, 2, 3, 7, 14, 8, 13, 9, 11, 10, 12), (2, 1, 3, 4, 5, 6, 7, 9, 8, 10, 11, 12, 14, 13), (2, 1, 3, 4, 6, 5, 7, 9, 8, 10, 13, 12, 11, 14)}
M(A) = 
[[1, 2, 3, 4, 5, 6, 7, 9, 8, 10, 11, 13, 12, 14], [1, 2, 3, 4, 6, 5, 7, 9, 8, 10, 11, 13, 12, 14], [1, 2, 4, 3, 5, 6, 7, 9, 8, 10, 11, 13, 12, 14], [1, 2, 4, 3, 6, 5, 7, 9, 8, 10, 11, 13, 12, 14]]
Distance: 58
B = 
{(1, 2, 4, 7, 3, 5, 6, 9, 10, 8, 13, 12, 11, 14), (1, 3, 2, 6, 5, 8, 7, 4, 9, 12, 10, 11, 14, 13), (1, 3, 2, 5, 4, 6, 7, 9, 8, 10, 11, 14, 13, 12), (1, 2, 4, 9, 6, 7, 3, 10, 8, 13, 5, 12, 11, 14), (1, 4, 5, 2, 7, 3, 6, 8, 10, 11, 9, 13, 14, 12)}
M(B) = 
[[1, 2, 3, 4, 5, 6, 7, 9, 8, 10, 11, 13, 12, 14], [1, 2, 3, 4, 6, 5, 7, 9, 8, 10, 11, 13, 12, 14], [1, 2, 4, 3, 5, 6, 7, 9, 8, 10, 11, 13, 12, 14], [1, 2, 4, 3, 6, 5, 7, 9, 8, 10, 11, 13, 12, 14]]
Distance: 47
M(A) inter A:
set()
M(B) inter B:
set()

AUB = 
{(1, 2, 3, 4, 11, 9, 6, 7, 5, 14, 12, 10, 8, 13), (2, 4, 1, 11, 6, 3, 9, 5, 10, 8, 7, 12, 13, 14), (1, 2, 4, 7, 3, 5, 6, 9, 10, 8, 13, 12, 11, 14), (1, 3, 2, 6, 5, 8, 7, 4, 9, 12, 10, 11, 14, 13), (2, 1, 3, 4, 5, 6, 7, 9, 8, 10, 11, 12, 14, 13), (1, 3, 2, 5, 4, 6, 7, 9, 8, 10, 11, 14, 13, 12), (1, 2, 4, 9, 6, 7, 3, 10, 8, 13, 5, 12, 11, 14), (1, 4, 5, 2, 7, 3, 6, 8, 10, 11, 9, 13, 14, 12), (4, 5, 1, 6, 2, 3, 7, 14, 8, 13, 9, 11, 10, 12), (2, 1, 3, 4, 6, 5, 7, 9, 8, 10, 13, 12, 11, 14)}
M(AUB) = 
[[1, 2, 3, 4, 5, 6, 7, 9, 8, 10, 11, 13, 12, 14], [1, 2, 3, 4, 6, 5, 7, 9, 8, 10, 11, 13, 12, 14], [1, 2, 4, 3, 5, 6, 7, 9, 8, 10, 11, 13, 12, 14], [1, 2, 4, 3, 6, 5, 7, 9, 8, 10, 11, 13, 12, 14]]
Distance:111

(39)
A = 
{(2, 1, 3, 4, 5, 6, 7, 8, 9, 10, 11, 12, 13, 14), (2, 5, 3, 1, 9, 6, 4, 8, 7, 10, 11, 14, 12, 13), (3, 7, 2, 1, 5, 4, 8, 6, 9, 12, 13, 10, 14, 11), (3, 2, 1, 4, 6, 8, 5, 13, 9, 7, 10, 11, 12, 14), (2, 4, 1, 6, 3, 9, 5, 8, 10, 13, 7, 12, 11, 14)}
M(A) = 
[[2, 3, 1, 4, 5, 6, 7, 8, 9, 10, 11, 12, 13, 14], [2, 3, 1, 4, 5, 6, 7, 8, 9, 10, 12, 11, 13, 14], [2, 3, 1, 5, 4, 6, 7, 8, 9, 10, 11, 12, 13, 14], [2, 3, 1, 5, 4, 6, 7, 8, 9, 10, 12, 11, 13, 14]]
Distance: 47
B = 
{(3, 2, 1, 5, 6, 4, 8, 10, 9, 13, 7, 12, 11, 14), (1, 2, 5, 3, 4, 6, 7, 8, 10, 9, 11, 14, 12, 13), (2, 3, 1, 4, 6, 10, 5, 7, 12, 11, 8, 9, 13, 14), (3, 2, 1, 5, 9, 4, 6, 7, 11, 8, 10, 12, 14, 13), (4, 1, 2, 3, 5, 6, 7, 10, 12, 8, 9, 14, 11, 13)}
M(B) = 
[[2, 3, 1, 4, 5, 6, 7, 8, 9, 10, 11, 12, 13, 14], [2, 3, 1, 4, 5, 6, 7, 8, 9, 10, 12, 11, 13, 14], [2, 3, 1, 5, 4, 6, 7, 8, 9, 10, 11, 12, 13, 14], [2, 3, 1, 5, 4, 6, 7, 8, 9, 10, 12, 11, 13, 14]]
Distance: 43
M(A) inter A:
set()
M(B) inter B:
set()

AUB = 
{(2, 1, 3, 4, 5, 6, 7, 8, 9, 10, 11, 12, 13, 14), (2, 5, 3, 1, 9, 6, 4, 8, 7, 10, 11, 14, 12, 13), (3, 7, 2, 1, 5, 4, 8, 6, 9, 12, 13, 10, 14, 11), (3, 2, 1, 4, 6, 8, 5, 13, 9, 7, 10, 11, 12, 14), (3, 2, 1, 5, 6, 4, 8, 10, 9, 13, 7, 12, 11, 14), (2, 4, 1, 6, 3, 9, 5, 8, 10, 13, 7, 12, 11, 14), (4, 1, 2, 3, 5, 6, 7, 10, 12, 8, 9, 14, 11, 13), (1, 2, 5, 3, 4, 6, 7, 8, 10, 9, 11, 14, 12, 13), (2, 3, 1, 4, 6, 10, 5, 7, 12, 11, 8, 9, 13, 14), (3, 2, 1, 5, 9, 4, 6, 7, 11, 8, 10, 12, 14, 13)}
M(AUB) = 
[[2, 3, 1, 4, 5, 6, 7, 8, 9, 10, 11, 12, 13, 14], [2, 3, 1, 4, 5, 6, 7, 8, 9, 10, 12, 11, 13, 14], [2, 3, 1, 5, 4, 6, 7, 8, 9, 10, 11, 12, 13, 14], [2, 3, 1, 5, 4, 6, 7, 8, 9, 10, 12, 11, 13, 14]]
Distance:98

(40)
A = 
{(1, 2, 5, 3, 7, 4, 8, 10, 6, 9, 12, 11, 13, 14), (2, 3, 1, 4, 5, 7, 6, 9, 10, 8, 11, 12, 14, 13), (1, 4, 2, 3, 7, 8, 5, 9, 6, 11, 10, 14, 13, 12), (1, 2, 5, 3, 6, 4, 9, 7, 8, 13, 10, 14, 12, 11), (6, 3, 1, 5, 11, 2, 7, 8, 4, 12, 14, 13, 9, 10)}
M(A) = 
[[1, 2, 3, 4, 5, 7, 6, 8, 9, 10, 11, 12, 13, 14], [1, 2, 3, 4, 5, 7, 6, 8, 9, 10, 11, 12, 14, 13], [1, 2, 3, 4, 5, 7, 6, 8, 9, 10, 11, 13, 12, 14], [1, 2, 3, 4, 5, 7, 6, 8, 9, 10, 11, 13, 14, 12], [1, 2, 3, 4, 5, 7, 6, 8, 9, 10, 11, 14, 12, 13], [1, 2, 3, 4, 5, 7, 6, 8, 9, 10, 11, 14, 13, 12], [1, 2, 3, 5, 4, 7, 6, 8, 9, 10, 11, 12, 13, 14], [1, 2, 3, 5, 4, 7, 6, 8, 9, 10, 11, 12, 14, 13], [1, 2, 3, 5, 4, 7, 6, 8, 9, 10, 11, 13, 12, 14], [1, 2, 3, 5, 4, 7, 6, 8, 9, 10, 11, 13, 14, 12], [1, 2, 3, 5, 4, 7, 6, 8, 9, 10, 11, 14, 12, 13], [1, 2, 3, 5, 4, 7, 6, 8, 9, 10, 11, 14, 13, 12]]
Distance: 57
B = 
{(4, 1, 3, 2, 5, 11, 7, 13, 6, 9, 8, 14, 12, 10), (2, 1, 4, 3, 5, 6, 7, 8, 10, 9, 11, 12, 13, 14), (2, 1, 3, 5, 4, 6, 7, 8, 10, 9, 13, 11, 14, 12), (2, 1, 7, 3, 4, 5, 9, 10, 6, 12, 8, 14, 13, 11), (5, 3, 1, 7, 6, 2, 10, 4, 11, 8, 9, 14, 13, 12)}
M(B) = 
[[1, 2, 3, 4, 5, 7, 6, 8, 9, 10, 11, 12, 13, 14], [1, 2, 3, 4, 5, 7, 6, 8, 9, 10, 11, 12, 14, 13], [1, 2, 3, 4, 5, 7, 6, 8, 9, 10, 11, 13, 12, 14], [1, 2, 3, 4, 5, 7, 6, 8, 9, 10, 11, 13, 14, 12], [1, 2, 3, 4, 5, 7, 6, 8, 9, 10, 11, 14, 12, 13], [1, 2, 3, 4, 5, 7, 6, 8, 9, 10, 11, 14, 13, 12], [1, 2, 3, 5, 4, 7, 6, 8, 9, 10, 11, 12, 13, 14], [1, 2, 3, 5, 4, 7, 6, 8, 9, 10, 11, 12, 14, 13], [1, 2, 3, 5, 4, 7, 6, 8, 9, 10, 11, 13, 12, 14], [1, 2, 3, 5, 4, 7, 6, 8, 9, 10, 11, 13, 14, 12], [1, 2, 3, 5, 4, 7, 6, 8, 9, 10, 11, 14, 12, 13], [1, 2, 3, 5, 4, 7, 6, 8, 9, 10, 11, 14, 13, 12]]
Distance: 56
M(A) inter A:
set()
M(B) inter B:
set()

AUB = 
{(2, 1, 3, 5, 4, 6, 7, 8, 10, 9, 13, 11, 14, 12), (1, 2, 5, 3, 6, 4, 9, 7, 8, 13, 10, 14, 12, 11), (2, 3, 1, 4, 5, 7, 6, 9, 10, 8, 11, 12, 14, 13), (4, 1, 3, 2, 5, 11, 7, 13, 6, 9, 8, 14, 12, 10), (2, 1, 4, 3, 5, 6, 7, 8, 10, 9, 11, 12, 13, 14), (1, 4, 2, 3, 7, 8, 5, 9, 6, 11, 10, 14, 13, 12), (5, 3, 1, 7, 6, 2, 10, 4, 11, 8, 9, 14, 13, 12), (2, 1, 7, 3, 4, 5, 9, 10, 6, 12, 8, 14, 13, 11), (1, 2, 5, 3, 7, 4, 8, 10, 6, 9, 12, 11, 13, 14), (6, 3, 1, 5, 11, 2, 7, 8, 4, 12, 14, 13, 9, 10)}
M(AUB) = 
[[1, 2, 3, 4, 5, 7, 6, 8, 9, 10, 11, 12, 13, 14], [1, 2, 3, 4, 5, 7, 6, 8, 9, 10, 11, 12, 14, 13], [1, 2, 3, 4, 5, 7, 6, 8, 9, 10, 11, 13, 12, 14], [1, 2, 3, 4, 5, 7, 6, 8, 9, 10, 11, 13, 14, 12], [1, 2, 3, 4, 5, 7, 6, 8, 9, 10, 11, 14, 12, 13], [1, 2, 3, 4, 5, 7, 6, 8, 9, 10, 11, 14, 13, 12], [1, 2, 3, 5, 4, 7, 6, 8, 9, 10, 11, 12, 13, 14], [1, 2, 3, 5, 4, 7, 6, 8, 9, 10, 11, 12, 14, 13], [1, 2, 3, 5, 4, 7, 6, 8, 9, 10, 11, 13, 12, 14], [1, 2, 3, 5, 4, 7, 6, 8, 9, 10, 11, 13, 14, 12], [1, 2, 3, 5, 4, 7, 6, 8, 9, 10, 11, 14, 12, 13], [1, 2, 3, 5, 4, 7, 6, 8, 9, 10, 11, 14, 13, 12]]
Distance:119

(41)
A = 
{(3, 2, 1, 5, 6, 7, 11, 8, 4, 9, 12, 13, 10, 14), (4, 2, 1, 5, 6, 9, 7, 3, 11, 8, 10, 13, 12, 14), (2, 1, 4, 3, 5, 6, 7, 8, 9, 11, 10, 13, 12, 14), (1, 2, 4, 7, 6, 3, 5, 8, 11, 10, 9, 12, 14, 13), (1, 2, 4, 5, 3, 7, 6, 8, 11, 9, 10, 14, 12, 13)}
M(A) = 
[[1, 2, 4, 3, 5, 6, 7, 8, 9, 10, 11, 12, 13, 14], [1, 2, 4, 3, 5, 6, 7, 8, 9, 11, 10, 12, 13, 14], [2, 1, 4, 3, 5, 6, 7, 8, 9, 10, 11, 12, 13, 14], [2, 1, 4, 3, 5, 6, 7, 8, 9, 11, 10, 12, 13, 14]]
Distance: 37
B = 
{(2, 1, 3, 5, 4, 7, 9, 6, 8, 13, 10, 12, 11, 14), (5, 1, 4, 2, 6, 3, 8, 10, 9, 7, 11, 12, 13, 14), (1, 2, 3, 4, 5, 7, 6, 8, 9, 10, 11, 12, 13, 14), (1, 2, 3, 4, 5, 6, 7, 8, 9, 10, 11, 13, 12, 14), (2, 1, 4, 3, 6, 7, 5, 8, 10, 11, 9, 12, 14, 13)}
M(B) = 
[[1, 2, 4, 3, 5, 6, 7, 8, 9, 10, 11, 12, 13, 14], [1, 2, 4, 3, 5, 6, 7, 8, 9, 11, 10, 12, 13, 14], [2, 1, 4, 3, 5, 6, 7, 8, 9, 10, 11, 12, 13, 14], [2, 1, 4, 3, 5, 6, 7, 8, 9, 11, 10, 12, 13, 14]]
Distance: 29
M(A) inter A:
set()
M(B) inter B:
set()

AUB = 
{(3, 2, 1, 5, 6, 7, 11, 8, 4, 9, 12, 13, 10, 14), (4, 2, 1, 5, 6, 9, 7, 3, 11, 8, 10, 13, 12, 14), (2, 1, 4, 3, 5, 6, 7, 8, 9, 11, 10, 13, 12, 14), (1, 2, 3, 4, 5, 7, 6, 8, 9, 10, 11, 12, 13, 14), (2, 1, 3, 5, 4, 7, 9, 6, 8, 13, 10, 12, 11, 14), (1, 2, 4, 7, 6, 3, 5, 8, 11, 10, 9, 12, 14, 13), (1, 2, 3, 4, 5, 6, 7, 8, 9, 10, 11, 13, 12, 14), (2, 1, 4, 3, 6, 7, 5, 8, 10, 11, 9, 12, 14, 13), (5, 1, 4, 2, 6, 3, 8, 10, 9, 7, 11, 12, 13, 14), (1, 2, 4, 5, 3, 7, 6, 8, 11, 9, 10, 14, 12, 13)}
M(AUB) = 
[[1, 2, 4, 3, 5, 6, 7, 8, 9, 10, 11, 12, 13, 14], [1, 2, 4, 3, 5, 6, 7, 8, 9, 11, 10, 12, 13, 14], [2, 1, 4, 3, 5, 6, 7, 8, 9, 10, 11, 12, 13, 14], [2, 1, 4, 3, 5, 6, 7, 8, 9, 11, 10, 12, 13, 14]]
Distance:74

(42)
A = 
{(1, 3, 2, 4, 5, 6, 7, 8, 10, 9, 11, 13, 12, 14), (3, 6, 2, 4, 5, 1, 7, 9, 12, 8, 11, 13, 14, 10), (3, 1, 2, 4, 5, 8, 7, 9, 6, 10, 11, 14, 12, 13), (1, 3, 2, 6, 5, 8, 4, 10, 7, 11, 13, 12, 9, 14), (2, 1, 3, 4, 6, 5, 7, 9, 8, 11, 10, 12, 14, 13)}
M(A) = 
[[1, 3, 2, 4, 5, 6, 7, 8, 9, 10, 11, 12, 13, 14], [1, 3, 2, 4, 6, 5, 7, 8, 9, 10, 11, 12, 13, 14]]
Distance: 40
B = 
{(2, 1, 3, 5, 4, 6, 9, 11, 12, 8, 7, 14, 13, 10), (6, 1, 3, 4, 8, 2, 5, 12, 7, 9, 10, 11, 13, 14), (2, 1, 4, 3, 6, 5, 7, 8, 9, 11, 10, 13, 14, 12), (1, 3, 4, 2, 5, 7, 8, 6, 9, 10, 11, 12, 13, 14), (5, 1, 3, 2, 4, 6, 7, 8, 9, 10, 11, 13, 14, 12)}
M(B) = 
[[1, 3, 2, 4, 5, 6, 7, 8, 9, 10, 11, 12, 13, 14], [1, 3, 2, 4, 6, 5, 7, 8, 9, 10, 11, 12, 13, 14]]
Distance: 44
M(A) inter A:
set()
M(B) inter B:
set()

AUB = 
{(2, 1, 3, 5, 4, 6, 9, 11, 12, 8, 7, 14, 13, 10), (2, 1, 4, 3, 6, 5, 7, 8, 9, 11, 10, 13, 14, 12), (5, 1, 3, 2, 4, 6, 7, 8, 9, 10, 11, 13, 14, 12), (1, 3, 4, 2, 5, 7, 8, 6, 9, 10, 11, 12, 13, 14), (3, 6, 2, 4, 5, 1, 7, 9, 12, 8, 11, 13, 14, 10), (1, 3, 2, 6, 5, 8, 4, 10, 7, 11, 13, 12, 9, 14), (3, 1, 2, 4, 5, 8, 7, 9, 6, 10, 11, 14, 12, 13), (6, 1, 3, 4, 8, 2, 5, 12, 7, 9, 10, 11, 13, 14), (2, 1, 3, 4, 6, 5, 7, 9, 8, 11, 10, 12, 14, 13), (1, 3, 2, 4, 5, 6, 7, 8, 10, 9, 11, 13, 12, 14)}
M(AUB) = 
[[1, 3, 2, 4, 5, 6, 7, 8, 9, 10, 11, 12, 13, 14], [1, 3, 2, 4, 6, 5, 7, 8, 9, 10, 11, 12, 13, 14]]
Distance:85

(43)
A = 
{(3, 1, 2, 4, 5, 7, 6, 11, 10, 9, 12, 8, 13, 14), (3, 4, 1, 7, 5, 2, 6, 8, 12, 10, 11, 14, 13, 9), (2, 1, 6, 3, 4, 5, 7, 8, 9, 11, 13, 10, 14, 12), (1, 2, 5, 3, 7, 6, 4, 8, 12, 10, 9, 13, 11, 14), (3, 2, 4, 1, 5, 6, 8, 10, 7, 12, 9, 14, 11, 13)}
M(A) = 
[[1, 2, 3, 4, 5, 6, 7, 8, 10, 9, 11, 12, 14, 13], [1, 2, 3, 4, 5, 6, 7, 8, 10, 9, 11, 14, 12, 13], [1, 2, 3, 4, 5, 6, 7, 8, 10, 9, 12, 11, 14, 13], [1, 2, 3, 4, 5, 7, 6, 8, 10, 9, 11, 12, 14, 13], [1, 2, 3, 4, 5, 7, 6, 8, 10, 9, 11, 14, 12, 13], [1, 2, 3, 4, 5, 7, 6, 8, 10, 9, 12, 11, 14, 13], [2, 1, 3, 4, 5, 6, 7, 8, 10, 9, 11, 12, 14, 13], [2, 1, 3, 4, 5, 6, 7, 8, 10, 9, 11, 14, 12, 13], [2, 1, 3, 4, 5, 6, 7, 8, 10, 9, 12, 11, 14, 13], [2, 1, 3, 4, 5, 7, 6, 8, 10, 9, 11, 12, 14, 13], [2, 1, 3, 4, 5, 7, 6, 8, 10, 9, 11, 14, 12, 13], [2, 1, 3, 4, 5, 7, 6, 8, 10, 9, 12, 11, 14, 13]]
Distance: 47
B = 
{(2, 1, 3, 4, 6, 5, 7, 9, 8, 10, 14, 12, 11, 13), (1, 2, 3, 5, 4, 8, 14, 9, 10, 6, 13, 7, 12, 11), (1, 3, 2, 7, 5, 4, 9, 6, 10, 11, 12, 14, 8, 13), (5, 2, 4, 3, 1, 6, 8, 10, 7, 14, 9, 13, 11, 12), (2, 1, 3, 4, 5, 7, 6, 10, 8, 9, 11, 13, 14, 12)}
M(B) = 
[[1, 2, 3, 4, 5, 6, 7, 8, 10, 9, 11, 12, 14, 13], [1, 2, 3, 4, 5, 6, 7, 8, 10, 9, 11, 14, 12, 13], [1, 2, 3, 4, 5, 6, 7, 8, 10, 9, 12, 11, 14, 13], [1, 2, 3, 4, 5, 7, 6, 8, 10, 9, 11, 12, 14, 13], [1, 2, 3, 4, 5, 7, 6, 8, 10, 9, 11, 14, 12, 13], [1, 2, 3, 4, 5, 7, 6, 8, 10, 9, 12, 11, 14, 13], [2, 1, 3, 4, 5, 6, 7, 8, 10, 9, 11, 12, 14, 13], [2, 1, 3, 4, 5, 6, 7, 8, 10, 9, 11, 14, 12, 13], [2, 1, 3, 4, 5, 6, 7, 8, 10, 9, 12, 11, 14, 13], [2, 1, 3, 4, 5, 7, 6, 8, 10, 9, 11, 12, 14, 13], [2, 1, 3, 4, 5, 7, 6, 8, 10, 9, 11, 14, 12, 13], [2, 1, 3, 4, 5, 7, 6, 8, 10, 9, 12, 11, 14, 13]]
Distance: 50
M(A) inter A:
set()
M(B) inter B:
set()

AUB = 
{(1, 2, 5, 3, 7, 6, 4, 8, 12, 10, 9, 13, 11, 14), (1, 2, 3, 5, 4, 8, 14, 9, 10, 6, 13, 7, 12, 11), (5, 2, 4, 3, 1, 6, 8, 10, 7, 14, 9, 13, 11, 12), (2, 1, 3, 4, 5, 7, 6, 10, 8, 9, 11, 13, 14, 12), (3, 1, 2, 4, 5, 7, 6, 11, 10, 9, 12, 8, 13, 14), (3, 4, 1, 7, 5, 2, 6, 8, 12, 10, 11, 14, 13, 9), (2, 1, 3, 4, 6, 5, 7, 9, 8, 10, 14, 12, 11, 13), (1, 3, 2, 7, 5, 4, 9, 6, 10, 11, 12, 14, 8, 13), (2, 1, 6, 3, 4, 5, 7, 8, 9, 11, 13, 10, 14, 12), (3, 2, 4, 1, 5, 6, 8, 10, 7, 12, 9, 14, 11, 13)}
M(AUB) = 
[[1, 2, 3, 4, 5, 6, 7, 8, 10, 9, 11, 12, 14, 13], [1, 2, 3, 4, 5, 6, 7, 8, 10, 9, 11, 14, 12, 13], [1, 2, 3, 4, 5, 6, 7, 8, 10, 9, 12, 11, 14, 13], [1, 2, 3, 4, 5, 7, 6, 8, 10, 9, 11, 12, 14, 13], [1, 2, 3, 4, 5, 7, 6, 8, 10, 9, 11, 14, 12, 13], [1, 2, 3, 4, 5, 7, 6, 8, 10, 9, 12, 11, 14, 13], [2, 1, 3, 4, 5, 6, 7, 8, 10, 9, 11, 12, 14, 13], [2, 1, 3, 4, 5, 6, 7, 8, 10, 9, 11, 14, 12, 13], [2, 1, 3, 4, 5, 6, 7, 8, 10, 9, 12, 11, 14, 13], [2, 1, 3, 4, 5, 7, 6, 8, 10, 9, 11, 12, 14, 13], [2, 1, 3, 4, 5, 7, 6, 8, 10, 9, 11, 14, 12, 13], [2, 1, 3, 4, 5, 7, 6, 8, 10, 9, 12, 11, 14, 13]]
Distance:111

(44)
A = 
{(2, 1, 4, 8, 5, 3, 11, 6, 7, 10, 14, 13, 9, 12), (1, 3, 8, 2, 4, 6, 5, 9, 11, 12, 7, 14, 10, 13), (2, 1, 3, 5, 4, 6, 8, 9, 10, 7, 11, 13, 12, 14), (4, 5, 1, 2, 6, 3, 9, 8, 7, 11, 12, 10, 13, 14), (2, 4, 7, 3, 1, 9, 11, 6, 5, 13, 10, 12, 8, 14)}
M(A) = 
[[1, 2, 3, 4, 5, 6, 8, 7, 9, 11, 10, 12, 13, 14], [1, 2, 3, 4, 5, 6, 8, 7, 9, 11, 10, 13, 12, 14], [1, 2, 3, 4, 6, 5, 8, 7, 9, 11, 10, 12, 13, 14], [1, 2, 3, 4, 6, 5, 8, 7, 9, 11, 10, 13, 12, 14], [2, 1, 3, 4, 5, 6, 8, 7, 9, 11, 10, 12, 13, 14], [2, 1, 3, 4, 5, 6, 8, 7, 9, 11, 10, 13, 12, 14], [2, 1, 3, 4, 6, 5, 8, 7, 9, 11, 10, 12, 13, 14], [2, 1, 3, 4, 6, 5, 8, 7, 9, 11, 10, 13, 12, 14]]
Distance: 60
B = 
{(2, 1, 3, 4, 5, 6, 8, 12, 7, 11, 9, 14, 13, 10), (3, 1, 2, 6, 5, 8, 4, 7, 9, 11, 12, 10, 14, 13), (3, 1, 6, 8, 2, 4, 5, 10, 7, 12, 9, 13, 11, 14), (1, 2, 4, 5, 3, 8, 7, 6, 9, 13, 11, 10, 14, 12), (3, 2, 1, 6, 5, 4, 7, 13, 10, 8, 9, 11, 12, 14)}
M(B) = 
[[1, 2, 3, 4, 5, 6, 8, 7, 9, 11, 10, 12, 13, 14], [1, 2, 3, 4, 5, 6, 8, 7, 9, 11, 10, 13, 12, 14], [1, 2, 3, 4, 6, 5, 8, 7, 9, 11, 10, 12, 13, 14], [1, 2, 3, 4, 6, 5, 8, 7, 9, 11, 10, 13, 12, 14], [2, 1, 3, 4, 5, 6, 8, 7, 9, 11, 10, 12, 13, 14], [2, 1, 3, 4, 5, 6, 8, 7, 9, 11, 10, 13, 12, 14], [2, 1, 3, 4, 6, 5, 8, 7, 9, 11, 10, 12, 13, 14], [2, 1, 3, 4, 6, 5, 8, 7, 9, 11, 10, 13, 12, 14]]
Distance: 49
M(A) inter A:
set()
M(B) inter B:
set()

AUB = 
{(3, 1, 2, 6, 5, 8, 4, 7, 9, 11, 12, 10, 14, 13), (3, 2, 1, 6, 5, 4, 7, 13, 10, 8, 9, 11, 12, 14), (2, 1, 3, 4, 5, 6, 8, 12, 7, 11, 9, 14, 13, 10), (1, 3, 8, 2, 4, 6, 5, 9, 11, 12, 7, 14, 10, 13), (2, 1, 4, 8, 5, 3, 11, 6, 7, 10, 14, 13, 9, 12), (2, 1, 3, 5, 4, 6, 8, 9, 10, 7, 11, 13, 12, 14), (3, 1, 6, 8, 2, 4, 5, 10, 7, 12, 9, 13, 11, 14), (1, 2, 4, 5, 3, 8, 7, 6, 9, 13, 11, 10, 14, 12), (4, 5, 1, 2, 6, 3, 9, 8, 7, 11, 12, 10, 13, 14), (2, 4, 7, 3, 1, 9, 11, 6, 5, 13, 10, 12, 8, 14)}
M(AUB) = 
[[1, 2, 3, 4, 5, 6, 8, 7, 9, 11, 10, 12, 13, 14], [1, 2, 3, 4, 5, 6, 8, 7, 9, 11, 10, 13, 12, 14], [1, 2, 3, 4, 6, 5, 8, 7, 9, 11, 10, 12, 13, 14], [1, 2, 3, 4, 6, 5, 8, 7, 9, 11, 10, 13, 12, 14], [2, 1, 3, 4, 5, 6, 8, 7, 9, 11, 10, 12, 13, 14], [2, 1, 3, 4, 5, 6, 8, 7, 9, 11, 10, 13, 12, 14], [2, 1, 3, 4, 6, 5, 8, 7, 9, 11, 10, 12, 13, 14], [2, 1, 3, 4, 6, 5, 8, 7, 9, 11, 10, 13, 12, 14]]
Distance:118

(45)
A = 
{(3, 2, 1, 6, 5, 10, 4, 9, 8, 11, 7, 12, 13, 14), (1, 2, 3, 4, 7, 6, 9, 10, 5, 8, 11, 13, 14, 12), (1, 3, 5, 2, 4, 6, 8, 9, 7, 13, 11, 12, 14, 10), (2, 3, 1, 5, 6, 7, 4, 8, 10, 13, 9, 12, 11, 14), (1, 3, 4, 2, 6, 7, 10, 8, 5, 9, 11, 12, 14, 13)}
M(A) = 
[[1, 2, 3, 4, 6, 5, 8, 7, 9, 10, 12, 11, 13, 14], [1, 2, 3, 4, 6, 5, 8, 7, 9, 12, 10, 11, 13, 14], [1, 3, 2, 4, 6, 5, 8, 7, 9, 10, 12, 11, 13, 14], [1, 3, 2, 4, 6, 5, 8, 7, 9, 12, 10, 11, 13, 14]]
Distance: 48
B = 
{(1, 2, 3, 6, 4, 5, 8, 7, 9, 12, 10, 13, 11, 14), (1, 2, 4, 3, 6, 5, 8, 7, 9, 12, 11, 10, 13, 14), (1, 5, 3, 2, 7, 4, 6, 9, 8, 12, 10, 11, 14, 13), (1, 4, 2, 3, 5, 8, 7, 12, 6, 9, 11, 10, 13, 14), (3, 4, 1, 2, 6, 5, 8, 7, 10, 9, 12, 11, 13, 14)}
M(B) = 
[[1, 2, 3, 4, 6, 5, 8, 7, 9, 10, 12, 11, 13, 14], [1, 2, 3, 4, 6, 5, 8, 7, 9, 12, 10, 11, 13, 14], [1, 3, 2, 4, 6, 5, 8, 7, 9, 10, 12, 11, 13, 14], [1, 3, 2, 4, 6, 5, 8, 7, 9, 12, 10, 11, 13, 14]]
Distance: 28
M(A) inter A:
set()
M(B) inter B:
set()

AUB = 
{(1, 2, 3, 6, 4, 5, 8, 7, 9, 12, 10, 13, 11, 14), (3, 4, 1, 2, 6, 5, 8, 7, 10, 9, 12, 11, 13, 14), (1, 3, 5, 2, 4, 6, 8, 9, 7, 13, 11, 12, 14, 10), (2, 3, 1, 5, 6, 7, 4, 8, 10, 13, 9, 12, 11, 14), (1, 4, 2, 3, 5, 8, 7, 12, 6, 9, 11, 10, 13, 14), (3, 2, 1, 6, 5, 10, 4, 9, 8, 11, 7, 12, 13, 14), (1, 2, 3, 4, 7, 6, 9, 10, 5, 8, 11, 13, 14, 12), (1, 2, 4, 3, 6, 5, 8, 7, 9, 12, 11, 10, 13, 14), (1, 5, 3, 2, 7, 4, 6, 9, 8, 12, 10, 11, 14, 13), (1, 3, 4, 2, 6, 7, 10, 8, 5, 9, 11, 12, 14, 13)}
M(AUB) = 
[[1, 2, 3, 4, 6, 5, 8, 7, 9, 10, 12, 11, 13, 14], [1, 2, 3, 4, 6, 5, 8, 7, 9, 12, 10, 11, 13, 14], [1, 3, 2, 4, 6, 5, 8, 7, 9, 10, 12, 11, 13, 14], [1, 3, 2, 4, 6, 5, 8, 7, 9, 12, 10, 11, 13, 14]]
Distance:87

(46)
A = 
{(3, 1, 4, 2, 5, 7, 6, 8, 9, 11, 12, 10, 13, 14), (5, 3, 1, 4, 2, 9, 8, 6, 7, 11, 13, 10, 14, 12), (1, 2, 3, 5, 4, 6, 7, 9, 8, 10, 11, 13, 12, 14), (2, 4, 1, 5, 3, 6, 8, 12, 9, 11, 10, 7, 13, 14), (1, 2, 3, 5, 6, 4, 8, 7, 9, 11, 10, 12, 14, 13)}
M(A) = 
[[1, 2, 3, 5, 4, 6, 7, 8, 9, 11, 10, 12, 13, 14], [1, 2, 3, 5, 4, 6, 7, 8, 9, 11, 10, 13, 12, 14], [1, 2, 3, 5, 4, 7, 6, 8, 9, 11, 10, 12, 13, 14], [1, 2, 3, 5, 4, 7, 6, 8, 9, 11, 10, 13, 12, 14]]
Distance: 38
B = 
{(3, 2, 1, 5, 7, 4, 8, 6, 14, 10, 9, 13, 12, 11), (4, 2, 3, 5, 1, 7, 11, 13, 9, 12, 6, 8, 10, 14), (1, 2, 5, 8, 3, 4, 6, 11, 9, 7, 12, 10, 14, 13), (1, 2, 3, 7, 5, 4, 8, 9, 11, 10, 6, 13, 14, 12), (2, 4, 3, 1, 10, 5, 9, 7, 6, 14, 11, 12, 8, 13)}
M(B) = 
[[1, 2, 3, 5, 4, 6, 7, 8, 9, 11, 10, 12, 13, 14], [1, 2, 3, 5, 4, 6, 7, 8, 9, 11, 10, 13, 12, 14], [1, 2, 3, 5, 4, 7, 6, 8, 9, 11, 10, 12, 13, 14], [1, 2, 3, 5, 4, 7, 6, 8, 9, 11, 10, 13, 12, 14]]
Distance: 67
M(A) inter A:
set()
M(B) inter B:
set()

AUB = 
{(1, 2, 3, 5, 6, 4, 8, 7, 9, 11, 10, 12, 14, 13), (2, 4, 3, 1, 10, 5, 9, 7, 6, 14, 11, 12, 8, 13), (1, 2, 3, 5, 4, 6, 7, 9, 8, 10, 11, 13, 12, 14), (5, 3, 1, 4, 2, 9, 8, 6, 7, 11, 13, 10, 14, 12), (2, 4, 1, 5, 3, 6, 8, 12, 9, 11, 10, 7, 13, 14), (3, 1, 4, 2, 5, 7, 6, 8, 9, 11, 12, 10, 13, 14), (3, 2, 1, 5, 7, 4, 8, 6, 14, 10, 9, 13, 12, 11), (4, 2, 3, 5, 1, 7, 11, 13, 9, 12, 6, 8, 10, 14), (1, 2, 5, 8, 3, 4, 6, 11, 9, 7, 12, 10, 14, 13), (1, 2, 3, 7, 5, 4, 8, 9, 11, 10, 6, 13, 14, 12)}
M(AUB) = 
[[1, 2, 3, 5, 4, 6, 7, 8, 9, 11, 10, 12, 13, 14], [1, 2, 3, 5, 4, 6, 7, 8, 9, 11, 10, 13, 12, 14], [1, 2, 3, 5, 4, 7, 6, 8, 9, 11, 10, 12, 13, 14], [1, 2, 3, 5, 4, 7, 6, 8, 9, 11, 10, 13, 12, 14]]
Distance:116

(47)
A = 
{(1, 2, 3, 4, 5, 6, 9, 7, 8, 10, 11, 12, 13, 14), (1, 2, 5, 3, 7, 6, 10, 4, 9, 8, 11, 14, 12, 13), (1, 2, 3, 5, 4, 6, 7, 8, 9, 10, 11, 12, 13, 14), (1, 3, 5, 4, 2, 9, 7, 8, 6, 12, 11, 13, 10, 14), (1, 5, 2, 3, 7, 8, 4, 10, 6, 9, 12, 11, 13, 14)}
M(A) = 
[[1, 2, 3, 5, 4, 6, 7, 8, 10, 9, 11, 12, 13, 14], [1, 2, 3, 5, 4, 6, 7, 8, 10, 9, 12, 11, 13, 14], [1, 2, 3, 5, 4, 7, 6, 8, 10, 9, 11, 12, 13, 14], [1, 2, 3, 5, 4, 7, 6, 8, 10, 9, 12, 11, 13, 14]]
Distance: 32
B = 
{(1, 2, 3, 4, 5, 7, 11, 6, 8, 10, 13, 12, 9, 14), (3, 6, 1, 2, 10, 5, 8, 4, 12, 9, 7, 11, 13, 14), (2, 4, 1, 10, 5, 7, 8, 3, 6, 9, 12, 11, 13, 14), (5, 2, 1, 8, 6, 4, 10, 3, 11, 9, 7, 14, 12, 13), (1, 2, 4, 3, 6, 5, 7, 9, 8, 10, 14, 12, 11, 13)}
M(B) = 
[[1, 2, 3, 5, 4, 6, 7, 8, 10, 9, 11, 12, 13, 14], [1, 2, 3, 5, 4, 6, 7, 8, 10, 9, 12, 11, 13, 14], [1, 2, 3, 5, 4, 7, 6, 8, 10, 9, 11, 12, 13, 14], [1, 2, 3, 5, 4, 7, 6, 8, 10, 9, 12, 11, 13, 14]]
Distance: 64
M(A) inter A:
set()
M(B) inter B:
set()

AUB = 
{(3, 6, 1, 2, 10, 5, 8, 4, 12, 9, 7, 11, 13, 14), (5, 2, 1, 8, 6, 4, 10, 3, 11, 9, 7, 14, 12, 13), (1, 2, 4, 3, 6, 5, 7, 9, 8, 10, 14, 12, 11, 13), (1, 2, 3, 4, 5, 6, 9, 7, 8, 10, 11, 12, 13, 14), (1, 2, 3, 5, 4, 6, 7, 8, 9, 10, 11, 12, 13, 14), (1, 3, 5, 4, 2, 9, 7, 8, 6, 12, 11, 13, 10, 14), (1, 2, 5, 3, 7, 6, 10, 4, 9, 8, 11, 14, 12, 13), (2, 4, 1, 10, 5, 7, 8, 3, 6, 9, 12, 11, 13, 14), (1, 5, 2, 3, 7, 8, 4, 10, 6, 9, 12, 11, 13, 14), (1, 2, 3, 4, 5, 7, 11, 6, 8, 10, 13, 12, 9, 14)}
M(AUB) = 
[[1, 2, 3, 5, 4, 6, 7, 8, 10, 9, 11, 12, 13, 14], [1, 2, 3, 5, 4, 6, 7, 8, 10, 9, 12, 11, 13, 14], [1, 2, 3, 5, 4, 7, 6, 8, 10, 9, 11, 12, 13, 14], [1, 2, 3, 5, 4, 7, 6, 8, 10, 9, 12, 11, 13, 14]]
Distance:102

(48)
A = 
{(2, 1, 5, 3, 8, 4, 6, 13, 9, 10, 14, 7, 12, 11), (1, 5, 3, 2, 6, 7, 4, 8, 9, 10, 14, 12, 13, 11), (3, 2, 6, 1, 5, 7, 8, 10, 9, 4, 11, 12, 14, 13), (2, 1, 5, 8, 4, 6, 3, 10, 7, 9, 11, 13, 14, 12), (3, 2, 5, 1, 6, 8, 4, 7, 10, 9, 13, 12, 11, 14)}
M(A) = 
[[2, 1, 3, 4, 5, 6, 8, 7, 9, 10, 13, 11, 12, 14], [2, 1, 3, 4, 5, 6, 8, 7, 9, 10, 13, 12, 11, 14], [2, 1, 3, 4, 5, 8, 6, 7, 9, 10, 13, 11, 12, 14], [2, 1, 3, 4, 5, 8, 6, 7, 9, 10, 13, 12, 11, 14], [2, 1, 3, 5, 4, 6, 8, 7, 9, 10, 13, 11, 12, 14], [2, 1, 3, 5, 4, 6, 8, 7, 9, 10, 13, 12, 11, 14], [2, 1, 3, 5, 4, 8, 6, 7, 9, 10, 13, 11, 12, 14], [2, 1, 3, 5, 4, 8, 6, 7, 9, 10, 13, 12, 11, 14], [2, 1, 5, 3, 4, 6, 8, 7, 9, 10, 13, 11, 12, 14], [2, 1, 5, 3, 4, 6, 8, 7, 9, 10, 13, 12, 11, 14], [2, 1, 5, 3, 4, 8, 6, 7, 9, 10, 13, 11, 12, 14], [2, 1, 5, 3, 4, 8, 6, 7, 9, 10, 13, 12, 11, 14]]
Distance: 48
B = 
{(3, 1, 4, 2, 5, 8, 7, 9, 6, 10, 14, 13, 11, 12), (6, 2, 4, 1, 8, 5, 7, 9, 3, 13, 10, 11, 12, 14), (2, 1, 3, 4, 5, 6, 7, 8, 9, 10, 11, 13, 12, 14), (4, 1, 5, 3, 2, 7, 8, 9, 6, 12, 14, 13, 11, 10), (1, 2, 4, 3, 5, 8, 7, 6, 10, 9, 12, 13, 11, 14)}
M(B) = 
[[2, 1, 3, 4, 5, 6, 8, 7, 9, 10, 13, 11, 12, 14], [2, 1, 3, 4, 5, 6, 8, 7, 9, 10, 13, 12, 11, 14], [2, 1, 3, 4, 5, 8, 6, 7, 9, 10, 13, 11, 12, 14], [2, 1, 3, 4, 5, 8, 6, 7, 9, 10, 13, 12, 11, 14], [2, 1, 3, 5, 4, 6, 8, 7, 9, 10, 13, 11, 12, 14], [2, 1, 3, 5, 4, 6, 8, 7, 9, 10, 13, 12, 11, 14], [2, 1, 3, 5, 4, 8, 6, 7, 9, 10, 13, 11, 12, 14], [2, 1, 3, 5, 4, 8, 6, 7, 9, 10, 13, 12, 11, 14], [2, 1, 5, 3, 4, 6, 8, 7, 9, 10, 13, 11, 12, 14], [2, 1, 5, 3, 4, 6, 8, 7, 9, 10, 13, 12, 11, 14], [2, 1, 5, 3, 4, 8, 6, 7, 9, 10, 13, 11, 12, 14], [2, 1, 5, 3, 4, 8, 6, 7, 9, 10, 13, 12, 11, 14]]
Distance: 47
M(A) inter A:
set()
M(B) inter B:
set()

AUB = 
{(1, 5, 3, 2, 6, 7, 4, 8, 9, 10, 14, 12, 13, 11), (3, 2, 6, 1, 5, 7, 8, 10, 9, 4, 11, 12, 14, 13), (3, 1, 4, 2, 5, 8, 7, 9, 6, 10, 14, 13, 11, 12), (4, 1, 5, 3, 2, 7, 8, 9, 6, 12, 14, 13, 11, 10), (2, 1, 5, 3, 8, 4, 6, 13, 9, 10, 14, 7, 12, 11), (3, 2, 5, 1, 6, 8, 4, 7, 10, 9, 13, 12, 11, 14), (6, 2, 4, 1, 8, 5, 7, 9, 3, 13, 10, 11, 12, 14), (2, 1, 5, 8, 4, 6, 3, 10, 7, 9, 11, 13, 14, 12), (2, 1, 3, 4, 5, 6, 7, 8, 9, 10, 11, 13, 12, 14), (1, 2, 4, 3, 5, 8, 7, 6, 10, 9, 12, 13, 11, 14)}
M(AUB) = 
[[2, 1, 3, 4, 5, 6, 8, 7, 9, 10, 13, 11, 12, 14], [2, 1, 3, 4, 5, 6, 8, 7, 9, 10, 13, 12, 11, 14], [2, 1, 3, 4, 5, 8, 6, 7, 9, 10, 13, 11, 12, 14], [2, 1, 3, 4, 5, 8, 6, 7, 9, 10, 13, 12, 11, 14], [2, 1, 3, 5, 4, 6, 8, 7, 9, 10, 13, 11, 12, 14], [2, 1, 3, 5, 4, 6, 8, 7, 9, 10, 13, 12, 11, 14], [2, 1, 3, 5, 4, 8, 6, 7, 9, 10, 13, 11, 12, 14], [2, 1, 3, 5, 4, 8, 6, 7, 9, 10, 13, 12, 11, 14], [2, 1, 5, 3, 4, 6, 8, 7, 9, 10, 13, 11, 12, 14], [2, 1, 5, 3, 4, 6, 8, 7, 9, 10, 13, 12, 11, 14], [2, 1, 5, 3, 4, 8, 6, 7, 9, 10, 13, 11, 12, 14], [2, 1, 5, 3, 4, 8, 6, 7, 9, 10, 13, 12, 11, 14]]
Distance:111

(49)
A = 
{(1, 2, 3, 5, 7, 6, 4, 8, 10, 11, 9, 13, 12, 14), (3, 1, 5, 2, 4, 6, 7, 9, 8, 10, 12, 11, 14, 13), (1, 2, 3, 4, 5, 6, 7, 8, 9, 10, 11, 12, 13, 14), (3, 2, 1, 4, 5, 8, 9, 7, 6, 11, 10, 12, 14, 13), (3, 4, 5, 6, 2, 1, 8, 7, 9, 10, 13, 11, 12, 14)}
M(A) = 
[[1, 2, 3, 4, 5, 6, 7, 8, 9, 10, 11, 12, 13, 14], [1, 2, 3, 4, 5, 6, 7, 8, 9, 10, 11, 12, 14, 13], [1, 2, 3, 4, 5, 7, 6, 8, 9, 10, 11, 12, 13, 14], [1, 2, 3, 4, 5, 7, 6, 8, 9, 10, 11, 12, 14, 13], [1, 3, 2, 4, 5, 6, 7, 8, 9, 10, 11, 12, 13, 14], [1, 3, 2, 4, 5, 6, 7, 8, 9, 10, 11, 12, 14, 13], [1, 3, 2, 4, 5, 7, 6, 8, 9, 10, 11, 12, 13, 14], [1, 3, 2, 4, 5, 7, 6, 8, 9, 10, 11, 12, 14, 13]]
Distance: 34
B = 
{(1, 3, 4, 2, 5, 6, 7, 9, 8, 13, 10, 11, 12, 14), (1, 2, 3, 4, 7, 6, 9, 5, 8, 11, 10, 12, 13, 14), (3, 1, 2, 4, 5, 7, 6, 8, 10, 9, 12, 14, 11, 13), (2, 4, 1, 8, 3, 5, 7, 10, 6, 12, 14, 9, 11, 13), (2, 1, 4, 3, 6, 5, 7, 8, 10, 9, 11, 12, 14, 13)}
M(B) = 
[[1, 2, 3, 4, 5, 6, 7, 8, 9, 10, 11, 12, 13, 14], [1, 2, 3, 4, 5, 6, 7, 8, 9, 10, 11, 12, 14, 13], [1, 2, 3, 4, 5, 7, 6, 8, 9, 10, 11, 12, 13, 14], [1, 2, 3, 4, 5, 7, 6, 8, 9, 10, 11, 12, 14, 13], [1, 3, 2, 4, 5, 6, 7, 8, 9, 10, 11, 12, 13, 14], [1, 3, 2, 4, 5, 6, 7, 8, 9, 10, 11, 12, 14, 13], [1, 3, 2, 4, 5, 7, 6, 8, 9, 10, 11, 12, 13, 14], [1, 3, 2, 4, 5, 7, 6, 8, 9, 10, 11, 12, 14, 13]]
Distance: 36
M(A) inter A:
set()
M(B) inter B:
set()

AUB = 
{(1, 2, 3, 4, 7, 6, 9, 5, 8, 11, 10, 12, 13, 14), (1, 2, 3, 5, 7, 6, 4, 8, 10, 11, 9, 13, 12, 14), (2, 4, 1, 8, 3, 5, 7, 10, 6, 12, 14, 9, 11, 13), (1, 3, 4, 2, 5, 6, 7, 9, 8, 13, 10, 11, 12, 14), (3, 2, 1, 4, 5, 8, 9, 7, 6, 11, 10, 12, 14, 13), (2, 1, 4, 3, 6, 5, 7, 8, 10, 9, 11, 12, 14, 13), (3, 1, 5, 2, 4, 6, 7, 9, 8, 10, 12, 11, 14, 13), (1, 2, 3, 4, 5, 6, 7, 8, 9, 10, 11, 12, 13, 14), (3, 1, 2, 4, 5, 7, 6, 8, 10, 9, 12, 14, 11, 13), (3, 4, 5, 6, 2, 1, 8, 7, 9, 10, 13, 11, 12, 14)}
M(AUB) = 
[[1, 2, 3, 4, 5, 6, 7, 8, 9, 10, 11, 12, 13, 14], [1, 2, 3, 4, 5, 6, 7, 8, 9, 10, 11, 12, 14, 13], [1, 2, 3, 4, 5, 7, 6, 8, 9, 10, 11, 12, 13, 14], [1, 2, 3, 4, 5, 7, 6, 8, 9, 10, 11, 12, 14, 13], [1, 3, 2, 4, 5, 6, 7, 8, 9, 10, 11, 12, 13, 14], [1, 3, 2, 4, 5, 6, 7, 8, 9, 10, 11, 12, 14, 13], [1, 3, 2, 4, 5, 7, 6, 8, 9, 10, 11, 12, 13, 14], [1, 3, 2, 4, 5, 7, 6, 8, 9, 10, 11, 12, 14, 13]]
Distance:75

