For a permutation of length 3

[[1, 2, 3], [1, 3, 2], [2, 1, 3]];[[1, 2, 3]];2
[[1, 2, 3], [1, 3, 2], [2, 3, 1]];[[1, 2, 3]];3
[[1, 2, 3], [1, 3, 2], [3, 1, 2]];[[1, 3, 2]];2
[[1, 2, 3], [1, 3, 2], [3, 2, 1]];[[1, 3, 2]];3
[[1, 2, 3], [2, 1, 3], [2, 3, 1]];[[2, 1, 3]];2
[[1, 2, 3], [2, 1, 3], [3, 1, 2]];[[1, 2, 3]];3
[[1, 2, 3], [2, 1, 3], [3, 2, 1]];[[2, 1, 3]];3
[[1, 2, 3], [2, 3, 1], [3, 1, 2]];[[2, 3, 1], [3, 1, 2], [1, 2, 3]];4
[[1, 2, 3], [2, 3, 1], [3, 2, 1]];[[2, 3, 1]];3
[[1, 3, 2], [2, 1, 3], [2, 3, 1]];[[2, 1, 3]];3
[[1, 3, 2], [2, 1, 3], [3, 1, 2]];[[1, 3, 2]];3
[[1, 3, 2], [2, 1, 3], [3, 2, 1]];[[3, 2, 1], [2, 1, 3], [1, 3, 2]];4
[[1, 3, 2], [2, 3, 1], [3, 1, 2]];[[3, 1, 2]];3
[[1, 3, 2], [2, 3, 1], [3, 2, 1]];[[3, 2, 1]];3
[[2, 1, 3], [2, 3, 1], [3, 1, 2]];[[2, 3, 1]];3
[[2, 1, 3], [2, 3, 1], [3, 2, 1]];[[2, 3, 1]];2
[[1, 2, 3], [3, 2, 1], [3, 1, 2]];[[3, 1, 2]];3
[[1, 3, 2], [3, 2, 1], [3, 1, 2]];[[3, 1, 2]];2
[[2, 1, 3], [3, 2, 1], [3, 1, 2]];[[3, 2, 1]];3
[[2, 3, 1], [3, 2, 1], [3, 1, 2]];[[3, 2, 1]];2

Maximun medians for 1 permutations is: 3
Average number of medians: 1.0
1 = 18
2 = 0
3 = 2
4 = 0
5 = 0
6 = 0
7 = 0
8 = 0
9 = 0
10 = 0
11 = 0
12 = 0
13 = 0
14 = 0
15 = 0
16 = 0
17 = 0
18 = 0
19 = 0
20 = 0
21 = 0