For a permutation of length 11

[4, 10, 1, 7, 6, 8, 2, 11, 5, 9, 3], [1, 4, 2, 7, 8, 6, 5, 9, 3, 10, 11], [1, 9, 10, 5, 2, 3, 4, 6, 8, 11, 7]	Brute force: [[1, 4, 10, 2, 7, 6, 8, 5, 9, 3, 11]], distance: 37
[10, 4, 9, 3, 7, 6, 5, 1, 11, 2, 8], [1, 6, 9, 7, 5, 2, 8, 3, 11, 4, 10], [11, 3, 9, 8, 1, 6, 5, 7, 10, 4, 2]	Brute force: [[9, 3, 1, 6, 7, 5, 11, 8, 10, 4, 2]], distance: 47
[5, 1, 3, 9, 2, 8, 11, 7, 10, 6, 4], [6, 3, 2, 4, 10, 11, 7, 9, 5, 1, 8], [11, 2, 5, 4, 7, 1, 10, 3, 6, 8, 9]	Brute force: [[3, 2, 11, 5, 4, 7, 1, 10, 6, 9, 8]], distance: 48
[9, 11, 3, 5, 6, 1, 8, 4, 2, 10, 7], [7, 10, 2, 5, 6, 4, 11, 1, 8, 9, 3], [2, 3, 9, 5, 4, 11, 8, 6, 10, 7, 1]	Brute force: [[2, 9, 5, 11, 3, 6, 4, 8, 10, 7, 1], [2, 9, 11, 3, 5, 6, 4, 8, 10, 7, 1], [2, 9, 3, 5, 11, 6, 4, 8, 10, 7, 1], [2, 9, 3, 5, 6, 4, 11, 8, 10, 7, 1], [2, 9, 3, 5, 4, 11, 6, 8, 10, 7, 1]], distance: 51
[2, 10, 11, 7, 3, 8, 5, 6, 1, 4, 9], [11, 4, 7, 3, 8, 1, 6, 10, 5, 2, 9], [7, 10, 6, 5, 4, 1, 2, 11, 8, 9, 3]	Brute force: [[10, 11, 7, 4, 3, 8, 6, 5, 1, 2, 9], [11, 7, 10, 4, 3, 8, 6, 5, 1, 2, 9], [7, 10, 11, 4, 3, 8, 6, 5, 1, 2, 9], [10, 11, 7, 3, 8, 6, 5, 4, 1, 2, 9], [11, 7, 10, 3, 8, 6, 5, 4, 1, 2, 9], [7, 10, 11, 3, 8, 6, 5, 4, 1, 2, 9]], distance: 44
[8, 11, 7, 9, 3, 1, 10, 2, 5, 6, 4], [8, 11, 1, 7, 6, 3, 2, 9, 4, 10, 5], [4, 3, 1, 7, 6, 5, 10, 9, 11, 8, 2]	Brute force: [[8, 11, 7, 3, 1, 6, 9, 4, 10, 2, 5], [8, 11, 3, 1, 7, 6, 9, 4, 10, 2, 5], [8, 11, 7, 3, 1, 6, 9, 10, 2, 4, 5], [8, 11, 7, 3, 1, 6, 9, 2, 4, 10, 5], [8, 11, 3, 1, 7, 6, 9, 10, 2, 4, 5], [8, 11, 3, 1, 7, 6, 9, 2, 4, 10, 5], [8, 11, 1, 7, 3, 6, 9, 4, 10, 2, 5], [8, 11, 1, 7, 3, 6, 9, 10, 2, 4, 5], [8, 11, 1, 7, 3, 6, 9, 2, 4, 10, 5]], distance: 43
[6, 3, 2, 1, 5, 9, 4, 8, 10, 7, 11], [8, 11, 6, 4, 7, 3, 1, 2, 5, 9, 10], [4, 10, 1, 7, 6, 5, 11, 3, 9, 2, 8]	Brute force: [[6, 4, 7, 3, 1, 2, 5, 9, 8, 10, 11], [6, 4, 3, 1, 7, 2, 5, 9, 8, 10, 11], [6, 4, 1, 7, 11, 3, 2, 5, 9, 8, 10], [6, 4, 1, 7, 3, 2, 5, 9, 8, 10, 11]], distance: 50
[4, 8, 10, 9, 1, 5, 2, 3, 6, 7, 11], [7, 11, 8, 1, 2, 4, 9, 3, 6, 10, 5], [9, 4, 1, 8, 3, 5, 10, 6, 2, 7, 11]	Brute force: [[4, 8, 9, 1, 3, 10, 5, 2, 6, 7, 11]], distance: 38
[9, 1, 4, 2, 3, 6, 11, 5, 8, 7, 10], [1, 3, 4, 8, 6, 5, 10, 7, 11, 9, 2], [9, 5, 4, 8, 2, 3, 1, 7, 6, 10, 11]	Brute force: [[9, 1, 4, 3, 5, 8, 2, 6, 7, 10, 11]], distance: 36
[5, 7, 1, 10, 11, 9, 3, 6, 8, 4, 2], [5, 1, 9, 7, 8, 4, 10, 3, 11, 2, 6], [5, 3, 10, 9, 1, 4, 6, 11, 8, 2, 7]	Brute force: [[5, 1, 10, 9, 7, 3, 4, 11, 6, 8, 2], [5, 1, 9, 7, 10, 3, 4, 11, 6, 8, 2], [5, 1, 7, 10, 9, 3, 4, 11, 6, 8, 2]], distance: 30
[5, 2, 4, 6, 3, 7, 1, 10, 9, 11, 8], [5, 2, 9, 3, 8, 11, 1, 4, 10, 6, 7], [1, 6, 2, 7, 9, 4, 11, 3, 8, 5, 10]	Brute force: [[5, 2, 1, 6, 9, 4, 3, 7, 11, 8, 10], [5, 2, 1, 4, 6, 7, 9, 3, 11, 8, 10], [5, 2, 1, 9, 4, 6, 3, 7, 11, 8, 10], [5, 2, 1, 4, 6, 9, 3, 7, 11, 8, 10], [5, 2, 1, 4, 6, 3, 7, 9, 11, 8, 10]], distance: 43
[5, 11, 2, 3, 7, 9, 6, 1, 10, 4, 8], [5, 6, 9, 2, 7, 10, 11, 4, 3, 1, 8], [9, 7, 3, 10, 11, 1, 6, 4, 8, 5, 2]	Brute force: [[5, 9, 7, 11, 3, 6, 2, 10, 1, 4, 8], [5, 9, 7, 11, 6, 2, 3, 10, 1, 4, 8], [5, 9, 7, 11, 2, 3, 6, 10, 1, 4, 8], [5, 9, 11, 2, 7, 3, 6, 10, 1, 4, 8], [5, 9, 2, 7, 11, 3, 6, 10, 1, 4, 8]], distance: 38
[4, 1, 5, 3, 11, 8, 7, 6, 9, 10, 2], [11, 3, 8, 4, 7, 10, 1, 2, 9, 5, 6], [4, 3, 11, 1, 10, 5, 6, 9, 7, 2, 8]	Brute force: [[4, 3, 11, 1, 5, 8, 7, 10, 6, 9, 2]], distance: 30
[4, 2, 1, 8, 3, 6, 5, 7, 11, 10, 9], [11, 9, 2, 7, 1, 5, 3, 4, 10, 8, 6], [9, 11, 1, 7, 10, 2, 8, 3, 6, 4, 5]	Brute force: [[11, 9, 2, 1, 7, 3, 4, 10, 8, 6, 5]], distance: 44
[6, 3, 1, 2, 11, 4, 7, 5, 9, 8, 10], [11, 2, 3, 10, 9, 4, 5, 8, 1, 7, 6], [2, 8, 1, 6, 7, 4, 11, 9, 5, 10, 3]	Brute force: [[2, 1, 6, 11, 3, 4, 7, 9, 5, 8, 10]], distance: 48
[6, 3, 1, 5, 8, 7, 11, 4, 2, 10, 9], [2, 11, 10, 1, 5, 3, 7, 4, 6, 9, 8], [11, 6, 8, 1, 10, 3, 2, 9, 7, 5, 4]	Brute force: [[11, 6, 1, 3, 8, 2, 10, 5, 7, 4, 9]], distance: 41
[10, 8, 11, 1, 3, 4, 6, 5, 7, 2, 9], [3, 6, 9, 1, 7, 8, 10, 4, 2, 5, 11], [11, 3, 1, 9, 7, 10, 2, 8, 4, 6, 5]	Brute force: [[11, 3, 1, 9, 7, 10, 8, 4, 6, 2, 5]], distance: 41
[7, 3, 6, 2, 1, 4, 8, 11, 10, 9, 5], [8, 5, 4, 6, 9, 3, 1, 2, 11, 7, 10], [4, 5, 11, 8, 3, 10, 1, 6, 9, 7, 2]	Brute force: [[4, 8, 5, 3, 6, 1, 11, 9, 7, 2, 10]], distance: 46
[9, 10, 1, 11, 5, 8, 3, 7, 2, 4, 6], [3, 1, 11, 8, 7, 6, 4, 9, 2, 10, 5], [1, 3, 11, 4, 9, 8, 2, 5, 7, 6, 10]	Brute force: [[1, 3, 11, 9, 8, 7, 4, 2, 6, 10, 5], [1, 3, 11, 9, 8, 7, 4, 2, 10, 5, 6], [1, 3, 11, 9, 8, 7, 4, 2, 5, 6, 10]], distance: 34
[1, 4, 11, 7, 6, 5, 3, 8, 10, 2, 9], [11, 6, 7, 5, 1, 4, 8, 2, 10, 3, 9], [4, 9, 7, 10, 11, 1, 2, 8, 6, 3, 5]	Brute force: [[4, 11, 7, 1, 6, 5, 8, 10, 2, 3, 9]], distance: 36
[6, 2, 7, 4, 9, 11, 1, 8, 3, 5, 10], [8, 6, 7, 1, 2, 5, 9, 10, 11, 4, 3], [1, 5, 4, 9, 6, 3, 8, 11, 2, 7, 10]	Brute force: [[6, 1, 8, 2, 7, 5, 4, 9, 11, 3, 10]], distance: 42
[6, 10, 11, 9, 1, 3, 8, 7, 5, 4, 2], [7, 3, 8, 10, 11, 2, 5, 4, 9, 1, 6], [6, 2, 4, 11, 5, 1, 9, 8, 3, 10, 7]	Brute force: [[6, 11, 3, 8, 10, 7, 2, 5, 4, 9, 1]], distance: 59
[1, 6, 11, 10, 2, 7, 8, 4, 3, 5, 9], [10, 4, 8, 6, 1, 9, 2, 7, 3, 5, 11], [3, 1, 4, 2, 7, 6, 9, 5, 11, 10, 8]	Brute force: [[1, 6, 10, 4, 2, 7, 8, 3, 9, 5, 11], [1, 10, 4, 6, 2, 7, 8, 3, 9, 5, 11], [1, 4, 6, 10, 2, 7, 8, 3, 9, 5, 11]], distance: 43
[4, 10, 11, 2, 6, 1, 7, 3, 8, 5, 9], [11, 2, 1, 3, 6, 8, 7, 5, 10, 4, 9], [5, 9, 7, 4, 10, 2, 1, 6, 8, 11, 3]	Brute force: [[4, 10, 11, 2, 1, 6, 7, 3, 8, 5, 9]], distance: 50
[6, 9, 5, 3, 11, 1, 10, 8, 7, 4, 2], [6, 10, 11, 9, 4, 1, 7, 8, 5, 3, 2], [1, 9, 6, 4, 11, 7, 3, 5, 10, 2, 8]	Brute force: [[6, 9, 11, 1, 10, 4, 7, 5, 3, 8, 2], [6, 9, 11, 1, 4, 7, 5, 3, 10, 8, 2]], distance: 31
[1, 8, 5, 2, 6, 10, 9, 11, 3, 4, 7], [9, 1, 10, 6, 2, 7, 8, 4, 3, 5, 11], [9, 7, 5, 1, 2, 8, 3, 10, 6, 11, 4]	Brute force: [[9, 1, 8, 5, 2, 10, 6, 7, 3, 11, 4], [9, 1, 5, 2, 8, 10, 6, 7, 3, 11, 4], [9, 1, 2, 7, 8, 5, 10, 6, 3, 11, 4], [9, 1, 2, 8, 5, 10, 6, 7, 3, 11, 4]], distance: 36
[10, 1, 4, 5, 11, 8, 2, 3, 7, 6, 9], [3, 2, 10, 8, 4, 11, 6, 7, 1, 5, 9], [1, 4, 10, 7, 8, 5, 3, 2, 11, 6, 9]	Brute force: [[10, 1, 4, 8, 5, 3, 2, 11, 7, 6, 9]], distance: 32
[9, 10, 5, 6, 2, 11, 8, 3, 7, 1, 4], [2, 11, 6, 7, 8, 3, 1, 4, 9, 5, 10], [3, 4, 1, 8, 6, 5, 11, 9, 10, 2, 7]	Brute force: [[6, 2, 11, 8, 3, 1, 4, 9, 5, 10, 7]], distance: 55
[9, 10, 3, 5, 4, 11, 6, 7, 2, 8, 1], [6, 11, 10, 7, 5, 4, 1, 2, 3, 8, 9], [6, 9, 1, 4, 5, 8, 3, 10, 7, 11, 2]	Brute force: [[6, 9, 10, 5, 4, 3, 11, 7, 1, 2, 8]], distance: 44
[1, 10, 11, 5, 3, 7, 9, 8, 2, 6, 4], [1, 11, 8, 9, 4, 5, 10, 2, 7, 3, 6], [9, 2, 1, 11, 10, 4, 7, 6, 8, 5, 3]	Brute force: [[1, 11, 9, 10, 8, 4, 5, 2, 7, 3, 6], [1, 11, 9, 10, 8, 5, 2, 4, 7, 3, 6], [1, 11, 9, 10, 8, 2, 4, 5, 7, 3, 6]], distance: 34
[1, 3, 10, 4, 5, 2, 8, 11, 9, 7, 6], [4, 5, 9, 7, 11, 1, 8, 10, 6, 3, 2], [8, 4, 7, 10, 1, 2, 11, 6, 3, 9, 5]	Brute force: [[4, 1, 5, 8, 7, 10, 11, 3, 2, 9, 6], [4, 1, 5, 8, 7, 10, 3, 2, 11, 9, 6], [4, 8, 7, 1, 10, 3, 5, 2, 11, 9, 6], [4, 7, 1, 8, 10, 3, 5, 2, 11, 9, 6], [4, 1, 8, 7, 10, 3, 5, 2, 11, 9, 6], [4, 1, 5, 8, 7, 10, 2, 11, 9, 6, 3], [4, 1, 5, 8, 7, 10, 2, 11, 6, 3, 9], [4, 1, 5, 8, 7, 10, 2, 11, 3, 9, 6]], distance: 47
[2, 11, 9, 1, 4, 7, 3, 5, 10, 6, 8], [7, 3, 8, 5, 9, 2, 1, 4, 6, 11, 10], [11, 10, 3, 8, 5, 7, 4, 1, 6, 2, 9]	Brute force: [[11, 7, 3, 8, 5, 2, 9, 1, 4, 10, 6]], distance: 49
[8, 11, 3, 5, 10, 9, 6, 1, 2, 4, 7], [4, 3, 6, 10, 8, 1, 2, 11, 7, 5, 9], [11, 4, 2, 1, 7, 10, 6, 8, 9, 5, 3]	Brute force: [[11, 4, 3, 10, 6, 8, 1, 2, 7, 5, 9]], distance: 48
[10, 7, 5, 1, 6, 11, 8, 9, 4, 2, 3], [2, 10, 1, 9, 5, 11, 3, 8, 6, 7, 4], [4, 6, 10, 1, 8, 9, 3, 5, 2, 7, 11]	Brute force: [[10, 1, 5, 6, 8, 9, 2, 7, 11, 4, 3]], distance: 46
[2, 6, 5, 11, 3, 1, 9, 7, 10, 8, 4], [3, 9, 2, 8, 6, 10, 1, 5, 7, 11, 4], [1, 3, 5, 11, 9, 8, 7, 6, 10, 2, 4]	Brute force: [[3, 2, 6, 1, 5, 11, 9, 8, 7, 10, 4]], distance: 37
[5, 4, 3, 10, 11, 7, 1, 6, 9, 8, 2], [5, 10, 7, 6, 9, 1, 11, 4, 8, 2, 3], [11, 3, 9, 8, 1, 4, 10, 6, 5, 2, 7]	Brute force: [[5, 11, 4, 3, 10, 7, 6, 9, 1, 8, 2], [5, 11, 4, 3, 10, 7, 9, 1, 6, 8, 2], [5, 11, 4, 3, 10, 7, 1, 6, 9, 8, 2]], distance: 46
[6, 2, 1, 3, 8, 5, 4, 7, 10, 9, 11], [8, 3, 2, 9, 10, 7, 4, 1, 6, 5, 11], [7, 6, 2, 11, 10, 8, 4, 1, 5, 3, 9]	Brute force: [[6, 2, 8, 3, 7, 10, 4, 1, 5, 9, 11]], distance: 43
[4, 9, 5, 3, 2, 11, 1, 8, 7, 6, 10], [8, 2, 5, 1, 11, 7, 3, 9, 6, 4, 10], [5, 8, 1, 9, 10, 4, 11, 3, 7, 2, 6]	Brute force: [[5, 8, 1, 9, 4, 11, 3, 2, 7, 6, 10], [5, 8, 1, 9, 4, 3, 2, 11, 7, 6, 10], [5, 8, 1, 9, 4, 2, 11, 3, 7, 6, 10]], distance: 38
[8, 1, 3, 5, 2, 10, 11, 4, 9, 6, 7], [4, 10, 7, 11, 3, 6, 1, 9, 8, 2, 5], [4, 2, 8, 11, 3, 10, 6, 5, 9, 1, 7]	Brute force: [[4, 8, 3, 2, 10, 11, 6, 1, 5, 9, 7]], distance: 45
[6, 9, 11, 10, 5, 4, 2, 8, 1, 7, 3], [6, 11, 4, 3, 9, 1, 7, 10, 8, 5, 2], [10, 6, 3, 7, 2, 8, 1, 11, 9, 4, 5]	Brute force: [[6, 11, 9, 10, 4, 3, 7, 2, 8, 1, 5]], distance: 43
[9, 8, 2, 3, 1, 6, 7, 4, 5, 11, 10], [5, 1, 6, 4, 3, 8, 11, 9, 7, 10, 2], [3, 4, 8, 9, 11, 5, 1, 10, 7, 2, 6]	Brute force: [[3, 4, 8, 9, 5, 1, 6, 11, 7, 10, 2]], distance: 41
[7, 8, 2, 11, 5, 9, 1, 6, 3, 4, 10], [1, 9, 11, 2, 6, 3, 7, 8, 10, 5, 4], [9, 5, 10, 2, 1, 6, 3, 4, 7, 11, 8]	Brute force: [[9, 2, 11, 5, 1, 6, 3, 7, 8, 10, 4], [9, 2, 5, 1, 11, 6, 3, 7, 8, 10, 4], [9, 2, 1, 7, 11, 5, 6, 3, 8, 10, 4], [9, 2, 1, 11, 5, 6, 3, 7, 8, 10, 4], [9, 2, 1, 11, 6, 3, 7, 8, 5, 10, 4]], distance: 44
[3, 11, 10, 5, 1, 6, 8, 7, 9, 4, 2], [1, 11, 9, 5, 7, 8, 4, 10, 2, 6, 3], [7, 11, 10, 5, 4, 3, 8, 6, 2, 1, 9]	Brute force: [[11, 7, 10, 5, 3, 1, 8, 6, 9, 4, 2], [11, 10, 5, 7, 3, 1, 8, 6, 9, 4, 2], [11, 5, 7, 10, 3, 1, 8, 6, 9, 4, 2], [11, 10, 5, 3, 1, 7, 8, 6, 9, 4, 2], [11, 7, 10, 5, 3, 1, 8, 9, 4, 6, 2], [11, 7, 10, 5, 3, 1, 8, 4, 6, 9, 2], [11, 10, 5, 7, 3, 1, 8, 9, 4, 6, 2], [11, 5, 7, 10, 3, 1, 8, 9, 4, 6, 2], [11, 10, 5, 7, 3, 1, 8, 4, 6, 9, 2], [11, 5, 7, 10, 3, 1, 8, 4, 6, 9, 2], [11, 10, 5, 3, 1, 7, 8, 9, 4, 6, 2], [11, 10, 5, 3, 1, 7, 8, 4, 6, 9, 2], [11, 10, 5, 1, 7, 8, 4, 3, 6, 9, 2], [11, 10, 5, 1, 7, 4, 3, 8, 6, 9, 2], [11, 10, 5, 1, 7, 3, 8, 6, 9, 4, 2], [11, 10, 5, 1, 7, 3, 8, 9, 4, 6, 2], [11, 10, 5, 1, 7, 3, 8, 4, 6, 9, 2]], distance: 41
[5, 7, 11, 6, 9, 10, 8, 4, 2, 1, 3], [3, 4, 1, 6, 8, 10, 5, 7, 9, 2, 11], [5, 6, 3, 11, 4, 1, 10, 7, 9, 8, 2]	Brute force: [[5, 6, 3, 11, 4, 1, 10, 7, 9, 8, 2]], distance: 41
[1, 8, 3, 2, 10, 4, 6, 7, 9, 11, 5], [1, 11, 6, 2, 7, 8, 10, 3, 9, 5, 4], [9, 5, 4, 1, 8, 10, 6, 2, 7, 11, 3]	Brute force: [[1, 8, 2, 10, 4, 6, 7, 9, 11, 3, 5], [1, 8, 2, 10, 4, 6, 7, 11, 3, 9, 5], [1, 8, 2, 10, 4, 6, 7, 3, 9, 11, 5], [1, 8, 10, 6, 2, 7, 9, 11, 3, 5, 4], [1, 8, 6, 2, 10, 7, 9, 11, 3, 5, 4], [1, 8, 10, 6, 2, 7, 11, 3, 9, 5, 4], [1, 8, 10, 6, 2, 7, 3, 9, 11, 5, 4], [1, 8, 10, 6, 2, 7, 3, 9, 5, 4, 11], [1, 8, 6, 2, 10, 7, 11, 3, 9, 5, 4], [1, 8, 6, 2, 10, 7, 3, 9, 11, 5, 4], [1, 8, 6, 2, 10, 7, 3, 9, 5, 4, 11], [1, 8, 2, 10, 6, 7, 9, 11, 3, 5, 4], [1, 8, 2, 10, 6, 7, 11, 3, 9, 5, 4], [1, 8, 2, 10, 6, 7, 3, 9, 11, 5, 4], [1, 8, 2, 10, 6, 7, 3, 9, 5, 4, 11], [1, 8, 10, 6, 2, 7, 3, 9, 4, 11, 5], [1, 8, 6, 2, 10, 7, 3, 9, 4, 11, 5], [1, 8, 2, 10, 6, 7, 3, 9, 4, 11, 5]], distance: 48
[6, 2, 5, 8, 10, 11, 4, 1, 3, 7, 9], [1, 8, 7, 11, 3, 10, 9, 2, 4, 5, 6], [4, 2, 1, 10, 8, 7, 11, 3, 5, 6, 9]	Brute force: [[2, 1, 8, 10, 7, 11, 4, 3, 5, 6, 9], [2, 1, 8, 10, 11, 4, 7, 3, 5, 6, 9], [2, 1, 8, 10, 4, 7, 11, 3, 5, 6, 9]], distance: 44
[9, 1, 11, 5, 7, 8, 3, 6, 2, 10, 4], [6, 2, 8, 3, 1, 9, 4, 11, 10, 7, 5], [9, 10, 11, 7, 1, 3, 6, 5, 4, 2, 8]	Brute force: [[9, 1, 11, 7, 3, 6, 5, 2, 8, 10, 4]], distance: 46
[4, 2, 1, 7, 8, 11, 10, 3, 6, 5, 9], [9, 1, 4, 5, 3, 8, 6, 10, 11, 2, 7], [3, 4, 9, 1, 7, 11, 8, 10, 5, 6, 2]	Brute force: [[4, 3, 9, 1, 7, 8, 11, 10, 5, 6, 2], [4, 9, 1, 3, 7, 8, 11, 10, 5, 6, 2], [4, 1, 3, 9, 7, 8, 11, 10, 5, 6, 2]], distance: 41
[4, 11, 1, 7, 3, 8, 9, 2, 6, 5, 10], [8, 4, 3, 7, 1, 11, 6, 5, 9, 2, 10], [11, 7, 5, 6, 10, 3, 9, 4, 2, 1, 8]	Brute force: [[4, 11, 7, 3, 1, 8, 6, 5, 9, 2, 10]], distance: 38
[5, 11, 8, 3, 1, 10, 4, 7, 6, 2, 9], [2, 8, 11, 10, 7, 9, 6, 4, 5, 1, 3], [6, 11, 9, 3, 1, 8, 7, 4, 5, 10, 2]	Brute force: [[11, 8, 10, 7, 6, 9, 5, 3, 1, 4, 2], [11, 8, 7, 6, 9, 5, 3, 1, 10, 4, 2], [11, 8, 6, 9, 5, 3, 1, 10, 7, 4, 2]], distance: 53
[8, 3, 1, 6, 9, 7, 10, 5, 2, 4, 11], [1, 5, 11, 3, 8, 7, 2, 6, 9, 10, 4], [11, 7, 1, 9, 10, 4, 6, 5, 8, 3, 2]	Brute force: [[1, 11, 8, 3, 7, 6, 9, 10, 5, 2, 4]], distance: 43
[1, 4, 8, 5, 6, 7, 11, 10, 3, 9, 2], [6, 1, 11, 9, 2, 8, 7, 4, 5, 10, 3], [3, 1, 9, 8, 4, 6, 10, 11, 2, 5, 7]	Brute force: [[1, 9, 8, 4, 6, 11, 5, 7, 10, 3, 2], [1, 8, 4, 6, 11, 9, 5, 7, 10, 3, 2], [1, 9, 8, 4, 6, 11, 2, 5, 7, 10, 3], [1, 8, 4, 6, 11, 9, 2, 5, 7, 10, 3]], distance: 41
[3, 8, 1, 10, 7, 4, 2, 5, 11, 6, 9], [8, 10, 4, 1, 7, 9, 5, 3, 6, 2, 11], [5, 1, 2, 3, 6, 7, 10, 4, 9, 11, 8]	Brute force: [[3, 8, 1, 10, 7, 4, 5, 2, 6, 9, 11], [8, 1, 3, 10, 7, 4, 5, 2, 6, 9, 11], [1, 3, 8, 10, 7, 4, 5, 2, 6, 9, 11]], distance: 40
[10, 3, 4, 1, 6, 5, 2, 9, 7, 11, 8], [10, 6, 3, 1, 11, 7, 9, 5, 4, 2, 8], [8, 1, 3, 7, 2, 4, 11, 6, 10, 9, 5]	Brute force: [[10, 3, 1, 6, 7, 4, 2, 11, 9, 5, 8], [10, 3, 1, 7, 4, 6, 2, 11, 9, 5, 8], [10, 3, 1, 4, 6, 7, 2, 11, 9, 5, 8]], distance: 42
[8, 4, 1, 7, 10, 11, 5, 9, 6, 3, 2], [3, 6, 7, 9, 1, 8, 4, 5, 2, 10, 11], [2, 7, 3, 9, 4, 6, 10, 1, 11, 8, 5]	Brute force: [[7, 3, 9, 4, 6, 1, 8, 2, 10, 11, 5]], distance: 46
[5, 8, 11, 7, 1, 4, 3, 10, 6, 9, 2], [2, 7, 6, 4, 10, 11, 5, 9, 1, 8, 3], [9, 1, 5, 10, 2, 7, 4, 11, 6, 8, 3]	Brute force: [[5, 2, 7, 1, 4, 10, 11, 6, 9, 8, 3], [5, 7, 1, 4, 10, 2, 11, 6, 9, 8, 3], [5, 7, 1, 10, 2, 4, 11, 6, 9, 8, 3], [5, 7, 1, 2, 4, 10, 11, 6, 9, 8, 3], [5, 1, 2, 7, 4, 10, 11, 6, 9, 8, 3]], distance: 51
[10, 11, 3, 9, 2, 5, 1, 8, 4, 7, 6], [11, 1, 4, 9, 6, 3, 10, 7, 5, 2, 8], [4, 7, 8, 1, 10, 11, 9, 3, 6, 5, 2]	Brute force: [[11, 1, 4, 10, 9, 3, 7, 6, 5, 2, 8]], distance: 42
[7, 10, 1, 11, 5, 9, 6, 3, 2, 4, 8], [2, 3, 1, 9, 10, 5, 11, 8, 7, 4, 6], [7, 9, 2, 10, 1, 11, 6, 5, 4, 8, 3]	Brute force: [[7, 9, 2, 10, 1, 11, 5, 6, 3, 4, 8]], distance: 34
[7, 4, 9, 10, 2, 11, 8, 5, 1, 6, 3], [1, 10, 7, 5, 8, 4, 3, 6, 11, 2, 9], [10, 6, 7, 4, 2, 1, 11, 9, 3, 5, 8]	Brute force: [[10, 7, 4, 6, 2, 1, 11, 9, 5, 8, 3], [10, 7, 4, 2, 1, 6, 11, 9, 5, 8, 3], [10, 7, 4, 2, 1, 11, 9, 5, 8, 6, 3], [10, 7, 4, 1, 6, 2, 11, 9, 5, 8, 3]], distance: 40
[4, 7, 1, 2, 11, 5, 8, 6, 9, 10, 3], [4, 5, 3, 6, 1, 11, 7, 9, 8, 10, 2], [7, 3, 9, 1, 6, 10, 5, 8, 11, 2, 4]	Brute force: [[4, 7, 5, 3, 1, 6, 11, 9, 8, 10, 2], [4, 7, 3, 1, 5, 6, 11, 9, 8, 10, 2], [4, 7, 1, 5, 3, 6, 11, 9, 8, 10, 2]], distance: 45
[7, 8, 11, 6, 3, 1, 5, 2, 10, 9, 4], [9, 1, 6, 4, 10, 3, 11, 8, 2, 7, 5], [6, 9, 5, 1, 4, 10, 7, 2, 11, 3, 8]	Brute force: [[6, 9, 1, 4, 10, 7, 11, 3, 8, 5, 2]], distance: 48
[6, 11, 1, 4, 2, 5, 3, 9, 10, 7, 8], [9, 8, 2, 6, 3, 5, 7, 1, 4, 10, 11], [1, 10, 7, 5, 11, 9, 6, 4, 3, 8, 2]	Brute force: [[6, 1, 5, 11, 9, 4, 2, 3, 10, 7, 8]], distance: 56
[6, 2, 10, 1, 9, 5, 11, 3, 8, 7, 4], [10, 2, 8, 3, 6, 7, 9, 4, 1, 5, 11], [4, 6, 3, 7, 5, 2, 8, 11, 1, 10, 9]	Brute force: [[6, 2, 10, 3, 8, 7, 9, 4, 1, 5, 11], [6, 2, 10, 3, 8, 7, 4, 1, 9, 5, 11], [6, 2, 10, 3, 8, 7, 1, 9, 4, 5, 11]], distance: 45
[1, 6, 10, 2, 8, 4, 3, 7, 5, 11, 9], [4, 7, 6, 10, 9, 8, 3, 11, 5, 1, 2], [1, 5, 6, 3, 8, 10, 7, 9, 4, 2, 11]	Brute force: [[1, 6, 10, 8, 4, 3, 7, 5, 9, 2, 11]], distance: 40
[3, 9, 8, 1, 10, 2, 5, 6, 7, 11, 4], [1, 9, 4, 7, 10, 2, 11, 3, 8, 6, 5], [10, 5, 7, 3, 2, 6, 9, 11, 1, 4, 8]	Brute force: [[3, 9, 1, 10, 5, 7, 2, 6, 11, 4, 8], [3, 9, 1, 10, 7, 2, 8, 5, 6, 11, 4], [3, 9, 1, 10, 7, 2, 5, 6, 11, 4, 8], [3, 9, 1, 10, 2, 5, 7, 6, 11, 4, 8], [9, 1, 10, 7, 3, 2, 8, 5, 6, 11, 4], [9, 1, 10, 7, 3, 2, 5, 6, 11, 4, 8]], distance: 47
[5, 4, 3, 9, 7, 1, 6, 2, 8, 11, 10], [3, 7, 4, 8, 11, 2, 1, 10, 6, 9, 5], [6, 3, 11, 10, 9, 7, 4, 8, 1, 5, 2]	Brute force: [[3, 7, 4, 6, 11, 9, 8, 1, 10, 5, 2], [3, 7, 4, 6, 9, 8, 11, 1, 10, 5, 2], [3, 7, 4, 6, 11, 9, 8, 1, 5, 2, 10], [3, 7, 4, 6, 9, 8, 11, 1, 5, 2, 10], [3, 7, 4, 6, 8, 11, 10, 9, 1, 5, 2], [3, 7, 4, 6, 8, 11, 9, 1, 10, 5, 2], [3, 7, 4, 6, 8, 11, 9, 1, 5, 2, 10], [3, 7, 4, 6, 8, 11, 1, 10, 9, 5, 2], [3, 7, 4, 6, 11, 9, 8, 1, 2, 10, 5], [3, 7, 4, 6, 9, 8, 11, 1, 2, 10, 5], [3, 7, 4, 6, 8, 11, 9, 1, 2, 10, 5]], distance: 46
[5, 7, 1, 8, 4, 11, 10, 9, 3, 2, 6], [4, 3, 1, 11, 5, 7, 2, 8, 10, 9, 6], [3, 7, 1, 10, 4, 8, 11, 5, 2, 9, 6]	Brute force: [[3, 7, 1, 4, 8, 11, 5, 10, 2, 9, 6], [3, 7, 1, 4, 11, 5, 8, 10, 2, 9, 6], [3, 7, 1, 4, 5, 8, 11, 10, 2, 9, 6]], distance: 29
[3, 4, 10, 11, 8, 7, 1, 2, 5, 6, 9], [11, 1, 7, 5, 2, 3, 4, 6, 9, 8, 10], [4, 3, 1, 9, 5, 7, 6, 8, 10, 2, 11]	Brute force: [[3, 4, 11, 1, 7, 5, 6, 9, 8, 10, 2], [3, 4, 11, 1, 7, 5, 2, 6, 9, 8, 10]], distance: 43
[3, 8, 1, 10, 11, 2, 7, 5, 9, 6, 4], [7, 5, 11, 6, 1, 8, 10, 4, 2, 3, 9], [6, 7, 3, 9, 4, 8, 1, 2, 11, 10, 5]	Brute force: [[7, 6, 3, 8, 1, 11, 10, 2, 5, 9, 4]], distance: 49
[4, 7, 1, 9, 10, 3, 6, 2, 5, 11, 8], [6, 11, 7, 2, 4, 8, 5, 9, 3, 1, 10], [11, 1, 3, 9, 6, 8, 4, 2, 10, 5, 7]	Brute force: [[6, 11, 4, 7, 1, 9, 3, 2, 8, 10, 5], [11, 4, 7, 1, 9, 3, 6, 2, 8, 10, 5]], distance: 49
[11, 7, 6, 9, 1, 8, 10, 2, 3, 4, 5], [4, 8, 5, 11, 9, 6, 1, 2, 10, 3, 7], [5, 7, 11, 1, 9, 10, 8, 2, 3, 6, 4]	Brute force: [[5, 11, 7, 9, 8, 6, 1, 10, 2, 3, 4], [5, 11, 7, 9, 6, 1, 8, 10, 2, 3, 4], [5, 11, 7, 9, 1, 8, 6, 10, 2, 3, 4]], distance: 42
[1, 11, 7, 6, 9, 3, 5, 8, 2, 4, 10], [10, 5, 3, 9, 11, 7, 4, 2, 8, 1, 6], [2, 7, 1, 11, 3, 6, 8, 10, 5, 4, 9]	Brute force: [[11, 7, 3, 2, 1, 6, 10, 5, 9, 8, 4], [11, 7, 2, 1, 3, 6, 10, 5, 9, 8, 4], [11, 7, 1, 3, 6, 10, 5, 9, 2, 8, 4], [7, 1, 11, 3, 6, 10, 5, 9, 2, 8, 4], [11, 7, 1, 3, 6, 5, 9, 2, 8, 10, 4], [7, 1, 11, 3, 6, 5, 9, 2, 8, 10, 4], [1, 11, 7, 3, 6, 10, 5, 9, 2, 8, 4], [1, 11, 7, 3, 6, 5, 9, 2, 8, 10, 4], [11, 7, 1, 3, 2, 6, 10, 5, 9, 8, 4], [7, 1, 11, 3, 2, 6, 10, 5, 9, 8, 4], [1, 11, 7, 3, 2, 6, 10, 5, 9, 8, 4]], distance: 50
[4, 3, 6, 10, 2, 7, 1, 8, 5, 9, 11], [10, 7, 4, 6, 9, 5, 3, 11, 2, 1, 8], [5, 1, 8, 10, 3, 11, 9, 4, 7, 2, 6]	Brute force: [[10, 4, 3, 7, 6, 5, 2, 1, 8, 9, 11], [10, 4, 3, 7, 6, 5, 1, 8, 9, 11, 2]], distance: 48
[7, 8, 2, 1, 9, 5, 11, 4, 3, 6, 10], [1, 5, 4, 7, 10, 6, 11, 9, 3, 8, 2], [2, 8, 7, 10, 4, 5, 6, 1, 9, 11, 3]	Brute force: [[7, 8, 2, 1, 5, 4, 10, 6, 9, 11, 3]], distance: 40
[10, 5, 3, 4, 9, 1, 2, 8, 7, 6, 11], [4, 1, 8, 10, 2, 5, 6, 3, 7, 11, 9], [4, 8, 3, 11, 1, 9, 6, 5, 10, 7, 2]	Brute force: [[4, 1, 8, 10, 5, 3, 9, 2, 6, 7, 11]], distance: 38
[2, 6, 8, 1, 5, 11, 9, 10, 4, 3, 7], [1, 8, 6, 7, 9, 11, 5, 3, 4, 2, 10], [6, 8, 1, 7, 5, 10, 4, 3, 9, 11, 2]	Brute force: [[6, 8, 1, 7, 5, 9, 11, 10, 4, 3, 2]], distance: 32
[8, 3, 5, 6, 4, 11, 10, 2, 1, 7, 9], [7, 9, 11, 2, 4, 3, 6, 1, 5, 10, 8], [4, 2, 10, 7, 1, 3, 9, 8, 6, 5, 11]	Brute force: [[4, 2, 7, 3, 9, 8, 6, 5, 11, 10, 1], [4, 2, 7, 3, 6, 10, 1, 9, 8, 5, 11], [4, 2, 10, 7, 3, 1, 9, 8, 6, 5, 11], [4, 2, 7, 3, 10, 1, 9, 8, 6, 5, 11], [4, 2, 7, 3, 1, 9, 8, 6, 5, 11, 10], [4, 2, 3, 10, 7, 1, 9, 8, 6, 5, 11]], distance: 56
[3, 11, 5, 8, 7, 2, 4, 1, 6, 10, 9], [5, 1, 6, 4, 11, 10, 2, 7, 3, 8, 9], [9, 2, 5, 4, 1, 10, 6, 3, 11, 8, 7]	Brute force: [[5, 2, 4, 1, 6, 11, 10, 3, 8, 7, 9], [5, 2, 4, 1, 6, 10, 3, 11, 8, 7, 9], [5, 2, 4, 1, 6, 3, 11, 10, 8, 7, 9]], distance: 45
[8, 2, 10, 9, 5, 4, 11, 1, 6, 3, 7], [3, 9, 11, 2, 10, 5, 1, 8, 7, 4, 6], [9, 3, 6, 2, 1, 5, 8, 7, 11, 10, 4]	Brute force: [[9, 3, 2, 5, 8, 11, 10, 1, 6, 7, 4], [9, 3, 2, 5, 8, 11, 10, 1, 7, 4, 6], [9, 3, 2, 5, 8, 11, 10, 1, 4, 6, 7]], distance: 40
[6, 8, 10, 4, 7, 2, 9, 3, 11, 1, 5], [1, 11, 7, 9, 3, 2, 10, 4, 5, 6, 8], [10, 3, 11, 1, 7, 8, 4, 6, 9, 2, 5]	Brute force: [[10, 3, 11, 1, 7, 6, 8, 4, 9, 2, 5], [10, 3, 11, 1, 7, 8, 4, 6, 9, 2, 5], [10, 3, 11, 1, 7, 4, 6, 8, 9, 2, 5]], distance: 47
[6, 1, 3, 11, 10, 7, 2, 4, 5, 9, 8], [11, 1, 4, 9, 2, 3, 6, 5, 10, 8, 7], [1, 7, 2, 8, 3, 9, 11, 5, 6, 10, 4]	Brute force: [[1, 3, 11, 7, 2, 9, 6, 5, 10, 4, 8], [1, 3, 11, 6, 7, 2, 4, 9, 5, 10, 8], [1, 3, 11, 7, 2, 9, 6, 10, 4, 5, 8], [1, 3, 11, 7, 2, 9, 6, 4, 5, 10, 8], [1, 3, 11, 7, 2, 6, 4, 9, 5, 10, 8], [1, 3, 11, 2, 9, 6, 10, 7, 4, 5, 8], [1, 3, 11, 2, 6, 10, 7, 4, 9, 5, 8], [1, 3, 11, 2, 6, 7, 4, 9, 5, 10, 8], [1, 3, 11, 7, 2, 4, 9, 6, 5, 10, 8], [1, 11, 2, 3, 9, 6, 10, 7, 4, 5, 8], [1, 2, 3, 11, 9, 6, 10, 7, 4, 5, 8], [1, 11, 2, 3, 6, 10, 7, 4, 9, 5, 8], [1, 2, 3, 11, 6, 10, 7, 4, 9, 5, 8], [1, 11, 2, 3, 6, 7, 4, 9, 5, 10, 8], [1, 2, 3, 11, 6, 7, 4, 9, 5, 10, 8]], distance: 44
[5, 8, 4, 3, 10, 11, 9, 1, 7, 6, 2], [2, 1, 5, 3, 4, 8, 11, 9, 6, 7, 10], [5, 10, 1, 6, 9, 7, 8, 4, 2, 3, 11]	Brute force: [[5, 1, 8, 4, 3, 10, 11, 9, 6, 7, 2]], distance: 44
[1, 6, 2, 10, 11, 8, 9, 3, 5, 4, 7], [11, 10, 4, 3, 6, 7, 1, 8, 9, 5, 2], [7, 1, 3, 6, 11, 9, 10, 4, 5, 2, 8]	Brute force: [[1, 6, 11, 10, 3, 4, 7, 8, 9, 5, 2]], distance: 42
[6, 8, 3, 9, 1, 4, 10, 2, 5, 11, 7], [3, 6, 5, 11, 8, 9, 7, 4, 1, 2, 10], [1, 3, 9, 6, 4, 5, 10, 7, 2, 8, 11]	Brute force: [[3, 6, 8, 9, 1, 4, 5, 10, 11, 7, 2], [3, 6, 8, 9, 1, 4, 5, 10, 7, 2, 11], [3, 6, 8, 9, 1, 4, 5, 10, 2, 11, 7]], distance: 33
[3, 9, 8, 10, 5, 1, 6, 11, 7, 4, 2], [6, 1, 9, 7, 8, 11, 3, 5, 2, 4, 10], [10, 4, 8, 3, 6, 1, 11, 7, 9, 2, 5]	Brute force: [[8, 3, 10, 6, 1, 9, 11, 7, 5, 4, 2]], distance: 42
[6, 4, 2, 9, 1, 11, 8, 7, 3, 5, 10], [1, 10, 3, 6, 8, 5, 4, 2, 9, 7, 11], [9, 6, 8, 10, 11, 2, 7, 3, 1, 5, 4]	Brute force: [[6, 9, 1, 8, 10, 4, 2, 11, 7, 3, 5]], distance: 47
[1, 5, 10, 6, 7, 8, 3, 2, 11, 4, 9], [11, 1, 2, 5, 3, 10, 8, 6, 7, 9, 4], [1, 7, 6, 9, 3, 8, 11, 5, 2, 10, 4]	Brute force: [[1, 5, 10, 6, 7, 3, 8, 11, 2, 9, 4], [1, 5, 6, 7, 3, 8, 11, 2, 10, 9, 4]], distance: 39
[10, 4, 7, 1, 11, 5, 9, 8, 6, 2, 3], [1, 5, 4, 6, 2, 9, 3, 11, 10, 8, 7], [8, 9, 1, 7, 10, 2, 4, 3, 6, 11, 5]	Brute force: [[1, 10, 4, 5, 9, 8, 7, 6, 2, 3, 11]], distance: 49
[5, 6, 4, 3, 1, 9, 10, 2, 8, 7, 11], [5, 11, 1, 8, 10, 2, 7, 6, 9, 3, 4], [9, 4, 8, 6, 3, 1, 10, 5, 11, 7, 2]	Brute force: [[5, 6, 9, 4, 8, 3, 1, 10, 11, 2, 7], [5, 6, 9, 4, 3, 1, 8, 10, 11, 2, 7], [5, 6, 9, 4, 1, 8, 3, 10, 11, 2, 7], [5, 6, 4, 1, 9, 8, 3, 10, 11, 2, 7], [5, 6, 1, 9, 4, 8, 3, 10, 11, 2, 7]], distance: 48
[2, 9, 7, 8, 4, 5, 6, 1, 11, 10, 3], [7, 6, 3, 10, 1, 4, 5, 8, 2, 9, 11], [6, 3, 1, 4, 8, 11, 7, 10, 5, 2, 9]	Brute force: [[7, 6, 3, 1, 4, 8, 10, 5, 2, 9, 11]], distance: 45
[11, 8, 1, 2, 6, 3, 4, 7, 9, 5, 10], [6, 4, 10, 11, 7, 2, 8, 3, 5, 1, 9], [9, 7, 3, 1, 11, 4, 5, 10, 6, 2, 8]	Brute force: [[11, 6, 4, 7, 2, 8, 3, 1, 9, 5, 10], [11, 1, 6, 4, 7, 2, 8, 3, 9, 5, 10]], distance: 54
[5, 10, 2, 8, 3, 4, 6, 11, 9, 1, 7], [5, 10, 1, 6, 3, 8, 4, 2, 11, 9, 7], [10, 4, 11, 9, 8, 5, 2, 1, 7, 3, 6]	Brute force: [[5, 10, 8, 3, 4, 2, 6, 11, 9, 1, 7], [5, 10, 8, 4, 2, 3, 6, 11, 9, 1, 7], [5, 10, 8, 2, 3, 4, 6, 11, 9, 1, 7], [5, 10, 8, 4, 2, 1, 3, 6, 11, 9, 7]], distance: 35
[10, 4, 11, 7, 8, 1, 9, 2, 3, 5, 6], [5, 2, 1, 11, 9, 3, 6, 7, 10, 8, 4], [9, 11, 5, 2, 10, 1, 8, 6, 7, 3, 4]	Brute force: [[11, 9, 5, 2, 10, 1, 7, 8, 3, 6, 4]], distance: 44
[2, 11, 7, 6, 1, 3, 9, 10, 5, 8, 4], [5, 3, 8, 9, 4, 1, 10, 11, 2, 6, 7], [5, 2, 8, 11, 1, 6, 10, 3, 4, 7, 9]	Brute force: [[5, 2, 8, 11, 1, 6, 3, 9, 10, 4, 7]], distance: 47
[8, 1, 9, 6, 3, 5, 2, 4, 7, 10, 11], [8, 2, 9, 4, 7, 6, 3, 1, 5, 11, 10], [3, 7, 2, 1, 10, 9, 4, 11, 8, 5, 6]	Brute force: [[8, 3, 2, 1, 9, 4, 7, 6, 5, 10, 11]], distance: 40
[1, 3, 2, 8, 10, 4, 7, 5, 11, 9, 6], [8, 1, 9, 10, 5, 11, 2, 4, 7, 3, 6], [2, 8, 3, 6, 11, 1, 5, 4, 9, 10, 7]	Brute force: [[2, 8, 1, 3, 10, 5, 11, 4, 9, 7, 6], [8, 1, 2, 3, 10, 5, 11, 4, 9, 7, 6], [1, 2, 8, 3, 10, 5, 11, 4, 9, 7, 6]], distance: 39
[2, 8, 4, 1, 3, 10, 7, 5, 11, 9, 6], [1, 5, 6, 3, 11, 2, 10, 4, 7, 9, 8], [5, 3, 6, 8, 11, 10, 1, 4, 9, 2, 7]	Brute force: [[1, 5, 3, 6, 8, 11, 2, 10, 4, 7, 9], [1, 5, 3, 6, 11, 2, 8, 10, 4, 7, 9], [1, 5, 3, 6, 2, 8, 11, 10, 4, 7, 9]], distance: 42
[4, 3, 8, 6, 10, 9, 7, 1, 2, 5, 11], [8, 2, 1, 11, 10, 6, 5, 7, 4, 9, 3], [3, 1, 4, 9, 11, 6, 7, 2, 8, 5, 10]	Brute force: [[4, 3, 8, 1, 11, 6, 10, 9, 7, 2, 5], [4, 3, 8, 1, 6, 9, 2, 11, 10, 7, 5]], distance: 51
[5, 9, 10, 6, 11, 1, 7, 4, 8, 3, 2], [2, 10, 9, 6, 11, 5, 3, 4, 8, 1, 7], [1, 10, 9, 8, 3, 5, 6, 2, 7, 4, 11]	Brute force: [[10, 9, 5, 6, 11, 1, 8, 3, 2, 7, 4]], distance: 39
[1, 7, 11, 8, 3, 2, 5, 6, 4, 9, 10], [5, 1, 2, 3, 11, 4, 10, 7, 6, 8, 9], [6, 10, 7, 9, 5, 8, 1, 3, 2, 11, 4]	Brute force: [[7, 5, 1, 8, 3, 2, 11, 6, 4, 10, 9], [7, 5, 1, 3, 2, 11, 6, 10, 8, 4, 9], [7, 5, 1, 3, 2, 11, 6, 8, 4, 10, 9], [7, 5, 1, 3, 2, 11, 6, 4, 10, 8, 9], [5, 1, 7, 8, 3, 2, 11, 6, 4, 10, 9], [5, 1, 7, 3, 2, 11, 6, 10, 8, 4, 9], [5, 1, 7, 3, 2, 11, 6, 8, 4, 10, 9], [5, 1, 7, 3, 2, 11, 6, 4, 10, 8, 9], [1, 7, 5, 8, 3, 2, 11, 6, 4, 10, 9], [1, 7, 5, 3, 2, 11, 6, 10, 8, 4, 9], [1, 7, 5, 3, 2, 11, 6, 8, 4, 10, 9], [1, 7, 5, 3, 2, 11, 6, 4, 10, 8, 9]], distance: 49

Maximun medians for 1 permutations is: 18
Average number of medians: 2.0
Count: 1 = 50, 2 = 7, 3 = 21, 4 = 5, 5 = 6,
6 = 3, 7 = 0, 8 = 1, 9 = 1, 10 = 0
11 = 2, 12 = 1, 13 = 0, 14 = 0, 15 = 1
16 = 0, 17 = 1, 18 = 1, 19 = 0, 20 = 0, >20 = 0